"V1","V2","V3","V4","V5","V6","V7","V8","V9","V10","V11","V12","V13","V14","V15","V16","V17","V18","V19","V20","V21","V22","V23","V24","V25","V26","V27","V28","V29","V30","V31","V32","V33","V34","V35","V36","V37","V38","V39","V40","V41","V42","V43","V44","V45","V46","V47","V48","V49","V50","V51","V52","V53","V54","V55","V56","V57","V58","V59","V60","V61","V62","V63","V64","V65","V66","V67","V68","V69","V70","V71","V72","V73","V74","V75","V76","V77","V78","V79","V80","V81","V82","V83","V84","V85","V86","V87","V88","V89","V90","V91","V92","V93","V94","V95","V96","V97","V98","V99","V100","V101","V102","V103","V104","V105","V106","V107","V108","V109","V110","V111","V112","V113","V114","V115","V116","V117","V118","V119","V120","V121","V122","V123","V124","V125","V126","V127","V128","V129","V130","V131","V132","V133","V134","V135","V136","V137","V138","V139","V140","V141","V142","V143","V144","V145","V146","V147","V148","V149","V150","V151","V152","V153","V154","V155","V156","V157","V158","V159","V160","V161","V162","V163","V164","V165","V166","V167","V168","V169","V170","V171","V172","V173","V174","V175","V176","V177","V178","V179","V180","V181","V182","V183","V184","V185","V186","V187","V188","V189","V190","V191","V192","V193","V194","V195","V196","V197","V198","V199","V200"
0,0,0.15145754994852,0,0,0,0,0,0,0,-0.879892734731954,0,0,0,0,-1.14480877523226,0,-3.24615190363306,-3.12744964351338,1.12399233268525,-0.824720111243248,0.939576584411247,0,0,0,0,1.53636047249827,0,0,0,0,1.34109516560183,0.0904755313985932,0,0,0,0,-1.79957519024772,0,0,0,0,0,0,-0.573348938596479,5.80632593732487,0,0,0.426420907532263,0,0,4.4577910903588,0.166671590246925,1.06254992881952,-0.237466749006863,0.0546186098302548,0,-2.36290690209488,0,0,-0.844420955318232,0,0,0,0,0.152593753538738,-3.33361668772104,0,0,0,2.87711481180763,0.034681913453853,1.31557192965254,0,0,0,0,0,0,0,0,3.1190911697111,0,0,-0.870841446001495,-0.81147026417721,0,0,1.22912690722893,0,0,-3.2312479587639,0,-2.00947203063759,0,0,0.0513160256491847,0,0,0,0,-0.0150114263039023,0,0,0.141193725674353,0,0,0,0,0.475184463970124,-0.396695011958366,0,0,0,0,0,0.56365858047324,0,0,0,0,3.05250687164458,0,0,0,0,-1.76371196985007,0.0924697664112859,0,8.39770202505066,0.811716586175805,0,0,0,0,-1.15999463059974,-0.487729926860803,0,0,-0.507844217438129,0,2.84161031810723,0,-1.61735575238501,-5.23392611994889,-0.123003770622751,0,0,0,-2.1154325179167,0,0,-1.38820831399638,0,0,0,0,0,0,-1.43501399570026,0,0,0,0,0.196771905287378,4.34912322863968,0,0,0,0,1.16144098894738,0.304497735257796,0,0,0,0.0894615056122523,-7.70084809863599,0,-0.946042850544529,0.713826199277013,0,0.673930148118414,0.406941856415281,-7.73404039345349,1.93357725036361,1.64468695711986,0,0,0,-2.49304971650358,0,0,0,0,-3.81558463705389,-1.22055444719102,0,-2.72205313573573,0,0
0,0,0,0,0,0,0.702629712358852,0,0,0,0,0,0,0,0,0,0.380910919952507,0,0,0,-0.983843042060456,0,0,0,0,0,1.57585738379324,0,0,0,0,0.56900823899282,0.116789115982412,0,0,0,0,0,0,0,0,0.081051210452797,0,0,0,3.9025444186237,0,0,0,0,0,0.712379326999716,0,0,0,0,0,-1.41063150560455,0,0,0,0,0,0,0,0,0,0,0,0,1.08665515808593,0,0,0,-0.443178953205868,0,0,0,0,0,0,0.38537907782131,0.114834741509383,0,0,0,0,0,0,0,0,-1.3115485144619,0,0,0,0,0.223110148186394,0,0,0,2.15373079037105,0,0,0,0,0,0,0,0,1.12276461831215,0,0,0,0,0,-2.38857903790663,0,0,0,0,0,0.126552291361137,0,0,0,0,0,0,0,4.12294434357625,1.10356664685883,-2.2051837406153,0,0,0,0,0.518784345152974,0,0,0,1.08310356672945,1.10935960279078,0,0,0,0,0,0,0,-2.6125484189415,0,-0.213690535581511,0,0,0,0,0,0,0,0,0,-0.213267968002878,0,-1.26178346713893,0,0,0,0,0,0,1.24414759013746,0,0,0,0,0,-1.7510232039629,2.53731933458882,1.51307108994066,0,0,0,0,-4.4413522013217,0,0.445882957393674,0,0,0,-0.14381444113125,-0.308593095379508,0,0,0,0,0,0,-0.475606384796019,0,0
0,0,0,0,0,0,0.382196164442938,0,0,0,0,0,0,0,0,0,0.516028782234689,0,0,0,-0.655047018820228,0,0,0,0,0,1.12336235478971,0,0,0,0,0.87256153099204,0.144269488180737,0,0,0,0,0,0,0,0,0,0,0,0,2.47137225762903,0,0,0,0,0,0.505697555492762,0,0,0,0,0,-0.36028773938626,0,0,0,0,0,0,0,0,0,0,0,0,0.448076949693012,0,0,0,-0.762769010679784,0,0,0,0.141142280061866,0,-0.0966086654578544,0,0.363453047822992,0,0,0,0,0,0,0,0,-0.958960874679483,0,0,0,0,0,0,0,0,2.34971164489854,0,0,0,0,0,0,0,0,1.20616878073796,0,0,0,0,0,-2.19200756647315,0,0,0,0,0,0,0,0,0,0,0,0,0,4.07967930568512,1.01437535726573,-1.98976496962533,0,0,0,0,0.678340324987483,0,0,0,1.4460153366204,0.368904358518364,0,0,0,0,0,0,0,-2.37568283192222,0,0,0,0,0,0,0,0,0,0,0,-0.528495423968885,0,-1.36905422601212,0,0,0,0,0,0,1.05179751254445,0,0,-1.2498459427709,0,0,-2.09188654484377,2.45544657558444,1.95618486445755,0,0.435259204693554,0,0,-3.76719912736816,0,0.684620651382083,0,-0.659195382100211,0,-1.17745761736816,-0.352524424841456,0,0,0,0,0,-0.595662780650489,-1.04619327831376,0,0
0,0,0,0,0,0,0,-0.0141010833725956,0,0.53827039039609,0,0,0,0,0,0,0.753668534107788,-0.220264532983307,0.576433434066026,0.189651877725548,0,0,0,0,-0.821369888013801,0,0,0,0,0,0,1.25915654297448,1.70852878003774,0,0,0,0,-0.227220036165054,0,0,0.422376491149105,0,0.0145163523000298,0,0,1.32994679155367,-3.29090320437112,-0.387108568002512,0,0,0,0,0,-2.11353890264225,0,0,0,0,0,-2.31702231402269,0.206840476607459,-0.494006476510527,0,0,0,0,0,-1.00649079690522,0,0,0.092994020817559,0,-1.19041436423363,0,-0.668681857114673,-1.63355928756102,0,0,0.24071958369852,0,0,0,0.334426263812024,-1.22786200997837,-1.28879807700114,0,0,2.39068730627948,0.934019184292624,0,0,0,0.173070524473111,0,0,0,0,0,-0.629055593555367,0,2.38748323666578,0,0,0.056357178498442,0,-2.26719473574902,0,0.534961649446496,0,0,0,0,0,0,0,-0.644022790956069,0,0,0,0,0,0,0,0,0,0,0,0,0,0.145693254765558,0,-2.18473251527311,0,0,-0.355809064007131,0,0,2.23645021989642,0,0.571106764237675,2.98546403751467,2.34115590596583,0,-1.95923227216653,0,0,0,0.992757214417277,0,-0.728207658815691,0,-0.153450444462985,0,0,-0.0338400884799481,0,0,0,0,-0.136165637692342,0,0,0,0,0,0,0,0,0,0,1.23289728608139,0,0,-1.53408959616406,0,0,0,3.06931396443832,0.54981914184795,-1.65342196118178,0.374002419287081,0,0.0640217978866084,-4.41254213414584,0,0,0,2.47654211835302,0,-1.23578132960616,-2.09181360417466,0,0,0,0,-0.0426620490971306,-0.494007063591353,-0.246291632114058,0,-0.470295047778312
0,0,0,0,0,-0.485434835554166,0,0,0,0,0,0,0,0,0,0,0,0,0,0,0,0,0,0,0.989600701729777,0,-0.0675661691491223,0,0,0.465543023522702,0,0.127864027511152,0,0,0,0,0,0.0300299499090184,0,0,0,0,0,0,0,0,0,0,0,0,0,0,0,0,0,0,0,-1.01428436544484,0,0,0,0,0,0,0,-0.254528220683786,0,0,0,0,0,0,0,0,0,0,-7.64601967335589,0.092703404619507,0,0,-0.675286046110914,0,0,0,0,0,0,0,0,0,0,0,0,0,0,0,0,0,0,0,-0.805873992616267,0.10635988780398,0,-0.0562533553279261,0,0.23066365484137,0,0,0,0,0,0.31639251918025,0,0,0,0,0,0,0,0,0,0,0,0,0,0,0,0,0,0,0,0,0,0,0,0,0,0,0,0,0,0,0,0,0,0,0,0,0,0,0,0,0,0,0,0,0,0,0,0,0,0,0,0,0,0,0,0,0,0,0,0,0,0,0,0.566269240187797,0,-0.605612406058256,-0.119600836231506,0,0,0,0,0,0,0,0,0,0,0,0,0,0,0,0,0,0.0986329880016987,0,0,0
0,0,0,0,0,0,0,0,0,0,-0.420805483423079,0,0,0,0,0,0,0,0,0,0,0,0,0,0,0,0,0,0,0,0,0,0,0,0,0,0,0,0,0,-0.595208628241319,0,0,0,0,0,0,0,0,0,0,-3.51920920613015,0,0,0,0,0,0,0,0,0,0,0,0,0,0,0,0,0,0,0,0,0,0,0,0,0,0,0.0543871141797256,0,0,0,0,0,0,0,0,0.211300966000568,0,0,0,0,0,0,0,0,0,0,0.762241921591336,0,0,0,0,0,0,0,0,0,0,0,0,0,0,0,0,0,0.858986036671346,0.312776213574276,0,0,0,0,0,0,0,0,0.191819346203995,0,0,0,0,0,0,0,0.599651369295028,0,-0.228457712733458,0,0,0,0.0289550770049041,0,0,0,0,0,0,0,0,0,0,0,0,0,0,0,0,0,0,0,0,0,0,0,0,0,0,0,0,0,0,0,0,0,0,0,0,0,0,0,0,0,0,-0.28814401244348,0,0,-0.503608996441588,0,0,0,0,0,0,0,0,0,0,0,0,0
0,0,0.149272467689891,0,0,0,0,0,0,0,0,0,0,0,0,0,0,0,0,0,0,0,0,0,0,0,0,0,0,0,0,0.443581502757631,0,0,0,0,0.041605316764723,0,0,0,0,0,0,0,0,0,0,0,0,0,0,0,0,0,0,0,0,0.0287642701374131,0,0,0,0,0,0,0,0,0,0,0,0,0,0,0,0,0,-0.238176018118737,0,0,0,0,0,0,0,0,0,0,0,0,0,0,0,0,0,0,0,0,0,0,0,0,0,0.302924373135045,0,0,0,0,0,0,0,0,0,0,0,0,0,0,0,0,0,0,0,0,0,0,0,0,-0.173764222413992,0,0,0,0,0.790053457289935,0,0,0,-0.414144276301863,0,0,0,0,0,0,0,0,0,0,0,0,0,0,0,0,0,0,0,0,0,0,0,0,0,0,0,0,0,0,0,0,0,0,0,0,0,0,0,0,0.193656610601616,0.552049180436753,0,0,0,0,0,0,0,0,0,-0.601230368120235,0,-0.0641423588319152,0,0,0,0,0,0,0,0,0,0
0,0,0,0,0,0,0.7342135200835,0,0,0,0,0,0,0,0,0,0,0,0,0.190622958025526,0,0,0,0,0,0,0,0,0,0,0,0.375887344622293,0,0,0,0,0,0,0,0,0,0,0,0,0,0,0,0,0,0,0,0,0,0,0,0,0,0.710217559247033,0,0,0,0,0,-0.505399440754388,-0.479412919750706,0,0,0,0,0,0,0,0,0,0,0,0,0,0,0,0,0,0,0,0,0,0,-0.700639328773165,0,0,0,0,0,0,0,0,0,0,0,0,0,0,0,0,0,-0.912714943443945,0,0,0,0,0,0,0,0,0,0,0,0,0,0,0,0,0,0,0,0,0,0,0,0.0770045144461964,0,0,0,0,0,0,0,0,0,0.107014875243575,0,0,0,-1.90972234434659,0,0,0,0,0,0,0,0,0,0,0,0,0,0,0,0,-1.71572629040315,0,0,0,0,0,0,0,0,0,0,0,0,0,0,0,0,0,0,0,0,0,0,0,0,0,0,0,0,0,0,0,0,0,-0.142977763889636,0,0,0,0,0
0,0,0,0,0,0,0,0,0,0,0.0812652140954269,0,0,0,0,0,-0.70070500200933,0,-0.985955299078667,0,-0.230943430340537,0,0,0,-0.711306343207014,0,0,-0.0409879276080289,0,0,0,0.0535855376291257,0,0,0,0,0,0,0,0.546704970043324,0,0,0,0,0,0.433719111569643,0,0,0,0,0,0,0,0,0,0,0,0,0,0,0,0,0,0,0,0.00315012411090376,0,0,0.327838467454969,0,0,0,0,0,0,-0.223428418115734,0,0,2.30812182250328,0.240406701724156,0,0,-0.605609631010174,0,0,0,0,0,0,0,0,0,0,0,0,0,0,0.520256438430805,0,0,1.11232651463135,0,0,0,0,0,0,0,0,-0.265656668991264,0,0,0,0,0,-0.780068047191675,0,-0.60647256725309,0,0,-1.27997565464932,0,0,0,0,0,0,0,0,0,0,0,0,0,0,0,0,0,0,1.31065778991209,0.536543297657342,0,0,-0.573169897459048,0,0,0,0.0590941943746188,0,0,0,0,0,0.508412552265508,0,0,0,0,0,0,0,-0.344740385474969,0.0877982744510608,0,0,0,0,-0.0457063661466279,0,0,0,0,0,0,0,0,0,0,0,0,0,0,0,0,0,0,0,-0.697877248496821,0,0,0.049727239469344,0,0,0,0,0,0,0,0,0
0,0,0,0,0,0,0,0,0,0,0,0,0,0,0,0,0,0,0,0,0,0,0,0,0,0,-0.659307449660057,0,-1.3021598545553,0,0,0.278120003563309,0,0,0,0,0,0,0,0,0,0,0,0,0,0.242314211903022,0.180507093980748,0,0,0,0,0,-0.730099020436289,0,0,0,0,0,0,0,0,0,0,0,0,0,-0.314682393590976,0,0,0,0,0,0,0,0,0,0,0,0,0.0225678160723273,0,0,0,0,0,0,-0.239911294947384,0,0,0.34148873835392,0,-0.569333221057571,0,0,0,0,0,0,0,0,0,0,0,0,0,0,0,0,0,0,0,0,0,0,0,-0.244286767422174,0,0,0,0,0,0.0124036840865407,0,0,0,0,0,0,0,0,0,0.46269890415298,0,0,0,0,0,0,0,0,0.401714635378502,0,0,-0.567048268110591,0,0,0,0,0,0,0,0,0,0,0,0,0,0,-0.0145817969062216,0,0,-0.120648107834142,0,0,0,0,0,0,0.502245382197536,0,0,0,0,0,0,0,0,-0.602390466451074,0,0,0,0.0165179410975174,0,-0.233949437462142,0,0,0,0,0,0,0,0,0,0,0,0,0,0,-1.32127587738142,0
0,0.928744365900637,0,0,0,0,0.143153958682954,0,0,0,0.683736961592803,0,0,0,0,0,0,0,-0.203654289996194,0,0,0.578730449228173,0,0,0,-1.34685876519037,0,0,0,0,-0.280590673191425,0,0,-1.71057254746751,0,1.13434701855358,0,-0.87008545587776,0,0,0.42283194719942,0.153344516485116,0,0.441947428504536,0,0,-1.36806447364361,0,0,0,0,0,-0.210474053327658,0,0,0,0.598851027965434,0,0,0,0,0,0,-2.18473790074308,0,0.0148398069386924,0,0,0,0,0,0,0,-0.232934880389775,0,0,0,0,0,-0.102729481519191,0,0,0,0,0,0,0,0,0,0.0492672914085137,0,0,0,0,0.125324411712894,0,0,0,0,0,0,0,0,0,0,0,0,0,0,0,0,0,-0.0647117252814329,0,0,0,0,0,0,0,-0.0714937434973129,-0.0318939123246103,0,0,0,0,0,0,-0.582999461762364,0,0,0.320490833088989,0,0,-0.569681765739952,0,-0.270838308203109,0,0,0,0,0,0,0,0,0,0,0,0,0,0,0,0,0,0,0,0,0,0,0,0,0,0.467725075444427,0,0,0,0.726158657620824,0,0,0,0,0,0,0.907434776812114,0,0,0,0,0,0,0,0,-0.0654023388360832,0,0,0,0,0,0,0,0,0,0,0,0,0,0,0,-2.26519340553488,1.56264131208348
0,0,0,0,0,0,0,0,0,0,0,0,0,0,0,0,-0.813246771462311,0,0,0,0,0,0,0,0,0,0,0,0.110616820038332,0,0,0,0,0,0,0,0,-0.0157404905080221,0,-0.539351995382359,0,0,0,0,0.339707754745967,0,-1.90677140913848,0,0,0,0,0,0,0,0,0,-2.93083815878581,0,-0.0586239940695248,-0.622090057501974,0,1.37991631997437,0,0,0,0,0,0,0,-0.262574937568846,0.195354041609638,0,0,-0.0614021490519674,0,0,0,0,0,-0.235869117412974,0,0,-0.473884049678186,0,0,1.88175209257985,0,0,0,0,0,0,0,0,0,0,0,0,0,0,0,1.06104561735348,0,0,0,-0.307055195110318,0,-0.547382469543241,0,0.222414299060737,0,0.242019501763528,0,0,-0.425099329163068,0,0,0,0,0,0,0,0,0,0,0,0,0,-0.084141573753644,0,0,0,0,0,0,0,0,0,0,-1.02722733960855,0,0,0,-2.16892618049979,0,0,0,0,0,0.0810744879228096,0,-0.165833088556334,0.0868309871566637,0,0,0,-0.255327441147434,0,0,1.14119460151115,-0.154274103262743,0,1.62401882531787,0,0,0,0,0,0.647813841020496,0,0,0,0,0,0,-0.886351056143166,0,0.317925986926889,0,0,0,0,0,0,-0.0346092995578642,0.734015336042106,0.310032257077893,0,0,0,0,0,0,0.0204696713602137,0,0,0,0,2.09867227995527,0
0,0,0,0,0,0,0,0,0,0,0,0,0,0,0,0,0,0,0,0,0,0,0,0,0,0,0,0,0,0,0,0.396860901424595,0,0,0,0,0,0,0,0,0,0,0,0,0,0,0,-14.1978550343866,0,0,0,0,0,0.341640232176531,0,0,0,0,0,0,0,0,0,0,0,0,0,0,0,0,0,0.0842829035098827,0,0,0,0,0,0,0,0,0,0,0,0,0,0,0,0,0,0,0,-2.18474461233322,0,0,0,0,0,0,0,0,0,0,0,0,0,0,0,0,0,0,0,0,0,0,0,0,0,0,0,-0.35046536130774,0,0,0,0,0,0,0,0,0,0,0,-1.13900126797328,0,0,0,0,0,0,0,0,0,0,0,0,0,0,0,0,0,0,0,0,0,0,0,0,0,0,0,0,-2.35086080864821,0,0,0,0,0,0,0,0.373186936253005,0,0,0,-0.743610662287263,0,0,0.252228193030133,0,0,0,0,0,0,0,0,-1.53245062044047,0.297837746751651,0,0,0,0,0,0,0,0,0,0,0,0,0,0
0,0,0,0,0,0,0,0,0,0,0,0,0,0,0,0,0,0,0,0,0,0,0,0,0,0,-0.0814623256615625,0,0,0,0,0.581246409351829,0,0,0,0,0,0,0,0,0,0,0,0,0,0,0,-11.5084958814714,0,0,0,0,0,0.927003161267749,0,0,0,0,0,0,0,0,0,0,0,0,0,0,0,0,0,0,0,0,0,0,0,0,0,0,0,0,0,0,0,0,0,0,0,0,0,-1.80613795759594,0,0,0,0,0,0,0,0,0,0,0,0,0,0,0,0,0,0,0,0,0,-0.028659996007919,0,0,0,0,0,0,0,0,0,0,0,0,0.570728011393078,0,0,0,0,-0.0151910300900471,0,0,0,0,0,0,0,0,0,0,0,0,0,0,0,0,0,0,0,0,0,0,0,0,0,0,0,0,0,0,0,-0.923951172936663,0,0,0,0,0,0,0,0,-0.496250041372579,0,0,0,0,0,0,0,0,0,0,0,0,0,0,0,0,0,0,0,0,0,0,0,0,0,0,0
0,0,0,0,0,0,0,0,0,0,0,0,0,0,0,0,0,0,0,0,0,0,0,0,0,0,0,0,0,0,0.405064004586656,0,0,0,0,0,0.659588669290081,0,0,0,0,0,0,0,0,0,0,-4.75409704245846,0,0,0,0,0,0,0,0,0,0,0,0,0,0,0,0,0,0,0,0,0,0,0,0,0,0,-0.349535358599011,0,0,0,0,0,0,0,0,0,0,0,0,0,0,0,0,-0.605541754121642,0,0,0,0,0,-0.129196765984759,0,0,0,0,0,0,0,0,0,0,0,-0.159208511542145,0,0,0,0,0,0,0,0,0,0,0,0,0,0,0,0,0,0.038362096990336,0,0,0,0,0,0,0,0,0,0,0,0,0,0,0,0,0,0,0,0,0,0,0,0,0.128750007052906,0,0,0,0,0,0,0,0,0,0,0,0,0,-0.873107420774252,0,0,0,0,0,0,0,0,0,0,-0.997712205894724,0,0,0.0095650463434116,0,0,0,0,0.109270106745324,0.226784952786564,0,0,0,0.405352073681225,0,0,0,-0.0833176634712676,0,0,0,0,0
0,0,0,0,0,0,0,0,0,0,0.819694870175233,0,0.86067078501398,0,0,0,0,-0.410422350269787,0,-0.253881077403384,0,0,-0.541774688868769,0,0.959981957110614,-2.44148494139179,0,0,0,0.112398547267203,1.13826214521099,0.978596619714625,0,-5.95287204550521,0,0,0.672408385936429,0,0,0,0,0,0,-3.67605458040804,-2.04390942879603,1.73576026016283,-0.665407738200401,0,0,0,0,-1.0605742995933,0.339155734094533,0,0,-0.541102358137702,0,-1.25758882280484,0,0,0,0,-0.0918471780670984,0,-0.567065380999268,0.138948880929983,0,0,0,0.403666884187243,0,0,0,0,0,0,0,-0.333676899536607,0,0.00476567078907086,0,0,-0.35888558036026,0.958844309621213,0,0.240558854466538,0,-0.768101213415527,0,-1.01483374275228,0,0,0,0,0,0.148111196310596,0,0,0,0,-0.907420533981855,0.428648272204965,0.407765194617385,0,0,0.756018862367614,0,-0.611987399879443,0,0.711439533964995,0,-0.645854831304016,0,1.46888993423346,-0.916620326596938,0,0,0,0.182533213605276,0,0,0,0,0,0,0,0,0.265721049723849,0,-0.274060820709822,-1.10822654599289,0,-0.194372992794911,0,0,0,-1.08834570492257,0,0,0,-3.00363775941412,0.780589785054133,0,0,0,0,-0.00869096938124936,0,0,0,0,0,0,0,0,-2.22042489231375,0,0,0,-0.489285367552793,0,0,0,0,0,0,0,-4.76299144770258,1.19922264256811,-1.30561940425142,0,0,0.0780463500428032,0,0,0.00664314875040017,0,0.0964406612347022,0,0,0,0,0,0,0,-0.482764258989663,0,0,0,0,0,0,-0.857800014786535,1.05920280963866,0,0,0,0,0.453255841542354,0
0,0,0,0,0,0,0,0,0,0,0,0,0,0,0,0,0,0,0,0.572525213189376,0,0,-0.159482992476522,0,-1.82324766308753,0,0,0,0,0,0,0.687400360580974,0,0,0.159161331226087,-0.716074761051378,0.225875615530868,0,0,0,0,0,0,0,0,0,0,-0.0629189668553101,0,0,0,0,0,0.0886190999684533,0,0,0,0,0,0,0,0,0,0.401287418364977,0,0,0,0,0,0,0,0,0.0755962128417156,0,0,0,0,0,0.526610486252705,0,0.803146847122476,0,0,0,0,-0.356298098818693,0,0,-0.784785055662309,0,0,0,0,0,0,0,0,0.548672205468809,0,0,0,0,0,-0.268804657702364,0,0,0,0,-0.599279845514417,0,0,0,0.0761813486547709,0,0.320809460150896,-1.73604693067623,0,0,0,0,0,0,-0.486418649026966,0,0,0,0,0,0,0,0,0,0,0,0,0,-0.699484311393654,0,0,0,0.290691894197626,0,0,0,0,0,0,0,0,-0.401891856814296,0,0,0,1.30215777771275,0,0,0,0,0.0427611559472258,0,0,0,0.545856107447453,0,0,0,0,0,0.176454307720296,0,0,0,0,0,0,0,0,0,0,0,0,0,0,0,0,0,0,0,0,0,-0.0843554893282126,0,-0.152350379093908,0,0.992341674362888,0,0,0,0,0
0,0,0,0,0,0,-0.240994985985705,0,0,0,0,0,0,0,0,0,0,0,0,0.669779928313319,0,0,0,0,-0.684014416058581,0,0,0,0,0,0,0.707581935399703,0,0,0,-0.0296579850920304,0,0,0,0,0,0,0,0,0,0,0,0,0,0,0,0,0,0,0,0,0,0,0,0,0,0,0,0.184819427763588,0,0,0,0,0,0,0,0,0,0,0,0,0,0,0,0,0,0,0,0,0,0,0,0,-0.412073024424537,0,0,0,0,0,0,0,0,0,0,0,0,0,0,0,0,0,0,0,-0.0273380443379136,0,0,0,0.0800434440165723,0,0,0,0,0,0,0,0,0,0,0,0,0,0,0,0,0,0,0,0.0992794061006343,0,0,0,0,0,0,0,0,0,0,-0.284527617214238,0,0,0,0,0,0,0,0,0,0.13739612469275,0,0,0,0,0,0,0,0,0,0,0,0,0,0,0.241081177622176,0,0,0,0,0,0,0,0,-0.00388569080384249,0,0,0,0,0,0,0,0,0,0,0,0,0,0,0,0,0,0,0,0,0,0
0,0.166030319532842,0,0,0,0,0,1.08413476265689,0,0,-1.07525394047437,0,0,0,0,0,0,0,0,0,0,0,0,0,0,0,0,0,0.198832641506643,-0.240984184835455,0,0,0,0,0,0,0,0,0,0,0,0,0,-0.942571235931061,0,-0.300290269274883,-0.384306416636035,0,0,0,0,0,0.442830167120247,0,0,0,0.617204766448011,0,0,0,0,0,0,0,0.0446868361964654,0.280337519648067,0.618360849421235,0,0,0,0,0,0,0,0,0,0,0,0,0,0,0,0,0,0,0,0,0,0,0,0,-0.222073077944592,0,0,0,0,0,0,0,0,0,0,0,-1.11282497324771,0,1.59670763426328,0,0,0,0,0,0,0,1.19508831733917,0,0,0,0,0,0,0,0,0,0,0,0,0,0,0,0,0,0,0,0,-0.0823760347197511,0,0,0,0,0,0,0,0,-0.0772217512232403,0,0,-1.27805006824994,0,0,0.288726359997123,-1.55445686437133,0,0,0,0,1.04320214068353,0,0,0,0.955218751500967,0,0,1.04287211879931,0,0,0,0,9.63162798440231,-0.636585515947155,0,0,0,0,0,0,1.84314405321114,0,0,0,0,0,0,0,0,0,0.608023362537726,0,-0.851096049340837,0,0,0.0824292790352339,0,0,0,0,0,0,0,0,0
0,0,0.185817045201795,0,0,0,0,0,0,0,0,0,0,0,0,0,0,0,0,-0.2972556282406,0,0,0,0,0,0.209120429891845,0,0,0,0,0,0,0,-1.81001248351945,0,0,0,0.0995108217269978,0,0,0,0,0,-0.711931004569969,0,1.16240179117134,0,0,0,0,0,0,2.14458075418845,0,0,0,0,0,0,0,0,0,0.141145691628469,0,0,0,1.37166282513221,0,0,0,0,0,0.0392805436939772,0,-0.279246373790561,0,0,0,0,0,0,0,0,0,0,0,0,0,0,1.01382736792923,0,-0.554518351172755,0,0,0,0,0,0,0,-0.395949600694886,0,0,0,0,0,0.324067556765797,0,0,0,0,0,-0.357947654455963,0,1.81866958660176,0,-0.0652050405684084,0,0,0,0,-0.739947371330278,0,0,0,0,0,0,0,0.25431569999757,0,-0.257009573745238,0,0,0,0,0,0,0,0,0.598939522497499,-0.0307110224657936,0,0,-0.63462639413817,0,0,-1.93656322057308,0,0,0,0,0,0,0,0,0,0,0,0,-0.184930039952119,0,0,0,0,0,0,-0.29516361051577,9.85764263379924,0,0,0,0,0,0,0,0,0,0,0,0,0,0,0,0,0,0,0,0.138220394331651,0,0.336517530398913,0.2363076734324,0,0.0176396358767301,0,0,0,0,0,0,0
0,0,0,0,0,0.25861124577312,0,0,0,0,0,0,0,0,0,0,0,0,0,0,0,0,0,0,0.095317301192186,0,0,0,0,0,0,0.501449465659313,0,0,0,0,-1.04140594447939,-0.0207037158121088,0,0,0,0,0,0,0,0,0,0,0,0,0,-0.0716845791574043,0,0,0,-0.554132723908385,0,0,0,0,0,0,0,-0.423659065174247,0,0.0378614472863923,0,0,0,0,0,0,0,0,0,0,0,0,-0.225267937593258,0,0,0,0,0,0,-0.606042827457118,0,0,0,0,0,0,0,0,-0.357203423399815,-0.165784966150693,0,0,0,0,0,0,-0.190746362879029,0,0,0.109408825038802,0,0.245659980128347,0,0,0,0,0,0,0,0,0,-3.05218125492571,0,0.362105092950781,0,0,0.117105301100304,0,0,0,0,0,0,0,0,0,0,0,0,0,0,0,0,0,0,0,0,0,0,0,0,0,0,0,-0.76509574554222,0,0,0,0,1.01438470265128,0,0,0,0,-4.04818488535004,0,0,0,0,0,0,0,0.0970348265178642,0,0,0,0,0,0,0,0,0,0,0,0,0,0,0,0.0497528809224663,0,0,0,0,0,0.519369460949789,0,0,0,0,-1.87625312421236,0,0,0,0
0,0,0,0,0,0,0,-0.641164746061508,0,0,0,0,0.0856137625714553,0,-0.428779868839826,0,0,0,0,0,0,0,0,-0.39032614727865,0,0,-0.42751144262016,0,-0.328697078857312,0,-1.01830758026591,1.28457007057505,0,0,0,0,0,-0.198395471261612,0,0,0,0,0,0,0,-0.957276622599199,0,0,0,0,0,0,0,0,0,0,0.945186570591058,0,0,0,0,-0.256230706500479,0,-1.82643172468337,0,0,0.236689406752065,0,0,0,0,0,0,0,-1.09871654386659,0,0,-0.886247660457201,0,0,0,-0.366506700212631,0,0,0,-0.0437290644609967,0,0,0,0.612645522301418,0,0,0,0,0,0,0,0.545379562238643,0.990259178800176,0,0,-1.27496469741572,0,0,0,0,-0.949839269638163,0,1.00822917353435,-0.361651725642404,0,0,0,0,0,0,0,1.56777160004065,0,0.416754378159539,-1.57514356379098,1.87851917627078,0,0,0,0,-1.56988313404674,0,0,0,0,0,0,0,0,0.331300224376546,0,0,0,0,1.1635743122186,0,0,-2.35119528008982,0,0,0,0,0,0,0,0,0,0,0,0,0,0,0,0,-0.153557982084914,0,0,0,0,0,0,0,0,0,0,0,0,0,0,0,0,0,0,0.299756408177083,0,0,0,0,1.6453410759926,1.13841149887046,0,0,0,0,0,0,0,0,0.0385584988793539,-0.876643253438201,0,0,-0.161344890541317,0
0,0,0,0,0,0,0,0,0,-0.299407686842312,0,0,0,0,0,0,0,0,0,0,0,0,0,0,0,0,-0.176571498574557,0,0,0,0,0.885038352603056,0,0,0,0,0,0,0,0,0,0,0,0,0,0,0,0,0,0,0,0,0,0,0,0,0,0,0,0,0,0,0,0,0,0,0,0,0,0,0,0,0,0,0,0,0,0,0,0,0,0,0,0,0,0,0,0,0,0,0,0.117484500984969,0,0,0,0,0,0,0,0,0,0,0,0,0,0.143332735958,0,0,0,0,0,0,0,0,0,0,0,0,0,0,0,0,0,0,0,0,0,0,0,0,0,0,0,0,0,0,0,0,0,0,0,0,0,0,0,0,0,0,0,0,0,0,0,0,0,-0.101894797526167,0,0,0,0,0,0,0,0,0,0,0,0,0,0,0,0,0,0,0,0,0,-0.0363339232530919,0,0,0,0,0,0,0,0,0,0,0,0,0,0,0,0,0,0,0,0,0,0
0,0,0,0,0,0,0,0,0,0,0,0,0,0,0,0,0,0,0,0,0,0,0,0,0,0,0,0,0,0,0,0.768157767406075,0,0,0,0,0,0,0,0,0,0,0,0,0,0,0,0,0,0,0,0,0,0,0,0,0,0,0,0,0,0,0,0,0,0.159862674669854,0,0,0,0,0,0,0,0,0,0,0,0,0,0,0,0,0,0,0,0,0,0,0,0,0,0,0,0,0,0,0,0,0,0,0,0,0,0,0,0,0,0,0,0,0,0,0,0,0,0,0,0,0,0,0,0,0,0,0,0,0,0,0,0,0,0,0,0,0,0,0,0,0,0,0,0,0,0,0,0,0,0,0,-0.758619473076721,0,0,0,0,0,0,0,0,0,0,0,0,0,0,0,0,0,0,0,0,0,0,0,0,0,0,0,0.133291834234651,0,0,0,0,0,0,0,0,0,0,0,0,0,0,0,0,0,0,0,0,0,0
0,0,0,0,0,0,0,0,0,0,0,0,0,0,0,0,0,0,0,0,0,0,0,0,0,0,0,0,0,0,0,0.812224940642019,0,0,0,0,0,0,0,0,0,0,0,0,0,0,0,0,0,0,0,0,0,0,0,0,0,0,0,0,0,0,0,0,0,0,0,0,0,0,0,0,0,0,0,0,0,0,0,0,-0.182417276779123,0,0,0,0,0,0,0,0,0,0,0,0,0,0,0,0,0,0,0,0,0,0,-0.0320823871333675,0,0,0,0,0.315165952043922,0,0,0,0,0,0,0,0,0,0,0,0,0,0,0,0,0,0,0,0,0,0,0,0,0,0,0,-0.22485903454904,0,0,0,0,0,0,0.0490837080807067,0,0,0,0,0,0,0,0,0,0,0,0,0,0,0,0,0,0,0,0,0,0,0,0,0,0,0,0,0,0,0,0,0,0.750995413811804,0,0,0,0,0,0,0.0763410604210777,0,0,0,0,0,0,0,0,0,0.37325116484484,0,0,0.0500800790552747,0,0
0,0.0163465952070911,0,0,0,0,0,0,0,0,0,0,0,0,0,0,0,0,0,0,0,0,0,0,0,0,0,0,0,0,0,1.10748406685963,0,0,0,0,0,0,0,0,0,0,0,-0.00799471339458435,0,0,0,0,0,0,0,0,0,0,0,0,0,0,0,0,0,0,0,0,0,0,0,0,0,0,0,0,0,0,0,0,0,0,0,0,0,0,0,0,0,0,0,0,0,0,0,0,0,0,0,0,0,0,0,0,0,0,0,0,0,0,0,0,0,0,0,0,0,0,0,0,0,0,0,0,0.150859151366171,0,0,0,0,0,0,0,0,0,0,0,0,0,0,0,0,0,0,0.942494126516661,0,0,0,0,0,0,0,0,0,0,-0.224950497098946,0,0,0,0,0,0,0,0,0,0.267322270745299,0,0,0,0,0,0,0,0,0,0,0,0,0,0,0,0,0.738166021126124,0,0,0,0,0,0,1.38990210676889,0,0,0.0696565992701323,0,0,0,0,0,0,0.47408199551117,0,0,0,0,0
0,0,0,0,0,0,0,0,0,0,0,0,0,0,0,0,0,0,0,0,0,0,0,0,0,0,0,0,0,0,0,1.03060111249885,0,0,0,0,0,0,0,0,0,0,0,0,0,0,0,0,0,0,0,0,0,0,0,0,0,0,0,0,0,0,0,0,0,0,0,0,0,0,0,0,0,0,0,0,0,0,0,0,0,0,0,0,0,0,0,0,0,0,0,0.567530048436302,0,0,0,0,0,0,0,0,0,0,0,0,0,0,0,0,0,0,0,0,0,0,0,0,0,0,0,0,0,0,0,0,0,0,0,0,0,0,0,0,0,0,0,0,0,0,0,0,0,0,0,0,0,0,0,0,0,0,0,0,0,0,0,0,0,0,0,0,0.0926549935719521,0,0,0,0,0,0,0,-0.377993592268236,0,0,0,0,0,0,0,0,0.163817533053534,0,0,0,0,0,0,0.21235693946218,0,0,0.0150970545978102,0,0,0,0,0,0,0,0,0,0,0,0
0,0,0,0,0,0,-0.105068668924223,-0.740535463789393,0,0,0,0,0,0,0,0,0,0,0,0,0,0,0,0,-0.955083906488357,0,-0.598908601564567,0,0,0,0,1.4006026579355,0,0,0,-0.903922475297396,0,0,0,0,0,0,0,0,0,-0.191767526028457,0,0,0,0,0,0,0,0,0,0,0,0,0,0,0,0,0,0.863685942217552,0,0,0,0,0,0,0,0,0,0,0,0,0,0,0,-0.240081733077885,0,-0.322098725263415,0,-0.287339492323696,0,0,0,0,0,0,0.388234363863899,0,-0.142120279180921,0,0,0,1.0947993520443,0,0,-0.363593131840054,-1.23589994256331,0,-0.185448363383907,0,0,0,0,0,0.0504165690872462,0,0,-0.286262612414913,0,-0.781405826646691,0,0,0,0,0,-0.147089466300041,0,0,0,0,0,0,0,0,0.527730869127489,0.0557912382276267,0,-0.928688608611482,0.665421698975863,0,0,0,-0.432392704877897,0,0,0,0,0,0,0,0,0,0,0,0,0,0,0,0,0,0,0,0,0,0,0,0,0,0,0,0,0,0,0,-0.291002233518349,-0.394905238766913,0,0,0,0,0,-0.555804262195565,1.45851898247295,0,0,0,0,0,0,0,0.621819552967927,0,0,0,0,-0.00906454534609513,0,0,-0.992486295455949,0,0,0,-0.365062371934795,0,0,0
0,0,0,0,0,0,0,0,0,0,0,0.429498795379676,0,0,0,0,0,0,0,0,0,0,0,0,0,0,0,0,0,0,0,1.68127997288728,0,0,0,0,0,-0.318723248971146,0,0,0,-0.238085465282672,0,0,0,0,0,0,0,0,0,0,0,0,0,0,0,0,0,0,0,0,0,0,0,-1.01528689450532,0,0,0,0,0,0,-0.00647493807437138,0,0,0,0,-0.551363632843018,0,0,0.721760063216929,0,0,-0.200533214447179,0,-0.177217237040089,0,0,0,0,0,0,0,0,0,-0.446428779351348,0,0.109162766365731,0,0,0,0,0,0,0,0,0,0,0,0,0,0,0,0,0,0,0,0,0,0,0,0,0,0,0,-0.268549913994103,0,0,0,0,0,0,0,0,0,-13.2082273561031,-0.407091974985599,0,0,0,0,0,0,0.121480601267427,0,0,0,0.939747867799774,0,0,0,0,0,0,0,0,0,0,0,0,0,0,0,0,0,0,0,0,0.293441217291225,0,0,0,0,0,0,0,0,0,0,0,0,0,0,0,0,0,0,0,0,0,0.0148671289415596,0.852689090745719,0,0,0,0,0,0,0,0
0,0,0,0,0.377090891639084,1.61202972683793,-1.33651839770426,0,0.562351068438452,0,0,0,0,0,0,0,0,-0.0384061275316558,0,1.51565689275801,-0.203252227922561,0.0747415370215105,0,0,-2.48935486535565,0,3.72850856464431,0,0,0,0,0,12.100747099411,-1.23198697798719,0,0,0,0,0,0.0111069335260081,0,0,0,0,0,0,-0.528011367425685,0,0,0,0,0,0,0,0,0,0,0,0,0,-0.308596517161785,0,0,1.51843824174766,0,-0.100383642983109,1.20661708117391,0,-0.908904030434987,0,0,0,0,0,0,0,0,0,0,0,0,0,-1.99929610853236,0,0,0.866714834203115,0,0,0,0,0,0,-1.50641598235688,0,1.03396540441873,0,-0.192414100289629,-0.483980282616718,0,0,0,0,0,0,0,0,0,0,0,-0.428821872377435,0,1.07464005650979,0,0,0,0,0,0,0.0885756086999108,0,0,0,0,0,0,-0.491833673839958,0,0,-1.66778035835458,0,0,-0.0570453578196344,0,0,2.37627540839775,0,-0.543830564154806,0,0,0,0,0,0,-0.51802616965167,0,0,0,0,0,0.234240318179538,0,0,-0.172930065282066,0,0,0,0,0,-1.0870070066486,0,0,0.33970059310148,0,0,0,-0.0561462110014401,0,0.0142950432737403,0,0,-1.01767623240331,-0.354025604947976,0,0,0,0,-1.08768709574287,0,0,0,-0.00555236587496344,3.50019085851264,0,-0.0497077500349397,0,0,0,0,0,0,0,7.10879590497752,0,0,0,0,0.733294488866652,0,0,0
0,0,0,0,0,0.668405285934306,0,0,-0.0714242050986593,0,0,0,0,0,0,0,0,0,0,0.701128938081786,0,0.351668668148164,0,0,-1.78219396713293,0,2.0372289574551,0,0,0,0,0,11.4643924368107,-1.14771192646488,0,0,0,-0.527779540225402,0,0,0,0,0,0,0,0.50304662931189,0,0,0,0,0,0,0,0,0,0,0,0,0,0.326374561590556,0,0,0,0,0,0,0.611304781567207,0,0,0,0,0,0.0800650240083938,-1.21078029317984,0,0,0,-0.450204535097477,0,0,-0.463112059226726,0,-2.23384348263168,0,0,0,0,0,0,0,0,0.760480774299838,0,0.0160475920454592,0.00209284397592135,0,0,-1.04470837183221,0,0,0,0,0,0,0,0,0,-0.968508070930696,0,0,-0.299379207248905,0,-0.177511544203445,0,0,0,0,0.614910219647,0,0,0,0,0,0,0,-0.111904082040491,-0.0939921964652228,0,-0.806958101877582,0,0.0652306386961401,0,0.17719539856203,0,1.37542597342835,0,0,0,0,0,0,0,0,0,0,0,0,0,0,0.14564373316251,0,0,-0.170512634600852,0,0,0,0,0,-2.24743261500653,0.0300942717999304,0,0,0,0,0,0,0,0,0,0,-0.47431189338898,0,0,-0.3277055648041,0.856464578505776,0,-0.824345930247973,0,0,0,-0.84855749359905,3.92125349008881,0,-0.823374074457616,-1.42782743733999,0,0,0,0,0,0,6.41451615486968,0,0,0,0,0,0.305455094498504,0,0
0,0,0,0,0,0,0,0,0,-0.569045248513615,-0.318893218625024,0,0.839665839434683,0,0,0,0.397687026485513,0,1.81100315948984,2.05507606985433,0,0,0,0,0,0.338952992597589,0,-1.27971881009123,0,0,0,0,5.1579864770163,0,0,-0.106178365755078,-2.18062613085188,-1.15305339540484,0,0,-0.695238268965802,0,0,0,0,0,0,0,0,0,0,-0.0600512586588058,0,0,0,0,0.202686762741323,0,0,0,1.43955368273407,0,0,0.181926249060709,0,-0.917446389049078,0,0,0,0,0,0,0,-0.528591787390571,0.989354378952502,0,0,0,0.413325870335139,0,0,0,0,0,0,0,0,0,0,0,0,0,0,0,0,0,0,0,0,0,0.0173867367611913,-0.279408123637203,3.91172997885873,0,0,0,0,-1.90436736136162,-2.57813977552797,0,0,-0.42173044762094,0,0.214063122551732,0.734594096663098,0,0,0,0.425258745202135,0,0,1.51397164940118,0,0,0,0,0,0,0,0,0,0,0.00494720129140136,0,-0.163346489768512,0,-2.41693075728171,0,0,0,0,-0.783806448043528,0,0,0,0,0,-0.061413978423511,0,0,0.90840966947001,0.0875531508782361,0,0,0,0,0,0.307456075104864,0,-1.39661742776171,0,0,0,-2.4930084963924,0,0.452498485502601,0,0,0.0646481062252218,0,0.126916239522727,0,0,0,-0.133048670571432,0,0.250009696339593,0,0,0.00205326027882702,0,0.0274744229476735,0,-0.398031483116319,-0.979067608783434,0,0,0,0,0.269079719661807,0,2.59141999756765,0,0,0,0,0,0,0,0
0,0,0,0,0,0,0,0,0,0,-0.969713188430776,0,0,0,0,0,0,0,0.862331426970759,0,0,0,0,0,0,0,0,0,0,0,0,0,0,0,0,-0.169579919103662,0,0,0,0,0,0.752518440189391,0,-0.548985649136162,0,0,-0.328704701093925,0,0,0,0,0,0,0,0,0,0,0,0,0.108570032234948,0,0,0,0,0.358084413479651,0,0,0,0,0,0,0,0,0,0.322190478188861,0,0,0,0,0.943921131647297,0,0,0,0,0.383185340984259,0,0,0,0,-2.21263250418941,-0.061452781372237,0,0,0,1.22361615868577,0.0279768052876956,0,0,0,0,1.00218590005958,-0.354474334346944,0.246499702467959,-0.191525252833508,0,0,0,0.035886164367166,0,0,0,0,0,0,0,-1.66759703374016,0,0.0878330825489693,0,0,0,-1.18380207021231,0.208024790706093,0,0,0,0.171598159621957,0,0,0,0,0,0.250243120770024,0,0,0,-0.641326898427328,0,0,0,0,0,0,0,0,0,0,0.877994588346836,0,0,0,0,0,0,-0.375984114592053,-0.249901127683113,0,0,0,0,0,0,0,0,0,0,0,0,0,0,0,0,0,0,0,0,0,0.301117966440922,0,0,0,0,0,0,-0.114140868611511,0,0,0,0,0,0.146950084142187,0,0,0,-0.424429547040394,0,0,0,0,0
0,0,0.262388154216722,0,0,0,0,0,0,0,0,0,0.556663803804807,0,0,0,0,0,0.963699820861152,0,0,0,0,0,0,0.683906859638149,-0.471348585299938,0,0.548065573367122,0,0,0,0,0,0,0,0,0,0,0,0,0,0,0,0,0.404000645135181,0,0,0,0,0,0,0,0,0,0,0,0,0,0,0.440825664753284,0,0,0,0,0,0,0,-0.0715057323778503,0,0,0,0,0,0,0,0,0,0,0,0,-0.136914780739809,0,-0.347732307095625,0,0,0,0,0,0,-0.840656493012996,0,0,0,0,0,0,0,0,0.975694725268702,0,0,0.456155086988356,0,0,0,0,0,0.217220157497716,0,0,-0.250521763800296,0,0,0,0,0,0,0,0,0,-0.764040880350982,0,-0.315548359621197,0,0,0,0,0,0,0,0,0,0,0,0,-1.48131972758781,0,0,0,0,0,0,0,0,0,0,0,0,0,0.197085566968714,0,0,0,0,0,0,0,0,0,0,0,0,0,0,0,0,0,0,0,0,0,0,0.411171566072586,0,-0.44661467549225,0,0,0,0,0,0.0489253450759097,0,0,0.0821383147737405,0,0,0,0,0,0,0,0,0,-0.0178973500240844,0.125426037426769,0,0,0,0.438277299293999
0,0,0,0,0,0,0,0,0,0,0,0,0,0,0,0,0,0,0.931668677739931,0,0,0,0,0,0,0,0,0,-0.0894898116706702,0,0,0.186278641998858,0,0,0,0,0,0,0,0,0,0,0,0,0,0,0,0,0,0,0,0,0,0.0141251897915764,0,0,0.515456245467949,0,0,0,0,0,0,0,-0.211873848522919,0,0,0,0,0,0,0,0,0,0,0,0,0,0,0,0,0,0,0,0,0,0,0,0,0,0,0,0,0,0,0,0,0,-0.0790488130630098,0,0.125624056308562,0,0,0,0,0.423609045918481,0,0,0,0,0,0,0,0,0,0,0,0,0,0,0,0,0,0,0,0,0,0,0,-1.20398934384301,0,-1.01770803173173,0,0,0,0,0,0,0,0,0,0,0,-0.325625291563691,0,0,0,0,0,0,0,0,-0.106707132392676,0,0,0,0,0,0,0,0.198635967506023,0,0,0,0,0,0,0,0,0,0,0,0,0,0.0837920966489596,0,0,0,0,0,0,0.674875196208094,0,0,0,0,0,0,0,0,-0.280424676462615,0,0,0,0,0,0,-0.0113118915780577,0,0
0,0,0,0,0,0,-0.633957835027841,0,0,-0.168558136551644,0,0,0,0,0,0,0,0,0,0,0,0,0,0,0,0,0,0,0,0,0,0,0,0,0,0,0,-0.0239450806900927,0,0,0,0,0,0,0.195640060054842,0,0,0,0,0,0,0,0,0,0,0,0,0,0,0,0,0,-0.113223633701139,0,-0.425348270135468,0,0,0,0,0,0,0,0,0.0754946506632361,0,0,0,0,0,0,0,0,0,0,0,0,0,0,0,0,0,0,0,0,0,0,0,0,0,0,0,0,-0.295595443349141,0,0,0.452374623303962,0,0,0,0,0,0,0,0,0,0,0,0,0,0,0,0,-0.198473241231129,0,0,0,0,0,0,-0.0047916027179884,0,0,0,0,0,0,0,0,0,0.0446239209266368,0,0,0,-1.11785607808428,0,0,0,0,0,0,0,0,0,0,0,0,0,0,0,0,0.580345800265313,0,0,0,0,0.104258179811471,0,0,0,0.00944655568066466,0,0,0,0,0,0,0,0,0,0,-0.145393038828741,0,0,0,0,0,0,0,0,0,0,0,0,0,0,0,0,-0.100722202439602,0,0
0,0,0,0,0,0,0,0,0,0,0,0,0,0,0,0,-1.09543375664366,0,0,0,0,0,0,0,0,0,0,0,0,0,0,0,0,0,0,0,0,-1.7638764027469,0,0,0,0,0,0.0188607395467471,0,0,-0.311497081369251,0,0,0,0,0,0,0,0,0,0,0.357434188702251,0,0,0,0,0,0,-0.138604880948686,0,0,0,0,0,0,0,0,0,0,0,0,0,0,0,-0.0316271454319119,0,0,0.525098266957566,0.146205848487751,0,0,0,0,0,0,0,0,0,0,0,0,0,0,0,0,0,0,0,0,0.184567757067487,0,0,0,0,0,0,0,0,0,0,0,0,0,0,0,0,0,0,0,-0.0671001515313063,0,0,0,0,0,0,0,0,0,0,0,-0.118478457897564,0,0,0,0,0,-0.978315633761416,0,0,0,0,0,0,0,0,0,0,0,0,0,0,0,0,0,0,0,-0.382837191802386,0,0,0,0,0.431783215047161,0.0437743038628631,-0.176786417867292,0,0,0,0,0,0,0,0,0,0,0,0,0,0,0,0,0,0,-0.0014110651481789,0,0,-0.732795772461883,0,0.0950012214949707,0,0,0,0,0
0,0,0,0,0,0,0,0,0,0,0,0,0,0,0,0,0,0,0,0,0,0,0,0,0,0,0,0,0,0,0,0,0,-0.284752393509612,0,0,0,0,0,0,0,0.401085596212925,0,0,0,0,-0.230383157913208,0,0,0,0,0,0,0,0,0,-0.306595432518739,0,0,0,0,0,0,0,0,0,0,0,0,0,0,0,0,0,0,0,0,0,0,0,0,0,0,0,0,0,0,0,0,0,0,0,0,0,0,0,0,0,0,0,0,0,0,0,0,0,0,0,0,0,0,0,0,0,0,0,0,0,0,0,0,0,0,0,0,0,0.253528751737215,0,0,0,0,0,0,0,0,0,0,0,0,0,0,0,0,0,0,0,0,0,0,0,0,0,0,0,0,0,0,0,0,-0.100437880501372,0,0,0.761046644977704,0,0,0,0,0,0,0,0,0,0,0,0,0,0,0,0,0,0,0,0,0,0,0,0,0,0,0,0,0,0,0,0,0,0,0,0,0
0,0,0,0,0,0,-0.0605680702786362,0.709072320734401,0,0,0,0,0,0,0,0.0981207561809609,0,0,0,0.165282643944282,0,0,0,0,0,-1.52469418466725,0,0,0,0,-0.899530421902794,0,0,0,0,0,-0.0908955369126161,0,0,0,0,0,0,0,-0.433280869793573,0,-1.95109658277351,0,0,0,0,0,0,0,0,0,0,0,0,0.570014678726198,0.114762551815949,0,0,0.791539405654945,0,0,0,0,0,0,0,0,0,0,0,0,0,0,0,0,0,-0.0790059712305504,0,0,0,0,0,0,0,0,0,-0.534865533188676,0,0,0.35430942010177,0,-0.387331062917239,0,0,0,0,0,0,0,0,0,0,0,0,0,0,0,0,0,0,0,0,0,0,0,-0.96571643404284,-0.781244225159568,0,0,0,-0.302460451847311,0,0,0,0,0.149038273336143,-0.0230994418658019,0,0,0,0,0,0.383085120786814,0,0,0,0,0,0.129566596772391,0,0,0,0,0,0,0,0,0,0,0,0,0,0,0,0,0,0,0,0,0,0,0,0,0,0,-1.12092179245559,0,0,0.738640290416598,0,-0.371538064191856,0,0,0,0,0,0,0,0,0,0,0,0,0,0,0,0,0,0,0,0,0,0,0,0.667558988503129
0,0,0,0,0,0,0,0,0,0,0,0,0,0,0,0,0,0,0,0.0104290139557106,0,0,0,0,0,0,-0.0706003858685282,0,0,0.305161052802532,-0.683432458727632,0,0,0,0,0,0,0.181481999797122,0,0,0,0,0,0,-0.479505144532903,0.49462489182259,0.354995518996649,0,0,0,0,0,0,0,0,0,0,-0.441976338999768,0,0,0.297068497947631,0,0,0,0,0,0,0,0,0,0,0,0,0,0,0,0,0,0,0,0,0,0,0,0,0,0,0,0,0,0,-1.3874488779279,0,0,0,0,-0.161954841941491,0,0,0,0,0,0,0,0,0,0,0,0.954334052691988,0,0,0,0,0,0,0,0,0,0,0,0,-0.025376326103308,0,0,0,0,0,0,0,0,0,0,0,0,-0.0467980050105494,0,0,0,0,0,0,0,0,0,0,0,0,0,0,0,0,0,0,0,-0.382908398451733,0,0,0,0,0,0,0,0,0,0,0,0,0,0,0,0,0,0,0,0,-0.00145636446582809,0,0,0,0,0,0,0,0,0,0,0.11643684526668,0,0,0,0,0,0,0,-0.225817000028387,0,0,0,0,0
0,0,0.0515693518449292,0,0,0,0,0,0,0,0,0,0,0,0,0,0,0,0,0.0399280497028824,0,0,0,0,0,0,0,0,0.472863028038925,0,0,0,0,0,0,0,0,0,0,0,0,0,0,0,0,0,1.06720179345572,0,0,0,0,0,0,0,0,0,0,0,0,0,0,0,0,0,0,0,0,0,0,0,0,0,0,0,0,0,0,0,0,0,0,0,0,0,0,0,0,0,0,0,0,-0.720921274654996,0,0,0,0,-0.397310769862508,0,0,0,0,0,0.00365670101713245,0,0,0,0,0,0,0,0,0,0,0,0,0.0982650078178537,0,0,0,0,0,0,0.217805403867686,0,0,0,0,0,0,0,0,0,0,0,0,0,0,0,0,-0.152102141505206,0,0,0,0,0,0,0,0,0,0,0,0,0,0,0,0,0,0,0,0,0,0,0,0,0,0,0,0,0,0,0,0,0,0,0,0,-0.13110469553271,0,0,0,0,0,0,0,0,0,0,0,0,0,0,0,0,1.19552627075616,0,0,0,0,0,1.68565278597037
0,0,0,0,0,0,0,0,0,0.793972146902834,0,0,0.162433538467877,0,0,0,0,0,0,0.0621616663488067,0,0,0,0,0,0,0,0,0,0,0,0,0,2.27687111986471,0,0.131624614243569,0,2.24500970254369,0,0,0,0,0,2.31840554344993,0,0,-4.58940562809796,0,0,0,0,0,0,0,0,0,-3.72199276619703,0,0,0,0,0,0.44079063501188,0,-0.651299621058336,0,0,0.0917514692522705,0,0.591054080662572,0,0,0,0,0,0,0,0,-1.12191726089881,0,0,0,-1.8207913972953,0.968430851514276,0,0,0.229286062819053,0,0,0,-0.689562816464564,0,0,-0.237901532225941,0,0,0,0,0,0.197214228679639,0,-1.11186334440987,0,-0.604516880634918,0,1.35161845929162,0,0,0,0,0.250998005893908,0,0,-0.433936028003872,0,0.959558439224575,0,0,0,0.523022042548981,-0.472963902778438,0,0.455032647518259,0,0,0,0,0,0,0.024465088329205,0,0,0,0,-1.56977275134434,0,0,0,0,0,0,0,0,0,-0.260529776744164,0,0,0,0,2.19306329375643,0,0,0,0,-2.70185989962155,0.590419897892819,0,0,0,0,0,0,0,0,0,0,0,0.394225598168169,-0.950816880557553,0,0,0,0,1.25292138503644,0,0.0232781564200355,0,0.315295909637415,0,0,0,0,0,0,-1.67124955298274,0,0,0.0968180460016046,0,0,0,0,0.454668356516465,0.525881609435933,0,0,0,0,0,0
0,0,0,0,0,0,0,0,0,0,0.596643166533304,0,0,-0.312268387301103,0,0,0,0,0,0,0,0,0,0,0,0,0,0,0,0,0,0,0,0,0,0,0,0,0,0,0,0,0,1.23349690547473,0,0,0,0,0,0,0,0,0,0,0,0,0.501312655702127,0.144608552239547,0,0,0,0,0,0,0,0,0,0,0,0,0,0,0,0,0,0,0,0,0,-0.623848378741526,0,0,0,0,-0.2609740306905,0,0,0,0,0,0,0,0,0,0,0,-0.24416277981126,0,0,0,0.122718049082323,0,0,0,0,0,0,0,0,0,0,0,0,0,0,0,0,0,0,-0.0536123149098655,0,0,0,0,0,0,0.143215065640271,0,0,0,0,0,0,0,0,0,0,0,0,0,0,0,0,0,0,0,0,0,0,0,0,0,0,0,0,0,0,0,-0.202419662736921,0,0,0,0.530093224462442,0,0,0,0,0,0,0,0,0,0,0,0,0,0,0,0,0,0,0,0,0,0,0,0,0,0,0,0,0,0,0,0,0,0,0,0,0.52849070697725
0,0,0,0,0,0,0,0,0.0597056335111716,1.39149505354786,0,0,0,0,0,0,0,0,0,0,0,0,0,0,0,0.103731047699075,0,0,0,0,0,0,0,0,0,0,0,0,0,0,0,0,0,0,0,-0.138412574318337,0,0,0,0,0,-0.192680795692383,0,0,0,0,0,0,0,-0.054047588959351,0,0,0,0,0,-0.13560168605702,0,0,0,0,0,0,0,0,0,0,0,-0.0514439614321294,-0.24789571142314,0,0,0,-0.0625167260325057,0,0,0,0,0.101482522372789,0,0,0,0,0,0,0,0,0,0,0,0,0,0,0,0,0,0,0,0,0,0,0,0,0,-0.104407980717161,0,0,0,0,0,0,0,0,0,0,0,0,0,0,0,0,0,0,0,0,0,0,0,0,0,0,0.283335779033876,0,0,0,0,0.237365550772648,0,0,0,0,0,0,0,0,0,0,0,0,0,0,0,0,0,0,0,0,0,0,0,0,0,0,0,0,0,0,0,0,0,0,0,0,0,0,2.16555378099322,0,0,1.04963669478068,0,0,0,0,0,0,0,0,0,0,0,0
0,0,0,0,0,0,0,0,0,0.246828595550571,0,0,0,0,0,0,0,0,0,0,0,0,0,0,0,0,0,0,0,0,0,0.175272415573334,0,0,0,0,0,0,0,0,0,0,0,0,0,0,0,0,0,0,0,-0.0129367167968519,0,0,0,0,0,0,0,0,0,-0.0509640428778206,0,0,0,0,0,0,0,0,0,0,0,0,0,-0.134938323480887,0,0,0,0,0,0,0,0,0,0,0,0,0,0,0,0,0,0,0,0,0,0,0.0631983662698707,0,0,0,0,0,0,0,0,0,0,0,0,0,0,0,0,0,0,0,0,0,0,0,0,0,0,0,0,0,0,0,0,0,0,0,0,0,0,0,0,0,0,0,0,0,0,0.142011583880032,0,0,0,0,0,0,0,0,0,0,0,0,0,0,0,0,0,0,0,0,0,0,0,0,0,0,0,0,0,0.256263745111404,0,0,0,0,0,0,0,0,0.305308384248373,0,0,0.0790373468201455,0,0,0,0,0,0,0,0,0,0,0,0
0,0,0,0,0,0,0,0,0,0,0,-0.0187687115686543,0,0,0,0,0,0,0,0.120595447264431,0,0,0,0,0,0,0,0,0,0,0,1.41299931379229,0,0,0,-0.623868683790074,0,0,0,0,0,0,0,0,0,0,0,0,0,0,0,0,0,0,0,0,0,0,0,0,0,0,0,0,0,0,0,0,0,0,0,0,0,0,0,-0.371334716491522,0,-0.626373289130395,0,-0.397052258379146,0,0,0,0,0,0,0,0,0,-0.463765815623507,0,0,0,0,0,0.279784663577363,0,0,0,0,0,0,0,0,-0.0368298549904018,0,0,-0.272896613094833,0,0,0,0,0,0,0,0,0,-2.57713746807296,0,0,0,-0.185856534303235,0.0556513275931074,0,0,0,0,0,0,0,0,0,-0.870825649531981,0,-1.41516846477109,0,0,0,0,0,0,0,0,0,0,0,0,0,0,0.444216125501341,0,0,0,0,0,0,0,0,0,0,-1.10953698305714,0.347206739627021,0,0,0,0,0,0,-0.038064558270712,-0.984721143499415,0,0,0,0,0,0,0,0,0,0,0,0,0,0,0,-0.0525719995582445,0,0,0,0,-0.119993618681165,0,0,0.145731626766736,-0.303575894405234,0,0,0,0,0
0,0,0,0,0,0,0,-0.140054784391366,0,0,0,0,0,0,0,0,0,0,0,0,0,0,0,0,0,0,1.18561232250758,0,0,0,0,1.02414128347032,0,0,0,0,0,0,0,0,0,0,0,0,0,0,0,0,0,0,0,0,0,0,0,0,0,0,0,0,0,-0.0507643961170434,0,0,0,0,0,0,0,0,0,0,0,0,0,0,0,0,0,0,0,0,0,-0.0920720752755217,0,0,0,0,0,0,0,0,0,0,0,0,0,0,0,0,0,0,0,0,0,0,0,0,-0.00743087304957624,0,0,0,0,0,0,-0.405090220681906,0,0,0,0,0,0,0,0,0,0,0,0,0,0,0,0,0,0,0,0,0.317320860729975,0,0,0,0,0,0,-1.16418382917522,0,0,0,0,0,0,0,0,0,0,0,0,0,0,0,0,0,0,0,0,0,0,0,0,0,0,0,0,0,0,0,0,0,0,0,0,0,0,0,0,0,0,0,0,0,0,0,0,0,0,0,0,0,0,0,0
0,0,0,0,0,-0.0235875175130349,0,0,0,0,0,0,0,0,0,0,0,-0.0620903100786623,0,0,0.213601795303938,0,0,0,0,0,0.813393604676852,0,0,0,0,0.199243407971756,0,0,0,0,0,-1.00661639262727,0,0,0,0,0,0,0,0,0,0,0,0,0,0,0,0,0,0,0,0,0,0,0,0,0,0,0,-1.01457102157169,0,0,0,0,0.0249479318577186,0,0,0,0,0,0,0,0,0,-0.287176047110666,0,0,0,-0.053857600282335,0,0,0.00911331691422457,0,0,0,0,0,0,0,0,0,0,0,0,0,0,0,0,0,0,0,0,0,0,0,0,0,0,0.209681012782332,0,0,0,0,0,0,0,0,0,0,0,0,0,0,0,-0.106074605262685,0,0,0,0,0,0,0,0,0,0,0,0,0,0,0,0,0,0,0,0,0,0,0,0,0,0,0,0,0,0,0,0,0,0,0,0,0,0,0,0,0,0,0,0,0,0,0,0,0,0,0,0,0,0,0,0,0,0,0,0,0,0,0,0,0,0,0,0,0
0,0,0,0,0,0,0,0,0,0,0,0,0,0,0,0,0,0,0,0,0,0,0,0,0,0,0.796610498534634,0,0,0,0,0.520419791474993,0,0,0,0,0,0,0,0,0,0,0,0,0,0,0,0,0,0,0,0,0,0,0,0,0,0,0,0,0,0,0,-0.0896118478901997,0,0,0,0,0,0,0,0,0,0,0,0,0,0,0,0,0,0,0,0,0,0,0,0,0,0,0,0,0,0,0,0,0,0,0,0,0,0,0,0,0,0,0,0,0,0,0,0,0,0,0,0,0,0,0,0,0,0,0,0,0,0,0,0,0,0,0,0,0,0,0,0,0,0,0,0,0,0,0,0,0,0,0,0,0,0,0,0,0,0,0,0,0,0,0,0,0,0,0,0,0,0,0,0,0,0,0,0,0,0,0,0,0,0,0,0,0,0,0,0,0,0,0,0,0,0,0,0,0,0,0,0,0,0,0,0
0,0,0.325200812729894,0,0,0,0,0,0,0,0,0,0,0,0,0,0,0,0,0,0,0,0,0,0,0,1.7487349945526,0,0,0,0,0.719010541324939,0,0,0,0,0,0,0,0,0,0,0,0,0,0,0,0,0,0,0,0,0,0,0,0,0,0,0,0,0,0,0,-0.29579525751644,0,0,0,0,0,0,0,0,0,0,0,0,0,0,0,0,0,0,0,-0.193831619494538,0,0.407722814355414,0,0.0239534099484651,0,0,0,0,0,0,0,0,0,0,0,0.174546633109652,0,0,0,0,0,0,0,0,0,0,0,0,0,0,0,0,0,0,0,0,0,0,0,0,0,0,0.164640619052706,0,0,0,0,0,0,0,0,0,0,0,0,0,0,0,0,0,0,0,0,0,0,0,0,0,0,0,0,0,0,0,0,0,0,0,0,0,0,0,0,0,0,0,0,0,0,0,0,0,0,0,0,0,0,0,0,0,0,0,0,0,0,0,0,0,0,0,0,0,0,0,0,0
0,0,0,0,0,0,0,0,0,0.318832433128438,0,0,0,0,0,0,0,0,0,0,0,0,0,0,0,0,0,0,0,0,0,0.776134406419575,0,0,0,0,0,0,0,0,0,0,0,0,0,0,0,0,0,0,0,0,0,0,0,0,0,0,0,0,0,0,0,0,0,0,0,0,0,0,0,0,0,0,0,0,0,0,-0.428675521250476,0,0,0,0,0,0,0,0,0,0,0,0,0,0,0,0,0,0,0,0,0.458265088435714,0,0,0,0,0,0,0,0,0,0,0,0,0,0,0,0,0,0,0,0,0,0,0,0,0,0,0,0,0,0,0,0,0,0,0,0,0,0,0,0,0,0,0,0,0,0,0,0,0,0,0,0,0,0,0,0,0,0,0,0,0,0,0,0,0,0,0,0,0,0,0,0,0,0,0,0,0,0,0,0,0,0,0,0,0,0,0,0,0,0,0,0,0,0,0,0,0,0,0,0
0,0,0,0,0,0,0,0,0,0,0,0,0,0,0,0,0,0,0,0,0,0,0,0,0,0,0,0,0,0,0,0.398079639438359,0,0,0,0,0,0,0,0,0,0,0,0,0,0,0,0,0,0,0,0,0,0,0,0,0,0,0,0,0,0,0,0,0,0,0,0,0,0,0,0,0,0,0,0,0,0,-0.0315068405448171,0,0,0,0,0,0,0,0,0,0,0,0,0,0,0,0,0,0,0,0,0,0,0,0,0,0,0,0,0,0,0,0,0,0,0,0,0,0,0,0,0,0,0,0,0,0,0,0,0,0,0,0,0,0,0,0,0,0,0,0,0,0,0,0,0,0,0,0,0,0,0,0,0,0,0,0,0,0,0,0,0,0,0,0,0,0,0,0,0,0,0,0,0,0,0,0,0,0,-0.525911814131974,0,0,0,0,0,0,0,0,0,0,0,0,0,0,0,0,0,0,0,0,0,0
0,0,0,0,0,0,0,0,0,0,0,0,0,0,0,0,0,0,0,0,0,0,0,0,-0.0510072787179958,0,0,0,0,0,0,0.338935896972606,0,0,0,0,0,0,0,0,0,0,0,0,0,0,0,0,0,0,0,0,0,0,0,0,0,0,0,0,0,0,0,-0.657174017290387,0,0,0,0,0,0,0,0,0,0,0.0305016575237842,0,0,0,0,0,0,0,0,0,0,0,0,0,0,0,0,0,0,0,0,0,0,0,0,0,0,0,0,0,0,0,0,0,0,0,0,0,0,0,0,0,0,0,0,0,0,0,0,0,0,0,0,0,0,0,0,0,0,0,0,0,0,0,0,0,0,0,0,0,0,0,0,0,0,0,0,0,0,0,0,0,0,0,0,0,0,0,0,0,0,0,0,0,0,0,0,0,0,0,0,0,0,0,0,0,0,0,0,0,0,0,0,0.393199046932555,0,0,0,0,0,0,0,0,0,0,0,0
0,0,0,0,0,-0.11279807985837,-1.14005388876113,0,0,0.335378878296634,0,0,0,0,0,0,0,0,0,0,0,0,0,0,0,0.0318673463614043,0,0,0,0,0,0.575522237169051,0,0,0,0,0,0,0,0,0,0,0,0,0,0,0,0,0,0,0,0,0,0,0,-0.100861061489643,0,0,0,0,0,0.0159709068219824,0,-0.574953229299802,0,0,0,0,0,0,0,0,0,0,0,-0.350252337106848,0,0,0,0,0,0,-0.0578670040894977,0,0,0.322565854817332,0,0,0,0,0,0,0,0,0,0.236209717144523,0,0,0,0,0,0,0.592592968210248,0,0,0,0,0,0,-0.111248676034023,0,0,0,0,0.109193139732973,0,0,0,0,0,0.322951733034813,0,0,0,0,0,0,0,0,0,0,0,0,0,0,0,0,0,0,0,0,0,0,0.285141977195832,0,0,0,0,0,0,0,0,0,0,0,-0.031911630497041,0,0,0,0,0,0,0,0,0,0,0,0,0,0,0,0,0,0.416075510964721,0,0,0,0,0,0,0,0.144279123067291,0,-1.08700372205549,0,0,0,0,0,0.0327265373891179,0,0,0,0,0.300376000922637,0,0,0,0,0
0,0,0,0,0.160628661087498,0,-0.131342733540732,0.0189635141737257,0,0,0,0,0,0,0,0,0,0,0,0,0,0,0.0249410151018545,0,0,2.05661649888942,0,-0.15733660973047,0,0,0,0.230435082515663,0,0,0,0,0,0,0,0,0,0,0,0,0,0,0,0,0,0.0436504578908576,0,0,0,0,0,0,0,0.715819197552294,0,0,0,0,0,0.404916172212666,0,-3.12098514519303,0,0,0,0,0,-0.544994319295992,0,0,0,-0.224103725201819,0,-0.520602821826014,1.24371028548183,0,0,0,-0.879392607681559,-0.193735016355236,0,0.265896293037187,0,0,0,0,0,0,0,0,0,0.684378941832255,0,0,-0.0891813308036276,0,0,0.155653753499242,0,0,0,0,0,0.102214314734033,0,-0.13560608822052,0,0,0,0,0,0.821404950153751,0,0,0,0,0,0,0,0,0,0,0,-0.198392147474801,0.449810049813445,0,0,0,0,0,0,0,0,0,0,0.509815755285209,0,-0.418529997196153,0,0,0,0,0,0,0,0,0.286981736457212,0,-0.772723839862461,0,0,2.17986048534116,0,0,0,1.3537449491909,0,0,0.0466947419531285,0,0,0,0,0,-0.168422482957632,0,0,0,0,2.54343221275247,0,0.191217873024268,0,0,0,0,0,1.67215984858757,0,-0.821570708688111,2.46619091699958,0.893583824985452,0,-1.92955333865657,0,0,0,0,0,0,2.33370948523263,0,0,-0.370733235535541,0,0.753409180942269
0,0,0,0,0,0,0,0,0,0,0,0,0,0,0,0,0,0,-1.26153763626329,0,0,0,0,0,0,0,0,0,0,0,0,0,-0.3553604383687,0,0,0,-0.137161773864985,0,0,0,0,0,0,0,0,-0.824955366712903,0,-0.450961434859917,0,0,0,0,0,0,0,-0.479585714223084,0.298468194565339,0,0,0,0,0,0,0,0,0,0,0,0,0,0,0,0,0,0,0,0,-0.239333582602406,0,0,0.639503776669694,0.138820755347925,-0.726507610656797,0,0.0945938368715165,0,1.13133089763232,0,0,-0.589876528954343,0,0,0,0,0,1.24205117868384,0,-0.101251272638162,0.137816953544354,0,0,0,-0.268635560624042,0,0,0.787495195782362,0,0.207288690721776,-0.442857265965201,0,0,-2.62662050224373,0,0,0,0,0,0,0,0,0,0,0,0,0,0,0.258426207316818,-0.456046880065029,0,-0.06906580694984,0,0,0.0271389818739349,0,0,0,0,0,0,0,0,0,-0.435263026274803,-1.6439984023495,0,0,0,0,-0.281545605206059,0,0.270843439246456,0,0,-0.15893147351145,0,0,0,0,0,0.156460187675184,0,0,0,0,0,0,0,0,0,0,0,-0.161520606241243,0,0,5.97905986004193,0,0,0,0,0,0,0,0,0,-0.0233384956072107,0,0.00731815746393027,0,0,0,0,0,0,0,0,0,0,0,0,0
0,0,0,0,0,0,0,-0.437196842367936,0,0,0,0,0,0,0,0,0,0,-0.360961240733899,0,0,0,0,0,0,0,0,0,0,0,0,0.395902393622686,0,0,0,0,0,0,0,0,0,0,0,0,0,0,0,-0.441401632672637,0,0,0,0,0,0,0,-0.219620894012873,0,0,0,0,0,0,0,-0.118599422944196,0,0,0,0,0,0,0,0,0,0,0,0,0,0,-0.344164843050701,0,0.235114155164183,0,0,0,0,0,0,0,0,0,0,0,0,0,0,0.845895631260165,0,0,0,0,0,0,-0.466245167363615,0,0,0,0,0.255726510453919,-0.0250723796593257,0,0,-1.03359390941737,0,0,0,0,0,-0.31500375076035,0,0.284074017580419,0,-0.192107905117465,0,0,0,0,0,0,0,0,0,0,0,0,0.178234282291976,0,0,0,0,0,0,0,0,-1.99685139325162,0,0,0,0,0,0,0,0,0,0,0,0,0,0,0,0,0.0307580721031062,0,0,0,0,0,-0.0899242914683449,0,0,0,0,0,0,0,1.83049234198925,0,0,0,0,0,0,0,0,0,0,0,0,0,0,0,0,0,0,0,0,0,0,0,0,0
0,0,0,0,0,-3.69866682690203,0,0,0,0,0,0,0,0,0,0,0,0,0,-0.0200381709904724,0,0.594512232324631,0,0,0,0,0,0,0,0,0,0,0,0,0,0,0,0,0,0,0,0,0,0,0,0,0,-0.807520145769781,0,0,0,0,0,0,0,0,0,0,0,0,0,0,0,-0.143546641111797,0,0,0,0,0,0,0,0,0,0,0,0,0,0,0,0,0,0,0,0,0,0,0,0,0,0,0,0,0,0,0,0,0,0,0,0,0,0,0,0,0,0.101133483989489,0,0,0,0,0,0,0,0,0,0,0,0,0,0,0,-0.184488307989964,0,0,0,0,0,0,0,0,0,0,0,0,0,0,0,0,0,-0.00230848994719768,0,0,0,0,0,0,0,0.3768215329614,0,0,0,0.164202058094439,0,0,0,0,0,0,0,0,0.614235247351915,0,0,0,0,0,0,0,0.439305550396612,0,0,0,0,0,0,0,0,0,0,0,0,0,0,0,0,0,0,0,0,0,0,0,0,0,0,0,0,0,0,0
0,0,0,0,0,0,0,0,-0.141426486521126,0,0,0,0,-2.17724355533139,0,0,0,0,0,0,-0.676056788057844,0,0,0,0,-0.0861344825245742,0,0,0,0,0,0,0,0,0,0,0,0,0,0,0,0,0,-0.143570099305761,0,0,0,0,-1.20659761773111,0,0,0,-0.104482541504911,0,0,0,1.21021692101566,0,0,0,0,0,0,0,0,0,0,-0.743708138177969,0,0,-0.546856498617095,0,0,0,0,0,0,0,0,0.214407666341854,0,0,0,0,0,0,0.202923255240495,-0.582655718194388,0,0,0,0,0,0,0,0,0,0,0,0,0,0,0,0,7.34483049843725,0,0,0,0,3.86451238284278,0,0,0,0,0,0,0,0,0,0,0,-7.95903828177456,0,0,0,0.914607079042022,0,0,0,0,0,-0.552603216773504,0,0,0,0,0,0,0,0,0,0,0,0,0,0,0,0,0,0,0,5.10930284306245,0,0,-0.158717137671931,0,-0.789035799794609,0,0,0,0,0,0,0,0,0,0,0,0,0,-0.597943025348173,0,0,0,0.0496258753508421,0,0,0,0,0,0,0,0,-0.868587260902687,0.532149985468761,0,0,0,0,0,0,0,0,0,0,0,0,0,0,0
0,0,0,0,0,0,0.381290912400571,0,0,0,0,0,0,-2.33609175530809,0,0,0,0,0,0,0,0,0,0,0,0,0,-0.449071903551592,0,0,0,0,0,0,0,0,0,0,0,0,0,0,0,0,0.216385151568703,0,0,0,-1.64445630172902,0,0,0,0,0,0,0,0,0,0,0,0.483495675480224,-0.409196038432356,0,0,0,0,0,-0.21023426185699,0,0,-0.206236197619733,0,-0.278529234750627,0,0,0,0,0,0,0,0,0,0,0,0,0,0,0,0,0,0,0,0,0,0,0,0,0,-0.359554954445846,0,0,0.5353654337637,0,0,12.7000745818602,0,0,0,0,4.04235942378693,0,0,0,0,0,0,0,0,0,0,0,-6.08025560950074,0,0,0,2.49351931892542,0,0,0,0,0,0,0,0,0,0,0,0,0,0,0,0,0,0,0,0,0,0,0,0,0,5.61756742279003,0,0,0,0,-1.36443326422269,0,0,0,0,0,0,0,0,0,0,0,0,0,-0.514270761560647,0,0,0,0,0,0,0,0,0.157537342056939,0,0,0.558294579796135,0,0,0,0,0,0,0.0030463019125464,0,0,0.260081280152541,0,0,0,0,0,0,-0.100976116867368
0,0,-0.358049112029977,0,0,0,0,0,0,0,0,0,0,-2.18393527513285,0,0,0,0,0,-0.000750350144363976,0,0,0,0,0,0,0,-0.956800825676839,0,0,0,0,0,0,0,0,0,0,0,0,0.0489957445109495,0,0,-0.666525778632874,0.0596438598941373,-0.0212619427160401,0,0,-1.66510783480273,0,0,0,0,0,0,0,0,0,0,0,0,-0.309180818262361,0,0,0.152135333729825,0,0,-0.374285076411428,0,0,0,0,0,0,0,0,0,0,0,0,0,0,0,0,0,0,0,-0.387405068924542,0,0,0.0903616204762827,0,0,0,0,0,-0.0581478940278801,0,-0.605447949971049,0.110387610795105,0,0.408782629651504,0,0,9.9041176168594,0,0,0,0,3.27659151916919,0,0,0,0,0,0.00422494507656346,0,0,0,0,0,-6.96792194278895,0,0,0,2.1238932886409,0,0,0,0,0,0,0,0,0,0,0,0,0,0,0,0,0,0,0,0,0,-0.191944434966103,0.385574649236966,0,0,5.44798037975867,0,0,0,0,-1.11784352501573,0,0,-0.138024531793118,0,0,-0.0780586139306776,0,0,0,0,0.413804221182145,0,0,-0.109856227677155,0,0,0,0,0,0,0,0,0.297869115062435,0,-0.419397267456469,0.322622365871825,0,0,0,0,0,0,0.835053397375468,0,0,0,0,0.120973349943962,0,0,0,0,0
0,0,0,0,0,-1.27402656748969,0,0,0,0,0,0,0,0,0,0,-1.31935597971393,0,0,0,0,0,0,0,0,-0.181857062389051,0,-0.366490419157628,0,0.26599247926968,0,0.337150773287419,0,0,0,0,0,0,0,0,0,0,0,0,0,0,0,0,0,0,0,0,0,0,0,0,0,0,0,0,0.22042353329738,0,0,6.63102788420157,0,0,0,0,0,0,0,0,0,0,1.62441863831349,0,0,0,0.466801273885177,0,0,0,0,0,0.230922464141473,0.215179084594379,0,0,0,0,0,0.408869707732317,0,0,-0.333136627363992,-0.138342390055061,0,0,-1.04500279104912,0,-1.46642689116893,1.63011292377909,0,-0.0166820114565649,0,0,0,0,0,0,0,0,0,0,0,0,0,0,0,0.752831537908076,0,-1.06097836219043,0,0,0,-0.647578513627454,0,0,0,1.26218984458057,0,-0.410654950558794,0,0.0463251972979497,0,0,0,0,0,0.369480968023887,0,0,0,0,0,0,0,0,0,0,0.280346237978869,0.632757811356324,0,0,0,0,0,-0.0911973233987471,0,0,0,0,0,1.61957293079396,0,0,0,0,0,0,0,0.0445167053716613,0,0,0,0,-0.945786671594187,0,0,0,0,0,0,0,0,0,0,0,0,0,0,0,-1.36272534026431,0,0,0,0.754096009854686,0.0899778444240098,0,0
0,0,0,0,0,0,0,0,0,0,0,0,0,0,-0.15213695934886,0,-0.924948183992361,0,0,0,0,0,0,0,0,0,-0.237017940264379,-0.447529693410111,0,0,0,0.0295318877478303,0,0,0,0,0,0,0,0,0,0,0,0,0,0,0,0,0,0.105327843013793,-0.251349195136394,0,0,0,0,0,0,0,0,-0.202405540717334,0,0,0,0.0776707973993416,0,0,0,0,0,0,0,0,0,0,0.368434023957446,0,0,0,0.83900012593064,1.56471601838825,1.02896248020557,0,0,0,0,0,-0.361055943465549,0,0,0,0,0,0,0,0,0,0,0,0,4.7688186972875,0,0,0,0,0,0,0,0,0,0,0,0,0,0,0,0,0,0,0,0,0,0,-0.0974027633849759,0,0,0,0,0,0.476942147490578,0,0,0,0,0,0,0,0,0,0,0,0,0,0,0,0,0,0,0,0,0.350863533817671,0.176578100371433,0.382745638034954,0,0,0,0,0,0,0,0,0,0,0.00682968327298861,0,0,0,-0.278415599581515,0,0,0,0,0,0,0,0,0,0,0,0,0,0.0803759670551827,0,0,0,0,-0.0862293890763037,0,0.447376551538841,0,0,0,0,0,0,0.189135508309774,0,0,0,0,0
0,0,0,0,0,0,0.4572609755047,0,0,0,0.211033440036507,0,0,0,0,0,-0.318179805765806,0,0,0,0,0,0,0,0,0,1.66314676885365,0,0,0,0,1.40794266728762,0,0,0,0,0,0.480551374808498,0,0,0,0,0,0,0,0,0,0,0,0,0,0,0.196894993715437,0.474035481781429,0,0,0,0,0,0,0,-0.817656703926679,0,0,1.08274938107749,0,0,0.0262284233360561,0,0,0,0,0,0,0,0,0,0,-0.37123022192547,0,0,0,0.081229734728953,0,1.28317807376301,0.657661770976829,0,0,0,0,0.138862379356782,-0.244857427269448,0,0,0,0,0,0,0,0,0,0,0,-1.55960115076125,0,0,0,0.143454103225621,0,0,0,0,0,0,0,0,0,0,0,0,0,0,0,0,0,0,0,0,0,0,0,0,0,0,0,0.444240932652719,-1.28892719982599,0,0,0,0,0,0,0,0,0,0,0,0,0,0,0,0,0,0.369324054044635,0,0,0,0,0,0,0,0.269341644745067,0,0,0,-0.132507378752921,0,-0.398319806619855,0,0,0,0,0,0,0,0,0,0,0,0,0,2.83173445224191,0,0,-0.107724293669302,0,0,0,0,0,0,0,0,0,0,0,5.56980046697004,0,0
0,0,0,0,0,0,0.0904210736832127,0,0,0,0.0906499704947443,0,0,0,0,0,0,0,0,0,0,-0.0379368738392656,0,0,0,0,0.329790232277794,0,0,0,0,0.424192154886165,0,0,0,0,0,0,0,0,0,0.110015914807284,0,0,0,0,0,0,0,0,0,0,0,0.631361532847032,0,0,0,0,0,0,0,0,0,0,0,0,0,0,-0.199516664396615,0,0,0,0,0,0,0,0,0,0,0,0,0,0,0,1.62835815452971,0,0,0,0,0,0,-1.19033899134166,-0.0234766537210054,0,0,0,0,0,0,0,0,0,0,0,0,0,0,0,0,0,0,0.504778341367305,0,0,0,0,0,0,0,0,0,0,0,0,0,0,0,0,0,0,0,0,0,0,0,0,0,0,0,0,0,-0.348799183823588,0,0,0,0,0,0,0,0,0,0,-0.0939438829827703,0,0,0,0,0,0,0,0,0,0,0,0,0,-0.780731548196921,0,0,0,0.258218667821825,0,0,0,0,0,0.25396160803593,0,0,0,0,0,4.3285818141162,0,1.09799662239452,0,0,0,0,0,0,0,0,0,-0.080226770855006,0,0,5.46057520004541,0,0
0,0,0,0,0,0,0,0,0,-0.23614654809143,0,0,0,0,0,0,0,0,0,0,0,-0.367893378345813,0,0,0,0,0,0,0,0,-0.217043939404998,0.673174210409075,0,0,0,0,0,0.047409959362154,0,0,0,0,0,0,0,0,0,0,0,0,0,0,0,0,0,0,0,0,0,0,0,0,0,0,0,0,0,0,0,0,0,0,0,0,0.191137355188515,0,0,0,0,0,0,0,0,0,0.469425310795533,0,0,0,0,0,0,0,-0.697602557442107,0,0,0.445721552858302,0,0,0,0.311178860329703,0,0,0,0,0,0,0,0,0,0,0,0.0142689850737878,0,0,0,0,0,-0.885316988053567,0,0,0,0,0,0,0,0,0,0,0,0,0,0,0,0,0,0,0,0,0,0,0.263940682363718,0,0,0,0,0,0,0,0,0,0,0,0,0,0,0,0,0,0,0,0,0,0,0,0,0,-1.89561050853138,0,0,0,0.635045056628861,0,0,0,0,0,0,0,0,0.988098980613424,0.0435456825633995,0,5.08050084364105,-0.0533511865073413,0.163347773843304,0,0,0,0,0,0,0,0,0,-0.086001890818481,0,0,5.85929575236806,0,0
0,0,0,0,0,0,0,0,0,0,0,0,0,0,0,0,0,0,0,0,0,0,0,0,0,0,0,0,0,0,0,0,0,-0.43311945954036,0,0,0,0,0,0,0,0,0,0,0,0,0,0,0,0,0,0,0,0,0,0,0,0,0,0,0,0,0,0,0,0,0,0,0,0,0,0,0,0,0,0,0,0,0,0,0,0,0,0,0,0,0,0,0,0,0,0,0,0,0,0,0,0,0,0,0,0,0,0,0,0,0,0,0,0,0,0,0,0,0,0,0,0,0,0,0,0,0,0,0,0,0.00933941205374222,0,0,0,0,0,0,0,0,0,0,0,0,0,0,-0.468046408592344,0,0,0,0,0,0,0,0,0,0,0,0,0,0,0,0,0,0,0,0,0,0,0,0,-0.685689970352113,0,0,0,0,0,0,0,0,0,0,0,0,0,0,0,0,0,0,0,0,0,0,0,0,0,0,0,0,0,0,0,0,0
0,0,0,0,0,0,0,0,0,0,0,0,0,0,0,0,0,0,0,0,0,0,0,0,0,0,-0.367569731313132,0,0,0,-0.0196357719450588,0.147769984197166,0,0,0,0,0,0,0,0,0,0,0,0,0,0,0,0,0,0,0,0,0,0,0,0,0,0,0,0,0,0,0,0,0,0,0,0,0,0,0,0,0,0,0,0,0,0,0.35658846136772,-0.949233147650213,1.26012921614249,0,-0.435524955153929,0,0,0,0,0,0,0,0,0,0,0,0,0,0,0,0,0,0,0,0,0,0,0,0,0,0,0,0,0,0,0,0,0,0,0,0,-0.0694093508257774,0,0,0,0,0,0,1.45289224660817,0,0,0,0,0,0,0,0,0,0,0.113865937267112,0,0,0,0,0,0,0,0,0,-0.318247529586602,0,0.421354509825194,0,0,0,0,0,0,0,0,0,0,0,0,0,0.0860081241879371,0,0,0,0,0,0,0,0,0,0,-2.3501546071628,0,0,0,0,0,0,0,0,0,0,0,0,0,0,0,0,0,0,0,0,0,0,0,0,0
0,0,0,0,0,0,0,0,0,0.0656772881185843,0,0,0,0,0,0,-0.473709999169637,0,0,0,0,0,0,0,0,0,0,0.219243422126312,0,0,0,0.940167299776907,0,0,0,0,0,0,0,0,0,0,0,0,0,0,0,0,0,0,0,0,0,0,0,0,0,0,0,0,0,0,0,0,0,0,0,0,0,0,-0.123281104607942,-3.83210779071822,0,0,0,0,0,0,0.184532604972349,0,0,0,0,0,0,0,0,0.750440124320758,-0.299296281241964,-2.18024653346945,0,0,0,0.133633176582554,0,0,0,0,0,0,0,0,0,0,0,0,0,0,0,0,0,0,0,0,0,0,0,0,0,0,0,0,0,0,0,0,0,0,0,0,0,0,0,0,-0.672661650303699,0,0,0,0,0,0.051536638666555,0,0,0,0,0,0,0,0,-12.5659503038762,0,0,0.0465179921825052,0,0,0,0,0,-0.677005566629695,0,0,0,0,0,0,0,0,0,0,0,0,0,0,-0.143606031597002,-0.237145437244384,-0.523679599344071,0.103758413209058,0,0.0923897234427529,0,0.0238276767193157,0.4781597240332,0,0,0,0,0,0,0,0,0,0,0,0,0,0,0,0,0,0
0,0,0,0,0,0,0,0,0,0,0,0,0,0,0,0,-0.327728732532984,0,0,0,0,0,0,0,0,0,0,0,0,0,0.0935157296699798,1.0899481884567,0,0,0,0,0,0,0,0,0,0,0,0,0,0,0,0,0,0,0,0,0,0,0,0,0,0,0,-0.217757849673593,0,0,0,0,0,0,0,0,0,0,0,-4.05775783103735,0,0,0,0,0,0,0,0,0,0,0,0,0,0,0,0.238797715213363,-0.504329351936093,-1.78934241535685,0,0,0,0,0,0,0,0,0,0,0,0,0,0,0,0,0,0,0,0,0.143608029661641,0,0,0,0,0,0,0,0,0,0,0,0,0,0,0,0,0,0,0,0,0,0,0,-0.00845938236332322,0,0,0,0,0,0,0,0,0,0,0,0,0,0,-14.0167423963173,0,0,0,0,0,0,0,0,-0.803462248514361,0,0.357064297086214,0,0,-0.211647897942339,0,0,0,0,0,0,0,0,0,0,0,0,0,0,0.0245728871508506,0,0,0.37051485808251,0,0,-1.07876606952373,0,0,0,0,0,0,0,0,0,0,0,0,0,0,0
0,0,0,0,0,0,0,0,0,0,0,0,0,0,0,0,-0.431718392825388,0,0,0,0,0,0,0,0,0,0,0,0,0,0.128751511212246,0.542943679633769,0,0,0,0,0,0,0,0,0,0,0,0,0,0,0,0,0,0,0,0,0,0,0,0,0,0,0,0,0,0,0,0,0,0,0,0,0,0,0,-3.90732352636286,0,0,0,0,0,0,0,0,0,0,0,0,-0.746783703862886,0,0,0,-0.372862163803648,-1.2174411017002,0,0,0,0.162962084858582,0,0,0,0,0,0,0,-0.181510152027438,0,0,0,0,0,0,0,0,0.0488336864330465,0,0,0,0,0,0,0,0,0,0,0,0,0,0,0,0,0,0,0,0,0,0,0,0,0,0,0,0,0,0,0,0,0,0,0,0,0,0,-14.2169867208089,0,0,0.200032995448144,0,0,0,0,0,-0.377927924222707,0,0,0,0,0,0,0,0,0,0,0,0,0,0,0,0,0,0,0,0.00678277564513086,0,0,0,0,0.408203349362841,-0.0689139478989071,0,0,0,0,0,0,0,0,0,0,0,0,0,0,0
0,0,0,0,0,0,0,0,0,0,0,0,0,0,0,0,-0.26503472294029,0,0,0,0,0,0,0,0,0,-0.833024579318479,0,0,0,0,0,0,0,0,0.303514622293795,0,0,0,0,0,0,0,0,0,0,0,0,0,0,0,0,0,0,0,0,0,0,0,0,0,0,0,0,0,0,0.278328788728774,0,0,0,0,-3.49380856591177,0,0,0,0,0,0,0,0,0,0,0,0,-0.973206991805804,0,0,0,-0.130535680079904,0,0,0,-0.151159995778694,0,0,0,0,0,0,0,0,0,0,0,0,0,0,0,0,0,0,0,0.0278856965406438,0,0,0,0,0,0,0,0,0,0,0,0,0,0,0,0,0,0,0,0,0,0.0338440786253722,0,0,0.519957284208325,0,0,0,0,0,0,0,0,0,0,0,-14.2568758741721,0,0,0,0,0,0,0,0,0,0.298332983474363,0,0,0,0,0,-0.243886370905409,0,0,0,0,0,0,0,0,-0.00622470603800784,0,0,-0.0836890140520388,0,0,-0.45287439197242,0,0.0512485062378796,0,0,0,0,0,0,0,0,0,0,0,-0.0606268217781853,0,0,0,0,0
0,0,1.47352321508349,0,-0.0961636201106546,0,0,0,0,0,0,0,0,0,0,0,0,0,0,0,0,0,0,0,0,0,0,0,0,0,0,0.416899071022956,0,0,0,0,0,0,0,0,0,0,0,-0.170340296182563,0,0,0,0,0,0,0,0,0,0,0,0,-0.431534883996565,-0.448949268800551,0,0,0,0,0,0.574737677109655,0,0,0,0,0,0,0,0.35900651530348,0,0,0,0,0,0,0.525427012403441,0,0,0.369429898380058,0,-0.762626834644258,-0.684020214672751,-0.125391503861613,0,0,0,0,0,0,0,0,0,0,0,-0.0734600458295711,0,0,0,0,1.56309845935562,0,-0.343247379143887,0,0,0.42061251183637,0,0,0,0,0,0.718946725549213,0,0,0,0,0,0,0,0,0.140848010643882,0,0,0.579416969900422,0,0,0,0,-0.620990002515446,0,0,0,0,0,0,0,0,0.572027945429272,0,0.319583193936917,0,0,0,0,0,0,-0.10841232628916,-0.32025480298101,0,0,-0.0387653847910989,0,0,0,0,0,0,0,0,0,0,0,0,0,0.0909210534683167,0,0,0,0,0,0,0,0,0,0,0,0.551412248701449,0,0,0,0,0,0.267527877554719,0,0,0,0,0,0,0,0.0590040419134896,0,0,0,0,-0.498886047080039,0,0
0,0,0,0,0,0,0,0,0,0,0,0,0,0,0,0,0,0,0,0,0,0,0,0,0,0,0,0,0,0,0,0.377636985428733,0,0,0,0,0,0,0,0,0,0,0,0,0,0,0,0,0,0,0,0,0,0,0,0,0,0,0,0,0,0,0,0,0,0,0,0,0,0,0,-6.50057876671209,0,0,0,0,0,0,0,-0.23608021135276,0,0,0,0,-1.15433144181628,0,0,0,0,0,0,0,0,0,0,0,0,0,0,0,-0.263310596094323,0,0,0,0,0,0,0.199115255059868,-0.0451864526513075,0,0,0.236104888338493,0,0,0,0,0,0,0,0,0,0,0,0,0,0,0,0,0,0,0,0,0,0,0.0413296905290006,0,0,0,0,0,-0.504937621881048,0,0,0,0,0,0,0,0,-0.793568495977237,0,0,0.24185005200383,0,0,0,0,0,0,0,0,0,0,0,0,0,0,0,0,0,0,0,0,0,0,0,0,0,0,0,0,0,0,0,0,0.457959150053193,0,0,0,0,0,0,0,0,0,0,0,0,0,0
0,0,0,0,0,-0.381999998266966,0,0,0,0,0,0,0,0,0,0,0,0,0,0,0,0,0,0,0,0,0,0,0,0,0,0.469105519795572,0,0,0,0,0,0,0,0,0,0,0,0,0,0,0,0,0,0,0,0,0,0,0,0,0,0,0,0,0,0,0,0,0,-0.671926301982201,0,0,0,0,0,-6.75950093500967,0,0,0,0,0,0,0,-0.900329433229571,0,0,0,0,-0.29985457432981,0,0,0,0,0,0,0,-0.0688321019254929,0,0,0,0,0,0,0,-0.295057672688238,-0.218820934298473,0,0,0,0,0,0.0323170893896234,0,0,0,0.0989552881638436,0,0,0,0,0,0,0,0,0,0,0,0,0,0,0,0,0,-0.00638154910901756,-0.117036469495275,0,0,0,0,0,0,0,0,0,-0.646824329253182,0,0,0,0,0,0,0,0,-0.911165307923128,0,0,0.345375714099042,0,0,0,0,0,0,0,0,0,0,0,0,0,0,0,-0.0546951137534748,0,0,0,0,0,0,0,0,0,0,0,0,0,0,0,0,0,0,0,0,0,0,0,0,0,0,0,0,0,0,0
0.279882414487864,0,0,0,0,0,0,0,0,0,0,0,0,0,0,0.129596444110096,0,0.820468379107646,0,0,0,0,0,12.845480753333,-0.42124791645977,-0.323623263563529,0,0.0511569891054462,0,0,0,0.716058178861674,0.178251625921044,0,0,0.398747031119052,-0.619925544393714,1.6418275363917,0,0,0,0,0,0,0,0,0,0,0,0,0,0,0,0,0.954131029662754,0,0,0,0,0,0.686844761518521,0.5833525513202,-0.155939854480414,0,0,0,0.141496616874503,0,0.0481435941425286,0,0,0,0,0.508962159435473,0,0,0,0,0,0,0,0,-1.01138820313141,2.43134282717987,-1.53376331433473,0,-1.92519257292221,0.18526421813053,0,0,0,-0.0872677349067625,0,0,0,-2.49147162888655,-0.29745418784274,-2.36467716226901,0,0,0,1.6104938172649,0,0,0,-0.220040249516305,0,0,-2.32081191505258,0,0,0,0,0,0.748123493895235,0,0,0,0,-0.0576715716771354,0,0.0342600749112298,-0.690030596526305,0,0,-0.708083945881684,0,1.34755120414991,-0.194195379115309,0,0,0,0,0,0.409025912654817,-0.19471350183746,0.94208791154102,0,0,0,0,-0.335246153919248,0,0,-0.0745845510961707,0,0,0,0,0,0.871318067008898,0,0,0,0.938273515458851,0,0,0,0,-0.938955041152387,0,0,0,-0.843879996947365,0,-0.376176407838559,0,0,0,-2.5714027494752,0,0,0,0,0,0,-1.30707170222003,0.453979651087543,0,0,0,0,0,0,0,-0.477576638964793,0,1.16888417129961,0,0,-0.174590366607856,0,-1.58681276593014,-1.0963276961286,0,0,-0.0727225342223439,0.235432428882842,0,0
0,0,0,0,0,0,0.0418882391258202,0,0,0,0,0,0,0,0,0,0,0,0,0,0.310702455101342,0,0,0,0,0,0,0,0,0,0,1.41645116063623,0,0,0,0,-0.653236063747053,0,0,0,0,0,0,0,0,0,0,0,0,0,0,0,0,0,0,0,0,0,0,0,0,0,0,0,0,-1.57368008347031,0,0,0,0,0,0,0,0,0,0,0,0,-0.160407413043163,0,0,0,0,0,0,0,0,0,0,0,0,0,0,0,0,0,0,0,0,0,0,0,0,0,0,0,0,0,0,0,0,0,0,0,0,0,0,0,0,0,0,0,0,0,0,0,0,0,0,0,0,0,0,0,0,0,-0.0258998142626106,0,0,0.254442358249977,0,0,0,0,0,0,0,0.863211044419254,0,0,0,0,0,0,0,0,0,0,0,0,0,0,0,0,0,0,0,0,0,0,0,0,0,0,0,0,0,0,0,0,0,0.278935562100032,0,-0.310225541154832,0,0,0,0,0,0,0,0,0,0,0,0,0,0,0,0
0,0,0,0,0,0,0,0,0,0,0,0,0,0,0,0,0,0,0,0,0,0,0,0,0,0,0,0,0,0,0,1.35830062523032,0,0,0,0,-0.371976540956349,0,0,0,0,0,0,0,0,0,0,0,0,0,0,0,0,0,0,0,0,0,0,0,0,0,0,0,0,0,0,0,0,0,0,0,0,0,0,0,0,0,0,0,0,0,0,0,0,0,0,0,0,0,0,0,0,0,0,0,0,0,0,0,0,0,0,0,0,0,0,0,-0.0260288860587714,0,0,0,0,0,0,0,0,0,0,0,0,0,0,0,0,0,0,0,0,0,0,0,0,0,0,0,-0.226110278901138,0,0,0.00566716427082992,0.62602208905066,0,0,0,0,0,0,0,0,0,0,0,0,0,0,0,0,0,0,0,0,0,0,0,0,0,0,0,0,0,0,0,0,0,0,0,0,0,0,0,0,0,0,0,0,0,0,0,0,0,0,0,0,0,0,0,0,0,0,0
0,0,0,0,0,0,0,0,0,0,0,0,0,0,0,0,0,0,0,0,0,0,0,0,0,0,0,0,-0.0970854601737721,0,0,1.61991149156584,0,0,0,0,0,0,0,0,0,0,0,0,0,0,0,0,0,0,0,0,0,0,0,0,0,0.0669631487809914,0,0.196536174403183,0,0,0,0,0,0,0,0,0.0736751492943726,0,0,0,0,0,0,0,0,0,0,0,0,0,0,0,0,0,0.562663224206899,0,0,0,0,0,0,0,0,0,0,0,0,0,0,0,0,0,-0.149747545839849,0,0,0,0,0,0,0,0,0.0160295528259584,0,0,0,0,0,0,0,0,0,0,0,0,0,0,0,0,0,0,0,0,0,0,-0.205466906614305,0,0,0,0.865246703023456,0,0,0,0,0,0,0,0,0,0,0,0,0,0,0,0,0,0,0,0,0,-0.362452349535028,0,0,0,0,0,0,0,0,0,0,0,0,0,0,0,0,0,0,0,0,0,0,0,0,1.29840235933822,0,0,0.0424902372671765,0,0,0,0,0,0,0,0,0
0,0,0,0,0,0,0,0,0,0,0,0,0,0,0,0,0,0,0,0,0,0,0,0,0,0,0,0,0,0,0.404627727489309,1.36192426144726,0,0,0,0,0,0,0,0,-0.363920508817511,0,0,0.00836257253764949,0,0,0,0,0,0,0,0,0,0,0,0,0,0.388140423517841,0,0,0,0,0,0,0,0,0,0,0,0.107316247984199,0,0,0,0,0,0,0,0,0,0,0,0,0,-0.809294913688889,0,0,0,0,0,-0.618227366099949,0,0,0,0,0,0,0,0.393017070657213,0,0,0,0,0,0,-0.297389500200759,0,0,0,0,0,0,-0.248091599138202,0,0,0,0,0,0,0,0,0,0,0,0,0,0,0.283079230176104,0,0,0,0,0,0,0,0,0,-0.383337611852399,0,0,0,0.20484208690359,0,0,0,0,0,0,0,-0.0575674970718201,0,0,0,0,0,0,0,0,0,0,0,1.11099439833719,0,0,0,0,0,0.016962421913741,0,0,0,0,0,0,0,0,0.0537824077885511,-0.156912386588746,0,0,0,0,0,0,-0.0909483671278091,0,0,0,0,0,0,0,0,0,0,0,-0.615786475713998,0,0,0,0
0,0,0,0,0,0,0,0,0,0,0,0,0,0,0,0,0,0,0,0,0,0,0,0,0,0,0.958182744649901,0,0,0,0,1.78236232424302,0,0,0,0,0,0,0,0,0,0,0,0,0,0,0,0,0,0,0,0,0,0,0,0,0,0,0,0,0,0,0,0,0,0,0,0,0,0,0,0,0,0,0,0,0,0,-0.488688343339904,0,0,0,0,0,0,0,0,0,0,0,0,0,0,0,0,0,0,0,0,0,0,0,0,0,0,0,0,0,0,0,0,0,0,0,0,0,0,0,0,0,0,0,0,0,0,0,0,0,0,0,0,0,0,0,0,0,-0.806675241242836,0,0,0,0,0,0,0,0,0,0,0,0,0,0,0,0,0,0,0,0,0,0,0,0.281677273024982,0,0,0,0,0,0,0,0,0,0,0,0,0,0,0,0,0,0,0,0,0,0,0,0,0,0,0,0,0,0,0,0,0,0,0,0,0,0,0
0,0,0,0,0,0,0,0,0,0,0,0,0,0,0,0,0,0,0,0.00373903808093234,0,0,0,0,0,0,1.33892282671394,0,0,0,0,1.55774912455364,0,0,0,0,-0.276959009424288,0,0,0,0,0,0,0,0,0,0,0,0,0,0,0,0,0,0,0,0,0.012276169066322,0,0,0,0,0,0,-0.00445549510864907,0,0,0,0,0,0,0,0,0,0,0,0,0,-0.138495288079235,0,0,0,0,0,0,0,0,0,0,0,0,0,0,0,0,0,0,0,0,0,0,0,0,0,0,0,0,0,0,0,0,0,0,0,0,0.0327254548881832,0,0,0,0,0,0,0,0,0,0,0,0,0,0,0,0,0,0,0,0,-0.719324649254689,0,0,0,0.172441459859807,0,0,0,0,0,0,0,0,0,0,0,0,0,0,0,0,0,0,0,0.945772520646617,0,0,0,0,0,0,0,0,0,0,0,0,0,0,0,0,0,0,0,0,0,0,-0.163399952648047,0,0,0,0,0,0,0,0,0,0,0,0,0,0,0,0
0,0,0,0,0,0,0,0,0,0,0,0,0,0,0,0,0,0,0,0.145076103829126,0,0,0,0,0,0,1.83054133662014,0,0,0,0,1.60342649064717,0,0,0,0,-0.365267212518206,0.231844552754262,0,0,0,0,0,0.162350606401369,0,0,0,0,0,0,0,0,0,0,0,0,0,0,0,0,0,0,0,0,0,0,0,0,0,0,0,0,0,0,0,0,0,0,0.0842398146004026,0,0,0,0,0,0,0,0,0,0,0,0,0,0,0,-0.163132109840145,0,0,0,0,0,0,0,0,0,0,0,0,0,0,0,0,0,0,0,0,0,0,0,0,0,0,0,0,0,0,0,0,0,0,0,0,0,0,0,0,0,-0.998613542285864,0,0,0,0,0,0,0,0,0,0,0,0,0,0,0,0,0,0,0,0,0,0,0,1.04737803735892,0,0,0,0,0,0,0,0,0,0.0515775650667032,0,0,0,0,0,0,0,0,0,0,0,0,0,0,0,0,0,0,0,0,0,0,0,0,0,0,0,0,0
0,0,0,0,0,0,0,0,0,0,0,0,0,0,0,0,0,0,0,0,0,0,0,0,0,0,1.22567244424283,0,0,0,0,1.7566851866188,0,0,0,0,0,0,0,0,0,0,0,0,0,0,0,0,0,0,0,0,0,0,0,0,0,0,0,0,0,0,0,0,0,0,0,0,0,0,0,0,0,0,0,0,0,0,0,0,0,0,0,0,0,0,0,0,0,0,0,0,0,0,-0.068765553647967,0,0,0,0,0,0,0,0,0,0,0,0,0,0,0,0,0,0,0,0,0,0,0,0,0,0,0,0,0,0,0,0,0,0,0,0,-0.0565415993604774,0,0,0,0,-0.783819773178103,0,0,0,0,0,0,0.0312994791753316,0,0,0,0,0,0,0,0,0,0,0,0,0,0,0,0,0.319685078351838,0,0,0,0,0,0,0,0,0,0,0,0,0,0,0,0,0,0,0,0,0,0,0,0,0,0,0,0,0,0,0,0,0,0,0,0,0.0762668578643062,0,0
0,0,0,0,0,0,0,0,0,0,0,0,0,0,0,0,0,0,0,0,0,0,0,0,0,0,1.31430240190602,0,0,0,0,1.52103423371758,0,0,0,0,0,0,0,0,0,0,0,0,0,0,0,0,0,0,0,0,0,0,0,0,0,0,0,0,0,0,0,0,0,0,0,0,0,0,0,0,0,0,0,0,0,0,0.0403696544012464,0,0,0,0,0,0,0,0,0,0,0,0,0,0,0,0,0,0,0,0,0,0,0,0,0,0,0,0,0,0,0,0,0,0,0,0,0,0,0,0,0,0,0,0,0,0,0,0,0,0,0,0,-0.457138141461243,0,0,0,0,-1.22555740928058,0,0,0,0,0,0,0,0,0,0,0,0,0,0,0,0,0,0,0,0,0,0,0,0,0,0,0,0,0,0.113985557471772,0,-0.0891148073189065,0,0,0,0,0,0,0,0,-0.0516345482833174,0,0,0,0,0,-0.717336014819318,0,0,0,0,0,0,0,0,0,0,0,0,0,0.315885315946379,0,0
0,0,0,0,0,0,0,0,0,0,0,0,0,0,0,0,0,0,0,0,0,0,0,0,0,0,0.813965848944288,0,0,0,0.0230255033822644,1.5389463197274,0,0,0,0,0,0,0,0,0,0,0,0,0,0,0,0,0,0,0,0,0,0,0,0,0,0,0,0,0,0,0,0,0,0,0,0,0,0,0,0,0,0,0.0593359293695879,0,0,0,0,0,0,0,0,0,0,0,0,0.0710875601964653,0,0,0,0,0,0,0,0,0,0,0,0,0,0,0,0,0,0,0,0,0,0,0,0,0,0,0,0,0,0,0,0,0,0,0,0,0,0,0,0,0,0,0,-0.0285509270244058,0,0,0,0,-0.802132441354064,0,0,0,0,0,0,0,0,0,0,0,0,0,0,0,0,0,0,0,0,0,0,0,0,0,0,0,0,0,0,0,-0.5815179018466,0,0,0,0,0,0,0,0,0,0,0,0,0,0,0,0,0,0,0,0,0,0,0,0,0,0,0,0,0,0,0
0,0,0,0,0,0,0,0,0,0,0,0,0,0,0,0,0,0,0,0,0,0,0,0,0,0,0.0808140593150908,0,0,0,0,1.78631712270022,0,0,0,0,0,0,0,0,0,0,0,0,0,0,0,0,0,0,0,0,0,0,0,0,0,0,0,0,0,0,0,0,0,0,0,0,0,0,0,0,0,0,0,0,0,0,0,0,0,0,0,0,0,0,0,0,0,0,0,0,0,0,0,0,0,0,0,0,0,0,0,0,0,0,0,0,0,0,0,0,0,0,0,0,0,0,0,0,0,0,0,0,0,0,0,0,0,0,0,-0.55314082089548,0,0,0,0,-0.290369631615846,0,0,0,0,0,0,0,0,0,0,0,0,0,0,0,0,0,0,0,0,0,0,0,0.210681803663432,0,0,0,0,0,0,0,0,0,0,0,0,0,0,0,0,0,0,0,0,0,0,0,0,0,0,0,0,0,0,0,0,0,0,0,0,0.191616011777736,0,0
0,0,0,0,0,0,0,0,0,-0.0879730771413465,0,0,0,0,0,0,0,0,0,0,0,0,0,0,0,0,0,0,0,0,0,1.22925569904554,0,0,0,0,0,0,0,0,0,0,0,0,0,0,0,0,0,0,0,0,0,0,0,0,0,0,0,0,0,0,0,0,0,0,0,0,0,0,0,0,0,0,0,0,0,0,0,0,0,0,0,0,0,0,0,0,0,0,0,0,0,0,0,0,0,0,0,0,0,0,0,0,0,0,0,0,0,0,0,0,0,0,0,0,0,0,0,0,0,0,0,0,0,0,0,0,0,0,0,-1.10036505694449,0,0,0,0,-0.885654944430902,0,0,0,0,0,0,0,0,0,0,0,0,0,0,0,0,0,0,0,0,0,0,0,0,0,0,0,0,0,0.00910552194698888,0,0,0,0,0,0,0,0,0,0,0,0,0,0,0,0,0,0,0,0,0,0,0,0,0,0,0,0,0,0,0,0,0
0,0,-0.0592533187602668,0,0,0,0,0,0,0,0,0,0,0,0,0,0,0,0,0,0,0,0,0,0,0,0,0,0,0,0,1.34052090362826,0,0,0,0,0,0,0,0,0,0,0,0,0,0,0,0,0,0,0,0,0,0,0,0,0,0,0,0,0,0,0,0,0,0,0,0,0,0,0,0,0,0,0,0,0,0,-0.295864183095108,0,0.0394495848326866,0,0,0,0,0,0,0,0,0,0,0,0,0,0,0,0,0,0,0,0,0,0,0,0,0,0,0,0,0,0,0,0,0,0,0,0,0,0,0,0,0,0,0,0,0,-0.588857645497592,0,0,0,0,-0.712679263455965,0,0,0,0,-0.0106139831363297,0,0,0,0,0,0,0,0,0,0,0,0,0,0,0,0,0,0,0,0,0,0,0,0,0,0,0,0,0,0,0,0,0,0,0,0,0,0,0,0,0,0,0,0,0,0,-0.723904880047416,0,0,0,0,0,0,0,0,0,0,0,0,0,0,0,0
0,0,0,0,0,0,0,0,0,0,0,0,0,0,0,0,0,0,0,0,0,0,0,0,0,0,0,0,0,0,0,0.905131280453961,0,0,0,0,0,0,0,0,0,0,0,0,0,0,0,0,0,0,0,0,0,0,0,0,0,0,0,0,0,0,0,0,0,0,0,0,0,0,0,0,0,0,0,0,0,0,-0.0614947891938709,0,0,0,0,0,-0.0128770548265826,0,-0.590815809210299,0,0,0,0,0,0,0,0,0,0,0,0,0,0,0,0,0,0,0,0,0,0,0,0,0,0,0,0,0,0,0,0,0,0,0,0,0,0,0,0,0,0,0,0,-0.738478278321127,0,0,0,0,-0.315299298570929,0,0,0,0,0,0,0,0,0,0,0,0,0,0,0,0,0,0,0,0,0,0,0,0,0,0,0,0,0,0,0,0,0,0,0,0,0,0,0,0,0,0,0,0,0,0,-0.58866544710812,0,0,0,0,0,0,0,0,0,0,0,0,0,0,0,0
0,0,0,0,0,0,0,0,0,0,0,0,0,0,0,0,0,0,0,0,0,0,0,0,0,0,0,0,0,0,0,1.19128592908102,0,0,0,0,0,0,0,0,0,0,0,0,0,0,0,0,0,0,0,0,0,0,0,0,0,0,0,0,0,0,0,0,0,0.0287580685258404,0,0,0,0,0,0,0,0,0,0,0,0,-0.855326808986019,0,0,0,0,0,0,0,0,0,0,0,0,0,0,0,0,0,0,0,0,0,0,0,0,0,0,0,0,0,0,0,0,0,0,0,0,0,0,0,0,0,-0.199341657727577,0,0,0,0,0,0,0,0,0,0,-0.14172970606616,0,0,0,0,0,0,0,0,0,0,0,0,0,0,0,0,0,0,0,0,0,0,0,0,0,0,0,0,0,0,0,0,0,0,0,0,0,0,0,0,0,0,0,0,0,0,0,0,0,0,0,0,0,0,0,0,0,0,0,0,0,0,0,0,0,0,0,0
0,0,0,0,0,-0.0547560783413961,0,0,0,0,0,0,0,0,0,0,0,0,0,0,0,0,0,0,0,0,0,0.295567973095813,0,0,0,0.85901532094274,0,0,0,0,0,0,0,0,0,0,0,0,0,0,0,0,0,0,0,0,0,0,0,0,0,0,0,0,0,0,0,0,0,0,0,0,0,0,0,0,0,0,0,0,0,0,0.205818296233955,0,-1.33839405346207,0,0,0,0,-0.235882790498068,0,0,0,0,0,0,0,0,0,0,0,0,0,0,0,0,0,0,0,0,-1.78600953980575,0,0,0,0,0,0,0,0,0,0,0,0,0,-0.0905620110115242,0,0,0,0,0,0,0,0,0,-0.117152918378011,0,0,0,0,0,0,0,0,0,0,0,0,0.434340355019362,0,0,0,0,0,0,0,0,0,0,0,0,0,0,0,0,0,0,0,0,0,0,0,0,0,0,0,0,0,0,0,0,0,0,0,0,0,0,0,0,0,0,0,0,0,0,0,0,0,0,0,0,0,0,0,0
0,0,0,0,0,0,0,0,0,0,0,0,0,0,0,0,0,0,0,0,0,0,0,0,0,0,0,0,0,0,0,0.712117486621755,0,0,0,0,0,0,0,0,0,0,0,0,0,0,0,0,0,0,0,0,0,0,0,0,0,0,0,0,0,0,0,-0.483611600979015,0,-0.612662796136764,0,0,0,0,0,0,0,0,0,0,0,0,0,0,0,0,0,0,0,0,0,0,0,0,0,0,0,0,0,0,0,0,0,0,0,0,0,0,0,0,-0.688258575653581,0,0,0,0,0,0,0,0,0,0,0,0,0,0,0,0,0,0,0,0,0,0,0,0,0,0,0,0,0,0,0,0,0,0,0,0,0,0,0,0,0.343557984417668,0,0,0,0,0,0,0,0,0,0,0,0,0,0,0,0,0,0,0,0,0,0,0,0,0,0,0,0,0,0,0,0,0,0,0,0,0,0,0,0,0,0,0,0,0,0,0,0,0,0,0,0
0,0,0,0,0,0,0,0,0,0,0,0,0,0,0,0,0,0,0,0,0,0,0,0,0,0,0,0,0,0,0,0.404108390856243,0,0,0,0,0,0,0,0,0,0,0,0,0,0,0,0,0,0,0,0,0,0,0,0,0,0,0,0,0,0,0,-0.0624274439772761,0,0,0,0,0,0,0,0,0,0,0,0,0,0,-0.0815198846530794,0,0,0,0,0,0,0,0,0,0,0,0,0,0,0,0,0,0,0,0,0,0,0,0,0,0,0,-0.0245053582222081,0,0,0,0,0,0,0,0,0,0,0,0,0,0,0,0,0,0,0,0,0,0,0,0,0,0,0,0.386782874013988,0,0,0,0,0,0,0,0,0,0,0,0,0,0,0,0,0,0,0,0,0,0,0,0,0,0,0,0,0,0,0,0,0,0,0,0,0,0,0,0,0.382544780257737,0,0,0,0,0,0,0,0,0,0,0,0,0,0,0,0,0,0,0,0,0,0,0,0
0,0,0,0,0,-0.0487448876610488,0,0,0,0.730553177968445,0,0,0,0,0,0,0,0,0,0,0.0830410597196907,0,0,0,0,0,0,0,-0.53093846626468,0,0,1.53340279060533,0.0882739646549144,0,0,0,0,0.739424238933422,0,0,0,0,0,0,0,0.225571930369139,1.12183761318983,0,0,0,0,0,0,0,0,-0.227572725640696,-0.451381525579941,0,0,0,0,0,0,0,0,0,0,0,0,0,0,0,0,0,0.086965941093653,0,0,0,-0.781417089935634,0,2.10143224132457,0,0,0.194304419897019,0,0,0,0,-0.0593987971330261,0,0,0,0,0,0,0.0661016870258293,0,0,0,0,0,0,-0.0737462550471102,0,0,0,-0.460514910350997,0,0,0,0,0,0,0,0,0,-0.747523352935596,0,0,0,0.136337879111996,0,0,0,0,0,0,0,0,-0.0685856816520072,0,0,0,0,0,0,0,0,0,0,-0.347479969365333,0.183256895304832,0,0,0,0,0,0,0,0.726054688925842,0,0,0,0,0,-0.57197763020156,-0.0684374474991287,0,0,0,0.522606409621669,0,0,-0.379055778144076,0,0,0,0,0,0,0,0,0,0,0,0.0241837154975215,0,0.359026869199985,0,0,0,0,0,-1.32289755507531,0,0,0.238025546979394,0,0,0,0.0175029781850995,0,0,0,2.55184351165265,0,0,0,0,0
0,0,0,0,0,0,0,0,0,0,0.302706031490643,0,0,0,0,0,0,0,0,0,0,0,0,0,-1.17380098017968,0,0,0,0,0,0,0.539385978972751,0,0,0,0,1.74448620099428,0,0,0,0,0.664922728502862,0,0,0,0,0,0,0,0,0,0,0,0,0,0,0,0.0668042948270535,0,0,0,0,0,0,0,0,0,0,0.0839152238059775,0,0,0,0,0,0,0,0,0,0,0,0,0,0,0,0,0.804963710995165,0,0,0,0,0,0,0,0,0,0,0,0,0,0,0,0,0,0,0,0,0,0,0,0,0,0,0,0,0,0,0,0,0,0.445457154280635,2.74014410667935,0,0,0,0,0,-0.199850387747787,0,0,0,0.387375174706631,0,0,0,0,0,0,0,0,0,0,0,0,0,0,0,0,0,0,0,0,0,0,0.601651882569565,0,0,0,0,0,0,0,0,0,-0.238290171914515,0,0,0,0,0,0,0,0,0,0,0,0.0417165877428924,0,0,0,0,0,0,0,0,0,0,0,1.62212126108471,0,0,0.397857274499208,0,0,0,0,-0.373538845918019,0,0.336733766962943,0,0
0,0,0,0,0,0,0,0,0,0,0,0,0,0,0,0,0,0,0,0,0,0,0,0,0,0,0,0,0,0,0,0.31183163944014,0,0,0,0,0,0,0,0,0,0,0,0,0,0,0,0,0,0,0,0,0,0,0,0,0,0,0,0,0,0,0,0,0,-0.151382045158148,0,0,0,0,0,0,0,0,0,0,0,0,0,0,0,0,0,0,0,0,0,0,0,0,0,0,0,0,0,0,0,0,0,0,0,0,0,0,0,0,0,0,0,0,0,0,0,0,0,0,0,0,0,0,-0.00173800179170414,0,0,0,0,0,0,0,0,0,0,0,0,0,0,0,0,0,0,0,0,0,0,0,0,0,0,0,0,0,0,0,0,0,0,0,0,0,0,0,0,0,0,0,0,0,0,0,0,0,0,0,0,0,0,0,0,0,0,0,0,0,0,0,0,0,0,0,0,0,0,0,0,0,0,0,0,0,0,0
0,0,0,0,0,0,0,0,0,0,0,0,0,0,0,0,0,0,0,0,0,0,0,0,0,0,-0.830079680922865,-0.0761305372079946,0,0,0,0.636651237276056,0,0,0,0,0,0,0,0,0,0,0,0,0,0,0,0,0,0,0,0,0,0,0,0,0,0,0,0,0,0,0,0,0,-0.426111881813872,0,0,0,0,0,0,0,0,0,0,0,0,-0.309421902035976,0,0,0,0,0,0,0,0,0.424574372834687,0,0,0,0,0,0,0,0,0,0,0,0,0,0,0,0,0,0,0,0,0,0,0,0,0,-0.277425141832913,0.0691141906331871,0,0,0,0,0,0,0,0,0,0,0,0,0,0,0,0,0,0,0,0,0,0,0,0,0,0,0,0,0,0,0,0,0,0,0,0,0,0,0,0,0,0,0,0,0.15175127834167,0,0,0,0,0,0,0,0,0,0,0,0,0,0,0,0,0,0,0,-0.73523831922221,0,0,0,-0.236065512148702,0,0,0,0,0,0,0,0,0,0,0,0,0,0,0,0
0,0,2.01358716496991,0,0,0,0.563689902589694,0.863941559874327,0,0,0,0,0,0,0,0,0,0,0,0,0,0,0,0,0,0,0,0,0,0,0,0.31855832057326,0,0,0,0.271676721335779,0,-0.635615573047988,0,0,0,0,0,0,0,0.374506675956235,0,0,0,0,0,0,0,0,0,0.0532265893172401,0,0.52140943893533,0,0,0,-0.923977108913502,0,0.0296774230567829,1.21923249497919,0,0,0,0,0,0,0,0,0,0,0,0,-0.343819549490116,0,0,-0.697164920093949,0,0,0,0,0,0,0,0,0,0,0,0,0,0,0,0,0,0,0,0,0,0,0,0,0,0,0.35896694560207,0,0,0,0.160738454938559,0,0,-1.35112554250773,0,0,0,0,0,0,0,0,0,0,0,0,0,0,0,0,0,0,0,0,0,-0.550605294087523,0,0,0,0,0,0,0,0,0,0,-0.164636366630296,0,0,0,0,0,0,0,0,0,0,0,0,0,0,0,0,0,0,0,0,0.175901533265021,0,0,0,0,-0.156471632479786,0.223988064364766,0,0,0,0,0,0,0,0,0,0,0,0,0,0,-0.323774397741644,0,0,0,0,0,0,0.132313746284397,0,0,0
0,0,0,0,0,0,0,0,0,-0.0225900564844501,0,0,0,0,0,0,0,0,0,0,0,0,0,0,0,0,0,0,0.60891416087387,0,0,0.803569038503346,0,0,0,0,0,-0.343520679808203,0,0,0,0,0,0,0,0,0,0,0,0,0,0,0,0,0,0,0,0,0,0,0,0,0,0,0,-0.139156931260568,0,0,0,0,0,0,0,0,0,0,0,0,0,0,0,0,0,0,0,0.157399712918026,0,0,0,-0.399001575636494,0,0,0,0,0,0,0,0,0,0,0,0,0,0,0,0,0,0,0,0,0,0,0,0,0,-0.213217482723368,0,0,0,0,0,0,0,0,0,0,0,0,0,0,0,0,0,0,0,0,0,0,0,0,0.333301500997564,0,0,0,0,0,0,0,0,0,0,0,-0.314330886671611,0,0,0,0,0,0,0,0,0,0,0,0,0,0,0,0,0,0,0,0,0,0,0.583986992690573,0,0,0,0,0,0,0,0,0,0,0,0,0,0,0,0,0,0,0,0,0,0,0,0
0,0,0,0,0,0,0,0,0,-0.918546853439981,0,0,0,0,0,0,0,0,0,0,0,0,0,0,0,0,0,-0.43620711161874,0,0,0,0.316941733076462,0,0,0,0,0,0,0,0,0,0,0,0,0,0,0,0,0,0,0,0,0,0,0,0.112149715181451,0,0,0,0,0,0,0,-0.409784670542874,0,0,0,0.000660457810880644,0,0,0,0,0,0,0,0,0,0,0,0,0,0,0,0,0,0,0,0,0,0,0,0,0,0,0,0,0,0,0,0,0,0,0,0,0,0,0,0,0,0,0,0,0,0,0,0,0,0,0,0,0,0,0,0,0,0,0,0,0,0,0,0,0,0,0,0,0,0,0,0,0,0,0,-0.0973049282494225,0,0,0,0,0,0,0,0,0,0,0,0,0,0,0,0,0,0,0,0,0,0,0,0,0,0,0,0,0,0,0,0,0,0,0,0,0,0,0,0,0,0,0,0,0,-0.074707131981121,0,0,0,0,0,0,0,0,0,0
0,0.0776692738850553,-0.158411475671015,0,0,0,0,0,-0.309783376497465,0,0,0,0,0,0,0,0,0,0,1.49158637358844,0,0,0,0,0,0,0,0,0.0355062016411913,0,-2.40847127663052,0.0313610798563044,0,0.656747523376883,0,0,0,0,0,-0.0222031305011052,0,0,0,-2.42996367087004,0.0383124637461303,-0.916213499378685,0,0,0,0,0,0,-0.0174797090831433,0,0,0,0,0.0718660906850523,0,0,0,-0.736390405897518,0,-1.48445698237338,0,0,0.532273867426767,0.203084543651845,0,0,0,0,0,0,1.33757077802251,0,0,0,0,0,0,0,0,0,0,0,0,0,0,0.14124401583498,0,0.116200183978334,0,0,-0.187971814734039,-0.153821810697109,0,-0.419568498774401,0,0,0,0.238749000369856,0,1.21321540131187,0,0,0,0,0,0,0,0,0,0,0,0.0841264855580295,0,0,0,0.0194130154882965,0,0,0,0,0,0,0,0,0,0,0,-0.355531240157568,0,0,0,0,0,0,0,0,0,0,0,0,0,0,0,0,0,0,0,0,0,0,0,0,0,0.895416471404019,-0.209384377155439,0.0190543897602329,0.0854735777097135,0,0.0310936409753428,0,0,0.283687404517126,0,0.3309814539594,0,-0.373043456068759,0,0,0,0,0,0,0,0,0,0,0,0,0,0,0,0,-0.3626681778539,0,0,-1.30851827749828,0,0,0,0,0,0,0,0,0,1.96511242144651
0,0,0,0,0,0,0.348945516284777,0,0,0,0,0,0,0,0,0,0,0,0,0,0,0,0,0,0,0,0,0,0,0,0,0.899454413152322,0,0,0,0,0,0,0,0,0,0,0,0,0,0.194627475426375,0,0,0,0,0,0,0,0,0,0,0,0,0,0,0,0,0,0,0,-0.0920989224145718,0,0,0,0,0,0,0,0,0,-0.333608150231763,0,0,0,0,0,0,0,0,0,0.609875589473598,0,0,0,0,0,0.347088708251081,0,0,0,0,0,0,0,0,0,0,0,0,0,0,0,0,0,0,0,0,0,0,0,0.536144471687646,0,0,0,0,0,0,0,0,0,0,0,0,0,0,0,0,0,0,0,0,0,0,0,0,0,0,0,0,0,0,0,0,0,0,0,0,0,0,0,0,0,0,0,0,0,0,0,0,0,0,0,0,0,0,0,0,0,0,0,0,0,0,0,0,0,0,0,0,-0.300250106117975,0,0,0,0,0,0,0,0,0,0,0,0,0,0,0
0,0,0,0,0,0,0,0,0,0,0,0,0,0,0,0,0,0,0,0,0,0,0,0,-0.209716675947704,0,0,0,0,0,0,0.612173414866986,0,0,0,0,0,0,0,0,0,0,0,0,0,0,0,0,0,0,0,0,0,0,0,0,0,0,0,0,0,0,0,0,0,-0.67787403754245,0,0,0,0,0,0,0,0,0,0,0,0,0,-0.329520146967054,0,0,0,0,0,0,0,0,0,0,0,0,0,0,0,0,0,0,0,0,0,0,0,0,0,0,0,0,0,0,0,0,0,0,0,0,0,0,0,0,0,0,0,0,0,0,0,0,0,0,0,0,0,0,0,0,0,0,0,0,0,0,0,0,0,0,0,0,0,0,0,0,0,0,0,0,0,0,0,0,0.226548518739637,0,-0.43093850012706,0,0,0,0,0,0,0,0,0,0,0,0,0,0,0,0,0,0,0,0,0,0,0,0,-0.613136997951711,0,0,0,0,0,0,0,0,0,0,0,0
0,0,0.118016431705213,0,0,0,0,0,0,0,0,0,0,0,0,0,0,0,0,0,0,0,0,0,0,0,0,0,0,0,0,0.361822957631305,0,0,0,0,0,0,0,0,0,0,0,0,0,0,0,0,0,0,0,0,0,0,0,0,0,0,0,0,0,0,0,0,0,0,0,0,0,0,0,0,0,0,0,0,0,0,1.53859312955124,-0.413512338995152,0,0,0,0,-0.327684410813368,0,0,0,0,0,0,0,0,0,0,0,0,0,0,0,0,0,0,0,0,0,0,0,0,0,0,0,0,0,0,0,0,0,0,0,0,0,0,0,0,0,0.0306685699307556,0,0,0,0,0,0.514760746362129,0,0,0,0,0,0,0,0,0,0,0,0,0,0,0,0,0,0,0,0,0,0.0909356525024172,0,0,0,0,0,0,0,-0.0926851766477366,0,0,0,0,0,0,0,0,0,0,0,0,0,0,0,0,0,0,0,0,0,0,0,0,0,0,0,0,0,0,0,0,0,0,0.0386108545580317,0,0
0,0,0,0,0.033678693970504,0,-0.607416138229515,0,0,0,0,0,0,0,1.04354383165742,0,-1.14044559944746,0,0,0,0,-0.224396664578129,0,0.574661633014078,0,0,0.0900360388882346,0,0,0,0,0.24682087281727,0,0.0836875082854323,0,0,0,0,0,0,0,0,0,0,0,0.00658941150533465,0,0,0,0,0,0,0,0,0,0.15821489951744,0,0,0,0,0,0,0,0,-1.25327526931813,0,0,0,0,0,0,-2.52860165021908,0,0,0.883546772892434,-0.525701427360805,0,1.79793741468533,0,0.204864759236164,0,0,0,-0.0147528520705182,0,0,0,0,0.261262609924973,-0.612028640217346,0,0,0,0,0,0.721359889627494,0,9.17448932843802,0.57906923124999,0,0.13746572377583,0.477213463218418,0,0,0,0,0,0,-0.539707183152005,0,0,0,0,0,0,-1.12746816950167,0,0,0,0,0.388720008848547,0,-0.820430462496115,0,0,0,0.340102860308327,0,0,0,0,0,0,0,0,0,0,0,0,0,0,0,0,0,0,0,0,0,0,-0.278728372537788,0,0,0.285542729498691,-0.200370487503903,0,0,0,0,-0.34532208991734,0,0,0,0,0,0,0,0,0,0,0,0,0,0,0,0,0,-1.45783243223539,0,0,0,0,0,-0.447489612963677,0,0,0.5471574147358,0,0,0,0,0,0,0,-4.26850724667876,0,0,0,0,0,0
-0.212775865411247,0,0,0,0,0,0,0,-6.54307997965248,0,0,0,1.6367040265812,2.90686998747536,1.09738729699958,0,0,0,0,0,0,-0.343558501389062,-1.13022665300273,0.19933781203968,-0.0768384453803221,-0.888093133396683,0,0.161511708973225,0,-6.68340043015359,0,0,0.321821796631781,1.49909148299805,0,0,-0.493194248513488,2.33414462499616,0,-1.63609184081168,0,0,0,0,0,0,0,1.42979388253962,0,0,0,0,-4.00433772021239,0,0,0,0,0,-0.802264284359603,0,1.61645669327388,-0.602146257014003,-0.507889597630622,0,0,0,0.647877815994915,0,0,0.64714303337888,0,0,0,0,2.26255981792949,0,-0.869939411903176,0,0,0,0,3.83013958755646,0,-4.769866848635,0,0,0,0.0534252303458502,0,2.28678300857193,0,-1.54937474056359,1.44948637710412,0,-2.81409915149019,2.26959805826009,0,0,-0.609116305740755,0,0,0,0,-0.631743082052379,0,10.5316435793575,0,0,0.185355137520211,0,0,0,0.435847734526196,0,0,0,0,0,0,0,0.776278335751023,0,0,0,0,0,-5.56329362846794,0,0,-1.77116350865331,0,0,0,0,1.67763988046637,0,0.00286050125493653,0,0,0,0,0,-0.514480619948111,0,-0.242351375575377,-0.442439011047109,0,3.72551130091951,-3.1783979607676,0.766946012345563,6.01324458512682,0,1.31046531624018,0,1.45468165194702,0,0,0,0.923501622959761,0,0,2.81744649174692,0,0,0,-0.823083405307881,0,-0.988625061467758,3.08353789300687,0,-0.0848497506344363,0,0,-0.272708110999785,0,0,1.73340634962863,0,-1.27035223450139,-2.2860924317046,0,0,1.27442661736438,0,0.399495847393296,-0.683214208030025,0,0,0,-2.23628458513102,-2.20245245422807,1.12363905415948,-0.312710452039739,1.19598766948275,0,2.2810995368463,0,0,-0.613232974582056,0
0,0,0.591111226535177,0,0,0.374083661132121,0,0,0,0,0,0,-0.670042764336265,0.326618424352178,0,0,0,0,0,0,0,0,0,0,0,0,0.439614356560403,0,0,-0.333215678107973,0,0,0,0,-0.226641053488522,0,0,0,0,0,0,0,0,0,0,0,0,0,0,0,0,1.68755821420406,0,0.482516473340528,-4.02459327372013,-1.35343265415117,0.090943577221448,0,0,0,0,0,0,0.0229322379834329,0,0,0,0,0,0,0,0,0.447311576342311,0,1.77935332757766,0,0,0,0,0,0,0,-0.578315105081395,0,0,0,0,0,0,0,0,0,0,0,-3.08150472964546,1.43435129218127,0,-0.333430056905438,0,0,0,1.47227577423028,0,0,0,0.151758733472353,-0.61213962830279,-1.54788171477676,0,0,0,0,-0.109477474846072,-0.412594790202203,0,-0.217915976454775,0,0.572532128386237,-0.251983516181793,0,0,0,0,0,0,0,0,0,-1.78998232033335,0,0,0,0,0,0,0,0.700364217601648,0,0,0,0,0,0,-0.164475446683692,0,0,0,0,0,-0.603376042985609,0,0,0,0,-0.794224920457198,0,0,0,0,0,-0.0274224396453371,0,-0.541169940034477,-0.66255490572085,0,0,0,0,0,0,0,0,0.396175560204259,0,0,0,1.19058633060766,0.0245936070265029,0,-1.56441650563983,0,0,0,-2.3390065404953,0,0,0,0.354961583668185,0,0,-0.328555658064585,0,0,0.125429961146107,0,0,0,0,0,0.600819618677015
0,0,0,0,0,0.848275201987599,-0.0871308464570844,0,0,-0.065653800559639,0,0,-1.4780101280842,0,0,0,0,0,0,0,0,0,0,0,0.41855646606407,0,0.4765682740247,0,0.329469604048343,0,0,0,0,0,-0.233928843145403,0,0,0,0,0,0,0,0,0,-0.584337788391088,-0.0561287889362485,0,0,0,0,0,1.15103233811951,0,0.742950245917162,-4.6818573916533,-1.67886522801327,0.778387814285652,0,0,0,0,0,0,0.194987188846496,0,0,0,0,0,0,0,0,0.343107807691827,0.6632674464987,1.89838625259171,0,0,0,0,0,0,-0.0897349535027265,0,0,0,0,0,0,0,0,0,0,-0.691413605863387,0,-2.57298883242205,1.64097214838351,0,-0.816503429882281,0,0,0,1.83212639860251,0,0,0,0,-0.651278471883735,-1.30894583959303,0,0,0.126070869309984,0,0,-0.0856555665153835,0,-0.436508903763354,0,1.02897127542735,-0.507995335976407,0.535851344855188,0,0,0,0,0,0,0,0,-1.97315450566235,0,0,-0.666526094640135,0,0,0,0,1.01801547190621,0,0,0,0,0,0,0,0,0,0,0,0,0,0,0,0,0,-1.20041681146404,0,0,0,0,0,-0.884731535029386,-0.245241982527229,-0.41496479432416,-1.47080797397283,0,0,0,0,0,0,0,0,0.741664935187852,0,0,0,0.360046953484729,1.05679031695583,0,-1.33614949108186,-0.460712826501516,0,0,-2.89251755476748,0,0.107001859952283,0,1.18218674649196,0,0,-0.0188374332295336,-1.1772158238551,0,0.0147325720751754,0,0,0,0,0,0.563744948052514
0,0,0,0,0,0.321390741669642,0,0,0,-0.173223980268314,0,0,-0.0938079937953038,0,0,0,0,0,0,0,0,0,0,0,0,0,0,0,0,-0.503020690333872,0,0,0,0,-0.340947722335819,0,1.65416578567717,0,0,0,0,0,0,0,0,0,0,0,0,0,0,0.852485501735182,0,0,-2.39010583873422,-1.1728085319541,0.0656842247681251,0,0,0,-0.0128148551896357,0,0,0,0,0,0,0,0,0,0,0,0.491763858930364,0,1.14173234397651,0.386303911454632,0,0,0,0.368410557020063,0,-0.249622439606186,0,0,0,0,-0.13874924473549,0,0,0,0,0,0,0,-0.496011010011181,0.0254174128643501,0,0,0,0,0,1.09533652321963,0,0,0,0,-0.243315112037991,0,0,0.237782332246225,0.192225222543726,0,0,0,0,0,0,0.171776366369825,0,0,0,0,0,0,0,0,0,0,-0.1926934184041,0,0,0,0,0,0,0,0,0,0,0,0,0,0,0,0,0,0,0,0,0,0,0,0,0,0,0,0,0,0,0,0,-0.400684328298791,0,-0.54434313865554,0,0,0,0.263992562448827,-0.123133956468882,0,0,0,0,0,0,0,0,0.0545222329821222,0,0,0,0,0,-1.36047835002196,0,0,0,0.0529196789681037,0,0,0,0,0,0,0,0,0,0,0,0
0,0,0,0,0,0,0,0,0,0,0,0,0,0,0,0,0,0,-0.989652715872386,0,0,0,0,0,0,0,0,0,0,0,-0.429694516219932,2.33649434576563,0,0,0,0,0,-0.169266667708803,0,0,0,0,0,0,0,0,0,0,0,0,0,0,0,0,0,0,0,0,0,0,0,0,0,0,-0.0835830354964049,0,0,0,0,0,0,0,0,0,0,0,0,0,-0.306751929083758,0.275360322315142,0,0,0,0,0,0,0,0,0,0,0,0,0,0,0,-0.0680700463130566,0,0,0,0,0,0,0,0,0,-0.026718574253044,0,0,0,0,0,1.31755123237559,0,0,0,0,0,0,0,0,0,0,0,0,0,0,0,0,0,0,-0.000820652505793884,0,0,0,0,0,0,0,0,0,0.0755640894960805,0,0,0,0,0,0,0,0,0,0,0,0,0,0,0,0,0,0,0,0,0,0,0,0,0,0,0,0,0,0,0,0,0,0,0,0,0,0,0,0,0,0,0,0,0,0,0,0,0,0,0,0,0,0,0,0,0,1.12232522766062,0
0,0.761387251046548,0.0965855419338382,0,0,0,0,0,0,0,0,0,0,0,0,0,0.669534480069428,0,0,0,0,0,0,0.405731034714994,0,0,0.186535808890721,0,0,-2.12074573507304,0,0.740593505293957,0,0,0,0,2.21439492033868,0,0,0.0809501176393173,0,0,0,0,0,0,0,0,0,0,0,0,0,-0.10341624536089,0,0,0,0,0,0,-0.327329695041311,0,0,-0.769382863109115,0,0,-0.290230758968146,0,0,0,0,0,0,0.0837186173296258,0,0,0,0,0,0,0,0,-0.0632033113405051,0,0,0.664575840506564,0,0,0,0,0,-0.395568936992819,0,0,0,0,-0.257919115807435,0,0.440586195715998,0,-0.10184907500977,0,0,0,0,0,0,0,0.677512373447781,0,0,0.277088154547166,0,0,0,0,0,0,-0.402289746897499,0,0,0,0,0,0,0,0,-0.515503471935724,0,0,0,0,0,0,0,0,0,0,0,0,0,-0.152916363941276,0,0,0,0,0,0,0,0,0,0,0,0,0,0,0,0,0,-0.220058371421165,0,-0.373044379864854,0,0,0,0,0,0,0,0,0,0,0,0,0,0,0,0.783809261728052,0,-0.00311787657958096,0,-0.484699284490775,0,0.0126772137785169,0,0,0,-0.168770422349065,0,0,0.43121995008614,0,0,0,0,0,0,0,0,0
0,0,0,0,0,0,0,0.355025188352162,0,0,0,0,0,0,0,0,0,0,0,0,0,0,0,0,0,0,0,0,0,0,0,0.227454731492952,0,0,0,0,0.175916603875214,0,0,0,0,0,0,0,0,0,0,0,0,0,0,0,0,-0.234847008619484,0,0,0,0,0,0,0,0,0,0,0,0,0,0,0,0,0,0,0,0,0,0,0,0,-0.941964728240682,0,4.35931461688069,0,0,0,0.270905946600379,0,0,0,0,0,0,0,0,0,0,0.267448752724589,0,0,0,0,0,0,0,0,0,0,0,0,0,0,0,0,0,0,0,1.41646826441127,0,0,0,0,0,0,0,0,0,0,0,0,0,0,-2.46271491269717,0,0,0,0,0,0,0,0,0.386497169735788,0,0,0,0,0,0,0,0,0,0,0,0,0,0,0,0,0,0,0,0,0,0,-0.502421015008852,0,0,0,0,0.0207255777329283,0,0,0,0,0,0,0,0,0,0,0,0,0,0,0,0,0,0,0,1.64745831740104,0,0,0,0,-1.18740454502106,0,0,0,0,0,0,0
0,0,0.300770748482228,0,0,0,1.45763675989127,0,0,0,0,0,0,0,0,0,-0.0109888579595523,0,0.00816699305491997,0,0,0,0.0685008435182588,0,0,0,0.57731055819195,0,0,0,0,0,0,0.54987174930428,0,0,0,0,0,0,0,0,0,0,0,1.35749495805958,0,0,-0.135078402284719,0,0,0,0,0,0,-0.810474085509484,0,0,0,0,0,0,0.202393002649123,0,0,0,0,0,0,0,0,0,0,0,0,0.407959633274191,0,0.00593251572177156,0,0,0,0,-1.29684785373368,0,0,0.947946962159536,0,0,0,0,0,0,0,0,0,0,0,0,0,0,0,0,0,0,0,0,0,0,-0.611152789117686,0.0494901908633232,0,0,0,0.124990936995355,0,0,0,-0.183782007475977,0,0,0,0,0,0,0,0,0,-0.294820678422009,0,0,0,0,-0.97542987634005,0,0,0,0,0,0,-0.203046899313787,0,0,0,0,0.0942516701404683,0,0,-0.464402940772569,0,-0.293057250401933,-0.0378102717705275,0,0,0,0,0,0,0,0,0,0.695067179539051,-0.0523950454713968,0,0,0,0,0,0,0.465487533700498,0,0,-0.0848199250314263,0,0,-0.0403075126570427,0,0,0,0,0,0.395592509513953,0,0,0,0,0,0,-1.0604368118159,0,0,0.56418996525718,0,0,0,0,0,0,0,0,0
0,0,0,0,0,0,0.891628884995089,0,0,0,0,0,0,0,0,0,0,0,0,0,0,0,0,0,0,0,0,-0.0629209120822563,0,0,0,0,0,0.420134913467726,0,0,0,-0.406409079457771,0,0,0,0,0,0,0,1.17310297283672,0,0,0,0,0,0,0,0,0,-0.440938535213514,0,0,0,0,0,0,0,-0.181242233036383,0,0,0,0,0,0,0,0,0,0,0,0.160016784707379,0,0,0,0,0,0,-0.799897896596247,0,0,0.408829783829574,0,0,0,0,0,0,0,0,0.381315714250048,0,0,0,0,-0.0614415028627182,0,0,0,0,0,0,0,0,0,0,0,0,0,0,0,0,0,-0.839621440796987,0,0,0,0,0,0,0,0,0,0,0,0,0,0,-0.588125296650375,0,0,0,0,0,0,0,0,0,0,0,0.118535804710403,0,0,0,0,-0.293534544471826,0,0,0,0,0,0,0,0,0,0,0.4973828110773,0,0,0,0,0,0,0,0,0,0,0,0,0,0,0,0,0,0,0,0,0,0,0,0,0,0,-0.223250473777348,0,0,0,0,0,0,0,0,0,0,0,0
0,0,0.687015473919523,0,0,0.147989813462489,0,0,0,-0.446466444173343,0,0,0,0,0,0,0,0,0,0,0,0,0,0,0,0,0,0,0,0,0,0.970478723759255,0,0,0,0,0,0,0,0,0.0372598990217921,0,0,0,0,0,0,0,0,0,0,0,0,0,0,0,0,0,0,0,0,0,0,-1.44727684841881,0.0563663831789036,-2.17779099914112,1.62209424982984,0,0,0,0,0,0,0,0,0,0,0,0.644758828293511,0,0,0,-0.175612055280675,0.0852246200839442,0,0.557860229182883,0,0,0,0,0,0,0,0,0,0,0,0,0,0,0,0,-0.284694722702917,0.111218825627234,0,0,0,0.512898582271549,0,0,0,0,0,0,0,0,0,0,0,0,0,0,0,0,0,0,-0.994595435693129,0,0,0,0,0,0,0,0,0,0,0,0,0.117850268418439,0,0,0,0,0,0,0,0,0,0,0,0,0,0,0,0,0,0,0,0,-0.0216895822026772,0,0,0,0,0,0,0,-0.919800756848366,0,0,0,0,0,0.519835700178114,0,0,0,0,0,0,0,0,0,0,0,0,-0.218249532110099,0,0,0,0,0,0,0,0,0,0,0,0
1.89988676672133,0,0.0160492460293862,-6.14640404666411,1.47044934537651,-1.16226478173866,0,0,-12.7492735137533,0,0,1.65838337246533,0,0,0,0,0,0,0,0,0,0,0,0,-1.24667811729167,0,-0.882691382546372,0,0,0,-0.461183057934833,0,0,0,0,0,0.827234385210757,0,0,0,-0.564103178735718,0,1.86198048771839,0,0,0,-0.32290250511018,0,0.808305962462773,0,0,0,0,0,0.0219313197579136,0,0,0,0,0,0,0.252867436615577,0,0,0,0,0,0,0,0,0,0,-0.590153332206249,0,0,0,0,0,0,0,0.724613689502331,-1.39806684966105,0,0,0,0,0,0,0,0,0,0,0,0,0,-0.18606531325779,-0.0162882118575256,0,0,0,0,0,0,0.304506637101715,0,0,-0.791104380449935,0,0,0,0,0,0,0,0,0,0,0,0,0,0,-0.329077014564771,0,0,0,0,0,0,0.0744539702093201,0.403686960163094,0.432402702073891,0,0.497983624475568,0,0,0,0,0,-0.138805026357063,0,0,-0.211590574463106,0,0,0,0,0,-0.657502467042645,0,0,0,0,0,0,0,0,0,0,0,0.404861017871845,0.577451513053645,0,-0.292443855008035,-1.49066542587489,-3.45387290877268,-0.022686208257918,0,0,0,0.537367456818213,-0.377162049437012,-0.190146062232621,0,0,-0.75125575932491,0.914269352309117,0.377651539498651,0,0,0,0,0,0,0,0,0,0,0,0,0,1.46749187595372,0,0,-0.0369164590001934,-0.18236738370706,0,0,0,0,0
0,0,2.38616008411076,0,0,0,0,0,0,0,0,0,0,0,0,0,0,0,-0.400820143642481,0,0,0,0,0,0.400448554324812,0,0,0,0,-4.41490298087905,-0.569876694077225,0,0,-0.270761041405459,0,0,0,0,0,0,0,0,-0.84694856146835,0,0,-1.53356647775321,0,0,0,0,0,-0.439954665919171,0,0,0,-0.556270041065291,0,0,0,0,0.100596883404052,-0.352024893619914,0,-0.797043732976376,-0.0238451694914654,0,0,0,0,0,0,0,0,-0.0183888936418048,0,0,0,-0.833704976015571,0,0.706340261931236,1.98019134208251,0,0,0.131320609473207,0.766907565334518,0,0,0,0,0,0,0,0,0,-0.27123577683089,0,0,0.204087676816661,2.44214991573549,0,-0.0180118906900768,-0.803531699638623,-0.124173138527028,0,0,0,-1.54438966504896,0.283664079474244,0,0,0,0,0,0,0,-0.889888314829432,0,0,-1.79146911442398,0,0,0,0,0,0,0,0,8.86715077177848,-0.606936593574151,-0.443000533327307,0.837796530571695,-0.703971352321354,0,0,1.69968801888314,0,2.07396527531571,0,0,0,0,0,0,0,0,0,0,0,0.567211204336331,0,0,0,0,0,-0.827322674308002,0,0,0.602308777960732,0,0,0,-0.501329261409668,0,-0.155452943968572,0,0,0,0,0,2.78590917667605,0,0,0,1.03762951834206,0,0.229074810381705,0.185832622985966,0,0,0,0,0,0,0,-0.187645674686309,0,0,0,0,0,0,0,0,0,0,0,0,0,0,0.0801661229363593
0,0,0.0246348416832927,0,0,0,0,0,0,0,0,0,0,0,0,0,0,0,0,-0.214610647820232,0,0,0,0,-0.068081738946014,0,0,0,0,0,0,0.888377152390512,0,0,0,0,0,0,0,0,0,0,0,0,0,0,0,0,0,0,0,0,0,0,0,0,0,0,0,0,0,0,0,0,0,0.29741821247513,0,0,0,0,0,0,0,0,0,0,0,0,0,0,0,0,0,0,-0.196369530610783,0,0.328161658950343,0,0,0,0,0.884172223572041,0,0,0,0,0,0.030691963197006,0,0,0,0,0,0,0,0,0,0,0,0,0,0,0,0,0,-0.187555494626864,0,0,0,0,0,0,0,0,0,0,0.560737266298488,0,0,0,0,0,0,0,0,0,0,0,0,0,0,0,0,0,0,0,0.160183443134309,0,0,0,0,0,0,0,0,0,0,0,0,0,0,0,0,0,0,0,0,0,0,0,0,0,0,-0.259329207378153,0,0.188461184343806,0,0,0,0,0,0,0,0,0,0,0,0,0,0,0,0,0,0.0332268997856153,0,0,0,0,0,0
0,0,0.0610974824863482,0,0,0,0,0,0,0,0,0,0,0,0,0,0.4984169357554,0,0,0,0,0,0,0,0,0,0,0,0,-1.29114795518788,0,1.15659327015524,0.500516363278425,0,0,0,0,0,0,0,0,0,-0.000150412202645889,0,0,0,0,0,0,0,0,0,0,-0.77621377020889,0,0,0,0,0,0,0,0,0,0,0.106228689816769,0,0,0,0,0,0,0,0,0,0,0,0,0,0,0,0,0,0,0,0,0.758316794446059,0,0,0,-0.175407316921106,0,0,0,0,0,-0.190856196434057,0,0,0,0,0,0,0,0,0,0,0,0,0,0,0,0,0,0,-0.448721524469036,0,0,0,0,0,0,0,0,0,0,0,0,0.330337062543063,0,0,0.171708474206076,0.0812278545712635,-0.176517490400807,0,0,0,0,0,0,-1.57923166611654,0,0,0,0,0,0,0,0,0,0,0,0,0,0,0.0109138923382357,0,0,0,0,0.0534330913592989,-2.44229414324905,0,0,0,0,0,0,0,-0.0321980471396008,0.361991353191492,0,0,0,0,0,0,0,-1.79749481013883,0,0,0,0,0,0,0,0,0,-0.382792282087637,0,0,0,0,0,0,0.531918290225274,0,0,0,0,0
0,0,0,0,-0.933174902619845,0,0,0,0,0,0,0,0,0,0,0,0,0,0,-0.0971169883670631,0,0,0,0,0,0,0,0,0,0,0,0.612670551907511,0,0,0,0,0,0,0,0,0,0,0,0,0,0,0,0,0,0,0,0,0,0,0,0,0,0,0,0,0,0,0,0,0,0,0,0,0,0,0,0,0,0,0,0,0,0,0,0.633504278123058,0.294159781725895,0,0,0,0,0,0,0,0,0,0,0,0,0,0,0,0,0,0,0,0.333716936395431,0,0,0,0,0,0,0,0,0,0,0,0,0,0,0,0,0,0,0,0,0,0,0,0,0,0,0,0,0,0,0,0,0,0,0,0.307839150928903,0,0,0,0,0,0,-0.863184286914831,0,0,0,0,0,0,0,0,0,-0.209924370757423,0,0,0,0,0,0,0,0,-0.0942035010921771,0,0,0,0,0,0,0,0,0,0,0,0,0,0,0,0,0,0,0,0,0,0,0,0,0,0,0,0,0,0,0,0.251258493884683,0,0,0,0,0
0,0,0,0,-0.974322647508502,0,0,0,0,0,0,0,0,0,0,0,0,0,0,-0.367057804058486,0,0,0,0,0,0,0,0,0,0,0,0.53696224389147,0,0,0,0,0,0,0,0,0,0,0,0,0,-0.0627864166313847,0,0,0,0,0,0,0,0,0,0,0,0,0,0,0,0,0,0,0,0,0,0,0,0,0,0,0,0,0,0,0,0,3.37767541740319,0.0614317765271739,0,0,0,0,0,0,0,0,0,0,0,0,0,0,0,0,0,0,0,0,0,0,0,0,0,0,0,0,0,0,0,0.0412106648894746,0,0,0,0,0,0.0511419189237967,0,0,0,0,0,0,0,0,0,0,0,0,0,0,0,0,0,0,0,0,0,0,0,0,0,-0.882878238476352,0,0,0,0,0,0,0,0,0,0,0,0,0,0,0,0,0,0.387901887650347,0,0,0,0,0,0,0,0,0,0,0,0,0,0,0,0,0,0,0,0,0,0,0,0,0,0,0,0,0,0,0,0,0,0,0.0611877391381759,0,0,0
0,0,0,0,-0.303029022543073,0,0,-1.12908261096371,0,0,0,0,0,0,0,0,0,0,0,0,0,0,0,0,0,0,0,0.139789616323363,0,0,0,0.914154180036003,0,0,0,0,0,0,0,0,0,0,0,0,0,0,0.851848167446561,0,0,0,0,0,0,0,0,0,-0.521169468866107,0,0,0,0,0,0,0,0,0,0,0,0,0,0,0,0,0,0,0,0,-0.597322676212463,0.821054919337871,0,0,-0.561705061285015,0,0,0,0,0,0,0,0,0,0,0,0,0,0,0,0,0,0,0,0,0,0,0,0,0,0,0,0,0,0,0,0,0,0,0.109921032590092,0.286584107570968,0,0,0.137776329888009,0,0,0,0,0,-0.238335997364256,0,0,0,0,0,0,0,0,0,0,0,0,0,0,0,0,0,0,0,0,0,0,-0.272810523311911,0,0,0,0,0,0,0,0,0,-0.369240276597032,0,0,0,0,0,0,0,0,0,0,0,0,0,0,0,1.22893217734301,0,0,0,0,0,0,-0.0487174417612004,0,0,0,0,0,0,0,0,0,-4.76602959543745,0,0.571733558819731,0,0,0,0,0
0,0,0,0,0,0,0,0,0,0,0,0,0,0,0,0,0,0,0,0,0,0,0,0,0,0,0,0,0,0,0,0.0827919581458705,0,0,0,0,0.844396652493478,0,0,0,0,0,0,0,0,0,0,0,0,0,0,0,0,0,0,0.0199651515294603,0,0,0,0,0,0,0,-0.440822647189128,0,0,0,0,0,0,0,0,0,0,0,0,0,0,0,0,0,1.54700036433467,0,0,-0.109121020214352,0,0,0,0,0,0,0,0,0,0,0,0,0,0,0,0,0,0,-0.00878092529132268,0,0,0,0,0,0,0,0,0,0,0,0,0,0,0,0,0,0.566114939760289,0,0,0,0.155013383158653,0,0,0,0,0,0,0,0,0,0,0,0,0,0,0,0,0,-1.87699303368881,0,0,0,0,0,0,0,0,0,0,0,0,0,0,0,0,0,0,0,0,0,0,0,0,0,0,0,0,0,0,0,0.105038862779425,0,0,0,0,0,0,0,0,0,0,0,0,0,0,0,0,0,0,0,0,0,0,0,0
0,0,0,0,0.340328110449053,0,0,0,0,1.19288561061188,0,0,-0.107709344368884,0,0,0,0,0,0,0,0,0,0,0,0,0,0,0,0,0,0,1.0994785951411,0,0,0,0,0,0,0,0,0,0,0,0,0,0.108392130764403,0,0,0,0,0,0,0,0,0,0,0,0,0,0,0,0,0,0,0,-2.15582023864231,0,0,0,0,0.277361063950385,0,0,0,0,-0.627113395739595,0,0,0,0,-0.880266318281544,0,0,0,0,0,0.633720707357006,0,0,0.472739588237723,0,0.108861431800119,0,0,0,0,0,0,0,0,0,0,0,0,0,0,0,0,0.411000898690458,0.942749201247814,0,0,0,0,0,0,0,-0.0763126935720158,0,0,0,0,0,0,0,0,4.77210860325788,0.12068497239099,0.0161045708472121,0.434489776483595,0,0,0,0,0,0,0,0,0,-0.0904813353599863,0,0,0,0,0,0,0,0,0.154874530221467,0,0,0,0,0,0,0,0,0,0,0,-0.574377255048861,0,0,0,0,0,0,0,0,0,0,0,0,-0.421333855106071,0,0,0,0,0,0,0,0,0,0.125040093111381,0,0,0,0,0,0,0,0,0,0,0,0,0,0,0,0
0,0,-0.626838995846284,0,0.80519869350996,0,0,0,0,0,0,0.0127530279184762,0,0,0,0,0,0,0,0,0,0,0,0,0,0,0,0,1.20827982622026,0,0,0,0,0,0,0,0,-0.39127429187525,0,0,0,0,0,0.24110648809337,0,0,-0.229765604856644,0,0,0,0,0,0,0,0,0,0,0,0,0,0,0,0,0,0.321115523084661,-0.17985171186183,0,0,0,0,0,0,0,0,0,-0.421682424895376,0,0,0.892796087354265,0,2.53789727461553,0,0,0,0,0,-0.672693119030139,0,0,0,0,0,0,0,0,0,0,0,0,0,0,0,0,-1.08247725633056,0,0,0,0,0,0,0,0,0,0,0,0.857312082032459,0,0,0,0,0,0,0,0,0,0,-1.98670178818823,0,0,0,0,0,0,0,0.46891861447438,0,0,0,0,0,-0.0138826117254074,0,0,0,0,0,0,-0.146631188875367,0,0,0,0,0,0,0,-0.186864352448968,0,0,0,-0.125430631600404,0,0,0,0,0,0,0,0,0,0,0,0,0,0,0,0,0,0,0,0,0,0,0,0,0,0,0,1.25445054138064,0,0,0,0,0,0,0,0,0,0,0,0
0,0,0,0,0,0,0,0,0,0,0,0,0,0,0,0,0,0,0,0,0,0,0,0,0,0,0,0,0,0,0,0.820448897731545,0,0,0,0,0,0,0,0,0,0,0,0,0,0,0,0,0,0,0,0,0,0,0,0,0,0,0,0,0,0,0,0.0483089559119745,0,0,0,0,0,0,0,0,0,0,0,0,0,0,0,0,-0.034640218499443,0,0,0,0,0,0,0,0,0,0,0,0,0,0,0,0,0,0,0,0,0,0,0,0,0,0,0,0,0,0,0,0,0,0,0,0,0,0,0,0.383992104838942,0,0,0,0,0,0,0,0,0,0,0,0,0,0,0,0,0,0,0,0,0,0,0.129125561843353,0,0,0,0,0,0,0,0,0,0,0,0,0,0,0,0,-0.471480990010493,0,0,0,0,0,0,0,0,0.0521889960057127,0,0,0,0,0,0,0,0.771597548493732,0,0,0,0,0,0,-0.167568987446112,0,0,0,0,-0.260927634189912,0,0,0,0,0,0,0,0,0,0
0,0,0,0,0,0,0,0,0,0,0,0,0,0,0,0,0,0,0,0,0,0,0,0,0,0,0,0,0,0,0,0.6072652977434,0,-0.453950829474339,0,0,0,0,0,0,0,0,0,0,0,0,0,0,0,0,0,0,0,0,0,0,0,0,0,0,0,0,0,0,0,0,0,0,0,0,0,0,0,0,0,0,0,0,0,0,-0.0954984469547886,0,0,-0.0299181395646839,0,0,0,0,0,0,0,0,0,0,0,0,0,0,0,-0.38894225520151,0,0,0,0,0,0,0,0,0,0,0,0,0,0,0,0,0,0,0,0,0,0,0,0,0,0,0,0,0,0,0,0,0,0,0,0,0,0,0,0,0,0,0,0,0,0,0,0.099227449459401,0,0,0,0,0,0,0,0,0,0,0,0,-0.85413626225914,0,0,0,0,0,0,0.0485559567791083,0,0.450440435565843,0,0,0,0.378574541908245,0,0,0,0,0,0,0,0,0,0,-0.661154979935616,0,0,0,0,-0.0300608978384864,0,0,0,0,-0.143947606394083,0,0,0,0,0
0,0,0.304117817511456,0,0,0,-1.21911558924551,0,0,0,0,0,0,0,0,0,0,0,0,0,0,0,0,0,0,0,0,0,0,0,0,0,0,0,0,0,0,-1.07256901553411,0,0,0,0,0,0,0,-0.581218019821014,-2.31469471375307,0,0,0,0,0,0,0,0,0,0,0,0,0,0,0,0.0104650921404363,0.181049762028284,0,0,0,0,0,0,0,0,0,0,0,0.239972976302155,0,0,0,0,0,0,0,0,0,0,0,0,0,0,0,0,0,0,0,0,0,0,0,0,0,0,0.383346344419755,0,0,-0.346679848725216,0,0,0,0,0,0,0,0,0,0,0,0,0,0,0,0,0,0,0,0,0,0,0,0,0,0,0,0,0.0941249808569069,0,0,0,0,0,-0.0367149779926776,0,0,0,0,0,0,0,0,0,0,0,0,-0.378829826682572,0,0,0,0,0,0,0,0,0,0,0,0,0.417489802610246,0,0,0,0,0,0,0,0,0,0,0,0,0,0,0,0,0,0,0,0,0,0,0,0,0,0,0,0,-0.172957426866462,0,0,0,0
0,0,0.414789595315399,0,0,0,-1.62936127473873,0,0,0,0,0,0,0,-0.27099898986581,0,0,0,0,0,0,0,0,0,0,0,0,0,-0.629408942065916,0,1.54804722320063,0,0,0,0,0,0,-0.188797992432375,0,0,0,0,0,0,0,0,0,0,0,0,0,0.255641819162646,-0.522392894059238,0,0,0,0.216893005855148,0,0,0,0,0,1.21825158688527,0.0250701957983217,0,0,0,-0.21292757674017,0,0,0,0,0,0.16305077404517,0,0,0,0,0,0,0,0,-0.537706948999379,0,0,0,0,-1.13419059042749,-0.0373345310723072,0,0.429809985434605,0,0.369021567821242,0,0,0,0,0,0,0,1.0910536816275,0,0.0204693321789788,0.638229179944856,0,-0.0120482349425264,-0.048420599738402,0,0,0,0,-1.78605826733353,0.059221651428131,0,0,-1.44474667924767,0,0,0,0,0,0,0,0,0,0,0,0,-0.520976958662435,0,0,0,0,0,0,0,0,0,0,0,0,-0.360251189666638,0,0,0,0,0,0,0,0,0.0633495593305424,0,0,0,0,0,0.0615802760987447,0,0,0,0,0,0,0.00107379903429017,0,0,0.289409935575311,0,0,0,0,0,0,0,0,0,0,0,0,0,0,0,0,-0.647684934122316,0,0,-0.167778564329032,0,0,0,0,0,0,0,-0.176998247558562,0,0,0,0,0
0,0,0,0,0,0,-0.734070143537021,0,0,0,0,0,0,0,0,0,0,0,0,0,0,0,0,0,0,-0.747486924082285,0,0,1.11663576376228,0,0,0,0,0,0,0,0,0,0,0,-0.676379541835911,0.0355477739580743,0,0,-0.459136895962008,0,2.22730224661592,0,0,0,0,0.138118304484843,-0.36664066878679,0,0,0,-2.90381411218194,0,0,0,0,0,0,1.03951080321934,0,0,0,0,0,0,0,0,0,0,0,0.245275789084341,0,0,0,0,0,0,0,0,-0.619819068924221,0,0,0,0,0,0,0,0.031463010577681,0,0,0,0,0,0,0,0,0,0.553139934782535,0,0,-0.322832155615427,-0.36950852866348,-0.457358757004026,0,0,0,0,-0.249731435373728,0,0,0,0,0,0,0,-0.470241139377098,0,0,0,0,0,0,0,-0.0720685536269747,0,0,0,0,0,0.390053101536737,0,0,0,0,0,1.11012935378552,0,0,0,0,0,0,0,0,0,0,0,0,-0.418029435649583,0,0,0,0,0,0,0,0,0,0,0,0,0.949081132438165,0,0,0,0,0,0,0.0508759221910071,0,0,0,0,0,0,0,0,0,0,0.816707748688959,0,0,0,0,0,0,0,0,0,0,0,0,0,0,0
0,0,0,0,0,-0.451228262081098,-1.37724392360459,-2.15332656132471,0,0,0.229359748074381,0,0,0,0,0,0,0,0,0,0,0,0,-0.0102309875330147,0,0,0,0.476325262270504,1.53918527790869,0,0,0,0,0,0,0,0.206379799665067,0,0,0,0,0,0,0,-0.588979583564027,-1.08037237809584,0.167217414936503,0,0,0,0,0,0,0,0,0,0,0,0,0,0.102569370487351,0,0,0.0606838718632228,0,-0.327238812085663,0,0,0,0,0,0,0,0,0,0,0,0,-1.44224353341188,0.662705622771332,-0.46564812517491,0,0,0,0,0,0,0,0,0,0,0,0.448546920428937,0,0,0,0,0,-0.233264056257277,0,0,0,0.880169952714184,0,0,0,-1.25441414423442,-0.183691953717,0,0,0,0,0,0,0,0,0,0,0,0.823119591878236,0,0,0,0,0,0,0.761133543609017,0,0,-0.479958616058208,0,-1.55718178935213,0,0,0,0,0.00633681964651234,0,0,0,0,0,0,0,0,0,0,0,0,-0.14726211235099,0,0,0,0,0,0,0,0,0,0,-0.790494472933267,0,1.34261041611548,0,0,0,0.735832031555225,0,0,0,0,0,0.0274087514585002,0,0,0,0,-0.231288643079242,0,0,0,0,0,0,0,0,0.606258613395911,0,0,0,0,0,0,0,0,0,0,0,0,-0.127430549498224
0,0,0,0,0,0,0,0,0,0,0,0,0,0,0,0,0,0,0,-0.0441755005263249,0,0,0,0,0,0,0,0,0,0.00659708212556098,0,0,0,0,0,0,0,0,0,0,0,0,0,0,-0.0462459606712711,-0.494669791649317,-0.0250495600034464,0,0,0,0,0,0,0,0,0,-0.0462536689014017,0,0,0,0,0.0670756069852398,0.774563657271059,0,0,0,0,0,0,0,0,-0.448254865658594,0,0,0,0,0,0,0,0,-0.159586086246753,0,0,0,0.323455852938264,0,0,0,0,0,0,0,0,0,0,0,0,0,0,0,0,0,0.839488419196463,0,0,0,0,0,0,0,0,0,0,0,0,0,0,0,0,0,0,0,0,0,0,0,0,0,0,0,0,0,0,0,0.119979419894728,0,0,0,0,0,0,0,0,0,0,0,0,0,0,0,0,0,0,0,0,0,0,0,0,0,0,0,0,0,0,0,0,0,0,0,0,0,0,0,0,1.00552780873397,0,0,0,0,0,0,0,0,0,0,0,-0.205475139525298,0,0,0,0,0,0,0,0,0,0,0,0
0,-0.563674912958867,0,0,0,0,0,0,0,0,0,0,0,-0.48046931068818,0,0,0,0,0,0,0,0,0,0,0,0,0,0,0,0,-1.50309471819518,0,0,0,0,0,0,0,0,0,0,0,0,1.77117134215804,0,-1.24126132010511,0.567020655608766,0,0,0,0,0,-0.0150431815695067,0,0,0,-0.298329833693076,0,0,0,0,0,0.131753486087767,0,0,0,0,0,0,0,0,0,0,0,0,0,0,0,0,-1.0975935269009,0,0,0,0,0.0621240422801681,0,0,0.797795242133998,0,0,0,0,0.270450867541537,0,0,0,0,0,0,0,0,0,0,0,0,0,0,0,0,0,0,0,0,0,0,0,0,0,0,0,0,0,0,0,0,0,0,0,0,0,0,0,0.747342602959143,0,0,0,0,0,0,0,0,0,0,0,0,0,0,0,0,0,0,0,0.937134525006752,0,0,0,0,0,0,0,0,0,0,0,0,0,0,0.911647945919856,0,0,0,0,0.0419714281792398,0.420073023560276,0,0,0,0,0,0,0,0,0,0,0,0,0,0,0,0,0,0,0,0,0,0,0,0,0,0
0,0,0,0,0,0,0,-1.02130948695345,0,0,0,0,0.646051878877058,0,0,0,0,0,0,0,0,0.193005506714828,0,0,0.0732628971737359,-1.80625161656149,1.05422961495115,0,0,0,-0.531753324247116,0,0,0,0,0,-0.0333446272814695,0,0,0,0,0,0,0,0,-0.0251200195891437,0,0,0,0,0,0,0.398165238856337,0,0,0,0,0,0,0,0,0,1.11926483921101,0,0,0,0.565502664960251,0,0,0,0,0,0,0,0,0,0,0,-0.669347728230714,0,0,0,0,-0.489615389488151,0,0,0,0,0,0,0,-0.632654915891231,0.447380688856708,0,0,0,0,0,0,0,0,0,-0.030471204175919,0,0,0,0,0.451827221285796,0,0,0,-1.18044086890331,0,0,0,0,0,0,0,0.315714706594034,0,0,0,0,0,0,0.0456100787148548,0,0,0,0,0,1.38148972634953,0,0,0.235691647879528,0,0,0,0,0,0.65368419408896,0,0.463901104580458,0,0,0,0,0,-0.437683541095009,0,0,0.768461748683456,0,0,0,0,0,0,0,-0.607490018052349,0,0,0,0,0,0,0,0,0,0,0,0,1.56846816802082,0,0,0,0,0,-0.333605717695388,0,0,-0.0642607510454898,-0.871487416285188,0,0,0,0,0,0,0,0,0,0.143325584361125,0,0,0,0.76239218965708,0,0
0,0,0,0,0,0,0,0,0,0,0,0,0,0,0,0,0,0,0,0,0,0,0,0,0,0,1.54376371439888,0,0,0,0,0,0,0,0,0,0,0,0,0,0,0,0,0,0,0,0,0,0,0,0,0,0,0,0,0,0,0.441464549091971,0,0,0,0,0,0,0,-0.678577063068036,0,0,0,0,0,0,0,0,-0.591184190459875,0,0,0,-0.0437270920041868,0,0,0,0.503448777050712,0,0,0,0,0,0,0,0,-0.47550428956624,0,0,0,0,0,0,0,0,0,0,0,0,0,0,0,0,-0.441386660165413,0,0,0,0,0,0,0,0,-1.97142977803122,0,-0.0067079025963328,-0.133816878816377,0,0,0,0,0,0,0,0,0,0,0,0,0,0,0,0,0,0,0,0,0,0,0,0,0,0,0,0,0,0.0473184763548244,0,0,0,0,0.148755138486741,0,0,0,0,0,0,0,0,0,0,0,0,0,0,0,0,0,0,0,0,0,0,0,0,0,0,0,0.299877613302735,0,0,0,0,0,0,0.459748671115511,0,0,0,0,0,0,0,0,0
0,0,0,0,0,0,0,0,0,0,0,0,0,0,0,0,0,0,0,0,0,0,0,0,0,0,0,0,0,0,0,0.103687878557354,0,0,0,0,0,0,0,0,0,0,0,0,0,0,0,0,0,0,0,0,0,0,0,0,0,0,0,0,0,0,0,0,0,0,0,0,0,0,0,0,0,0,0,0,0,0,-0.101723421786239,0,0,0,0,0,0,0,0,0,0,0,0,0,0,0,0,0,0,0,0,0,0,0,0,0,0,0,0,0,0,0,0,0,0,0,0,0,0,-2.37331763416289,0,0,0,0,0,0,0,0,0,0,0,0,0,0,0,0,0,0,0,0,0,0,0,0,0,0,0,0,0,0,0,0,0,0,0,0,0,0,0,0,0,0,0,0,0,0,0,0,0,0,0,0,0,0,0,0,0,0,0,0,0,0,0,0,0,0,0.115361153100979,0,0,0.656406141219505,0,0,0,0,0,0,-0.0652717651678194,0,0,0,0,0
0,0,0,0,0,0,0,0,0,0,0,0,0,0,0,0,0,0,0,0,0,0,0,0,0,0,-0.148316759206605,-0.0683520799359199,0,0,0,1.23158757505499,0,0,0,0,-0.0562681526123607,0,0,0,0,0,0,0,0.662077733582958,-0.810988350515331,0,0.380054759233177,0,0,0,0,0,0,0,0,0,0.0131381049574728,0,0,0,0,-0.0475426071253904,0,0,0,0,0,0,0,0,0,0,0,0,0,0,0,0,0.0981149770006717,0,0,0,0,0,-0.126738948498794,0,0,0,0,0,0,0,0,-0.163274030309201,0,0,0,0,0,0,0,0,0,0,0,0,0,0,0,0,0,0,0,0,0,0,-1.06337184693198,0,0,-0.0341255449329023,0,0,0,0,0,0,0,0,0.0708874892965683,0,0,0,0,0,0,0,0,0,0,0,0,0,-1.01020582997379,0,0,0,0,0,0,0,0,0,0.512040417420392,0,0,0,0,0,0,0,0,0,0,0,0,0,0,0,0,0,0,0,0,0.0589936149808348,0,0,0,0,0,0,0,0,0,0.290951898557487,0,0,0,0,0,0,0,0,0,0,0,0,0,0,0
0,0,0,0,0,0,0,0,0,0,0,0,0,0,0,0,-0.0445093492538364,0,0,0,0,0,0,0,0,0,-0.817896242353288,0,0,0,0,0.776891373242981,0,0,0,0,-0.063966351799507,0,0,0,0,0,0,0,0,0,0,0,0,0,0,0,0,0,0,0,0.487477577702931,0,0,0,0,0,0,0.262083298525663,0,0.569639787568472,0,0,0,0,0,0,0,-0.257670984837794,0,0,0,0,0,0,0,0,0,0,0,0,0,0,0,0,0,0,0,0,0,0,0,0,0,0,0,0,0,0,0,0,0,0,0,0,0,0,0,0,0,0,0,0,0,0,-0.031349021183807,0,0,0,0,0,0,0,0,0.110418802133252,-0.7572720258994,0,0,0,-0.156376935616428,0,0,0,0,0,0.398855005471907,0,0,0,0,0,0,0,0,0,0,0,-0.243541130181324,0,0,0,0,0,0,0,-1.14004529272312,0,0,0,0,0,0,0.0870040666862562,0,0,0,0,0,0,0,0,-0.839465329667788,0,0,0,0,0,0,0.394392410617409,0,0,0,0.0522852715937427,0,0,0,0,0,0,0,0,0,0,0,0
0,0,0,0,0,0,0,0,0,0,0,0,0,0,0,0,0,0,0,0,0,0,0,0,0,0,0,0,0,0,0,0.0217798209150744,0,0,0,0,0,0,0,0,0,0,0,0,0,0,0,0,0,0,0,0,0,0,0,0,0,0,0,-0.256745278165915,0,0,0,0,0,0,0,0,0,0,0,0,0,0,0,0,0,0,0,0,1.10952530595802,0,-0.500656901760036,0,0,0.926068893909884,-1.85304830441559,0,0,0.447195042057732,0,0,0,0,0,0,0,0.600161515781165,0,0,0,0,0,0,0,-0.163853403333147,0,0,0,0,0,0,0.33240936471183,-1.01183042244343,0,0,0,0,0,-0.119883611321241,0,0,0,0,0,0,0,0,0,0.112851084156896,-1.40074289557981,0,0,0,0,0,0,0.465209482864778,0,0,0,0,0,0,0,0,0,0.746822014733646,0,0,0,0,0,0,0,0,0,0,0,0,0,0,0,-0.169119410176915,0,0,0,0,0,0,0,0,0,0.664764953987091,0,0,0,0,0,0,0,0,0,0,0,0,0,0,0,0,0,0,-1.10706986777067,0,0,0,0,0,0,0
0,0,0,0,0.178408402418255,0.122732153935837,0,0,0,0,0,0,0,0,0,0,0,0,0,0,-0.213850477107946,0,0,0,0,0,0,-0.810783454630595,-0.0567081460732692,0.0939699843311479,0,0.896372646192037,0,0,0,0.288983582387271,0,0,0,0,0,0,0,0.0715072941889365,0,0,0,0,0,0,0,0,0,0,0,0.531214112322712,0,0,0,0,0,0,0,0,0,0,0,0,0,0,0,0,0,0,0,0,0,0,0,0.0100443621993296,0,0,-0.287079080011253,-0.242681362550106,0,1.14873463425027,0,0.050269108661035,0,-0.288809807653134,0,0,0,0,0,0,0,0,0,0,0,0,0,0,0,0,0,0,0,0,0,0,0,0,0,0,0,0,-0.214999810898773,0,0.490757095274966,0,0,0,0,0,0,0,0,0,0,0,0,0,0,-0.0546798970101701,0,0,0,0.176028124230326,0,0,0,0,0,0,0,0,0,0,0,0,0,0,0.257164829007523,0,0,0,0,0,0,0,0,0,0,0,0,0,0,0,0,0,0,0,0,-0.0225392882892363,0,0,0,0,0,0,0,0,0,0,0,0,0,0,0,0,0,0,0,0,0,0,0,0
0,0,0,0,0,0,0,0,0,0,0,0,0,0,0,0,0,0,0,0,0,0,0,0,0,0,0,0,0,0,0,0.580045946416831,0,0,0,0,0,0,0,0,0,0,0,0,0,0,0,0,0,0,0,0,0,0,0,0,0,0,0,0,0,0,0,0,0,0,0,0,0,0,0,0,0,0,0,0,0,0,0,0,0,0,0,0,0,0,0,0,0,0,0,0,0,0,0,0,0,0,0,0,0,0,0,0,0,0,0,0,0,0,0,0,0,0,0,0,0,0,0,0,0,0,0,0,0,0,0,0,0,0,0,0,0,0,0,0,0,0,0,0,0,0,0,0,0,0,0,0,0,0,0,0,0,0,0,0,0,0,0,0,0,0,0,0,0,0,0,0,0,0,0,0,0,0,0,0,0,0,0,0,0,0,0,0,0,0,0,0.12417433441644,0,0,0,0,0,0,0,0,0,0,0,0
0,0,0,0,0,0,0,0,0,0,0,0,0,0,0,0,0,0,0,0,0,0,0,0,0,0,0,0,0,0,0,0.667953954994419,0,0,0,0,0,0,0,0,0,0,0,0,0,0,0,0,0,0,0,0,0,0,0,0,0,0,0,-0.153043169554568,0,0,0,0,0,0,0,0,0,0,0,0,0,0,0,-0.0973731631334929,0,0,-0.149388362245019,0,0,0,0,0,0,0,0,0,0,0,0,0,0,0,0,0,0,0,0,0,0,0,0,0,0,0,0,0,0,0,0,0,0,0,0,0,0,0,0,0,0,0,0,0,0,0,0,0,0,0,0,0,0,0,0,0,0,0.945757355527903,0,0,0,0,0,0,0,0,0,0,0,0,0,0,0,0,0,0,0,0,0,0,0,0,0,0,0,0,0,0,0,0,0,0,0,0,0,0,0,0,0,0,0,0,0,-0.0953332447663644,0.496411963870271,0,0,0,0,0,0,0,0,0,0,0,0,0,0,0
11.6968859981587,0,0,-0.635410868067727,0,0,0,0.910382229548842,0,0,0,0,0,-2.20471859956339,0,0,0,0,0,0,0,0,0,0,0,0,0,0.839647097481913,0,0,-1.04887811165595,0,0,0,0,0.607679328716352,2.03578358587127,0,0,0,-1.07151243962462,0,0,0,0,0.81110237951698,0,0,0,0,0,0,0,-1.89382113994446,-0.544455903035247,0,0,-1.11872674983666,0,0,1.15053463766967,0,0,3.05238930575247,0,0,0,0,0,0,-1.02368849432348,0,0.176627892275232,0,0,-1.36345483310602,0,1.55973537319603,0,0.403459958920383,0,0,0,0,0.623372271986289,2.40753734835712,0.646257783138857,0,0,0,0,0,-1.16557535101657,0,0,-1.21241955490451,0,0,-1.4337242895382,-2.38124926112737,0.487930656644205,0,0,0,0,0,0,0,0.156839535812561,0,0,-7.06840783618159,0,0,0,0,0,0,0,0,0,0,0.777474760659908,0,0,0,0,0,0.00153875978608498,0,0,0,0.0561036891548385,0,-0.292998939473439,0,0,0,0,0,0,0,0,0,-0.510710111528288,0,0,0,-0.653614136938738,-0.485755955838197,-0.0439616629471882,0,0,0,0,0,0,-0.0340003725054825,0.157094205589077,0,2.31789668287618,0,0,0,0,0,0,0,0,-0.279585096212246,0,0,0,0,0,0.11032355458855,0,-4.25632554076169,0,-1.25224362532886,0,-5.44104010059092,1.697599033252,0,-0.795575327932544,0,0,0,0,0,0,0,0,0,0,0,0,2.00058689550931,0,-0.802643676279328
6.48580378902135,0,0,0,0,0,0,0,0,0,0,0,0.730121537221234,-0.699098746428517,0,0,0,-0.0517469245544819,0,0,0,0,0,0,0,0,0,0,-0.0127808282677253,0,0,0.227694081849489,0,-0.127976732340214,0,0,0.589235940648525,0,0,0,-0.143087403538279,0,0,0,-0.021356783746014,0,0,0,0,0,0,0,0,0,0,0,0,0,0,0,0,0.00272882703843114,0,2.15874274601669,0,0,0,0,0,0,0,0,0.321407666186675,0,0,0,0.402142145306609,0,0,0,0,0,0,0,0.554550824450496,0.51406750261379,0,0,0.405065178166222,0,0,0,-1.08748987485675,0,0,0,-0.559975365015565,0,-0.86892793333717,0,1.21165433677968,0,0,-1.34723219841948,0,0,0,0,0,0,0,-2.96967541806518,0,0,0,0,0,0,0,0,-3.30654557193622,0,1.29598188539076,0,0,0,0,0,0,0,0,0,0,0,-0.124522289273486,0,0,0,1.32780019370729,0,0,0,0,0,0,0,0,0,0,0,0,0,0,0,0,0,0,0,0,0,0.136478932907437,0,0,0.00129348410373464,0,0,-0.449975175604587,-3.31715060514605,0,-0.418715101534061,0,0,0,0,0,0,0,-0.911213002227752,0,0,0,-5.86219257913096,0,0,0,0,0,0,0,0,0,0,0,0,0,0,0,0,0,0
5.42357429046625,0,0,0,0,0,0,0,0,0,0,0,0,-0.092697037342405,0,0,-0.288836269035058,0,0,0,0,0,0,0,0,0,0.437993966081336,0,0,0,0,0.726670365090214,0,0,0,0,0.564261804460188,0,0,0,0,0,0,0.150680244397787,0,0,0,0,0,0,0,0,0,0,0,0,0,0,0,0,0,0.231704602928198,0,1.91792055708528,0,-0.188996595794584,0.568035639859376,0,0,0,0,0,0.590379108880551,0,0,0,0.0330210496708632,0,0,0,0,0,0,0,0.470121796976266,0,0,0,0,0,0,0,-1.23419139298538,0,0,0,0,0,-0.650284208325599,0,1.66339797942781,-0.119908325722182,0,-1.98509249080324,0,0,0,0,0,0,0,-0.682611451787561,0,0,0,0,0,0,0,0,-1.2693496707029,0,1.96981975311525,0,0,0,0,0,0.0277061395736702,0,0,0,0,0,-2.29546857096427,0,0,0,1.75353591838247,0,0,0,0,-0.32940734540937,0,0,0,0,0,0,0,0,0,0,0,0,0,0,0.138364776637582,0,0,0,0,0,0,0,0,-0.970532278527297,0,-0.222014989005242,0,0,0,0,0,0,0,-0.750762927687226,0,-0.286278149511469,0,-5.79704755011464,0,0,0,0,0,-0.186344164563138,0,0,0,0,0,0,0,0,0,0,0,0
3.28653187257035,0.511533102689728,0,0,0,0,0,0,0,0,-0.42996123561638,0,0.369330498024956,-0.462692920038152,0,0,-0.652947754542246,0,0,0,0,0,0,0,0,0,0.284200541829172,0,0,0,0,0,0,0,0,0,0.562363353465412,0,0,0,-0.0323592421353567,0,0,0,0,0,0,0,0,0,0,0,0,0,0,0,0,0,0,0,0,0,0,1.88613205150619,0,0,0.422689983753448,0,0,0,0,0,1.29261798975921,0.211275093795462,0,0,0,0,0,0,0.31269501033663,0,0,0,0.282787562454219,0,0,0,0,0,0,0,-1.54085446909182,0,0,0,-0.12564852510157,0,0,0,1.07247402415067,-0.270366774444126,0,-2.24347087488789,0,0,0,0,0,0,0,0,0,0,0,0.271457537945646,0,0,0,0,0,0,0.36681427959226,0,0,0,0,0,0,0,0,0,0,0,-0.984717837969847,0,-0.679698957167838,0,2.24050006555423,0,0,0,0,0,0,0,0,1.07643413785686,0,0.76239718915839,0,0,0,0,-0.134746483235698,0,0,0,0.135317829145063,0.469147836975261,0,0,0,0,0,0,0,-0.315695053141581,0,-1.02237845511025,0,0,0,0,0,0,0,-0.418940432953097,0,0,0,-6.45398761518179,0,0,0,0,0,0,0,0,0,0,0,0,-0.00757701548693546,0,0,0,0,0
0,0,0,0,0,0,0.331240119731793,0,-0.0570443855187155,0,0,0,0,0,0,0,0,0,0,0,0,0,0,0,0,0,0,0,0,0,0,0.457528857592093,0,0,0,0,0,0,0,0,0,0,0,0,0,0,0,0,0,0,0,0,0,0,0,0,0,0,0,0,0,0,0,0.109196100073083,0,0,0,0,0,0,0,0,0,0,0,0,0,0,0,0,0,0,0,0,0.218573051266131,0,0,-0.0530312124850054,0,0,0,0,0,0,0,0,0,0,0,0,0,0.233924402148302,0,0,0,0,0,0,0,0,0,0,0,0,0,0,0,0,0,0,0,0,0,0,0,0,0,0,0,0,0,0,-0.18284617110649,0,0,0,0,0,0,0,0,0,0,0,0,0,0,0,0,0,0,0,0,0,0,0,0,0,0,0,0,2.17397789706043,0,0,0,0,0,0,0.16805895154405,0,0,0,0,0,0,0,0,0,0,0,0,0,0,0,-0.232162196298875,0,0,0,0,-0.260870734711945,0,0,0,0,0,0,0,0,0,0
0,0,0,0,0,0,0,0,0,0,0,0,0,0,0,0,-0.0255277679063892,0,0,0,0,0,0,0,0,0,0,0,0,0,0,0.858321611273881,0,0,0,0,0,0,0,0,-0.148874919960291,0,0,0,0,-0.523554514177609,0,0,0,0,0,0,0,0,0,0,0,0,0,0,0,0,0,0,0,0,0,0,0,0,0,0,0,0,0,0,0,0,0,0,0.144156945718481,0.306232086646437,0,0,0,0,0,0,0,0,0,0,0,0,0,0,0,0,0,0,0,0,0,0,0,0,0,0,0,0,0,0,0,0,0,0,0,0,0,0,0,0,0,0,0,0,0,0,0,0,0,0,0,0,0,0,0,0,0,0,0,0,0,0,0,0,0,0,0,0,0,0,0,0,0,0,0,0,0,0,0,0.340995765652766,0,0,0,0,0,0,0,0,0,0,0,0,0,0,0,0,0,0,0,0,0,0,0,0,0,0,0,0,0,0,0,0,0,0,0,0,0,0
0,-0.0301917612244285,0,0,0,0,0,0,-0.270975057281438,0,0,0,0,0.104813796797402,0,0,4.2703123639072,0,0,-0.839251785782442,0,0,0,0,0,-0.0454652256890777,0,0,0,0,0,0.383817816068258,0,0,0,0,0,-0.051875737829618,0,0,0,0,0,0,0,0,0,0,0,0,0,1.2221674346073,0,-0.284630757132413,0,0,0,1.51992922640283,0,0,0,0,-0.807040474789527,0,0,0,0,0,0,0,0,0,0,0,0,0,0,0,0,0,0.120329441731511,-0.565913340330717,0,0,0,-0.517567558788182,-1.1650545999888,0,0,0,0,0,0,0,0,0,0,0,0,0,0,0,0,0,0,0,-0.456123246415663,0,0,0,0,0,0,0,0,0,-1.45363770009333,0,0,0,0,0,0,0,0,0,2.1568023131453,0,0,0.603772584070439,-1.06631816939363,0,0,0,0,0,0,0,0,0,0,0,0,0,0,0,0,0,0,0,1.3301704587657,0,-0.805473181014202,0,0,0,0,0,0,0,-1.32217287768253,-0.127941055675437,0,0,0,0,0.238990137145196,0,0,0,0,0,0,0,0,0,0,0,0,0.938168345413234,0,0,0,0,0,0,0,0,0,0,-0.188389024787808,0,0,0,0,-0.502136244534862,0,0.178134039061988,0,0
0,0,0,0,0,0,0,0,0,0,0,0,0,0,0,0,0,0,0,0,0,0,0,0,0,0,0,-0.385261653532975,0,0,0,0.24076050004353,0,0,0,0,0,0,0,0,0,0,0,0,0,0,0,0,0,0,0,-0.115465349227279,0,0.329759437210341,0,0,0,0,0,0,0,0,0,0,0,1.11163372329317,0,0,0,0,0,0,0,0,0,-0.503644860010606,0,0,0,0,0,0,0,0,0,0,0,-0.20420658501468,0,0,0,1.11995791352739,0,0,0,0,0,0,0,0,0,0,0,0,0,0,0,0,0,0,0,0.270823409572005,0,0,0,0,0,-1.51988249932631,0,0,0,0,0,0,0,0,0,0,0,0,0,0,0,0,0,0,0,0,0,0,0,0,0,0.00164331069559664,0,0,0,0,0,0,0.833817296057086,0,0,0,0,0,0,0,0,0,0,0,0,0,0,0,0,0,0,0,0,0,0,0,0,0,0,0,0,0,0,0,0,0,0,0,0,0,0,-0.264582403279495,0,0,0,0,0,0,0,0,0,0
0,0,0.405922295768425,0,0,0,0,0,0,-0.0626438897738846,0,0,0,0.196427888418865,0,0,0,0,0,0,0,0,0,0,0,0,0.366034824766913,0,0,0,0,0.801710354657732,0,0,0,0,0,0,0,0,0,0,0,0,0,0,0,0,0,0,0,0,0,0,0,0,0,0,0,0,0,0,0,0,0,0,0.276930264767673,0,0,0,0,0,0,0,0,0,0,0,0,0,0,0,0,0,-0.0460530973569051,0,-0.491323044068042,0,0,0,0,0,0,0,0,0,0,0,0,0,0,0,0,0,0,-0.179939029296093,0,0,0,0,0,0,0,0,0,0,0,0,0,0,0,0,0,0,0,0,0,0,0,0,0,0,0,0,0,0,0,0,0,0,0,0,0,0,0,0,0,0,0,0,0,0,0,0,0,0,0,0,0,0,0,0,0,0,0,0,0,0,0,0,0,0,0,0,0,-0.103530142452055,0.104033132784989,0,0,0,0,0,0,0,0,0,0,0,0,0,0,0,0,0,0,0,0,0,0,0
0,0,1.2247642012333,0,0,0,0,0,0,-0.267854905025837,0,0,0,0,0,0,0,0,0,0,0,0,0,0,0,0,0,0,0,0,0,0.598074450694017,0,0,0,0,0,0,0,0,0,0,0,0,0,0,0,0,0,0,0,0,0,-0.386807339315626,0,0,0,0,0,0,0,0,0,0,0,0,0,0,0,0,0,0,0,0,0,0,0,0,0.589516839639528,0,0,0,0,-0.146509694227086,0,0.42283946024669,0,0,0,0,0,0,0,0,0,0,0,0,-0.333966187908368,0,0,0,0,0,0,0,0,0,0,0,0,0,0,0,0,0.43965252697568,0,0.0317215426898807,0,0,0,0,0,0,0,0,0,0,0,0,0,0,-0.22607709360894,0,0,0,0,0,0,0,0,0,0,0,0,0,0,0,0,0,0,0,0,0,0,0,0,0,0,0,-0.113650452851144,0,0,0,0,0,0,0,0,0,0,0,0,0,0,0,0,0,0,0,0,0,0,0,0,0,0,0,0,0,0,0,0,0,0,0,0,0,0,0
0,0,0,0,0,0,0,0,0,0,0,0,0,0,0,0,0,0,0.0601878918562124,0,0,0,0,0,0,0.606650526753302,0,0,0,0,0,0.419897911956627,0,0,0,0,0,0,0,0,0,0,0,0,0,0,0,0,0,0,0,0,0,0,0,0,0,0,0,0,0,0,0,0,0,0,0,0,0,0,0,-0.0945261939757642,0,0,0,0,0,0,0,0,-0.0151324812592384,0,-2.79113297767539,0,0,0.00813931328935125,0,0,0,0,0.053964898626899,0,0,0,0,0,0,0,0,0,0,0,0,0,0,0,-1.77329295564719,0,0,0,0,0,0,0,0,0,0,0,0,0,0,0,0,0,0,0,0,0,0,0,0,-0.466791162742149,0,0,0,0,0,0,0,0,0,0,0,0,0,0,0,-0.113214513515452,0,0,0,0,0,0,0,0,0,0,0,0,0,0,0,0,0,0,0,0,0,0,0,0,0,0,0,0,0,0,0,0,0,0,0,-0.0126008002381088,0,0,0,0,0,0,0.66463357696836,0,0,0,0,0,0,0,0,0
0,0,0.796095465338553,0,0,0,-0.277477612809383,0,-0.868487336485166,0,0,0,0,0,0,0,0,0,0,-1.17868833407467,0,0.338704979966933,0,0,0,0,0.0556656980718504,0,0,0,0,0,0,0,0,0,0,-1.17945559686854,0,0,0,0,1.90131179616487,0,0,0.0122422821230774,0,0,0,0,0,0.311972794262612,0,0,0,0,0,0,0,0,0,0,-0.251832879202063,0.0836838526845001,-0.111049563983616,0.0218484336850364,0,0,0,0,0,0,0,0,0,0,0,0,-0.0204899061869803,-0.393842219389055,0,0,-0.188316292104662,0,1.26735599027916,0,0,0,-0.500948404595505,0,0,0,0,0,0,0,0,0.0713059401046974,0,8.9799038099095,0,0,0.344453850128326,0,0,0,-1.16917906772859,0,0,0,0,0,0,0,0,0.686829646865502,0,0.351511789451554,0,0,0,0,0,0,0,0,0,0,-0.249366638768456,0,0,-0.66267608647102,0,0,0,0,0,0,0,0.717150927345692,0,0,0.168879725448697,0,0,0,0,0,-0.523831731634928,0,0,0,0,-1.12150656520931,0,0,0,0,0,0,-0.661720309103076,0.275134634251138,0,0,0,0,0,0,0,0,0,0,0.447927201663185,0,0,0,0,0,0,0,0,0,0,0,0.1932686036957,0,0,0,0,0,0,0,0,0,-0.209336591880909,0,0,0,0,0
0,0,0,0,0,0,0,0,0,0,0,0,0,0,0,0,0,0,0,0.196828659253516,0,0,0,0,0,0,0,0.21205636878436,0,0,0,0,0,0,0,0,0,-0.0685754550860467,0,0,0,0,0,0,0,0,0,0,-8.00169156617027,0,0,0.297664583820771,-0.387333098957943,0,0,0,-0.6001164097207,0,0,0,0,0,0,0,0,0,0,0,0,0,0,0,0,0,0,0,0,0,0,0,0,0,-0.0997937375483195,0,-1.04601262038833,0,-0.300515177064021,0,0.210691273578292,-1.15743422478419,0,0,0,0,0,0.268925109962656,0,0,0,1.69490265015295,0,0,0,-0.093656811226478,0,0,0,0,0,0,0,0,0,0,-1.30599174571252,0,0,0,0,0,0,0.163900572010175,0,0,0,0,0,0,0,0,0,0,0,0,0,0,0,0,0,0,0,-0.949647175485909,0,0,0,0,0,0,0,0,0,-0.282305210603151,0,0.459822329341984,0,0,0,0,0,-0.201162698980849,0,0,0.0556295940710865,0,0,0,0,0,0,-3.59132534786541,0,0,0,0,0,0,0,0,0,0,0,0.000712873199612885,0,0,0,0,0.018254377006248,0,0,-1.11446201169396,0,0,0,0,0,0,0,0,0,-0.00369791455466784
0,0,0,0,0,0,0,0,0,0,0,0,0,0,0,0,0,0,0,0,0,0,0,0,0,0,0,0,0,0,0,0.130137495690434,0,0.0549022238648444,0,0,0,0,0,0,0,0,0,0,0,0,0,0,0,0,0,0,0,0,0,0,0,0,0,0,0,0,0,0.293853333344073,0,0,0,0,0,0,0,0,0,0,0,0,0,0,0.0920468496601194,0,0,0,0,0.156857365121436,0,0,0,0,0,0,0,0,0,0,0,0,0,0,0,0,0,0,0,0,0,0,0,0,0,0,0,0,0,0,-0.031335456201562,0,0,0.511348504387505,0,0,0,0,0,0,0,0,0,0,0,-0.666795989590679,0,0,0.114277929375043,0,0,0,0,0,0,0,0,0,0,0,0,0,0,0,0,0,0,0,0,0,0,0,0,0,0,0,-0.0233742661591947,0,0,0,0,0,0,0,0.57524602999719,0,0,0,0,0.251239551878969,0,-0.0434070214106268,0,0,0,0.579613633029748,0,0,0,-0.0599803867151592,0,0,0,0,0,-0.0820030023279636,0,0,0,0,0,0,0,0.00713730119273714,0,0
0,0,0,0,0,0,0,-0.781613349633541,0,-1.5272461290941,0,0,0,0,0,0,0,0,0,0,0,0,0,0,0,0,0,0,0,0,0,0.463769226658145,0,-0.0016098436157499,0,0,0,-0.013727001568651,0,0,0,0,0,0,0,0,0,0,0,0,0,0,0,0,0,0,0,0,0,0,0.00910574539917497,0,0,0,0,0,0.173867526317118,0,0,0,0,0,0,0,0.467466461734132,0,0,0,0,0,0,0,0,-0.681138001852313,0,-0.61389415925793,0,0,0,0,0,0,0,0,0,0,0,0,0,0,0,0,0,0,0,-1.00366096495989,0,0,0,0,0,0,0,0,0,0,0,0,0,0,0.252446639079831,0,0,0,0,0,0.0405293769277302,0,0,0,0.209616565446085,0.677519138039072,0,0,0,-4.27837556838168,0.0507357313217827,0,0,0,-0.26846010738155,0,0,0,0,0,0,0,0,0,0,0,0,0,1.12981811340421,0.193983151512638,0,0,0,0,0,0,0,0,0,0,0,0,0,0,0,0,0,0,0,0,0,0,0.238852354613834,0,0,0,0,-0.263608888037003,0,0,0,0,0,0,0,0,0,0,0.0307410192600273,0,0,0,0,0
0,0,0,0,0,0,0,0,0,0,0,0,0,0,0,0,0,0,0,0,0,0,0,0,0,0,0,0,0,0,0,1.43179205957582,0,0,0,0,0,0,0,0,0,0,0,0,0,0,0,0,0,0,0,0,0,0,0,0,0,0,0,0,0,0,0,0,0,0,0,0,0,0,0,0,0,0,0,0,0,0,0,0,0,0,0,0,0,0,0,0,0,0,0,0,0,0,0,0,0,0.187795430978025,0,0,0,0,0,0,0,0,0,0,0,0,0,0,0,0,0,0,0,0.297289579210299,0,0,0,0,0,0,0,0,0,0,0,0,0,0,0,0,0,-4.10208539346372,0,0,0,0,0,0,0,0,0,0,0,0.488273359745758,0,0,0,0,0,0,0,0,0,0,0,0,-1.48734799538801,0,0,0,0,0,0,0,0,0,0,0,0,0,0,0,0,0,0,0,0,0,0,0,0,0,0,0,0,-0.0857532410115358,0,0,0,0,0,0,0,0,0,0
0.336971950320416,0,0,0,0,0,0,0,0,-0.53395607089035,0,0,0,0,0,0,0,0,0,0,0,0,0,0,0,0,0,-0.52493829038498,0,0,0,0.250296853550466,0.0473681343642425,0,0,0,0,-0.155089637595279,0,0,0,0,0,0,0,0,0,0,0,0,0,0,0,0,0,0,0,0,0,0,0,0,0,0,0,0,0,0,0,0,0,0,0,0,0,-0.137539745789766,0,0,-0.184588867819201,0,0,0,0,0,0,0,0,0,0,0,0,0,0,0,0,0,0,0,0,0,0,0,0,0,0,0,-1.52591092732795,0,0,0,0,0,0,0,0,0,0,0,0,0,0,0,0,0,0,1.68161946639596,0,0,0,0,0,0,0,0,0,0,0,0,0,0,0,0,0,0,0,0,0,0,0,-0.348134186655645,0,0,0,0,0,0,0,0,0,0,0.583418769317535,0,-0.624059932888248,0,0,0,0,0,0,0.69560257840903,0,0,0,0,0,0,0,0,0,0,0,0,0,0,0,0,0,0,0,0,0,0,0,0,0,0,0,0,0,0
1.10017556616068,0,0,0,0,0,0,0,0,0,0,0,0,0,0,0,0,0,0,0,0,0,0,0,0,0,0,0,0,0,0,0.894095910881175,0,0,0,0,0,0,0,0,0,0,0,0,0,0,0,0,0,0,0,0,0,0,0,0,0,0,0,0,0,0,0,-0.353132672893413,0,0,0,0,0,0,0,0,0,0,0,0,0,0,0,0,0,0,0,0,0,0,0,0,0,0,0,0.303605370623206,0,0,0,0,0,0,0,0,0,0,0,0,0,0.239302205600951,-2.82695371290082,0,0,0,0,0,0,0,0,0.0498952146393985,0,0,0,0,0,0,0,0,0,0,0,0,0,0,0,0,-0.644380650402929,0,0,0,0,0,0,0,0,0,0,0,0,0,0,0,0,0,0,0,0,0,0,0,0,0,0,0,-2.98379761787372,0,0,0,0,0,0,0,0,0.110572982897917,0,0,0,0,0,0,0,0,0,0,0,0,0,0,0,0,0,0,0,0,0,0,0,0,0,0,0,0,0,0
0,0,0,0,0,0,0,0,0,0,0,0,0,0,0,0,0,0,0,0,0,0,0,0,0,0,0,0,0,0,0,0.0255355974230773,0,0,0,0,0,0,0,0,0,0,0,0,0,0,0,0,0,0,0,0,0,0,0,-2.89290696778458,0,0,0,0,0,0,0,0,0,0,0,0,0,0,0,0,0,0,0,0,0,0,0,0,0,0,0,0,0,0,0,0,0,0,0,0,0,0,0,0,0,0,0,0,0,0,0,0,0,0,0,0,0,0,0,0,0,0,0,0,0,0,0,0,0,0,0,0,0,0,0,0,0,0,0,0,0,0,0,0,0,0,0,0,0,0,0,0,0,0,0,0,0,0,-0.382981008718746,0,0,0,0,0,0,0,0,0,0,0,0,0,0,0,0,0,0.143398467326775,0,0,0,0,0,0,0,-0.134652145141591,0,0,0,0,0,0,0,0,0,0,0,0,0,0,0,0,0,0,0,0,0,0,0
0,0,0,0,0,0,0,0,0,0,0,0,0,0,0,0,0,0,0,0,0,0,0,0,0,0,0,0,0,0,0,0,0,0,0,0,0,0,0,0,0,0,0,0,0,0,0,0,0,0,0,0,0,0,0,-3.31024146058206,0,0,0,0,0,0,0,0,0,0,0,0,0,0,0,0,0,0,0,0,0,0,-0.510182443349879,0,0,0,0,0,0,-0.180498681483324,0,0,0,0,0,0,0,0,0,0,0,0,0,0,0,0,0,0,0,0,0,0,0,0,0,0,0,0,0,0,0,0,0,0,-0.259212455476768,0,0,0,0,0,0,0,0,0,0,0,0,0,0,0,0,0,0,0,0,0,0,0,0,0,0,0,0,0,0,0,0,0,0,0,0,0,0,0,0,0,0,0,0,0,0,0,0,0,0,0,0,0,0,0,0,0,0,0,0,0,0,0,0,0,0,0,0,0,0,0,0,0,0,0,0,0,0,0
0,0,0,0,0,0,0,0,0,-0.0203773325177878,0,0,0,0,0,0,0,0,0,0,0,0,0,0,0,0,0,0,0,0,0,0,1.80723860219493,0,0,0,0,0,0,0,0,0,0,0,0,0,0,0,0,0,0,0,0,0,0,-0.728739964832628,0,0.0377493078249056,0,0,0,0,0,0,0,0,0,0,0,0,0,0,0,0,0,0,0,-0.972470267660075,-0.208435502317858,0,0.0306071584561614,0,0,0,0,-0.595573837238931,0,0,0,0,0,0,0,0,0,0,0,0,0,0,0,0,0,0,0,0,0,0,0,0,0,0,0,0,0,0,0,0,0,0,0,0,0,0,0,0,0,0,0,0,0,0,0,0,0,0,-0.0535748203875552,0,0,0,0,0,0,0,0,0,0,0,0,0,0,0,0,0,0,0,0,0,0,0.220875884417233,0,0,0,0,0,0,0,0,0,0,0,0,0,0,0,0,0,0,0,0.0459251791052615,0,0,0,0,0,0,0,0,0,0,0,0,0,0,0,0.0892543064680162,0,0,0,0
0,0,0,0,0,0,0,0,0,0,0,0,0,0,0,0,0,0,0,0,0,0,0,0,0,0,0,0,0,0,-0.122899893249422,0.402883496693879,0,-0.38383884838635,0,0,0,0,0,0,0,0,0,-0.160469812720731,0,-0.185568316329121,0,0,0,0,0,0,0,0,0,-0.0584750280149611,0,0,0,0,0,0,0,0,0,0,0,0,0,0,0,0,0,0,0,0,0,0,0,0,0,0,0,0,0,-0.0563829138647893,0,0,0,0,0,0,0,0,0,0,0,0,0,0,0,0,0,0,0,0,0,0,0,0,0,0,0,0,0,0,0,0,0,0,0,0,0,0,0,0,0,0,0,0,0,0,0,0,0,0,0,0,0,0,0,0,0,0,0,0,0,0.751344502919591,0,0,0,0,0,0,0,0,0,0,0,0,-0.596869722225375,0,0,0,0,0,0,0,0,0,0,0,0,0,0,0,0,-0.0427456742738848,0,0,0,0.168586243287287,0,0,0,0,0,0,0,0,-0.0694045935204717,0,0,0,0,0,0,0,0,0
0,0,0,0,0,0,0,0,0,0,0,0,0,0,0,0,0,0,0,0,0,0,0,0,0,0,0,0,0,0,0,1.06880186675847,0,-0.128248646273734,0,0,0,0.251209017639772,0,0,0,0,0,0,0,0,0,0,0,0,0,0,0,0,0,0,0,0,0,0,0,0,0,0,0,0,0,0,0,0,0,0,0,0,0,0,0,0,-0.327465142579699,0,0,0,0,0,0,-0.109751679891746,-2.8055042908163,0,0,0,0,0,0,0,0,0,0,0,0,0,0,0,0,0,0,0,0,0,0,0,0,0,0,0,0,0,0,0,0,0,0,0,0,0,0,0,0,0,0,0,0,0,0,0,0,0,0,0.497686103435851,0,0,0.116319928827066,0,0,0,0,0,0,0,0,0,0,0,0,0,0,0,0,0,0,0,0,0,0,0,0,0,0,0,0,0,0,0,0,0,0,0,0,0,0,0,0,0,0,-0.205629803775259,0,0,0,0,0,0,0,0,0,0,0,0,0,0,0,0
0,0,0,0,0,0,0,0,0,0,0,0,0,0,0,0,0,0,0,0,0,0,0,0,0,0,0,0,0,0,0,1.27078415053932,0,0,0,0,0,0,0,0,0,0,0,0,0,0,0,0,0,0,0,0,0,0,0,0,0,0,0,0,0,0,0,0,0,0,0,0,0,0,0,0,0,0,0,0,0,0,0,-0.218638056211703,0,0,0,0,-0.671200219537176,0,0,0,0,0,0,0.13325210498866,0,0,0,0,0,0,0,0,0,0,0,0,0,0,0,0,0,0,0,0,0,0,0,0,0,-1.41750318170787,0,0,0,0,0,0,0,0,0,0,0,0,0,0,0,0,0,0,0,0,0,0,0,0,0,0,0,0,0,0,0,0,0,0,0,0,0,0,0,0,0,0,0,0,0,0,0,0,0,0,0,0,0,0,0,0,0,0,0,0,0,0,0,0,0,-0.0101497420731214,0,0,0,-0.620946092363105,0,0,0,0,0,0,0,0,0,0,0,0
0,0,0,0,0,0,0,0,0,0,0,0,0,0,0,0,0,0,0,0,0,0,0,0,0,0,0,0,0,0,0,0.97032873643938,0,-0.289844827607613,0,0,0,0,0,0,0,0,0,0,0,0,0,0,0,0,0,0,0,0,0,0,0,0,0,0,0,0,0,0,0,0,0,0,0,0,0,0,0,0,0,0,0,0,0,0,0.277882287619927,0,0,0,0,0,0,0,0,0,0,0,0,0,0,0,0,0,0,0,0,0,0,0,0,0,0,0,0,0,0,0,0,0,0,0,0,0,0,0,0,0,0.123091715797162,0,0,0,0,0,0,0,0,0,0,0,0,0,0,0,0,0,0,0,0,0,0,0,0,0,0,0,0,0,0,0,0,0,0,0,0,0,0,0,0,0,0,0,0,0,0,0,0,0,0,0,0,0,0,0,0,0,0,0,0,0,0,0,0,0,0,0,0,0,0,0,0.462270861439522,0,0,0,0,0
0,0,0,0,0,0,0,0,0,0,0,0,0,0,0,0,0,0,0,0,0,0,0,0,0,0,0,0,0,0,0,0.871241455468105,0,0,0,0,0,0,0,0,0,0,0,0,0,0,0,0,0,0,0,0,0,0,0,0,0,0,0,0,0,0,0,0,0,0,0,0,0,0,0,0,0,0,0,0,0,0,0,0,0,0,0,0,0,0,0,0,0,0,0,0,0,0,0,0,0,0,0,0.195205618332759,0,0,0,0,0,0,0,0,0,0,0,0,0,0,0,0,0,0,0,0,0,0,0,0,0,0,0,0,0,0,0,0,0,0,0,0,0,0,0,0,0,0,0,0,0,0,0,0,0,0,0,0,0,0,0,0,0,0,0,0,0,0,0,0,0,0,0,0,0,0,0,0,0,0,0,0,0,0,0,0,0,0,0,0,0,0,0,0,0,0,0,0,0,0,0,0,0,0.269343815843629,0,0
0,0,0.0937086866115657,0,0,0,0,0,0,0,0,0,0,0,0,0,0,0,0,0,0,0,0,0,0,0,0,0,0,0,0,0.662342111181065,0,0,0,0,0,0,0,0,0,0,0,0,0,0,0,0,0,0,0,0,0,0,0,-0.279482106180067,0,0,0,0,0,0,0,0,0,0,0,0,0,0,0,0,0,0,0,0,0,0,0,0,0,0,0,0,0,0,0,0,0,0,0,0,0,0,0,0,0,0,0,0.125216586174119,0,0,0,0,0,0,0,0,0,0,0,0,0,0,0,0,0,0,0,0,0,0,0,0,0,0,0,0,0,0,0,0,0,0,0,0,0,0,0,0,0,0,0,0,0,0,0,0,0,0,0,0,0,0,0,0,0,0,0,0,0,0.0354298477976078,0,0,0,0,0,0,0,0,0,0,0,0,0,0,0,0,0,0,0,0,0,0,0,0,0,0,0,0,0,0,0,0,0,0,0,0,0,0
0,0,0,0,0,0,0,0,0,0,0,0,0,0,0,0,0,0,0,0.7851420337019,0,0,0,0,0,0,0,0.301660354665772,0,0,0,1.09780149905072,0,0,0,0,0,0,0,0,0,0,0,0,0,0,0,0,0,0,0,0,0,0,0,-0.683430822740803,0,0,0,0,0,0,0,0,0,-0.0253966040526448,0,0,0,0,0,0,0,0,0,0,0,0,-0.200267155852217,0,0,0,0,0,0,-0.253216142171689,0,0,0,0,0,0.394241315132332,0,0,0,0,0,0,0,1.30452312138091,0,0,0,0,0,0,0,0,0,0,0,0,0,0,0,0,0,0.0418294265319246,0,0,-0.704488788700747,0,0,0,0,0,0,0,0,0,0,0,0,0,0,0,0,0,0,0,0,0,0,0,0,0,0,0,0,0,0,0,0,0,0,0,0,0,0,0,-0.778456297670583,0,0,0,0,0,0,0,0,0,0,0,0,0,0,0,0,0,0,0,0,0,0,0,0,0,0,0,0,0,0,0,0,0,0.307903983157721,0,0,0,0,0
0,0,0,0,0,0,0,0,0,0,0,0,0,0,0,0,0,0,0,0,0,0,0,0,0,0,0,0,0,0,0,1.09571579642495,0,0,0,0,0,0,0,0,0,0,0,0,0,0,0,0,0,0,0,0,0,0,0,0,0,0,0,0,0,0,0,0,0,0,0,0,0,0,0,0,0,0,0,0,0,0,0,0,0,0,0,0,0,-0.336233862795584,0,0,0,0,0,0,0,0,0,0,0,0,0,0,0,0,0,0,0,0,0,0,0,0,0,0,0,0,0,0,0,0,0,0,0,0,0,0,0,0,0,0,0,0,0,0,0,0,0,0,0,0,0,0,0,0,0,0,0,0,0,0,0,0,0,0,0,0,0,0,0,0,0,0,0,0,0,0,0,0,0,0,-0.542165275483491,0,0,0,0,0,0,0,0,0,0,0,0,0,0,0,0,0,0,0,0,0,0,0,0,0,0,0,0,0,0,0
0,0,0,0,0,0,0,0,0,0,0,0,0,0,0,0,0,0,0,0,0,0,0,0,0,0,-0.95346313163993,0,0,0,0,1.19706153468973,0,0,0,0,0,0,0,0,0,0,0,0,0,0,0,0,0,0,0,0,0,0,0,-0.0737204970426921,0,0,0,0,0,0,0,0,0,0,0,0,0,0,0,0,0,0,0,0,0,0,0,0,0,0,0,0.682990453542622,0,0,0,0,0,0,0,0,0,0,0,0,0,0,0,0,0,0,0,0,0,0,0,0,0,0,0,0,0,0,0,0,0,0,0,0,0,0,0,0,0,0,0,0,0,0,0,0,-0.111073258511163,0,0,0,0,0,0,0,0,0,0,0,0,0,0,0,0,0,0,0,0,0,0,0,0,0,0,0,0,0,0,0,0,0,0,0,0,0,0,0,0,0,0,0,0,0,0,0,0,0,0,-0.00241674562498306,0,0,0,-0.303037175655964,0,0,0,0,0,0,0.0676565881685789,0,0,0,0,0
0,0,0,0,0,0,0,0,0,0,0,0,0,0,0,0,0,0,0,0,0,0,0,0,0,0,0,0,0,0,0,0.991207243540211,0,0,0,0,0,0,0,0,0,0,0,0,0,0,0,0,0,0,0,0,0,0,0,0,0,0,0,0,0,0,0,0,0,0,0,0,0,0,0,0,0,0,-0.214478511037523,0,0,0,0,0,0,0,0,0,0,-1.43060591109603,0,0,0,-0.243078047495261,0,0,0,0,0,0,0,0,0,0,0,0,0,0,0,0,0,0,0,0,0,0,0,0,0,0,0,0,0,0.0433009608089399,0,0,0,0,0,0,0,0,0,0,0,0,0,0,0,0,0,0,0,0,0,0,0,0,0,0,0,0,0,0,0,0,0,0,0,0,0,0,0,0,0,0,0,0,0,0,0,0,-0.310560300692817,0,0,0,0,0,0,0,0,0,0,0,0,0,0,0,0,0,0,0,0,0,0,0,0,0,0,0,0,0,0,0
0,0,0,0,0,0,0,0,0,0,0,0,0,0,0,0,0,0,0,0,0,0,0,0,0,0,0,0,0,0,0,1.34961728255608,0,0,0,0,0,0,0,0,0,0,0,0,0,0,0,0,0,0,0,0,0,0,0,0,0,0,0,0,0,0,0,0,0,0,0,0,0,0,0,0,0,0,0,0,0,0,0,0,0,0,0,0,0,0,0,0,0,0,0,0,0,0,0,0,0,0,0,0,0,0,0,0,0,0,0,0,0,0,0,0,0,0,0,0,0,0,0,0,0,0,0,0,0,0,0,0,0,0,0,0,0,0,0,0,0,0,0,0,0,0,0,-0.680053208786442,0,0,0,0,0,0,0,0,0,0,0,0,0,0,0,0,0,0,0,0,0,0,0,0,0,0,0,0,0,0,0,0,0,0,0,0,0,0,0,0,0,0,0,0,0,0,0,0,0,0,0.248008775251903,0,0,0,0,0
0,0,0,0,0,0,0,0,0,0,0,0,0,0,0,0,0,0,0,0,0,0,0,0,0,0,0,0,0,0,0,1.42771811836394,0,0,0,0,0,0,0,0,0,0,0,0,0,0,0,0,0,0,0,0,0,0,0,0,0,0,0,0,0,0,0,0,0,0,0,0,0,0,-0.013906396602303,0,0,0,-0.261040722494494,0,0,0,-1.04954893855979,0,0,0,0,0,0,0,0,0,0,0,0,0,0,0,0,0,0,0,0,0,0,0,0,-0.220656172537085,0,0,0,0,0,0,0,0,0,0,0,0,0,0,0,0.020872216692752,0,0,0,0,0,0,0,0,0,0,0,0,0,0,-0.113858843212486,0,0,0,0,0,0,0,0,-1.80526491942155,0,0,0,0,0,0,0,0,0,0,0,0,0,0,0,0,0,0,0,0,0,0,0,0,-0.354229190865347,0,0,0,0,0,0,0,0,0,0,0,0,0,0,-0.30608572969839,0,0,0,0.807559725990813,0,0,0,0,0,0,0.3892164337792,0,0,0,0,0
0,0,0,0,0,0,0,0,0,0,0,0,0,0,0,0,0,0,0,0,0,0,0,0,0,0,0,0,0,0,0,1.05737312875868,0,0,0,0,-0.0723990305473006,0,0,0,0,0,0,0,0,0,0,0,0,0,0,0,0,0,0,-0.00106887429930747,0,0,0,0,0,0,0,0,0,0,0,0,0,0,0,0,0,0,0,0,0,0,0,0,0,0,0,0,0,0,0,0,0,0,0,0,0,0,0,0,0,0,0,0,0,0,0,0,0,0,0,0,0,0,0,0,0,0,0,0,0,0,0,0,0,0,0,0,0,0,0,0,0,0,0,0,0,0,0,0,-0.10810868669884,0,0,0,0,0,0,-0.746638105060123,0,0,0,0,0,0,0,0,0,0,0,0,0,0,0,0,0,0,0,0,0,0,0,0,0,0,0,0,0,0,0,0,0,0,0,0,0,0,0,0,0,0,0,0,0,0,0,0,0,0,0,0,0,0,0,0
0,0,0,0,0,0,0,0,0,0.411025353193503,0,0,0,0,0,0,0,0,0,0,0,0,0,0,0,0,0,0,0,0,0,1.15405451511089,0,0,0,0,0,0,0,0,0,0,0,0,0,0,0,0,0,0,0,0,0,0,0,0,0,0,0,0,0,0,0,0,0,0,0,0,0,0,0,0,0,0,0,0,0,0,0,0,0,0,0,0,0,0,0,0,0,0,0,0,0,0,0,0,0,0,0,0,0,0,0,0,0,0,0,0,0,0,0,0,0,0,0,0,0,0,0,0,0,0,0,0,0,0,0,0,0,0,0,0,0,0,0,0,0,0,0,0,0,0,0,0,0,0,0,0,0,0,0,0,0,0,0,0,0,0,0,0,0,0,0,0,0,0,0,0,0,0,0,0,0,-0.0317183965736472,0,0,0,0,0,0,0,0,0,0,0,0,0,0,0,0,0,0,0,0,0,0,0,0,0,0
0,0,0,0,0,0,0,0,0,-0.121841267487628,0,0,0,0,0,0,0,0,0,0,0,0,0,0,0,0,0,0,0,0,0,0.987354431514002,0,0,0,-0.484990385679232,0,0,0,0,0,0,0,0,0,-0.373258144339958,0,0,0,0,0,0,0,0,0,0,0,0,0,0,0,0,0,0,0,0,0,0,0,0,0,0,0,0,0,0,0,-0.381928468955738,0,0,0.0899266241647678,0,0,0,0,0,0,0,0,0,0,0,0,0,0,0,0,0,0,0,0,-0.560089246511106,0,0,0,0,0,0,0,0,0,0,0,0,0,0,0,0,0,0,0,0,0,0,0,0,0,0,0,0,0,0,0,0,0,0,0,0,0,0,0,0,0,-0.0393455344346123,0,1.58504896544636,0,0,0,0,0,0,0,0,0,0,0,0,0,0,0.0599839029775477,0,0,0,0,0,0,0,0,0,0,0,0,0,0,0,0,0,0,0,0,0,0,0,0,0,0,0,0,0,0,0,0.185589110864275,0,0,0,0,0,0,0
0,0,0,0,0,0,0,0,0,0,0,0,0,0,0,0,0,0,0,0,0,0,0,0,0,0,0,0,0,-0.20246654064958,0,0.648446978520593,0,0,0,0,0,0,0,0,0,0,0,0,0,0,0,0,0,0,-0.595507728037186,0,0,0,0,0,0,0,0,0,0,0,0,0,0,0,0,0,0,0,-0.0633982224764782,0,0,0,0,0,0,0,0,1.33454836527299,0,0,0,0,0,0,0,0,0,-0.0494983469521086,0,0,0,0,0,0,0,0,0,0,0,-0.270938699431827,0,0.354883570355178,0,0,0,0,0,0,0,0,0,0,0,-0.365815792761439,0,0,0,0,0,-0.0914579923897363,0,0,0,0,0,0,0,0,0,0,0,0,0,0,0,0,0,-0.00769528401878916,0,0,0,0,0,0,0,0,0,0,0,0,0,0,0,0,0,0,0,0,0,0,0,0,0,0,0,0,0,0,0,0,0,0,0,0,0,0,0,0,0,0,0,0,0,0,0,0,0,0,0,0,0.456164687910553,0,0,0,0,0,0,0
0,0,0,0,0,0,0,0,0,0,0,0,0,0,0,0,0,0,0,0,0,0,0,0,0,0.0482723820623876,0,0,0,0,0,1.06098735130802,0,0,0,0,0,0,0,0,0,0,0,0,0,0,0,0,0,0,0,0,0,0,0,0,0,0,0,0,0,0,0,0,0,0,0,0,0,0,0,0,0,0,0,0,0,-0.128577469231245,0,0.742046405327319,0,0,0,0,0,0.407007835616105,0,-0.0744615614072561,0,-0.0141289936770126,0,0,0,0,0,0,0,0,0,0.410143338343806,0,0,0,0,0,0,0,0.0139017567955408,0,0,0,0,0,0,0,0,0,-0.597107697587501,0,0,0,0,0,0,0,0,0,0,0,0,0,0,0,0,0,0,0,0,0,0,0.676799877599926,0,0,0,0,0,0,0,0,0,0,0,0,0,0,0,0,0,0,0,0,0,0,0,0,0,0,0,0,0,0,0,0,0,0,0,0,0,0,0,0,0,0,0,0,0,0,0,0,0,0,0,0,0,0,0,0,0.198626564497183,0,0
0,0,0,0,0,0,0,0,0,0,0,0,0,0,0,0,0,0.243938440151468,0,0,0,0,0,0,0,0.255757169911452,0,0,0,0,0,1.21809388976461,0,0,0,-0.19215198883148,0,0,0,0,0,0,0,0,0,0,0,0,0,0,0,0,0,0,0,0.112953927362473,0,0.85450420017669,0,0,0,0,0,0,0,0,0,0,0,0,0,0,0,0,0,0,0,0,0.713500003863809,0,-0.124394015512359,0,0,0,0,0,0,0,0,0,0,0,0,0,0.0449989534795554,0,0,0,0,0,0,0,0,0,0,0,0,0,0,0,0,0,0,0.0382706704352684,0,0,0,0.968098823350966,0,0,0,0,0,0,0,0,0,0,0,0,0,0,0.327760866848894,0,0,0,0,0,0,0,0,0,0,0,0,0,0,0,0,0,0,0,-0.250090476033255,0,0,0,0,0,0,0,-1.32790056741837,0,0,0,0,0,0,0,0,0,0,0,0,0,0,0,0,0,0,0,0,0,0,0,0,0,0,0.169417745714001,0,0,0,0,0,0.138318486988495,0.544724130971721,0,0,0,0,0
0,0,0,0,0,0,0,0,0,0,0,0,0,0,0,0,0,0,0,0,0,0,0,0,0,0,0,0,0,0,0,0.855557860240646,0,0,0,0,0,0,0,0,0,0,0,0,0,0,0,0,0,0,0,0,0,0,0,0,0,0,0,0,0,0,0,0,-0.751311644280797,0,0,0,0,0,0,0,0,0,0,0,0,0,0,0,0,0,0,0.277756919935329,-0.0663362059764721,0,0,0,0,0,0,0,0,0,0,0,0,0,0,0,0,0,0,0,0,0,0,0,0,0,0,0,0,0,0,-0.106518073160754,0,0,0,0,0.939073211030591,0,0,0,0,0,0,0,0,0,0,0,0,0,0,0,0,0,0,0,0,0,0,0,0,0,0,0,0,0,0,0,0,0,0,-0.0770042102627013,0,0,0,0,0,0,0,0,0,0,0,0,0,0,0,0,0,0,0,0,0,0,0,0,0,0,0,0,0,0,0,0,0,0,0,0,0,0,0,0,0,0,0,0
0,0,0,0,0,0,0,0,0,0,0,0,0,0,0,0,0,0,0,0,0,0,0,0,0,0,-0.389747303365382,0,0,0,0,0.988828425907346,0,0,0,0,0,0,0,0,0,0,0,-0.41725478606692,0,0,0,0,0,0,0,0,0,0,0,0,0,0,0,0,0,0,0,0,0,-0.423283512316932,0,0,0,0,0,0,0,0,0,0,0,0,-0.970768912130166,0,0,0,0,0,0,0,0.626571347950209,0,0,0,0,0,0,0,0.133450534750184,0,0,0,0,0,0,0,0,0,0,0,0,0,0,0,0,0,0,0,0,0,0,0,0,0.244124826404706,0,0,-0.265851354725312,0,0,0,0,0,0,0,0,0,0,0,0,0,0,0,0,0,0,0,0,0,0,0,0,0.203835123906481,0,0,0,0,0,0,0,0,0,0,0,0,0,0,0,0,0,0,0,0,0,0,0,0,0,0,0,0,0,0,0,0,0,0.329071221197662,0,0,0,0,0,0,0,0,0,0,0,0,0,0,0,0,0,0
0,0,0,0,0,0,0,0,0,0,0,0,0,0,0,0,0,0,0,0,0,0,0,0,0,0,0,0,0,0,0,0.913011577335487,0,0.0255851797926656,0,0,0.00365699094455296,0,0,0,0,0,0,0,0,0,0,0,0,0,0,0,0,0,0,0,0,0,0,0,0,0,0,0,0,0,0,0,0,0,0,0,0,0,0,0,0,0,0,0,0,0,0,0,0,0,0,0,0,0,0,0,0,0,0,0,0,0.0171094033980472,0,0,0,0,0,0,0,0,0,0,0,0,0,0,0,0,0,-0.262489329844987,0,0,0,0,0,0,0,0,0,0,0,0,0,0,0,0,0,0,0,0,0,0,0,0,0,0,0,-0.104787438384437,0,0,0,0,0,0,0,0,0,0,0,0,0,0,0,0,0,0,0,0,0,0,0,0,0,0,0,0,0,0,0,0,0,0,0,0,0,0,0,0,0,0,0,0.0199376069035384,0,0,0,0,0,0,0,0,0,0,0,0
0,0,-0.259219094987109,0,1.4586650583607,0,0,0,0,-0.0208147483177741,0,0,0,0,0,0,0,-0.19382101588587,0,0,0,0,0,0,0,0,0,-0.236777813849785,-0.810174591094437,0,0,0,0,-0.386648692517652,0,0,0,0,0,0,0,0,0,0,0,0.0734807617105049,0,0,0,0,0,0,-0.920872766708787,0,0,0,0.189966426462797,2.7381956726526,0,0,0,0,0,0,0,0,0,0,0,0,0,0,0,-0.0441972336957155,0,-0.154271964660932,0,0,0.0523793031815942,0,0,0,0,0,0,0,0,0,0,0,0,0,0,0,0,0,0,0,0,0,0,0,0,0,0,0,0,0,0,0,0,-0.156354178806261,0,0,0,0,0,0,0,0,0.432604117606388,0,0,0,0,0,0,0,0,0,0,0,0,0,0,0,0,0,0,0,-0.411119887705305,0,0,0,0,0,0,0,0,0,0,0,0,0,-0.58777788216098,-0.144624597384152,0,0,0,0,0.465556448543772,0,0,0,0,0,0,0,0,0,0,0,0,0,0,1.02179423735161,0,0,0,0,0,0,0,0,0,0,0,0,0,0,0,0,0,0,0.766269144618699,0,0,0,0,0.408619337970879
0,0,0,0,0,0,0,0,0,0,0,0,0,0,0,0,0,0,0,0,0,0,0,0,0,0,0,0,0,0,0,0.565858017085507,0,0,0,0,0,0,0,0,0,0,0,0,0,0,0,0,0,0,0,0,0,0,0,-0.299065954874341,0,0,0,0,0,0,0,0,0,0,0,0,0,0,0,0,0,0,0,-0.624557642394248,0,0,0,-0.510400230008359,0,0,0,0,0,0,0,-0.353319944478089,0,0,0,0,0,0,0,0,0,0,0,0,0,0,0,0,0,0,0,0,0,0,0,0,0,0,0,0,0,0,0,0,0,0,0,0,0,0,0,0,0,0,0,0,0,0,0,0,0,0,0,0,0,0,0,-0.316506546188684,0,0,0,0,0,0,0,0,0,0,0,0,0,0,0,0,-0.477038586847656,0,0,0,0,0,0,0,0,0,0,0,0,0,0,0,0,0,0,0,0,0,0,0,0,0,0,0,0,0,0,0,0,0,0,0,0,0,0,0
0,0.354730418619422,0.328029103181588,0,0,0,0,0,0,0,0,0,0,0,0,0,0,0,0,0,0,0,0,0,0,0,0,0,0,0,0,1.18851242869713,0,0,0,0,0,0,0,0,0,0,0,0,0,0,0,0,0,0,0,0,0,0,0,0.500976494471116,0,0,0,0,0,0,0,0,0,0,0,0,0,0,0,0,0,0,0,0,0,-0.172829290769212,0,0,0,0.451355089259228,0,0,0.237635520702262,0,0,0,0,0,0,0,0,0,0,0,0,0,0,0,0,0,0,0,0,-0.185261779655585,0,0,0,0,0,0,0,0,0,0,0,0,0,0,0,0,0,0,0,0,0,0,0,0,1.01189245614545,0,-0.0428982494687693,0,0,0,0,0,0,0,0,0,0,0,0,0,0,0,0,0,0,0,0,0,0,0,0,0,0,0,0,0,0,0.806489911003881,0,0,0,0,0,0,0,0,0,0,0,-0.603515940243751,0,0,0,0,0,0,0,-0.703177529255848,0.502965132418461,0,0,0.368395812928111,0,0,0,0,0,0,0,0,0,0,0,0
0,0,0,0,0,0,0,0,0,0,0,0,0,0,0,0,0,0,0,0,0,0,0,0,0,0,0,0,0,0,0,0.467993067189449,0,0,0,0,0,0.117524611880975,0,0,0,0,0,0,0,0,0,0,0,0,0,0,0,0,0,0,0,0,0,0,0,0,0,0,0,0,0,0,0,0,0,0,0,0,1.04775797153718,0,0,0,0,0,0,0.957800702755162,0,0,0,0.56013138052539,0,0,0,0,0,0,0,0,0,0,0,0,0,0,0,0,0,0,0,0,0,0,0,0,0,0,0,0,0,0,0,0,0,0,0,0,0,0,0,0,0,0,0,0,0,0,0,0,0,0,0,0,0,0,0,0,0,0,0,0,0,0,0,0,0,0,0,0,0,0,0,0,0,0,0,0,0,0.650378943771042,0,0,0,0,0,0,0,0,0,0,0,0,0,0,0,0,0,0,0,-0.409805066163866,0,0,0,0,0,0,0,0,0,0,0,0,0,0,0,0
0,0,0.254577659841505,0,0,0,0,0,0,0.628912117858782,0,0,0,0,0,0,0,0,0,0,0,0.515760242367564,0,0,0,0,0,0,0,0,-1.38976941146252,0.502243893209879,0,0,0,-0.0161365049566538,0,0,0,0,0,0,0,0,0,0,0,0,0,-0.0424601997197906,0,0,0,0,0,0,0,0,0,0,0,0,0,0,-0.414113703217395,0,0,0,0,0,0,-0.338922614862215,0,0,0,0,0,0,-0.16217627509666,0,0,0,1.31387040823792,0,0,0,0,0,0,0,0,0,0,0,0,0,0,0,0,0,0,0,0,0,0,0,0,-0.146217792488906,0,0,0,0,-0.214182398401626,0,0,0,0,0,0,0,0,0.142969155396394,0,0,0,0,0,0,0,0,0,0,-0.92316678962835,0,0,0,0,0,0,0,0,0,0,0,0,0,0,0,0,0,0,0,0,0,0,0,0,0.108023905127774,0,0,0,0,0,0,0,-5.92161254528831,0,0,0,0,0,0,-6.30933518271238,0,0,0,0,0,0,0,0,0,0,-0.157100518768473,0,0,0,0,0,0,0,0,0,0,0,0,0,0,0,0
0,0,0,0,0,1.03123344995319,0,0,0,0,0,0,0,0,0,0,0,0,0,0,0,0,0,0,0,0,0,-0.583294112484418,0,0,0,0.484786999863495,0,0,0,0,0,0,0,0.0339919683550676,0,0,0,0,0,0,0,0,0,0,0,0,0,0,0,0,0,0,0,0,0,0,0,0,0,0,0,0,0,0,0,0,0,-0.2358058457456,0,0,0,0,0,0,0,0,0.0463307715983945,-0.0291058982258454,0,0,0,0,0,0,0,0,0,0,0,0,-0.223575655781262,0,0,0,0,0,0,0,0,0,0,0,0,0,0,0,0,0,0,0,0,0,0,0,0,0,0,0,0,0,-0.0289386674610044,-0.361634890837887,0,0,0,0,0,0,0,0,0,0,0,0,0,0,0,0,0,0,0,0,0,0,0,0,0,0,0,-0.0640026162911767,0,0.0139633584232213,0,0,0,0,0,0,0,-8.08522638841316,0,0,0,0,0,0,0,0,0,0,0,0,0,0,0,0,0,0,0,0,0,0,0,0,0,0,0,0,-1.02849887464075,0,0,0,0,0
0,0,0,0,0,2.055782958504,0,0,0,0,0,0,0,0,0,0,0,0.223865918428951,0,0,-0.0967102038062624,0,0,0,0,0,0.174318834281477,-0.576998848586213,0,0,0,0.45792077941608,0,0,0,0,0,0,0,0,0.337702381768756,0,0,0,0,0,0,0,0,0,0,0,0,0,0,0,0,0,-0.0559598610021934,0,0,0,0,0.686874095118337,0,0,0,0,0,0,0,0,0,0,0,0,0,0,0,0,0,0.0617852340911877,0,0,0.870605348421155,0,0,0,0,0.929681596107952,0.211329269284021,0,0,0,0,0,0,0,-0.252192747339444,0,0.200946505585339,0,0,0.744794628850132,0,0,0,0,0,0,0,0.0609757053250377,-0.641172138357127,0,0,0,0,-0.0183670099982935,0,1.43403694639739,0,0,0,0.254583021353857,0,0,0,0,0,0,0,0,0,0,0,0.0626446904955356,0,0,0,0,1.3931137082706,0,0,0,0,0,0,0,0,0,0,0,0.0363956894960635,0.011295074817345,0.108562910609957,0,0,0,0,0,0,0,0,0,0,-11.0105346703516,0,0,0,0.691537375921068,0,0,0,0,0,0,0,0,0,0,0,0,0,0,0,0,0,0,0,0,0,0,0,0,-2.10386607243662,0,0,-0.0458252463170239,0,0
0,0,0,0,0,0,0,0,0,-0.205430900425061,0,0,0,0,0,0,0,0,0,0,0,0,0,0,0,0,0,0,0,0,0,0.983249484065849,0,0,0,0,0,0,0,0,0,0,0,0,-0.248661703950442,0,0,0,0,0,0,0,0,0,0,0,0,0,0,0,0,0,0,0,0,0,0,0,0,0,0,0,0,0,0,0,0,0,0,0,0,0,0,0,0,-0.173506155137831,-0.328738721024486,0,0,0,0,0,0,0,0,0,0,0,0,-0.0484563182582849,0,0,0,0,0,0,0,0,0,0,0,0,0,0,0,0.0675272119478316,0,0,0,0,0,0,0,0,0,0,0,0,0,0,0,0,0,0,0,0,0,0,0,0,0,0,0,0,0,0,0,0,0,0,0,0,0,0,0,0,0,0,0,0,0,0,0,0,0,0,0,0,0,0,0,0,0,0,0,0,0,0,0,0,0,0,0,0,0,0,0,0,0,0,0,0,0,0,0,0,0,0,0,0
0,0,0,0,0,0,0,-0.280670072682055,0.341893932074552,0,0,0,0,0,-0.73583224975087,0,0,0,0,0,0,0,0,-0.59687454095027,0,-1.42864751400522,1.22628695386956,0,0,0,0,0.489556219745231,0,0,0,0.749211972522968,0.209612268890127,1.22951270405084,0,0,0,0.0665510717761513,0,0,0,0,0,0,0,0.977220635257731,0,0,0,-0.403845957514904,0,0,0,0,0,0,0,0,0,0,0,0,0,0,0,0,0,0.106868834294928,0,0,-0.954371606400314,-0.346115369732971,0,0,0,0,0,0,0,0,0,0,0,0,0,0,0,-3.979690458065,0.514108692427208,0,-0.33884871537281,0,0,0,0,0,-0.278566215720739,1.13636078325865,0,0,0,-0.434888095434459,0,-0.491430979041185,0,0,0,0.227148338148255,0,0,-0.358176534639065,0,0,0,0,0,0,0,0,0,0,0,0,0,0,0,-0.716228541070216,0,2.78023615313544,0,0,0,-0.182842327985837,0,0,0,0,0,0,0,0,0,0,0,0,-0.566968937009031,0,0,0.910544748282858,0,0,0,0,-0.385509614974937,0,-1.53745843493923,-1.58517131158787,0,0,0,0,0,0,0,0,0,0,0,0,0,0,0,0,0.225657259218567,0,0,0,0,0,-0.673799796854537,0,0,0,0,0,0,-0.330417658756314,0,0,0,0,0,0,0,0,-0.0355910282130141
0,0,0,0,0,0,0,0,0,-0.233579198262471,0,0,0,0,0,0,0,0,0,0,0,0,0,0,0,0,0,0,0,0,0,0.118762492772561,0,0,0,0,0,0,0,0,0,0,0,0,0,0,0,0,0,0,0,0,0,0,0,0,0,0,0,0,0,0,0,0,0,-0.720526000226239,0,0,0,0,0,0,0,0,0.261955831923258,0,0,0,0.342128188338788,0,0,0,0,0,0,0,0,0,0,0,0,0,0,0,0,0,0,0,0,0,0,0,0,0,0,0,0,0,0,0,0,0,0.0669680650146014,0,0,0,0,0,0,0,0.180221677485361,0,0,0,0,0,0,0,0,0.203381025297712,0,0,0,0,-0.454919801756839,0,0.379288464053683,0,0,0,0,0,0,0,0,0,0,0,0,0,0,0,-0.306025133699489,0,0,0,0,0,0,0,0,0,-0.495183023193736,0,0,0,0,0,0,0,0,0,0,0,0,0,0,0,0,0,0,0,0,0,0,0,0,0,0,0,0,0,0,0,0,0,0,0,0,0
0,0,0,0,0,0,0,0,0,0,0,0,0,0,0,0,0,0,0,-0.0503732218105575,0,0,0,0,0,0,0,0,0,0,0,1.02485547613137,0,0,0,0,0,0,0,0,0,0,0,0,0,0,0,-0.244889618363934,0,0,0,0.0169933859240514,0,-0.36235471839308,0,0.25083329819297,0,0,0,0,0,0,0,0,0,-0.669757423126847,0,0,0,0,0,0,0,0,0,0,0,0,0,0,0,0,0,0,0,0,0,0,0,0,0,0,0,0,0,0,0,0,0,0,0,0,0,0,0,0,0,0.0726208631140124,0,0.04367599305577,0,-0.110771071598654,0,0,0,0,0,0,0,0,-0.210171970600137,0,0,0,0,-0.820532701161339,0,0,0,0.557180773919569,0,0.541132228783825,0,0,0,0,0,0,0,0,0,0,0,0,0,0,0,0,0,0,0,0,0,0,0,0,0,0,0,0,0,-0.699031239405971,0,0,0,0,0,0,0,0,0,0,0,0,0,0,0,0,0,0,0,0,0,0,0,0,0,-0.611864352238897,0,0,0,0,0,0,0,0,0,0,0,0
0,0.712026112973964,0,0,0,0,0.311141918508821,-0.626674599833832,0,0,0,0,0,0,0,0,-0.882331287206886,0,0,0,0,0,0,0,0,0,0,0,0,0,0,0.290447859396587,0,-1.51828323073669,0,0,0,0,0,0,0,0,0,0,0,0,0,-0.297583378039887,0,0,0,0,0,0,0,0,0,0,-0.0143173190302259,0,0,0.0529011447451668,0,-0.487568922735979,0.286383080600927,-0.486009046202019,0,0,0,0,0,0,0,0,0.315170526405974,0,0,0,0,0,0,0,0,0,0,-0.84264342692447,0,0,0,0,0,0,0,0,0.282282290401724,0,0,0,0,0.549666519591038,0,-0.0394205032904935,0,0,0,0,0,0.248400604570546,0,0,0,-0.737975819032296,0,0,0,0,0,0,0,-0.6085057150111,0,0,0,0,0,-0.168984292185046,0,0,0,0.122640743776375,0,0.632385228610122,0,0,0,-0.123083176216976,0,0,0,-0.38964719509949,0,0,0,-0.343635055503156,0,0,0,0,0,0,0.493669898830039,0,0,0,0,0,0,0,0,0,-0.0935117660237641,0,0,0,0,0,0.185944131160197,0,0,0,0,0,0,0.0524055388214495,0,0.510641458448685,0,0,0,0,0,0,0,0,0,0,0,0,0,0,0.428453720504143,0,0,0.737709450103346,0.337982102623188,0,0,0,0,0
0,-0.196059075455192,0,0,0,0,0,0,0,0,0,0,0,1.3698627925057,0,0,0,-0.821962776431774,0,0,0,0,0,0,0,0,0,-1.14360992599049,0,0.691463910615686,-0.473793241690638,0.860085758733462,0,0,0,0,-0.297258440133772,0,0,0,0,0,0,0,0,-0.642585609744098,0,0,0,0,0,0,0,0,0,0,0,0,0,0,0,0,0,0,1.13034375157067,0.748757267734868,0,0,0,0,0,-0.751619692272502,0,0,-0.263313709106561,1.67302920458801,0,0,0,0,0,0,0,-0.44235212935821,-1.17317388025043,-1.25019463325622,0,0,0,0,0,4.06977917912987,0,0,0,0,0,-1.31129838697317,0,-1.31470930117889,0,0,0,0,0,0,0,0,0,0,0,0,0,0,0,0,0,-2.47509941062526,0,0,0,0,-0.0739754495573199,0,0,0,0,0,0.749221739242367,0,0,0,0,0,-0.114103412895845,0.527321174006941,0,0,0,0,0,0,0,0,0,0,0,0.276993854198152,0,0,0,0,0,-0.284335099082445,-0.627399749431758,0,0,0,0,0,0,0,0,0.193582949500235,0,0,0,0,0,-1.44242259877305,0,0,0.033277279430912,0,-0.286372360879952,-0.122545244351046,0,0,0,0,0,0,0,0,0.951744163637027,0,0,0,0,0,0,0,0,-0.646297948586863,0,0,0,0,0,0.146058182092484
0,0,0,0,0,0,0,-0.637198568790193,0,0,0,0,0,-0.39121914876714,0,0,0,0,0,0,0,0,0.55815319824752,0,0,0,0,-0.197742365950232,0,0,-0.201676669892245,0.951318895463661,0,0,0,0,0,0,0,0,0,0,0,0,-0.0156623494188055,0,0,0,0,0.122455870836941,0,0,0,-0.344521651135103,0,0.0390891856506994,0,0,0,0,0,0,0,0,0,0,0,0,0,0,0,0,0,0,0,0,0,-0.32879034474594,0,0.541537897257606,0,0,0,0,0,0,0,0,0,0,0,0,0,0,0,0,0,0,0,-0.333149959479741,0,0,0,0,0,0,0,0,0,0,0,0,0,0,0,0,0,0,0,0,0,0,0,0,0,0,-0.394038925537899,0,0,0,0,-0.388126416409597,0.0650770404761933,0,0,0.146394125326015,0,0,0,0,-0.880923412585667,0,0,-1.01750793179298,0,0,0,0,0,0,0,0,0,0,0,-0.391300967239561,0,0,0,0,-0.513960337835412,0,0,0.1711064895018,0,0,0,0,0,0,0,0,0,0,0,0,0,0,0,0,0,0,0,0,0,0,0,-0.903223696808329,0,0,0,0,0.089919771498725,0,0,0,0,0,0,0
0,0,0,0,0.0795153219928981,0,0,0,0,0,0,0,0,0,0,0,0,0,0,0,0,0,0,0,0,0,0.0104665502230963,0,0,0,0,0.677804462049417,0,0.236153664664913,0,0,0,0,0,0,0,0,0,0,0,0,0,0,0,0,0,0,0,0,0,0.0888093630058582,0,0,0,0,0,0,0,0,0,0,0,0,0,0,0,0,0,0,0,0,0,0,0,0,0,0,-1.097345451295,0,0,0,0,0,0,0,0,0,0,0,0,0,0,0,0,0,0,0,0,0,0,0,0,0,0,0,0,0,0,0,0,0,0,0,0,0,0,0,0,0,0,0,0,0,0,0,0,0,0,0,0,0,0,0,0,0,0,0,0,0,0,0,0,-0.401374084585523,0,0,0,0,0,0,0,0,0,0,0,0,-0.0136460349249536,0,0,0,0,0,0,0,0.0726436093092651,0,0,0,0,0,0,0,0,0,0,0,0,0,0,0,0,0,0,0,0,0,0.233093579514885,0,0,0,0,0,0,0,0,0
0,0,0,0,0,0,0,0,0,-0.133295054597211,0,0,0,0,0,0,0,0,0,0,0,0,0,0,-0.0733825512777593,0,0,0,0,0,0,1.23581475007509,0,0,0,0,0,0.447605303654135,0,0,0,0,0,0,0,0,0,0,0,0,0,0,0,0,0,0,0,0,0,0,0,0,0,-0.871582895836763,0,0,0,0,0,0,0,0,0,0,0,0,0,0.178634680922908,0,0,0,0,0,-0.458076578133462,0,0.529517958013391,0,0,0,0,0,0.821884433752174,0,0,0,0,0,0,0,0,0,0,0,0,0,0,0,0,0,0,0,0,0,0,0,0,0,0,0,0,0,0,0,0,0,0,0,0,0,0,0,0,0,0,0,0,0,0,0,0,0,0,0,0,0,0,0,0,0,0,0,0,0,0,0,0,0,0,0,0,-0.0851123763154837,0,0,0,0,0,0,0,0,0,0,0,0,0,0,0,0,0,0,0,0,0,0,0,0,0,0,-1.42541592056347,0,0,0,0,0,0,0,0,0,0,0,0
0,0,0,0,0,0,0,0,0,0,0,0,0,0,0,0,0,0,0,0,0,0,0,0,0,0,0,0,0,0,0,0.162639224863626,0,0,0,0,0,0,0,0,0,0,0,0,0,0,0,0,0,0,0,0,0,0,0,0,0,0,0,0,0,0,0,0,0,0,0,0,0,0,0,0,0,0,0,0,0,0,0,0,0,0,0,0,-0.214526630934596,0,0,0,0,0,0,0,0,0,0,0,0,0,0,0,0,0,0,0,0,0,0,0,0,0,0,0,0,0,0,0,0,0,0,0,0,0,0,0,0,0,0,0,0,0,0,0,0,0,0.180270319810176,0,0,0,0,0,0,0,0,0,0,0,0,0,0,0,0,0,0,0,0,0,0,0,0,0,-0.453007131226144,0,0,0,0,0,0,0,0,0,0,0,0,0,0,0,0,0,0,0,0,0,0,0,0,0,0,0,0,0,0,0,0,0,0,0,0,0,0,0
0,0,0,0,0,-0.206671983429187,-0.278182957659049,0,-0.190261599426361,0,0.924318693168924,0,0.34747121721731,0,0,0,0,0,0,0,0.0447555116090972,0,0,0,0,-0.770084750177569,0,0,0.285348505925321,0,-0.61691399058818,0.0946745391338886,0,0,0,0,0,0,0,0.216751904053714,0,0,0,0.72164922476544,0.431262681709101,0,0,0,0,0,0,0,0,-0.0412084407970936,0,0,0,0,0,0,0,0,2.29776754435688,-0.0169352767473108,0,0,0,0,0.0985522371693652,0,-0.248719050739217,0,0,0,0,0,0,0,0,0,0,0,0,0,0,0,0,1.71068880344665,0,0,0,0,0,0,0.571233851903496,1.34470058580254,0,0,-0.0605243747399578,0,0,1.40017588430933,0,0,0,0,0,0,0,0,0,0,0,0,-1.07735682828014,0,0,-1.79768971263991,0,0.740380598570937,0,0.803945275884891,0,0,0,0,0,0,0,0.293816185987172,0,0.0305414537081576,1.44192689020877,0,0,0,1.05076203371993,0,0,0.0175046505665843,0,0,0,0,0,0,0,-0.53896465638795,0,0,0,0,0.700846114837006,0,0,0,0,0,0,0,0,0,0,0,0,0,0,0,0,0,0,0,-0.354512756517198,0,0,0,0,0,0,0,0,0,0,-0.722754387130051,1.10402552493386,0,0,0,0,0,0,0,0,0,0,0.191814401250101,0,-0.149404269837915,0,0
0,0.958916664030605,0,0,0,0,0,0,0.751341943202471,0.479108321490467,0,0,0,0,0,0,0,0,-1.66243587479929,0,-0.172053864919003,0,0,0,-0.373764858504593,0,0,0,0,0,0,0,0,0,0,0,0,0,0,0,0,0,0,0,-2.01113933091692,-1.89530603362951,0,0,0,0,0,0,0,0,0,0,0,0.685406865152191,0,0,0,0,3.38336129434583,0,0.0505245473792253,0,0,0,0,0,0,0,0,0,1.02095974158941,0,0,0,-0.0270067784451093,0,0,0,0,0.0552569570949109,0,0,0,0,0,0,0,0,0.54930266210096,0,-0.568976130721313,-0.616062542324487,0,0,-0.360729689147713,0,0,-0.449283218923476,0,0,0,0,0,0,0,0,0,1.2966257738864,0,0,0,0,0,0,0,0,0,0,-0.636549068470067,0,0,0,0.655498975145386,0,0,0,0,0,0.376182758490964,0,-0.490597188946862,0,0,0,0,-0.923731182643145,0,-0.361680231421381,0,0,0,0,0,0,-0.0362734887636673,0,0,0,0,0,0,0,0,0,0,0,0,0,0.934510815925303,0,0,0,0,0.6190174271321,0,0,0,0,0,0.132506480687894,0,0,0,0,0,0,0,0,0,0,-0.553806422645116,0,0,0.705190590998002,0,-0.685284027878339,0,0,0,0,0,0,0,0,0,0
0,0,0,0,0,0,0,0.158685354284236,0,0,0,0,0,0,0,0,0,0,0,0,0,0,0,0,0,0,0,0,0,0,0,0.144352734993507,0,0,0,-0.0180365975046703,0,0,0,0,0,0,0,0,0,0,0,0,0,0,0,0,0,0,0,0,-0.161244339419695,0,0,0,0,0,0,0,0,-0.215653966075532,0,0,0,0,0,0,0,0,0,0,0,0,0.191454814972634,0,0,0,0,0,0,-0.180132709714257,0,0,0,0,0,0,0,0,0,0,0,0,0,0,0,0,0,0,0,0,0,0,0,0,0,0,0,0,0,0,0,0.0435712065201077,0,0,0,0,0,0,0,0,0,0,0,0,0,0,0,0,0,0,0,0,0,0,0,0,0,0,0,0,0,0,0,0,0,0,0,0,0,0,0,0,0,0,0,0,0,0,0,0,0,0,0,0,0,0,0,0,0,0,0,0,0,0,0,0,0,0,0,0,0,0,0,0,0,0,0,0,0,0,0,0,0,0
0,0,1.24032264570526,0,0,0,0,0,0,0,0,0,0,0,0,0,0,0,0,0.34197958010364,0,0,0,0,0.305428816862838,0,0,0.642057886168771,0,0,0,0,0,0,0,-0.166735797393859,0,0.349028056850029,0,0,0,0.227946854840071,0,0,0,0,0,0,0,0,0,0,-0.449958130861628,0,0,0,0,0.965566577168794,0.106801188574231,-0.246703396544873,0,0,0,0,0,0,-0.0705826008074808,0,0,0,0.260040600846693,0,0,0,0,0,0,0,0,0,0.668537709555399,0,0,0,0.0927657059342,0,0,0,0,0,0,0,0,0,0,0,0,0,0,0.871548637678033,0,0,0,0,0,0,0,0,0,0,0,0.213002468603391,0,0,0,0,0,0,0,0.558661788769026,-0.0492121527200373,0,0,0,0,0,0,-1.05219131786304,0,0,0,0,0,0,0,0,0,9.40606487081688,0,0,0,0,0,0,0,0,0,0,0,0,0,0,0,0,0,0,0,0,0,0,0,0,-0.644278394954146,-0.00485023750459823,0,0,0.491280514422574,0,0,0,0,0,0,-1.05125440603447,0,0,0,0,0,0,0,0,0,0,0,0,0,0,0,0,0,0,0,0,-1.69743533696954,0,0,0,-0.225683209618855,0
0,0.0221746723558172,0,0,0,0,0.275779871247683,0,0,-0.951777443578077,0,0,0,0,0,0,0.295657643159221,0,0,0,0,0,0,0,1.23627605776917,0,0,0,0,0,0,1.3014913147117,0,0,0,1.08564451029401,0,0,0,0,0,0.493226879898432,0,0,0,0,0,0,0,0,0,0,0,0,0,0,0,0,0,0,0,0,0,0,0,0,0,0,0,0,0,0,0,0,-0.286532278470481,0,0,0.984665668216399,0,0,0,0,0,0,0.190424116425193,-0.26184560824587,0,0,-0.65721547801292,0,0,3.06907012552527,0,0,0,0,0,0,2.26221064606271,0,0,1.76027508919485,0,0,-3.99470485323824,0,-0.0322315367462995,0,0,0,0,0.874081402546091,0,0,0,0.103926391528642,0,0.547988318518019,0,0,0,0,0,0,0,2.04838562105159,0,0,0,0,0,3.0385655528916,0,0,0.0104127522548285,0,0.118603863728954,0,0,0,1.40665089916167,-0.961491275049783,0,0,0,0,0,0,0,0,0,0,0,0,0,0,0,0.327243766391661,0,0,0,0,-0.929723829037471,0,0,0,0,0,0,-4.66765562000437,0,0,0,0,0,0,0,0.883307017482501,0,-0.0545689768137341,0,0,0,0,-0.20970291823106,0,0,0,0,0,0,0,0,-0.142736540567815,0,0,1.00312744942379,0,0,0
0,0,0,0,0.234521957608253,0,0,0,0,0,0,0,0.135803785193711,0,0,0,0,0,0,0,0,0,0,0,0,0,-0.0567121303538227,0,0,0,0,1.02672747709494,0,0,0,0,0,0.0106047908673521,0,0,0,0,0,0,0,0,0,0,0,0,0,0,0,0,0,0,0,0,0,0,0,0,0,0,0,0,0,0,0,0,0,0,0,0,0,0,0,0,0.664824132142064,0,-0.00509348881849458,0,0,0,0,0,0,0,0,0,0,0,0,0,0,0,0,0,0,0,0,0,0,0,0,0,0,0,0.0568092605510393,0,0,0,0,0,0,0.303345693800663,0,0.0703089998705275,0,0,0,0,0,0,0,0,0,0,0,0,0,0,0,0,0,0,0,0,0,0,0,0,0,0.0743554070703396,0,0,0,0,0,0,0,0,0,0,0,0,0,0,0,0,0,0,0,0,0,0,0,0,0,0,0,0,0,0,0,0,0,0,0,0,0,0,0,0,0,0,0,0,0,0,0,0,0,0,0,0,0,0,0,0
0,0,0,0,0.425828294110567,0,0,0,0,0,0,0,0,0,0,0,0,0,0,-0.0546621216008396,0,0,0,0,0,0,0,0,0,0,0,1.08557723221952,0,0,0,0.190437217858892,0,0,0,0,0,0,0,0,0,0,0,0,0,0,0,0,0,0,0,0.0669372614030572,0,0,0,0,0,0,0,0,0,0,0,0,0,0,0,0,0,0,0,0,0,0,0,0,0,0,0,0,0,0.320784971087598,0,0,0,0,0,0,0,0,0,0,0,0,0,-0.133881062697258,0,0,0,0,0,0,0,0,0,0,0,0,0,0,0,0,0,0,0,0,0,0,0,0,0,0,0,0,0,0,0,0,0,0,0,0,0,0,0,0,0,0,0,0,0,0,0,0,0,0,0,0,0,0,0.0528019703613289,0,0,0,0,0,0,0,0,0,0,0,-1.82863468482152,0,0,0,0,0,0,0,0,0,0,0,0,0,0,0,0,0,0.0313520506157006,0,0,0,0,0,0,0,0,0,0,0,0,0,0,0
0,0,0,0,0,1.11890813248411,-0.23450049346855,0,0,0,0,0,0,0,0,0,0,0,0,0,0,0,0,0,0.219055044618463,0,-0.172348537740071,0,0,0,-0.305510602840241,2.0835262162394,0,0,0,0.709110003100232,0,0,0,0,0,0,0,0,0,0,0,0,0,0,0,0,0,0,0,0,0,0,0,0.704773029478624,0,0,0,0,0,0.279720821329717,0.782011281741886,0,0,0,0,0,0.0196699325409473,0,0,-0.901939936692844,0,0,0,-1.1402764746247,0,0,0,0,0,0,0,0,0,0,0,0.675590854399412,0,0,0,0,0,0,0,0,0,-0.124832868144067,0,0,0,0.450564041941925,0,0,0,0,0,0,0,0,0,0,0,-1.06254190789021,0,0,0,0,0.0131307248582344,0,0,0,0,0,0,0,0.00987526113138015,0,0,0,0,0,0,-0.528881540833421,0,0,0,0.0264799641365998,0,0,0,0,0,0,0,-0.340970892417434,0,0,0,0,0,0,0,0,0,0,0,0,0,0,0,0,-1.30447681872174,0,-0.0129172104954904,0,0,0,0,0,0,0,0,0,0,0,0,0,0,0,0,0,0,-1.06133524318556,0,0,0,0,0,0,0,0,0,0,0,0
0,0,0,0,0,0,0,0,0,0,0,0,0,0,0,0,0,-0.515430357036649,0,0,0,0,1.89122728427962,0,0,0,0,0,0.170902513328004,0,0,0.205576953996401,0,0,0,0,0,0,0,0,0,0,0,0,0,0,0,0,0,0,0,0,0,0,0,0,0,0.0937593404341159,0,0,0,0,0,0,0,0,0.551055390089247,0,0,0,0,0,0,0,0,0,0,0,0,0,0,0,0,0,0.192969992629498,0.470460095435954,0,0.303543341721968,0,0,0,0,0,0,0,0,0,0,0,0,0,0,0,0,0,0,0,-0.0199562800133739,1.0128749507613,0,0,0,0,0,0,0,0,0,0.0291463499454885,0,-1.77361612545502,0,0,0,0,0,-0.673134314609163,0,0,0,-0.414198428611197,0,-2.10134526312096,0,0,0,0,0,0,0,0,1.06645780395963,0,0,0,0,0,0,0,0,-0.424039382438954,0,0,0,-0.714708377045529,3.85301286098366,0,0,0,0,0,0.0184249815621149,0,0,0,0,0,0.375597987133585,1.3708871917867,0,0,0,0,0,0,0,0,0,0,0,0,0,0,0,0,0,0,0,0,0,0,0,0,0,0.336668759495213,0,0,0.00760139064921983,-0.137346994218345,0
0,0,0,0,-0.229965246368929,0,0,0,0,0.0532630636877562,0,0,0,0,0,0,0,0,0,0,0,0,0,0,0,0,0,0,0,0,0,0,0,0,0,0,0.124575360041462,-0.767008960708677,0,0,0,0,0,0,0,-1.23668746335093,0,0,0,0,0,0,0,0,0,0,0,0,0,0,0,0,0.38761508202413,0,0,0.0883357194444307,0.0394754316206607,0,0,0,0,0,0,0,-0.303499205458687,0,0,0,0,0,0,0,0,0,0,2.37653056475515,0,0,0,0,0,0,0,0,0,0,0,0,0,0,0,0.341985784352346,0,-1.97718845704184,0,0,0,0,0,0,0,0,0,0.284604216484685,0,0,0,0,0,0,0,0,0,0,0,0,0,0,0,0,-1.27458015407739,0,-1.29873290523022,0,0,0,0,0,0,0,1.15875808968221,0.137326042220672,0,0,0,0,0,0,0,0,2.02115876048518,0,0,0,-1.35533067200305,-0.905290426046314,0,0,0,0,0.148833547751312,0,0,0,0,0,-1.6380304333342,0,0,0,0,0,0,0,0,0,0,0,0,0,0,0.13238766877223,0,0,0,0,0,0,0,0,0,0,0,0,0,-0.468564900050545,0,0,0,-0.245720184305587
0,0,0,0,0,0,0,0,0,0,0,0,0,0,0,0,0,0,0,0,0,0,0,0,0,0,0,0,0,0,0,0.721112065894551,0,0,0,0,0,0,0,0,0,0,0,0,0,0,0,0,0,0,0,0,0,0,0,0,0.217736160138782,0,0,0,0,0,0,-0.29482073482997,0,-0.772809528808098,0,0,0,0,0,0,0,0,0,0,0,0,0,0.835962033050735,0,0,0,0,0,0,0,0,0,0,0,0,0,0,0,0,0,0,0,0,-0.673740286413554,0,0,0,0,0,0,0,0,0,0,0.369406815134077,0,0,0,0,0,0,0,0,0,0,0,0,0,0,-0.199566004313681,0,-0.0212057766103499,0,0,0,0,0,0,0,0,0,0,0,0,0,0,0,0,0,0,0,0,0,0,0,0,0,0.182462954533264,0,0,0,0,0.0731147023361387,0,-0.237781845115685,0,0,0,0,0,-0.333082194109293,0,0,0,0,0,0,0,0,0,0,0,0,0,0,0,0,0,0,0,0,0,0,0,0,0,0,0,0,0,0,0,0
0,0,0,0,0,0,0,0,0,0,0,0,0,0,0,0,0,0,0,0,0,0,0,0,0,0,0,0,0,0,0,0.689289104538602,0,0,0,0,0,0,0,0,0,0,0,0,-0.630908606742898,0,0,0,0,0,0,0,0,0,0,0,0,0,0,0,0,0,0,0,-0.16543122441853,-0.118733876736468,0,0,0,0,0,0,0,0,0,0,0,0,0,0,0.161411259746962,0,-0.287383800035186,0,0,0,0,0,0,0,0,0,0,0,0,0,0,0,0,0,0,0,0,0,0,0,0,0,0,0,0,0,0,0,0,0,0,0,0,0,0,0,0,0,0,0,0,0,0,0,0,0,0,0,0,0,0.0166895271162961,0,0,0,0,0,0,0,0,0,0,0,0,0,0,0,0,0,0,0,0,0,0,0,0,0,0,0,0,0,-0.141484176322436,0,0.718682775967924,0,0,0,0,0,0,0,0,0,0,0,0,0,0,0,0,0,0,-0.144266616792642,0,0,0,0,-0.328974330567289,0,0,0,0,0.42766927357667,0,0
0,0,0,0,0,0,0,0,0,0,-0.596949214484827,0,0,0,0,0,0,0,0,0,0,0,0,0,0.0768493432456467,0,0,0,0,0,0,0.0337911074156925,0,0,0,-0.0926264462368416,0,0,0,0,0,0.605638694771026,0,0,0,0,0,0,0,0,0,0,0,0,0,0,0,0,0,0,0,0,-0.300093992747172,0,0,0,0,0,0,0,0,0,0,0,0,0,0,0,0,0,0,0,0,0,0,0,0,0,0,0,0,0,0,0,0,0,0,0,0,0,0,0,0,0,0,0,0,0,0,0,0,0.205083851067699,0,0,0,0,0,0,0,0,0,0,0,0,0,0,0,0,0,0,0,0,0,0,0,0,0,0,0,0,0.0330533266810182,0,0,0,0,0,0,0,0,0,0,0,0,0,0,0,0,0,0,0,0,0,0,0,0,0,0,0,0,0,0,0,0,0.183047637133801,0,0,0,0,0,0,0,0,0,0,0.558563725629259,0,0,0,0,0,0,0,0,0,0,0,0,0,0,0
0,0,-0.304791785235687,0,0,0,0,0,0,0,0.779016909555188,0,0,-0.0999955959321643,0,0,0,0,0,0,0,0,0,0,0,-0.601752509118253,0,0,0,0,0,0.698988872233216,0,0,0,0,0,0,0,0,0,0,0,0,0,0,0.423645248793127,0,0,0,0,0,0,0,0,0,0,0,0,0,0,0,0,0,0.322528805471811,0.00226338812675508,0,0,0,0,0,0,0,0,0,0,0,0,0,0,0,0,0,0.150910130751209,0,0,0,0,0,0,0,-1.03547162407902,0,0,0,-0.320674343191915,0,0,0,0,-0.348944557516408,0,0,0,0,0.133012356603244,0,0,0,0,0,0,0,0,0,0,0,0,0,0,0,0,0,0,0,0,-0.235304070901096,0,0,0,0,0.301196159893496,0,0,0,0,0,0,0,0,0,0,0,0,0,0,0,0,0,0,0,0,0,0,0.724290278012629,0,0,0,0,0,0,-0.594640382587781,-0.328063846652931,0,0,0,0,0,0,0,-0.0819180248737013,0,0,0,0,0,0,0,0.0459504557934713,0,0,0,0,0,0,0,0,0.73317738453493,0,0,0.0044534140340089,0,0,-0.0849088461900056,0,0,0,0,0,0.169675968428713
0,0,0,0,0,-6.16056080116117,0,0,0,0,0,0,0,0,0,0,0,0,0,0,0,0,0,0,0,0,0,0,0,0,0,0.328115399912388,0,0,0,0,0,0,0,0,0,0,0,0,0,0,0,0,0,0,0,0,0,0,0,0,0,0,0,0,0,0,0,0,0,0,0,0,0,0,0,0,0,0,0,0,0,0,-0.113581334711873,0,0,0,0,0,0,0,0,0,0,0,0,0,0,0,0,0,0,0,0,0,0,0.148537798603063,0,0,0,0,0,0,0,0,0,0,0,0,0,0,0,0,0,0,0,0,-0.104262404821553,0,0,0,0,0,0,0,0,0,0,0,0,0,0,0,0,0,0,0,0,0.452395355247506,0,0,0,0,0,0,0,0,0,0,0,0,0,0,0,0,0.33818756555861,0,0,0,0,0,-0.830165713862245,0,0,0,0,0,0,0,0,0,0,0,0,0,0,0,0,0,0,0,0,0,0,0,0,0,0,0,0,0,0,0,0,0
0,0,0,0,0,-3.12509849276145,-0.69648311496942,0,0,0.23452299121147,0.0830528500446295,0,0,0,0,0,0,0,0,0,0,0.462330301153727,0,0,-0.385868597660106,0,0,0,0.213579076674767,0,0,0,0,-0.47969821293019,0,0,0,0,0,0,0,0,0,0,-0.447317683221997,0,0,0,0,0,0,0,0,0,0,0,0,1.08489358216795,0,0,-0.447409237750847,0,0,0,0,0,0,0,0,0,0,0,0,0,0,0,0,0,-0.453694677261403,0,0.169295091145893,-0.00902109923277727,0,0,0,0,0.517288537632117,0,0,0,0,0,0,0,0,0,0,0,0,0,0,0,0,0.0388042962628017,0,0,0,0,0,0,0,0,0,0,0,-0.0891007979428433,0,0,0,0,-0.832057084386999,0,1.46146322983067,0,0,0,0,0,0,0,-0.529803574003535,0,-1.29495178505017,0,0,0,0,0,0,0,0,0,0,0,0,0,0,0,0,-0.277988631224218,0,0,0,0,0,0,0,0,0,0,0,0,-0.136944554047354,0,0,0,0,0,0.284251850176453,0,0,0,0,0,0,0,0,0,0,0,0,0,0,0,0,0,0,0,0,0,-0.217010516684525,0,0,0,0.113591951762305,0,0,0.477901206438893,0,0
0,0,0,0,0,-2.21457779590429,-1.14022698181781,0,0,0,0,0,0,0,0,0,0,0,0,0,0,0.188677627008338,0,0,0,0.575348873869438,0,0,0,0,0,0,0,0,0,0,0,-0.106394649563674,0,0,0,0,0,0.586151978673894,0,0,0,0,0,0,0,0,0,0,0,0,0.74720049831983,0.682023021342377,0,0,0,0,0,0,0,0,0,0,0,0,0,0,0,0,0,0,0,0,0,0,0,0,0,0,0,0,0.115315974821503,-0.77246752419734,0,0,0,0,0,0,0,0,0,0,0,0,0,0,0,0,0,0,0,0,0,0,0,0,0,0,0,-1.16480084696347,0,0,0,0,0,0,0,0,0,0,0,0,0,0,-0.15716015930282,0,-1.99527373758716,0,0,0,0.0321563223638532,0,0,0,0,0,0,0,0,0,0,0,0,0,0,0,0,0,0,0.172233932045159,0,0,0,0,0,0,0,0,0,0,0,0.0959359433562206,0.520449288617695,0,0,0,0,0,0,-0.107189584208563,0,0,0,0,0,0,0,0,0.605713823702593,0,0,0,0,0,-1.48633968309259,0,0,0,0,0,0,1.17348811493319,0,0
0,0,0,0,0,-3.11531320489214,-2.74808195913742,0,0,0.569887155765951,0,-0.171039356185159,0,0.137728069602321,0,0,0,0,0,0,0,0,0,0,0,0.295492150334116,0.167222490540829,0,2.36553214278593,0,0,0,0,0,0,0,0,0,0,0,0,0,0,-0.311248761283608,0,0,0.659112235935273,0,0,0,0,-0.0665680469099585,0,0,0,0,0,2.10327793996357,0,0,0,0,0,0,0,0,0,0,0,0,0,0,0,0,0,0,0,0,0,0,0,0,0,0,0,0,0,0,0,0,0,0,0,0,0,0,0,0.451741520214058,0,0,0.21807131901727,0,0,0,0,-0.279095374720886,0,0,0,0.104088008540329,0,0,0,0,0,-0.746966229796529,0,0,0,0,0,0,0.862484212476788,0,0,0,0,0,0,0,0,0,-0.626055327525084,0,0,0,0,0,0,0,0,0,0,0,0,0,0,0,0.535363001520617,0,0.614000870772283,0,0,0,0,0,0,0,0,-0.790837012697964,0,-0.367678071590207,0,0,0,0,0,0.855416583222938,1.12859375749699,0,0,0,0,0,0,-0.031440936533583,0,0,0,0,0,0,0,0,1.34638068491846,0,0,0,0,0,0,0,0,0,0,0.0472802853721737,0,0.12340585149908,0,0
0,-0.0913818337779346,0,0,0,-2.05010684487269,0,0,0.545363919777846,-0.000416516020172342,0,0,0,0,0,0,0,0,-0.931281134660769,0,0.549051524827135,0,0,0,0,-0.559390500805425,0,-0.206263383937415,0,0,0,0,0,0,0,0,0,0,0,0,-0.269944915319905,0,0,0,0.620398881262102,0,0.108399962905817,0,0,0,0,0,0,0,-0.251237265897515,0,-0.896135665190287,2.09035941505725,0,0,0,0,0,0,0,0,0,0,0.80428200676261,0,0,0,0,0,0,0,0,0,0,0,-0.291195213262224,-0.351761114201663,-0.55829608807339,0,0,0,0,-0.85895906600995,0,-0.953379492122687,0.534793815673945,0,0,0,0.344224509887713,0,0,0,0,0,1.81458192871464,1.84004931091268,1.12371941135705,1.08767879734084,-0.69727919003446,0,0,0,0,-0.0857061431556236,0,0,0,0,-0.553638659811844,-1.24903424877331,0,0,0.11549411803537,0,5.54783229641015,0,-0.133125663990662,0,0,0,0,0,0,0,0,0,0,0,0,0,0,0,0,0,0,0,0,0,0,0,0,0,0,-1.1720082266443,0,0,0,0,-0.828214718247148,0.103120612928287,0,0.0453040764606318,0,0,0,0,0,-2.16931633452262,0,0,0,1.48792750993885,0,0,0,0,1.05632342378024,0,0,-1.59403955722167,-0.164511919813662,0,0.169789983294341,0,0,0,0,0,0,0,0,0.336846628850152,0,0,0,0,0,0,0,0,-0.644693659317907,-0.375136031249937,0,0
0,0,-0.207012616191865,0,0,-0.181454198321637,0.217853190466581,0.359253711540625,0,0,0,0,0,0,0,0,0,0,0,0,0,0,0,0,0,-1.19527916783993,0,0,0,0,0,0,0,0,0,0,0.0107611889151129,-0.0314205452253378,0,0,0,0,0,0,0,0.446338079912345,0,0,0,0,0,0,-0.103000020737286,0,0,0,0.217580617592447,0,0,0,0,-0.0223825489144773,0,0,0,0.174385461485442,0,0,0,0,0,0,0,0,0,0,-0.0722614237028862,0,-0.00831758761163082,0,0,0.120266554898474,0,0,0,0,0,0,0,-0.363176410399004,0,0,0,0,0,0,0,0,0,-0.362599264225758,0,0,0,0,0,-0.245879418718795,0,0,0,0,0,0,0,0,-1.33834069418623,0,0,0,0,0.264044199582381,0.236764529124276,0,0,0,0,0,0,0,0,0,0,0,-0.0443880542767108,0,0,0,0,0,0,0,0,0,0,0,0,0,0,0.974091004597752,0,0,0,0,0,0,0,0,0,0,0,0,-0.107722185382901,0,1.00434209868342,-0.117045552447712,0,0,2.55776153758351,0,0,0,0,0,0,0,0,0.103532176073926,0,0,0,0,0,0.0961192322613762,-0.0907030593922842,0,0,0,0,0,0,0,0,0,0,-0.559101611627349,0,0.26476304016483,0,0,0,0.0277694718194303
0,0,0,0,0,0.085110023334086,0,0,0,0,0,0,0,0,0,0,0,0,0,0,0,0,0,0,0,0,0,0,0,0,0,1.2625381213664,0,0,0,0,0,0,0,0,0,0,0,0,0,0,0,0,0,0,0,0,0,0,0,0,0,0,0,0,0,0,0,0,0,0,0,0,0,0,0,0.304236016793029,0,0,0,0,0,0,0,0,0,0,0,0,0,0,0,0,0,0,0,0,0,0,0,0,0,0,0,0,0,0,0,0,0,0,0,0,0,0,0,0,0,0,0,0,0,0.139197132392989,0,0,0,0,0,0,0,0,0,0,0,0,0,0,0,0,0,0,0,0,0,0,0,0,0,0,0,0,0,0,0,0,0,0,0,0,0,0,0,0,0,0,0,0,0,0,0,0,0,0,0,0,0,0,0,0,0,0,0,0,0,0,0,0,0,0,0,0,0,-0.25411797878754,0,0,0,0,0,0,0,0,0,0,0,0
0,0,0,0,0,0,0,0.159006108071294,0,1.09491930894914,0,0,0,0,0,0,0,0,0,0,0.293039155672554,0,0,0,0.126304622817727,0,0,0,0,0,0,0.63977335191815,1.37634972893619,0,0,0,0,0,0,0,0,0,0,0,0,0,0,0,0,0,0,0,0,0,0,0,0,0,0,0,0,0,0,0,-0.0517226913347026,0.592353796937058,0,0,0,0,0.576253087762202,0.380918508535225,0,0,0.707952659286005,-1.0252776016866,0,0,0,0,0,0,0,0,0,-0.879237345001798,0,0,0,0,0,0.701040410098494,0,0,0,0,0,0,-0.301852500521381,0,0,0,0,0,0,0.227052016513192,0,0,0,0,0,0,0,-0.0198369148007329,0,0,0,-5.17834887945665,0,0,0.0175215351420186,0,0,0,0,0,2.97718472623734,0,0,0,0,0,0,0,0.0507273827495787,0.0651967611758542,0,0,0,0,0,0,0,0,0,0,0,0,0,0,0,0,0,0,0,0,0,0,0,0,-0.762870773388024,0,0,0,0,0,0,0,-0.144141211755086,0,0,0,0,0,0,0,0,0,0,0,0,0,0,-0.227665521739874,0,0,0,-0.415627696797277,0,0,0.199742389514693,0,0,0,0,0,0,0,0,0
0,0,0,0,0,0,0,0,0,0,0,0,0,0,0,0,0,0,0,0,0,0,0,0,0,0,0,0,0,0,0,0.734494101057257,0,0,0,0,0,0,0,0,0,0,0,0,0,0,0,0,0,0,0,0,0,0,0,0,0,0,0,0,0,0,0,0,-0.0300379428372628,0,0,0,0,0,0,0,0,0,0,0,0,0,0,0,0,0,0,0,0,0,0,0,0,0,0,0,0,0,0,0,0,0,0,0,0,0,0,0,0,0,0,0,0,0,0,0,0,0,0,0,0,0,0,0,0,0,0,0,0,0,0,0,0,0,-0.055768180286085,0,0,0,0,0,0,0,0,0,0,0,0,0.0465512711707172,0,0,0,0,0,0,0,0,0,0,0,0,0,0,0,0,0,0,0,0,0,0,0,0,0,0.319763902707803,0,0,0,0,0,0,0,0,0,0,0,0,0,0,-0.178992139027916,0,0,0,0,0,0,0,0,0,0,0,0,0,0,0
0,0,0.260717749549722,0,0,0,-0.552644255196156,0,0,0,0,0,0,0,-1.43412582353837,0,0,0,0,0,0,0,0,0,0,0,0,0,0,0,0,0,0,0,0,0,0,0,0,0,0,8.54594109048735,0,0,1.18624769245948,0,0,0,0,0,0,0,7.64407222487682,0,0,0,0,0,0,0,1.07393758144919,0,0,0,0,0,0,0,0,0,0.275317840557921,0,0,0,0,0,0.182938138205734,0,0,0,0.104736532401249,0,0,0,0,0,0,0,0,0,0,0,0,0,0,0,0,0,0,0,0,1.07200523623788,1.42346908045053,-0.863119998819765,-0.338483750607724,0,0,0,0,0,0,0,0,0,0,0,0,0,0,0,0,0,0,0,0,0,0,0,0,0,0,-0.0726275749990952,-0.0109779691313925,0,0,0,0,0.0417552341611693,0,0,-0.440686063727877,0,0,-0.472496752753177,0,0,0,-0.0105431658146471,0,0,0.113730543761624,0,0,0,0,0,0,0,0,0,0,0,0,0,0,0,0.0514021013916388,0,0,0,-0.0460933636416661,0,0,0,0,0,-0.0227194298752043,0,0,0,0,-0.259111711867692,0,0,0,0,0,0,0,0,0,0,0,0.490378476482007,0,0,0,-0.0110497673969463,0.0476085264193646,0
0,0,0,0,0,0,0,0,0,0,0,0,0,0,0,0,0,0,0,0,0,0,0,0,-0.290059587171619,0,-0.0384503056250434,0,0,0,0,1.15514113303888,0,0,0,0,0,0,0,0,0,0,0,0,0,0,0,0,0,0,0,0,0,0,0,0,0,0,0,0,0,0,0,0,0.621140443764973,0,0,0,0,0,0,0,0,0,0,0,0,0,0,0,0,0,0,0,0,0,0,0,0,0,0,0,0,0,0,0,0,0,0,0,0,0,0,0,0,0,0,0,0,0,0,0,0,0,0,0,0,0,0,0,0,0,0,0,0,0,0,0,0,0,0,0,0,0,0,0,0,0,0,0.262505709119188,0,0,0,0,0,0,0,0,0,-0.260102391815959,0,0,0,0,0,0,0,0,0,0,0,0,0,0,0,0,0,0,0,0,0,0,0,0,0,0,0,0,0,0,0,0,0,0,0,0,0,0,0,0,0,0,0,0,0,0,0,0,0,0
0,0,0,0,0,0,0,0,0,0,0,0,0,0,0,0,0,0,0,-0.179885034199766,0,0,0,0,-0.13256146866439,0,0,0,0,0,0,1.30232153831003,0,0,0,0,0,0,0,0,0,0,0,0,0,0,0,0,0,0,0,0,0,0,0,0,0,0,0,0,0,0,0,0,0.349940956011479,0,0,0,0,0,0,0,0,0,0,0,0,0,-0.22546102892986,0,0,0,0,0,0,0,0,0,0,0,0,0,0,0,0,0,0,0,0,0,0,0.0914795322478017,0,0,0,0,0,0,0,0,0,-0.0759927998535794,0,0,0,0,0,0,0,0,0,0,0.387044670563363,0,0,0,0,0,0,0,0,0,0,0,0,0,0,0,0,0,0,0,0,0,0,0,0,0,0,-0.742656799762002,0,0,0,0,0,0,0,0,0,0,0,0,0,0,0,0,0,0,0,0,0,0,0,0,0,0,0,0,0,0,0,0,0,0.336056883126985,0,0,0,0,0,0,0,0,0,0,0,0,0,0,0,0
0,-0.822897680477749,0,0,1.75030231097074,0,0,-1.74592213263726,0,0,1.63362684949318,0,0,0,0,0,0,0,0,0,0,0,-0.0657592446834598,-0.232505486477949,0,0.396572885567318,0,0,-0.649491479215753,0.0852941327817456,0,0,0,0,0,0,0,0.505357602993311,0,0,0,0,0,0,6.16893675987475,0,1.71219980807313,0,0,0,0,0,-0.301307170193543,-0.710318339034898,0,0,0.962015087441368,1.52372066584013,0,0,0,0,1.16583612797804,0,0,0,0,-1.43826694466627,0,0,0,0,0,-0.00642463729231024,0,0,0,0,0,0,0,0,0,1.82667349499919,0.731539288264019,0,0,0.472008557666147,0,0,0,0,0,0,0.26935390317479,0,0,0,0,0,0,0,-0.0719272242897222,0,0,0,0,0,0,0,0,0,0,0,0,0,0,0,0,0,2.52273694457283,0,0,0,0,0,4.24560815790426,0,0,0.128305844010991,-0.348114727608983,0,0,0,0,0,0,0,0,0,0,0,0,0,0,0,0,0,0,-0.447233603930099,0,0,0,0,0.22023093208371,-3.54226155796999,0,0,0,0,0,0,2.78171269419875,0,0,0,0,0,-0.904123013486577,0.493684357492901,0,0,0,-0.864569832159872,0,0,0,0,0,0,0,0,0,0,0,0,0,0,0.119973582452461,0,1.29908344934208,0,0.499518760307708,-0.633297619111912,0,-0.00786196658603422,0,0,3.91634287410973,0
0,0,0.0150823307355723,0,0,0,0,0.35026081106693,0,-0.0078526126911227,0,0,0,0,0.303620402913145,0,0,0,0,0,0,0,0,0,0,0,0,0,0,0,0.446194266599031,0,0,0,0,0,0,0,0,0,0,0,0,0,0.760983143010806,0,0,0,0,0,0,0,0,0,0,0,-1.86021038312126,0,0,0,0,0,0.449614864945679,0,0,0,0,0,0,0,0,0,0,0,0,0,0,0,0,0,0,0,0,0,-0.333602574099306,0,0,0,0,0,0,0,0,0,0,0,0,0,0,0,0,0,0,0.665747038544684,0,0,0,-0.381542088397537,0,0,0,0,0,0,0,-1.0026499610307,0,0,0,-0.581522504171468,0,0,0,0,0,0,0,0,0,0,0,0.00847864530991016,0,0,0,0,0,0,0,0,0,0,0,0,0,0,0,0,0,0,0,0.20932358134955,0,0,0,0,0,0,0,0,0,0,0,0,0,0,0,0,0,0,0,0,0,0,0,0.722321103966307,0,0,0,0,0,0,-0.0272121840026975,0,0,0,0,0,0,0,0.206688085502056,0,0,0,0,0,0,0,4.94321200972762,0.828129171643383
0,0,-1.8447120595998,0,0,0,0,0.188242911585898,0,0,-1.88700355675631,0,0,0.392073270538426,0,0,0,0,0,0,0,0,0,0,0,-0.83531127640225,0,0,0,0,-0.524883183692912,0,0,0,0,0,0,0,0,0,0,1.29105203775596,0,-0.0972211101650555,1.38735791901637,0,0,0,0,0,0,0,-0.963637271899751,-1.30250779487137,0,0,0,0,0,0,0,0,0.849988306189112,0,0,0,0,0.0376200093397672,0,0,-0.702087712916963,0,0,0,0,0,0,0,0,0.140597119192459,0,0,0.446539444826193,0,0,0,0,0,0,0,-0.258364507739815,0,0,0,0.566745235765485,0.243012951748182,0,0,0,-0.0996549460638194,0,0,-0.342812151823406,0,0,0,0,0,0,1.00097953902556,0,0.205724709566935,0,0,0,0,0,0,-0.0199870299215548,0,0,0,0,0,0,0,0,0,0,0,0.139545965382706,0,-0.191114941028907,0,0,0,0.914373476318343,0,0,0,0,0,0,0,0,0,0,0,0,0,0,0,-0.0701618608428671,0,0.755993948776434,0,0,0,0,0,0,0,-0.568635184318239,0,0,0,0,0,0,0,0.25517769341995,0.081564430947306,0,0,0,0,0,0,0,0.815203626148432,0,0,0,0,0,0,0,0,0,0,0,0,0,0.146462548289305,0,0,0,0,3.00845639868837,0.179407111327967
0,0,0,0,-0.722428762104883,0,0,0,0,0,0.281755508357747,0,0,0,0,0,0,0,0,0,0,0,0,0,0,0,0,-0.297866927457353,-1.92974030685517,0,-0.159472032972048,0.196362141564616,0,-0.30684091328777,0,0,0,-0.300908787002893,0,0,0,0.490120246918428,0,0,0,0,-2.36421103317921,0,0,-0.126815535127008,0,0,0,0,0,0,0,0,0,0,0,0,0,0,0,0,0,0,0,0,0,0,0,0,0,0,0,0,0,0,0,0,0,0,0,0,0,0.508438546330523,0,1.18471769818688,0,0,0,0,0,0,0,0,0,0,0,0,0,0,0,0,0,0,0,0,0,0,0,0,0,0,0,0,0,-1.20429984772627,0,-0.57839261614346,0,0,0,-0.279487550910259,0,0,-0.428366794679508,0,0,0,0,0,0,0,0,0,0,0,-0.281809603550202,0,0,0,0,0,0,0,0,0,0,0,0,0,0,0,0,0,0,0,0,0,0,0,0,0,0,0,0,0,0,0,0,0.0802669281367108,0,0,0,0,0,0.548221338556212,0,0,0,0,0,0,0,0,0,0,0,0,0,0,0,0,0,0,9.03755201473473,0
0,0.755372683710046,0,0,-0.303525143433283,0,0.498623672005646,0,-1.88792750319753,0,0,0,0,-0.253871376728459,0.447032000669579,0,0.472713399425593,0,0,0,0,0,0,0,0,0,-0.13923915891684,0.391759463960558,0.044392423969154,0,-0.826458384451464,0,0.251329358881886,0,0,0,0,0,0,0,-0.436682959350019,0,0,-0.841914417764122,-1.97619736821158,0,0,0,0,0,0,0,-1.1832559117116,0,-0.221748251789732,0,-1.04574547977564,-0.936194282437927,0,0,-0.289185342778628,0,0,0.385706323704294,0,-0.196014878973264,0,0,0,0,0,-0.062660218735455,0,0,0.789711380406179,0,0,0,0,0,0,0,0,0,0,-1.06303320757896,0,0.164157142752106,0,0,1.63752753015841,0,0,0,0.724360382503668,0,0,0,0.553846275129845,-0.222271763508946,0,0,0,0,0,-0.747828908833048,0,0,0,0,0,0,0,0.209069195348669,0,1.53044824156724,0,0,0.26852835738506,0,0.392130011884853,0,0,0,0,0,0,0,-1.68689075657469,0,0,0,0,0,0,0,0,0,0,0.95452301021716,0,0,0,0,0,0,0,0,0.362401210516894,0,0,0,-0.368183137591497,0,0,0,0,0,0,0,0.0602845669791618,0,0,0.525336138937283,0,0,0,0.523878661605313,-3.30317824505973,0,0,0,0,0,0,0,0,0,0,0,0,0.102392406880426,0,0,1.63572253031414,-0.158390977851805,-0.772649004541871,0,0,0,0,0,0,0,0,0,0.0860228815302262,-1.26113434360102,8.89346625017785,0
0,0,1.18375687836063,0,0,0,0,0,0,0,0,0,0,0,0,0,0,0,0,0,0,0,0,0,0,0,-0.173149453539581,-0.554404918312172,0,0,-0.895130373848077,0,0,0,0,0,0,0,1.98015638495809,0,-0.685445004206272,0,0,0,0,0,0,0,0,0,0,0,0,0.131951367360302,0,0,0,0,0,0,0,0,0,0,0,0,0,0,0,0,0,0,0,-0.26957717947461,0,0,0,0,0,0,0,0,0,0,0,0,0,0,0,-0.838804791231279,0,0,0,0,0,0,0,0,0,0,0,0,0,0,0,0,0,0,0,0,0,0,0,0,0,0.752549040560294,0,0,0,0,0,0,1.13041604582506,0,0,0,0,0,0,0.0337558562184368,-1.22833854226653,0.054656302291153,0,0,-0.457026538638415,0,0,0,0,0,0,0,0,0,0,0,0,0,0,0,0,0,-0.238958585724538,0.36227094218679,0,0,0,0,0,0,0,0,0,0,0,0,0,0,0,0,0,0,0,0,0,0,0,0,0.210184477714699,0,0,0,0,0,0.0387089764982771,0,0,0,0,0,0,0,0,1.11266333341326,0,0,0,0,0,0
0,0.0965852146623245,0,0,0,0.33161472040056,0,0,0,0,0,0,0,0,0,0,0,0,0,0,0,0,0,0,0,0,0,-0.233668414780565,0,0,-0.182341424784488,0,0,0,0,0,-0.884182649691089,0,0.344342631317632,0,-0.191799582448953,0,0,-0.14101507904945,0,0,0,0,0,0,0,-0.0719587033188092,0,0,0,0,0,0,0,0,0,0,0,0,0,0,0,0,0,0.155412859538195,-0.165787055314819,0,0,0,0,0,0,0,0,0,-0.198056125249672,0,-0.456357064157264,0,0,0,0,0,0,0,0,0,0,0,0.294571300493822,0,0,0.535762417311901,0,0,0,0,0,0,0,0,0,0,0,0,0,0,0,0.287164788612177,0,0.290708250175966,0,0,0,0,0.475473933209974,0.0898719831911048,0,0.569546564401562,0,0,0,0,0,0,0,0.0980198618198256,0,0,0,0,0,0,0,0,0,0,0,0,0,0,0,0,0,0,0,0,0,0,0,0,0.0157987583332699,0,0,0,0,0,0,0,0,0,0,0,-1.35175432825155,0,0,0,0,0,0,-0.133985851240881,0,0,0,0,0,0.893936038440542,0,0,0,0,0,-0.921426437374564,0,0,0,0,0,0.290510687700126,-1.90273588167563,0.109606092052805,0,0,0,0
0,0,0,0,0,0,0,1.16398132734001,0,0,-0.544951833987035,0,0,0,0.489898042532735,0,0,0,0,0,0,0,0,0,0,0,-0.612886833082051,0,0,0,0,0,0,0,0,0,0,-0.071585136628892,0,0,0,0,0,0.224883681221723,-0.117843863944029,0,0,0,0,0,0,0,0,0,0,0,0,0,0,0,0,0,-0.431780204457435,0,0,0,0,0,-0.624794838004967,0,-0.451178844436818,0,0,0,0,0,0,0,0,0,0.885859600743581,0,0,0,0,0,0,0,0,-0.0853985088616733,0,0,0,0,0,-0.300186253760013,-0.0416782457902745,0,0,0.110154012509956,0,0,0,0,0,0.183426421771143,0,-0.526052228647249,0,0,0,0,0,0,0,0,0,0,0,0,0,0,0.0207874102776739,0,0,0,0,0,0,0,0,0,0.429008405732762,0,0,0,0,0,0,-0.329231857242004,0,0,0,0,0,0,0,0.261447532278876,0,0,0,0,0,0,0,0,-0.0348532200258382,0,0,0,0,0,0,0,0,0,0,0,0,0,0,0.171439982345524,0,0,0,0,0,0,0,0,0,0,0,0,0,0,0,0,0,0,0.267064985868105,0,0,0,0,0,0,0,3.34129744435861,0.183318669036872
0,0,0,0,0,0,0,0,0,0,0,0,0,0,0,0,0,0,0,0,0,0,0,0,0,0.170788516603159,-1.38132210244114,0,0,0,0,0.209397568058639,0,0,0,0,0,0,0,0,0,0,0,0,0,0,0,0,0,0,0,0,0,0.0341157262655052,0,0,-0.427856562341632,-0.556420899125936,0,0,0,0,0,0,0,0,0.0457918902309156,0,0,0,0,0,0,0,0,0,0,0,0,0,0,0,0.00820733842046373,0,0,0,0,0.419891883049247,0,-0.053376931477688,0,0,0,0,0,0,0,0,0,0,0,0,0,0,0,0,0,0,0,0,0,0,0,0,0,0,0,0,0,0,0,0,0,0,0,0,0,0,0,0,0,-0.259358795179209,0,0,0,0,0,0,0,0,0,0,0,0,0,0,0,0,0,0,0,0,0,0,0,0,0,0,0,0,0,0,0,0,0,0,0,0,0,0,0,0,0,0,0,0,0,0,0,0,0,0,0,0,0,0,0,0,0,0,0,0,-0.0394177244888794,0,0,0,0,0,0,0
0,0.441915634220821,0,0,1.0351069135661,0,0,0,0,0,0,0,0,0,-0.0173094377467975,0,0,0,0,0,0,0,0,0,0,0,0,0,1.3411673248904,0,0,0.22841749077502,0,0.678514295909438,0,0,0,0,0,0,0,0,0,0,0,0,0,0,0,0,0,0,0,0.0301924252330876,0,0,0,0,0,0,0,0.164141764513589,0,0,0,0,0,0,0,0,0,0,0,0,0,0,0,0,0,0,0,0,0,0,0,-0.403078628770446,0.368804406323467,0,0,0,0,-0.717367831051058,0,0,0,0,0,0,0,0,0,-0.312591596064429,0,0,0,0,0,0,0.265059548572624,0,0,0.861320806030053,0,0,0,0,0,0,0,0,0,0,0,0,0,0,0,0,0.390967250537731,0,0,0.384833356253611,0,0,0,0,0,0,0,0,0,0,0,0,0,0,0,0,0,0,0,0,0,0,0,0,0,0,0,0,0,0,0,0,0,0,0,0,0,0,0,0,0,0,0,0,0,0,0,0,0,0,0,-0.0654605986729133,0,0,0,0,0,0,0,0,0,0,0,0,0,0,0.487430571110737,0
0,0,0,0,0,0,-0.00102503330163661,0,0,0,0,0,0,0,0,0,0,0,0,0,0,0,0,0,0,-0.0845183530723916,0,0,0,0,0,0.642786642380603,0,0,0,0,0,0,0,0,0,0,0,-1.30734087880874,0,0,0.169465302069341,0,0,0,0,0,0,0,0,0,0,0.653649116812138,0,0,0,0,0,0,0,0,0,0,0,0,0,0,0,0,0,0,0,0,0,0,0,0,0,0,0,-1.01042114045883,0,0,0,0,0,0,0,0,0,0,0,0,0,0,-1.01582493976968,0,0,0,0,0,0,0,0,0,0,0,0,0,0,0.0711023520152969,0,0,0,0,0,0,0,0,0,0,-1.37281810595038,0,0,0,-0.0296917640755892,0,0,0,0,0,0,0,0,0,-1.07526340597758,0,0,0,0,0,3.30634273981022,0,0,0,0,0,0,0,0,0.00199898086429817,0,0,0,0,0,0,0,0,0,0,0,-0.732442157446672,0.256659185670806,0,0,0,0,0,0,0,0,0,0,0,0,0,0,0,0,0,0,0,0,0,0,0,0,0,0,0,0,0,0,0
0,0,0,0,0,0,-0.149181189893816,0,0,0,0,0,0,0,0,0,0,0,0,-0.283792211625924,0,0,0,0,0,0,-0.439069147884816,0,0,0,0,0.715828886717458,0,0,0,0,0,0,0,0,0,0,0,0,0,-0.254269421292974,0,0,0,0,0,0,0,0,0,0,0,0,0,0,0,0,-0.428370092828111,0,0,0,0,0,0,0,-0.0319123292226795,0,0,0,0,0,0,0,0,0,0,0,0,0,0,0,0,0,0,-0.345705404266943,0,0,0,0,0,0,0,0,0,0,0,0,0,0,0,0,0,0,0,0,0,0,0,0,0,0,0,0,0,0,0,0,0,0,0,0,0,0,0,0,0,-0.601958631456061,0,0,0,0,0,0,0,0,-0.0502929121401317,0,0,-0.143115910829243,0,0,0,0,0,0,0,0,0,0,0,0,0,0,0,0,0.425979901592282,0,0,0,0,0,0,-0.486417281322614,0,0,0,0,0,0,0,0,0,0,0,0,0,0,0,0,0,0,0,0,0,0,0,0,0,0,0,0,0,0,0,0
0,0,0,0,0,0,0,0,0,0,0,0,0,0,0,0,0,0,0,0,0,0,0,0,-0.681841427509288,0,0,-2.20951099086451,0,0,0,0,0,0,0,0,0,0,0,0,0,0,0,0,0,0,0,0,0,0,0,0,0,0,0,0,0,0,0,0,0,0,0,0,0,0.0068053636467138,0,0,0,0,0,0,0,0,0,-0.297685231173494,0,0,0,0,0,0,0,0,0,0,0,0,0,0,0,0,0,0,-0.121210866812376,0,0,0,0,0,0,0,0,0,0,0,0,0,0,0,0,0,0,0,0,0,0,0,0,0,0,0,0,0,0,0,0,0,0,0,0,0,0,0,0,0,0,0,0,0,0,0,0,0,0,0,-10.2837779176659,0,0,0,0,0,0,0,0,3.87585940591532,0,0,0,0,0,0,0,0,0,0,0,0,0,0,0,0,0,0,0,0,0,0,0,0,0,0,0,0,0,0,0,0,0,0,0,0,0,0,0,0,0,0,0.240966653015091,0
0,0,0,0,0,0,-0.465194585660075,0,0,0,0,0,0,0,0,0,0,0,0,0,0,0,0,0,0,0,-0.120425070979312,0,0,0,0,1.16929113899093,0,0,0,0,0,0,0,0,-0.481877591478528,0.496088799467879,0,0.0532679212455747,0.21289841604676,0,0,-0.456643163059278,0,-1.58965561202726,0,0,0,0,0,0,0,0,0.459267330998463,0,0,0,0,-1.21200848240495,0,0,0,0,0,0,0,0,0,0,0,0,0,0,0,-0.0552726120457852,0,0,-0.273268514927258,0,0,0,0,0,0,0,0,0,0,0,0,0,0.543070222802656,0,0,0,0,0,0,0,0,0,0,-0.658002272324104,0,0,0,-0.0980060240884142,0,0,0,0,0,0,0,-0.883388671868222,0,0,0,0,0,0,0,0.358240214758594,0,0,0,0,0,0,0,0,0,0,0,0,0,0,0,0,0,0,0,0,0,0,0,0,0,0,0.383004113957176,0,0,0,0,0,0,0,0,0,0,-14.2406822157568,-0.173949490937611,0,0,0,0.702076789194853,0,0,0,0,0,0,0,0,0,0,0,0,0,0,-0.666902244362159,0,0,0,0,0,0,0,0.265974899512549,0,0,0,0,0,0
0,0,-0.979704938013352,0,0,0,0,0,0,0,0,0,0,0,0,0,0,0,0,0,0.00120140716451989,0,0,0,0,0,-0.233774142962944,0,0,0,0,1.3083972032208,0,0,0,0,0,0,0,0,-1.11878528734619,0.538149871160913,0,0,0,0,0,-0.0244260393453446,0,-1.26231809737678,0,-0.305533470799823,0,0,0,0,0,-1.55048431802897,0,0,0,-0.0618094931549134,0,0,0,0.0802766330620088,0,0,0,0,0,0,0,0,-0.113153008341783,0,0,0,0,0,0,0,0,0,-0.445789460764072,0,0,0,0,-0.715129019181703,0,0,0.219546660232676,0,0,0,0.0421305591503462,0,0,0,0,0,0,-2.03433820604998,0,0,0,-0.536460389136131,0,0,0,-0.130981093872663,0.185467932235233,0,0,-0.389657143580431,0,0,0,-0.746760355717641,0,0,0,0,0,0,0,0.229414951729838,0,0.485740433511684,0,0,0,0,0,0,0,0,0,0,0,0,0,0.241693904158655,0,0,0,0,0,0.298333048515424,0,0,0,-0.0569557626840804,0,0,0,0,0,0,0,0,0,-0.56167229620773,0,-9.21361337960309,-0.409582505363262,0,0,0,0,0,0,0,0,0,0.0498636211807022,0.14871069943448,0,0,0,0,0,0.475242366976075,0,0,0,0,0,0,0,0,0,0,0,0,0,0,0,0
0,0,-0.721689274345291,0,0,-0.536541465792657,0,0,0,0,0,0,0,0,0,0,0,0,0,0,0,0,0,0,0.918389021275676,0,-0.631144095582814,0,-0.62583979714067,0,0,0,0,0,0,0,0.489828912535371,0,0,0,0,0,0,-0.10627009216848,0,0,0,0,0,0,0,0,0,0,0,0,0,-0.414285015528202,0,0,0,0,0,0,0,-0.0477003614669895,0,0,0,0,-0.352783945075318,0,0,0,-0.21759704065626,0,0,0,0,0,0,0,0,0,0,0,0,0,0,0,0,0,0,0,0,0,0,0,0,0,0,0,0,0,0,0,0,0,0,0,0,0,0,-0.544738734355575,0,0,0,0,0,0,0,0,0.0220496454279202,-0.0099432780476636,0,0,0,0,0,0,0,0,0,0,0,0,0,0,0,0,0,0,0,-2.62152763595405,0,0,0,0,0,0,0,0,0,0,0,0,0,0,0,0,0,0,0.167236983983592,0,0,0,0,0.529411265435371,0,0,0,0,0,0,0,0,0,0,0.450703787706856,0,0,0,0,0.684670242382192,0,0,0,0,0,0,0,0,0,0,-0.466339602759064,0.225286098661559,0,0,0,0
0,0,0,0,0,-0.36933604983474,0,0,0,0,0,0,0,0,0,0,0,0,0.10246641549288,0,0,0,0,0,0,0,-1.34312281541607,0,-0.449804706343086,0,2.32985467343565,0.825275718961277,0,0,0,0,0,0,0,0,-0.486646489255314,0,0,0,0,0,0.698855768003318,0,0,0,0,0,1.14585248235533,-0.200854572837418,0,0,0,0,0,0,0.51934217288357,0,0,0,0,-1.09800403632878,0,-1.19288069891023,0,0,0,0,0,0,0,0,0,0,0,-0.448582653666312,-0.571618363283331,0,0,-1.01046691664593,-0.482121487306443,0.262876737545967,0,0,-0.0509077414834567,0,0,0,0,0,0,-3.16144754240232,0,0,0,0,0.0920199292446877,0,0,0,0,1.92223078848791,0,0,0,0.682790052176224,0,0,0,-0.600301741767499,0,0,0,0,0,-0.628048335500948,-0.698977721457443,-0.501829304897762,0,0,0,-0.103861993894546,0,0,0,0,0,0,0,0,-0.136600642112783,0,0,0,0,0,0,0,0,-3.22019225153569,0,0,0,0,-0.464809560757705,0,0,0.359181086140869,0.741429646316324,0.219373000758606,-0.0271783550288194,0.605228625393761,0,0,0,0,0,-1.1587603840193,1.39516611417682,0,-1.96499002715083,0,0,0,0,0,0,0,0,0,0,0,0,-0.114650049881966,0.228721926752352,0,0,-0.120383228719932,0,0,0.238810294781251,0,0,0,0,0,0,0,0,0,-2.89152239109713,0,0,0,0,0
0,0,0,0,0,0,0,0,-0.322032924260088,0,0,0,0,0,0,0,-0.929323304375489,0,0,-0.214836801773651,0,0,0,0,0.57948868380254,0,-0.593866705535902,0,0,0,0.986650005808307,0.802718556367108,0,0,0,0,0.262419437866371,0,0,0,0,0,0,0,-0.821143672770261,0,-0.575015451021357,0,0,0,0,0,0,0,0,0,0,0,0,0,0,0,0,0,0,0,0.16011591112389,0,0,0,0,0,0,0,0,0,0,0,0,0,0,0,0,0.139952490499678,0,-0.246330618347353,0,-1.0011605031508,0,0,0,0,0,0,-0.00699522969733368,0,0,0,0,0,0,0,0,-1.60241920641208,0,0.374775350726759,0,0,0,0,0,0,0,0,0,0,0,0,0,0,0,0,0,0,0,0,1.45004954186445,-0.128546994404131,0,0,0,0,-0.278067946123801,0,0,0,0.618600736187876,0,0,0,0,0,0,-1.61008768745297,0,0,-1.25152685882833,0,0,0.00234103105370465,0,0,0,0,0,0,0,0,0,0,0,0,0.0232508481342688,0.110663603599571,0,0,0,1.5661480304223,-0.864928027196312,0,0,0,0,-0.118147076276571,0.399347607936268,0,0,0,0.447030277954105,0,0,0,0,0,0,0,0,-0.249504434567662,0,0,0,0,0,0,-0.420699351128249,0,-0.153062872780407,0,0,0
0,0,0,0,0,0,0,0.0223348606556801,0,0,0,0,0,0,0,-0.0352123131076931,-0.0388941814712698,0,0,0,0,0,0,0,0,-1.09413539208803,0,0,0,0,0,0.0812987241228269,0,-0.144749045941529,0,0,0,-0.0700308564034535,0,0,0,0,0,-0.296999396481542,0,0,0.152730616559675,0,0,0,0,0,0,0,0,0.000654786183352796,0.283381486851018,0,0,0,0,0,0,0,0,0,0,0,0,0,0,0,0,0,0,0,0,0,0,0,0,0,0,0,0,0,0,0,0,0,0,-0.699970373707562,-0.090484967282221,0,0,0,0,0,0,-0.178132966659688,0,0,0,0,0,1.60693408441381,0,0,0,0,0,0.30670971033741,0,0,0,0,0,0,0,0,0,0,0,0,0,0,0,0,0,0,-0.253414452455979,0,-0.236441227314244,0,1.3110420056483,0,0,0,0,-0.032092875841516,0,0,0,-1.43705316496401,0,0,-3.68193185615713,0,0,0,0.556102898972155,0,0,0,0,0,0,0,0.559748202533742,0,0,0,0,0,0,0,0,1.96854253390591,-2.00238828442559,0,0,0,0,0,0,0,0,0,0,0,0,0,0,0,0,0,0,0,0,0,0,0,0,0,0,-0.259635315832882,0,0,0,0
0,0,0,0,0,0,0,0,0,0,0,0,0,0,0,0,0,0,0,0,0,0,0,0,0.672042574123471,0,0,0,0,0,0,0.786315380327896,0,0,0,0,0,0.0678589809125294,0,0,0,0,0,0.324905152596284,0,1.39936870944877,1.00705407731318,0,0,0,0,0,0,0,0,0,0,0,0,0,0.280098723717839,0,0,0,0,0,0,0,0,0,0,0,0,0,0,0,0,0,0,0,-0.0397847716556989,0,0,0,0,0,0,0,0,-0.509445022065191,0,0,0,0,0,0,0,0,0,0,0,0,0,0,0,-0.243931421316021,0,0,0,0,0,0,0,0,0,0,0,0,0,0,0,0,0,0,0,0,0,0,0,0,0,0,0,0,0,0,-0.131025206416099,0,0,0,0,0,0,0,0,0,0,0,0,0,0,0,0,0,0,0,0,0,0,0,0,0,0,0,0,0.11157693981748,-0.538746468231838,0,0,0,0,0,0,0,0,0,0,0,0,0,0,0,0,0,0,0,0.206968292032697,0,0,-0.082037380007624,-0.00876985594160029,0,0,0,0,0,0,0,0,0
0,0,0,0,0.0629807836035761,0,0,0,0,0,0,0,0,0,0,0,0,0,0,0,0,0,0,0,0,-1.16317083780216,0,0,0,0,0,0.390476659656749,0,0,0,0,0,0,0,0,0,1.22299586595817,0,0,0,0,0,0,0,0,0,0,0,0,0,0,0.396912437247625,0,0,0,0,0,0,0,0,0,0,0,0,0,0,0,0,0,0,0,0,0,0,0,0,0,-0.264575324687402,0,0,0,0,0,0,0,0,0,0,0,0,0,0,0,0,0,0,0,0,0,0,0,0,0,0,0,0,0,0,0,0,0,0,0,0,0,0,0,0,0,0,0,0,0,0,0,0,0,0,0,0,0,0,0,0,0,0,0,0,0.188016729633523,0,0,0,0.177710423309425,0,0,0,0,0,0,0,0,0,0,0,0,0,0,0,0,0,0,0,0,0,0,0,0,0,0,0,-0.837358148892329,0,0,0,0,0,0,0,0,0,0,0.021614366008087,0.0272920151978087,0,0.0317530692442731,0,0,0,0,0,0,0,0,0,1.10185325562137
0,-0.297333082271473,-0.228795882826907,0,0,0,0,2.12578589464469,0,0,0,0,0,0,0.0588164301450718,0,0,0,0,0,0,0,0,0,-4.03245960814169,0,0,-1.68985212121709,0,0,-0.269894869083039,0,0.0245086360328406,0,0,0,0,0,0,0.441855444641049,0,0,0,0,-0.37025365921753,0,0,0,0,0,0,0,0,0,0,0,0,0,0,0,0,0,0,0,-0.0117270658212645,0,0,0,0,0.972025668333962,0,1.02220726165778,0,0,0,0,0,0,0,0,0,0,0,0,0,1.7206445133848,0,0,0.0512613726233837,0,0,0,0,-1.17127915280753,0,-0.146283451051654,1.20364320348477,0,0,0,0,-0.350763412221442,0,0,0,-0.0965354251639741,0,0.732105125800131,0,-1.05600506167127,0,-0.489233459055348,0,0,0,0,0,0,0,0,0.0885624708599091,1.91960576680673,0,0,0,0,0,0,0,0.935329332287752,0,-1.17067653480954,0,0,0,0,0,0,0,0,0,0,0,0.196698960860362,0,0,0,0,0,0,0,2.81600898175829,0,0,-0.378261646935695,0,-1.86440193978642,0,0,0,0,0,0,1.12136586939828,0,0,0,0.541715869357368,0,0,0,-0.0467796047869846,0,0,-0.161115835888616,-0.711141519476267,-1.05661335811045,0,0,0,0,0,0,-0.340820624556182,0,0,1.49841499733712,0,0,0.152016718345084,0,0,-0.0458383716810384,0,0,0,0,0,0,0
0,-0.185855109862308,-0.694290766135057,0,0.51828077872887,0,0,0.551600794636848,0,0,0,0,0,0,0.100283337947814,0,0.41480346528933,0.6345523141585,0,0,0,0,0,0,-1.97961132548439,0,0,0,0,0,0,0,0,0,0,0,0,0,0,0,0,0,-0.0608616612557302,-0.478900575436579,0,0,0,0,0,0,0,0,0,0,0,0,0,0,0,-0.347196908192487,0,0,0,0,0,0,0,0,0,0.849949891117354,-0.326648834936015,0.516006235040364,0,0,0,0,0,0,0,0,0,0,0,0,0,0.152463934064897,0,-0.139907614451332,0,0,0,-0.0874850368306883,0,-1.12159678559523,0,0,0.019379590691982,0,0,0,0,-0.0151062634701851,0,-0.619013607257397,0,0,0,0.645255830833973,0.751673127581893,-0.715187169856229,0,0,0,0,0,0,0,0,0,0,0,0.84095992965817,0,0,0,0,0,0,0.100267427511784,1.62042145358119,0,0,0,0,0,0.274826699772243,0,0.0143573838529283,0,0,0,0,0,0.398104550950899,0,0,0,0,0,0,0,2.31534172773932,0,0,0,0,-1.89323616748512,0,0,0,-0.111469021392064,0,0,0,0,0,0,0,0,0,0,0,0,0,0,0,0,0,0,0,0,0,0,-0.103200990560077,0,0,0.800139449465912,0.252311113219015,0,0,0,0,0,0,0,0,0,0,0,0.313520726864664
0,0,0,0,1.08142859008074,0,0.37211746278924,0,0,0,0,0,0,0,0,0,0,0,0,0,0,0,0.128338599328429,0,0,0,0,0,0,0,0,0.106508414781255,0,0,0,0,0,-0.774344942338488,0,0,0,0.289551538530816,0,0,0,0,0,0,0,0,0,0,0,0,0,0,0,-0.244681845597091,0,0,0,0,0,0,0,0,0,0,0,12.929885896295,0,0,0,0,0,0,0,0,0,0,0,0,0,0,0,0,0,0.240718285415672,0,0,0,0,0,0,0.294336566911081,0,0,0,0,0,0,0.0625621910481657,0.120276949856609,-0.0153348068142238,0,0,0,0,-0.13943950227928,0,0,0.365161942426052,0,0,0,0,0,0,0,0,0,0,0,0,0,0,0,0.512989840100507,0,0,0,0,0,0,0,0,0,0,0,0.0330986075625381,0,0,0,0,0,0,0,0,-0.152442582208168,0,0,0,0,0,0,0,-0.770000641482992,0,0,0,0,0,-1.05867254440395,0,0,0,0,0,0,0,0,0,0,0.128079297533915,0,0,0,0,0,0,0,0,0,0,0,0,1.31558332202168,0,0,0,0,0,0,0,0,0,0,0,-0.0863977164888579,0
0,0,0,0,1.99104314794148,0,0.388858143118969,0,0,0,0,0,0,0,0,0,0,0,0,0,0,0,0,0,0,0,0,0,0,0,0.185946010661854,0.411357427666199,0,0,0,0,0,-0.522669514826725,0,0,-0.0062176735641617,0,0,0,0,0,0,0,0,0,0,0,0,0,0,0,0,0,0,0,0,0,0,0,0,0,0,0,0,11.4339750430038,0,0,0,0,0,0,0,0,-0.204668000315221,0.0724626103711588,0,0,0,0,0,0,0,0,0,0,0,0,0,0,0,0,0,0,0,0,0,0,0,-0.291330149606033,0,0,0,0,0,0,0,0,0,0,0,0,0,0,0,0,0,0.562366827771043,0,0,0,0,0,0,0,0.00249440727875827,0,0,0,0,0,0,0,0,0,0,0,0,0,0,0,0,0,0,0,0,0,0,0,0,0,0,-1.26073913648826,0,0,0,0,0,-0.867036038563201,0,0,0,0,0,0,0,0,0,0,0,0,0,0,0,0,0,0,0,0,0,0,0,1.56835591188412,0,0,0,0,0,0,0,0,0,0,0,0,0
0,0,0,0,0,0,0,0,0,0,0,0,0,0,0,0,0,0,0.222495053145863,-0.144927432755291,0,0,0,0,0,0,-0.592692336934474,0,0,0,0,0.178232010362724,-0.0120605635052775,0,0,0,0,0,0,0,0,0,0,0,0,0,0,0,0,0,0,0,0,0,0,0,0,0,0,0,0,0,0,0,0,0,0,0,0,0,0,0,0.959900079107316,0,0,0,0,0,0,0,0,0.566258865468484,0,0,0,0,0.114657398158668,-0.245506228316193,0,0,0,-0.156140804739442,0,0.290010504202618,0,0,0,-0.385121445172456,0,0,0,0,0,0,0,-0.707759996197952,0,0,0,0,0,0.210300082751649,0,0,0,0.00224987344851102,0,0,0,-0.791133109603054,-0.583533056160009,0,0,0,0,0,0,0,0,0.252822245947298,0,0,0,0,0,0,0,0,0,0,-0.948164548875411,0,0,-0.162946014873911,0,0,0,0,0,0,0,0,0,0,0.0211269605594937,0,0,0,0,0,0,0,0,-0.676955675818523,0,0,-0.235176436714943,0,0,-0.117132543902466,0,0,0,0,0,-0.561799833703029,0,0,0,0,0,0,-0.423746298721574,1.49891168079896,0,0,0.316871087041609,2.31156545415593,0,0,0,7.58747570841718,0,0,0,0,0,0.396469776060737,0,0
0,0,0,0,0,0,0,0,0,0.412883520248743,0,0,0,0,0,0,0,0,0,-0.731644754265502,0,0,0,0,0,0,0,-0.094473629460806,0.277552297974225,0,0,1.10652904661343,0,0,0,0,0,0.0496792632947471,0,0.116114163728536,0,0.443392788088191,0,0,0,0,0,0,0,0,0,0,0,-0.746477304879516,0,0,0,0,0,-0.392807889468068,0,0,0,-1.04197744103029,-2.64114878595912,0,0,0,0,0,0,0,0,0.29207196314927,-0.129068297924895,0,0,0,-1.06593128406469,-0.22432525469447,1.05823743823979,0,0,0,0,0,0,0,0,0,0,-0.921007479735905,0,0,0,0,0,0,0,0,0,-0.230494744779389,0,0,0,0,0,0.158266008822963,0.920532402980736,0,0,0,0,0,0,0,0,0,0,0,-0.279994463202949,0,0,0,0,0,-0.668806087159885,0,0,0,0,0,0,0,0,0,0,0,0,0,0,0,0,0,0,0,0,0.931211255726287,0,0,0,0,0,0,0,0,0,-0.038845416910914,0.0450895187780864,0.0228005939131881,0,0,0,0,0,0,-1.04349088006246,0,0,0,0,0,0,0,0,-1.0929659507564,0,0.024288736980508,0,0,0,0,0,0,0,-0.433274924538069,0.488046887617259,0,0,0,0,17.5948501241414,0,0,0,0,0,0,0,0
0,0.129683738368723,0,0,-0.0449383689455221,0,0,0,0,0,-0.00154232370959684,0,0,0,0,0,-0.962031217714008,0,0,0,0.71956480212671,0,0,0,0,0.0640893638688533,0,0,0.181311589787049,0,0.583556565269384,0.00369973531713397,0,0,0,0,0,0,0,0,0,0,0,0,0,-0.674606339133345,0,0,0,0,0,0,0,-0.0461664612345232,0,0,0,0,-0.344510032520911,0,0.0866969800851596,0,0,0,0,0,0,0,0,0,0,0,0,0.296574210371372,0,0,0,0,0,0,0,0,0,0,0,0,0,-0.632941474289583,0,0,0,0,0,0,-0.00468127245723138,-0.0293275032331763,0,0,0,0,0,0,0,-1.72685913678009,0,0,0,0,0,0,0,0,0,0,0,0,0,0,0,0,0,0,0,0,0,0,0.400228207778452,0,0,0,0,0,0,0,0,0,0,0,0,0,0,0,0,-1.10611353509996,0,0,-2.49066195163917,0,0,0.268508217575947,0,0,0,0,0,0,0,0,0,0,0,0,-0.308272281490815,0,0,0,0,2.72661948657891,-2.01140266019953,0,0,0,0,0,0,0,0,0,0,0,0,0,0,0,0,0,0,0,0,0,0.736291804161786,0,0,0,0,0,-1.66929604308487,0,0.942789695146924,0.231471428139183
0,0,0,0,0,0,0,0,-0.877925589553002,0,0,0,0,0,0,0,-0.0589957741616183,0,0,0,0,0,0,0,0,0,0,0,0,0,0.468872783992149,0,0,0,0,0,0,-0.0755441525041394,0,0,0,0,0,0,0,0,0,0,0,0,0,0,0,0,0,0,0,0,0,0,0,-0.591070514741543,0,0,0,0,0,0,0,0,0,0,0.227539979261071,0,0,0,0,0,0,0,0,0,0,0,0,0,0,0,0,0,0,-0.0260274125117173,-0.811960180285788,0,0,0,0,0,0,-0.200254356380661,0,0,0,0,0,1.86312308763339,0,0,0,0,0,0,0,0.460865484782335,0,0,0,0,0,0,0,0,0,0,0,0,0,0,-0.250018004848351,0.731172831669832,0,0,-0.315636654769396,0,0.29176278321237,0,0,0,0,0,0,0,0,-0.37867003105161,0,0,-6.70803604880415,0,0,0,1.60014424395349,0,0,0,0,0,0,0,0,0,0,0,0,0.202643608992155,0,0,0,1.40948704081339,-1.99453927438259,0,0,0,-0.039555003006718,0,0,0,0.0307014306240598,0,0,0,0,0,0,0.336211447407741,0,0,0,0,0,0,0,0,0.381652817658614,-0.222831799201889,0,-0.78809962134183,0,0,0,0
0,0,0,0,0,0,0,0,0,-0.355760472615915,0,0,0,0,0,0,0,0,0,0,0,0,0,0,0.583073937156106,0,0,0,0,0,0,0.499667215974127,0,0,0,0,0,0,0,0,0,0,0,0,0,0,0,0,0,0,0,0,0,0,0,0,0,0,0,0,0,0,0,0,0,0,0,0,0,0,0,0,0,0,0,0,0,0,0,0,0,0,0,0.199997032443317,0,-0.821881205910779,0,0,0,0,0,0,0,0,0,0,0,0,0,0,0,0,0,0,0,0,0,0,0,0,0,0,0,0,-0.827403389017487,0.388324421367444,0,0,0,0,0,0,0,0,0,0,0,0,0,0,-0.318698771154639,0,0,0,0,0,0,0,0,0,0,0.662510399217013,0,0,0,0,0,0,0,0,0,0,0,0,0,-0.3754923198149,0,0,0,0,0,0,0,0,0,0,0,0,0,0,0,0,0,0,0,0,0,0,0,0,0,0,0,0,0,0,0.312144971030974,0,0,0,0,0,-0.152472356645825,0,0,-0.812843781347335,0,0.236956707671776,0,0
0,0,0,0,0,0.137405962403263,-1.48415774523884,0,0,0,0.389625702924969,0,-0.0366378344163765,0,0,0,-0.092260171394891,0,0,0,0,0,0,0,0,0.339954798160564,-1.49859406007338,0,0,0,0,0.271660677474507,0,0,0,0,0,0,0,0,0,0,0,0,0,0,0,0,0,0,0,0.384553407138332,0,0,0,0,0,0,0,0,0,0,0,0,0,0,0,0,0,0,-0.0450851074648908,0,0,0,-0.23691687242855,0,0,0,0,0,0,0,0,0,0,0,0,-0.0046457265587021,0,0,0,0,0,0,0,0,0,0,0,0,0,0,0.325759944517714,0,0,-1.10576656602632,0,0,0,0,0,0,0,0,0,0,0,0,0,0,0,0,0,0,0,0,0,0,0,0,0,0,0,0,0.0274929680473468,-0.0718377717233121,-0.536597747614939,0,0,0,0,0,0,0,0,0,0,0,0,0,0,0,0,0,0,0,0,0,0,0,0,0,0,0,0,0,0,0,0,0,0,0,0,0,0,0,0,0,0,0,0,0,0,0,0,0,0,0,0,0,0,0,0,0,0,0,0,0,0.0495937827560773,0
0,0,0,0,0,0.287866222518732,-3.7082170757676,0,0,0,0.714570754170055,0,0,0,0,-0.00954590927063603,0,0,0,-0.995348410557519,0,0,0,0,0,-0.227680676528163,0,0,0,0,0,0,0,0,0,0,0,-0.187305174050495,0,0,0,0,0,0,0,0,-0.790590610935564,0,0,0,0,-0.462054937980553,0,0,0,0,0,0,0,0,0,0,1.17605779029455,0,0,0,0,0,0,0,0,0,0,0,0,0,0,0,0,-0.0233554798494477,0,0,-0.259161919841901,0,-0.501151130402354,-0.406074035552858,0,0,0,-0.129111809079032,0.219597773954024,0.393746482805982,0,0,0,0,0,0,0,0,0,0,0,0,0,0,0,0,0,0,0,0,0,-0.296046612921692,0,0,0,0,0,-0.256361550217118,-0.2326487786574,-0.148491888022719,0,0,0,0,0,0,0,0,0,0,0,0,0.222205797272899,0,0,0,0,0,0,0,0,-3.01131532983263,0,0,0,0,0,0,0,0,-0.0776612130120888,-0.194239838949846,0,0,0,0,0,0,0,0,0,0,0,0,-0.0630942534038543,0,0,0,0,0,0,0,0,0,0,0,0,2.37587333513178,0,0,0,0,0,0,0,0,0,-0.308520353895007,0,0,0,0,0,0,0,0,0,0
0,0,0,0,0,0.0525331120244779,-1.90712799322752,0,0,0.199860573852309,0,0,0,0,0,0,0,0,0,0,0,0,0,0,0,0,0,0,0,0,1.6139505381587,0,0,0,0,0,0,0,0,0,0,0,0,0,0,0,0,0,0,0,0,-0.250624914746042,0.0403931039450771,0,0,0,0,0.30603432765147,0,0,0,-0.653888733773722,2.3100253290762,0,-0.195064564303479,0,0,0,0,0,0,0,0,0,0,0,0,0,0,0,0,0,0,0,0,0.571096948405012,0,0,0,0,0,0.975241288458432,0,0,0,0,0,0,0,0,0,0,0,0.29174160081447,0,0,0,0,0,0,0,0.0612743396742261,0,0,0,0.222457594489551,0,0.191367265600555,0,0,0,0,0,0,0,0,0,0,0,0,0,0,-0.116007681923838,0,0.0819114269430452,0,0,0,0,-1.43094188429028,0,0,0,0,0,0,0,0,0,0,0,0,0,0,0,0,0,0,0,0,0,0,0.847873385117046,0,0,0,0,0,0,0,0,0,0,0.231933669176929,0,1.58548972101944,0,0,0,0,0,0,0,0,-2.24732645657375,0,0,0.00597981708713591,0,0,0,0,0,0,0,0.279985330206778,0,0,0,0
0,0,1.46895035853529,0,0,0.0878399938425956,0,0,0,0,0,0,0,0.449986897667523,0,0,0,0,0,0,0,0,0,0,0.143065558197609,0,0,0,0,0,0,0.410860813277149,0,0,0,0,-0.428332649984958,0,0,0,0,-0.0173821038084516,0,0,0,0,0,0,0,0,0,0,0,0,0,0.598607424598425,0,0,0,0,0,0,0,0,0,0,0,0,0,0,0,0,0,0,0,0,0,0,0,0,0,0,0,-0.816880446505724,-0.0219874363904953,0,0,0,0,0,0,-0.0151238975276604,0,0,0,0,0,-1.26368149803015,0,0,0,0.372772862684022,0,0.563185374508002,0,-0.0986881583507375,0,0.696883363324492,0.238494955569398,0,0,0,0,0,0,0,0,0,0,0,-0.532569249769498,0,0,0,0,0,0,0,0,0,0,0,0,0,0,0,0,0,0,0,0,0,0,0,0,0,0,0,0,0,-0.133425538871497,0,0,-0.455994105728649,0,0,0,0,0,0,0,0,0,0,0,0,-1.97482314332262,0,0,0,0,0,0,0,0,-0.930329599051059,0,0,0,0,0,0,0,0,0,0,0.114816447721135,0,0,0,0,0,0,-0.317972145006157,0,0,0,1.45471067950863,0,0
0,0,0,0,-0.277066437122349,0,0,0,0,0,0,0,0,0,0,0,0,0,0,-1.31313416392613,0,0,0,0,0,0,0,-0.885202624212698,0,0,0,0,0,0,0,0,0,0,0,0,0,0,0,0,0,0,0,-1.59977603973199,0,0,0,0,0,0,0,0,0,2.00188972810422,0,0,0.306358602651459,0,0,0,0,0,0,0,0,0,0,0,0,0,0.228103358657304,0,0,0,0,0.26996023359203,0,0,0,0,0,0.102784711805013,0,0,0,0,0,1.32263875424011,0,0.328410584921125,0,0,0,0,0,-0.817735045338002,0,0,0,0,0,0,0,0,0.77373805647687,0,0,0,0,0,0,0,0,0,0,0,0,0,-0.0296096833428763,0,0,0,0,0,0,0,0.422913247650899,0,-0.128996055638082,0,0,0,0,0,0,-0.268748792288386,-0.155034255238885,0,0,0,0,0,0,0,0,0,0,0,0,0,-0.34820947935512,0,0,0,0,0,0,0,0,0.0613185081880259,0,0,-1.08137234002324,0,0,0,0.0234057044245011,0,0,0,0,0,0,0,0,0.901573362735458,0,0,0,0,0.479300232522549,-0.307328586378399,0.0559751228073444,0,0,0,0,0,0,0,-0.217696445775846,0,1.7872448809434,1.07346089496922,0,0
0,0.263026912786631,0,0,0.735415261544377,0,0,0,0,0,1.30214343393602,-0.0485944420064317,0,0.800608041418088,0,0,0,0,0,0,0,0,0,0,0,0,0,0,0,0,0,1.44015530181817,0,0.450099039165861,0,0,0,0,0,0,-0.316467396318224,0,0,0.43275070695445,0,0,0,0,0,0,0,0,-0.373865683431314,1.43003078136696,0,0,0,0,0,0,0,0,0,0,-0.0551702157636147,0,0,0,0,0,0,0,0,0,0,0,0.00911897448477239,0,0,0,0.263654384121209,-0.441529650429181,0,0.637523586328302,0,0.630360659141339,0.0661414280810566,-0.26580416490527,0,0,0,0,0,0,0.771720374216701,0,0,0.0489938368443783,-0.072795945671779,0,0,0,0,0,0,0,0,0,0,0,0,1.87563517140842,0,0.0292364154635176,0,0,0,0,0,0,0.359427683263036,0,-1.06551758289978,0,0,0,0.250580030749758,0,0,0,0,0.16953252144141,0,0,0.307944313394924,0.612293653250937,-0.226825105145117,0,0,-1.12713777730992,0,0,0,-1.40467028391217,0,0,0,0,0,0,-0.0922848708247404,0,0,0,0.821028002394073,0,0,-0.263357769425615,0.583087922201158,0,0.0802187921691528,0,0,0,0,0,0,0,0,0,0,0,0,0,0,-0.931580248292997,0,0.00280368086134164,0,0,0.0710852789276741,-0.0407222297967693,0.213391951704925,0,0,0,0,-0.0490749838550071,0,0,0,0,0,0,0,0,0,0.528549129511781,1.24142414933322,-0.0703514445610309
0,0,0,0,0.13031584612694,0,0,0,0,0,0,0,0,0,0,0,0,0,0,0,0,0,0,0,0,0,0,-0.11176616868753,0,0,0,0.88271199091362,0,0,0,0,-0.517806131605286,-0.165242405179339,0,0,0,0.298045885221896,0,0,0,0,0,0,0,0,0,0,0,0.882039350951455,0,0,0,0,0,-0.202498633467489,-0.402773692696873,0,0,0,0,0,0,0,0,0,0,0,0,0,0,0,0,0,0,0.521167228113157,0,0,0,-0.338516937164657,0,0,0,0,0,-0.0723157040261515,0,0,0,0,0.100564932209869,0,0,0,0,0,0,0.700673956850532,0,0,0,0,-0.547035979377294,0,0,0,0,0,0,0,-0.192833087282693,0,0,0,0,0,0,0,0,0,0,0,-0.837603036765776,0,0,0,-0.858860719117889,0,0,0,0,0,0,0,0,0,-0.404653608794617,0,0,0,0,0,0,0,0,0,0.11899619016527,0,0,0,0.0310436193297723,0,0,0,0,0,0,0,0,0,0,0,0,0,0.544701522257424,0,0,0,0,0,0,0,0,0,0,0,0,0,0,0.685026048158451,0,0,0,0,0,0,0,0,0,0,0,0,0,0,0,0
0,0,0,0,0.289328728326587,0,0,0,0,0,-0.0598755224741652,0,0,0,0,0,0,0,0,0,0,0,0,0,0,0,0,0,0,0.358341224720469,0,0.948854237788633,0,0,0,0,-0.917361383955713,0,0,0,0,0.0753383664147671,0,0,0,-0.722706979879969,0,0,0,0,0,0,0,1.72177899031912,0,0,0,0,0,0,-0.0668203487861669,0,0,0,0,0,0,0,0,0,0,0,0,0,0,0,0,0,0,0.124828345060589,0,0,0,0,-0.427004014863039,0,0,0,0,0,0,0,0,0,0,0,0,0,0,0,0,0.845562336305408,0,0,0,0,-1.51199097094424,0,0,0,0,0,0,0,-0.535174324146074,0,0,0,0,0,0,-0.0503452826012389,-0.22010546541536,0,0,0,0,0,0,0,-0.449393299308783,0,0,0,0,-0.00875013286821513,0,0,0,0,0,0,0,0,0,0,0,0,0,0,0,0,0,0.322365341484084,0,0,0,0,0,0,1.14574895399831,0,0,0,0,0,0,0,0,0,0,0,0,0,0,0,0,0,0,0,0,0,0,0,0,0,0,0,0,0,0,0,0,0,0,0,0,0,0,0
0,-0.139094419796411,-0.0640707464966201,0,0.296032456761347,0,0,0,0,0,0,0,0,0,0,0,0,0,0,0,0,0,0,0,0,0.0811810320368982,0,0,0,0,0,0.910131360529471,0,0,0,0,-1.30288543123152,-0.450885022696494,0,0,0,0.286926798766576,0,0,0,-0.301317057533333,0,0,0,0,0,0,0,1.32123239198211,0,0,0,0,0,-0.704708258114364,0,0,0,0,0,0,0,0,-0.179234452468773,0,0,0,0,0,0,0,0,0,0,0,0,0,0,0,-0.574916317320556,0,-0.282970557761462,0,0,0,0,0,0,0,0.464372598956023,-0.0602740211802866,0,0,0,0,0,0.260282114495565,0,0,0,0,-2.10383838193445,0,0,0,0,0,0,0,0,0,0,0,0,0,0,0,-0.186893133901803,0,0,0,0,0,0,0.0893704149909769,-1.68998423841058,0,0,0,0,-0.102898249449666,-0.382505317884761,0,0,0,0,0,0,0,0,0,0,0,0,0,0,0,0,0,0,0,0,0,0,0,0.903244457649084,0,0,0,0,0,0,0,0.867847474062794,0,0,0,0,0,0,0,0,0,0,-0.0404022188048845,0,0,0,0,0,0,0,0.313508484293689,0,0,0,0,0,-0.455682795416789,0,0,0,0,0,0.409583669917505
0,0,0,0,0,0,0,0,0,0,-1.80374433269304,0,0,0,0,0,0,0,0,0,0,0,0,0,-0.0779070972359546,0.180648057821696,-1.58370676763513,0,0,0,0,0.747881697912734,0,0,0,0,-2.03553083813227,-0.0289058922211496,0,0,0,0,0,0,0,-0.988130822774703,0,0,0,0,0,0,0,0.899317406102949,0,0,0,0,0,0,0,0,0,0,0,0,0,0,-0.0964507242207067,0,-0.182118418908974,0,0,0,0,0,0,0,0,0,0,0,0,0,-1.16319265016048,0.406524347569767,0,0,0,0,0,0,0,0,0,0,0,0,0,0,0,1.69552112505784,0,0,0,0,-0.117685968874959,0,-0.0155899370627264,0,0,0.744988270270318,0,0,0,0,0,0,0,0.0568939044217509,0,0,0,0,0,0,0,0,0,0,-1.31057145193637,0.100995704774334,0,0,0.304435590714925,-0.483397119680755,0,0,0,0,0,0,0,0,0,0.631536837009858,0,-0.10567523219266,0,0,0,0,0,0.0578271832742359,0,0,0,0,0,0,0.75737939735,0,0,0,0,0,0,0,0,0,0,0,0,0,0,0,0,0,0,0,0,0,0,0,0,0,0,0,0,0,-0.433381522618002,0,0,0,0,0,0,0,0,0
0,0,0.127173167619876,0,0,0,0.158964837599419,0,-1.80398163206065,0,0,0,0,0,0,0,0,0,-0.545727311103122,0,0,0,0,0,4.2345300049055,0,0,1.06400320538202,-0.361925570899619,0,0,0.158493616826685,0,0,0,0,0,0,0,0,0,0.749519768452639,-10.3488828198881,0,0,0,0,0,0,0.223482006996609,0,0,0,-3.1210108870593,-0.378557342059237,-0.174354056509396,0,0.778064046464778,0,0,0,0,0,-0.588349702907867,0,0,0,0,0,0,0.44337945733971,0,0,0,0,0.592649608157354,-0.214099974160552,0,0.892265570566898,0,0,0,0,0,0,0,0,-1.03517770199023,2.46405528928442,0,0,0,0,0,-3.69222466863259,0,0,0,0,0,0,-1.19455003999341,6.49859380200975,0,0,0,0,0.103745564762938,0,0,0,0,-0.610483425891687,0,0.457395395726218,0,0,0,0,-0.591353107544961,0,0,0,0,0,0,0,0.365147247880332,0,1.83810347247601,0,0,-1.01355268447478,0,0.431168128563403,-1.38111598796694,0,0,0,0,-0.360564840941096,-0.916776139739176,0,0,0,0,0,-0.425997290311604,0,-0.939218346029383,0,0,0.80699795110217,0,0,0,0,0,0,0,0,-0.2047075023018,-0.115833108098192,0.537921960969785,0,0,0,0,0,-0.819098871332154,0,0,0,0,-0.490116772371455,0.135535232774978,0,0,-0.117530423432715,0.918086420263902,0,0,0,0,1.33060625768534,-0.373853772518367,0,0.90101195391901,-1.6478522952805,0,0,0,0,0,0.0027018536576735,0,0,0.358329493452067,0,0
0.02367125367212,0,0,0,0,-0.407248924043852,0,0,0,1.7947080712851,0,0,0,0.710457175760738,0.121107736125505,0,0,0,0,-0.762216139410968,0,0,0,0,0,1.18352481801981,-0.0554871628008842,-0.990935760400775,-0.570023261941748,0,0.0934562791177171,0.278387485150039,0,0,0,0,0,-1.4287458514101,0,0,0,0,0,0,0,0,0,0,0,0,0,0,0,0,0,0,-0.335742666161138,2.24682983249289,0,0,0,0,0,-1.45563779055315,0.0419205829884297,0,-2.31197923740869,0,0,0,0,0,0,0,0,-1.16352067357121,0,-0.286547727649301,0,0,0,0,0,0,0,0.573352544895298,0,0,0,0,0,0,1.27540193584186,0,-0.0659380182965261,0,0,0,0,0,0,0,0,-0.670725923276785,0,1.41065381577291,0,0,0,0,0,0.447892153878674,0.242903227213235,1.0560551494911,0,0.545065095417496,0,0,0,0,0,1.23001090764051,-1.62672498079513,0,0,0,0,0.778680218649559,0,0,0.0311060601981854,0,1.34703520048866,0,0.404322485391945,-1.26781926559701,0,0,-0.726560408421019,0,0,0,0,0,0,0,0,0,0,0.383209887015507,0,0,0,-0.769666954863853,0.209045549985249,0,0,0,0,0,0,0,0,1.64527879721989,0,0,0,-0.287356314407861,-1.44914046084245,0,0,0,0,0,0,-3.02038748618812,0.986045275704792,0,0,0.200831675808513,0,-2.79349023322252,0,-1.31859720531841,0,0,0.306453697254631,-1.90950220926728,0,0,0,0,0,0,0,0,0,0,0.998591157110646,-1.49089448847975
0,0,0,0,0,0,0,0,0,0,0,0,0,0,0,0,0,0,0,0,0,0,0,0,0.214520149325103,0.30825907889397,0,0,0,0,0,0.588856349438739,0,0,0,0,0,-0.0330188553278334,0,0,0,0,0,0,0,0,0,0,0,0,0,0,0,0,0,0.125120424450304,-0.428813830567434,0,0,0,0,0,0,0,0,0,0,0,0,0,0,0,0,0,0,0,0,0,0,0.26712206059064,0,0,0,0,0,0,0,0,0,0,0,0,0,0,0,0,0,0,0,0,0,0,-0.0725380234012927,0,0,0,0,0,0,0,0,0,0,0.00806966725647684,0,0,0,0,0,0,0,0,0,0,0,0,0,0,0,0,0,0,0,0,0,0,0,0,0,0,0,0,0,0,0,0,0,0,0,0,0,0,0,0,0,-0.00472465172441372,0,0,0,0,0.27458304622368,0,0,0,0,0,0,0,0,0,0,0,0,0,0,0,0,0,0,0,0,0,0,0,0,0,0,0,0,0,0,0,0,0,0,0,0,0,0,0
0,0,0,0,0,0,0,0,0,0,0,0,0,0,0,0,0,0,0,0,0,0,0,0,0,0,0,0,0,0,0,0.483256499315501,0,0,0,0,0,-0.479952780195652,0,0,0,0,0,0,0,0,0.786991436242524,0,0,0,0,0,0,0,0,0,0,0,0,0,0,0,0,0,0,0,0,0,0,0,0,0,0,0,0,0,0,0,-0.134388338500287,0,0,0,0,0,0,0,0,0,0,0,0,0,0,0,0,0,0,0,0,0,0,0,0,0,0,0,0,0,0,0,0,0,0,0,0,0,0,0,0,0,0,0,0,0,0,0,0,0,0,0,0,0,0,0,0,0,0,0,0,0,0,0,0,-0.229474013018149,0,0,0,0,0,0,0,0,0,0,0,0,0,0,0,0,0,0,0,0,0,0,0,0,0,0,0,0,0,0,0,0,0,0,0,0,0,0,0,0,0,0,0,-0.605817864999277,0,0,0,0,0,0,-0.12125854760848,0,0,0,0,0
0,0,0,0,0,0,0,0,0,0,0,0,0,0,0,0,0,0,0,0,0,0,0,0,0,0,0,0,0,0,0,0,0,0,0,0,0,-0.0320570810316569,0,0,0,0,0,0,0,0,0,0,0,0,0,0,0,0,0,0,0,0,0,0,0,0,0,0,0,0,0,0,0,0,0,0,0,0,0,0,0,0,-0.118723015903736,0,0,0,0,0,0,0,0,0,0,0,0,0,0,0,0,0,0,0,0,0,0,0.163550521068591,0,0,0,0,0,0,0,0,0,0.0320444729503038,0,0,0,0,0,0,0,0,0,0,0,0,0,0,0,0,0,0,0,0,0,0,0,0,0,0,0,0,0,0,0,0,0,0,0,0,0,0,0,0,0,0,0,0,0,0,0,0,0,0.211842097118108,0,0,0,0,0,0,0,0,0,0,0,0,0,0,0,0,0,0,0,0,0,0,0,0,0,0,0,0,0.184265173846319,0,0,0,0,0,0,0,0,0
0,0,0,0,0,0.418857010329466,0,0,0,0,-1.16102302669772,0,0,0.487966592976681,0,0,0,-0.979428540560914,0,0,0,0,0,0,0,-2.39666150071676,0,0,0,0,0,0,0,-0.43132036302943,0,-0.529600292990362,0.026820714116883,0,0,0,0,0,0,-0.0432564339933432,0,0,0,0,0,0,0,0,0.420258711562693,0,0,0,0,0,0,0,0.467413744228905,0,0,0,0,0,0,0,0,0,0,-0.588418221783995,0,0,0,0.707919750264759,0,0,0,2.78557507667999,0,0,0,0,0.222652011017857,0,0,0,0,0,0,0,0,0,0,0,0,0,0,0,0.869062093276951,2.27493014040077,0,0,0,0,0,0.563916693784451,0,0,0,1.14211070107177,0,0,0,0,0,0,0,0,0.118607880238918,0,0,0,0,0,0,0.484098202521622,0,0,0,0.390114265634075,0,0,0,0,0,0,0,0,0,0,0,0,0,0,0,0,0,0,0,0,0,0,0,0,0,0,0,0,0,3.95881197495287,0,0,0,0,0,0,-0.248069445516399,0,0,0,0,0,0,0,0,0,0,0,0,0,0,0.221360897289985,0,0,0,0,0,0,0,0,0,0,0,0,0,0,0,0
0,0,0.335785795145978,0,1.34902511507005,0,-0.338882001465744,0,0,0,0,0,0,0,0,0,0,-0.378196392110183,0.542229643246714,0,0,0,0,0,0,-0.0741221991584502,0,0,0,0,0,0,0,1.09421063838643,0,0,0,-0.0836068202604388,0,0,0,0,0,0,0,0,0,0,0,0,0,0,0,0,0,0,-0.783947072571007,0,0,0,0.156314657128146,0,0,0,0,0.80263801002545,0,0,0.0614418780269717,0,0,-2.13551370876899,0,0,0,0.677477192629634,0,0,0,2.30427329292935,0,0,0,-0.475489489621915,0.253452078616009,0,0,0,0,0,0,0.0348744261078675,0,0,0,0.402233112652397,0,0,0,0,0,2.15616498479279,0,0,-0.7142804323637,0,0,0,0,0,0,0.390666402879362,0,0,0,0.851304828263429,0,0,0,0.565945275117874,0,0,1.08860238659807,0,0,0.844587289441105,0,0.328362976588711,0,0,0,0,0,0,0,0,0,0,0,0,0,0,0,0,0,0,0,0,0,0,0,0,0,-0.00752766182381071,0,0,0,0,0,0,0.324197258995763,6.5553617227022,0,-0.224172024024816,0,0,0,0,-1.18142064107152,0,0,-0.304714912617698,0,0,0,-0.374497408841266,0,0,0,0,0,-0.722390108556105,0,0,-0.985962851682345,0,0,0,0,0,0.21082796644565,0,0,-0.0557399206011515,0,0.278046069953512,0,-0.0890903997871231,0,0.623264972426809
0,0.459888845182631,0,0,0.0625550328076301,0,-1.01889709003307,0.893473580387723,0,0,0,0,0,0,0,0,0.151390671580818,0,0.688644562726209,0,0,0,0,0,0,0,0,0,0,0,0,0.0413520269864422,0,-0.84363941671252,0,-1.70794885394212,0,0,0,0,0,0,0,0,0.599069339067657,-1.42483685049228,0,0,0,0,0,0,0,0,0,0,-0.556086634966984,1.25470945993262,0,0,0.621998135862402,0,2.26734911193132,0,-0.255405416143494,0,0,0,0,0,0,-0.679388680995388,0.115931280873079,0,0,0.334042153562843,0,0,0,1.01881502414099,-0.148299064571484,0,0,0,0,0,0,0,0,0,0.0171467604962148,0,0,0,0,0,0,0,0,0,0,0.485034805317129,0,0.714144327551799,0,0.0858648789132797,0,0,0,0,0,0.509600496446239,0.0709107211641815,0,0,0,0,0,0,0,0.788011154835081,0,0,0,0,0,0,0.321458927118619,0,0,0.785431962679229,0,0,0,0,0,0,0,0,0,0,0,0,0,0,0,0,0,0,0,0,0,0,0,0,0,0,0,0,0,0,5.89516868955543,0,-0.914846784533064,0,0,0,0,0,0,-0.345737578744479,0,-0.17159550344623,0,-0.432693406820835,0,0,0,0,0,0,0,0,0,-2.2492062506695,0,0,0,0,0,0,0,0,0,0.638862831101011,0,0,0,0,0
0,0,0,0,0,0,0,0,-0.549163566307144,0,3.632333266653,0,0,0.295648813436713,0,0.0787918666832708,0,0,-0.0196116267216369,0,0,0,0,0,0,-4.04997995521916,0,0,0,0,-1.44017377012007,0.67260904777575,0,0,0,-0.437646291009663,1.16390924819087,0,0,-0.188380053892031,0,0,0,-1.52722725557079,-0.242172483806848,0,0,0,0,0,0,-1.43868669923067,0,0,0,0,0.153508475876983,0,0,0,0,0,0,0,0,0,0,1.74550712362673,0,0,0,0,-0.378106397279588,0,-1.18902886154888,-0.144038337736377,0,0,0,0.871815237132233,0.803517322843822,0,0,0,0,0,0,-1.16675664900598,0.253522546450708,0,0,0,0,0,0,0,0,0,-0.841066830492747,0.181413229332904,0,0,0.185396985427366,0,0,0,0,0,0.449330094478822,0,0,0,0,0.750848266629503,0,1.96492602519746,0,0,0,0,-1.11378134809228,-1.1094375031257,-1.86699507432096,0,0,0,0,0,0,0,0,0,0,0,1.74981937871783,0.253002575616835,0,0,0,0,0,0,0,0,-0.048727932540537,0,0.0251060008688959,0,-0.0382885611666586,0,0,0,0,0,0,0,0,0,0,0,0,0,1.04648057339095,0,0,0.714024556450402,0,0,-3.16384080702675,0,0,0,-0.367634238664447,0,0,0,0,0,0,0,0,0,0,0,0,-0.0430889771075973,0,0.56508910595129,0,0,0,0,0,0,0,-4.79302146463104,0.875605795622669,0,0,0
0.00254752116448675,0,0,0,0,0,0.361687233819813,0,0.458469003560124,0.74618628510666,0,-0.440244296368705,0,0.267613286743052,0,0,0,0,0,0,0,0,-0.370979285031303,0,0,0,0,0,0,0,0,0,0,1.444415663286,0,0,-0.52648584734573,0,0,0,0,0,0,0,0,0,0,0.133262877206189,0,0,0,-1.20183596539338,0,-0.69350636936839,0,0,0,0,0,0,0,0,0,0,0,-0.404131592980747,0,0,0,0,0,0,0,0,0,0,0,1.44860786550626,0,-0.253978219276614,0,0.102392290694157,0,1.12620168788283,-0.415887115691314,0,0,-0.48749767166096,0,0,0,0,0,0,-0.0102906522781601,0,0,0,0,0,0,0,0,0,0,0,0,0,0,0,0,0,0,0,0,-0.763280178791273,0,0,0,0,0.0869723165245868,0,0,0,0,0,-0.317146411394424,0,0,0,0,0,0,0,0,0,0,0,0,0,1.01041689795896,1.90872462511745,0,0,0,0,0,0,0,0,2.44511397451814,0,-0.330255310139668,0,0,-0.24178586563745,0,0,0,0,0,0,0,0,-28.9268244317964,0,-0.276453682116679,0,0,0,0,0,0.0349376861938335,0,1.22170060265123,0,0,0,0,0,0,0,0,0,0,0,0,0,0,0,0,0,0,0,0,-0.197747781695736,0,0,0,0
0,0,0,0,0,0,0,0,0,0,0,0,0,0,0,0,0,0,0,0,0,0,0,0,0,-0.490444540003812,0,0,0,0,-0.288690489703856,0,0,0.038962464714444,0,0,0,0,0,0,0,0,0,0,0,0,0,0,0,0,0,0,0,0,0,0,0,0,0,0,0,0,0.739622444704239,0,0,0,0,0,0,0,0,0,0,0,0,0,0,0,0,0,0,0,0,0,0,0,0,0,0,0,0,0.27861398405327,0,0,0,0,0,-0.157547358532953,0,0,0,0,0,0,0,0,0,-0.106101531081232,0,0,0,0,0,0,0,0,0,0,0,0,0,0,0,0,0,0,0,0,0,0,0,0,0,0,0,0,0,0,0,-0.91395158360175,0,0,0,0,0,0,0,0,0,0,0,0,0,0,0,0,0,0,0,0,0,0,0,0,0,0,0,0.344862815520773,0,0,0,0,0,0.0265618300774693,0,0,0,0,0,0,0,0,0,0,0,0,0,0,0,0,0,0,0,0,0,0,0,0,0,0.348833593180544
0,0,0,0,0,0,0,0,0,0,0,0,0,0,0,0,0,0,0,0,0,0,0,0,0,0,0,0,0,0,0,0,0,0,0,0,0,0,0,0,0,0.218880878153853,0,-0.0276196878927679,0,0,0,0,0,0,0,0,0,0,0,0,0,0,0,0,0,0,0.733439157667415,0,0,0,0,0,0,0,0,0,0,0,0,0,0,0,0,0,0,0,0,0,0,0,0,0,0,0,0,0,0,0,0,0,0,0,0,0,0,0,0,0,0,0,0,0,0,0,0,0,0,0,0,0,0,0,0,0,0,0,0,0,0,0,0,0,0,0,0,0,0,0,0,0,0,0,0,0,0,0,0,0,0,0,7.39210650116633,0,0,0,0,0,0,0,0,3.75937424325184,0,0,0,0,0,0,0,0,0,0,0,0,-0.136043778129127,0,0,0,0,0,0,0,0,0,0,0,0,0,0,0,0,0,0,0,0,0,0,0,0,0,0,0,-0.102883977919644,0,0.102657723334465,0
0,0,-0.017535938546732,0,0,0,0,0,0,0,0,0,0,0,0,0,0,0,0,0,0,0,0,0,0,0,0,0,0,0,0,0,0,0,0,0,0,-0.52002208537483,0,-0.510676218016601,0,0,0,0,0.174426047265368,0,0.0649818857535545,0,0,0,0,0,0,0,0.042704696494098,0,0,0,0,0,0,0,0.715889517200944,0,0,0,0,0,0,0,0,0,0,0,0,0,0,0,-0.101526120695469,0,0,0,0,0,0,0,0,0,0,0,0,0,0.0225371368705523,0,0,0,0,0,0,0,-1.05881514533794,0,0,0,0,0,0,0,0,0,0,0,0,0,0,0,0,0,0,0,0,0.373395849470502,0,0,0,0,0,0,0,0,0,0,0,0,0,0,0,0,0,0,0,0,0,0,0,0,5.09455744364373,0,0,0,0,0,0,0,0.151902954803664,1.82692790253735,0,0,0,0,0,0,0,0,0,0,0,0,0,0,0,0,0,-0.0186061666116368,0,0,0,0,0,0,0,0,0,0,0,0.158681383448666,0,0,0,0,0,0,0,0,0,0,0,0,2.7862814498982,0
0,0,0,0,0,0,-0.562288368844481,0,0,1.413199338464,0,0,0,0,0,0,0,0,0,0,0,0,0,0,0.574961957484922,0,0,0,0,0,0,0.842781532982791,0,0,0,0,0,0,0,0,0,0,0,0,0,-0.12485482750463,0,0,0,0,0,0,0,0,0,0,0,0,0,0,0,0,0.0375871724046442,0,-0.776303597215061,0,0,0,0,0,0,0,0,0,0,0,0,0,0,0,0,0,0,0,0,-0.118197288497604,0,0,0,0,0,0,0,0,0,0,0,0,0,0,0,0,0.772605694099077,0,0,0,0,-0.566925929398254,0.558433040048849,0,0,0.112292223712882,0,0,0,0,0,0,0,0,-0.192774485525154,0,0,0,0,0,0.21845904368416,0,0,0,0,0,0,0,0,0,0,0,0,0,-0.539933290140485,0,0,0,0,0,0,0,0,0,0,0,0,0,0,0,0,0,0,0,0.481456531585029,0,0,0,0,0,0,0,0,0,0,0,0,0,0,0,0,0,-3.890483865909,0,0,0,0,0,0,0,0,0,0,0,0,0,0,0,0.255845031003309,0,-0.157294427444636,0,0,0
0,-0.505519196634093,1.44805466245871,0,-0.141404805172329,0,-2.42062142825212,0,-0.310519648916839,0.570125124910823,-1.77601557018939,0,-0.0054740437626275,0,0,0,0,0,0,0,0,0,0,0,0,0.70594371674588,0,0,0.272013834202991,0,0.321569970784217,0,0,1.27664131764522,0,0,-1.03150448585968,-0.0493462583342859,0,0,0,0,0,0,0,0.141986425538239,1.16413488676509,0,0,-0.491781879813609,0,0,0,-0.415060393573286,0,0,0,0,0,0,0,-0.39843044884333,0.356405207728313,0,0,0,0,0,0,-0.555788058229714,0,0,0,0,0,0.160192617895806,0,0,0,0,0,0.224728714130251,0,-0.657364509739323,0,0,0,0,0,0,0,0,0.137463294705995,0,0,0,0,0,0,0,0,0,0,0,0,0,0,-0.166800209619991,0,0.179080675117199,0,0,0,0,0,0,0,0.0823913144214665,0,0,0,-0.51770784104225,0,0,0,0,0,0,0,0.297371694831348,0,0,0,0,0,0,0,0,0,-0.552493478147093,0,0,0,0,0,0,0,0,0,-0.370131811922813,0,0,0,0,0,0,0,0,0,-0.299771527796261,0,0,0,0,0,0,0,0.627951170916358,0,0,0,0,0,0,0,0,0,-1.76764544572226,0,0,0,0,0,0,0.814561021963172,-0.16486309938439,0,0,0,0,0.699502713571872,0,0,0,-0.0782588443108745,0,0,0.352733323847945,0,0
0,0,0,0,0.0378904964568558,0,0,0,0,0,3.74772635374357,0.175379114975829,0,-0.964450438361179,0,0,0,0.14439879665612,0,0,-0.179060885781045,0,0,0,-1.04344969091784,0,0,0,0,0,-1.44747495099764,0,0,0,0,0,-2.3938254752384,0,0,0,0,0,0,0,1.05011697683734,0,6.39416438158235,0,0,-1.1526134739001,0,0,-0.763660663096225,0,0,0,0,0,0,1.66312719897396,-0.515083340557268,0,1.54768647351339,0,0,-3.35699760959996,0,0,0.0169880222703549,-0.443718570467311,0.506051386149649,0,0,-0.062790270797848,0,0.576990631878211,0,0,-0.583672210615633,0,0,0.505408496191787,0,0,0,0,0.615516307562697,-1.48767903590044,0,0.414131609196279,0.429758276130637,0.030370244333239,1.58808909648751,0,-1.90822587337964,0,0,-0.677285301839915,0,0,1.98834274244527,0.790971746810742,0,0,0,-0.659393718591105,0,0,0,2.02767352630438,0,0,0,0,-0.540338417907429,0,0,0,-0.950602311835219,0,0,0,-0.54448611546284,0,0,0,0,0,-0.0224596850234671,0,0.72844987358965,-1.94141939253956,-0.828136361421566,0,0,0.00629578248845708,0,0,0,0,0.804282691717433,0,0,0.0506790496726466,0,0,0,0,0,-0.575778245798162,0,0,0,0,0,0.0115894209773295,0,0.334689379424811,0,0,0,0,0,0.178722651693126,0,0,0,2.73465526272997,0,0,0,0,0,0.861371604393145,-0.706395799410623,0,0,-1.21908620788531,0,0.442414619843224,0,-1.14349777108326,0,0,0,0,0,-0.981045561381153,0,0,0,0,0,0.720866857076267,1.51053385076762,0,2.87282217567306,1.48576316711585,0,0
0,0,0.0890690779991963,0,0,0,0,0,0,0,0,0,0,0,0,0,0,0,-0.140234802483981,0.84478993392655,0,0,0,0,0.0512384187916317,0,0,0,0,0,0,1.22468244195832,0,0,0,0.0897351131703705,0,-0.305756236684066,0,0,0,0,0,0,0,0,0,0,0,0,0,0,0,0,0,0,0,0,0,0,0,-0.0782833916682661,0,0,0,0,0,0,0,0,0,0,0,0,0,0.0142409561588439,0,0,0,0.0958631644570989,0,0.182246257162418,0.454766941022745,0,-0.804945270607413,0,0,0.0784885429679176,0,0,0,0,0,0,0,0,0,0,0,0,0,1.06115827684101,1.10046072553694,0,0,0,0,-0.546483456835514,0,0,0,0,0,0,0,0,0,0,0,0,0.571172940191397,0,0,0,0,0,0,0,-0.518697362525964,0,0,0,0,0,0,0,-0.570432866619382,0,0,-0.216072816683132,0,0,0,0,0,0.88670167605492,0,0,0,0,0,0,0,0,0,0,0,0,0,0,0,-0.258434170794639,0,0,0,0,0,0,0,0,0,0,0,0,0,0,0.364299534011737,-0.78662585902327,0,0,0,0,0,0,0,-0.432084773313811,0,0,-0.0325797382713653,0,0,0,0,0,0,0,0,-0.32285669918229,0,0
0,0,0,0,0,0,0,0,0,0,2.29273688274198,0,0,0,0,0,0,0,0,0,0,0,0,0,0,0,-0.165858997132696,0,0,0,0,0.147301937423668,0,0,0,0,0,0,0,0,0,0,0,0,0,0,0,0,0,0,0,0,0,0,0,0,0,0,0,0,0,0,0,0,0,0,-0.403433778126107,0,0,0,0,0,0,0,0,0,0,0,0,0,0,0,0,0,0,0,0,-0.413149463645462,0,0,0.00306960835692127,0,0,0,0,0,0,0,0,0,0,0,0.0759032588088073,0,0,0,0,0,0,0,0,0.0991169172963073,0,0,0,-1.63301474127693,0,0,0.0624755272209154,0,0,0,0,0,0,0,0,0,0,0,0,-1.27490936179253,0,0,0,0,0,0,0,0,0,0,0,0,0,0,0,0,0,0,0,0,0,0,0,0,0,0,0,0,0,0,0,-0.288842401327356,0,0,0,0,0,0,0,0,0,0,0,0,0,0,0,0,0,0,0,0,0.135230540606703,0,0,0,0,0,0,0,0,0,0,0,0,0,0,0
0,0,0,0,0,0,0,0.124274123040103,0,0,0,0,-1.89582061532703,0,-1.35049665977114,0,0,0,0,0,0,0,0,0,0,0,0,0,0,0,0,0,0,0.539747854480893,0,-0.313183335642779,0,0,0,0,1.66403973143677,0,0,0,-0.188385621981957,0.316395878779757,0,0,0,0.278354196103536,0,0,0,0,-0.235449611021087,0,0,0,0,0,0,0,0,0,0.603689732933601,0,0,0,0,0,0,0,0,0,0,0,0,0,0,0,1.05313327403544,18.6038623079303,0,0,0,0,0,-0.0490635770890944,0,0,0.0419557862105235,0,0.549716846713351,0,0,0,0,0,0,0,0,0,0,0.441121371918077,0,0,0,-0.127558534167498,0,0,0,0,0,0,0,0,0,0,0,0,0,0,0,0,0,0,0,-1.25113445464799,0,0,0,0,0,0,0,0,0.201965028696546,0,0,0,-0.96543751673923,0,0,0,0,0,0,0,-0.124287316088665,0,0,0,0,0,0,0,0,0,0,0.453628854425858,0,0,0,0,0,0,0,0,0,0,0,-0.239700844615257,0.275328181474874,-0.824352079358341,0,0,0,0,0,0.0223884196658199,0,0,0,0,0,0,0,0,0,0,0,0,-3.31243528486649,0,0,0,0,0,0,0.019650226859002
0,0,-0.0968962763874106,0,0,0,0,0,0,0,0,0,-1.69995675501674,0,-0.324814128870239,0,0,0,0,0,0,0,0,0,0,0,0,0,0,0,0,0.150676196277661,0,0,0,0,0,0,0,0,0.314765867340254,0,0,0,0,0,0,0,0,0,0,0,0,0,0,0,0,0,0,0,0,0,0,0,0,0,0,0,0,0,0,0,0,-0.512899274210814,0,0,0,0,0,0,0.492391608696464,12.1747002340766,0,0,0,0,0,0,0,0.498505590544239,0,0,0,0,0,0,0,-0.490014289779445,0,0,0,0,0,0,0,0,0,0,0.267948208055308,0,0,0,0,0,-0.452909585523566,0,-0.227638630016801,0,0,0,0,0,0,0,0,0,0,0,0,0.161440279732929,0,0.120972758697724,-0.103856683948439,0,0,0,0.224343628963505,0,0,0,-0.971917549087901,0,0,0,0,0,0,0,0,0,0,0,0,0,1.17931930741674,0,0,0,0,0,0,0,0,0,0,0,0,0,0,0,0,0,0,0,0,-0.156714298281623,0,0,0,0,0,0,0,0,-0.499629756284633,0,0,0,0,0,0,0,-0.126733709559613,0,0,0,0,0,0,0
0,0,0,0,0,0,0,0,0,0,0,0,-0.855785238376381,0,0,0,0,0,0,0,0,0,0,0,0.842125221439539,0,0,0,0,0,0,0,0,0,0,0,0,0,0,0,0,0,0,0,0,0,-0.0564261467971008,0,0,0,0,0,0,0,0,0,0,0,0,0,0,0,0,0,0.253338713984115,0.234972948312788,0,0,0,0,0,0,0,-0.449406536323425,0,0,0,0,0,0,1.4390800691931,10.7762443046244,0,0,0,0,0,0,0,0.996886573047082,0.237790587430873,0,0,0,0,0,0,0,0,0,0,0,0,0,0,0,0,0,0.192349771371255,0,0,-0.294973608440623,0,0,-1.88344916396096,0,0,0,0,0,0,0,0,0,0,0,1.63088470779601,-0.15784392872775,0,0.548885887608886,0,0,0,0,0,0,0,0,0,0,-0.271244800502467,0,0,0,0,0,0,0,0,0,0,0,0,0,1.53653753420235,0,0,0,-0.221774658393006,0,0,0,0,0,0,0,0,0,0,0,0,0,0,0,0,-0.994919783525753,0,0,0,0.872288076261333,0,0,0,0,-1.33143931667035,0,0,0,0,0,0,0,0,0,0,0,0,0,0,0
0,0,0,0,0,-0.336163919712779,-1.42699542754365,0,0.414484546371392,0.881012344366488,0,0,0,0,-0.172520316482172,0,0,0,0,0,0,0,0,0,0,0,0.808029497463549,0,0,-1.0167216236016,0,0,0,-2.34553806492743,0,-0.465352404796825,0.846195300157183,0,0,0.0314784732411839,0.321988772356161,0,0,-0.39682217034813,0,0,0,-0.137558635453717,0,0.105080049930086,0,0,0,0,0,0,1.06023722159061,0,-0.331495469628199,0,0,0,3.23997908806474,0,0,0,0,0,0,0.0482255471935995,0,0,0,0,0,0,0.02350549582086,0.162232135712208,0,0,0,0,0,0,-0.280211870900489,0,0,-0.413964612953355,0,0,0,0,0,0,-0.0948977375240905,0,-0.465478693833821,0,0,0,0,0,0,0,-0.0521691309399761,0,0.502077670791311,0,-0.40648169462324,0,0,0,0,0,0,0,0,0,0.50451262485098,0.23744429393526,0,0,0,0,0,0,0,-0.0927720110480008,0,1.75794462208989,0,0,0.756053980824168,0,0,0,0,0,0,0.907552657169096,0.615769096506431,0,0,0,0,0,0,0,0,0,0,0,0.435967073523418,0,0,0,0.379681246575155,0,0,0,0,0,0.928793688879113,0,0,0,0,0,0,0,0,0,0,0,0,0,-1.07675026305965,0,0,-1.31513580422108,0,0,0,-0.723919565773905,0,-0.116944769054343,0,0,0,0,0,0,0,-1.07122534966869,0,0,0,0,0,0
0,0,0,0,0,0,0,0,0,0.370715738886772,0,0,0.174562108600223,0,0,0,0,0,0,0,0,0,0,0,0.00593172527889307,0,0.296737125267198,0.798649458020315,0,-2.0337915919097,1.30716991768472,0,0,-0.156191602209487,0,-0.657176429330718,0.673257959650988,0,0,0,0,0,0,0,0,0,0,-0.176654394020417,0,0,0,0,0,0,0,0,0,-0.32403314035691,0,0,0.645418832628986,0,0,0.569654966513965,0,0,0,0,0,0,0,0,-0.123219068460881,0,0,0.563272909265436,0.230315512048707,0,0,0.877633271491501,-0.115925742738931,0,0,-0.0250712650395359,0,0.0324715596125602,0,0,0,0,0,1.2301474119289,0,1.01038672905813,0,0,0,0,0,0,0,0,0,-0.89357093759658,-2.87124623050034,0,0.230028585060601,0,0,0,0,0,0,-0.235619082882256,-0.0913246249447899,0,0,0.177161130675833,0,0,0,0,0,0,0,0,0,0,0,4.31935396060303,0,0,0,0,0.447500136610844,0,0,-0.0560184793187428,0,0,0,0,0,-0.151393642762892,0,0,0,0,0.590894474175128,0,0,0,1.04267872669552,0,0,0,0,0,0,0,0.125550382574894,0,0,0.441787357887757,0,0,-1.06264985943342,0,0,0,0,0,0,0,0,0,0,0,0,-1.83672057716215,0,0,0,0,0,-0.688269710450101,0.355541467375953,0,0,0,0,0,0,-0.0336544053267351,-0.0199301619574273,0,0,0,0,0
0,0,0,0,0,0,0,0,0,0.126460953002667,0,0,0.335367632181659,0,0,0,0.276799154367303,0,0,0,0,0,0,0,0,0,0,0.1105494320068,0,-3.69365205809959,2.61543566646494,0,0,-0.0931208569577706,0,-0.516588602511529,0,0,0,0,0,0,0,0,0,0,0,-0.548857384491195,0,0,0,0,0,0,0,0,0,0,0,0,0.422655684974597,0,0,0.277316183359843,0,0,0,0,0,0,-0.0741599009531035,0,0,0,0,0.506456154303157,0,0,-0.135774861886941,0.374806275482807,-0.117845437149263,0,0,0,0,0.523266879494559,0,0,0,0,-0.0155585181229023,0.447199237232638,0,0.563671413983089,0,0,0,0,0,-0.488558935782373,0,0,0,0,-2.26617234435066,0,0.154439790016405,0,0,0,0,0,0,0,0,0,0,0.176951775368991,0,0,0,0,0,0,0,0,0,0,0,4.36617647924825,0,0,0,0,0.617097421855053,0.00627145437963761,-0.0543084583822229,0,0,0,0,0,0,0,0,0,0,0,0.964249259493935,0,0,0,0.458194260697156,0,0,0,0,0,0,0,0,0,0,0.703009894062391,0,0,-1.15017531409005,0,0,0,0,0,0,0,0,0,0,0,0,-0.833879160148538,0,0,0,-0.0594410417530231,0.583156945062003,-0.147557863325437,0.20253637451996,0,0,0,0,0,0,0,0,0.0184225474191047,0,0,0,0
0,0,0,0,0,0,0,0,0,0,0.0322912723982425,0,0,0,0,0,0,0,0.221453220054047,0,0,0,0,0,0,0,0,0.00524877704053095,0,-4.50137314241134,3.66126952886404,0,0,0,0,-0.673688588864992,0,0,0,0,0,0,0,0,0,0,0,-1.1984503304281,0,0.0920604619132348,0,0,0,-0.0338182028521867,0.699461191330304,0,0,0,0,0,0.838835723898437,0,0,0.153078506588328,0,-0.609790189854641,0,0,0,0,-0.849108577658557,0,-0.298003509633197,0,0,0.580911355211368,0,0,-0.712893339197077,0.13041269779833,0,0,0,0,0,0.0650129313242174,0,-0.0431351273647971,0,-0.160773576375387,0,0.200179487812226,0,0.756302221191971,0,0,0,0,0,-0.410994997417427,0,0,-0.132204038797756,0,-2.57916327709335,0,0.481026206565266,0,0,0,0,0,-0.0138861841431777,0,0,0,0,0,0,0,0,0,0,0,0,0,0,0,0.165074514096989,4.34006672559084,0,-0.216958601097444,0,0,0.0921803381837618,0,0,0,0,0,0.145633283038754,0,0,0,0,0,0,0,0.0663395060728096,0,0.358488950228171,0,0.141792693611778,0,0.344545537402368,0,0,0,0,0.368519294663401,0,0,0,0.800345106004047,0,0,-1.87243014733002,0,0,0,0,0,0,0,0,0,0,0,0,-0.811692359968184,0,0,0,0,0.452993858826312,-0.217232096149599,0.212169431927269,0,0,0,-0.603682764191918,0,0,0,0,0,0,0,0,0
0,0,-0.0920608234833236,0,0,0,0,0,0,0,0,0,0,0.0934028129378754,0,0,0,0,0,0,0,0,0,0,0,0,0,0,0,-3.83728626574411,0.942346861975413,0.0494574248727448,0,0,0,-1.18235321416587,0,0,0,0,0,0,0,0,0,0,0,-1.02396930769478,0,0,0,0.3881482403298,0,0,0.515743298149574,0,0,0,0,0,1.60316118980862,0,0,0.147577065306287,0,0,0,0,0,0,0,0,-0.123080058234055,0,0,1.82744086619428,0,0,0,0,0,0.0890927037155687,0,0,0,0,0,0,0,0,0,0,0,0.503475678184375,0,0,0,0,0,0,0,0,0,-0.692736404034878,-1.49887504431953,0,0.0997984175944528,0,0,0,0,-0.144476529318595,0,0,0,0,0,0,0,0,0,0,0,0,0,0,0,0,0.436605055982143,2.61587187148288,0,0,0.622292230581351,0,0,0,0,0,0,0,0,0,0,0,0,0,0,0,0.283538377389854,0,0,0,0.622600618573192,0,0,0,0,0,0,0,0,0,0.0482115632538176,0.0199365616078473,0,0,-1.3130745691065,0,0,0.20346767540175,0,0,0,0,0,0.0847625123925826,-0.765840969554661,0,0,0,0,0,0,0,0.758195596730837,0,0,0,0,1.20800260928539,-0.943215240177505,0,0,0,0,0,0.00786752628110343,0,0,-0.517768745850807
0,0,-1.07678438435374,0,0,0,-0.405089512234469,0,0,1.90877365134136,0,0,-1.96717195416747,-0.782063252824779,-1.62641032325695,0.97127366350945,0,0,3.38904074948242,0.388716639714459,0,0,0,0.771979198101065,0,0,0,0,-0.0344059542257078,0,4.64649670645538,1.3538135765228,0,0,0,-0.322781774161398,1.26473118996173,-1.03729959090958,0,0,0,0,0,0,1.17199174062129,1.24377027764876,1.28704994150512,0,0,0,0,0,0,0,0,0,0,0.911020851741368,0,-0.767397939414821,0,0,0,0,1.0690750018663,3.11286773467046,0,0,0,0,0,0,0,0,0.135176927702958,0,1.9029332086309,0,0,3.60816717299122,-0.548658417539989,-0.0866466074887444,0,0,0,-1.19933793631743,-0.0648712780997163,0.574613818399342,-0.371158850004853,2.43448646241526,0,0,0.788737319125545,0,0,0,0,-0.523161607719601,2.66087800611267,-1.53214335608024,0,0,1.54430383052083,-3.65405425770686,-0.219980623895754,-4.39809457376483,0.291665918007702,0,0,0,0,0,0,1.38808830834091,-0.596207881572575,0,0,0,0,0,0,0,7.14562273942065,0,0,0,-0.270087153532415,2.37972943579267,2.91748456066006,-1.32276511663367,-0.285278392076,0,0,0,0,0,0,0,0,0,0,0.95927114686859,0,1.97890375394193,0.872582822019762,0,0,0,0,0,0,0,0,0,-0.452945699297826,-1.15526313354865,0,0,0,0,0,2.11459492503057,0,0,0,0,0,0,-7.98212008542558,0,0,0,0,1.74379361801032,-1.91075237157412,-0.0144912954716072,0,0.00897793912086442,0,0,0,-0.470277991908642,0,0,0,0,0,-0.0670796275449479,0,0,0,0,0,4.38544512788719,-0.411759091582148,0.638526690511408,0,0,0,0
0,0,0,0,0,0,0,0,0,0,0,0,-0.0551603013130872,0,0,0,0,0,0,0,0,0,-0.144163979417812,0,0,0.107865509748135,0,0,0,0,0,0,0,0,0,0,0,0,0,0,0,0,0,0,0,0,0,0,0,0,0,0,0,0,0,0,0,0,0,0,0.237912059700518,0,0,0,0,-0.697047978436563,0.299060488147301,0,0,0,0,0,0,0,0,0,0,0,0,0,0,0,0,0,0,0,0,0,0,0,0,-0.165965279472775,0,0,0,0,0,0,0,0,0,0,0.568094112335056,0,0,0,0,0,0,0,0,0,0,0,0,0.0860361160020782,0,0,0,0,0,0,0,0,0,0,0.0590293430529665,0,0,0,0,-0.00315076598743635,0,0,0,0,0,0,0,0,0,0,0,0,0,0,0,0,0,0,0,0,0,0,0,0,0,0,0,0,0,0,-0.0504805503943135,0,0,0,-0.0467513425844517,0,0,0,0,0,0,0,0,0,-0.000725506715139046,0,0,0,0,0,0,0,0,0,0,0,0,0,0,0,0,0,0,0,0,0,0,0
0,0,0,0,0,0,0.000979864570166411,0.117705847708553,0,0,0,0,0,0.379280243851289,0,0,0.501654177442538,0,0,0,0,0,0,0,0,0,-1.07691746605652,0.179392809873563,0,0,-0.144188284222565,0.760181947357005,0,0.235159610080941,-0.0911348599143349,0,0,0,0,0,0,0,0,1.74381980219289,-0.0205101379606385,0,0,0,0,0,0,0,0,0,0,0,0,0,0,0,0,0,0.0622075380658027,0,0,0,0,0,0,0,0,0,0,0,0,0.035776383757385,0,0,1.29949923475299,0,0.421199322097152,0,0.785653950614611,0,0,0.806170232185166,0,0,0,1.44483283672367,0,0,0,0,-0.755238304852205,0,0,0,0,0,0,0,0,0,0,0,0,0,0,0.242812325785542,0,0,0,0,0.133416645274126,0,0,0,0.184079617284937,0,0,-0.17965223118217,0,0,0,0,0,0,0,0,0,-0.944159027214875,0,0,0,0,0,0,0,0,0,0,0,0,0,0,0,-0.311282148162116,0,0,0,0,0,0,0.773207388074948,0,0,0,0,-1.57128232204918,0,-0.994326844643707,0,0,0,0,0,-0.926572673776273,0,0,0,0,0,0,0.110580913887724,0,0.399796622346762,-0.125143190961047,0,-0.19345863034329,0,0,0,0,0.907658443733574,0,0,0,0,0,0,0,0,0,-2.06767447537007,0,0,1.37507504700175,0,0.70042250432498
0,0,0,0,0,0,0,0,0,-0.241932488450517,0,0,0,0,0,0,0,0,0,0,0,0,0,0,0,0,0,0,0,0,0,1.43948319990089,0,0,0,0,-0.755967650333531,-0.455471878921686,0,0,0,0,0,0,0,-0.743397198026067,0,0,0,0,0,0,0,0.128628112564327,-0.381260898687005,0,-1.13804904072858,0,0,0,0,0,0,0,0,0,0,0,0,0,0,0,0,0,0,1.65709804738307,0,0,0,0,0.390544964545422,0,0,0,0,0,0,0,0,0.674263021646866,0,0,0,0,0,0,0,0,0,0,0,0,2.36819346546422,1.8605818851197,0,0.0638538473750663,0,0,0,0,0,0.347295189703996,0,0,0.964838674176066,0,0,0,0,0,0,0,0,0,0,-0.241632799942128,0,-0.224525464691755,0,0,-0.259542457881961,-1.62021587226332,-0.351774325574054,0,0,0,0,0,0,0,0,0,0,0,0,0,0,0,0,0,0,0,0,0,0.249878565090439,0,0,0,0,0,-0.0204348602459508,0,0.888176307331252,-0.391826645896831,0,0,0,0,0,0,0,0,0.0274614787055765,0,0,0,0.63212294259752,0,0,-0.503192601460923,0,0,0,0.559985567587053,0,0,0,-1.15837342843516,0,0,0,0,0,0,0,0,0,0,0,0
0,-0.275889095176134,0,0,0,0,-0.657328165283327,0,0,0,0,0,0,0,0,0,0,0,0,0,0,0,0,0,0,0.388256449388285,-0.0941793154471147,0,0,0,-0.275824655399961,0.761139935934251,0,0,0,0,0,0,0,0,0,0,0,0,0,0.0122672678365905,0,0,0,0,0,0,0,0.112811147801244,0,0,-0.96821154858427,0,0,0,0,0,0,0,0,0.0644336409580031,0,0,0,0,0,0,0,0,0,0,0,0,0,0,0,0,0,-1.10158422766247,0,0,0,0,0,0,0,0,0,0,0,0,0,0,0.0206517578995657,0,0,0,0,0,0,0,0,0,0,0,0,1.13005156891557,0,0,0,0,0,0,0.327690184565673,0,0,0,0,0,0,0,0,0,0,0,0,0,0,0,0,0.692425790590962,0,0,0,-0.158947359984907,0,0,0,0,0,0,0,0,0,0,0.234883668536876,0,0,0,0,0.136680564709774,0,0,0,-0.679396518627856,0,0,0,0,0,0,0,-0.199971381491842,0,0,0,0,0,0,0,0,0.537981159931251,0,0,0,0,0,0,0.140790784456204,0,0,0,-0.344281588773642,0,0,0,0,0,0,0,-0.0415924513397044,0,0,0,2.11546261664067
0,0,0,0,0,0,0,0,0,0,0.830115405624614,0,0,0,0,0,0,0,0,0.742980097691067,0,0,0,0,0,0,0,0,0,0,0,0,0,0,0,0,0,-0.44142863862856,0,0,0,0.19816662514589,0,0,0,0,0,0,0,0,0,0,0,0,0,0,-0.111415250648114,0,0,0,0,0,0,0,0,0,0,0,0,0,0,0,0,0,0,0.0920885030205587,0,0,0,0,0,0,0,0,0,0,0,0,0,0,0,0,0,0,0,0,0,0,0,0,-0.420034778296287,0,0,0,0,0,0,0,0,0,0,0.0651823578301443,0,0,0,0,0,0,0.859418901785143,0,0,0,0,0,0,0,0,0,0,0,0,0,0,0,0,0,0,0,0,0,0,0,0,0,0,0,0,0,0,0,0,0,0,0,0,0,0,0,0,0,0,-0.241725257606702,0.0782881973486813,-0.0258794767363455,0,0,0,0,0,0,0,0,0,0,0,0,0,0,0,0,0,0,0,0,0.00196854905052746,0,0,0,0,0,0,0,0,0,-0.624139957662964,0,0,0,0,0.225660697603207
0,0,0,0,0.224754317814288,0,0,0,0,0,0,0,0,0,0,0,0,0,0,0.0413926347829494,0,0,0,0,0,0,0,0,0.093170974262716,0,0,0.185589031937962,0,0,0,0,0,0,0,0,0,0.844116687132334,0,0,-0.659786458197714,0,1.14238084057959,0,0,0,0,0,0,0,0,0,0,0,0,0,0,0,0,0,0,0,0,0.283140881257,0,0,0,0,0,0,0,0,0,0,0,0,0,0,0,0,0,0,0,0,0,0,0,0,0,0,0,0,0,0,0,0,0,0,0,0,0,0,0,0,0,0,0,0.326987710732871,0,0,0,0,0,0,0,0,0,0,0,0,0,0,0,0,0,0,0,0,0,0,0,0.183510888171318,0,0,0,0,0,0,0,0,0,0,0,0,0,0,0,0,0,0,0,0,0,0,0,0,0,0,0,0,0,0,0,0,0,0,0,0,0,0,0,0,0.207610164967544,0,0,0,0,0,0,0,0.299829759766561,0,0,0,0,0,0,0,0,0,-0.514831756916566,0,0,0,0,0.551062834357478
0,0,0,0,0,-1.08739384703031,0,0,0,0,0,0,0,0,0,0,0,0,0,0,0.170805252125433,-0.045694030840256,0,0.188417381370244,0,1.75953477335862,0,0,0.428845787487208,0,0,0.652098920422307,0,0,0,0,0,0,0,0,0,0,0,0,0,0.401796697429537,1.91374949231818,0,0,0,0,0,0,0,0,0,0.0318776455599215,0,0.719575505077582,0,0,0,0,0,0,0,0,0,0.338469214990308,0,0,0,-0.726170876272134,0,0,0,0.298908271917775,0,0,0,0,0,0,0,-0.364007128829793,1.08937650511867,0,-0.163269881279698,0,0,0,-0.168620057425392,0,0,0,-0.372530811498518,0,0,0,0,0.537659021388173,0,0,0.456109670987152,0,3.00689090751223,0,0.959000031167294,0,0,0,0,0,0,0,0,0,0,0,0,-1.13132678754218,0,0,0,0,0.596587490900941,0,0,0.226467615336388,0,0,-0.113313463753646,0,0,0,0,0,0,0,0,0,0,-0.198558432078625,0,0,0,0,0,0,0,0.834946301388077,0,0,0,0,0,0,0,0,0,0,0,0.170053093829434,0,0,0,0,0,0,0.17081691525758,-0.0875730177907852,0,0,3.1098610475397,0,0,0,0,0,0,0,0.0842366969237283,0,0.203147111978806,1.74529212609875,0,0,0,0,0,0,0,0.714954713125981,0.830864200011906,0,0,0,0,2.35423423811106,1.35755837612247
0,0,0,0,0,0,0,0,0,0,-0.6738041611725,0,0,0,0,0,0,0,0,0,0,0,0,0,0,0,0,0,0,0,0,0.359252951851487,0,0,0,0,0,0.0277875857629815,0,0,0,0.304465949715367,0,0,0,0.124278099489109,1.17251729393707,0,0,-0.0440476013235898,0,0,0,0,0,0,0,0,0,-0.0625539916275037,0,0,0,0,0,0,0,0,0,0,0,0,0,0,0,0,0,0,0,0.35420130727091,0,0,0,0,0,0,0,0,0,0,0,0,0,0,0.264082524548788,0,0,0,0,0,0,0,0,0,0,0,0,0,0,-0.859736213042335,0,0,0,0,0,0,0,0,0.161669529417299,0,0,0,0,0,0,0,0,0,0,0,0,0,0,0,0,0,0,0,0,-0.488365233959994,0,0,0,-0.256413424438036,0,0,0,0,0,0,0,0,0,0,0,0,0,0,0,0,0,-0.0223077309015127,0,0,0,0,0,0,0,0,0,0,0,0,0,0,0,0,0,0,0,0,0,0,0,0,0,0,0,0,0,0,0,0,0,0,0,0,0,0.98453996193444
0,0,0,0,0,0,0,0,0,0,0,0,0,0,0,0,0,0,0,0,0,0,0,0,0,0,0,0,0,0,0,1.20661659134836,0,0,0,0,0,-0.953462655659596,0,0,0,0,0,0,0,0,0,0,0,0,0,0,0,0,0,0,0,0,0,0,0,0,0,0,0,0,0,0,0,0,0,0,0,0,0,0,0,0,-0.337824321298658,0,0,0,0,0,0,0,0,0,0,0,0,0,0,0,0,0,0,0,0,0,0,0,0,0,0,0,0,0,0,0,0,0,0,0,0,0,0,0,0,0,0,0,0,0,0,0,0,0,0,0,0,0,0,0,0,0,0,0,0,0,0,0,0,0,0,0,0,0,0,0,0,0,0,0,0,0,0,0,0,0,0,0,0,0,0,0,-0.559165781210774,0,0,0,0,0,0,0,0,0,0,0,0,0,0,0,0,0,0,0,0,0,0,0,0,0,0,0,0,0,0,0,0,0
0,0,0,0,0,0,0,0,0,0,0,0,0,0,0,0,0,0,0,0,0,0,0,0,0,0,0,0,0,0,0,1.48728661926331,0,0,0,0.324386000802201,0,0,0,0,0,0,0,0,0,0,0,0,0,0,0,0,0,0,0,0,0,0,0,0.230809738715747,0,0,0,0,0,0,0,0,0,0,0,0,0,0,0,0,0,0,0,0,0.267727805301837,0,0.319356337697222,0,0,0,0,0,0,0,0,0,0,0,0,0,0,0,0,0,0,0.441221425409517,0,0,0,0,0,0,0,0,0,0,0,0,0,0,0,0,0,0,0,0,0,0,0,0,0,0,0,0,0,-0.512342280391071,0,0,0,0.181729199364939,0,0,0,0,-0.755438242673516,0,0,0,0,3.56632909565427,0,0,0,0,0,0,0.425202500884653,0,0,0,0,0,0,0.0622978324799042,0,0,0,0,0,0,-0.168188856929222,0,-0.478126860355591,0,0,0,0,0,0,0,0,0,0,0,0,0,0,0,0,0,0,0,0,0,-0.752115028184323,0,0,0,0,0,0,0.486185365685321,0,0
0,0,0,0,0,0,0,0,0,0,1.59395258093632,0,0,0,-0.184723286778228,0,0,0,0,0,0,0,0,0,0,0,0,0,0,0,0,0.482238590197223,0,0,0,0,0,0,0,0,0,0,0,0,-0.186395635540573,0,0,0,0,0,0,0,0,0,0,0,0.837096663984696,0,0,0,0,0,3.05732237704756,0,0,0,0,0,0,0,0,0,0,-0.290713145966156,0,0,0,-0.721538303335419,0,0,0,0,0,-0.416950551357495,0,0,0,-0.2957865927204,0,0,0,0,0,0,-0.211569248034052,0,0,0,0,0,0,0,0,0.209083546780859,0,-0.628106928792568,0,0,0,0,0,0.147586353169538,0.0325885759397215,0,0,-0.510555477930047,0,0,0,0,0,0,0,0,0,0,0,0,0,0,0,0,0,0,0,0,0,0,0,0,0,0,0,0,0,0,0,0,0,0,0,0,0,0,0,0,0,0,0,0,0,0,0,0,0,0,0,0,0,0,0,0,0,0,0,0.364104562613638,0,0,0,-0.145083489094659,0,0,0,0,0,0,0,0,0,0,0,0,0,0,0,0,0,0,0,-0.642178540831493
0,0,0,0,0,0,0,0,0,0.732573582290222,-4.71022216571575,0,0.530880577132311,0,0,0,-1.44076318506415,0,0,0,0,0.698722587206995,0,0,0,0,0,2.38985227282099,0,0,1.45642166823789,0.45757382925042,0,-1.16756133017101,0,0,-1.94609731569036,-7.56654968070544,0,0,0,0,0,0,0,0,-1.32112596508989,0,-0.709999253079312,0,0,1.48997686355817,0,0,-0.214475939404631,0,0,4.15884680532674,0,0,1.23841316158617,0,-2.22747442831036,0,0,0,0.111714897115583,0,0.435444002937176,0,-2.08027604408596,0,1.10635290009776,0,0,0,0,1.73133020752398,0,0.388669734359085,0,-0.247532810112824,-1.9583955009013,0,0.117722318858043,1.4169452891999,0.0450523144756971,0,0,0,0,0,0,0,0,0.102304657955723,0,0,0,-0.0427579926172568,-1.3261791465785,0,0.037821426755777,0,0,-3.03048784095696,0,0,0,0,0,0,0,0,0,-0.0805608783669314,0,0,0,0,3.63357973878563,0,-1.06117341204239,0,0,0,1.38373940012838,0,0,0.537814446193778,1.0727919568239,0.982674050038674,3.68962400721141,0,0,0,0,0,0,0,0,0,-0.268217239749554,0,-0.733033082778225,0,0,0.787243204002049,0,0,-9.64313706156964,0,0,0,0,5.69010171159721,0,0,0,0,0.144425221907083,0,2.1570360292177,0,0,0,0,0,0.266314336222941,0,0.0690245937383516,0,0,0,0,0,0,0,0,0,0,0,0,0,0,1.46079501235162,0.37908767044773,0,0,0,2.25627964623373,0,0,-0.520066430479713,0,-0.529478915846699,0,0,-0.747507871708966,0.377756986377877
0,0,-0.246897840886925,0,0,0,0,0,0.100340192025108,0,0,0,0,0,0,0,0,0,0,0,-0.491928995900539,0.345178595118388,0,0,0,0,0,0,0,0,0,0,0,0.19873112817,0,0,0,-1.31955100643709,0,0,0,0,0,0,0,-0.623274892496872,-1.08605942832481,0,0,0,0,-0.104734750848295,0,0,0,0,0,0,0,0,0,0,0,0,0,0,0,0,0,0,0,0,0,0,0,0,0,0,0,0,0.681169352195327,0,-0.887967234421818,0,0.025544845369661,0,0.496137850420872,-0.371742707223282,0,0,0,0,0,0,-0.138151304291894,0,0.474662425001809,0,0,0,0.0187923145495608,0,2.78661215987468,0.859478604216662,0,0,0,0,0,0,0,2.21092730472692,0,0,0,0,0,0.0884865016618033,0,0,0,0,0,0,0,0,0.48517154638333,0,0,0.312789370884637,0,0,0,0,0,0,-1.33299574909623,0,0,0,-0.551546233384898,0,0,0,0,0,0,2.5651857803381,0,0,0,0,0,-0.0276140147700217,0,0,0,0,0,0,0,0,0,-0.214521351467704,0,0,0,0,0,0,0,0,0,0,0,0,0.5005470094319,0,-0.00920371031088374,0,0,-0.440443411362184,0,0,0,0,0,0,0,0,0,0,-7.45689351412983,0,0.344435727466803,0,0,0,-0.431628883498678,0
0,1.28652786716404,0,0,0,0,0,-0.703664841359652,0,0,0,0,0,-0.339363747797071,0,0,0,0,0,0.190764999279235,0,0,0,0,0,0,0,0,0,0,0,0.308311933347117,0,0,0,1.09659200690866,0,0,0,0.269894785185198,0,0,0,-0.164188815213303,0,0,0,0,0,0,0,0,0,0,0,0,0,0,0,0,0,0,0,0,-0.851450248349973,0,-0.271207008552062,0,0,0,0,0,0,0,0,0,0,0.324258431076569,0,0,0,0,0,0.338820091207673,-0.726944115031101,-1.26115918502959,0,0,0,2.15183691348681,0,0,0,0,0,0.0132783743100637,0,0,-1.0187446831167,0,0,0,5.14385064444122,-0.494788426312866,0,0,0,0,0,0,0,0,-0.0765394970656226,0.84028660007622,0,0,0,0,0,-0.582826073816905,0,0,0,0,0,0,0,-1.43527286368241,0,-1.57101427440852,0,0,0.211652546080086,0,-0.372211922481018,1.15192558616234,0,0,0,-0.697739832233918,0.913464428945328,0,0,0.280828950903147,0,7.3633176719419,0,0,0,0,0,0,0,-0.0516884143478351,0,0,0,0,0,0,0,0,0,-0.3227739700215,0,0,0,0,0,0.319221449148066,-2.30275159160732,0,0,0,0,-0.676165685301994,0,0,0,0.723694933249636,0,0,0,0,0,0,-0.170908850364369,0,0,0,0,0,0,0,0,-1.12464280663104,0,0,0,0
0,0,0,0,0,0,0,0,0,0,0,0,-0.222769324243935,-0.594750998214098,0,0,-0.00402406967689295,0.272549410993423,0,0,0,0,0,0,0,0,0,0,0,-1.69811663528843,0,0,0,0,0,0,0,-0.917392292862974,0,0,0,0,0,0,0,0,-0.890623431456777,0,0,0,0,0,0,0,0,0,-0.53545879500439,0,0,0,-0.548998776461356,0,-0.030595097406874,0,0,-1.15025849413615,0,0,-0.412710678902215,0,0,0,0,0,0,0,0,-0.535351635546984,-0.190842291125216,0,0,0,0,0,-0.691826638992537,0,0,-0.0817602170215057,0,-1.06020560099154,0.36916070445971,-0.363492402175871,0,0,1.04247796531961,-2.82712542576993,0,0,0.247077614327994,0,0,4.03256741642294,0,0,0,0.819882682917983,0,-0.436458881985593,0,0,0,0,0,-0.243600848844758,0,0,-0.414651063309291,0,0,0,0,0,0.46936934106214,0,0,0,0,0.229909606233579,0,-0.111197833279027,0,0,0,0,0,0,0,0,0,0,0,0,0,0,0,0.410968276837462,0,0,0,0,0,0,0,0,0.706269985478656,0,-0.157911460412363,0,-0.0418455634050645,1.41030785934813,0,0.0636981785727042,0,0,0,0,0,0,0.0135629212222397,0,0.223877017538697,0,-0.397493829668569,0,0,-0.000702905533640941,0,0,0,0,0,0,0,0,0,0,0,0,0,0.157214943720836,0.452938970115013,0,-0.0899788877898753,0,0,0,0,-0.5732266425675,0,0.792834354230491
0,0,0,0,0,0,0,0,0,0,0,-0.570591138146834,0,0,0.514015100876597,0,0,0,0,0,0,0,0,0,0,0,0,0,0,0,0,0,0,0,0,0,0,0,0,0,0,0.176308935732544,0,0,0,0,0,0,0,0,0,0,0,0,0,0,0,0,0,0,0,0,0,0,0,0,0,0,0,0,0,0,0,0,0,0,0,0,0,0,0,0,0,0,0,0,0,0,0,0,0,0,0,0,0,0.831525020501808,0,0,0.0285901039907936,0,0,0,0,0,0,0,0,0,0.189364683908638,0,0,0,0,0,0,0,0,0,0,0,0,0,0.596609789622976,0,0,0,0,0,0,0,0,0,0,0,0,0,0,0,0,0,0,0,0,0,-0.199973129528504,0,0,0,0,-0.101688836165837,0,0.12256861568263,0,0,0.137047850291564,0,0,-1.16022649951134,0,0,0,0,-1.0019039105202,0,0,0,0,0,0,0,-24.17375542817,0,0,0,0,0,0,0,0,0,0,0,0,0,-0.867897528466362,0,0,0,0,0,0,0,0,2.60109036322496,0,0,0,0,0,0
0,-0.0976149952690664,0,0,0,0,0,0,0,0,0,-0.693369212596853,0,0,0,0,0,-0.518780451860231,0,0,0,0,0,0,0,0,0,0,0.117428568410247,0,0,0,0,0,0,0,0,0,0,-0.449625971780677,0,0.810580786435046,0,0,0,0,0,0,0,0,0,0,0,0,0,0,0,0,0,0,0,0,0,0,0,0,0,0,0,0,0,0,0,0,0,0,0,0,0,0,0,0,0,0,0,0,0,0,0.043593379407127,0,0.246011575114957,0,0,0,0,0,0,0,0,0,0,0,0,0,0,0,0,0,0,0,0,0,0,0,0,0,0,0,0,0,0,0,0,0,0,0,0,0,0,0,0,0,0,0,0,0,0,0,0,0,0,0,0,0,0,0,0,0,0,0,0,0,0,0,0,0,0,0,0,0,0,0,0,0,0,0,0,0,0,0,-22.7234882031323,0,0,0,0,0.682140330901053,0,0,0,0,0,0,-0.106487818929171,0,0,0,0,0,0,0,0,0,0,0,0,0,0,0,0,0
0,0,0,0,0,0,0,0,0,0,0.0306784083725153,-0.432189964519943,0,0,0,0,0,0,0,0,0,0,0,0,0,0,0,0,0,0,0,0,0,0,0,0,0,0.385505831729551,0,-0.213673193897162,0,0.725070585642446,0,0,0,0,0,0,0,0,0,0,0,0,0,0,0,0,0,-0.0637517535481513,0,0,0,0,0,0,0,0,0,0,0,0,0,0,0,0,0,0,0,0,0,0,0,0,0,0,0,0,0,0,0,0,0,0,0,0.229108521439987,0,0,0,0,0,0,0,0,0,0,0,0,0,0,0,0,0,0,0,0,0,0,0,0,0,0,0,0,0,0,0,0,0,0,0,0,0,0,0,0,0,0,0,0,0,0,0,0,0,0,0,0,0,0,0,0,0,0,0,0,-0.216248734799956,0,0,0,0,0,0,0,0,0,0,0,0,0,-21.9482724354446,0,0,0,0,0,0,0,0,0,0,0,-0.470155540441526,0,0,0,0,0,0,0,0,0,0,0,0,0,0,0,0,0
0,0,0,0,0,0,0,0,-0.149949246504309,0.0253151426317662,0,-0.349448971250979,0,0,0,0,0,0,0,0,0,0,0,0,0,0,0,0,0,0,0.0716448694288698,0,0,0,0,0,0,0,0,0,0,1.18648408530521,0,0,0,0,0,0,0,0,0,0,0,0,0,0,0,0,0,0,0,0,0,0,0,0,0,0,0,0,0,0,0,0,0,0,0,0,0,0,0,0,0,0,0.16543341793489,0,0,0,0,0,0,0,0,0,0,0,0,0,0,0,0,0,0,0,0,0,0,0,0,0,0,0,0,0,0,0,0,0,0,0,0,0,0,0,0,0,0,0,0,0,0,0,0,0,0,0,0,0,0,0,0,0,0,0,0,0,0,0,0,0,0.138505070869256,0,0,0,0,0,0,0,0,0,0,0,0,0,0,0,0,0,0,0,-17.0581823717998,0,0,0,0,0,0,0,0.295529859484885,0,0,0,-0.310639326204701,0,0,0,0,0,0,0,0,0,0,0,0,0,0,0,0,0
0,0,0,0,0.29128846205135,0,0,0,0,0,0,0,0.485271826233947,0,-0.0808693514917913,0,-1.04972898569384,0,0,0,0,0,0,0,0,0,0,0,0,0,-0.0226777590796783,0,11.1552569647808,0,0,0.560765256279154,0.0120566838056513,-0.912629766406682,0,0,0,0,0,0,0,0,0,0,0,0,0,0,0,0,0,0,0,0,0,0,0,0,0,-1.15761872195409,0,0,0,0,-2.30480970525186,0,0,0,0,0,0,0,0,0,0,0,0,0,0,0,0,0,-0.399729029445239,0,0,0.00846046400211153,0,-0.81021504381727,0,0,0,0,0,0,0.428957145772646,-0.322078843694396,0,0,0,0,0,0,0,-0.442607653639151,-0.0274527805060754,0,0,0,0.182570057293389,0,-0.405252210403233,-0.941672775934201,0,0,0,0,0,0,-0.718040705383226,0,0,4.80160613479415,0,0,0,0,0,0,0,0,0,0.00332043101797996,0,0,0,0,0,-0.675228354528077,0,0,0,0,0,0,0,0,0,0,-0.165243861870658,0,0,0,0,-0.648376282140063,0.66815151035724,0,0,0.391504510360953,0.548664493979766,0,0,0,-1.9025513467297,0,0,0,0.0254478076029194,0,0,0,0,0,0,0.646543950434964,0,0,0,0,0,0,0,0,0,0,0,0,0,0,0.297946652350931,0,-0.757372195601742,0,-1.22356297369496,0.0694718639073875,0,0
0,0,0,0,0,0,0,0,0,0,0,0,0,0,0,0,0,0,0,0,0,0,0,0,0,0,0,0,0,0,-0.0321495559049016,0.121901729480701,7.88189596761336,0,0,0,0.168884549975856,-0.608310381650575,0,0,0,0,0,0,0,0,0,0,0,0,0,0,0,0,0,0,0,0,0,0,0,-0.22898193472219,0,-0.892256434847785,0,0,0,0,-0.575156070469871,0,0,0,0,0,0,0,0,0,0,0,0,0,0,0,0,0,0,0,0,0,0,0,0,0,0,0,0,0,0,0,0,0,0,0,0,0,0,0,-0.359425360000551,0,0,0,0,0,0,-0.718630015665712,0,0,0,0,0,0,-0.668716385032641,0,0,2.79582167326088,0.262253257718953,0,0,-0.298763234072459,0,0,0,0,0,0.183909762426911,0,0,0,-0.0675327073451739,0,0,0,0,0,0,0,0,0,0,-0.251415319892546,0,-0.109568393600584,0,0,0,0,-0.332678817087777,0,0,0,0,0,0,0,0,-2.30615379415835,0,0,0,0,0,0,0,0,-0.0160512723646,0.394599834999641,0.068060454634006,0,0,0,0,0,0,0,0,0,0,0,0,0,0,0,0,-0.360784926037538,0,-0.429509110137487,0.134158201037898,0,0
0,0,0,0,0,0,0,0,0,0.154254021279678,0,0,0,0,0,0,0,0,0,0,0,0,0,0,0,-0.953437956280031,0,0,0,0,1.16868713195615,0.482784216903938,0,0,0,0,0,0,0,0,0,0,0,0,0,0,0,-0.69818406010369,0,0,0,0,0,0,0,0,0,0,0,0,0,0,0,0,0,0,0,0,0,0,0,0,0,0,-0.00348508359398436,0,0,-0.218768100255024,0,0,0,0.242365918430676,0,0,0,0,0.363589425463329,0,0,0,0,0.336007557852883,0,0,0,0,0,0,0,0,-0.152942076825704,0,0,0,0,0,0,0,0,0,0,0,0,0,0,0,0,0,0,0,0,0,0,0,0,-5.04355580731207,0,0,0,0.557750380980921,0,0,-0.302671961560049,0,0.18313872882048,0,0,0,0,0,0,-0.256581887146465,0,-0.155145523270498,0,0,0,0,0,0,0,0,0,0,-0.685568310308174,0,0,0.781395771782129,0,0,0,0,0,0.0638502158774135,0,0,0,0,0,0,0,0,0,0,-0.184176787547151,0,0,0,0,0,0,0,0,0,1.95430941438201,0,0,0,0,0,0,0,0,0,0,0,0.55972777137322,0,0,0
0,0,0,0,2.30515844865999,0,0,0,0,0,-2.87669385597411,0,0,0,0,0,0,0,0,0,0,0,0,0,0,0,0,-0.44052303750684,0,0,0,0.625687431607317,-0.39151592611558,0,0,0,0,0,0,0,-0.669117258258055,0,0,0.408945590123221,0,0.220054396041056,0,0,0,-0.371566200719124,0,0,-0.0643530615962864,0,0,0,0,0,0,0,-0.180881246907494,0,0,-0.002931603607079,0,0,0,0,0,0,0,0,0,0,0,0,0,0,0,0.548902800104628,0,0,0,0,0,0,0,0.800427452687112,0.132828086936183,0,0,0,0,0.466195426066502,0,0,0,0,0,0,0,0,0,0,0,0,0,0,0,0.0189510705401799,0,1.29864242715948,0,0,-0.162926897059832,0,0,0,0.366161736284457,0,0,0,0,0,0,0,0,0,0,0,0,0,0,0,0,0,0,0,0,0,1.06321204555958,0,0,0,0,0,0,0,0,0,0,0,0,0,0.287145095334975,0,0,0,0,0,0,0,0,0,0,0,0,-0.8719750484152,0,0,0,0.217716036069512,0,0,0,0.0779490089015069,0,0,0,0,0,0,0,0,0.558490799359703,0,0,0,0,0,0,0,0,0,0,0,0,0.0448029667837841,0,0
0,0,0,0,0.936556576109325,0,0,0,0,0,0,0,0,0,0,0,0,0,0,0,0,0,0,0,1.36166899051207,-0.868148236635107,0,-1.19109355885945,0,0,0,0.12758672716472,-0.327072336610186,0,0,0.15463889782448,0,0,0,-0.2916490327592,0,0,0,0,0,1.09166383349062,0,0,0,0,0,-0.228932260227263,0,0,0,-0.176357012825084,0,0,0,0,0,0,0,0,0,-0.774573994289119,0,0,0,0,0,0,0.0374154540798315,0,0,0,0,0,0,1.39393427585502,-0.574710308817794,0,0,0,0,0,0,0,0,0,0,0,0,0,0,0,0,0,0,0.247861707661796,0,0,0,0,0,0,0,0,0,0,0,0.144444393830542,0,0,0,0,0,0,0,-0.127566915590019,0.874384533574328,0,0,0,0,-0.0483078410225628,0,0,0,0,0,0,0,0,0,0,0,0,0,0,0.71997352130485,0,0,0,0,0,0,-0.138492161246908,0,0,0,0,0,0.218781002220171,0,0,0,0,0,0,0,0,0,0,0,0,0,0,-0.72287279696191,0,0,0.486499746002602,0,0.135946849115039,0,0,0,0,0,0,0,0,0,0,0,0,0,-0.608129914271913,0,0,0,0,0,0,0,0,0,0,0,0
0,0,0,0,0.218538098579522,0,0,0,0,0,-1.62506369396356,0,0,0,0,0,0,0,0,0,0,0,0,0,0.0900024370636632,0,0,0,-0.223412438395771,0,0,0.758984824505559,-0.153947459056896,-0.205496963325793,0,0,0,0,0,0,0,0.295172807352934,0,0,-0.303918505251898,0.16395702818673,-0.131659252878519,0,0,0,0,0,0,0,0,0,0,0,0,0,0,0,0,-0.379766518386339,0,0,0,0,0,0,0,0,0,0,0,0,0,0,0,0.731067236378068,0,0,0,0,0,0,0,0,0,0,0,0,0,0,0,0,0,0,0,0,0,0,0,0,0,0,0,0,0,0,0,1.12106257673953,0,0,-0.219988117577572,0,0,0,0,0,0,0,0,0,0,0,0,0,0,0,0,0,0,0,0,0,0,0,0,0,0,0,0,0.0429824452217713,0,0,0,0,0,0,0,0,0,0,0,0,0,0,0,0,0,0,0,0,0,0,0,0,0,0,0,0,0,0,0,0,0,0,0,0,0,0,0,0.673819526580311,0,0,0,0,0,0,0,0,0,0,-0.229783254288768,0,0,0.259264793598922,0,0
0,0,0.74166585260149,0,0,0,0,0,-0.290807430812279,0,-0.815463113640284,0,0,0,0,0,0,0,0,0,0,0,0,0,0,0.379394672037607,0,0,-0.00360281121558592,0,0,0.343167304881882,0,-0.00778704987604484,0,0,0,0,0,0.147755940847331,0,0,-0.461782821982398,0,0.0773565328082304,0,0,0,0,0,0,0,0,0,0,0,-0.223989472656011,0,0,0,0,0,0,0,-0.0683906636481548,0,0,0,0.847102111545428,0,0,0,0,0,0,0,0,0,0,0.327592234101505,0,0,0,0,0,0,0,0,0,0.202911539865807,0,0.711185513837381,0,0,0.0408034249812697,-0.267173599686993,0,0,0,0,0,0,0.698871968954946,0,0.0561549959955463,0,-0.906542520707429,-0.33643306464739,0,0,0,1.36657022021308,0,0,0,0,0,0,0,-0.057319114670439,0,0,1.21399875060157,0,0,0,0,0,0,0.174174277250463,0.233562446395551,0,0,0,0.151915561766967,0,1.13017525643009,0,0,0.71881771663535,0,0.0966380924290684,0,0,0,0,0,-1.40816005581359,0,0,0,0,0,0,0,0,0,0,0,0,0,0,0,0,0,0,0,0.347799670616953,0,-0.0655186990519192,-0.434000776602108,0,0,0,0,0,0.0288850379049455,0,0,0,0,0,-0.304150938204345,0,0,0,0,-1.2357213734461,0,0,0,0,0,0,0,0,0.821534089464765,0,0,0
0,0,0,0,0,0,0,0,0,0.00852696368791217,0,0,0,0,0,0,0,0,0,0,0.0115960014122829,0,0,0,0,0,0,0,0,0,0,0,0,-1.61448589922755,0,0,0,0,0,0,0,0,-0.0861344105991075,-1.11967438117453,0,0.150009556717668,0,0,0,0,0,0,0,0,0,0,0.381060819513784,0,0,0,0,0,0,0,0,0,0,0,0.274964687441738,0,0,0,0,0,0,0,0,0,0,0,0,0,0,0,0,0,0,0,0,0,0,0,0,0,0,-0.841233347088733,0,0,0,0,0,0,0,0,1.21404704336749,0.310306011732878,-0.261650533639378,0,0,0,0,0,0,0,0,0,0,0,0,0,0,0,0.899140582752008,0,0,0,0,0,0,0.821278012591347,0.0143426455569298,0,0,0,0,0,0,0,0,0.0940418141061441,0,0,0,0,0,0,0,-0.586778467051363,0,0,0,0,0,0,0,0,0,0,0,0,0,0,0,0,0,0,0,0,0,0,-0.113092413973028,0,0.186543812608857,0,0,0,0,0,0,0,0,0,-1.2266151349563,0,0,0,0,0,0,0,0,0,0,0,0,0,0,0,0,0
0,0,1.21675225861742,0,0,0,0.49186429654016,0.694419766640018,0,0,0,0,0,-0.825718976035468,0,0,0,0,0,0,0,0,0,0,0,0,0,-0.570791287901566,0,0,0,0,0,-1.09094113493891,0,0,0,-0.322531422088503,0,0,0,0,0,0,0,0,0,0,0,0,0,0,-0.418369895773572,0,0,0,0,0,0,0,0.292264776103486,0,0,0.0151797928044937,0,0,0,0,0.786964707403894,0,0,0,0,0,0,0,0,0,0,0.0966263410112826,0,0,0,0,0.560665294726785,0,0,0,0,0,0,0,0,0,0,-2.51476721022452,0,0,0,0,0,-0.453100524812744,-0.157206552536789,0,7.47513432374627,0,0,0,0.522140026294282,0,0,0,0,0,0,0,0,0,0,0,0,0,0.393879481886293,0,0,-0.0097127798110741,0,0,0,1.1719604648529,0.0336540541962571,0,0,0,0,0,0,0,0,0,0,0,0,0,0,0,0,0,0,0,0,0,0.156410630403453,0,-0.339472697465017,0,0,0,0,0,0,0,0,0,0,0,0,0,0,0,0,0,0,0,0,0,0.180640956394341,0,0,0.378182890779029,0,0,-1.25415081799458,0,0,0,0,0,0,0,0,0,0,0,0,0,0.325360880789122,-0.893456999910185,0,0
0,0,0,0,0,0,0,0,0,0,0,0,0,0,0,0,0,0,0,0,0,0,0,0,0,0,0,0,0,0,0,0.450039683511914,0,0,0,0,0,0,0,0,0,0,0,0,0,0,0,0,0,0,0,0,0,-0.231177851461838,0,0.226556499677715,0,0,0,0,0,0,0,0,0,0,0,0,0,0,0,0,0,0,0,0,0,0,0,0,0,0,0,0,0,0,0,0,0,0,0,0,0,0,0,-0.186919042247786,0,0,0,0,0,0,0,0,0,0,0,0,0,0,0,0.0880815802161801,0,0,0,0,0,0,0,0,0,0,0,0,0,0,0,0,0,0,0,0.0052708103070902,0,0,0,0,0,0,0,0,0,0,0,0,0,0,0,0,0,0,0,0,0,0,1.33376847324557,0,0,0,0,0,0,0,0,0,0,0,-0.891879974958921,0,-0.302995851446738,0,-0.0360914119388072,0,0,0,0,0,0,0,0,0,0,0,0,0,0.0499088145984146,0,0,0.577683637695338,0,0,0,0,0,0,0,0,0,0,0,0
0,0,-1.27831401783495,0,0,0,0,-0.0510886651401374,0,0.415292190004769,0,0,0,0,0,0,0,0,0,0,0,0,0,0,0,0,0,0,0,-6.91593374801709,0,0.377175468519921,0,0,0,0,0,0,0,0,0,0,0,0,0,0,0,0,0,0,0,0,0,-0.896774982184084,0,0,0,0,0,0,-0.065147284760676,0,0,1.52770001639571,0,0,-0.528044826638717,0,0,0,0,0,0,0,0,0.426465239426403,0,0,0,0,0,0,0,0,0,0,0,0,0,0,0,0.0254374278273837,0,0,0,0,0,0,0,0,0,0,0,0,0,0,0,0,0.0671325512496495,0,0,0,0,0,0,0,0,0,0,0,0,0,0.445858350655836,0.00402389020435501,0,0,0,0,-0.271982075597118,0,-0.520230887544548,0.618898803612525,0,0,0,-0.23071159217362,0,0,0,0,0,0.426878666842083,0,0,0,0,0,0,0,0,0,0,0,0,2.23790295128524,0,0,0,0,0.582954475455348,0,0,0,0,0,0,0,0.171602899453031,0,0,0,1.38170410201067,0,0,0.10379812085553,0,0,0,0,0,0,0.663472870294586,0,0,0,0,-0.654363401444477,1.22489777589212,0,0,0,0,0,0,-1.14822071128062,0,0.730441937452772,0,0,0
0,0,0,0,0,0,0,0,0,0,0,0,0,0,0,0,0,0,0,0,0,0,0,0,0.474887494129257,0,0,0,0,0,0,0.0519025583859525,0,0.0160674683335802,0,0,0,0,0,0,0,0.359640086999239,0,0,0.243336177489527,1.10495635056332,0,0,0,0,0,0,0,0,0,0,0,0,0,0,0,0,0,0,0,0,0,0,0,0,0,0,0,0,0,0,0,0,0,0.31515184814843,0,0,0,0,0,0,0,0,0,0,0,0,0,0,0,0,0,0,0,0,0,0.543938471956072,0,0,0,0,0,0,0,0,0,0,0,0,0,0.0355820118104972,0,0,0,0,0,-0.425210697916007,0,0,0,0,0,0,0,0,0,0,0,0,0,0,0,0,0,0,0,0,0,0,0,0,0,0,-0.132848650876027,0,0,0,0,0,1.72513159749445,0,0,0,0,0,0,0,0,0,0,0,0,0.627187997241467,0,0,0,0.473903723100701,0,0,0,0,0,0,0,0,0,0,0,0,0,0,0,0,0,0,0,0,0,0,0,0,0,0,0,0
0,0,0,0,0,0,0.0392989020483614,0.401314976608257,0,0,0,0,0,0,0,0,0,0,0,0,0,0,0,0,0,0,0,0,0,0,-0.359876836817765,0.716965776651437,0,0,0,0,0.352401736438125,0,0,0,0,1.47583795629173,0,0,0,0.0107719251049156,0.451522877810259,0,0,0,0,0,-0.0485579903056881,0,0,0,1.61666905427072,-0.247568409750283,0,0,0,0,0.254139877037163,0,0,0,0,0,0,0,0,0,0,0,-0.735548342230349,0,0,0,0,0.365686153434482,0,0,0,0,0,0,0,0,0,0.0183544843455228,0,0,0,0,0,-0.484404876886319,0,0,0,0,0.731786001257802,0.750971045258684,0,0,0,0,0,0,0,0,0,0,0,0,0,0,0,0,0,0,0,0,0,0,0,0,0,0,0,0,0,0.0788214504211657,0,0,0,0,0,0,0,0,0,0,0,0,0,0,0,0,0,0,0,0,0,0,0,0,0,0,0,0,0,0,-0.474182545587158,0,0,0,0,0.109291348199771,0,0,0,0.656054093604274,0,0,0,-0.00107833412221048,0,0,0,0,0,0,0,0,0,0,0,0,0,0,0,0,0,0,-1.16647557511132,0,0,0,0,0
0,0,0,0,0,0,0,0,0,0,0,0,0,0,0,0,0,0,0,0,0,0,0,0,0,0.483398798148603,0,0,0.638635136612729,0,0,0,0,0,0,0,0,0.0749679707179958,0,0,0,0.0246983982730655,0,0.537428918760426,0,-0.331720538453319,0,0,0,0,0,0,0,0,0,0,0,0,0,0,0,0,0,0,0,0,0,0,0,0,0,0,0,0,0,0,0,0,0,0,0,-0.0291455255175073,0,0,0,0,0,-0.528492638353522,0,0,0,0,0.310745241783364,0,0,0,0,-0.190345182055398,0,0,0,1.39245988050111,0,-0.637096862263445,-11.2072693670139,0.873932774410902,0,0,0,0.302776604798039,0,-0.124448726369414,0,0,-0.0246461955811352,0,0,0,0,0,0.759248813350704,0,0.71434431941394,0,0,0.0529000282053746,0,0,0,0,0,0,0,0,0,0,0,0,0,0,0,-0.839761580910876,0,0,0,0,0,0,0,0,0,0,-0.505820619923751,0,0,0,0,0,0,0,0,0,0,0,0,0,0,0,0.000686579666354659,0.200439449313903,0,0.112838143670467,0,0,0,0,0,0.323865464788725,0,0,0,0,-1.40318178627437,0.862039672919577,0,0,0,0,0.130719592457603,0,0,0,0,0,0,0,0,0,0,0
0,0,0,0,0,0,0,0,0,0,0,0,0,0,0,0,0,0,0.019780402314223,0,0,0,0,0,0,0,0,0,0,0,0,0,0,0,0,0,0,0,0,-0.206228437213962,0,1.12702075314164,0,0,0,0,0,0,0,0,0,0,0,0.0569828181419649,0,0,-0.491722247351006,0,0,0,0,0,0,0,0,0,0,0,0,0,0,0,0,0,0,-0.106989425301685,0,0,0,0,0,-0.577283343596965,0,0,0,0,0,0,0,0,0,0.214113307025065,0,0,0,-0.050861220323398,0,0,0,0,0,1.02312450953375,0,0,-17.1588600232515,0,0,0,0,0.124120075159196,0,0,0,0,0,0,0,0,0,0,0,-1.3174610581824,0,0,0,0,0,0,0,0,0,0,0,0,0,0,-0.435049106516063,0,0,0,0,0,0,0,0,0,0,0,0,0,0,0,0,0,0,0,0,0,0,0,0,0,0,0,0,0,0,0,0,0,0,0,0.284614466208911,0,0,0,0,0,0,0,0,0,-0.214179807315547,0,0,0,0,0,0,0,0,0,0,0.0708479147452219,0,0,0,0,0,0
0,0,0,0,0,0,0,-0.191016493110738,0,0,0,0,0,0,0,0,0,0,0,0,0,0,0,0,0,0,0,0,0,0,0,0,0,0,0,0,0,-0.027351381387265,0,0,0,0,0,-0.0159518432202024,0,0,0,0,0,0,0,0,0,0,0,0,-0.164398436517439,0,0,0,0,0,0,0,0,0,0,0,0,0,0,0,0,0,0,0,0,0,0,0,-0.505514641493807,-0.0600091608521347,0,0,0,0,-0.70632627185395,0,0,0,0,0,0,0,0,0,0,0,0,0,0,0.211745318559202,0,0,-13.0699681914748,0.866533462189432,0,0,0,0,0,0,0,0,0,0,0,0,0,0,0,-0.586293384106754,0,0,0,0,0,0,0,0,0,0,0,0,0,0,-0.0486448712586471,0,0,0,0,0,0,0,0,0,0,0,0,0,0,0,0,0,0,0,0,0,0,0,0,0,0.916864646418484,0,0,0,0,0,0,0,0,0,0,-0.116722179249868,0,0,0,0,0,0,0,0,0,0,0,0,0,0,0,0,0,0,0,0,0,0,0,0,0,0
-0.172817410229912,0,0,0,0,0,0,0,0,0,0,0,0,0,0,0,0,0,0,0,0,0,0,0,0,0,0,0,0,0,0,0,0,0,0,0,0,0,0,0,0,0,0,0,0,0,0,0,0,0,0,0,-0.551415681411826,0,0,0,0,0,0,0,0,0,0,0,0,0,0,0,0,0,0,0,0,0,0,0,0,0,0,0,0,0,0,0,0,0,-0.51512450469609,0,0,0,0.15646208162745,0,0,0,0,0,0,0,0,0,0,0,0,0,-11.2797604845892,0,0,0,0,0,0,0,0,0,0,0,0,0,0,0,0,0,0,0,0,0,0,0,0,0,0,0,0,0,0,0,0,0,0,0,0,0,0,0,0,0,0,0,0.0174405649513358,0,0,0,0,0,0,0,0,0,-0.175091244479215,0,0,0,0,0,0,0,0,0,0,0,0,0,0,0,0,0,0,0,0,0,0,0,0,0,0,0,0,0,0,0,0,0,0,0,0,0,0,0,0,0
0,0,-0.166830484256832,0,0,0,0,0,0,0,0.460770863760196,0,0,0,0,0,0,0,0,0,0,0,0,0,0,0,-0.154887731295076,0,0,0,0,0,0,0,0,0,0.230208962913943,0,0,0,0,0.204773801025843,0,0,-0.445428361658209,0,0,0,0,0,0,0,0,0,0,0,-0.771149048787919,0,0,0,0,0,0,0,0,0,0,0,0,0,0,0,0,0,0,0,0,0,0,-0.0457162584028723,0.340940254522822,0,0,0,0,0,0,0,0,0,0,0,0,0,0,0,0,0,0,0,0,0,0,0,-2.50491581600651,0,0,0,0,0,0,0,0,0,0,0,0,0,0,0,0,-0.0452594996237679,0,0,0,0,0,0,0,0,0,0,0,0,-0.268287979358581,0,-0.506061285863913,0,0,0,0,0,0,0,0,0,0,0.209796069211092,0,0,0,0,0,0,0,0,0,0,0,0,0,0,0,0,0,0,0,0.0368999455527537,0,0,0,0,0,-0.233552226702828,0,0,0,0,0,0,0,0,0,0,0,0,0,0,0,0,0.0358731516266264,0,0,0,0,0,0,0,0,0
0,0,0,0,0,0,0,0,0.125404175009591,0,0,0,0,0,0,0,0,0,0,0,0,0,0,0,0,0,0,0,0,0,0,0,0,0,0,0,0,0,0,0,0,0,0,0,0,0,0,0,0,0,0,0,0,0,0,0,0,0,0,0,0,0,0,0,0,0,0,0,0,0,0,0,0,0,0,0,0,0,0,0,1.74578628272591,0,0,0,-0.360267999502175,0,0,0,0,0,0,0.568738234782828,-0.664588600954149,0,0,0,0,0,0,0,0,0,0,0,0,0,0,0,0,0,0,0,0,0,0,0,0,0,0,0,0,0,0,0,0,0,0,0,0,0,0,0,0.0755624854984072,0,0,0,0,0,0,0,0,0,0,0,0,0,0,0,0,0,0,0,0,0,0,0,0,0,0,0,-0.726863543046917,0,0,0,0,0,-1.64788359001476,0,0,0,0,0,0,0,0,0,0,0,0,0,0,0.155063330615689,0,0,0,0,0,0,0,-0.434104181382459,0,0,0,0,0,0,0,0.343272428440391,0,0
0,0,0,0,0,0,0,0,0,-0.479827798623853,0,0,0,0,0,0,0,0,0,0,0,0.121654176196754,0,0.743471522140134,0,1.86292803840306,0,0,0,0,0,0,0,0,0,0,0,0,0,0,0,0,0,0,0,0,0,0,0.375665878645514,0,0,0,0,1.36347204682195,0,0,0,0,0,0,0,0,0,0,0,0.0484486521435288,0.134831253180971,0,0,0,0,0,0,0,0,0,0,0.510268979949922,2.05524091816316,0,0,0,0,0.26485772053658,0,0.744295068176406,0,0,0,0,4.25471199764796,0,0,0,0,0,0,0,-0.187946097675451,-0.109933289619433,0,0,0,0,0,0.160811869605134,0,0,0,-1.04141633291186,0,0,0,0,-1.62699134227394,0,0,1.73342451872076,0,0,0.0461304678332657,0,0,0,0,0,0,0,0,0,0,0,-0.0568848587030539,0,0,0,0.689637172833581,0,0,0,0,0,0,-2.60461749340216,0,0,0,0,0,0,0,1.03687070788505,0,0,-1.15011682606279,-0.75935034461307,0,-0.116740237723142,0,0,0,0,0,0,0,-0.627359426245355,-2.1590958540519,0,0.740428621531548,0,0,0,0,0.166274657291945,0,0,0,0,0,0,1.0169475738291,0,0,0,1.39676748480668,-0.420790342630174,-0.229998911040319,0,0,0.354493127436018,0,0,0,-0.167049950380945,-0.476580266476783,0,0.248328617327708,0,0,0
0,0,0,0,0,0,0,-0.0777935695057737,0,-0.233728693142042,0,0,0,0,0,0,0,0,0,0,0,0.415374654719965,0,0.306093983925023,0,0.730320957287326,0,0,0,0,0,0,0,0,0,0,0,0,0,0,0.0341742275095536,0,0,0.223559808321404,0,0,0,0,0.544568565082064,0,0,0,0,0.729215486125542,0,0,0,0,-0.0178785999200965,0.00206529278053558,0,0,0,0,0,0,0.521307389246573,0,0,-0.361420841482286,0,-0.434665794922429,0,-0.110453426939835,0,0,0,0,0.767444830672364,0,0,0,0,0.913505397114028,0,0,0,0,0,-0.202936341420699,4.08694163546688,0,0.211166532102836,0,0,0,0,0,-0.0664534772536534,0,0,0,0,0.00267074144582469,0,0,0,0,0,-0.941515867674281,0,0,0,0,-0.178726569044745,-0.036091485213082,0,1.19830183913585,0,0,0,0,0,0,0,0,-0.565785029615438,0,0,0,0,0,0,0.113658871719113,0,0,0,0,0,0,0,0,0,0,0,0,0,0.265192358286063,0.137282077738071,0,0,0.754975902043353,0,0,-0.165072316382496,0,0,0,0,0,0,0,0,0,0,0,-2.82010278153928,0,0,0,0,0,0,0.0912644894212757,0,0,0,0,0,0,0.849029735927898,0,0,0,0.752416853921016,-0.50988054716286,-0.0605989427914628,0,0,0.273346711407817,0,0,0,0,-2.97552250581589,0,0.616183790254864,-0.364269819409083,0,0
0,0,-0.0623204823749477,0,0,0,0,0,0,-0.216861295786489,0,0,0,0,0,0,0,0,0,0,0,1.08506302546546,0,0.670339072036463,0,2.32014529023937,0,0,0,0,0,0,0,0,0,-0.226588204781582,0,0,0,0,0,-0.79545746656331,0,0,0,0,0,0,0.69218073953009,0,0,0,0,0.240691005341715,0,0,0,0,-0.0322052182133288,0.419962795962332,0,0.346567226455584,0,0,0,0,0.700713918591146,0,0,0,0,-0.148801776957511,0,0,0,0,0,0.234752781751974,0,0,0.613704837545402,-0.0232629757030089,-0.222184062053262,0.763751786110591,0,0,0,0,0,0,3.93422468183835,0,0,0,0,0,0,0,-0.678426551057045,0,0,0,0,0,0,0,0,0,0,-1.60068525172041,0,0,0,0,0,-0.611401604724137,0,1.13609807526586,0,0,0,0,0,0.170583136192635,0,0,-0.133233627387211,0,0,0,0,0,0,0.409090314387486,0,0,0,0,0,0,0,0,0,0,0,0,0,0,0.0505247660471302,0,0,1.01528704074298,0,0,0,-1.4869023552507,0,0,0,0,0,0,0,0,0,0,-2.72745848275605,0,0,0,0,0,0,0.707610469928959,0,0,0,0,0,0,0.78424985743695,0,0,0.983863391771729,0,0,0,0,0,0.750344792548305,0,0,0.201903801036855,0,-2.51254700988999,0,0.818151878792155,0,0,0
0,0,0,0,0,0.362721057686592,0,0,0.233937713700821,0,0,0,0,0,0,0,0,0,0,0,0,0,0,0,0,0.6682563506644,0,0,0,0,0,0,0,-0.0968766950422375,0,0,0,0,0,0,0,0,0,0,0,0,0.00912456586737331,0,0,0,0,0,0,0,0,0,0,0,0,0,0,0,0,0,0,0,0,0,0,0,0,0,0,0,0,0.0871981436771163,0,1.41249498912126,0,0,0,0,-0.148345556375046,-0.436026435026397,0,0,0.324021463810885,0,0,0,0,0,0,0,0,0,0,0,-0.0519881376408735,0,0,0.182000088920382,0,0.346935217551088,0,0,0,0,0,0,0,0,0,0,0,0,0,0,0,0,0,0,0,0,0,0,0,0,0,0,-0.845273987496896,0,0,0,0,0,0.0798806886010548,0,0,0,0,0,0,0,0,0,0,0,0,0,0,0,0,0,0,0,0,0,0,0,0,0,0,0,0,0,0,0,0,0,0,0,0,0,0,0,0,-0.114148628881617,0,0,0,0,0,0,0,0,0,0,0,0,-0.0717102681237602,0,0,0,0,0,0,0,0,0
0,0,0,0,0,0,0,0,0,0,0,0,0,0,0,0,0,0,0,0,0,0,0,0,0,0,0,0,0,0,0,0,0,0,0,0,0,0,0,-0.336106401227551,0,0,0,0,0,0,0,0,0,0,0,0,0,0,0,0,0,0,0,0.0145661518767581,0,0,0,-0.449351770348923,0,0,0,0,0,0,0,0,0,0,0,0,0,0,0,0,0,0,0,0,0,0,0,0,0,0,0,0,0,0,0,0,0,0,0,0,0,0,0,0,0,0,0,0,0,0,0,0,0,0,0,0,0,0,0,0,0,0,0,0,0,0,0,0,0,0,0,0,-0.225381192716517,0,0,0,0,0,0,0.0526763672694917,0,0,0,0,0,0,9.43500586535861,0,0,0,0,0,0,0,0,6.51272541782137,0,0,0,0,0,0,0,0,0,0,0,0,0,0,0,0,0,0,-0.326733431663791,0,0,0,0,0,0,0,0,0,0,0,0,0,0,0,0,0,0,0,0,0,0,0,0,0
0,0,0,0,0,0,0,0,0,0,0,0,0,0,0,0,0,0,0,0,0,0,0,0,0,0,0,0,0,0,0,0,0,0,0,-0.628888185138704,0,0,0,-0.282502258326732,0,0,0,0,-0.98164232535703,-0.436334828318915,0.336793118960186,0,0,0,0,0,0,0,0,0,0,0,0,0.18603402335983,0,0,0,0,0,0,0,0,0,0.328431449417958,0,0,0,0,0,0,0,0,0,0,0,0.462078431112859,-0.267632876499758,0.341406512642617,0,0,0,0,0,0,0,0,0,0,-0.652762803106121,0,0,0,0,0,-0.191297038553034,0,0,0,0,0,0,0,0,0,0,0.228135809285975,0,0,0,0,0,0,0,0,0,-0.0209241079160838,0,0,0,0,0,0,0,0,0,0,0,0,0,0,-0.621528768103087,-0.176983428223095,0,0,0,0,0,0,0,0,5.17439493260142,0,0,0,0,0,0,0,0.209220629294212,6.52887772297965,0,0,0,0,0,0.280513302058191,-0.237706089878035,0,0,0,0,0,0,0,0,0,0,0,-0.104321048604373,0.205382823444286,0,0,0,0,0,0,0,0,-0.00137121472830959,0,0,0,0,0,0,0,0,-0.22120321960437,0,0,0,0,1.62036056705435,0
0,0,0,0,0,0,0,0,0,0,0.862546886066454,0,0,0,0,0,0,0,0,0,0,0,0,0,0,0,0,0,-0.524982666707852,0,0,0,0,0,0,0,0,0,0,0,0,0,0,0,-0.0691855889440263,0,0,0,0,0,0,0,0,0,0,0,0,0,0,0,0,0,0,0,0,0,0,0,0,0,0,0,0,0,0,0,0,0,0,0,0,0,0,0,0,0,0,0,0,0,0,0,0,0,0,0,0,0,0,-0.00906868394675553,0,0,0,0.0158101190468252,0,0,0,0,0,0,0,0.0787479769743524,0,0,0,0,0,0,0,0,0,-0.17175660367313,0,0,0,0,0,0,0,0,0,0,0,0,0,0,0,0,0,0,0,0,0,0,0,0,0,0,0,0,0,0,0,0,0,0,0,0,0,0,0,0,0,0,0,0,0,0,0,0,0,0,0,0,0,-0.305732543118539,0,-0.267350377163905,0,0,0,0,0,0,0,0,0,0,0,0,0,0,0,0,0,0,0,0,0,0
0,0,0.526096885340343,0,0,0,-0.070860621222762,0.809706135911638,0,0,0,0,0,0,0,0,0,0,0,0,0,0,0,0,0,-0.634963772492354,0,0,0,0,0,0,0,-0.0141538646360204,0,0,0,0,0,0,0,0,0,0,0,0,0,0,0,-1.17403991044769,0,0,0,0,0,0,0,0,0,0,0,0,0,0,0,0,0,0,0,0,0,0,0,0,-0.200885678182863,0,0,0,0,0,0,-0.110339065086606,-0.255673195651312,0,0.208692622186859,0,0,0,0,0.200805739888273,0,0,0,0,0.0875806863105213,0,0,-0.102942490048564,0,0,0,0,0,0,0,0,0,0,0,0,0,0,0,0,-0.760662592472094,0.256580242738629,0,0,0,0,0,0,0,0,0,0,0,0,0,0,0,-0.219422352815,-0.145662101614945,0,0,0,0,0,0,0,0,0,0,0,0,0,0,0,0,-0.147052014651439,0,0,0,0,0,0,0,0,0,0,-0.249459117842576,0,1.29376062494286,0,0,0,0,0,0,0,0,0,0,0,0,0,0,0,0,0,0,0,0,-0.021971120890625,0,0,0,0,0,0,0,0,0,0,0,0,0,0,0,0.941159540303742
0,0.374955867888066,0.13564559780561,0,0,0,0,0,0,1.92584059928535,0.335901705948215,0,0,0,-0.0450528272994937,0,0,0.132889459181334,0,0,0,0,0,0,0,0,0,0,0,0,0,0,0,0,0,0,0,0,0,0,0,0.404160875847591,0,0,0,0,2.33510044105807,0,0,-18.5755053587535,0,0,0,0,0,0,0,0,0,0,0,0,0,0,-0.548793430140602,0,0,0,0,0,0,0,0,0,0,0,0,0,0,0,0,0,0,0,0,0,0,-0.299490553634651,0.597202089089394,-0.0879207389561323,0,-0.186070901027032,0,0,0,0,0,0,-0.281421365174996,0,0,0,0,0,0,0,0,0,0,0,-0.79915685649264,0,0,0,-0.810307667719071,0,0,0,0,0,0,0,0,0.0449316041177368,0,0,0,0,0,-0.301684953092114,0,0,0,0,0,0,0,0,0,0,0,0,0,0,0,0,0,0,0,0,0,0,-0.137666143844115,0,0,0,-0.171530620014749,0,0,0,0,0,0,0,0,-0.0295575311756602,0,0,0,0,0,0,0,0,0,0.241106412714637,0,0,0,0,0,0,0,-0.532918213284733,-0.726251978210943,0,0,0,0,0,0,0,0,0,0,0,0,0,0,0
0,0.275964794116471,0,0,0,0,0,0,0,0.828399316921444,-1.3339338896234,0,0,0,0,0,0,0.282572594003846,0,0,0,0,0,0,0,2.55781958607934,0,0,0,0,0,0,0,0.0282772210603128,0,0,0,0,0,0,0.244029120336454,0,0,0.585175136129219,-0.415996749603831,0.707943409805451,0,0,0,-17.3303019722423,0,0,0,0,0,0,0,0,0,0,0,0,0,0,0,0,0,0,0,0,0,0,0.0340501719107245,0,0,0,0,0,0,0,0,0,0.303565717889185,0,0,0,0,0,0,0,0,-0.49051744294482,-0.0318638196576329,0,0,0,0,0,0,0,0.615128231483492,0,0,0,0,-0.82602845097977,0,0,0,0,-0.493762358713988,0,0,0,-0.310600405245932,0,0,0,0,-0.00431853066706278,0,0,0,0.223005898325322,0,0,-0.0160806272574143,0,0,-0.103232718836629,0,0,0,0,0,0,0,0,0,0.36405288422501,0,0,0,0,0,0,0,0,0,0,0,0,-0.420151980376205,0,0,0,0,0,0,0,0,0,0,0,0,0,0,0,0,0,0,0,0,0,0,0,0,0,0,0,0,0,0,0,0,0,0,0,0,0,0,0,0,0,0,0,0,0,0,0
0,0,0,0,0,0,0,0,0,0.1949505588578,0,0,0,-0.0211989181747259,0,0,0,0,0,0,0,0,0,0,0,0,0,0,-0.903966171573655,0,0,0,0,-0.0938389150209831,0,0,0,0,0,0,0,0,0,-1.29068324722343,0,1.31893157953064,0,0,0,-16.5664428053256,0,0,0,0,0,0,0,-0.849474247629342,0,0,0,0,0,0,0,0,0,0,0,-0.0788351773950227,0,0,0,0,0,0,0,0,0,0,0,0,0,0,0,0,0,0,0,0,0,-0.158446100244878,0,0,0,0.287371005919109,0,0,0,0,0,0,0,0,0,0,0,0,0,0,0,0,0,0,-0.101758910091518,0,0,0,0,-0.518787296186631,0,0,0,0,0,0,0,0,0,0,-0.247395836188429,0,0,0,0,0,-0.0298182019178506,0,0,0,-0.285515916777488,0,0,0,0,0,0,0,0,0,0,0,0,0,0,0,0,0,0,0,0,0,0,0,0,0,0,0,0,0,0,0,0,0,0,0,0,0,0,0,0,0,0,0,-0.215622915541457,0,0.0811439997219241,0,0,0,0,0,0,0,0,0,0,0,0,0
0,0,0,0,0,0,0,0,0,0.381941520442861,-0.431144018686297,0,0,0,0,0,0,0,0,0,0,0,0,0,0,0,0,0,0,0,0,0,0,0,0,0,0,0,0,0,0,0,0,-0.159066182550541,0,0,0,0,0,-14.2512324894834,0,0,0,0,0,0,0,0,0,0,0,0,-0.586324249899993,0,0,0,0,0,0,0,0,0,0,0,0,0,0,0,0,-0.226499069480585,0,0,0,0,0,0,0,0,0,0,0,0,0,0,0,0,0,0,-0.670555595386453,0,0,0,0,0,0,0,0,0,0,0,0,0,0,0,0,0,0,0,0,0,0,0,0,0,0,0,0,0,0,0,0,0,0,0,0,0,0,0,0,0,0,0,0,0,0,0,0,0.212898526344093,0,0,0,0,-0.480158994400108,0,0,0,0,0,0,0,0,0,0,0,0,0,0,-0.242822562734114,-0.248980407634144,0,0,0,0,0,0,0,0,0,0,0,0,0.172317976889208,0,0,0,0,0,0,0,0,0,0,0,0,0,0,0,0,0,0
0,0,0,0,-1.32314555958548,0,0,0,0,0,0,0,0,0,0,0,0,0,0,0,0,0,0,0,0,0,-0.916051245199869,0,0,0,0,0,0,0,0,0,0,0,0,0,0,0,0,0,0,0,0,0,0,0,0,0,0,0,0,0,-0.24430964764105,0,0,0,0,0,0,-0.140560788242406,0,0,0,0,0,0,0,0,0,0,-0.241796690573789,0,0,0,0,0,0,0,0,0,0,0,0,0,0,0,0,0,0,0,0,0,0,0,0,0,0,0,0,0,0,0,-2.05081103392393,0,0,0,0,0,0,0,0,0,0,0,0,0,0,-0.152123522867235,-0.190867357351277,0,0,0,0,0,0,0,0,0,0,0,0,0,0,0,0,0,0,0,0,0,0,0,0,0,0,0,0,0,0,0,0,0,0,0,0,0,0,0,0,0,0,0,0,0,0,0,0,0,0,0,0,0,0,0,0,0,0,0,0,0,0,0,0,-0.11428846373572,0,0,-0.0275694236837312,0,0,0,0,0,0,0,0,0
0,0,0,0,0,0,0,0,0,0,0,0,0,0,0,0,0,0,0,0,0,1.00096303598539,0,0,0,0,0,0,0,0,0,0,0,0,0,0,0,0,0,0,0,0,0,0,0,0,0,0,0,0,0,0,0,0,0,0,0,0,0,0,0,0,0,0,0,0.0422673733316186,0,0,0,0,0,0,0,0,0,0,0,0,0,0,0,0,0,0,0,0,0,-0.0366299867151625,0,0,0,0,6.38050610334462,0,0,0,0,0,0,0,0,0,-0.0229256490028171,0,0,0,0,0,0,0,0,0,0,0,0,0,0,0,0,0,0,0,0,0,0,0,0,0,0,0,0,0,0,0,0,0,0,0,0,0,0,0,0,0,0,0,-5.31908135152832,0,0,0.11399380139353,0,0,0,0,0,1.2793953087855,0,0,0,0,0,0,0,0,0,0,0,0,0,0,0,0,0,0,0,0,0,0,0,0,0,0,0,0,0,0,0,0,0,0,0,0,0,0,0,0,0,0,0,0
0,0,0,0,0,0,0,0,0,0,0,0,0,0,0,0,0,0,0,0,0,0.0451598266994515,0,0,0.0659872498428327,0,0,0,0,0,-0.106343265675964,0,0,0,0,0,0,0.823894682841213,0,0,0,0,0,0,0,0,0,0,0,0,0,0,0,0,0,0,0,0.177906071825652,0,0,0,0,0,0,0,0,0,0,0,0,0,0,0,0,0,0,0,0,0,0,0,0,-0.564688480984491,0,0,0,0,0,0,0,0,0,4.99666637791448,0,0.116154176110367,0,0,0,0,0,0,0,0,0.480883540111653,0,0,0,0,0,0,0,0.123565518765828,0,0,0,0.405296297881052,0,0,0,0,0,0,0,0,0,0,0,0,0,0,0,0,0,0,0,0.120282602021157,0,0,0,0,0,0,0,-0.0203946973585132,0,0,-8.31927813599839,0,0,0,0,0,0,0,0,1.7618259640314,0,0,0,0,0,0,0,0,0,0,0,0,0,0,0,0,0,0,0,0,0,0,0,0,0,0,0,0,0,0,0,0.537417621839411,0,0,0,0,0,0,0,0,0,0,0,0
0,0,0,0,0,0,0,0,0,0,0.262798961379278,0,0,0.600217097737376,0,0,0,0,0,0,0,0,0,0,0,0,0,0,0,0,0,0,0,-0.182690069694777,0,0,0,-2.36418914162689,0,0,0,0.213211838300082,0,0,0,1.41947395227599,0,0,0,0,0,-6.17067181755069,0,0,0,0,0,0,0,0,-0.232467424279671,0,0,0,-0.193181832276537,0,0,0,0,0,0,0,0,0,0,0,0,0,0,0,0,0,0,0,0,0,0,0,0,0,0,0,0,0,0,0,0,0,0,0,0,0,0,0.727519589719824,0,0,0,0.131124161698937,0,0,0,-1.56499615549457,0,0,0,0,1.49414321473836,0,0,1.97319453280878,0,0,0,0,0,-0.317929880541924,0,0,0,-1.06274660623529,0.458842582417462,0.416724765437858,0,0,0,0,0,-0.0694372128360909,0,0,0,0,0,0,0,0,0,0,0,0,0,0,0,0,0,0,0,0,0,0,0,0.671822432336516,-0.971476466291576,-0.295404599720242,0,0,0,0,0,0,0,0,0,0,0,-0.503348229913504,0,0.707877614018885,0,0,0,0,0,-0.529831311002409,0,0,0,0,0,0,0,0,-0.612731052260958,0,0,-1.16001590952293,0,0,0,0.530232486799975
0,0,0,0,0,0.437340924033445,0,0,0,0.847757349685569,0,0,0,0,0,0,0,0,0,0,0,0,0,0,0,0,0,0,0,0,0.39998170086775,0,0,0,0,0,0,0,0,0,0,0,0,0,0,0,0,0,0,0,0,0,0,0,0,0,0,0,0,0,0,0,0,0,0,0,0,0,0,0,0,0,0,0,0,0,0,0,0,0,0,0,0,0,0,0,0,0,0,0,0,0,0,0,0,0,0,0,0,1.3523988724003,0,0,0,0,0,0,-1.07079140488822,0,0,0,0,0.0328358425056836,0,0,0,0,0,0,0,-0.153436777624232,0,0,0,0,0,0,0,0,0,0,0,-0.399451005208143,0,0,0,0,0,0,0,0,0,0,0,0,0,0,0,0,0,0,0,0,0,0.632922347920041,0,0,0,0,0,0,0,0.34570154593257,0,0,0,0,-0.633229483334659,0,0,0,0,0,0,0,0,0,0,0,-0.507593035905965,0,0,0,0,0.185678436947862,0,0,0,0,0,0,0,0,0,0,0,0,0,0,0,0
0,0,0,0,-0.124401781628991,0.0807784520354951,0,0,0,1.36951245872538,0,0,0,0,0,0,0,0,0,0,0,0,0,0,0,0,0,0,0,0,0,0,0,0,0,0,0,-0.572853384799115,0,0,0,0,0,0,0,0,-0.0437807858486581,0,0,0,0,0,0,0,0,0,0,0,0,0,0,0,0,0,0,0,0,0,0,0,0,0,0,0,-1.56744446561666,0,0,0.0233236274087996,0,0,0,0,0,0,0,0,0,0.478032206129579,-0.420799799160069,0.188355890605242,0,0,0,0,0,0,0,0,0,1.83445424267274,0.284254193385877,0,0,0,0,0,0,0,0,0,0,0,0,0,0,-0.242895238267662,0,0,0,-0.300707710555345,-0.0698455734109182,0,0,0,0,-0.105691636791193,0.18114247074373,0,-0.0322116019040528,-0.269874455803633,0,-1.42796126985086,0,0,0,0,0,0,0,0,0,0,0,0,0,0,0,0,0,0,0,0,0,1.27425689134793,0,0,0,0,0,0,0.426225895355757,0.154714201404993,0,0,0,0,0,0,0,0,0,0,0,0,0,0,0,0,-0.619158421620695,0,0,0,0,0,0,0,0,-0.046258634227117,0,0,0,0,0,0.0653033727757355,0,0,0,0.221490103907696,0,0
0,0,-0.709331535073611,0,0,0,0,0,0,0,0,0,0,0,0,0,0,0,0,0,0,0,0,0,0,0,0,0,0,0,0,0,0,0,0,0,0,0,0,0,0,0,0,0.0639281333884203,0,0,0,0,0,0,0,0,0,0,0,0,0,0,0,-0.114818204595061,0,0,0,0,0,0,0,0,0,0,0,0,-0.106134553638665,0,0,-0.357373345740868,0,0,0,0,0,0,0,0,0,0,0,0,0,0,0,0,0,0,0,0,0,0,0,0,0,0,0,0,0,0,0,0,0,0,0,0,0,0,0,0,0,0,0,0,0,0,0,0,0,0,0,0,0,-0.139843303156533,0,-0.727498523832074,0,0,0,0,0,0,0,0,0,0,0,0,0,0,0,0,0,0,0,0,0,0.840517179505706,0,0,0,0,0,0,0,0,0,0,0,0,-0.362203923877708,-0.0482841023674454,0,0,0,0,0,0,0,0,0,0,0,0,0,0,0,0,0.196299268488759,0,0,0,0,0,0,0,0,0,0,0,0,0,0,0
0,0,-2.05590540973809,0,1.2089302669404,0,0,0,0,0,0,-0.601721521160885,0,0.740973811847389,0,0,-1.8978644740777,0.405246719150641,0,0,0,0,0,0,0,0,0,0,1.00737777561846,0,0,0.386008294673713,-0.152884854897563,0,0,0,0.0628423271309615,0,0,-1.09743540573931,0,0,0,0.194595652670884,-2.09786105326529,0,0.339473118499781,0,0,0,0,0,0,0,0,-0.280134019934815,-3.08761383685421,0,-0.0381676987733597,0.486408546037013,0,0,0,0,0,0,0,0,0,0,0,0,0,2.02605035099378,0,0,0,-0.166137545284603,1.23729675370236,-2.44009286399201,-0.980368486706117,0.445393463154327,0,1.83912714616528,0,0,0,0,0.398712964025406,0.0499691172143479,0,-1.87134660593615,0,0,0,0,0,0,0,0,-0.757694408551546,2.77707237946131,0,0,0,1.30381642853363,0,-0.821401497395703,0,0,0,0,-1.0121582246934,0,0,0.703475422640176,0,0,0,0,0,0,-0.49043279583112,0,0,-0.0416171358412287,0,0.445984257716991,0,0,-0.061495528095779,0,0,0,0,0,-0.654422290514281,17.2176602640456,0,0,0,0,0,0,0,0,0,0,0.255027422991903,0,-0.0403668989724841,0,0,-0.16549782200781,0,0,0,0,0,-0.512286642181948,0,0,0,0.363219074595042,0,0,0,0,0,-0.00358263705721251,0.254788026265691,0,0,-0.391288255336961,0,3.07846846415927,0,0,0,0,0,0,0,0.643058218317168,-2.78352990735585,0,0.191136825945082,0,0,1.51370826199426,0,0,0,0,0.246722219174351,0,0,0,0,0
0.0530028779505012,0,0,0,0,0,0,0,0.132775404747916,0,-0.26740834811182,0,0,0,0,0,0,0,0,0,0.653962785225337,0,0,0,0,0,0,0.860034989554576,0,0,0.857181489829222,0,0,-0.428134553805623,0,0,0,0,0,-0.512130665303301,0,0,0,-0.0537165573598015,0,0.278423467442463,0,0,0,0,0,0,0,0,0,0,0,0,0,0,-1.49279138841204,0,0,0,0,0,0,0,0,0,0,0,0,0,0,0.316776447770359,0,0,0.864163955881385,0,0.972261588310834,0.0923392591691874,0.134067461827133,0,0,0,-2.51134928598243,0,0,0,0,0,0,0,0,0,0.717241116867334,0,0,0,0,0.292495225271999,-0.074055804922819,0,0,0.714012630406216,0,0,0,0,0,-1.00882558325362,0,0,0,-0.160301262719053,0,0,0,0,0,0,0,0,0,0,0,-0.471282644252358,0,0,0,0,0,0,0,0,0,0,0,0,0.0349856556366475,0,0,0,0,0,0,-0.331512187386527,0,0,0,0,0,0,0,0,0,0,0,-0.508404172196333,0,0,-0.119150648436174,0,0,0,0,0,0,0,-0.215363327077026,0,0,0,0,0,0,0,0,0.095511378822337,0,0,0,0,0,0,0,0.0318526099085434,0,0,0,0,-3.82377584288648,0,0,-1.20370259775498,0,1.08429797281166,0,0
0,-0.134734360438738,0,0,0,0,0,0,0,0.152346171426218,0,0,0,0,0,0,0,0,0,0,0,0,0,0,0,0,-0.395194402830952,0,0,0,0,0,0,0,0,0,0,0,0,0,0,0,0,0,0,0,0,0,0,0,0,0,0,0,0,0,0,0,0,0,0,0,0,0,0,0,0,0,0,0,0,2.80813855700806,0,0,0,0,0,0.0346629160696112,0,0,0,0,1.88328377557122,0,-0.0211630866894852,-0.713965851241442,0,0,0,0,0,0.157811462961367,0,0,0,0,0,0,0,0,0,0,0,0,0,0,0,0,0,0,0,0,0,0,0,0,0,0.120430126537456,0,0,0,0,0,0,0,0.277841083498114,0,0.463150425830242,0,0,0,0,0,0,0,0,0,0,0,0,-0.43476591045262,0,0,0.127824306704293,0,0,0,0,0,-0.505860626745713,0,0,0,0,0,0,0,0,0,0,0,0,0,0,0,0,-2.055775870333,0,-1.40375526728426,0,0,0,0,0,0,0,0,0,0,0,0,0,0,0,0,0,0,0,0,-0.0480525721861884,0,0,0,0,0,0,0,0,0,0
0,-0.404781239051263,0,0,0,0.974828667772593,0.00343501169127158,0.126296447106077,0,0,0,0,0,0,0,0,0,0,0.499507485638225,0,0,-0.422823740375641,-0.00121503372347465,0.74717397512564,0.451863900807062,0.166685032661483,-0.785743115693516,0,0,0,0,-0.221137648019667,0,0,0,0,0,-0.426510608569961,0,0,0,0,-0.188044535364836,0,0,0,0,0.548877561975404,0,0,0,0,0.42844665645234,0.59432230876556,0,0,0,0,0.298218353868837,0,-0.00120869175184013,0,0,0,0,0.138829119993073,-0.437080551100236,0,0,0,0,0,0,0,0,0,0,0,-1.48959804640133,-0.339003061078956,0.196400724929213,0,1.14108447867736,0.917973601916803,-0.283547651700881,0,0,0,0,0,-1.47774939551106,0,0,-0.580102525278227,0,0,0,0,0,0,0,0,5.3225873131869,0,0.335222277102979,0,0,2.95109872229308,0,0,0,0.471499321545785,0,0.440221234903403,0,0,0,0,-0.386505298242372,0,0,0,0,0,0,1.06380907635246,0,0,0,-1.76981198181055,0,-1.9109710026682,0,0,0,0,0,0.402973465117333,0,2.58053400258085,0.811358346786631,0,0,0,0,0,0,0,-0.819685595435003,0,0,0,-0.409996494942718,0,0,0,0,0,0,0,0,0,0,0,0,0,0,0,-1.2538170821109,0,0,-0.765867595126045,0.918847019270242,0,0,0,-0.287394409247091,0,0,0,0,0,0,0,-1.11182406810458,0,0,0,0,-5.21789877523971,0,0,0,0,0,-1.28776021726916,0.0210995127937581,-0.495405556317106,0,0
0,0,0,0,0,0.910925854360397,0,0,0,0,0,0,0,0,-0.00825075870849101,0,0,0,0,0,0,0,0,0,0,0.007263103755075,0,0,0,0,0,0,0,0,0,0,0,0,0,0,0,8.42698540788024,0,0,0,0,0,0.173041235847252,0,0,0,0,5.70028553815738,0,0,0,0,0,0,0,0,0,0,0,0,0.0637047587918023,0,0,0,0,-0.0926688315429913,0,0,0,0,0,0,-0.0172004268405466,0,-0.116946566203969,0,0,0.736234915338814,0,0,0,0,0,0,0,-0.0394735544610993,0,0,0,0,0,0,0,0,0,-0.0285871433313007,0,3.47455595739471,0,0,-0.883406642331629,0,0,0,0,0,0,0,0,-1.29102427783044,0,0,0,0,0,0,0,0,0,0,0.542469269655397,0,0,-0.562930159905051,-0.325341075223783,0,-1.31303352320189,0,0,0,0,0.698016759562573,0,0,2.16059786213089,0,0,0,0,0,0,0,0,0,0,-1.53619611790965,0,0,-0.170761049026613,0,1.37844090635941,0,0,0,0,0,0,0,0,0,0,0,0,0,0,0,-0.252223793497093,0.422560117614416,0,0,0,-0.362044676567584,0,0,0,0,0,0,0,-0.638176323126141,0,0,0,0,-2.96130790070606,0,0,0,0,0,0,0,0,-0.435123860324955,0
0,0,0,0,0,0,0,0,0,0,0,0,0,0.0439876636796663,-0.0140355478275012,0,0,0,0,0,0,0,0,0,0.466384243420288,1.00640685181598,0,0,0,0,0,0,0,0,0,0,0,0,0,0,0,5.07918652065645,-0.380470414477716,0,0,0,0,0,0,-0.244365068554461,0,-0.379676211060844,1.34449760517033,0,0,0,0,0.561436887177688,0,0,0,-0.16395323744007,0,0,0,0,0,0,0,0,0,0,0,0,0,0,0,0,0,0,0,0,0,-1.0780861372043,0,0,0,0,0,0,0,0,0,0,0,0,0,0,-1.10725586756392,0.525842241904644,-0.641719409074925,0,0,0,0,0,0,0,0,0,0,0,0,0,0,0,0,0,0,-0.105334993517691,0,0,0.26616393015093,0,0,0,0,0,0,0,-0.130080714980496,-0.120165656747896,0,0,0,0,0.449357333676669,0,0,0.0379731625412409,0,0,0,0,0,4.50346099531771,0,0,0,0,0,0,0,0,0,0,0,0,0,0,-0.0786359818303992,0,0,0,0,0,0,0,0,0,-0.533915849541397,0,0,0,0,0,0,0,0,0,0,0,0,0,0,0,0,0,0,0,0.551914598661339,0,0,0,0,0,0,0,0,0
0,0,-0.00788894967863651,0,0,0,0,0,0,0,0,0,0,0.678902342969577,0,0,0,0,0,0,0,0,0,0,0,0,0,0,0,0,0,0,0,0,0,0,0,0,0,0,0,1.73487641535369,0,0,0,0,0,0,0,0,0,0,0,0,0,0,0,0,0,0,0,0,0,0,0,0,0,0,0,0,0,0,0,0,0,0,0,0,0,0,0,0,0,0,0,0,0,-0.996549556474527,0,0,0,0,0,0,0,0,0,0,0,0,0,0,0,0,0,0,0,0,0,0,0,0,0,0,-0.31768352337291,0,0,0,0,0,0,0,0,0,0,0,0,0,0,0.0228833749739461,0,0,0,0,0,0,0,0,0,0,0,0,0,0,0,0,0,0,0,0,0,0,0,0,0,0,0,0,0,0,0,0,0,0,0,0,0,0,0,0,0,0,0,0,0,0,0,0,0,0,0,0,0,-0.0786154116632969,0,0,0,0,0,0,0,0,0,0,0,0,0,0.0736462828298976,0,0
0,0,0.373868921106311,0,0,0,0.327823992289938,0,0,0,0,0,0,0,0,0,0.834239145044018,0,0,0,0,0,0,0,0,0,0,0,0,0,0,0,0,0.147758287811428,0,0,0,0,0,0,0,0,0,0,0,0,0,0,0,0,0,0,0,0,0,0,0,0,0,0,0,0,0,0,0,0,0,0,0,0,0,0,0,0,0,0,0,0,0,0,0,0,0,0,-0.118065122417241,0.388387152875478,0,0,0,0,0,0,0,0,-0.3237545634406,0,0,0,0,0.586452951319291,0,0,0,0,0,0,0,0,0,0,0,0,0,0,0,0,0,-0.0176926322010487,0,0,0,0,0,0,0,0,0,0,0,0,0,0,0,0,0,0,0,0,0,0,0,0,0,0.0732302855861997,0,0,0,0,0.207664738403099,0,0,0,0,0,0,0,0,0,0,0,0,0,0,-0.503132423519027,0,0,0,0,0,0,0,0,0,0,0,0,0,0,0,0,0,-0.551463847467272,0,0,0,0,0,0,0,0,0,0,0,0,0,0,0,0,0,0
0,0,0,0,0,0,0,0,0,0,0,0,0,0,0,0,0,0,0,0,0,0,0,0,-0.376566391861021,0,0,0,0,0,0,0,-0.251119336839984,0,0,0,0,0,0,0,0,0,0,0.170679037381599,0,0,0,0,0,0,0,0,0,-0.0751096896421077,0,0,0,-0.130573172079764,0,0,0,0,0,-1.78100898259724,0,0.268506400008904,0,0,0,0,0,0,0,0,0,0,0,0,0,0,0,0,0,0,0,0,0,0,0.0191294639967532,0,0,0.174029937350362,0,0,0,0,0,0,0,0,0,0,0,-0.239272050499592,0,0,0,0,0,0,0,0,0,0,0,0,0,0,0,-0.707277815364638,0,0,0,0,0,0,0,0,0,0,0,0,-0.618616491750682,0,0,0,0,0,0,0,0,0,0,0.639075293306849,0,0,0,0,0,0,0,0,0,0,0.0508282118313947,0,0,0,0,0,0,0,0,0,0,0,0,0,0,0,0,0,0,0,0,0,0,0,0,0,0,0,0,-0.235071187983094,0,0,0,-0.614607377746619,0,0,0,0,0,0,0,0,0,0,0,0
0,0,-0.0231093167305545,0,0,0,0,0,0,0,0,0,0,0,0,0,0,0,0,-0.241136911377835,0,0,0,0,0,0,0,0,0,0,0,0,0,0,0,0,0.541845482460485,0,0,0,0,0,0,0,0,0,0,0,0,0,0,0,0,0,0,0,0,0,0,0,0,0,0,0,-0.449663152476657,0,0,0,0,0,0,0,0,0,0,0.66445519290823,0,0.0256372688351139,0,0,0,0,0.364064119163555,0,0,0,0,0,0,0,0,0,0,0,0,0,0,9.04421243822876,0,0,0,-0.515134179755127,0,0,0,0,0,0,0,0,0,0,0,0,0,0,0,0,0,0,0,0,0,0,0,0,0,0,0,-0.0371063475493369,0,0,0,0,0,0,-0.0383292176396268,0,0,0,-0.0898609648003177,0,0,0,0,0,0,0,0.381590504453153,0.55615861634881,0.208464436597051,0,0,0,0,0,0,0,-4.61198862749273,-0.302961253022694,0,0,0,0,0,0,0,0,-0.642132349866257,0,0,0,0,0,0,0,0,0,-0.143549704347133,0,0,0,0,0,0,0,0,0,0,0.410524963557492,0,0,0,0,0,0,0,0,0,-0.245052048543928
0,0,0,0,0,0,0,0,0,0,0.331004828866804,0,0,0,0,0,0,0,0,-0.392609228163395,0,0,0,0,0,0,0,1.78456263582006,0,0,0,0,0,0,0,-0.274560946341615,0,0,0,0,0,0,0,0,0,0,0,0,0,0,0,0,0,0,0,0,0,0,0,0,0,-0.0363079580307255,0,0,0,0,0.104283318832197,-0.366440169185582,0,0,-0.150362190295087,-0.284662020965661,0,0,0,0,0,-0.422552249931327,-1.60211795108085,0,0,0,0,0,-0.417507104442267,0,0,0,-0.313279307198496,2.0242436297319,0,0,-1.13598419337308,0,0,0.578497601428479,0,4.95172753670062,0,0,0,-2.34109378298538,-0.219171006790434,-0.340417731256957,0,-0.720251933928501,-3.31654285871414,-0.0559754169427731,0,0,0,0,0,0,0.515266026399378,0,0,0,0,0,0,0,0,0,0,0.809420884975546,-1.17659777790548,0,0,0,-0.166900026082444,0,0,0,0,0,0,0,0,0,0,0,0,-0.477950313732062,0,0,0,0,0.297127565249571,0,0,0,0,0,0,0.0566874531643125,0,0,-1.62236117146815,-0.167623265170921,0,0,0,0,0,0,0,0,-1.59260931822903,-0.100347214006548,0,0,0,0,0,0,0.0437774025042508,0.0446385104476572,0,0,0,0,0,0,0,0,0.392541379687668,-0.260328998807976,0,0.335260111033026,-0.332395814159183,0,0,0,-0.961481029024524,-2.91619090728544,0,0,0,0
0,0,0,0,0,0,0,-0.226525433910374,0,0,0,0,0,0.0865411024703648,0,0,-0.80179688957989,0,0,0,0,0,0,0,0,0,0,1.45469933409124,0,0,0,0,0,0,0,0,-0.0852536006137621,0,0,0.103923223983176,-0.00594800347293667,0,0,0,-0.470342423719221,0,0,0,0,0,0,0,0,0,0,0,0,0,0,0,0,0,0,-0.211726569173302,0,0,0,0,0,0,0,0,0,0,0,0,0,-0.848577039289479,0,0,0,0,0,0,-1.16027698658209,-1.90962466823969,0,0,-0.176567945737346,0.261816309664517,-0.825029303022781,1.29270942004328,0,0,0,0,0,3.10108451979686,0,0,0,-2.40602957182265,0,0,0,0,-0.603683654186765,0,0,0,0,0,0,0,-1.79661727438842,-0.320867740408447,0,0,0,1.26750285609244,0,0,0,0,0,0,-0.293516358403978,0,0,0,0,0,0,0,0,-0.0206339064291257,0,0,0,0,0,-1.19546440359159,0,-1.80427873638564,0,0,0,0,0,0,0,0,0,0,-0.369126142248163,0,0,0,-0.714167715767912,0,0,0,0,0,0,0,0,0.0837541534520996,-0.537156224440213,-0.414299844124782,-0.402658301317627,0,0,0,0,0,-0.236142373850331,0,0,0,0,0,0,0,0,0,0.739036402921968,0.13278526880048,0,0,0,0,0,0,0,0,0,0.252789691251429,0,-0.101398654385386
0,0,0,0,0,0,0,0,0,0,0,0,0,0,0,0,0,0,0,0,0,0,0,0,0,0.0159351515975779,0,0,0,0,0,0,0,0,0,-1.0020158495799,-0.843792892943998,-0.870285735759512,0,0,0,0,0,0,0,0,0,0,0,0,0,0,0,0,0,0.188804542634564,0,-0.925510594495615,0,0,0,0,0,0,0,0.0029169710260688,0,0,0,0,0,-0.277295301617667,0,0,0,0.262074859278246,0,0,0,0,0,0,0,0,0.210213576660409,0.48908383479709,0,0,0,0,0,1.79802392481818,0,0,0,0,0,0.171607740292206,0,0,0,-0.24440484750818,0,0,0,-0.508720369900501,0,0,0,0,0,0,0,0,-1.02188411462568,0,0,0.185773555930804,0,0,0,0,0,0,0,0,0.156171031011938,-0.822224531043924,0,0,-0.103474327524034,-0.286400978672685,0,0,0,0.191985041176918,0,-0.109570883032558,0,0,0.278999427821018,0,0,0,0,0,0,0,0,0,0,0,0,-0.548257854430758,0,-0.492731730947843,0,0,0,0,-1.11867245842403,0,0,0,0,0,0,0,0,-0.157486031965302,0,0,0,0,-1.01395478555985,0,0,0,0,0,0,0,0,0,0,-0.0768156211347311,0.144332271704409,0,0,-0.0613765143625671,0.341945595029857,0,0,0,0.0883633211864348,0,0,0,0,0
0,0,0,0,0,0,1.95871410959746,0,0.121187195649427,0,0.00832248893207455,0,0,0,0,0,0,0,0,0,0,0,0,0,0,0,-0.245570252032345,0.555754949398422,0,0,0,0,0,0,0,0,0,0,0,0,0,-0.183765694305864,0,-0.333773631566427,0,0,0,0,0,0,-0.118612016736668,0,0,-0.117020942193864,0,0,0,0,0,0,0,0,0,0,0,0,0,0,0,0,0,0,0,0,0,0,0,0,0,1.86070410963537,0,0.52982977280539,0,0,-0.274564920869562,-0.115921148429398,0,0,0,0,0,1.19576819471668,0.721371348731134,0,0,0,0,0,0,0,0,0,2.26859452813666,0,0,-0.778841696248895,0,0.185240015483779,0,0,0,0,0,0,0.578066352975666,0,0,0,0,0,0,0,0,0,0,0,0,0,0,0,0,0,0,0,0.114605794475472,0,0,0,0,0.0539029125382238,0,0,0,-1.59574604290015,0,0,0,0.324724941502647,0,0,0,0,0,0,0,0,0,0,0,0,0,0,0,0,0,-0.188984623778873,0,0,-0.148367991186734,0,0,0,0,0,0,0,0,0,0.395755903745106,0,0,0,0,0,0,0,0,0,0,0,0,0,0,0,-0.171837358748197,-0.0531647628584702,0,0,0,0
0,0,0.00361968766938969,0,0,0,0.239054377013756,0,0,0,0,0,0,0,0,0,0,0,0,0,0,0,0,0,0,0,0,0,0,0,0,0,0,0,0,0,0,0,0,0,0,0,0,0,0,0,0,0,0,0,0,0,0,0,0,0,0,0,0,0,0,0,0,0,0,0,0,0,0,0,0,0,0,0,0,0,0,0,-0.444389296142543,0,0,0,0,0,0,0,0,0,0,0,0,0,0,0,0,0,0,0,0,0,0,0.246885572708536,0,0,0,0.368170524179582,-0.631800395658035,0,0,0,0,0.193851582631336,0,0,0,0,0,-0.928013743823055,0,0,0,0,0,0,0,0,0,0,0,-0.149770230944712,0,0,0,0,0,0,0,0,0,0,0,0,0,0,0,0,0,0,0,0,0,0,0,0,0,0,0,0,0,0,-0.779829590339589,0,0,-0.142848780434205,0,0,0,0,0,0,0,0,0,0,0,0,0,0,0,0,0,0,0,0,0,0,0,0.635903791057083,0,0,0,0,0,0,0,0,0,0,0,0
0,0,0,0,0,0,0.266345748563991,0,0,0,0,0,0,0,0,0,0,0,0,0,0,0,0,0,0,0,0,0,0,0,0,0,0,0,0,0,0,0,0,0,0,0,0,0,0,0,0,0,0,0,0,0,0,0,0,0,0,0,0,0,0,0,0,0,0,0,0,0,0,0,0,0,0,0,0,0,0,0,-0.505288336091353,0,3.58268876030369,0,0,0,0,-0.0423035334984752,0,0,0,0,0,-0.0660460380008594,0,0,0,0,0,0,0,0,0,0,0,0,0,0,0,0,0,0,0,0,0,0,0,0,0,0,0,0,0,0,0,0,0,0,0,0,0,0,0.150505763478377,0,0,0,0,0,0,0,0,0.0358063378571578,0,0,0,0,0,0,0,0,0,0,0,0,0,0,0.63117355512723,0,0,0,0,0,0,0,0,0,0,0,0,0,0,0,0,0,0,0,0,0,0,0,0,-0.0107867390977028,0,0,0,0,0,0,0,0,0,0,0,0,0,0,-2.02209551094045,0,0,0,0,0
0,0,0,0,0,0,0,0,0,0,0,0,0,0,0,0,0,0,0,0,0,0,0,0,0,0.0591490754062267,0,0,0,0,0,0,0,0,0,0,0,0,0,0,0,0,0,0,0,0,0,0,0,0,0,0,0,0,0,0,0,0,0,0,0,0,0,0,0,-0.859048368244735,0,0,0,0,0,0,0,0,0,0,0,0,2.31898884049546,0,0,0,0,0,0,-0.175168072426273,0,0,0,0,0,0,0,0,0,0,0,0,0,0,0,0,0,0,0,0,0,0,0,0,0,0,0,0,0,0,0,0,0,0,0,-0.551740786901217,0,0,0,0,0,0,0,0,0,0,0,0,0,0,0,0,0,0,0,0,0,0,0,0,0,0,0,0,0,0.144992711922131,0,0,0,0,0,0,0,0,0,0,0,0,0,0,0,0,0,0,0,0,0,0,0,0,0,0,0,0,0,0,0,0,0,0,0,0.0462172560475702,0,0,0,0,0,0,0.0473704302772666,0,0,0,0,0
0,0,0,0,0,0,0,0,0,0,0,0,0,0,0,0,0,0,0,0,0,0,0,0,0,0,0,0,0,0,0,0,0,0,0,0,0,0,0,0,0,0,0,0,0,0,0,0,0,0,0,0,0,0,0,0,0,0,0,0,0,0,0,0,0,0,0,0,0,0,0,0,0,0,0,0,0,0,-1.46829931049519,0,0,0,0,0,0,0,0,0,0,0,0,0,0,0,0,0,0,0,0,0,0,0,0,0,0,0,0,0,0,0,0,0,0,0,0,0,0,0,0,0,0,0,0,0,0,0,0,0,0,0,0,0,0,0,0,0,0,0,0,0,0,0,0,0.134240459221199,0,0,0,0,0,0,0,0,0,0,0,0,0,0,0,0,0,0,0,0,0,0,0,0,0,0,0,0,0,0,0,0,0,0,0,0,0,0,0,0,0,0,0,0,0,0,0,0,0,0,0,0,0,0,0,0
0,0,0,0,0,0,0,0,0,0,0,0,0,0,0,0,0,0,0,0,0,0,0,0,0,0,0,0,0,0,0,0,0,0,0,0,0,0,0,0,0,0,0,0,0,0,0,0,0,0,0,0,0,0,0,0,0,0,0,0,0,0,0,0,0,0,0,0,0,0,0,0,0,0,0,0,0,0,-0.0864226682899893,0,0,0,0,0,0,0,0,0,0,0,0,0,0,0,0,0,0,0,0,0,0,0,0,0,0,0,0,0,0,0,0,0,0,0,0,0,0,-1.02824537459063,0,0,-0.225936098885964,0,0,0,0,0,0,0,0,0,0,0,0,0,0,0,0,0,0,0.188023700860151,0,0,0,0.0109287709503778,0,0,0,0,0,0,0,0,0,0,0,0,0,0,0,0,0,0,0,0,0,0,0,0,-0.086369540431835,0,0,0,0,0,0,0,0,0,0,0,0,0,0,0,0,0,0,0,0,0,0,0,0,0,0,0,0,0,0,0
0,0,0,0,0,0,0,0,1.74414128276562,0,0,0,0,-0.918548681010774,1.49551669296393,1.90575610768867,0,0,0,-0.163029589640738,0,0,0,0,0,0,0,0,-0.613333508089057,0,0,0,0,0,0,-1.46754867612872,0,0,0,-0.900245821122378,0,0,0,0.328588161084362,0,0,0,0,0,0,0,0,24.2584637225953,0,-0.482888069177293,0,0,0,0,0,0,0,0,0,0,0,0,0,0,0.869074142904894,1.04661015907634,0,0,0.392033768000532,0.764442917284674,0,0,0,-0.159021935738793,1.30365116346148,0,0,0,0,-1.21947458145452,0,0,0.263533956438598,0,0,0,0.586449039500523,0,0,0,0,0,0,0,0.490303337811019,0,0,0.0281598290219831,0.886771970613058,0,4.17730767826314,0,-0.881063283978255,-1.06700067867888,0,0,0,0,0,0,0,0,0,0,0.565892850282879,0,0,0,0,0,0,0,0,0,0,0,0,0,0,0,-0.0143763218551929,0,0,0,0,0.185474417661102,0,0,0,0,0,0,0,0,0,0,0,1.17615530814226,-1.63738860216252,0,0,0.359816186058029,0,0,0,0,0,0,0.0733940028148841,0,0,0,1.57847149707113,0,0,0,0,0,0,-0.340949193062856,-1.53027842607257,0.593690733819323,0,0,0,0.232721670001405,0.0816795754050119,0,0,0,0,0.229774600703396,0,0.224997006154022,0,0,0,0,0,0,0,0,0,0,0
0,-0.0883230185683876,0,0,-0.0549521906622281,1.04255689193077,0,0,0,-0.167316508588902,0.694112138728278,0,0,1.08672958352946,-0.543999739615615,-0.0316267862223527,0,0,0,0,0,0,0,0,0,0,0,0,0.150277074758677,0,0.18973656355223,0,0,0,0,0,0,-0.905145506889302,0,0,0,5.75741168355351,0,0,0,0,-0.0453080950311613,-0.663150455793752,0,0,0,0,0,-0.302351571089103,0,0.513151467344918,0,0,0,0,0,-0.130465518803695,-1.03881526856006,0,0.782015405896584,0,0,0,0.183006160916677,0,0,0,0,0,0.0589689203531483,0,0,-0.425994284408863,0,-0.581328354772045,0,0,0,0,0,0,0,0,0.157132049764984,0.00910071211169283,0.247266771558062,0.419034377712247,0.167474133574282,0,0,0.958022412980572,0,0,0.156329227433844,0,0,1.37885335992857,0,-1.45635396716323,0,-2.07227357374983,0,0,0,-0.661026853528365,0,0,0,0,0.21681512614986,0,0,0,0,-0.305513628706835,0,0,0,0,0,0,0,0,0,0,0,0,0,0,0,0,0.0279110871835229,0,0,0,0,0,0,0,0,0,0,0,0,0,0,0,0,0,0,0,0,0.204701609789639,0,0,0,0,0,0,0,0,0,0,0,0,0,0,0,0,0,0,0,0,0,0,0,-0.601098954728109,0,0,0,0,0,0,0,-0.178155620786237,0,0,0,0,0.261016407636167,-0.215356527804704,0,0,0,0
0,0,0,0,0,0,0.213282937222376,0,0,2.08469407928289,0,0,0,-0.151742055321259,0,0,-1.08663157966481,0,0,0,0,0,0,0,0.194027624931786,0,0,-1.96583269435481,0,0,0,0,0,0,0,0,0,0,0,0,0,0,0,0,0.508425441266444,-0.18746984345365,0,0,0,0,0,0,0,0,-0.453338009040938,0,0,0,0,0,0,0,0,0,0,0,0,0,0,0,0,0,0.363622931779831,0,0,0,0,0,0.979672876746102,0,0,0,0.826190493401671,0,-0.574023136230341,-1.70933433816827,0,0,0,0,0,0,0,0,0,0,0,-1.18424885144357,0,0,0,0,0,0,0,0,0,-0.121297319542774,0,-0.528536488551951,0,0,0,0,2.56742841937107,0.800951154472422,0,0,0,0,0,0,0,0,0,0,-0.308642764996052,0,-0.167903986867141,0,-0.714253674209248,0,0,0,0,0,0,0,0,0,0,-0.355835337519451,0,0,0,0,0,1.58843749281201,0,0,-0.673802735007984,0,0,0,0,0,0,0.94302204769913,0,0,0,0.186755678809401,0,0,0,0,0,0,0,1.38854175764937,0,0,0,0,0.173372441165634,0,0,0.9779827673727,0,-0.64423212631687,1.09031813537348,0,0,-0.248065853159063,0,0,0,0,0.163520587360526,0,0,0,0,3.06712819344869,0.848246386973348,0,0.817906231923806,0,-0.172880962030127,0
0,-0.0748151922909785,0.172494091034886,0,0,0,0,0,0.492651557076478,0.605035409227702,0,0,0,0,0,0,0,0.856623788818763,0,0,0,0,0,0,0,0,-0.494148836405568,0,0,0,0,0,0,0,0,0,0,0,0,0,0,0,0,0,0,0,0,0,0,0,0,0,0,0,0,0,0,0,0,0,0,0,0,0,0,0,0,0,0,0,0,0,0,0,0,0,0,0,0.145721700996554,0,0,0,0,0,0,-0.879208840309414,0,0,0,0,0,0,0,0,0,0,0,-0.00818176844053853,0,0,0,0,-0.0853945924147856,0,0,0,0,0,0,0,0,0,0,0,0.176220642671017,0,0,-0.149057720916763,0,0,0,-0.0973857124976671,0,0,0,0,0,0,0,0,0,0,0,0,0,0,0,0,0,0,0,0,0,0,0,0,0,0.54525441202191,0,0,0,0,0,0,0,0,0,0,0,0,0,0,0,0,0,0,0,0,-0.84878472717803,0.546355018492744,0,0,0,0,0,0.291533414123418,0,0.344272260712891,0,0,0,0,0,0,0,0,0,0,0,0,0,0,0,1.57341301575131,0.83945525455723,0,0,0,0,0
0,0,0,0,0,0,0.588344093947567,0,0,0,0,0,0,0,0,0,0,0,0,0,0,0,0,-0.196562491737839,0,0,0,0,0,0,0,0,0,0,0,0,0.516501926355365,0,0,0,0,0,0,0,0,0,0,0,0,0,-2.74712846609961,0,0,0,0,0,0,0,0,0,0,0,0,0,0,0,0,0,0,0,0,0,0.458175868030421,0,-0.318830741984932,0,0,0,0,1.79408816943247,0,0,0,0,0,0,0,-0.0262619157740656,0,0,0,0,0,-0.409697764343873,0,0,0,0,0,0,0,0,0,0,0,0,0,0,-0.174133987224635,0,0,0,0,0,0.002521856413503,0,0,0,0,0,0,0,0,0,0,0,0,0,0,0,0,0,0.435664900880368,0,0,0,0,0,0,0,-1.9030522948004,0,0,0,0,0,0,0.0506152300425602,0,0,0,0,0,0,0,0,0,0,0,0,0,0,0,0,0,0,0,0,0,-2.09323476386946,0,0,0,0,0,0,0.522561420134884,0.660031040210666,0,0,0,0,0,0,0,0,0,0,0,0,0,0,0,0,0,0,-0.621783443823569,0,0,0
0,0,0,0,0.574790540578497,0,0,0,0,0,0,0,-0.0398118386415562,0,0,0,0,0,0,0,0,0,0,0,0,0,0,0,0,0,0,0,0,0,0,0,0,0,0,0,0,0,0,0,0,0,0,0,0,0,0,0,0,0,0,0,0,0,0,0,0,0,0,0,0,0,0,0,0,0,0,0,0,0,0,0,0,0,0.132049617566272,0,0,0,0,0,0,0,0,0,0,0,0,0,0,0,-0.130512697574968,0,0,0,0,0.394319443782747,0,0,0,0,0,0,0,0,0,0,0,0,0,0,0,0,0,-0.345611292096057,0,0,-0.630929645438678,0,0,0,0,0,-0.0892337058950237,0,0.055418816045639,0,0,0,0,0,0,0,0,0,0,-0.508438382969061,0,0,0,0,0,0,0,0,0,0,0,0,0,0,0,0,0,0,0,0,0,-0.0653697968420817,0,0,0,0,0,0,0,0,0,0,0,0,0,0,0,0,0,0,0,0,0,0,0,0,0,1.38355930738538,0,0,0,0,0,0,0,0,0,0,0,0
0,0,0,0,0,0,0,0,0,0,0,0,0,0,0,0,0,0,0,0,0,0,0,0,0,0,0,0,0,0,0,0,0,0.139238229795283,0,0,0,0,0,0,0,0,0,0,0,0,0,0,0,0,0,0,0,0,0,0,0,0,0,0,0,0,0,-0.564602877398743,0,0,0,0,0,0,0,0,0,0,0,0,0,0,0,0,0,0,0,0,0,0,0,0,0,0,0,0,0,0,0,0,0,0,0,0,0,0,0,0,0,0,0,0,0,0,0,0,0,0,0,0,0,-3.67542560780139,0,0,0,0,0,0,0,0,0,0,0,0.0542451643922859,0,0,0,0,0,0,0,0,0,0,0,0,0,0,0,0,0,0,0,0,0,0,0,0,0,0,0,0,0,0,0,0,0,0,0,0,0,0,0,0,0,0,0,0,0,0,0,0,0,0,0,0,0,0,0,0,0,0,0,0,0,0,0,0,0,0,0,0,0,0
0,0,0,0,0,0,0,0,0,0.0459077916756301,0,0,0,0,0,0,0,0,0,-0.159393466428914,0,0,0,0,0,0,0.313626883944661,0,0,0,0,0,0,0,0,0,0,0,0,0,0,0,0.659904786521503,0,0,0.656306551056847,0,0,0,0,0,0,0,0,0,-0.953547322274184,0,0,0,0,0,0,0,0,0,0,0,0,0,0,0,0,0,0,0,0,0,0,0,0,0,0,0,-0.426733386313184,0,0,0,0,0,0,0,-0.351935230015219,0,0,0,0,0,0,0,0,0,0,0,0,0,0,0,0,0,0,0,0,0,0,0,0,0,-0.47777780151439,0,0,0,0,0,0,0,0.0757395832982184,0,-0.0723231926738972,0,-0.404885011211294,0,0,0,0,0,0,0,0,0,0,0.274576681624176,0,0,0,0,0,0,0,0,0,0,0,0,0,0,0,0,0,0,0,0,0,0,0,0,0,0,0,0,0,0,0,0,0,0,0,0,0,0,0,0,0,0,0.170751163558122,0,0.02653101448383,0,-0.486521652682106,0,0,0,0,0,0,0,0,0,0,0,0
0,0,0,0,0,0,0,0,0,0,0,0,0,0,0,0,0,0,0,0,0,0,0,0,0,0,0,0,0,0,0,0,0,0.771120144561467,0,0,0,0,0,0,0,0,0.517902433312468,0,0,0,0,0,0,0,0,0,0,0,0,-0.582801468027876,0,-0.0939161248107634,0,0,0,0,0,0,0,-1.35243780116323,0,0,0,0,0,0,0,0,0,0,0,0,0.310267211803474,0,0,0,0,0,0,0,0,0,0,0,0,0,0,0,0,0,0,0,0,0,0,0,0,0,0,0,0,0,0,0,0,0,0,0.902541799801089,0,-0.200532381102276,0,0,0,0,0.671598975362359,0,0,0,0,0,0,0,0,-0.222225456927897,0,-0.516977182580206,0,0,0,0,0,0,0,0,0,0,0,0,0,0,0,0,0,0,0.642715737728263,0,0,0,0,0,0,0,0,0,-1.07440647319814,0,0,0,0,0,0,0,0,-0.0841145180503204,0,0,0,0,0,0,0,0,0,0,0,0,0,0,0,0,0,0,0,0,0,0,0,0,0,0,0,0,0,0
0,0,0,0,0,0,0,0,0,0,0,0,0,0,0,0,0,0,0,0,0,0,0,0,0,0,0,0,0,0,0,0,0,0,0,0,0,0,0,0,0,0,0,0,0,0,0,0,0,0,0,0,0,0,0,-0.0506137308159669,0,-0.116847880560237,0,0,0,0,0,0,0,0,0,0,0,0,0,0,0,0,0,0,0,0,0,0,0,0,0,0,0,0,0,0,0,0,0,0,0,0,0,0,0,0,0,0,0,0,0,0,0,0,0,0,0,0,0,-0.0565023483310878,0,0,0,0,0,0,0,0,0,0,0,0,0,0,0,0,0,0,0,0,0,0,0,0,0,0,0,0,0,0,0,0,0,0,0,0,0,-0.0682545078202403,0,0,0,0,0,0,0,0,0,0,0,0,0,0,0,0,0,0,0,0,0,0,0,0,0,0,0,0,0,0,0,-0.0280480346338758,0,0,0,0,0,0,0,0,0,0,0,0,0,0,0,0,0,0
0,0,0,0,0,0,0,0,0,0,0,0,0,0,0,0,0,0,0,-0.0632909195433711,0,0,0,0,0,0,0.931829031869961,0,0,0,0,0,0,0,0,0,0,0,0,0,0,0,0,0,0,0,0,0,0,0,0,0,0,0,0,-0.498569642838217,0,0,0,0,0,0,0,0,0,0,0,0,0,0,0,0,0,0,0,0,0,0,0.0526739253861956,0,0,0,0,0,0,-0.600096112775877,0,0,0,0,0,0,0,0,0,0,0,0,0,0,0,0,0,0,0,0,0,0,0,0,0,-0.307776254406591,0,0,0,0,0,0,0,0,0,0,0,0,0,0,0,0,0,0,0,0,0,0,0,0,0,0,0,0,0,0,0,0,0,0,0,0,0,0,0,0,0,0,0,0,0,0,0,0,0,0,0,0,0,0,0,0,-0.264269185996793,0,0,0,0,0,0,0,0,0,0,0,0,0,0,0,0,0,0,0,0,0,0,0,0,0,0,0,0,0.454539736786278,0,0
0,0,0,0,0,0,0,0,0,0,0,0,0.824512999410153,0,0,0,0,0,0,0,0,0,0,0,0,0,0,0,0,0,0,0,0,0,0,0,0,-0.239488504624777,0,0,0,0,0,0,0,0,0,0,0,0,0,0,0,0,0,0,0,0,0,0,0,0,0,0,1.17578417244855,-2.13070580755895,0,0,0,0,0,0,0,0,0,-1.43828389528402,0,0,0,-0.299492030552343,-0.487958066266555,0,-0.13894615516777,0,-0.0640099345124749,0,0,0,0,0,0,0,0,0,0,0,0,0,0,-0.194443114266374,0,0,0,0,0,0,0,0,0,0,0,0,0,-0.357440091897406,0,0,0,0,0,0,0,-0.563002458603657,0,0,0,-0.153314959133005,-0.460732569177889,-0.199195062809618,0,0,0,0,0,0,0,0,0,0,0,0.479667052661262,0,0,0,0,0,0,0,0,0.184399248393883,0,0,0,0,0,0,0,0,0,0,-0.157089030797078,-0.760471164176741,0,0,0,0,0,0,0,0,0,0,0,0,0,0,0,0.188179487535815,0,0,0,0,0,0,0,0,0,0,0,0,0,0,0,0.227907302320922,0,0,0,0,0.0169673883417154,0,0
0,-1.51608976806846,0,0,0,0,0,0,0,0,0,0,0,0,0,0,0,0,0,0,0.714476844714395,0,0,0,-0.571621665093448,0,0,-2.80963578921522,0.366069016165556,0,0,0,0,0,0,0,0,0,0,0,0,0,0,0,0,0,0,0,0,0,0,-1.26129411934973,0,0,0,0,0,0.52666786408998,0,0,0,-1.22995165969125,0,0,-6.80057437986272,0,0,0,-1.05737106559914,-0.215224121566814,0,0,0,0,0,0,0.148797364026295,0.339952295941667,0,0,0,0,1.73336399874665,0,-1.17840359570432,0,0,0,1.7045854475891,0,0,0,0,0,0,0,0.31147452786421,0.540223745819217,-0.106389145109085,0,-1.31797256897629,0,0,0,0,-1.1856834209159,0,0,-1.53401304226083,0,0,-0.101895962667637,0,0,0,-0.326296891435562,0,0,0,-0.644733879555671,0,0,0,0,0,0,0.149869006023108,4.94858375146931,0,0,0,-0.275410101137666,0,0,-0.0067357741391938,0,0,-0.334294411884139,0,-0.0333063344617974,0,0,0,0,0,0,0,0,0,0.63072539228932,0,0,0,0,0,0,0,0,0,0,-0.192317627659895,0,0,0.0904259112676349,0,0,0,0,0,0,0,0,0,0,0,0,0,0,0,0,0,-0.764970213663237,0,0,0,0,0,0,0,0.312199490978724,0,0,-1.01657094663572,0,0,0,0,2.32582308438056,0,0
0,0,0,0,0,0,0,0,0,0,0,0,0,0,0,0,0,0,0,0,1.04552459748142,0,0,0,0,-0.157254818307024,0,0,0,0,0,0,0,0.0277733718529971,0,0,-0.133905220021785,0,0,0,0,0,0,0,0,-0.645824751686708,0,0,0,0,0,0,0.0950236983609165,0,0,0,-0.480762966672074,0,0,-0.000744746566749166,0,0,0,-0.300253077212873,0,0,0,0,0,0,0,0,0,0,0,0,0,0,0,0.851512685779162,0,0,-0.379626894696877,0,-0.191158291629939,0,0,0,0,0,0,0.563065602688492,0,0,0,0,0,0,0,0,0,0,0,0,0,-1.33566935226172,0,0,0,0,0,0,0,0,0,0,0,0,0,0,0,-0.0776237685661456,0,0,0,0,0,0,0,0,0,0,0,0,0,0,0,6.21941421649798,0,0,0.0444937081207524,0,-0.192605776129573,0,0,0,0,0,0,0,0,0,0,0,0,0,0,0,0,0,0,0,0,0,0,0,0,0,0,0,0,0,0,0,0,0,0,0.936207431608163,0,0,0,0,0,0,0,0,0,0,0,-0.560528292905413,0.0299479910378797,0,0,0,-0.236856382598397,0,-0.180128610629932,0.44333760623568,0,-0.158951829386261
0,0,0,0,0,0,0,0,0,-0.287923746669322,0,0,0,0,0,0,0,0,0,0,0,0,0,0,0,0,0,0,0,0,0,0,0,-0.00789216166137607,0,0,0,0,0,0,0,0,0,0,0,0,0,0,0,0,0,0,0,-0.0458008721451166,0,0,0,0,0,0,0,0,0,0,0,0,0,0,0,0,0,0,0,0,0,0,0,0,0,0,0,0,0,0,0,0,0,0,0,0,0,0,0,0,0,0,0,0,0,0,0,0,0,-0.0361269995250062,0,0,0,0,0,0,0,0,0,0,0,0,0,0,0,0,0,0,0,0,0,0,0,0,0,0,0,0,0,0,0,0,0,0,0,0,0,0,0,0,0,0,0,0,0,0,0,0,0,0,0,0,0,0,0,0,0,0,0,0,0,0,0,0,0,0,0,0,0,0,0,0,0,0,0,0,0,0,0,0,-0.860732796953067,0,0,0,0,-0.337216338603687,-0.0718368872432011,0,0,0,0,0,0,0,0,0
0,0,0,0,0,0,0,0,0,0,0,0,0,0,0,0,0,0,0,0,0,0,0,0,0,0,0,0,0,0,0,0,0,0,0,0,0,0,0,0,0,0,0,0,0,0,0,0,0,0,0,0,0,0,0,0,0,0,0,0,0,0,0,0,0,0,0,0,0,0,0,0,0,0,0,0,0,0,0,0,0,0,0,0,0,0,0,-0.261613308267306,0,0,0,0,0,0,0,0,0,0,0,0,0,0,0,0,0,0,0,0,0,0,0,0,0,0,0,0,0,0,0,0,0,0,0,0,0,0,0,0,0,0,0,0,0,0,0,0,0,0,0,0,0,0,0,0.539950448529005,0,0,0,0,0,0,0,0,0,0,0,0,0,0,0,0,0,0,0,0,0,0,0,0,0,0,0,0,0,0,0,0,0,0,0,0,0,0,0,0,0,0,0,0,0,0,0,0,0,0,0,0,0,0,0,0
0,0,0,0,0,0,0,0,0,-0.29144164829334,0,0,0,0,0,0,0,0,0,0,0,0,0,0,0,0,0,0,0,0,0,0,0,0,0,0,0,0,0,0,0,0,0,0,0,-0.546038657007622,0,-0.327752227311258,0,0,0,0,0,-0.139529199439004,0,0,0,0,0,0,0,0,0,0,-0.00918164536802002,-0.255496226613099,0,0,0,0,0,0,0,0,0,0,0,0,0,0,0,0,0,-0.375382391866385,0,0,0,0,0,0,0,0.151909647868288,0,0,0,0,0,0,0,0,0,0,0,0,0,0,0,0,0,0,0,0,0,0.401261782228787,0,0,0,0,0,0,0,0,0,0,0,0,0,0,0,0,0,0,0,0,0,0,0,0,0,0,0,-0.0886072311266977,0,0,0,0,0,0.538160967056379,0,0,0.156722310407589,0,0,0,0,0,0,0,0,0,0,0,0,0,0,0,0,0,0,0,0,0,0,0,0,0,0,0.27265619821053,0,0,0,0,0,0,0,0,0,0,0,-0.508053631840761,0,0,0,0,0,0,0,0,0,0
0,0,0,0,0,0,0,0,0,-0.157117866378363,0,0,0,0,0,0,0,0,0,0,0,0,0,0,0,0,0,0.0737072418699367,0,0,0,0,0,0,0,0,0,0,0,0,0,0,0,0,0,0,0,-0.167015983941922,0,0,0,0,0,-0.512740017066986,0,0,-0.0557841966324935,0,0,0,0,0,0,0,0,0,0,0,0,0,0,0,0,0,0,0,0,0,0,0,0,0,0,0,0,0,0,0,0,0,0,0.374005986770485,0,0,0,0,0,0,0,0,0,0,0,0,0,0,0,0,0,0,0,0,0,0.0691274091863949,0,0,0,0,0,0,0,0,0,0,0,0,0,0,0,-0.0144400168700898,0,0,0,0,0,0,0,0,0,0,0,0,0,0,0,0,0,1.02391738080539,0,0,0,0,0,0,0,0,0,0,0,0,0,0,0,0.215084572420653,0,0,0,0,0,0,0,0,0,0,0,-0.165407079122571,0,0,0,0,0,-0.343094476682468,0,0,0,0,0,0,0,-0.450315454591241,0,0,0,0,0,0,0,0,0,0
0,0,0,0,0,0,0,0,0,0,0,0,0,0,0,0,0,0,0,0,0,0,0,0,0,0,2.41767610292243,-0.215552578661315,0,0,0,0,0,0,0,0,0,0,0,0,0,0,0,0,0,0,0,0,0,0,0,0,0,0,0,0,0,0.104012388491846,0,0,0,0,0,0,0,0,-0.0784973318590996,0,0,0,0,0,0,0,0,0,0,-0.141063008107927,0,0,0,0,0,0,0,0,-0.94293203980816,0,0,0,0,0,0,0,0,0,0,0,0,0,0,0,0,0,0,0,0,0,0,0,0,0,0,0,0,0,0,-0.845197928936369,0,0,0,0,0,0,0,0,0,0,0,0,0,0,0,0,0,0,0,0,0,0,0,0,0,0,0,0,0,0,0,0,0.60384801314722,0,0,0,0,0,0,0,0,0,0.918058091662234,0,0,0.182575347459438,0,0,0,0.325833384640364,0,0,0,0,0,0,0,0,0,0,0,0,0,0,0,0,0,0,0,0,0,0,0,0,0,0,0,0,0,0,0,0
0,0,0,0,0,0,0,0,0,-1.049316462986,0,0,0,0,0,0,0,0,0,0,0,0,0,0,0,0,0.485062025083349,0,0,0,0,0,0,0,0,0,0,0.271371326783192,0,0,0,0,0,0,0.21844653901298,0,0,0,0,0,0,0,0,0,0,0,0,0,0,0,0,-0.455558706225238,0,0,0,0,0,0,0,0,0,0,0,0,0,0,0,0,1.6460303017543,0,0,0,0,0,0,0,0,0,0,0,0,0,0,0,0.325483502780034,0,0,0,0,0,0,0,0,0,0,0,0,0,0,0,0,0,0,0,0,0,0,0,0,0,0,0,0,0,0,0,0,0,0,0,0,0,0,0,0,0,0,0,0,0,0,0,0,0,0,0,0,0,0,0,0,0,0,0,0,0,0,0,0,0,0,0,0,0,0,0,0,0,0,0,0,0,0,0,0,0,0,0,0,0,0,0,0,0,-0.162550301662009,0,0,0,0,0,0,0,0,0,0,-0.149590814993457,0,0,0,0
0,0,0,0,0.408126324576534,0,0,0,0,0,0,0,0,0,0,0,0,0,0,0,0,0,0,0,0,0,0,0,0,0,0,0,0,0,0,0,0,0,0,0,0,0,0,0,0,0,0,0,0,0,0,0,0,0,0,0,0,-0.420496850522088,0,0,0,0,0,0,0,0,0,0,0,0,0,0,0,0,0,0,0,0,0,-0.527089193847907,0,0,0,0,0,0,0,0,0,0,0,0,0,0,0,0,0,0,0,0,0,0,0,0,0,0,0,0,0,0,0,-0.286538465422073,0,-0.015422991900264,0,0,0,0,0,0,0,0,0,0,0,0,0,0,0,0,-0.448479748989305,0,0,0,0,0,0,0,0,0,0,0,0,0,0,0.771801305417007,0,0,0,0,-0.191087722464742,0,0,0,0,0,0,0,0,0,0,0,0,0,0,0,0,0,0,0,0,0,0,0,0,0,0,0,0,0,0,0,0,0,-0.388404483391377,0,0,0,0,0,0,0,0,0,0,0,0,0,0,0
0,0,0,0,0,0,0,0,0,0,0,0,0,0,0,0,0,0,0,0,0,0,0,0,0,0,0.58767725183885,0,0,0,0,0,0,0.175261789778191,0,0,0,0,0,0,0,0,0,0,0,0,0,0,0,0,0,0,0,0,0,0,0,0,0,0,0,0,0,0,0,0,0,0,0,0,0,0,0,0,0,0,0,0,0,0,0,0,0,0,0,0,0,0,0,0,0,0,0,0,0,0,0,0,0,0,0,0,0,0,0,0,0,0,0,0,0,0,0,0,0,0,0,0,0,0,0,0,0,0,0,0,0,0,0,0,0,0,0,0,0,0,0,0,0,0,0,0,0,0,0,0,0,0,0,0,0,0,0,0,0,0,0,0,0,0,0,0.0623129545690704,0,0,0,0,0,0,0,0,0,0,0,0,0,0,0,0,0,0,0,0,0,0,0,0,0,0,0,0,0,0,0,0,0,0,0,0,0,0
0,0,0,0,0,0,0,0,0.38025201871678,0,0,0,0,0,0,0,0,0,0,0,0,0,0,0,0,0,0,0,0,0,0,0,0,0,0,0,0,0,0,0,0,0,0,0,0,-0.478049139506678,0,0,0,0,0,0,0,0,0,0,0,0,0,0,0,0,0,0,0,0,0,0,0,0,0,0,0,0,0,0,0,0,0,0,0,0,0,0,-0.09519673866152,0,0,0,0,0,0,0,0,0,0,0,0,0,0,0,0,0,0,0,0,0,0,0,0,0,0,0,0,0,0,0,0,-0.111066390775348,0,0,0,0,0,0,0,0,0,0,0,0,0,0,-0.577466429105115,0,0,0,0,0,0,0,0,0,0,0,0,0,0,0,0,0,0,0,0,0,0,0,0,0,0,0,0,0,0,0,0,0,0,0,0,0,0,0,0,0,0,0,0,0,0,0,0,0,0,0,0,0,0,0,0,0,0,0,0,0,0,0,0,0.02322298745006,0,0
0,0,0,0,0,0,0,0,0.328930187882848,0,0,0,0,0,0,0,0,0,0,0,0,0,0,0,0,0,0,0,0,0,0,0,0,0,0,0,0,0,0,0,0,0,0,0,-0.108009374483745,0,0,0,0,0,0,0,0,-0.171679700638833,0,0,0,0,0,0,0,0,0,0,0,-0.518892697262109,0,0,0,0,0,0,0,0,0,0,0,0,-1.6674324949406,-0.541114923368513,0,-0.472724129682524,0,0,0,0,0.773961962100827,0,0,0,0,0,0,0,0,0,0,0,0,0,0,0,0,0,0,0,0,0,0,0,0,0,0,0,0,0,0,-1.14376754466912,0,0,0,0,0,0,0,0,0,0,0,0,0,0,-0.284692228733995,0,0,0,0,0,0,0,0,-0.000387477350036525,0,0,0,0,0.546778363672526,0.0998198373783892,0,0,0,0,0,0,0,0,0,0,0,0,0.00255668555446986,0,0,0,0,0,0,0,0,0,0,0,0,0,0,0,0,0,0,0,0,0,0,-0.0541170194968217,-0.339172881912198,0,0,0,0,0,0,0,0,0,0,0,0,0,0,0
0,0,0,0,0,0,0,0,0,0,0,0,0,0,0,0,0,0,0,0,0,0,0,0,0,0,0,0,0,0,0,0,0,0,0,0,0,0,0,0,0,0,0,0,0,0,0,0,0,0,0,0,0,0,0,-0.458967213142296,0,0,0,0,0,0,0,0,0,0,0,0,0,0,0,0,0,0,0,0,0,0,0,0,0,0,0,0,0,0,0,0,0,0,0,0,0,0,0,0,0,0,0,0,0,0,0,0,0,0,0,0,0,0,0,0,0,0,0,0,0,-1.75898957204439,0,0,0,0,0,0,0,0,0,0,0,0,0,0,0,0,0,0,0,0,0,0,0,0,0,0,0,0,0,0,0,0,0,0,0,0,0,0,0,0,0,0,0,0,0,0,0,0,0,0,0,0,0,0,0,0,0,0,0,0,0,0,0,0,0,0.284004116579218,0,0,0,0.456928512783199,0,-0.018786870177355,0,0,0,0,0,0,0,0,0,0
0,0,0,0,0,0,0,0,0,-0.378604851322005,0,0,0,0,0,0,0,0,0,0,0,0,0,0,0,0,0,0,0,0,0,0,0,0,0,0,0,-0.448891366483635,0,0,0,0,0,0,0,0,0.0697333815682131,0,0,0,0,0,0,0,0,0,-0.20357363142199,0,0,0,0,0,0,0,0,0,-0.0826698078741563,0,0,0,0,0,0,0,0,0,0,0,0.49311099007074,0,0,-0.0356871886511583,0,0,0,0,0,-0.249373553037284,0,0,0,0,0,0,0,0,0,0,0,0,0,0,0,0,0,0,0,0,0,0,0,0,0,0,0.219753824902161,0,0,0,0,0,-1.6120796271081,0,0,0,0,0,0,0,0,0,0,0,-0.126107928705068,0,0,0,0,0,0,0,0,0,0,0,0,0,0,0.286240458990804,0,0,0,0,0,0,0,0,0,0,0,0,0,0,0,0,0,0,0,0,-0.0116413932534738,0.182754531070037,0,0,0,0,0,0,0,0,0,0,0,0,0,-0.155647549971077,-0.0802249663400301,0,0,0,0,0,0,0,0,0,0,0.0687265065434941,0,0,0,0
0,0,0,0,0,0,0.00650718209981838,0,0,0,0,0,0,0,0,0,0,0,0,0,0,0,0,0,0,0,0,0,0,0,0,0,0,0,0,0,0,0,0,0,0,0,0,0,0,0,0,0,0,0,0,0,0,0,0,0,0,0,0,0,0,0,0,0,0,0,0,0,0,0,0,0,0,0,0,0,0,0,0,0,0,0,0,0,0,0,0,0,0,0,0,0,0,0,0,0,0,0,0,0,0,0,0,0,0,0,-0.426719211810907,0,0,0,0,0,0,0,0,0,0,0,0,0,0,0,0,0,0,0,0,0,0,0,-0.750370185378756,0,0,0,0,0,0,0,0,0,0,0,0,0,0,0,0,0,0,0,0,0,0,0,0,0,0,0,0,0,0,0,0,0,0,0,0,0,-0.266169238072654,0,0,0,0,0,0,0,0,0,0,0,0,0,0,0,-0.42412655637821,0,0,0,0,0,0,0,0,0,0,0,0,0,0,0
0,0,0,0,0,0,0,0.21898352326156,0,0,0,0,0,0,0,0,0,0,0,0,0,0,0,0,0,0,0,0,0,0,0,0,0,0,0,0,0,0.253818421282552,0,0,0,0,0,0,0,0,0,0,0,0,0,0,0,0,0,0,0,0,0,0,0,0,0,0.342403950168112,0,0.601942071306922,0,0,0,0,0,0,0,0,0,0,0,0,0,0,0,0,0,0,0,0,0,0,0,0.0110065183332537,0,0,0,0,0,0,0,0,0,-0.0858847006232843,0,0,0,0,0,0,0,0,0,0,0,0,0,0,0,0,0,0,0,0,0,0,0,0,0,0,0,0,0,0,0,0,0,0.212264528830138,-0.112694887771548,0.132479290567604,0,0,0,0,0,0,0,0,0,0,0,0,0,0,0,0,0,0,0,0,0,0,0,0,-3.40276854089544,0,0,0,0,0,0,0,0,0,0,0,0,0,0,0,0,0,0,0,0,0,0,0,-0.191118300050204,0,0,0.116524943495625,0,0,0,0,0,0,0,-0.00266887348408917,0,0.157981901163345,0,0
0,0,-0.243083223457336,0,0,0,0,0,0,0,0,0,0,0,0,0,0,0,0,0,0,0,0,0,0,0,1.25570480657674,0,0,0,0,0,0,0,0,0,0,0,0,0,0,0,0,0,0,0,0,0,0,0,0,0,0,-0.0358279494322424,0,0,0,0.0549259048940813,0,0,0,0,0,0,0,0,0,0,0,0,0,0,0,0,0,0,0,0,0,0,0,0,0,0,0,0,0,0,0,0,0,0,0,0,0,0,0,0,0,1.46079074437038,0,0,0,0,0,0,0,0,0,0,0,0,0,0,0,0,0,-0.0782212402521965,-0.20071724171257,0,0,0,0,0,0,0,0,0,0,0,0,0,0.492434341777126,0,0,0,-0.436379915412113,0,0,0,0,0,0,0,0,0,0,0,0,0.12382363867189,0,0,0,0,0,0,0,0,0,0,0,0,0,0,0,0,0.374966874788087,0,0,0,0,0,0,-0.193616712855918,0,0,0,0,0,0,0,0,0,0,0,0,0,0,0,-0.184375956106491,0,0,0,0,0,0,0,0.613704234958748,0,0
0,0,0,0,0,0,0,0,0,0,0,0,0,0,0,0,0,0,0,0,0,0,0,0,0,0,0,0,0,0,0,0,0,0,0,0,2.32679444486453,0,0,0,0,0,0,0,0,0,0,0,0,0,0,0,0,0,0,0,0,0,0.0959320269215842,0,0,0,0,0,0,0,0,0,0,0,0,0,0,0,0,0,0,0,0,0,0,0,0,-1.01978955944688,0,0,-1.08030329409833,0,0,0,0,0,0,0,-0.308413382027512,0,-0.0593431642094124,0,0,0,0,0,0,0,0,0,0,0,0,0,0,0,0,0,0,0,0,0,-21.8886270585824,0,0,0,0,0,0,0,0,0,0,0,0,0,0,0,0,0,0,0,0,0,0,0,0,0,0,0,0,0,0,0,0,0,0,0,0,0,0,0,0,0,0,0,0.164380176340041,0,0,0,0,0,0,0,-0.0107809215346364,0,0,0,0,0,-0.2365267590432,0,0,0,0,0,0,0,0,0,0,0,0,0,0,0,0,0,0,0,0,-0.940155734482813,0,0
0,0,0,0,0,0,0,0,0,0,0,0,0,-0.273976843413808,0,0,0,0,0,0,0,0,0,0,0,0,0,0,0,0,0,0,0,0,0,0,2.20022263267735,0,0,0,0,0,0,0,0,0,0,0,0,0,0,0,0,0,0,-0.237340934468921,0,0,0,0,0,0,0,0,0,-0.453566093072461,0,0,0,0,0,0,0,0,0,0,0,0,0,0,0,0,0,0,0,-0.197982109782429,0,0,0,0,0,0,0,0,0,0,0,0,0,0,0,0,0,0,0,0,0,0,0,0,0,0,0,0,0,0,0,0,-23.519137547235,0,0,0,0,0,0,0,0,0,0,0,0,0,0,0,0,0,0,0,0,-0.105735796436001,0,0,0,0,0,0,0,0,0,0,0.718763174078643,0,0,0,0,0,0,0,0,0,0,0,0,0,0,0,0,0,0,0,0,0,0,0,0,0,0,0,0,0,0,0,0,0,0,0,0,0,0,0,-0.302286923417275,0,0,0,0,0,0,0,0,0
0,0,0,0,0,0,0,0,0,0,0,0,0,-0.559025701241584,0,0,0,0,0,0.144598243587654,0,0,0,0,0,0,0,0,0,0,0,0,0,0,0,0,0.873713118907581,0,0,0,0,0,0,0,0,0,0,0,0,0,0,0,0,0,0,0,0,0,0,0,0,0,0,0,0,0,0,0,0,0,0,0,0,0,0,0,0,0,0,0,0,0,0,0,0,0,0,0,0,0,0,0,0,0,0,0,0,0,0,0,0,0,0,0,0,0,0,0,0,0,0,0,0,0,0,0,0,0,-24.8633508909519,0,0,0,0,0,0,0,0,0,0,0,0,0,0,0,0,0,0,0,0,0,0,0,0,0,0,0,0,0,0,0,0,0,0,0,0,0,0,0,0,0,0,0,0,0,0,0,0,0,0,0,0,0,0,0,0,0,0,0,0,0,0,0,0,0,0,0,0,0,0,0,0,0,0,0,0,0,0,0,0,0
0,0,0.437940479615183,0,0,0,0,0,0.116468572245948,0,0,0,0,0,0,0,0,-1.19276512584052,0,0,0,0,0,0,-1.03587808860355,0,0,0.772041616104988,0,0,0,0,1.37322618482768,-0.670679592985234,0,-0.846644062536843,-2.37262998470608,0,0,0,0.68402052031322,0,0,0,0,0,0,0,0,0,0,0,0.136891832887339,0,0.591038070615812,0,0,0,-2.49974693915717,0,0,0.0748931078568067,0,0,0,3.56950825395256,0,0,0,0.111743197165374,0,0,0,0,0,0,0,0,0,0,0,0,0,2.27311431877664,0,0,0,0,0,0,0,0,0,0,6.47153695269809,0,0,1.07185046937195,0,0,0,0,0,1.1941030502861,-1.17174812628628,0,0,0,0.269967285297446,0,0,0,-2.2960739372674,4.44386947458679,0,1.90838063586432,0,0,-27.3060591455589,0,0,0,0,0,0,-1.345207318656,0,0,-1.99827862364904,0,0,0,0,0,0,0,0,-0.123472857825275,0,3.4542613671568,0,0,0,0,-1.05379182953123,0,0,0,0,0,0,0,0,0.988620729058895,0,0,0,0,0,0,0,0,-2.70942746385968,0,0,0,0,0,0,0,0.451369497931935,0,0,2.27896700175289,0,0,0.315192505293372,0,0,-0.949125959592518,0.606750621273635,0,0,0,0,0,0,0,0,0,0,-0.0786961633357786,0,0,-0.904706160994333,0,0,3.37405807848665,0,0
0,0,0,0,0,0.697968293647703,0,0,0,0,0,0,0,0.601823400915293,0.0336352393511923,0,0,0,0,0,0,0,0,0,0.356994215476531,0,0,0,0,-4.90413203658769,0,0,0,0,0,0,0,0.00495575225291911,0,0,0,0,0,0,0,0,0,0,0,0,0,0,0,0,0,-0.638978061212214,-0.716627293731236,0,0.0709505099403478,0,0,0,0,-0.223290700794088,0,0,0,0,0,0,0,0,0,0,0.245115677118799,0,0,0,0,0,0,0.840013084827401,0,0,0,0,0,0.296051723614498,0,0,0,0,0,0,0,0,0,0,0,0,-1.83048499675091,0,0,0,0,0,-0.582829398062513,0,0,0,0,0.40656539394578,0,0,0,0,0,0,-11.3068146163543,0,0,0,-1.38818794372972,0,0,0,-0.582690885904178,0,0,0,0,0,0,0,0.0256008589987571,0,-0.253857223494587,0,0,0,0,0,0,0,0,0,0,0,0,0,0,0,0,0,0.656877747786067,0,0,0,0,0,0,0,0,0,0,0,0,-1.00891864686236,0,0.746300694804874,0,-2.31299396927297,0,0.524886045621606,0,0,0,0,0,0,1.36412296917126,0,0,0,1.03689819389062,0,0,0,0,0,0,0,0,0,0,0,0,0,0,0.86781262809209
0,0,0,0,0,0.115104979233658,0,0,0.056588897459749,0,0,0,0,0,0,0,0,0,0,0,0,0,0,0,-0.380251954189013,0,0.711102517560682,0,0,0,0,0,0,0,0,0,0,0,0,0,0,0,0,0,0,0.164734998905592,0,0,0,0,0,0,0,0,0,0,0,0,0,0,0,0,0,-0.234901431408811,0,0,0,0,0,0,0,0,0,0,0,0,0,0,0,0,0,0,0,0,0.0660549015541909,0,0,0,-0.0589735785972794,0,0,0,0,0,0,0,0,0,0,0,-0.17609838057465,0,0,0,0,0,0,0,0,0,0,0,0,-0.554856718856878,0,0,0,-0.68733128787917,0,-0.095977259268635,0,0,0,0,0,0,0.155079400837676,0,0,0,0,0,0,0,0,0,0,0,0,0,0,0,0,0,0,0,0,0,0,0,0,0,0,0,0,0,0,0,0.13325574593155,0,0,0.0203976073963132,0,0,0,0,0,0,0,0,0,0,0,0,0,0,0,0,0,0,0,0,0,0,2.26857408031743,0,0,0,0,0,0,0,0,0,0,0,0,0,0,0
0,0,0,0,0,0,0,0.179464048915789,0.63075621834143,0,0,0,-0.0675440562001117,0,0,0,0,0,-0.440703745367335,0,0,0.326521802874072,0,0,0,0,0,0,0,0,0,0,0,0,0,0,0,0,0,0,0,0,0,0,0,0,0,0,0,0,0,0,0,0,0,0,0,-1.05228482116643,0,0,0,0,0,0,0,-0.093690779678081,0,0,0,0,0,0,0,0,0,-0.234743745379185,0,0,-1.11880213819505,0,0,0,0,0,0,0,0,0,0,0,0,0,0,0,0,0,0,0,0,0,-0.216265905474398,0,0,0,0,0,0,0,0,0,0,0,0,0,0,0,0,-0.911781804635811,0,0,0,0,0,0,0,0,0,0,0,0,0,0,0,0,0,0,0,0,0,0.232733943550468,0,0,0,0,0,0,0,0,0,0,0,0,0,-0.02717940345327,0,0,0,0,0,0,-0.0497035604132376,0,0,0,0,0,0,0,-0.490592538398492,0,0,0,0,0,0,0,0,0,0,0,0,0,0,-0.266454371597009,1.57408837361242,0,0,0,0,0,0,0,0.261606036295159,0,0,0,0,0,0,0
0,0,0,0,0,0,0,0,0,0,0,0,0,0,0,0,0,0,0,0,0,0,0,0,0,0,0,0,0,0,0,0,0,0,0,-0.535989666206427,-0.158996128078385,0.362077854854874,0,0,-0.135561075626613,0,0,0,0,0,0,0,0,0,0,0,0,0,0,0,0,0.15942211049536,0,0,0,-0.196853855907989,0,0,0,0.455266699544057,0,0,0,0,0,0,0,0,0,0,0,0,0.449264926657813,0,0,0,0,0,0,0,0,0,0,0,0,0,0,0,0,0,0,0.0590664502161378,0,0,0,0,0,0,0,0,0,0,-1.25453218660516,0,0,0,0.0651391732888571,0,-0.762777058065509,0,0,0,0,0,0,0,0,0,0,0,0,0,0.259468590667073,0,-2.38876013488218,-0.605667880406926,0.459112793218285,0,0,0,0,0,0,0,0,0,0,0,0,0.196606844928037,0,0,0,0,0,0,-0.428556436829071,0,0,0,0,0,0,0,0,0,0,0,0,0,0,0,0,-0.60009549505216,0,0,0,0,0,0,0,0,0,0,0,0,0,0,-0.0300972398117212,0,0,0.353917486880213,0,0,0,0,0,0,0,-0.179330354941572,0,0,0,0
0,0,0,0,0,0,0,0,0,0,0,0,0,0,0,0,0,0,0,0,0,0,0,0,0,0,0,0,0,0,0,0,0,0,0,0,0,0,0,0,0,0,0,0,0,0,0,0,0,0,0,0,0,0,0,-1.93451990970817,0,0,0,0,0,0,0,0,0,0.0707648775735668,0,0,0,0,0,0,0,0,0,0,0,0,0,0,0,0,0,0,0,0,0,0,0,0,0,0,0,0,0,0,0,0,0,0,0,0,0,0,0,0,0,0,0,0,0,0,0,0,0,0,0,0,0,0,0,0,0,0,0,0,0,0,0,0,0,0,0,0,0,0,0,0,0,0,0,0,0,0,0,0,0,0,0,0,0,0,0,0,0,0,0,0,0,0,-0.363813242736197,0,0,0,0,0,0,0,0,0,0,0,0,0,0,0,0,0,0,0,0,0,0,0,0,0,0,0,0,0,0,0,0,0,0,0,0,0,0,0
0,0,0,0,0,0,0,0,0,0,0,0,0,0,0,0,0,0,0,0,0,0,0,0,0,0,0,0,0,0,0,0,0,0,0,0,0,0,0,0,0,0,0,0,0,0,0,-0.954789320521377,0,0,0,0,0,0,0,0,0,0,0,0,0,0,0,0,0,0,0,0,0,0,0,0,0,0,0,0,0,0,0,0,0,0,0,0,0,0,0,0,0,0,0,0.258400414897473,0,0,0,0,0,0,0,0,0,0,0,0,0,0,0,0,0,0,0,-0.323321076301006,0,0,0,0,0,0,0,0,0,0,0,0,0,0,0,0,0,0,0,0,0,0,0,0,0,0,0,0,0,0,0,0,0,0,0,0.168374807336137,0,0,0,0,0,0,0.0190458871372081,0,0,0,0,0,0,0,0,0,0,0,0,0,0.281191904960352,0,0,0,0,0,0,0,0,0,0,0,0,0,0,0,-0.0116679760797649,0,0,-0.178327762678206,0,-0.384532501774228,0,0,0,0,0,0,0,0,0,0
0,0,0,0,0,0,0,0,0,0,0,0,0,0,0,0,0,0,0,0,0,0,0,0,0,0,0,0,0,0,0,0,0,0,0,0,0,0,0,0,0,0,0,0,0,0,0,-0.658796610806494,0,0,0,0,0,0,0,0,0,0,0,0,0,0,0,0,0,0,0,0,0,0,0,0,0,0,0,0,0,0,0,0,0,0,0,0,0,-0.1462929630825,0,0,0,0,0,0.684125273340266,0,0,0,0,0,0,0,0,0,0,0,0,0,0,0,0,0,0,0,-0.621819232573395,0,0,0,0,0,0,0,0,0,0,0,0,0,0,0,0,0,0,0,0,0,0,0,0,0,0,0,0,0,0,0,0,0,0,0,1.08522776417902,0,0,0,0,0,0,0,0,0,0,0,0,0,0,0,0,0,0,0,0,0,0,0,0,0,0,0,0,0,0,0,0,0,0,0,0,0,0,0,0,0,-0.107424954852465,0,0,0,0,0,0,0,0,0,0
0,0,0,0,0,0,0,0,0,0.00954540658020231,0,0,0,0,0,0,0,0,0,0,0,0,0,0,0,0,0,0.119702619117319,0,0,0,0,0,-0.324345367245995,0,0,0,0,0,0,0,0.433095185915105,0,0,0,0,0,-3.13526061983999,0,-1.0248577694772,3.14682381515558,0,0,0,0,-0.377255666853816,0,0,0,-0.57532332001737,0,-0.276697316473206,0,0,0,0.381824193141634,0,0,0.325805623578877,0,0,0,0,0,0,1.54341090349209,0,0.308841065210768,-0.97700806352173,-4.31169362761912,0.0121946579198837,0,0,0,0,-1.06212947876034,0,0.253240579916923,-0.0816536021167031,0,0,1.43848356023992,0,0,0,0,0,0,0,0,0,0,0,0,0,0,0,0,0,0,0.0909488326586552,0,0,0,0,-1.39799596647222,0,0.810770958870207,0,0.597270799351959,0,1.76059850539797,0,0,0,0,0,0.594231722983823,0,0,0,-0.831744222245346,-1.20587517473326,0,-0.0227426011875904,0,0,1.55590907048154,0,0,0,0,0,0,-0.338869030660155,-1.02967141891759,0,0,0,0,0,0,0,0.44096770463442,0,-0.21133463776405,0,0,0,-0.267495014591498,-0.0251200863144381,0,0,0,0,0,0.492416340660578,0,0,0,0,0.231111978583209,0,-0.178280683841237,2.19460768067534,0,0,0,0,0,0,0,0,0,1.51505616783721,0,0,0,0,0.495826499108915,0.704527184320551,0,0,0,0,0,0,0,0,0
0,0,0,0,0,0,0,0,0,0,0,0,0,0,0,0,-0.115287208385529,0,0,0,0,0,0,0,0,0,0,0.264946506798211,0,0,0,0,0,0,0,0,-0.0689472175083576,2.00235931867696,0,0,0,0.0318225809819495,0,0,0,0,0,0,0,0,0,0,0,-0.798391400114719,0,-0.323051659804538,0,0,0,0,0,0,-0.105044881444136,0.400743727544347,0,0,0,0,0,0,0,0,0,0,0,0,0,0,0.704640261171096,0,0,0,0.0294815513522602,0,0,0,0,0,0,0,0.139951836143111,0,0,0,0,0,0,0,0,0,0,0,0,0,0,0,0,0,0,0,0,0,0,0,0,0,0,0,0,0,0,0.144047856343918,0,0,0,0,0,0,0,0,0,-1.82943584780254,0,0,0,0,0,0,0,0,0,0,0,0,0,0,0,0,0,0,0,0,0,0,0,0,0,0,0,0,-0.0875058198656629,0,0,0,0,0,0,0,-0.60278409587699,-0.594518106260131,0,0,0,-0.46933337846581,0,0,0,0,0.0945198079714697,0,0,0,0,0,0,0,0,1.28561869876308,0,0,0,0,0,0,0,-0.804415504922965,0,0.606719977364534,0,0
0,0,0,0,0,0,0,0,0,0,0,0,0,0,0,0,0,0,0,0,0,0,0,0,0,0,-0.145747128889386,0,0,0,0,0,0,0,0,0,0,0,0,0,0,0,0,0,0,0,0,0,0,0,0,0,0,0,0,0,0,0,0,0,0,0,0,0,0,0,0,0,0,0,0,0,0,0,0,0,0,0,-0.32009212849184,0,0,0,0,0,0,0,0,0,0,0,0,0.355535990793279,0,0,0,0,0,0,0,0,0,0,0,0,0,0,0,0,0,0,0,0,0,0,0,0,0,0,0,0,0,0,0,0,0,0,0,0,0,0,0,0,0,0,0,0,0,0,0,0,0,0,0,0,0,0,0,0,0,0,0,0,0,0,0,0,0,0,0,0,0,0,0,0,0,0,0,0,-0.149142337237508,0,0,0,0,0,0,0,0,0,0,0,0,0,0,0,0,0,0,0,0,0,0,0,0,0,0,0,0,0,0,0
0,0,-0.933657775280494,0,0,0,-0.235427344214878,-0.578861285465253,0,-0.612261945860578,0,0,0,0,0,0,0,0,0,0.0568400269087221,0,0,0,0,0,-0.139315919710607,-2.57032886523911,0,0,0,0.00274029896735306,0,0,0,0,0,0,0,0,0,0,0,0,0.24752292500984,0,-0.442111610166108,0,0,0,0,0,0.527044303981815,0,-0.00457227289697681,0,0,0,0,0,0,0.276516803250381,0,0,0,0.496057103596095,0.604712943163374,0,0,0,0,0,0,0,0,0,0,0,0,-0.249058300384591,0,0,0,0.509866171195223,0,0,0,0,0,0,0,0,-0.241419144247761,0,0,0,0,0,0,0,0,-0.457352803657942,0,0,0,0,0,0,0,0,0,0,-0.604017820847365,0,0,0,0,0,0,0,0,0,0,0,0,0,0,0,0,0,0,0.0172054433415467,0,0,0,-0.25779263707543,0,0,0,0,0,0.304176899697341,0,0,0,0,0,0,0,0,0,0,0,0,0,0,0,0,0,0,0,0,0,-0.763445372731828,0,0,0,0,0,0,-0.691513218780233,0,0,-0.0676943703366297,0,0,0,0,0.332130588382985,0,0,0,0.379524305032978,0,0,0,0,0,-0.695163921105898,0,0,1.13139964329427,0,0,0,0,0,0,0,0,0
0,0,0,0,0,0,0,0,0,-0.851429788431521,0,0.475164247458552,0,0,0,0,0,0,0,-1.0308057467106,0,0.0854955025459907,0,0,0,0,-2.32014467983594,0.288106854260793,0,0,0,0,0,0,0,0,-0.170472690841133,-0.552741114090985,0,0,-0.636066573451752,0,0,0,-0.559971592384252,0,0,0,0,0,0,0,0,0,0,0,0,0,0,0,-0.155140282728324,0.220105321950077,0,-1.63020065770131,0,0,0,0,0,0,1.00749429283739,0,0,0,0,0,0,-0.831105524385582,0,1.77470655539292,0,0,0.919904579114427,0,0,0.527983952767083,0,0.366379750914625,-0.229737869240852,0,0,0,0,0,0,1.89602501582227,0,0.917437528409299,1.25918186499851,-0.979152447350292,0,0,0,1.37338210164185,-1.87326379400509,0.6816402173383,0,0,0.755729950218768,0,0,0,0,0,0,0,0,0,0,0,-0.516944362307532,0,0,0,0,0,0,0,0,0,0.386433203083567,0.58532156671607,0,0,0,-0.660875336935047,-0.120295008545543,0,0,-0.0112743919958169,0,0.0635702979316641,0,0,0,0.731308223353799,0,0,0,0,2.16658066232791,0,0,-0.515205450410502,0,0,0,0,0.199504836369281,0,0,0,0,0,0,0,0,0,0,-2.33781290281983,0,-0.0910341868161935,0,0,-1.92814699404557,0,0,0,0,-0.943538549729927,0,0,0,0,-1.13099943478219,0,0,0,0,0,0,0,0,0,0,0,0,2.45354658118516,0,0
0,0,0,0,0,0,0.392763631062037,0,0,-0.0157094274955878,0,0,0,0,0,0,0,0,-0.334158965551866,0,0,0,0,0,0,0,0,0,0,0,0,0,0,0,0,0,0,-0.0260272320431494,0,0,0,0,0,0,0,0,0,0,0,0,0,0,0,0,0,0,0,0,0,0,0,0,0,0,0,0,0,0,0,0,0,0,0,0,0,0,0,0,0,0,0.488034637502747,0,0,0,0,0,0,0,0,0,0,0.510752957349627,0,0,0,0,0,0,0,0,0,0,0,0,0,0,0,0,0,0,0,-0.226739543782026,0,0,0,0,0,0,0,0,0,0,0,0,0,0,1.18387858107901,0,0,0,0,0,-0.319687893347639,0,0,0,0,0,0,0,0,0,0,0,0,0,0,0,0,0,0,0,0,0,0,0,0,0,0,0,0,0.0440956097407998,0,0,0,0,0,0,-0.963488124577181,0,0,0,0,0,0,0,0,0,0,0,0,0,0,0,0,0,0,-1.09417067813034,0,0,0,0,0,0,0,0,0,0,0,0
0,0,0,0,0.333596726926645,0,0,0,0,0,0,0,-0.273832660655998,-0.0429798034205906,0,0,0,0,-0.957667006686302,0,0,0,0,0,0,0,0,-0.0533562740628817,0,0,0,0,0,0,0,0,0,0,0,0,0,0,0,0,0,0,0,0,0,0,0,0,0,0,0,0,0,0,0,0,0,0,0,0,0,-0.310586463273707,0,0,0,0,-0.00657096252813449,0,0,0,0,0,0,0,0,0,0,0,0,0,0,0,0,0,0,0,0,0,0,0,-0.588087238536655,0,0,0,0,0,0,0,0,0,0,0,0,0,-0.324985756549346,0,0,0,0,0,0,0,0,0,0,0,0,0,0,0,0,0,0,0,0,0,0,0,0,0,0,0,0,0,0,0,0,0,0,0,0,0,0,0,0,0,0,0,0,0,0,0,0,0,0,0,0,0,0,0,0,0,0,0.544304359340699,0,0,0.76803182721512,0,0,0,0,0,0,0,0,0,0,0,0,0,0,0,0,-0.0454538440124121,0,0,0,0,-5.82263982340625,0,0,0,0,0,0.560896389120144,0
0,0.227866439090831,0,0,0,0,0.576087922753699,0,0,0,0,0,0,0,-2.86538312849521,0,0,0,-1.13981978884288,0,0,0,0,0,0,0,0,-0.0367540552061236,0,0,0,0,0,0,0,0,0,0,0,0,0,0,0,0.308519890040721,0,0,0,0,0,0,0,0,0,0,0,0,0,0,0,0.302953712690349,0.192680287437008,0,0,0,0,0,0,0,0,0,-0.888974496406693,0,0,0,-0.907665089279869,0,0,0,0,-0.480527207449773,0,0,-0.00398523928433359,-2.28142525298683,-1.17455715863464,0,0,0,0,0,0,0,0,0,0,0,-0.270527007568872,0,0,0,0,0,0,0,0,0,0,0.348683254695324,0,0,0,0,0,0,0,0,0,0,0,0,0,0,0,0,0,0,0.195681447631821,0,0,0,0,0,0,0,0,0,0,0,0,0,0,0,0,0.770437059949591,0,0,0,0,0,0,0,0.0850596628305649,0,0,0.0392021111612273,0,0,0,0,0,0,0,0,0,0,0,0,0,0,0,0,0,0,0.293495866555299,-0.106144979057618,0,0,-0.364641534020749,0,0,0,0,0,0,0,0,0,0,0,0,0,0,0,0,0.202910504737458,0,0,0,0,0
0,0,0,0,0,0,0,0.18930119605803,0,0,0.19485961932903,0,0,0.893786968007106,0,0,0,0,0,0,0,0,0,0,-0.257924315717691,0,0,0,0,0,0,0,0,0,0,0,0,0.0345394297997814,0,0,0,0,0,0,0,0,0,0,0,0,0,0.0583432340225263,0,-0.791910581910858,0,0,0,0,0,0,0,-0.436469724876023,0,-0.119926004626133,0,0,0,0,0,0,0,0,0,0,0,0,0,0,0,0,0.223673646510624,0,0,0,0,0,0,0,0,0,0,0,0,0,0,0,0,0,0,0.0504612365408716,0,0,0,-0.134722979842555,0,0,-4.12903978873911,0,0,0,0,0,0,0,0,0,0,0,0,-0.983783914236149,-0.283464790306551,0,0.693210904622069,0,0,0,0,0,0,0,0,0,0,0,0,0,0.0357783351980541,0,0,0,0,0,0,-0.380403638596232,0,0,0,0,0,0,0,0,0,0,0,0,0,0,0,0,1.59741842951677,0,0,0,0,0,0,0,0,0,0,0,0,0,0,0,0,0,0,0,0,0,0,0.506013806129862,0,0,0,0,0,0,0,0,-0.424501823132771,0,0,0,0,0,0,0
0,0,0,0,0,0,0,0,0,0,0,0,0,0,0,0,0,0,0,0,0,0,0,0,0,0,0,0,0,0,0,0,0,0,0,0,0,0,0,0,0,0,0,0,0,0,0,0,0,0,0,0,0,0,0,0,0,0,0,0,0,0,0,-0.0140234670078434,0.170391220952704,0,0,0,0,0,0,0,0,0,-0.375843750522387,0,0,0,0,0,0,0,0,0,0,-0.220071648717524,0,0,0,0,0,0.0101741796666472,0,0,0,0,0,0,0,0,0,0,0,0,0,0,-3.71399962072398,0,0,0,0,0,0,0,0,0,0,0,0,-0.392830309835807,0,0,0,0,0,0,0,0,0,0,0,0,0,0,0,0,0,0,0,0,0,0,0,-0.0241385530009415,0,0,0,0,0,0,0,0,0,0,0.041357256877524,0,0,0,0,0,0.143033227238939,0,0,0,0,0,0,0,0,0,0,0,0,0,0,0,0,0,0,0,0,0,0,0,0,0,0,0.311816593729222,0,0,0,0,0,0,0,0,0,0,0,0
0,0,0,0,0,0,0,0,0,0,0,0,0,0,0,0,0,0,0,0,0,0,0,0,0,0,0.086228136976467,0,0,0.203262800605924,0,0,0,0,0,0,-0.0234347414752489,0,0,0,0,0,0,0,0,0,0,0,0,0,0,0,0,0,0,0,0,0,0,0,0,0,0,-0.401008307719068,0,0,0,0,0,0,0,0,0,0,-0.51392506403746,0,0,0,0,0,0,0,0,0,0,0,0,0,0,0,0,0.163762289574503,0,0,0,0,0,0,0,0,0,0,0,0,0,0,-3.90157372932903,0,0,0,0,0,0,0,0,0.0759616576704263,0,0,0,-0.010131680068391,0,0,0,0,0,0,0,0,0,0,0,0,0.419528683251766,0,0,0,0,0,0,0,0,0,0,0,0,0,0,0.0587688579186407,0,0,0,0,0,0,0,0,0,0,0,0,0,0,0,0,0,0,0,0,0,0,0,0,0,0,0,0,0,0,0,0,0,0,0,0,0,0,0,0,0,0,0,0,-0.200323591952961,0,0,0,0,0,0,0
-0.0955552273377653,0,0,0,0,0,0,1.45848912576641,1.81307530889087,0,0,0,0,-0.600961009031599,0,-0.117608107252278,0,0,0,0,0,0,0,0.0864793974719944,0,0,0,0,0,0,0.35357512180847,0,1.14742872062256,0,0,0,0,0,0,0,0,0.436539407448499,0,-0.216059276217913,0.868724406977838,0,0.176405890764138,0,0,0,0.561573705628989,0.153736099207038,0,0,0,0,0.640575298964839,0,0,0.0238793160440494,0,0,0,0,0,-0.647646870974677,0,0,0,0,0,0,-0.481364302475457,0,0,0,1.53973659215287,0,0,0,1.50777025042404,0,0,0,0,0,0,0,0,0,0,0,0,-0.436576242799587,0,0,0,0,0,0,0,0,0,-0.00967677946103596,-0.7282841883681,0,0,0,0,0,0.130733738878311,0,-32.2041077116829,0,0,0,0,0,0,-1.95687182417493,0,-1.60481177657788,0,0,0,0,0.412877411309805,1.01545549400795,0,0,0,0,0,0,0,0,0,1.20657540246095,0,0,0,-0.257711557388827,0,-2.02486015403849,0,0,0,0.387657915323403,0,0,0,-0.712255779369105,0,0,0,0,0,-2.519124205761,-0.691522019050602,-0.0403382863601514,0,0,0,0,0,0,0,-0.156070164933211,0.448822066537502,0.210669364820169,0,0,0.126880413545534,0.072442755936555,-1.13147666977767,0,0,0,0,0,0,0,0.147025114664975,-2.44853081354458,0,0,0,0,0,0,0,0,0,0,0,0,0,-1.35146163286475,0,0
0,1.25560968179926,-0.174925989422614,0,0,0,0,0,0,0,0,0,0,0,0,0,0,0,0,0,0,0,0,0,0,0,0,-0.619066041194911,0,0,0.292901600761877,0,0,0,0,0,0,0,0,0,0,0,0,0,0,0,0,0,0,0,0,0,-0.0763378684290812,0,0,0,0,0,0,0,0,0,0,0,0,0,0,0,0,0.00984364866328913,0,0,0,0,0,0,0,0,1.06293898151056,0,1.86434554085492,0,0.197255991701792,0,0,0,0,0.0826592707707603,0,0,0,0,0,0,0,0,0,0,3.07628260476654,0,0,0,0,0,0,0,0,0,0,0,0,0,-17.4287214340516,0,0,0,0,0,0,-0.58519580056224,0,0,0.64871450128606,0,0,0,0,0,0,0,0,0.347783563372701,0,0,0,0,0,0,0,0,0,0,0,0,0,0,0,0,0,0,0,0,0,-1.01747628955193,0,0,0,-3.93363434622587,0,0,0,0,0,0,0,0,0,0,0,1.26731495734051,0,0,0,0,0,0,0,0,0,0,-0.595638797388829,0,0,0,0,0,0,0,0,0,0,0,0,0,0,0,0,0,0,0
0,0,0,0,0,0,0,0,0,0,0,0,0,0,0,0,0,0,0,0,0,0,0,0,0,0,0,0,0,0,0,0,0,0,0,0,0,0,0,0,0,0,0,0,0,0,0,0,0,0,0,0,0,0,0,0,0,0,0,0,0,0,0,0,0,0,0,0,0,0,0,0,0,0,0,0,0,0,0.00829429968421769,0,0,0,0.018942926426321,0,0,0.0780856026548877,0,0,0,0,0,0,0,0,0,0,0,0,0,0,0,0,0,0,-0.577789831049904,0,0,0,0,0,0,0,0.0902869764619372,0,0,0,0,0.104461855910594,0,0,0,0,-0.913913519465291,0,0,0,0,0,0.230499480136425,0,0,0,0,0,0,0,0.704719574857533,0.375413775952192,0,0,0,0,0,0,0,0,0,0,0,0,0,0,0.162149626380513,-0.0687906152044828,0,0,0,0,0,0,0,0.201204976988441,0,0,0,0,0,0,0,0,0,0,0,0,0,0,0,0,0,0,0,0,0,0,0,0,0,2.09913270827338,0,0,0,0,0.108416067376518,0,0,0,0,0,0,0
0,0,0,0,0,0,0,0.386255895608051,0.0803115418040889,-0.02498559034361,0,0,-0.170552047192631,0,0,0,0,0,0,0,0,0,0,0,0,0,0,0,0,-1.7778747608204,0,-0.339640141831773,0,0,0,-0.00824261420096062,0,0,0,0,0,0,0,0,0,0,0,0,0,0,0,0,0,0,0,0,0,0,0,-1.27560234100719,0,0,0,0,0,0,0,0,0,0,0,0,0,0,0,0.3244055154648,0,0,0,0,-0.0194183873549054,0,0,0,0,-0.455143608792924,0,0,0,-0.190191416307753,0,0,0,0,0,0,0,0,0.383363153040531,0,0,-1.00436184214397,0,0,0,0,0,0,0,0,0,0,0,0,0,0,0,0,0,0,-0.623354140602415,0,-0.188518780096227,0,0,0,0,3.07036451443774,0,0,0,0,0,0,0,0,0,1.19012914885107,0,0,0,0,0,0,0,4.40500232438102,0,0,0,0,0,0,0,0.20754904113364,0,0,0,0,0,0,-2.28732414879863,0,0,0,0,0,0,0,-0.803248094824678,0,0,0,0,0,0,0,0.141167159033265,0,0,0,0,0,0,0,0,0,0,0,0,0,0.0613246964620124,0,0,0,0,0,0.492397424298877,0,0,0.0615948576704322
0,0,0,0,0,0,0,0,-0.00177105252242393,0,0.0914726016818712,0,0,0,0,0,-0.0254980980846,0,0,0,0,0,-0.516160704559452,0,0,-0.0658367156734108,0,0,0,0,0,0,0,0,0,0.0712832952820794,0,0.931511034347611,0,0,0,0,0,0,0,0,0,0,0,0,0,0,0,-1.30062912087892,0,0.184302537658427,0,0,0,0.137484876350428,0,0,0,0,0,0.0936429368388612,0,0,0,0,0,0,0,0,0,0,0,1.83084726551172,0,0,0,0,0,1.34941284549499,0,0,0,0,0,0,0,0,0,0,0,0,0,0,0,0,0,0,0,0,0,0,0,0,0,0,0,0,0,0,1.37201527449604,0,0,0,-0.0055680904663109,0,0.746348203511297,0,0,0,0,0,0,0,0.161925758739811,0,0,0,0,0,0,0,0.81687397019951,0,0,0,0,0,0,0,0,0,0,0,0,0,0,0,0,0,0.902264984303522,0,0,0,0,0,0,0,0,0,0,0,0,0,-0.350688757369594,0,0,0,0,0,0,0,0,0,0,-0.508701483235038,0,0,0,0,-1.18786538665581,0,0,0,0,0,0.0952786568706951,0,0,0,0,0,0,0,0,0
0,-0.571018407396555,0,0,0,0,0,-1.68137536434739,0.404434040648028,-1.34837227481802,0,0,0,0,0,0,0,0,0,0,0,0,0,0,0,-0.801099550194384,0,0,0,0,0,0,0,0.24735633680462,0,1.45920669388782,-0.281349155694487,0,0,0,0.0943637254889509,0,0.169180437108715,0,0,0,0,0,0.726944991485818,-0.569635218201464,0,0,0,-0.39225042932108,0,0,0,0,0,0,0,0,0.958224666456301,-1.25019981013941,0,0,0,-0.0408768633931655,0.0698935724372378,0,0,0.156100091468727,0,0.343133247115622,0,0,0,-0.251345645943631,0.105754971563972,-0.393766448583762,1.84042757369905,1.17385960719595,0,0,0,-0.323403262837918,0,0.684861235465033,-0.184328194035764,-0.771354787569279,0,-1.54745346298603,0,0.840756044918439,1.12551142306015,1.15382401593193,0,0,0,0,-0.247627267447929,3.18807709478618,-0.35739014370295,0,0,0,0,0,-1.01119576987063,-0.0809843362303861,0,-0.485916004334559,0,0,0,-2.3006083915916,0,0,0,0,0,0,0.100085067467216,0,0,0,0,0,0,0,0,0,3.13034881167715,0,0,-0.396032142432557,0,0,0,0,0,0,0.248666216776526,0,0,1.89952139160239,0,0,0,0,0,0,0,0,0,-0.0469680299880331,0,0,0,0,-1.06056448337181,-1.03507987099382,0,-0.314799965300257,0,0,0,0.429510505061819,0,-0.687455506913767,0,0,0,0,-0.7108403672571,0.603254177458921,0,0,0,0,0,0,0,0,-3.17755817123285,0,0,1.79056393569417,0.00448364792164124,0,0,0,0,0,0,0,0,0,0,0.658149985995048
0,0,0,0,0,0,0,0,0,0,0,0,0,0,0,0,0,0,0,0,0,0,0,0,0,0,0.80508913609493,0,0,0,0.202405869736468,0,0,0,0,0,0,0,0,0,0,0,0,0,0,0,0,0,0,0,0,0,0,0,0,0,0,0,0,0,0,0,0,-0.363607862180549,0,0,0,0,0,0,0,0,0,0,0,0,0,0,0,0,0,0,0,0,0,-0.175821613757804,0.422259364058166,0,0,0,0,0,0,0,0,0,0,0,0,0,0,0,0,0,0,0,0,0,0,0,0,0,0,0,0,0,0,0,0,0,0,0,0,0,0,0,0,0,0,0,0,0,0,0,0,0,0,0,0,0,0,0,0,0,0,0,0,0,0,0,0,0,0,0,0,0,0,0,0,0,0,0,0,0,0,0,0,0,0,0,0,0,0,0,0,0,0,0,0,0,0,0,0,0,0,0,0,0,0,0,0,0,0,0,0,0,-0.0173664104412472,0,0,0
0,0,0,0,-2.30589980801302,0,0,0,0,0,0,0,0,0,0,0,0,0,0,0,0,0,-0.0836389191531763,0,0.121782743179623,0,0,-0.951915942267975,0,-3.91001914299266,0.440113235154027,0,0,0,0,0.77673487034138,2.99433288777633,0,0,0,0,0.450851297568966,0.771742772689051,0,0,0,0,0,0,0,0,0,0,0,0,0,0,0.163263344765413,0,0,0,0,0,-1.34899237864132,0,0,-0.0592276644647662,0,0,0,0,0.718712029921668,0,0,0,0,0,0,0.218264041318605,0,0,0,0,0,0,0,0.170363816419873,0,0,0.84901724612508,-0.845462494139543,0,0,0,0,0,0,0.0764868447634957,0,0,-0.166101623501188,0,0,0,0,0,0,0.519919638122875,-0.0931534213994138,0.104664490013378,0,0,0,0,0,0,0,0,0,0,0,0,-3.27651602386196,0,0,0,0,0,0,0,0,-0.467200483824077,0,0,0,0,0,0,0,0,0,-0.837864879685962,0,-0.00426449140971141,0,0,0,0,-0.122910388633824,-0.43308366861826,-0.0580361552288244,-0.0116128694363993,0,0,0,0,0,0,0,0,0,0,0,0.711148009413084,0,0,0,0,0.64373344584599,1.39397138109612,0,-1.30030402349129,0,0,0,0,0.420537619835804,0,0,0,0,0.292621968781453,0,0.147683272824543,0.592076817912068,0,0,0,0,0,0.471900205193842,0,0,0.963635274576668,0,0,-0.153529194969623,0.931010266776899,0,0
0,-0.52918662139895,0,0,0,0,0,0,0,0.0763477396714241,0,0,0,0,0,0,0,0,-0.158258595652929,0,0,0,0,0,0,0,-0.305352103505444,-1.34365391107613,0,0,0,0,0,0,0,0.860834766295206,0.879095759482226,0,0,0,0,-0.267254469863825,3.71987611163594,0,0,0,0,0.013511141673189,0,0,0,0,0,0,0,0,0,0,0,0,0,0,0,0,0,0,0,0,0,0,0,0,0,0,0,0,0.0442064149350065,0,0,1.22867161961234,-0.208155915522155,0.145815563112968,0,0,-0.92039256474634,0,0,0,0,0,0,0,-0.00967909341536721,0,0,0,0,0,0,0,-1.68455880737926,-1.9349248022211,2.04499388401537,0,0,0,0,0,-0.117102393283281,0,0,-0.101134023525235,0,0,0,0,0,0,0,0,0,0,-0.414529995449655,0,0,0,0.540114322312339,0,0,0,0,0,0,0,0,-2.98620140367936,-0.41024884917307,0,0,0,0,0,0,-1.09003210319137,0,0,0,-0.674499344184172,0.138691759271513,1.71857388052872,0,0,0,0,0,0,0,0,0,0,0,0,0.750480681233015,0.580114213637634,0,0,0.106226410192455,0.173994271497548,-0.270834575619419,0,0,0,0,0,0,0,0,0,0,0,0,0,0,0,0.0930821799957267,0,0,1.5205392637679,-0.330326193055079,0,0,0,0,0,0,0,0.386601621749486,0,0,0
0,0,0,0,0,0,0,0.785848403635041,0,0.61592438354847,0,0,0,0,0,0,0,0,-0.322208969129181,0,0,0,0.319695817803033,0,0,0,0,0,0,0.0331681858310444,0,0,0,0,0,0.0395193678972086,0.0947564427864276,0,0,0,0,0,4.24952735896361,0,0,-0.102956616898716,0,0,0,0,0,0,0,0,0,0,0,0,0,0,0,0,0,0,0,-0.279202590510916,0,0,0,0,0,0,-0.126279353535275,0,0,0,0,-0.189952560765895,0,0.442820477159816,-0.196065764782019,0,0,0.68375907907715,0,0,0,0,0,0,0,0,0,0,0,0,0,0,0,0,-0.726027718704849,-0.725377012797559,2.47025594523512,0,0,0,0,0,0,0,0,0,0,0,0,0,0,0,0,0,0,-0.420076702253462,0,0,0,0,-0.319395962489741,0,0,0,0,0,0,0,0,-3.19573847182583,-1.64366863582579,0,0,0,-0.497237467395843,0,0,0,0,0,0,-0.65315820084771,0,1.13112016552766,0.736364646544861,0,-0.4000810051084,0.424538902798999,-0.0267015118985148,0,0,0,0,-0.442544863195524,0.0662773032549504,0,0,0.357154930103445,0,0,0,0,0,0,0,0,0,0,0,0,0,0.0358265607085007,0,0.985226236792878,0,0,0,-0.232594036830082,0.394142078406368,0,0,0.378568144628522,0,0,0,0,0,0,0,0,0,0,0,0
0,0,0,0,0,0.0284881302979463,0.326978666931919,0.623633258239711,0,0,0,0,0,0,0.0161171814566832,0,0.0661581021117101,0,-0.257321469408046,0,0,0,0,0,0,0,0,0,-0.25689951138115,0,0,0,0,0,0,0,0,0,0,0,0,0,5.50675347543942,0,0,0,0,0,0,0,0,0,0,-0.158774187380683,0,0,0,0.262795087542619,0,0,0,0,0,0,0,0,0.266755104047509,0,0,0.0697301486952295,-0.522849795789171,0,0,0,-0.0159926699175075,0,0,0,0,1.49168676890605,0,0,-0.279027505263155,0,0,-0.900185243382837,0,-0.631590955096066,0,0,0,-0.0333877468979051,0,0,0,0,0,0.125500863295548,0,0,-1.99501607201571,0,1.34568844263445,0,0,0,0,1.0668027110905,-0.596127544491909,0,0,-0.471520213051161,0,0,0,0,0,0,0,0,0,0,0,0,0,0,-0.748066904870312,0,0,0,-0.0456173201276235,0,0.0292446708738547,0,0,-1.89665188098667,-0.350311034417025,0.087461343278495,0,0,0,0,0,-0.122095444220656,0,0,0,-0.793441008723954,0,0.32476641890992,0,0,0,0.182496554602339,0,-0.984931509872945,0,0,0,0,0.18828772281125,0,0,0,0,0,0,0,0.0982960155375072,0,0,0,0,0,0,0,0,0,0,1.2120490432424,0,0.336867604038205,0,0,0,0,0,0,0,-0.495245385603938,0,0,0,0,0,0,0,0,0,0
0,0,0,0,0,0,0,0,0,0,0,0,0,0,0,0,0,0,0,-0.37483109219985,0,0,0,0,0,0,0,0,0,0,0,0,0,0,0,0,0,0,0,0,0,0,0,0,0,0,0,0,0,0,0,0,0,0,0,-0.0841681626400301,0,0,0,0,0,0,-0.177227961117565,0,0,0,0,0,0,0,0,0,0,0,0,0,0,0,0,0,0,0,0,0,0,-0.901450530978817,0,0,0,0,0,0,0,0,0,0,0,0,0,0,0,0,0,0,0,0,-3.13668682665864,0,-0.30221049367683,0,0,0,0,0,0,0,0,0,0,0,0,0,0,0,0,0,-0.0503629524367248,0,-0.0205072663440276,0,0,0,0,0,0,0,0,0,0,0,0,0,0,0,0,0,0,0,0,0,0,0,0,0,0,0,0,0,0.0375967951671574,0,0,0,0,0,0,0,0,0,0,0,0,0,0,0,0,0,0,0.144080344992381,0,0,0,0,0,0,0,0,0,0,0,0,0,0,0,0,0,0,0,0,0,0
0,-0.253686024450333,0,0,0,0,0,0,0.274664537485582,0,0,0,0,0,0,0,0,0,0,-0.599937037804442,0,0,0,0,0,0,0,-0.662231222235259,0,0,0,0,0,0,0,0,0,0,0,0,0,0,0,0,0,-0.512696761993003,0,0,0,0,0,0,0,0,0,0,0,-0.638957079967214,0,0,0,0,0,0,0,0,0,0,0,0,0,0,0,0,0,0,0,0,-0.700582839876649,0.172109686517099,0,0,0,0,0,0,-1.17822434165955,0,0,0,0,0,0,0,0,0,0,0,0,0,0,0,0,0,0,0,-2.83322398736101,0,-0.403988390852266,0,0,0,0,0,0,0,0,0,0,0,0,0,0,0,0,0,0,0,0,0,0.179696802719459,0,0,0,0,0,0,0,0,0,0,0,0,0,0,0,0,0,0,0,0,0,0,-0.0191814761996287,0,0,0,0,0.0702390919017664,0,0,0,0,0,0,0,0,0,0,0,0,0,0,0,0,0,0,0,0,0,0,0,0,-0.622972021501871,0,-0.191205205802853,0,0,0,0,0,0,0,0,0,0,0,0,0,0
0,0,0,0,-0.0220342425279201,0,0,0,0.317970649191952,0,0,0,0,0,0,0,0,0,0,0,-0.363788799185419,0,0,0,0,0,0,0,0,0,0.396742384464827,0,0,0,0,0,0,0,0,0,0,0,0.448735209565356,0,0,0,0,-0.133950567037564,0,0,0,0.284986926153989,0,0,0.0373054737172298,0.0615082808542575,0,0,0,0,0,0,0,-0.186233904775086,0.325784989991669,0,0,0,0,0,-0.146817719371437,0,0.300727751007184,0,0,0,0,0,0,0,0,0,-0.42432183503178,1.11882126025739,0,0,0,0,0,1.49586637785187,0,0,0,0,0,0,0,0,0,-0.322942617208857,-0.435576587734055,0,0,0,0,0,0,0,0,0,0,0,0,0,-0.0477860328924931,0,0,-0.0624873305859011,0,0,0,0,0,0,0,0,0,0,0,0.69296418583337,0.978006143775073,0,0,0,0,0,-0.626438809346441,0,0,0,0,0,0,0,0,0,0,0,0,0,0.575209884680683,0,0,0,0,0,0.204110880319768,0,0.108613196207979,0,0,0,-1.0637301963678,0,0,0,0,0,0,-0.174701419283266,0,0,0,0,0,0,0,0,0,-0.49996875750559,0,0,0,0,0,0,0,0,0,0,0.290149031996893,0,0,0,0,-0.0609554570113335,0.670475559846898,0,1.97620182761955,0
0,0,0,0,0,0,0,0,0,0,0,0,0,0,0,0,0,0,0,0,0,0,0,0,0,0,0,0,0,0,0,0,0,0,0,0,0,0,0,0,0,0,0,0,0,0,0,0,0,0,0,0,0,0,0,0,0,0,0,-0.479036372190219,0,0,0,-0.405340048636442,0,0,0,0,0,0,0,0,0,0,0,0,0,0.018103668239801,0,0,0,0,0,0,0,0,0,0,0,0,0,0,0,0,0,0,0,0,0,0,0,0,0,0,0,0,0,0,0,0,0,0,0,0,0,0.736179278666383,0,0,0,0,0,0,0,0,0,0,0,0,0,0,0,0,0,0,0,0,0,0.492367738209244,0,0,0,0,0,0.0729243971513387,0,0,0,0,0,0,0,0,0,0,-0.0509732154575606,0,0,0,0,0,0,0,0,0,0,0,0,0,-0.143605307594476,0,0,0,0,0,0,0,0,0,0,0,0,0,0,0,0,0,0,0,0,0,0,0,0,0,0,0,0,0,0,0
0,0,0,0,0,0,0,0,0,0,-4.93878444170961,0,0,0,0,0,0,0,0.110081434999818,0,0,0,-0.407698340008695,0,0,0.469496187154559,0,0,0,0,0.112213703978683,0,0,0.0855906990338122,0,0,0,0,0,0,0,0,0,0,-1.43431494279875,0.819876035102709,0,0,0,0,0,0,-0.53925469644526,0,0,0,0,0.613687549512511,0,0,0,0,0,0,0,-0.547552307560554,0,0,0,0,0,0,0,0,0.0507112066009396,0,0,0,0,0,0,0.143622270368613,0,0,0,0,0,0,0,0.0350757523592067,0,0,0,0,-0.875828263074969,0,0,0.534233041189279,0,0.0718124372143996,0,0,0,0,0,0,0,0,0,0,0,0,0,0,0,0,0,0,0,0,1.33901122431994,0,-0.429508599397349,0,0,-0.479499730342571,-0.156019777848053,0,0,0,0,-0.631305305446271,0,0,0,0,0,0,0,0,0,0,0,0,0,0,0,0,0,0,0,0,0,0,0,0,0,0,0,0,0,-0.201416274726089,0.0578208124182105,0,0,0,0,-1.04696654614782,0,0,0,0,0,-0.616121435719515,0,0,0.0973310327596333,0,0.0219762011590454,0,0,0,0,1.31324368808319,0,0,0,0.137077621861899,0,0,0,0,0.14703938763979,0,0,-2.51959107259884,0,0,0,-0.495418446856776
0,0,0,0,0,0,0,0,0,-0.2372218599872,0,0,0,0,0,0,0,0,0,0,0,0,0,0,0,0,0,0,0,0,0,0,0,0,0,0,0,0,0,0,0,0,0,0,0,0,0,0,0,0,0,0,0,0,0,0,-0.224489952134556,0,0,0,0,0,0,0,0,0,0,0,0,0,0,0,0,0,0,0,0,0,-0.155229310777571,0,0,0,0,0,0,0,0,0,0,0,0,0,0,0,0,0,0,0,0,0,0,0,0,0,0,0,0,0,0,0,0,0,0,0,0,0,0,0,0,0,-0.308715125666759,0,0,0,0,0,0,0,0,0,0,0,0,0,0,0,0,0,0,0,0,0,0,0.0522625645523771,0,0,0,0,0,0,0,0,0,0,0,0,0,0,0,0,0,0,0,0,0,0,0,0,0,0,0,0,0,0,0,0,0,0,0,-0.120096524841201,0,0,0,-0.475559972387676,0,0,0,0,0,0,0,0,0,0,0,0,0,0,0,0
6.34861743207964,0,0.0821144418236128,0,0,0,0,0,0,0,0,0,0,0,0,0,0,0,0,-0.948785062178467,0,0,0,0,0.495832329399515,0,0,0,0,0,0,0,0,0,0,0,0,0,0,0,0,0,0,0,-0.0823629123789169,0,0,0,0,0,0,0,0,0,0,0,0,0,0,0,0,0,0,-1.42918689372464,0,0,0,0,0,0,0,0,0,0,0,0,0,0.0828390951114688,0,-0.0886887705429629,0,0,0,0,-1.24881584812184,-0.283743533093041,0,0,0,0,0,0,0,0,0,0,0,0,0,0.314124545778518,0,0,0,0,0,0,0,0,0,0,0,0,0,0,0,0,0,0,0,0,0,0,0,0,0,0,0,0,0,0,0,0,0,0,0,0,0,0,0,0,0,0,0,0.582185303357727,0,0,0,0,0,0,0,0,0.0857905618932495,0,0.216451702291639,0,0,0,0,-0.184374956045698,0,0,0,0,0,0,0,0,0,0,0,0,0,0,0,0,0,0,0,-0.574697144557532,0,0,0,0,0,0,0,0,0,0,0,0,0,0,0,0,0,0,0,0
0,0,0,0,0,0,0,0,0,0,0,0,0,0,0,0,-0.236259802051814,0,-0.503848725017917,0,0,0,0,0,0,0,-0.616805552546073,0.121173153029109,0,0,0,0,0,0,0,0,0,-0.881307249990225,0,0,0,0,0,0,0,0,0,0,0,0.179525740156562,0,0,0,0,0,0,-0.0743852689347686,0,0,0,0,0,0,0,0.461526000311055,0,-0.0666239849909935,0,0,0,0,0,0,0,0,0,0,0,0,0,0,0,0,0,0,-1.16037003392626,0,0,0,0,0,0,0,0,0,0,0,0,0,0,0,0,0,-0.120674699023634,0,0,-1.16702135064674,0,0,0,0,0,0,0,0,0,0,-1.82209944213806,0,0,0,0,0,0,0,0,0,0,0,0,0,0,0,0,0,0,0,0,0,0,0,0,0,0,0,0,0,0,0,0,0,0,0,0,0,0,0,0,0,0,0,0,0,0,0,0,0,0,-0.771895701940162,0,0,0,0,0,0.17426814605218,0,-0.040241700114785,0,0,0,0,-0.284614507756085,0,0,0,0,0,-1.18317738839318,0,-0.053543020589871,0,0,0,0,0,0,0,-0.415113254401003,0,0
0,0,0,0,0,0,0.612634069990118,0,0,0,0,0,0,0,0,0,0,0,0,0,0,0,0,0,0,0,0,0,0,0,0,0,0,0,0,0,0,0,0,0,0,0,0,0,0,0,0,0,0,0,0,0,0,0,0,0,0,0,0,0,0,0,0,-0.604078095060917,0,0,0,0,0,0,0,0,0,0,0,0,0,0,-0.0083620912338529,0,0,0,0,0,0,0,0,-0.106601680103013,0,0,0,0,0,0,0,0,0,0,0,0,0,0,0,0,0,0,0,0,0,0,0,-0.137595505206802,0,0,0,0,0,0,0,0,0,0,0,0,0,0,0,0,0,0,0,0,0,0,0,0,0,0,0,0.377089230904647,0,0,0,0,0,0,0,0,0,0,0,0,0,0,0,0,0,0,0,0,0,0,0,0,0,0,0,0,-0.229353120263128,0,0,0,0,0,0,0,0,0,0,0,0,0,0,0,0,0,0,0,0,0,0,0,0,0,0,0,0,0,0,0
0,0,0,0,0,0,0,0,0,0,0,0,0,0,0,0,0,0,0,0,0,0,0,0,0,0,0,0,0,0,0,0,0,0,0,0,0,0,0,0,0,0,0,0,0,0,0,0,0,0,0,0,0,-0.0203596049798556,0,-0.592086411122588,0,0,0,0,0,0,0,0.36930158822237,0,0,0,0,0,0,0,0,0,0,0,0,0,0,-1.64525733745252,0,0,0,0,0,0,0,1.02313939463782,0,0,0,0,0,0,0,0,0,0,0,0,0,0,0,0,0,0,0.203053661481136,0,0,0,0,0,0,0,0,0,0,0,0,0,0,0,0,0,0,0,0,0,0,0,0,0,0,0,0,0,0,0,0,0,0.293712903527748,0,0,0,0,0,0,0,0.0435593288500451,0,0,0,0,0,0,0,0,0,0,0,0,0,0,0,0,0,0,0,0,0,0,0,0,0,0,0,0,0,0,0,0,0,0,0,0,0,0,0,0,0,0,0,0,0,0,0,0,0,0,0,0
0,0,0.331455500505615,0,0,0,0.00659767059423322,0,0,0,0,0,0,0,0,0,0,0,0,0,0,0,0,0,0,0,0.102517307338259,0,0,0,0,0,0,0,0,0,0,0,0,0,0,0,0,0,0,0,0,0,0,0,0,0,0,0,0,0,0,0,0,0,0,0,0,0,0,0,0,0,0,0,0,0,0,0,0,0,0,0,0,0,0,0,0,0,0,0,0.276822880350882,-0.221317295027954,0,0,0,0,0,0,0,0,0,0,0,0,0,0.0661917366304134,0,0,0,0,0,0,0,0,0,0,0,0,0,0,0,0,0,0,0,0,0,0,0,0,0,0,0,0,0.0117579394094023,0,0,0,0,0,0,0,0,0,0.416979541145435,-0.183740142620873,0,0,0,0,0,0,0,1.03195136320332,0,0,0,0,0,0,0,0,0,0,0,0,0,0,0,0,0,0,-0.0725678113034349,0,0,0,0,0,0,-0.613247837407497,0,0,0,0,0,0,0,0,0,0,0,0,0,0,0,0,0.0848135640466405,0,0.452583594206508,0,0,0,0,0
0,0,0,0,0,0,0,0,0,0,0,0,0,0,0,0,0,0,0,0,0.107015503728362,0,0,0,0,-0.0900090424116557,0,0,0,0,0,0,0,0,0,0,0,0,0,0,0,0,0,0,0,0,0,-12.4876437461552,0,0,0,0,0,0.0673601166388098,0,0,0,0,0,0,0,0,0,-1.06808589330153,0,0,0,0,0,0,0,0,0,0,0,0,0,0,0,0,-0.0557505446997979,0,0,0,0,0,0,0,0,0,0,-0.27817812825726,0.128650229649731,0,0,0,0,0,0,0,0,0,0,0,0,0,0,0,0,0,0,0,0,0,0,0,0,0,0,0,0,0,0,0,0,0,0,0,0,0,0,-0.383684821276683,0,0,0,0,0,0,0,0,0,0,0,0,0,0,0,0,0,0,0,0,0,0,0,0,0,0,0,0,-1.39245715504484,0,0,0,0,0,0,0,0,0,0,0,0,0,0,0,0.235356104338365,0,0,0,0,0,0,0,0,0,0,0,0,0,0.446843252846584,0,0,0,0,0,0,0,0,0
0,0,0,0,0,0,0,0,0.0216414443597857,0,0,0,0.0988167642651054,0,0,0,0,0,0,0,0.504771613554439,0,0,0,0,0,0.394516746177617,0,0,0,0,0,0,0.763003513038229,0,0,-0.625936226605033,0,0,0,0,0,0,0,0,0,0,0,0,0,0,0,0,-0.0547501466026628,0,0,0,0,0.19902520475099,0,-0.0874914194550729,-0.479006354281781,0,0,0,0,0,0,0,0,0.299421379314817,0,0,0,0,0,0,0,0,0,0,0,0,0,0,0,0,0,0,0,0,0,-0.334683837856304,0,0,0,0,0,0,0,0,0,0,0,0,0,0,0,0,0,0,0.288131067643158,0,0.0929362351392256,0,0,0,-0.265454151459158,0,0,0,0,0,0,0,0,0,0,0,0,0.237179338377222,0,0,0,0,0,0,0,0,0,0,0,0,0,0,0,0,0,0,-0.228991154107529,0,0,0,0,0,0,0,0,0,0,-1.07149588348369,0,0,0,0,0,0,0,0,0,0,0,0,-0.290235705722567,-0.427573377322146,0,0,0.522364553138196,0,0.362706157103714,0,0,0,0,0,0,0,0,0,0,0,0,0,0,0,0,0,0.0876956065862271,0,0
0,0,0,0,0,0,0,0,0.496217190540921,0,0,0,0,0,0,0,0,0,0,0.164382322699147,0,-0.30356147023003,0,0,0,0,0,0,0,0.463665403683223,0,0,0,0,0,-1.17428388644785,0,0,0,0,0,0,0,0.117486423820406,0,0,0,0,0,0,0,0,0,0,0,0,0,-1.69140312905496,0,0,0,0,0,-0.397340633664154,0,0,0,0,0,0,0,0,0,0,0,0,-9.18524318173491,0,0,0,0,0,0,0,0.0197156066106488,0,0,0,0,0.341063966989853,0,0,0,0,0,0,0,0.0285487835185549,0,0,-0.315376401790407,0,0,-0.339451818400376,0,0,0,0,0,0,0,0,0,0,0,0,0,0,0,0,0,0,0,0,0,0,0,0,0,0,0,0,0,0,0,0,0,0,0,0,0,0,0,0,0,0,0,0,-0.105252131472612,0,0,0,-0.851288257217607,0,0.0636295811274794,0,0,0.33626270304276,0,0,0,0,0,0,0,0,0,0,0,0,0,0,0,0,0,0,0,-0.812065920322949,0,0,0,0,0,0,-0.00185675718409017,0,0,0.614629986406617,0,0,-0.140710240436352,0,0,0,-0.781203544894127,0,0,0.304796350169716,0,0
0,0,0.0290465681569865,0,0,0,0,-0.873736795589406,0,-0.262035144129193,0,0,0,0,-0.145821785951796,0,0,0,0,0,0,0.401174479414249,0,0,0,-0.421156991213513,0,0,0,0,0,0,0,0,0,0,0,-1.04567036151783,0,0,0,0,0,0,0,0,0,0,0,0,0,0,0,0,0,0,0,0,0,0,0,0,0,-0.186212067474202,0,0,0,0,0,0,0,0,0,0,0,0,0,0,0.266626642369422,0,-0.0245567250698997,0,0,0,0,0,0,0,0,0,0,0.728507207226577,-0.511829647122325,0,0,0,0.150265169606267,0,0,0,0,0,0,0,0,0.333337335521945,-0.384629384429925,-0.519721260681596,0,0,0,0,-0.184864578147033,0,0.00108554693273888,0,0,0,0,0,0,0.775428468394597,0,0,0,0,0,0,0,0,0,-0.357104222231515,0.847041302554433,0,0,0,0,0,0,0,0,0,0.156483715499117,0,0,0,0,0,0.173545856265602,0,0,0,0,-0.516808021932456,0.155903531764993,0,0,0,0,0,-0.0328348403354732,0,0,0.181157484566571,0,0,0,0,0,0,0,0,0,0.566601430885465,0,0,0,-0.0179057979812882,0,0,0,0,0,0,0,0,0,0,0,0,0,0,-1.2931473437368,0.554326126898766,0,0,-0.069677891032728,0,0,0
0,0,0,0,0.0163209179077808,0,0,0,0,0,0,0,0,0,0,0,0,0,0,0,0,0,0,0,0,0,0,0,0,0,0,0,0,0,0,0,0,0,0,0,0,0,0,0,0,0.0249858080942518,0,0,0,0,0,0,0,0,0,0,0,0,0,0,0,0,0,0,0,0,0,0,0,0,0,0,0,0,0,0,0,0,0,0,0,0,0,0,0,0,0,0,0,0.352090668451945,0,0,0,0,0,0,0,0,0,0,0,0,0,0,0,0,0,0,0,0,0,0,0,0.197676626575956,0,0.288871786060302,0,-2.82583401072719,0,0,0,0,0.0487212841031237,0,0,0,0,0,0,0,0,-0.0317254214874851,0,0,0,0,0,0,0,0,0,0,0,0,0,0,0,0,0,0,0,0,0,0,0,0,0,0,0,0,0,0,0,0,0,0,0,0,0,0,0,0,0,0,0,0,0,0,0,0,0,0,0,0,0,0,0,0,0,0,0,0,0,1.13936737341304,0,0,0,0,0,0
0,-0.353969375731396,0,0,0,0,0,0,0,0,0,0,0,0,0,0,0,0,0,0,0,0,0,0,-0.279515292344275,0,0.333389153587066,0,0,0,0,0,0,0,0,-0.304165964799442,0,-0.270422137773244,0,0,-0.161608796443961,0,0.189584037117542,0,0,-0.200203963433361,0,0,0,0,0,0,0,0,0,0,0,0,0.173525383084438,0,0,-0.212904931874628,0,-0.735397742889252,0,0,0,0,0,0,0,0,0,0,0,0.144909100822189,0,0,0,0,0,0,0,0,0,-0.53521463310765,0,0,0.561297196079777,0,0,1.00024449464377,0,0.136388527691054,0,0,0,0,0,-0.35274770348274,0,0,0,0,0,1.04071976708145,-4.12306501687851,0,0,0,0,0,0,0,0,0,0,0,0,0,0,0,0,0,0,0,0,0,0,0,0,-0.430044415480854,0,0,-0.0867879981771635,0,0,0,0,1.53227544237237,0,0,0,0.0301556062187727,0,0,0,0.179130605769571,0,0,0,0,0,0,0,0,0,0,0.000271210859759119,0,0,0,0,0.224060635615342,0,0,0,0,0,0,0,0,0,0,-0.186068161330249,0,0,0,-0.681632691395351,0,0,0,0,0,0,0,0,0.0560326313318034,0,0,0,0,0,0,-0.556650212080402,0,-0.204757537558806,0,0,0
0,0,0,0,-2.24515111264999,0,0,0,0.466566664269392,0.503179793883412,0,0,0,0.218288196653243,0,0,-0.753403132125112,0,-4.97474513975885,0,0,0,0,0,0,0,0,0,0,0,0,0,0,0,0,0,0.685913633475659,0,0,0,0,0,-0.381621777324107,0,0,0.043439918329925,0,0,0,0,0,0,0,0,0,0,0,0,0,0,0,0,0,0,0,0,0,0,0,0,0.0657884716589177,0.0103139341866441,0,0,0,0.474220325127802,0,0,0,-0.0438217598672792,0,0.079571492386622,0,0,0,0,0,0,0,0.409101358512443,0,0.269242675153105,0,0,-0.651359799601909,0,0,0,0,0,0,0,0,0,0,0,0,-0.674540329532501,0,0,0,-0.128281565358993,0.0568653806669626,0,0,0,0,0,0,0,0,0,0,0,0,0,0.0786334833180649,0,0,0.135599826988133,0,-0.643218377469835,0,0,0.019778653682901,0,0,-0.70525095552646,0,0,0.584011254584278,0,0,0,0,0,0,0,0,-0.478811610030212,0,0,0,0,0,0,0,0,0,0,0,0,0,0,0,0,0,0,0.147160094464938,0.00138426983794315,0,0,0,0,0,0,0,0,0,0,0,0,0,0,0,0,0,0,0,0,0,0,0,0.59010455007422,0,0,0,0,0,0
0,0,0,0,0,0,0,0,0.283265914602368,0,0,0,0,0,0,0,0,0,0,0.0390718682561697,0,0,0,0,0,0,0,0,0,0,0,0,0,0,0,-0.0566148202189414,0,0,0,0,0,0,0,0,0,0,0,0,0,0,0,0,0,0,0,0,0,0,0,0,0,0,0,0,0,0.108364752434047,0,0,0,0,0,0,0,0,0,0,0,0,0,0,0.527779729395607,0,0,0,0,0,0,0,0,0,0,0,0,0,0,0,0,0,0.123223118586,0,0,0,0,0,0,0,0,0,0,0,0,0,0,0,0,0,0,0,0,0,0,0,0,0,0,0,0,0,0,0,0,-0.324405450186214,0,0,0,0,0.256509119854358,0,0,0,0,0,0,0,0,0,0,0,0,0,0,0,0,0,0.0937879970871165,0,0,0,0,0,0,0,0,0,0,0,0,0,0,0,0,0,0,0,0,0,0,0,0,0,0,0,0,0,0,0,0,0,0,0,0,0,0,0,-0.18701553566622,0,0,0,0,0
0,0,0,0,0,0,0,0,0,0.157158473714249,0,0,-0.197237957583141,0,0,0,0,0,0,0.522975475001138,0,0,0,0,0,0,0,0,0,0,0,0,0,0,0,0,0,0,0,0,0,0,-0.136474095612349,0,0,0,0,0,0,0.39971213202937,0,0,0,-0.479590614307822,0.0412100047992623,0,0,0,0,0,0,0,0,0,0,0,-0.0371417239192438,0,0,0,0,0,0,0,0.972087114444393,0,0,0,0,0,0,0,0.0578975033836566,0,0,0,0,-0.332179763320789,0,0,0,0.893732654513472,0,0,0,0,0,0,0,0.854461740567007,0,0,0,0,0,0,0,0,0,0,0,0,0,0,0.276425945883766,0,0,0,0,0,0,0,-0.551675588746243,0,0,0,0,0,0,0,0.187651562198751,0,0.192331879059715,0,0,0,0,0,0,0,0,0,0,-0.542633872862855,0,0,0,0,0,0,-0.0322129815273804,0,0,0,0,0,0,0,0,0,-0.932112907004211,0,0,0,0,0,0,0,0,0,0,0,0,0,0,0,0,0,0,0,-0.499355443519268,0,0,0,0,0,0,-0.240827128890805,0,0,0,0,0,0.0675860820687992,0,0,0,0,0,0
0,0,0,0,0,0,0,0,0,0,0,0,0,0,0,0,0,0,0,0,0,0,0,0,0,0,0,0,0,0,0.0277934022544297,0,0,0,0,-0.237999103326269,0,0,0,0,0,0,0,0,0,0,0,0,0,0,0,0,0,0,0,0.547589884891585,0,0,0,0,0,0,0,-1.04755520302557,0,-0.628483900581497,0,0,0,0,0,0,0,0,0.260102402534625,0.240337825419621,0,0,0,0,0,0,0,0,0,0,0,0,0,0,0,0,0,0,0,0,0,0,0,0,0,0,0,0,0,0,0,0,0,0,0,0.225894060124829,0,0,0,0,0,0,0,0,0,0,-0.066386586366953,0,0,0,0,0,0,0,0,0,0,0,0,0,0,0,0,0,0,0,0,0,0,0,0,0,0,0.00685204514684412,0,0,0,0,0,0,0,0,0,0,0.0214601381611597,0,0,0,0,0,0,0,0,0,0,0.000614414147180664,0,0,0,0,0,0,0,0,-0.480913222377968,0,0,0,0,0,0,0,0,0,0,0,0,0,0,0,0,0,0,0
0,0,0,0,0,0,0,0,0.480090943945775,0,0.144525537610879,0.109708855480261,0,0,0,0,0,0,0,0,0,0,0,0,0,0,0,0,0,0,0,0,0,0.632184318922584,0,0,-0.828858823797874,-0.261696477938695,0,0,0,0,-0.263636963767066,0,-0.305496923418634,0.575790796538048,0,0,0,0,0,0,0,0,-0.10078364599956,0,0,0.605977958815972,0,0,0,-0.276489778190067,0,0,0,-0.902313297691523,0,0,0,0,0,0,0,0,0.00422052218570768,0,0,0.380380851273245,0,0,0,1.119911748642,-0.48093311888179,0,-0.798179148644148,0,0,0,0,0.63513489557335,0,0.16551896581,0,0,0,0,0,0,0,0,0,-0.613605992075732,0,0.384342346518121,0,0,0,0,0,0,0,0.865992174844105,0,0,0,1.00059353218086,0,0,0,0,0,0,0,0,0,0,-0.70652060023604,0,0,0,-0.0273502460215809,0,0,0,0,0,-0.316855142349618,0,0,0,0,0,0,0,0,0,0,0,0,0,0,0,0,0,0,0,0,0,0,-0.838192785249887,0,0,-0.223645422659963,0.552015919976932,0,0,0.636189117369425,0.158308825782861,0,0,-0.351123315206631,0,0,0,0,0,0,-0.059284695215974,0,0,0,0.156171468128014,0,0,-1.84594412355807,0,0,0,0,0,0,0,0,0,2.31186100125215,0,0,2.74536472084259,0,0
0.999356580660469,-0.155237875989412,0,-6.88219892333991,1.61595555780133,0,0,0.853928416312336,-16.3872482149261,0,0,0.760002067314242,0,0,0,0,-0.0659382120898835,0,0,0,0,0.338330137062987,0,0,-0.206684600874724,0,0,0,0,0,0,0,0,-1.21805696855905,0,-0.178398349080394,0,0,0,0,0,0,1.47252865381468,0,-0.770370671144405,-0.804325440559788,0,0,0,0,0,0,0,0,0,0,0,0,0,0,0.394598409754392,0.226566884384598,0,0,0,0,0,0,0,0,0,0,-1.10405535630724,0.170733352417121,0.890170205404484,0,0,0,0,0,0,-2.8040082641699,0,0.220112587821388,0,-0.743393956821784,0,0,0,0,0,0,0,0,0.402916243440176,0,0,0,0,0,0,0,0,1.42166337500754,0,0,-1.09905166365668,0,0,0,0,0,0,0,0,0,0,0,0.466493671254679,0,-0.0846198744443012,0,0,0,0,0,0.305556426394357,0,0,0.754420121601232,0,1.74844328079458,0,0.0059409282834082,0,0,0,-0.802832367961029,0,0,0.262393998904998,0,0,0,-0.232208684282136,0,0,0,0,0.924936116232946,0,0,0,-0.300816073513128,-0.237097856962921,0,0,0,0,0,0,0,0,-0.883426373689835,-3.68788134803529,-1.74435539126442,0,0,-0.376387128894416,0,0,0,0,0,-1.28088425216613,0,0.729478301443682,0,0,1.38164422737759,0,1.22179378699271,0,0,0,0,0,0,0,-0.14064444787739,0,0,-0.434866259041159,-1.30388202001523,0,0,0,0,0,-2.5293369317501
0,-0.137226818866163,0,0,0,0,0,0,0,0,0,0,0,0,0,0,-0.259948558107533,0,0,0,0.678136507434959,0,-0.154818701677199,0,0,0,0,0,0.0115465361619542,0,0,0,0,0.199855228819033,6.38485999966318,0,0,0,0,0,0,0,0,0,0,-1.14065417608769,0,0,0,0,0,0,1.53184448974552,0,0,0,0,0,0,0,0,0,0,0,0,0,0,0,0,0,-0.251866584298089,0,0,0,10.7143995491618,0,0,0,0,0,0,-1.1928040204683,0,0,0,0,-5.1191756608256,0,0,0,0.203023249674075,-0.94268332417687,0,0,0,0,0,0,0,0,0,0,-0.403621682635514,0,0,-0.952099072598496,0,0.153279393393717,0,0,0,0,0,0,1.15789660639697,0,0,0,0,0,0,0,0,0,0,0,0,0,0,0,0,0,-0.823067796287317,0,0,0,0,0,0,0,0,0,0,0,0.00868857707401971,0.438164670629846,0,0,0,-0.107843521883217,0,0,-0.820464493468611,-0.144431130243079,0,0,0,0,0,0,0,0,0,0,0,0,0,0,0,0,0.746638825140957,0,0,0,0,0,0,0,0,0,0,0,0,0,-0.460453007166602,0,1.23684503126566,0,0,-0.318914532756867,0,0,0,0,0,0,-0.612090376057902,-0.0660038600957817,0,1.52035761492081
0,0,0,0,0,0,0,0,0,0,0,0,0,-0.235309153779739,0,0,0,0,0,0,0.363969214106045,0,0,0,0,0,0,0,0,0,0.394013476627118,0,0,0.258318882299792,5.15515526631752,0,0,0.0614411114450295,0,0,0,0,0,0,0,0,0,0,0,0,0,0,0.232453253757196,0,0,0,0,0,0,0,0,0,0,0,0.46730982095205,0,0,0,0,0,0,0,0,0,7.69063106707191,0,0,0,1.50339089817634,0,0,-0.998697858423764,0,0,0,0,0,0,0,0,0,-0.249538276579987,0,0.385015077057499,-0.0950651138167387,0,0,0,0.407756045574566,0,0,0,0,0,0,0,0,0.296254421909476,0,0,0,-0.362342636476191,0,-0.0931215022629204,0.864578538427882,0,0,0,0,0,0,0,0,0,0,-0.524099246698093,0,0,0.253702423721727,0,0,0,0,0,0,0,-0.644245483873038,0,0,0,0,0,0,0,0,0,0,0,0,0,0,0,-1.18314918257444,0,0,-0.608007145226937,0,0,0,0,0,0,0,0,0,0,0,0,0.00916049340595393,0.0210357394603733,0,0,0,0.00259759605414178,0,0,0,0,0,0,0,0,0,0,0,0,0,1.19404713898095,0,0,0,0,0,0,0,0,-0.0311634465849673,0,0,1.30172055768428
0,0,0,0,0,0,0,0,0,0,0,0,0,0,0,0,0,0,0,0,0,0,0,0,0,0,0,-0.321660689694372,0,0,0,0,0,0,0,0,0,0,0,0,0,0,0,0,0,0,0,0,0,0,0,0,0,0,0,0.179231237508607,0,0,0,0,0,0,0,0,0,0,0,0,0,0,0,0,0,0,1.56916845371434,0,0,0,-0.686435492850252,0,0,0,0,0,0,0,0,0,0,0,0,0,0,0,0,0,0,0,0,0,0,0,0,0,0,0,0,0,0,0,0,0,0,0,0.43320422630084,0,0,0,0,0,0,0,0,0,0,0,0,0,0,0,-0.330392144381839,0,0,0,0,0,0,0,0,0,0,0,0,0,0,0,0,0.324227401916633,0,0,0,0,0,0,0,0,0,0,0,0,0,0,0,-0.00674496362923316,0,0,0,0,0,0,0,0,0,0,0,0,0,0,0,0,0,0,0,0,0,0,0,0,0,0,0,0,0,0,0,0,0,0,0,0
0,0,-0.593445801050878,0,1.58046587102997,0,0,0,0,0,0,0,0,0.517124324298661,0,0,0,0,0,0,0,0,0,0,0,0,0,0,-0.224587593243215,0,0,0,0,0,0,-0.827887452515682,0,0,0,0,0,0,0,0,0,0,0,0,0,0,0,0,0,0,0,0,0,0,0,0,0,0,0,0,-0.118515601190343,1.54047217178639,0,0,0,0,-0.0674903534209788,0,0,0,0,0.471781728893435,0,0,0,0,0,0,0,0,0,0,0,0,0,0,0,0.811832184509357,0,0,0,0,0,0,0,-0.112975928999886,0,0,0.968452736213799,-0.317719187835056,0,0,0,0,0,0,0,0,0,0,0,0,0,0,0,0,-0.128241419465766,0,0,0,0,0,0,0,0,0,-0.240949673790202,0,0,0,-0.385222591244269,0,1.12745769849813,0,0,0.451815087979583,0.506819775311111,0,0,0,0,0,0,0,0,0,0,0,0,0,0,0,0,0,0,0,0,0,0,0,0,0,0,0,0,0,0,0,0,0,0,0,0,0.446725505213247,0,0,0,0,0,0,0,0,0,1.1326863176853,0,0,0,0,0,0,0,0.683363791228584,0,0,0,0
0,0,0,0,0,0,0.0663225954174604,0.00810837809979459,0,0,0,0,0,0,0,0,0,0,0,0,0,0,0,0,0,0,0,0,0,0,0,0,0,0,0,-0.190547632818977,0,0,0,0,0,0,0,0,0,-0.190304436420072,0,0,0,0,0,0,0,0,0,0,-0.261334413742389,0,0,0,0,-0.0539737878060012,0,0,-0.147986121488142,0.467327404335888,0,0,0,0,0,0,0,0,0,0.415633363340578,0,0,0,0,0,0,0,0,0,-0.0628631360284568,0,0,0,0,0,0,0,0,0,0,0,0,0,-0.0454509660605604,0,0,1.40814771950498,0,0,0,0,0,0,0,0,0,0,0,0,0,0,0,0,0,0,0,-0.184244269158629,0,0,0,0,0,-0.208882639376119,0,-1.4031406450047,0,0,0,0,0.389756030149292,1.17138411898807,0,0,0,0,0,0,0,0,0,0,0,0,0,0,0,0,0,0,0,0,0,0,0,0.868003081235385,0,0,0,0,0,0,0,0,0,0,0,0,0.16072902478527,0,0,0,0.0835724924880443,0,0,0,0,0,0,0.125249354380243,0,0,0,0,0,0,0,0,0,0,0,-0.611379027206421,0,0,0
0,0,0,0,0,0,0,0,0,0,0,0,0,0,0,0,0,0,0,0,0,0,0,0,0,0,0.108763452198377,0,0,0,0,0,0,0,0,0,0,0,0,0,0,0,0,0,0,0,0,0,0,0,0,0,0,0,0,0,0,0,0,0,0,-0.0506433214523032,0,0,-0.0179786578914034,0,0,0,0,0,0,0,0,0,0.290096951810553,0,0,0,-0.78197424663455,0,0,0,0,0,0,0,0,0,0,0,0,0,0,0,0,0,0,0,0,-0.0634571800226058,0,0,1.86757319554001,0,0,0,0,0,0,0,0,0,0,0,0,0,0,0,0,0,0,0,0,0,0,0,0.572523499639644,0,0,0,0,0,0,0,0,0,0,0,0,0,0,0,0,0,0,0,0,0,0,0,0,0,0,0,0,0,0,0,0,-0.115102666860756,0,0,0,0,0,0,0,0,0,0,0,0,0,0,0,0,0,0,0,0,0,0,0,0,0,0,0,0,0,0,0,0,0,0,0,0,0,0,0,0
0,0,0,0,0,0,0,0,0,0,0,0,0,0,0,0,0,0,0,0,0,0,0,0,0,0,0.897783433086726,0,0,0,0,0,0,0,0,0,0,0,0,0,0,0,0,0,0.0618059170930776,0,0,0,0,0,0,0,0,0,0,0,0,0,0,0,0,0,0,0,0,0,0,0,0,0,-0.421087880504096,0,0,0,0.116141675759273,0,0,0,0,0,0,0,0,0,0,0,0,0,0,0,0,0,0,0,0,0,0,0.0278134265571295,0,0,0,0,2.18550522021254,0,0,0,0,0,0,0,0,0,0,0,0,0,0,0,0,0,0,0,0,0,0,0,0,0,0,0,0,0,0,0,0,0,0,0,0,0,0,0,0,0,0,0,0,0,0,0,0,0,0,0,0,0,0,0,0,0,0,0.0754668707795263,0,0,0,0,0,0,0,0,0,0,0,0,0,0.00391808270697025,0,0,0,0,0,0,0,0,-0.247379748165243,0,0,0,0,0,0,0,0,0,0,0,0,0,0,0
0,0,0,0,0,0,0,0,0,0,0,0,0,0,0,0,0,0,0,0,0,0,0,0,0,0,0,0,0,0,0,0,0,0,0,0,0,0,0,0,0,0,0,0,0,0,0,-5.88013853767199,0,0,0,0,0,0,0,0,0,-0.453717819085995,0,0,0,0,0,0,0,0,0,0,0,0,0,0,0,0,0,0,0,0,0,0,0,0,0,0,0,0,0,0,0,0,0,0.148596057609319,0.137712037950843,0,0,0,0,0,0,0,0,0,0,0,0,0,0,0,0,0,0,0,0,0,0,0,0,0,0,0,0,0,0,0,0,0,0,0,0,0,0,0,0,0,0,0,0,0,0,0,0,0,0,0,0,0,0,0,0,0,0,0,0,0,0,0,0,0,0,0,0,0,0,0,0,0,0,0,0,0,0,0,0,0,0,-0.0845242722138231,0,0,0,0,0,0,0,0,0,0,0,0,0,0,0,0,0,0,0,0,0,0,0,0
0,0,0.0792730556898456,0,0,0,0,0,0,0,0,0,0,0,0,0,0,0,0,-0.0337724711455576,0,0,0,0,-0.0636762182524313,0,0,0,0,0,0,0,0,0,0,0,0,0,0,0,0,0,0,0,0,0,0,0,0,0,0,0,0,0,0,0,-0.107415072066701,-0.575428055047692,0,0,0,0,0,0,0,0.129416725990102,0,0,0,0,0,0,0,0,0,0,0,0,0,0,0,0,0,0,0,0,0,0,0,0,0,0,0,0,0,0,0,0,0,0,0,0,0,0,0,0,0,0,0,0,0,0,0,0,0,0,0,0,0,0,0,0,0,0,0,0,0,0,0,0,0,0,0,0,0,0,0,0,0,0,0,0,0,0,0,0,0,0,0,0,0,0,0,0,0,0,0,0,0,0,0,0,0,0,0,0,-0.56094406373603,0,-0.464745116656199,0,0,0,0,0,0,0,0,0,0,0,0,0,0,0,0,0,0,0,0,0,0,0,0,0,0,0,0,0,0,0
0,0,0,0,0.728014694410395,0,0,0,0,0,0,0,0,0,0,0,0,0,0,0,0,0,0,0,-0.0383496745608951,0,0,0,0,0,0,0,0,0,0,0,0,0,0,0,0,0,0,0,0,0,0,0,0,0,0,0,0,0,0,0,0,-0.214757639494544,0,0,0,0,0,0,0.0364454488222055,0,0,0,0,0,0,0,0,0,0,0,0,0,0,0,0,0,0,0,0.66550414338832,0,0,0,0,0.281106617264472,0,0,0,0,0,0,0,0,0,0,0,0,-0.182718003053097,0,0,0,0,0,0,0,0,0,0,0,0,0,0,0.288758251013431,0,0,0,0,0,0,0,0,0,0,0,0,0,0,0,0,0,0,0.353903151516167,0,0,0.372503945921571,0,0,0,0,0,0,0,0,0,0,0,0,0,0,0.11128121073516,0,0,0,0,0,0,0,0,0,0,0,-1.32756954579772,0,-0.995088841923455,0,0,0,0,0,0,0,0,0,0,0,0,0,0,0,0,0,0,-0.128567712676907,0,0,0,0,0,0,0,0,0,0,0,0
0,0,0,0,0,0,0,0,0,0,0,0,0,0,0,0,0,0,0,-0.1802510404525,0,0,0,0,0,0,-0.342797008593476,0,0,0,0,0,0,0,0,0,0,0,0,0,0,0,4.74855684529047,0,0,-0.0503101211722008,0,0,0,0,0,0,0,0,0,0,0,-0.643939333702625,0,0,0,0,0,0,0,0,0,0,0,0,0,0,0,0,0,0,0,0,0,0,0,0,0,0,0,0,-0.307521207404225,0,0,0,0,0,0,0,0,0,0,0,0,0,0,0,0,0,0,0,0,0,0,0,0,0,0,0,0,0,0,0,0,-0.87966228491199,0,0,0,0,0,0,0.871369182696436,0,0,0,0,0,0,0,0,0,0,0,0,0,0,0,0,0,0,0,0,0,0,0,0,0,0,0,0,0,0,0,0,0,0.151052813359262,0,0,0,0,0,-0.182006740162832,0,0,0,0,0,0,-0.295931518475812,0,0,0,0,0,0,0,0,0,0,0,0,0,1.34541702900155,0,0,0.420938605439372,0,0,0,0,0,0,0,0,0
0,0,0,0,0,0,0,0,0,0,0,0,0,0,0,0,0,0,0,0,0,0,0,0,0,0,0,0,0,0,0,0,0,0,0,0,0,0,0,0,0,0,2.91128111250184,0,0,0,0,0,0,0,0,0,0,0,0,0,0,-0.840220304081952,0,0,0,0,0,0,0,0.0799562972114209,0,0,0,0,0,0,0,0,0,0,0,0,0,0,0,0,0,0,0,0,-0.379620566939614,0,0,0,0,0,0,0,0,0,0,0,0,0,0,0,0,0,0,0,0,0,0,0,0,0,0,0,0,0,0,0,0,-0.409997848118169,0,0,0,0,0,0,0,0,0,0,0,0,0,0,0,0,-0.2233548234489,0,0,0,0,0,0,0,0,0,0,0,-0.0026477555238924,0,0,0,0,0,0,0,0,0,0,0,0,0,0,0,0,0,0,0,0,0,0,0,0,0,0,0,0,0,0,0,0,0,0,0,0.307986178968738,0,0,0,0,0,0,0,0,0,0,0,0,0,0,0
0,0,0,0,0,0,0,0.0908837358283336,0,0,0,0,0,0,0,0,0,0,0,-0.274926036163433,0,0,0,0,0,0,0,0,-0.00171417778862204,0,0,0,0,0,0,0,0,-0.191375311812294,0,0,0,0,0,0,0,0,0,0,0,0,0,-0.0726651690546127,0,0,0,0,0,-0.404376984893417,0,0,0,0,0.0968512254891079,0,0,0,0,0,0,0,0,0,0,0,0,0,0,0,-0.276935254657485,0,0,0,0,0,0,0,0,0,0,0,0,0,0,0,0,0,0,0,0,0,0,0,0,0,0,0,0,0,0,0,0,0,0,0,0,0,0,0,0,0,0.256867842197742,0,0,0,0,0,0,0,0,0,0,0,0,0,0,0,0,0,0,0,0,0,0,0,0,0,0,0,0,0,0,0,0,0,0,0,0,0,0,0,0,0,0,0,0,0,0,0,0,0,0,0,0,0,0,0,0,0,0,0.160127531502392,0,0,0,0,0,0,0,0.294368955322273,0,0,0,0,0,0,0,0,0,0,0,0
0,0,0,0,0,0.740071607716071,-2.11407597907273,0.762614876825404,1.40858320463632,0,0,0,0,0.0132141973891819,0,0,0,0,0,0,0,0,4.02999524719309,-0.375235661107064,-0.973783352871377,0,0,2.86700053684514,0,0,-0.0423344864844273,-0.406580290087902,0,0,0,0,0,0,0,0,0,0,0,0,0,0,1.76544470073352,0,0,0,0,0,0,0,0,0.538165642718248,0,0,0,0,0,0,1.00309541647044,0,0,0,0,0.975405670014871,0,-0.0320841682105677,0,0,0,0,0,0.566305161019176,0,0,0,-0.0296457069570548,4.05352630249035,0,0.258145256481233,0,0,0,-0.783320564426929,0,0,0,0,0.327755794975038,0,0,0,1.06711168582009,0,-0.187666058722619,0,0.555922827122915,0,0,0,-0.569792738071128,0.947603558718192,0,0,0,0,0,0,0,0,0,-0.378359827297315,0.584780601369179,0,0.342567518000493,0,0,0,0,0,0,0,0,0,0,0,-0.215463684894505,0,0,0,0,0,0,0,0,0,1.03165728831584,0,0,0,0,0,0,0.126289192263939,0,0,0,0,0,0,-0.918541607863763,-0.717738857860996,0,0,0,0,0,0,0,0,0,0,0,0,0,-1.52226610669721,0,0,0,-1.04694630543228,2.30225967649054,0,0,0,0,0,0,0,-0.382114806178869,0,0,-0.214896012212736,0,0,0,0,-1.42474243065154,0.378694607257128,0,0,0,0,0,0.303520145612798,0,0,0
0,0,0,0,0,0,-2.5310777777901,0.719780395250779,0.233988805122629,0,0,0,0,0.996915181243655,0,0,0,0,0,0,0,0,0,0,0,0,-0.596238768613513,0.992089468092028,0,0,0,0,0,0.215962395444678,0,0,0,0.160378043109553,0,0,0,0,0,0,0,0,0,0,0,0,0,0,0,0,0,0,0,0,0,0,0,-0.128421847630293,3.42178558963398,0,0,0,0,0,0,0,-0.345935899843161,0,0,0,0,0,0,0,0,-0.818823044268392,1.62591476921325,0,0.904062605713503,0,0,0,-3.84531290512358,0,0,0,0,0,0,0,0,0,0,-0.155504895653155,0,0,0,0,0,0,0,0,0,0,0,0,0,0,0,0,0,0,0,0.310087916701556,0,0,0,-0.652871985300979,0,0,0,0,0.70280509534826,0,0,0,0.0849362074672353,0,0,0,0,0,0,0,0,0,0,-0.295949674755383,0,0,0,0,0,0,0,0,0,0,0,0,1.16546801463269,0,0,0,0,-0.0968499238210796,0,0,0,0,0,0,0,0,0,0,0,0,0,0,0,0,0,0,0,0,0,0,0,0,0,0,0,0,0,0,0.8445753696524,0,0,0,0,0,0,0,0,0
0,0,0,0,0,0,-1.54570943867582,0,0,0,0,0,0,0,0,0,-0.390694771915548,-0.275633194885113,0,0,0,0,1.30830932581,0,0,0,-0.0961077185841974,0,-0.855955556757281,0,0,0,0,0,0,0.443412011400363,0,0,0,0,0,0,0,0,0,0.785337612910596,0,0,0,0,0,-1.65451867263435,0,0,0,0,0,0,0,0,0,0,2.67509798946053,0,0,0,0,0,0,0,0,0,0.191531070099659,0,0.231307914214215,0,0,0,0,0,0,0,0,-0.032324338716786,0,0.266561798662319,0,-1.22959737968993,0,0,0,0,0,0,0,-0.0944160981758584,0,0,0.0221086805134567,0,0,0,0,0,0,0,0,0,0,0,0,-0.0199503455290502,0,0,0,0,0,0,0,0,0,0,0,0,0,0,-0.089283523848062,-0.147629048349555,0,0,0,0,0,0,0,0.442639874211311,-0.416760835630173,0,0,0,0,0,0,0,0,0,0,1.27832213026709,0,0,0,0,0,0,0,0,0,0,0,0,0,0.720159095568952,0.255094532374246,0,0,0,0,0,0,0.123612187903728,0,0,0,0,0,-0.798480441275451,0,0,0,0.24128397478876,0,-1.03552738252391,0,0,0.269719658986331,0,0,-1.10016810211335,0,0,0,0,0,0,0,0,0,0,0,-1.25257389199853
0,0,0,0,0,0,0,0,0.0705039995461481,0,0.310881674736314,0,0,0,0,0,0,0,0,0,0,0,0,0,0,0,0,0,0,0,0,0,0,0,0,0,0,0,0,0,0,0,0,0,0,0,0,0,0,0,0,0,0,-0.239326510903189,0,0,-1.07878283375832,0,0,0,0,0,0,0,0,0.503395448100612,0,-0.393476813004642,0.0989533156309754,0,0,0,0,0,0,0,0,0,0,0.894333236718772,0,0,0,0,0,0,0,-0.981138924613733,0,0,0,0,0,0,0,0,0,0,0,-0.0937686774747433,0,0,0,0.0858715058302588,0,0,0,0,0,0,0,0,0,0,0,0,0,0,0,0,1.0668104545338,0,0.358923386478881,0,0,0,0,0,0,0,0,-0.386583352928078,0,0,0,0,0,0,0,0,-0.166420493833498,0,-0.299077820326233,0,0,0,0,0,0,0,0,0,0,0,0,0,0,0,0,0,0,0,0.221512199202887,0,0,0,-0.573742914472182,0,0,0,0,0,0,0,0,-0.328213692804033,0,0,0,0,0,0,0,0,0,0,0,0,0,0,0,0,0,0,0,0,0,0.386139531722848,0,0
0,0,-0.335094540037107,0,-0.335514616584508,0,0,0,0,0,0,0,0,0,0,0,0,0,0,0,0,0,0,0,0,0,0,0,0,0,0,0,0,0,0,0,0,0,0,0,0,0,0,0,0,0,0,0,0,0,0,0,0,0,0,0,-0.065955680909116,0,0,0,0,0,0,0,0,0,0,0,0,0,0,0,0,0,0,0,0,0,0,0,0,0,0,0,0,0,0,0,0,0,0,0,0,0,0,0,0,0,0,0,0,0,0,0,0,0,0,0,0,0,0,0,0,0,0,0,0,-0.296057250166644,0,-0.265711804642585,0,-0.358475724463048,0,0,0,0,0,0,0,0,0,0,0,0,0.270832775789672,0,0,0,0,0,0,0,0,0,0,0,0,0,0,0,0,0,0,0,0,0,0,0,0,-0.496061874776009,0,0,0,0,0,0,-0.942432212956593,0,0,0,0,0,0,0,0,0,0,0,0,0,0,0,0,0,0,0,0,0,0,0,0,0,0,0,0,0,0,0,0,0
0,0,0,0,0,0,0,0.0261097886545847,0,0,0,0,0,0,0,0,0,0,0,0.304684427367731,0,0,0,0,0,0,0,0,0,0,0,0,0,0,0,0,0,0,0,0,0,0,0,0,0,0,0,0,0,0,0,0,0,0,0,0,0,0,0,0,0,0,0,0,0,0,0,0,0,0,0,0,0,0,0.131271928920392,0,0,-0.0754336973908722,0,0,0,0,0,0,0.568708367174261,0,0,0,0,0,0,0,0,0,0,-0.148639893528508,0,0,0,0,0,0,-0.306493809276617,0,0,0,0,-0.362916466488795,0,0,0,0.0274389222309819,0,0,0,0,0,0,0,0,0,-0.64939252798569,0,0,0,0,0,0,0,0,0,0.932868540503879,0,0,0,0.0537678380943432,0,0,0,0,0,0,0,0,0,0,0,0,0,0,0,1.77326388168927,0,0,0,0,0,0,0,0,0,0,0,0,0,0,0,0,0,0,0,0,0,0.550600713768983,0,-0.314600936228773,0,0,0,0,0,0,0,0,-0.354375679941426,0,0,0,0,0,0,0,0,0,0,0,0,0,0,0
0,0,0,0,-0.397362358839814,0.788225232145122,0,0,0,0.0736878642699403,-2.88865906846931,0,0,0.639940978889494,0,0,0,0.541329303954861,0,0,0,0,0,0,0,0,0,0,0,0,0,0,0,-0.111595109502458,0,0,0,0,0,0,0,0,0,0,0,0,-0.936689697859173,0,0,0,0,0,0,0,0,0,0.245982206417712,0,0,0,0,0,-0.0315078343162418,-0.418248660223957,0,0,0,0,0,0,0,0,0,0,2.2850620822806,0,0,0,0,1.29747483280156,0,0,0,0,0,0.364173762541808,0,-0.413357933022106,0,0,0,0,0,0,0,0,-0.0972654679499172,0,0,-0.576773074073399,-0.507228998598431,-0.682435921893569,-0.156643767087515,0,0,0,0,0,0,0.201152411144324,0,0,0,0,0,0,0,0,0,0,0,-4.9317636286465,0.582989107226226,0,0,0,0,0,0,0,0,0,0,0,0,0,0,0,0,0.548719416083227,0,0,0,0.377443782997917,0,0,0,0,0,0,0,7.42377208031192,0,0,0,0,0,0,0,-0.0385210118424106,0,0,0,0,0,0,0,0,-0.425404804197609,0,0,0,0,0,-1.802736887393,0,0,0,0,0,0,0,0,0.528493863723333,-1.59980726621691,0,0,0,0,0,0,0,0,0,0,0,0,0.0211081941783153,0,-0.289138758265169
0,0,0,0,0,0,0.399852650777276,0,0,0.64550767510305,0,0,0,0,0,0,0,0,0,0,0,0,0,0,0,0,0,0,0,0,0,0,0,0,0,0,0,0,0,0,0,0,0,0,0,0,0,0,0,0,0,0,0,0,0,0,0,0,0,0,0,0,0,0,0,0,0,0,0,0,0,0,0,0,0,0,0,0,0.705571512026388,0,0.376334988081015,0,0,-0.0588394863937818,0,0,-0.0303120144147937,0,0,0.201378549415395,0,0,0,0,0,0,0,0,0,0,0,0,0,0,0,0,0,0,0,0,0,0,0,0,0.586499220601246,0,0,0,0,-0.0081206246280805,0,-0.996960484967388,0,0,0,-0.851649674715274,0,0,0,0,0,-0.234370126691039,0,0,0,0,0,0,0,0,0,0,0,0,0,0,0,0,0,0,0,0,0,-0.0788558339202712,0,0,0,0,0,0.0263240100113986,0,0,0,0,0,0,-1.97235099458537,0,0,0,-0.308135354434582,0,0,0,0,-0.38170933907232,0,0,0,0,0,0,0,0,0,0,0,0,0,0,0,0,0,0,0,0,0,0,0,0
0,0,0.686216237310502,0,0,0,0,0,-0.781366598522486,-0.762113730115191,0,-3.34978608946113,0,0,0,0,0,0,0,0,0,0,0,0,0,0,0,0,0,0,0,0,0,0,0,0,0.544087799586564,-0.448777613929142,0,0,0,0,0,0,-0.388579443496817,0,0,0,0,0,0,0,0,0,0,0,0,-1.43307260070726,0,0,0,0,0,0,0,0,0,0,0,0,0,0,0,0,0,0,0,0,0,0,0,0,0,0,0,0,0,0,0,0,0,0,0,0,0,0,0,0.342463163284289,0,0,0,0,0,0,0,0,0,0,0,-2.88634066970283,0,-0.320978760803919,0,0,0,0,0,0,0,0,0,-7.79285938882698,0,0,0,0,0,0,0,0,0,0,0,0,0,0,0,0,0,0,0,0.579119899166037,0,0,0,0,0,0,0,0,0,9.18756138368022,0,0,-0.138303081011987,0,0,0,0.0621809718970479,0,0,0,0,0,0,0,1.8801848574346,0,0,0,0,0,0,0,-1.21484702653175,0,0,0,0,0,0,0,0,0,-1.13866447671905,0,0,0,0,0,0,0,0,0,0,0,0,0,0,0
0,0,0,0,0,0,-0.370449770192659,0,-1.17484982689477,-1.68365897769412,0,-3.90680383384263,0,0,0,0,0,0,0,0,0,0,0,0,0,0.657688956181307,0,0.567207735271646,0,0,0,0,0,-0.0902156185772371,0,0,0.441216024030284,0,0,0,0,-0.408195591073684,0,0,0,0,0,0,0,0.0141468744868798,0,0,0,0,0,0,-1.66008201404497,-2.10911664336404,0,0.986739379090877,-0.304110741331724,0,0,0,0,0,0,0,0,0,0,0,0,0,0,0,0,0,0,0.859356448774784,0,-0.114081913440718,0,0,0,0,0,0,0,0.756010345695398,0,0,0,0,0,-0.56326454518532,0,0,0,0,0,0,0,0,0,0,0,0,0,-4.12834677572118,0,0,0,0,-0.268756704552747,1.06536239176188,0,0,0,0,0.60636929311029,-9.02227248885574,0,0,0,0,0,0,-0.686271273065592,0,0,0,0,0,0.453158190319606,0.361875496212102,0,0,0,0,0,0.153866214791382,0,0,0,0,0,0,0,0,0,10.4497270682781,0,0,-1.88919224006421,0,0,0,0,0,0,0,-0.139908835898514,0,0,0,1.77718253921454,0,0.00264817562164477,0,0,-0.566690331225445,0,0,-2.07754815895872,0,0,0,0,0,0,0,0,0,0,0,0,-0.149591698467371,0,0,0,0,0,0,0,-0.00808269461189792,0,0,0,0
0,0,2.15389395322655,0,0,0,-0.148419884628783,0,-2.10687923009268,0,0,-3.0894315487029,0,0,0,0,-0.0362504471976963,0,0,0,0,0,-0.31027398043864,0,0,0,0,0,0,0,0.91604750850309,0,0,0,0,0,0,0,0,0,0,0,0,0.0931007357929505,0,0.154050917053664,0.259335738778961,0,0,0.362823374704418,0,-0.118307680544025,0,-0.187552554985446,0,0,0,-2.11510799540801,0,0,0,0,0,0,0,0,0,0,0,0,0,0,0,0,0,0,0,0,0,0.984175301623345,0,0,0,0,0.849446263456058,0,0,0.427602138796044,0,0,0,0,0,0.0529705372159233,0,-2.68209558171414,0,0.163808195060532,0,0,0,0,0,0,-0.311124707846201,0,0,0,0,-4.28876851939544,0,0,0,0,0,0,0,0,0,0,1.22522885660943,-9.35962708295634,0,0,0,0,0,0,0,0,0,0,0,0,0,1.11181032851021,0,0,0,0,0,0.689573559423979,0,0,0,0,0,0,-0.654104362787906,0,0,11.018559460106,0,0.367303748602721,0,0.393174275315969,0,-0.0655168200368608,0.395025021217634,0,0,0,0,0,0,0,0,0,0,0,0.00142461489509116,0,0,0,-3.10957399050231,-0.252498020018036,0,0,0,0,0,0,0,-0.60586720754868,-0.745037750246363,0,0.0511682256356309,0,0,0,0,0,0,0,0,0,0,0,0,-0.269416046028386
0,0,0,0,0,0,-0.24898942708464,0,0,0,0,-0.538027171182203,0,0,0,0,0,0,0,0,0,0,0,0,0,0,0,0,0,0,0,0,0,0,0,0,0,0,0,0,0,0,0,0,0,0,-0.434226106465055,0,0,0,0,0,0,0,0,0,0,0,0,0,0,0,0.183390761972118,0,0,0,0,0,0,0,0,0,0,0,0,0,0,0,0,-0.0465406342876793,0,0,0,0,0,0,0,0,0,0,0,0,0,0,0,0,0,0,0,0,0,0,0,0,0,0,0,0,0,-0.433618604367137,0,0,0,0,0,0,0,0,0,0,0,-4.37278164108631,0,0,0,0,0,0,0,0,0,0,0,0,0,0,0,0,0,0,0,0,0,0,0,0,0,0,0,0,0,6.07073848022153,0,0,0,0,0,0,0,0,0,0,0,0,0,0,0,0,0,0,0,0,0,0.632440934978313,0,0,0,0,0,0,0,0,0,0,0,0,0,0,0,0,0,0,0,0,0,0,0,0,0,1.23743636887559
0,0,0,0,0,0,0,0,-0.0855294622660043,0,0,-0.498411301571799,0,0,0,0,0,0,0,0,0,0,0,0,0,0,0,0,0,0,0,0,0,0,0,0,0,-0.71778768059936,0,0,0,0,0,0,0,0,0,0,0,0,0,0,0,0,0,0,0,0,0,0,0,0,0,0,0.131628946158756,0,0,0,0,0,0,0,0,0,0,0,0,0,0,0,-0.058782704251698,0,0,0,0,0,0,0.0953932191295084,0,0,0,0,0,0,0,-1.15708566126561,0,0.31394691939416,0,0,0,0,0,0,0,0,0,0,0,0,0,0,0,-0.196770901680887,0,0.281474630607943,0,0,0,0,0,-6.16670453857935,0,0,0,0,0,0,0,0,0,0,-0.0214915086493521,0,0,0,0,0,0,0,0,0.151789917114072,0,0,0,0,0,0,0,0,0,8.5153602478645,-0.664861424266925,0,0,0,0,0,0,0,0,0,0,0,0,0,0,0,-1.17165215885298,0,0,0,0,0.71803401592986,-1.27392381533344,0,0,0,0,0,0,0,0,0,-0.112864201325892,0,0,0,0,0,0,0,0.0688340820852746,0,0,0,0.0718398424997768,0,0,0
0,0,0,0,0,0,0,0,0,0.108785231303511,0,0,0,-0.210875396753628,0,0,0,0,0,0.237920034986165,0,0,0,0,0,0,0,0,0,0,0,0,0,0,0,0,-0.12116152395997,0,0,0,0,0,0,0,0,0,0,0,0,0,0,0,0,0,0,0,-1.44941764545168,0,0,0,0,0,0,0,0,0,0,0,0,0,-0.179295517848861,0,0,0,0,0,0,0,0,0,0,0,0,-0.141296003667473,0,0,0,0,0,0,0,0,0,0,-0.0813715608797345,0,0,0,0,0,0,0,0,0,0,0,0,0,-0.468239968096742,0,0,0,0,0,-0.538270184383473,0.1972632348838,0,0,0,0,0,-2.28497551496847,0,0,0,0,0,0,0,0,0,0,-0.161722628379361,0,0,0,-0.2603938380033,0,0,0,0,0,0,0,0,0,0,0,0,0,0,3.13202197588586,0,0,0,0,0,0,0,0,0,0,0,0,0,0,0,0,0,0,0,0,0,0,0,-0.796354374399182,0,0,0,0,0,0,0,0,0,0,0,0,0,0,0,0,0,0,0.10944442696391,0,0,0,0,0
0,0,0,0,0,0,0,0,0,0.0706993692569173,0,0,0,0,0,0,0,0,0,0.0652316860557784,0,0,0,0,0,0,0,0,0,0,0,0,0,0,0,0,-0.238242573352394,0,0,0,0,0,0,0,0,0,0,0,0,0,0,-0.427475982572512,0,0,0,0,0,0,0,0,0,-0.403342053216138,0,0,0,0,0,0,0,0,0,0,0,0,0,0,0,0,0,0,1.33499212519087,0,0.578998526158457,0,0,-0.442662743561657,-1.41010067052953,0,0,0,0,0,0,0,0,0,0,0,0,0,0,0,0,0,0,0,0,0,0,0,0,0,0,0,0,0.180770845061897,0,0,0,0,0,-1.91803199005071,-0.353611069841174,0,0,0,0,0,0,0,0,0,0,0,0,0,-0.162707245400155,0,0,0,0,0,0,0,0,0,0,0,0,0,0,1.73523350571127,0,0,0,0,0,0,0,0,0,0,0,0,0,0,0,0,0,0,0,0,0.175722965068365,0,0,0,0,0,0.264485731646647,0,0,0,0,0,0,0,0,0,0,0,-0.0910472297683365,0,0,0,0,0,0,0,0,0
0,-0.182438372629715,0,0,0,0,-0.996887650907932,-0.426457012363669,0,0,0,0,0,0,0,0,0,0,0,0,0,0,0,0,0,0.507133429614886,0,0.0847523382351245,0,0,0,0,0,0,0,0,0,0,0,0,0,0,0,0,0,0,0,0,0,0,0,0,0,0,0,0,0,0,0,0,0,0,-0.190916190556957,0,0,0,0,0,0,0,0,0,0,0,0,0,0,0,0.352477227353021,0,0,0,0,0,0,0,0,0,0,0,0,0,0,0.176204345871106,-0.0755448730777724,0,0,0,0,0,0,0,0.888513168108545,0.165538507167913,0,0.588872155947312,0,0,0,0,0,0,0,0,0,0,0,0,0,-0.0891174302148112,0,0,0,0,0,0,0.459540655144897,0,0,0,0,0,0,0,0,0,0,0,0,0,0,0,0,0,0,0,0,-0.0119918335051081,0,0,0,0,0,0,0,0,0,0,0,0,0,0,-0.00980649899158803,0,0,0,0,0,0,0,0,0,0,0,0,0,0,0.768910547821335,0,0,0,0,0,0,0,0,0,-1.39655347371857,0,0,0,0,0,0,0,0,0.190370941444503,0,0,0
0,0,0,0,0,0,-0.473296574018691,0,0,0,0,0,0,0,0,0,0,0,0,0,0,0,0,0,0,0,0,0,0,0,0,0,0,0.095596318430663,0,0,0,-0.118308844480145,0,0,0,0,0,0,0,0,0,0,0,0,0,0,0,0,0,0,0,0,0,0,0,0,0,0,0,0,0,0,0,0,0,0,0,0,0,0,0,0,0,0,0,0,0,0,0,0,0,0,0,0,0,0,0,0,0,0,0,0,0,0,0,0,0.0954273215534869,0.354832567262166,0,0,0,0,0,0,0,0,0,0,0,0,0,0,0,0,0,0,0,0,0,0,0,0,0,0,0,0,0,0,0,0,0.0746460934571764,0,0,0,0,0,0,0,0,0,0,0,0,0,0,0,0,0,0,0,0,0,0,0,0,0,0,0,0,0,0,0,-0.602601015998634,0,0,0,0,0,0,0,0,0,0,0,0,0.0373726652059636,0,0,0,0,0,0,0,0,0,0,0,0,0,0,0,0,0,0
0,-0.533436911957047,0,0,0,0,0,-0.827471751121095,0,0,0,-0.415711054926569,0,0,0,0,0,0,0,0,0.021080349006102,0,0,0,0,0,0,0,0,0,0,0,0,0.00380278820474489,0,0,0,0,0,0,-0.41284404801432,0,0,0,0,0,0.00910313918878147,0,0.118979808149239,0,0,0,0,-0.0255953999491447,0,0,0,0,0,0,0,0,0,0,0,0,0,0,0,0,0,0,0,0,0,0,0,0,0,0,0,0,0,0,0,0,0,0.301750573808063,0,0,0,0,0,0,0,0,0,0,0,0,0.067165881188719,0,0,0,0,0,0,-0.622321709875124,0,0,0,0,0,0,0,0,0,0,0,0,0,0,0,0,0,0,0,-0.304954503144145,0,0,0,0,0,0,0,0,0,0,0,-0.322488230800409,0,0,0,0,0,0,0,0,0,0,0,0.276330296219787,-0.349653596353033,0,0,0,0,0,0,0,0,0,0,0,0,0,0,0,0,0,0,0,0,0,0,-0.942671151277816,0,0,0,0,0,0,0,0,0,0,0,0,0,0,0,0,0,0,-0.724512589405834,0,0,0,0,0
0,0,0,0,0,0,0,0,0,0,0,0,0,0,0,0,0,0,0,0,0,0,0,0,0,0,0,0,0,0,0,0,0,0,0,0,0,0,0,0,0,0.746855888998712,0,0,0,0,-0.539294587384332,0,0,0,0,0,0,0,0,0,0,0,0,0,0,0,0,0,0,0,0,0,0,0,0,0,0,0,0,0,0,0,0,0,0,0,-0.0145995845027418,0,0,0,0,0,0,0,0,0,0,0,0,0,0,0,0,0,0,0,0,0,0,0,0,0,0,0,0,0,0,0,0,0,0,0,0,0,0,0,0,0,0,0,0,0,0,0,0,0,0,0,0,0,0,0,0,0,0,0,0,0,0,0,0,0,0,0,0,0,0,0,0,0,0,0,0,0,0,0,0,0,0,0,0,0,0,0,0.134501883396054,0,0,0.67505333712963,0,0,0,0,0,0,0,0,0,0.425836514560639,0.260027943873358,0,0,0,0,0,0,0,0,0,0,0,0,0,0,0.159462842374442
0,0,0,0,0,0,0,0,0,0,0,0,0,0,0,0,0,0,0,0,0,0,0,0,0,0,0,0,0,0,0.0538461518648665,0,0,0,0,0,0,0,0,0,0,0.28157140334905,0,0,0,0,0,0,0,0,0,0,0,0,0,0,-0.00374370563310689,0,0,0,0,0,-0.16093003840436,0,0,-0.0109673477497449,0,0,0,0,0,0,0,0,0,0,0,0,0,-0.0663928260603746,0,0,0,0,0,0,0,0,0,0,0.285669536267411,0,0,0,0,0,0,0,0,0,0,0,0,0,0,0,0,0,0,0,0,0,0,0,0,0,0,0,0,0,0,0,-0.0156873669552593,0,0,0,0,0,0,0,0,0,0,0,0,0,0,0,0,0,0,0,0,0,0,0,0,0,0,0,0,0,0,0,0,0,0,0,0,0,0,0,0.298826317737128,0,0,0,0,0,0,0,0,0,0,0.0138153909999801,0,0,0,0,0,0,0,0,0,0.467570565146707,0,0,0,0,0,0,0,0,0,0,-0.288376678759603,0,0,0.231970567788104,0,0.78407483505611
0,-0.0979423917848199,-0.108482536639777,0,0,0,0,0,0,0,-0.57795272303705,0,0,0,0,0,0,0,0,0,0,0,0,0,0,0.19019436178515,0,0,0,0,0,0,0,0,0,0,0,0,0,0,0,0,0,0,0,0,-1.48554035501444,0,0,0,0,0,0,0,0,0,0,0,0,0,0,0,0,0,0,0,0,0,0,0,0,0,0,0,0,0,0,0,0,0,0,0,0,0,0,0,0,0,0,0,0,0,0,0,0,-0.22267885588632,0,0,0,0,0,0,0,0,0,0,0,0,0,0,0,0,0,0,0.455316196550721,0,0,0,0,-0.163940844568226,0.0331004754762785,0,-0.215577169339229,0,0,0,0,0,0,0,0,0,0,0,0,0,0,0,0,0,0,0,0,0,0,0,0,0,0,0,0,0,0,0,0,0,0,0,0,0,0,0,0.589826572511822,0,0,0,0,0.438849008365674,0,0,0,0,-0.0546081558999636,0,0,0,0,0,0,0,0,0,0,0,0,0,0,0,0,0,0,0,0,0,-0.120920275243503,0,0,0.71762036549949,0.2491532744199,0
0,0,0,0,0,0,0,0,0,0,0,0,0,0,0,0,0,0,0,0,0,0,0,0,0,0,0,0,0,0,0,0,0,0,0,0,0,0,0,0,0,0,0,0,0,0,0,0,0,0,0,0,0,0,0,0,0,0,0,0,0,0,0,0,0,0,0,0,-12.6827641369718,0,0,0,0,0,0,0,0,0,0,0,0,0,0.159627543065546,0,0,0,0.185375259977726,0,0,0,0,0,0,0,0,0,0,0,0,0,0,0,0,0,0,0,0,0,0,0,0,0,0,0,0,0,0,-0.212564764164938,0,0,0,0,0,0,0,0,0,0,0,0,0,0,0,0,0,0,0,0,0,0,0,0,0,0,0,0,0,0,0,0,0,0,0,0,0,0,0,0,0,0,0,0,0,0,0,0,0,0,0,0,0,0,0,0,0,0,0,0,0,0,0,0,0,0.113572532439616,0,0,0,0,0,0,0,0,0,0,0,0,0,0,0,0
0,0,-0.219214287147946,0,0,0,0,0,0,-0.553560836701362,0,0,0,0,0,0,0,0,0,0,0,0,0,0,0,0.355704355617401,0,0,0,0,0.179322750152581,0,0,0,0,0,0,0,0,0,0,0,0,0,0,-0.0252498934996277,0,0,0,0,0,0,0,0,0,0.0244823670797121,0,0,0,0,0,0,0,0,0,0,0,0,-13.4868311927413,0,0,0,0,0,0,0,0,0,0,0,0,0,0,0,0,0,0,0,0,0,0,0,0,0,0,0,0,0,0,0,0,0,0,0,0,0,0,0,0,0,0,0,0,0.339609763525453,0,0,0,-1.32611437976802,0,0,0,0,0,0,0,0,0,0,0,0,0,0,0,0,0,0,0,0,0,0,0,0,0,0,0,0,0,0.0212136694836509,0,0,0,0,0,0,0,0,0,0,0,0,0,0,0,0,0,-0.0177016809617454,0,0,0,0,0,0,0,0,0,0,0,0,0,0,0,0,0,0,0.0602546751911457,0,0,0,0,0,0,0,0,0,0,0,0,0,0,0
0,0,0.65994593876462,0,0,0,0,0,0,0,0,0,0,0,0,0,0,0,0,0,0,0,0,0,0,0,0,0,0,0,0.114150634161396,0,0,0,0,0,0,-0.111777868579446,0,0,0,0,0,0,0,0,0,0,0,0,0,0,0,0,0,0,0,0,0,0,0,0,0,0,0,0,0,0,0,0,0,0,0,0,0,0,0,0,0,0,0,0,0,0,0,-0.509665041620988,0,0,0,0,0,0,0,0,0,0,0,0,0,0,0,0,0,0,0,0,0,0,0,0,0,0,0,0,0,0,0,0,0,0,0,0,0,0,0,0,0,0,0,0,0.227930137440555,0,0,0,0,0.29132439577584,0,0,0,0,-0.207452322504437,0,0,0,-0.395154452149111,0,0,0.129800511907171,0,0.073282540222593,0,0,0,0,0,1.41997803483626,0,0,0,0,0,0,0,-0.0249195183788178,0,0,0,0,0,0,0,0,0,0,0,0,0,0,0,0,0,0,0,0,0.217780822404395,0,0,0,0,0,0,0,0,0,0,0,0,0,0,0
0,0,0,0,0,0,0,0,0,0,0,0,0,0,0,0,0,0,0,0,0,0,0,0,0,0,0,0,0,0,0,0,0,0.223863063483027,0,0,0,-0.666461566852666,0,0,0,0,0,0,0,0,0,0,0,0,0,0,0,-0.320095407310417,0,0,0,0,0,0,0,-0.361512530143036,0,0,0,0,0,0,0,0,0,0,0,0,0,0,0,0,0,0,0,0,0,0,0,0,0,0,0,0,0,0,-0.0404335314324256,0,0.403399655192382,0,0,0,0,-0.180268506849917,0,0,0,0,0,0.229431007908624,0,0,0,0,0,0,0,0,0,0,0,0,0,0,0,0,0,0,0,0,0,0,0,0,0,0,-0.416133291761376,0,-0.411767012087888,0,0,0,0,0,0,0,0,0,0,0,0,0,0,0,0,0,0,0,0,0,0,0,0,0,-2.48786291654423,0,0,0,0,0,0,0,0,0,0,0,0,0,0,0,0,0,0,0,0,0,0,0,0,0,0,0,0,0,0.294358296870496,0,0,0,0,0,0,0,0,0
0,0,0,0,0,0,0,0,0,0,0,0,0,0,0,0,0,0,0,0,0,0,0,0,0,0,0,0,0,0,0,0,0,0,0,0,0,-0.446705053741744,0,0,0,0,0,0,0,0,0,0,0,0,0,0,0,0,0,0,0,0,0,0,0,0,0,0,0,0,0,0,0,0,0,0,0,0,-0.776019671947267,0,0,0,-0.111782905468436,0,0,0,0,0,0,0,0,0,0,0,0,0,0,0,0,0,0,0,0,0,0,0,0,0,0,0,0,0,0,0,0,0,0,0,0,0,0,-0.447594720784863,0,0,0,-0.336061715072658,0,0,0,0,0,0,0,0,0,0,0,0,0,0,0,0,0,0,0,0,0,0,0,0,0,0,0,0,0,0,0,0,0,0,0,0,0,0,0,0,0,0,0,0,0,0,0,0,0,0,0,0,0,0,0,0,0,0,0,0,0,0,0,0,0,0,0,0,0,0,0,0,0,0,0,0,0,0
0,-0.0546005519557169,0,0,0,0,0.394966173354198,0,0,0,0.383545694125113,0,0,0,0,0,0,-0.248792339583787,0,0,0,0,0,0,-0.204559972263854,-0.484873997733265,0,0,0,0,0,-0.443798835376197,-0.0419566334764543,0,0,0.45287766331394,0.538811721337375,-0.0547202171978223,0,0,0,0,-0.386884002588159,0,0,0,1.77266909380667,0,0,0,-3.06832048329641,0,0,0,0,0,0,0,0,0,0,0,0,-1.59241812133811,0,0,0.140458250648096,0,0,0,0,0,0,0,0,0,0,0,2.01206492618593,1.24731953181577,0,0,0,0,0,0,0,0,0,0,0,0,0,0,-0.657877835122994,0,0,0,0,-0.100449836479584,-1.4263466142192,0,-0.406551185337961,0,0,-2.42627407770867,0,-1.167451174516,0,0.417024493636235,0,0,0,0,0.969348229100843,0,0,0,0,0,0,0,0,0,0,0,0,-0.379603682305723,0,0,0,0,0.765142697622526,0,0,0,0,1.07395604521607,0,-0.659388605222863,0.740661087251632,0,0,0,0,0,0,0,-0.137867780578414,0,0,0,0.896091739328489,0,1.66398674016368,0,0.049680102948477,0,0,0,0,0.049530862015404,0,0,0,0,0,0,0,0,0,0,-0.193535720679807,0,0,0,0,0,0.241668746526977,-0.247285176397079,0.109422149135594,0.0964040661080894,0,0,0,0,0,1.08691790141452,0,0,0,0,0,0,0,0,0,0,0,0.632984172699082
0,0.413059717307653,0,0,0.254139674867106,0,0,0.85527736948774,0,0,0.000567486962279595,0,0,0,0,0,0,0,0,0,0,0,-0.795431823089839,0,0,0,0,-0.0268112411537629,-0.264217909321657,0,0,0,0,0,0,0,0,0,0,0,0,0,0,0,0,0,0,0,0,0,0,0,0,0,0,0,-1.84778938573668,0,0,0.136418161065995,0,0,0,0,0,2.13368677779744,0,0,-1.24449502876752,0,0,0,0,0.0871210659661867,0,0,0,-1.32699660585791,0,0,0,0,0,0,0.391001932810759,0,0,0,0,0,0,0.0764182935759166,0,0,0,0,0,0,0,0,0,0,0,0,0,0,0,0,0,0,0,-0.0155841564562476,0,-0.308423645675134,0,0,0,0,0,0,2.1319903234536,0,0,0,0,-0.187914685883152,0.509909968426546,0,0,0,1.15700208977115,0,0,0,0,0.0564091319111475,0,0,0,0,0.448394326108305,-0.0433399933980616,0,0,0,0,0,0,0,0.56006561441806,-0.407492041954028,0,0,0,0,1.76053550422023,0,0,0,0,-0.390614377680131,0,0,0.237033765906347,0,0,0,0,0,0,0,0,0,1.10253923487979,0,0,0,0.692167413776577,0.000351355037383483,0,0,0.540923441207563,0,0,0,0,0,3.15513641693983,0,0,0,0,0,0,0.955637795239503,-1.65369190430152,0,0,-0.108502797466924,0
0,0,0,0,0,0,0,0,0,0,0,0,0,0,0,0,0,0,0,0,0,0,0,0,0,0,0,0,0,0,0,0,0,0,0,0,0,0,0,0,0,0,0,0,0,0,0,0,0,0,0,0,0,-0.180727005873063,0,0,-0.0362798828576587,0,0,0,0,0,0,0,0,0,0,0,-3.07038355030181,0,0,0,0,0,0,0,0,0,0,0,0,0,0,0,0,0,0,0,0,0,0,0.335207962135916,0,0,0,0,0,0,0,0,0,0,0,0,0,0,0,0,0,0,0,0,0,0,0,0.390510777287323,0,0,0,0,0,0,0,0,0,0,0.650363636855987,0,0,0,0,0,0,0,0,0,0,0,0,0,0,0,0,0,0,0,0,0.197231395639474,0,0,0,0,0,0,0,0,0,0,0,0,0,0,0,0,0,0,0,0,0,0,0,0,0,0.0999238367760511,0,0,0,0,0,0,0,0,0,0,0,0,0,0,0,0,0,0,0,0,0,0,0,0,0,0
0,-1.6588914720291,0,0,0,0,-0.657640960437148,0,0,0,0,0,0,-0.506674810617206,0,0,-0.998275584437231,0,0,0,0,0,0,0,0,0,0,0,1.12149608792246,0,0,0,0,0,0,0.541949096758324,-0.96611510517026,0,0,0,0,-1.11954727056407,0,-1.01410509956808,-1.16141592649269,0,0,0,0,0,0,0,0,0,0,0,-1.39176354127113,0,0,-0.229254697274909,0,0,0,0,0,0,0,0,0,0,-0.972876762872121,0,0,0,0,0,0,0,0,0,0,0,0,-2.3479541586384,0,0,0,-0.0614456102057561,0,-1.21230239793752,0.0051668271410501,0,0,0,0,0,0,0,0,0,0,0,0,0,0,0,0,0,-0.0288690638014641,-0.218534655935081,0,0,0,0,-0.777587271465339,0,0,0,0,0.0637741363758262,0,0,-0.0434718098871558,0,0,-0.68009748150601,-0.0542645838480194,0,0,0,-0.138621846578188,0,0,0,1.55049137622111,0,0,0,0,-0.796464811370552,0,0.828452664961944,0.187523480433924,0,-0.265345148809653,0,0,0,0,0,0,0,0,0,0,0,0,-0.362155390695361,0,0,0,-0.426022227798365,0,0,0,0,0,0,0,0,0,0,0,0,0,0,0,-0.462055193320764,0,0,0,-0.00878436027342788,0,0,0,0,-0.114384454787071,0,0,0,0,0,0.258262854134144,0,0,0,0,0,0,0
0,0,0.0311128282926822,0,0,0,0,0,0,0,0,0,0,0,0,0,0,0,0,0,0,0,0,0,0,0,0,0,0,0,0,0,0,0,0,0,0,0,0,0,0,0,0,0,-0.168264592130817,0,-0.733083326560986,0,0,0,0,0,0,0,0,0,0,0,0,0,0,0,0,0,0,0,0,0,0,0,0,0,0,0,0,0,0,0,0,0,0,0,0,0,0,0,0,0,0,0,0,0,0,0,0,0,0,0,0,0,0.350446372343087,0,0,0,0,0,0,0,0,0,0,0.0617215536776594,0,0,0,0,0,0,0,0,0,0,0,0,0,-0.087155795585879,0,0,0.0963654120868171,0,0,0,0,0,0,0,0,0,0,0,0,0,0,0,0,0,0,0,0,0,0,0,0,0,0,0,0,0,0,-0.136497583106491,0,0,0.798138673603851,0,0,0,0,0,0,0,0,0,0,0,0,0,0,0,0,0,0,0,0,0,0,0,0,0,0,0,0,0,0,0,0,0,0,0,0.259950075832799,0
0,0,0,0,0,0,0,0,0,0,0,0,0,0,0,0,0,0,0,0,0,0,0,0,0,0,0,0,0,0,0,-0.177803665813708,0,0,0,0,0,0,0,0,0,0,0,0,0.297367812431683,0,-0.127496480670691,0,0,0,0,0,0,0,0,0,0,0,0,0,0,0,0.184330516173145,0,0,0,0,0,0,0,0,0,0,0,0,0,0,0,0,0,0,0,0,0,0,0,0,0,0,0,0,0,0,0,0,0,0,0,0,0,0,0,0,0,0,0,0,0,0,0,0,0,0,0,0,0,0,0,0,0,0,0,0,0,0,0,0,0,0,0,0,0,0,0,0,0,0,0,0,0,0,0,0,0,0,0,0,0,0,0,0,0,0,0,0,0,0,0,0,0,0,0,0,0,0,0,0,0,0,0,0,0,0,0,0,0,0,0,0,0,0,0,0,0,0,0,0,0,0,0,0,0,0,0,0,0,0,0,0,0.210474953989782
0,0,0.0698266503421017,0,0,0,0,0.20470572331193,0,0,0,0,0,0,0,0,0,0,0,0,0,0,0,0,0,0,0,0,0,0,0.186568339508715,0,0,0,0,0,0,0,0,0,0,0,0,0.214055447762055,0,0.00450799581618888,0,0,0,0,0,0,0,0,0,0,0,0,0,0,0,0,0.652498766247578,0,0,0,0,0,0,0,0,0,0,0,0,0,0,0,0,0,0,0,0,0,0.588399020864939,0,0,0,0,0,0,0,0,0,0,0,0,0,0,0,0.676911620087734,0,0,0,0,0,0,0,0,0,0,0,0,0,0,0,0,0,0,0,0,0,0,0,0,-0.83619036754285,0,0,0,0,0,-0.260594644047671,0,0,0,0,0,0,0,0,0,0,0,0,0,0,0,0,0,0,0,0,0,0,0,0,0,0,0,0,0,0,1.42258202960449,0,0,0,0,0,0,0,0,0,0,-0.276381556619872,0,0,0,0,0,0,0,0,0,0,0,0,0,0,0,0,0,0,0,0,0,0,0,0,0,1.22915770118615
0,0,0,0,0,0,0,0.0315687288751474,0,0,-0.296617686461832,0,0,0,0,0,0,0,0.220783338061588,0,0,0,-0.0210901043137948,0,0,-0.0681677984136819,0,1.24678122375458,0,0,0,-0.99689802442879,0,0,0,0,0,0,0,-0.326386378664504,0,0,0,-1.29572382101916,0,0.417571556051232,0,0,0,0,0,0,0,0,0,0,0,0,0,0,0,0,0,-0.0591560306992231,0,0,0.0247584024569598,0,-0.368988856119245,0,0,0,0,0,0,0,0,-0.375242111130736,0,-0.676113182942847,0,0,0,0,-0.547055090595628,0,0,0,0,0,0,0,0,0,0,0,0,0,0,0,0,0,-0.176350415835811,0,0,0,0,-0.0595391346486405,0,0.57609340775131,0,0,0.272036561058247,0,0,-0.252871593858673,0,0,0,0,0.765159332328141,-0.599922945897878,0,0,0,0,2.36102555465351,0,0,0,0,0,-0.872667245961725,0,0.011218666372393,0,-0.83459496923178,0,0,0,0,0,0,0,0,0,0,0,0,0,0,0,0,0,0,0,0,0,0,0,0,1.23902567962443,1.72612152110505,0,0,0,0.00339081854296341,0,0,0,0,0,0,0.168541350739017,0,-1.200009829928,0,0,0,-0.348709567515341,0,0,-0.463688734117668,0,0,0,0,-0.00285651184609259,0,0,0,0,0,0.341178846437529,-1.60187831059754,0,0,0,0,0
0,-0.50078939325708,0.81335152936349,0,-0.239553769509654,0,-1.2748523538218,0,0,0.808024911825351,0,0,0,0,0,0,0,-0.420906452587756,0,-0.838799490094092,0,0,0,0,0,-0.0978391335053739,0,-0.525406829296878,0,0,0,0,0,0,0,0,0,0,0,0,0,0,0,-0.151996022802845,0,0,0,0,0,0,0,0.737411562925013,0,0,0,0,0,0,0,0,0,0,0,-0.947681852057298,0.565986076135906,0,0,0,0,0,1.06366878690813,0,-0.760431649998143,0,-1.24783663192645,0,0,-1.21159393614454,0.442401502517624,0,0,0.916463494472814,0,0,0,-2.19002502335595,0.0293884237237352,0.395922403088874,0,0,0,0,0,0,-0.608976332844833,-0.381518097983206,0,0,-0.884099341764483,0,0,0,0,0,0,-1.79512244444931,0,0.291315669226105,0,0,0,0,0,0,0,0,-0.00539845274792494,0,0.0202458141463275,-0.179156576473334,0.742482049481997,0,-0.269063785217739,0,0,0,0,0,0,0,0,0,1.95303499818104,0,0,0.835328705881934,1.35015673731487,0,0,0,-0.59785368243427,0,0,0,0,0,0,0,0.409452745840885,-0.231291003812566,0,0,0,0,0,0,0.498226050161162,-0.114864753343947,0,-0.11536088630129,0,0,0,0,0,0,0.448573474379711,0,0,0,0,1.04358274959241,0,0,0,0,0,0,0,-0.159063421408356,0.0646727531990086,0.385253463183949,0,0,0,-0.567011033121353,0,0,0,0,0,-0.0984216874607204,-0.574123476412975,0,0,0,0,1.14635004573197,0,0
0,0,0,0,0,0,-0.125164168246628,0,0,0,0,0,0,0,0,0,0,0,0,0,0,0,0,0,0,0,0,0,0,0,0,0,0,0,0,0,0,0,0,0,0,0,0,0,0,0,0,0,0,0,0,0,0,0,0,0,0,0.0141739747410825,0,0,0,0,0,0,0,0,0,0,0,0,0,0,0,0,0,-0.963659253983608,0,0,0,0,0,0,0,0,-1.04437850993747,0,0,0,0,0,0,0,0,0,0,0,0,0,0,0,0,0,0,0,0,0,0,0,0,0,0,0,0,0,0,0,0,0,0,-0.0559483046647038,0,0,0,0,0,0,-1.39418391494012,0,0,0,0,0,0,0,0.259616951519086,0,0.237607061686095,0,0,0,0,0,0,0,0,0,0,0,0,0,0,0,0,0,0,0,0,0,0,0,0,0,0,-0.0401247454395404,0,0,0,0,-0.294319091244954,0,0,0,0,0,0,0,0,0,0,0,0,0,0,0,0,0,0,0,0,0,0,0,0,0,0,0,0,0,0,0
-0.621727896310382,0,-2.34916314102051,0,0,0,0,3.29454792472809,0.989018636984869,1.34950597697135,-3.00039517809651,-0.218325990273901,0.44845950998667,0.285062217178998,0,0,0,0,0,0,0.585906450234318,0,0,0,0,-3.28625345715004,0,0,0.281133326383407,0,-2.55568409980017,0,0,-1.81028366934116,0,0,0,0,0,0,0,0,0,-1.2158494593232,4.55997429599358,0,0,0,0,0.0746584233467298,0,0,0,0,0,0,1.41400722667519,0,0,0.417312443962274,0,0,0,0,0.504378075633731,-1.22010902013872,0,0.385364210326231,0,0,0,0,0.467151130158341,0,0,0,0,0,0,0,0,0,0,0,0,0,0,0,0,0,0.224099283214177,0.523922647545315,0,0,0,0,0,-0.424137402446725,0,0,2.80655575965724,0,0,0,0,0,0,0,0,0.68668688554532,0,0.911484625475385,0,0,0,0,0,0,0,0.614442938922143,0,1.83454963330592,-2.11707431690193,0,0,0,-1.53024845046883,0,0,0,0,-0.176258334278791,-0.091092447150281,0,-0.252296062144123,1.10099472033206,0,0,0,0,0,0,0,0,-0.448579888060193,0,0,0,0,0,0,0,0,-0.309684548901866,0,0,0,-0.3742716734833,0,0.264324484753293,0,-0.380033203987666,-0.462022471552135,0,0,0,0,-2.65505760511044,-3.93642732897786,0,0,0,0,0,0,0,0,0,0,0.152238231520528,0,0,0,0,-0.000223714889335147,0,0,0,0,0,0.534350625190674,0,0,0,0,0,0,0,0,0
0,0,-0.0842031002039056,0,0,0,0,0,0,0,0,0,0,0,0,0,0,0,0,0,0,0,0,-0.0860696243219203,0.142515778879276,0,0,0,0,0,0,0,0,0,0,0,0,0,0,0,0,0,0,0,0,0.0971667393228366,0,0,0,0,0,0,0,0,0,0,0,0,0,0,0,0,-0.623237253041817,0,0,0,0,0,0,0,0.122481572886165,0,0,0,0,-0.0503424032547948,0,0,0,0,0,0,0,0,0,0,0,0,0,0.316790719907366,0,0,0,0,0.0533923544023034,0,0,0,0,0,0,0,0,0,0,0,0,0,0,0,0,0,0,0,0,0,0,0,0,0,0,0,0,0,0,0,0,0,0,0,0,0,0,0,0,0,0,0,0,0,0,0,0,0,0,0,7.73247037057633,0,0,0,0,0,0,0,0,3.18480723796542,0,0,0,-0.877383128680666,0,0,0,0.0662472411048152,0,0,0,0.343084719061645,0,0,0,0,0,0.0313749659911773,0,0,0,0,0,0,0,0,0,0,0,0,0,0,0,0,0,0,0,0,0,0,0,1.19785140509677,0,0
0,0,1.3793114006265,0,-0.845153607634406,0,0.955653149101784,0,0,0,0,0,0,0,0,0,0,0,0,0,0,1.23463657749917,0,0,0,0,0,-1.02068028352037,1.38347697880944,0,0,0,0,0,0,0,0,0,0,-0.0310507704970362,0,0,0,-1.10516393787156,0,-2.80038036997363,-0.0623108144237465,0,0,0,0,0,0,0,0,0.30911068321672,0.685436105263234,0,0,0,0,0,0,0,-0.0239755661864727,0.196972796494294,0,0,0,0,0,0,0,0,0,0,0,0,0,-1.09642393098666,0,0,-0.705777263209022,0,0,0,-0.81411988641891,0,1.31716871647743,0,0,0,11.521868895437,0.165418905888547,0,0,0,0,0,0,0,0,0,0,0,1.2072320071713,0,0.433532387775972,0,0,0,0,0,0,-0.0157300520292427,0,0,0,0,0,0,0,0,0,0,-1.21871731701662,2.22089881347471,0,0,0,0,0,0,0,0,0,0,0,0,-0.00947584375703658,-0.659621010728428,0,-0.817891328861677,0,0,0,4.50836475694822,0.188374032683903,0.776343545125041,0,-0.18869306453882,0,0,0,0,1.16885721006639,0,0,0,-0.803657918555605,0,0,0,0,0,0,0,0,0,0,0,0,0,-0.557478888162508,0,0,0,0,1.01699906121502,0,0,0.90959018675689,0,0,0,0,0,-1.39792101284131,0,0,-0.0229864592544184,0.434969154049185,0,0,0,0.159248568144566,-0.421684797751019,0,3.13956283508543,0
0,0,0,0,0,0,0,0,1.01575122069198,0,0,0,0,0.488805481243344,0,0,0.128195331695517,0,-0.145518003355625,0,0,-1.35296178686744,0,0,0,0,0,0,0,0,0,0,0,-0.735355982105177,0,0,0,0,0,0,0,-0.349698069353515,0,0,0,0,0,0,0,0,0,-0.669090367831675,0,0,0,0,0,0,0,0,0,0,0,0,0,-0.221255450459029,0,0,0,0.10476046520665,0,-0.675188928403677,0,0,0.419305175249249,0,0,0,1.13172380949836,0,0,0,0,0,0,-0.834509743374901,0,0,0,-0.45929566362064,0,0,16.471276031146,0,0,0,0,0,0,0,0,0,0,0,0,0,0,0,-0.286380964923932,-0.147403563791973,0,0,0,0,0,0,0,0,0,0,0,-0.576474398733986,0,0,0,0,1.2243973143203,0,1.39457495498641,0,0,0,-1.34001203602562,0,-0.203336829694258,0,-0.719048550189621,0,0,0.741673339510948,0,0,0,0,-0.110261492506237,0,0,0,-0.838556309245279,0.775331266713065,0,0,0,0,1.21889000110178,-0.302249926123598,0.192285590175532,0,0,0,0,0,0,-0.119240886640271,0,0,-1.16551465349977,0,0,0,0,0,-0.0615330500739688,0,0,0,0,0,0,0.106257702012392,0,0,0,-0.807298963775223,0,-0.659526753179918,0,-0.862191548094872,0,-0.437029061005487,-0.123312014730293,0,0,0,-0.670156453776204,-0.120986617547017,0,-0.0378686651821278,0,0
0,0,0,0,0,0,-1.2604404143481,0,0,0,0,0,0,0.858103921789643,0,0,0,0,0,0,0,0,0,0,0,0,0,0,-0.0416331903724243,0,0,0,0,0,0,-0.619175662809568,0,0,0,0,0,0,0,0,0,0,0,0,0,0,0,0,0,0,0,0,0,0,0,0,0,0,1.7125999185137,0,0,0,0,0,0,0,0,0,0,0,0,0,0,0,0,0,0,0,0.406193964692367,0,0,0,0,0,0,1.09138598366655,0,0,16.9114210670783,0,0,0,0,0,0,0,0,0,-2.14720203137776,0,0,0,0,0,0,0,0,0,0,0,-0.211547514465772,0,0,0,0,0,0,0,0,0,0,0,0,0,0,0.396714183866547,0,0,0,0,0,0.718477105551632,0,0,0,0,0,0,0,0,0,0,0,0,0,0,0,0,0,0.0542225021020339,0,-0.250864100565005,0,0,0,0,0,0.133991008396352,0.10143800984271,0,0,0,0,0,0.20873066475333,0,0,0,-0.284669004447362,0,0,0.233424258454683,0,0,0,0,0,0,0,0,0,0,0,0,0,0,0.364778660602639,0,0,0,-0.602580891960331,0,0.407700352614317,0,0,0
0,0,0,0,0,0,-0.760796269445105,-1.79464355408745,0,0,-3.77320322059272,-0.0755437505780177,0,0,0,0,0,0,0,0,0,1.56708854568718,0,0,0.0274587098314985,0.278749013804903,0,0.371700297733,0,0,0,0,0,1.16093906655407,0,0,0,0,0,0,0,0,0,0,0,0,0,0,0,0,0,0,0,0,0,0,0,-0.317666554296119,0,0,0,0,0,0,-0.324365191311625,0,0,0,0,0,0,0,0,0.228705596084438,0,0,0,0,-0.946739779096866,1.20436992335801,0,0,0,0,0,0,0,0,0,0,0,2.16733232908402,18.3230206391919,0,0,0.570865264871861,0,0,0,-1.61065439599337,0,0,0,-1.47489398716199,0,0,0,0,0,0,0,0,0,0,0,0,0,0,0,0,0,0,0,0,0,0,0,0,0,-0.466371771904398,-1.80727633506526,-0.0635930614363458,0,0,0,-0.00409678838285621,0,0,0,0,0,0,0,1.40504857869674,-0.303347228626541,0,0,0,0,0,0,0,0,0,-0.497305599377132,-0.453159587623378,0,0,0,0,-0.208692989367477,0,0,0,0,0,0.552054622275505,0,0,0,0,0,0,0,0,0,0,-2.12045374878849,0,0,0.429590440946681,-0.0445242223559967,0,0,0,0,0,0,0,0,-0.153860467803539,0,0,-0.403904997956161,0.302417149560792,0,0,0,0,0
0,0,0,0,0,0,0,0,0,0,0.217176109769693,0,0,0,0,0,0.754833256409799,0,0,0,0,2.40935698985792,0.668865746006498,0,0,0.606629981411597,0,0,0,0,0,0,0,0,0,0,0,0,0,0.276376892906576,0,0,0,0,0,0,0,0,0,0,0,0,0,0,-0.211072974647055,0,0,0,0,0,0,0,0,0,0,0,0.387299914927592,0,0,0,0,0,0,0,0,0,0,0,0,0.638109016396472,0,0,0,0,0,0,0,0,0,0,0,1.78603399905157,16.8980544647016,0,0,0,0,0,0,0,0,0,0,0,0,0,0,0,0.0219863146887047,0,0,0.0417360369278394,0,0,0,-0.00116345653371352,0,0,0,0,0,0,0.28650551203754,0,0,0,0,0.0330602359022609,0,-0.608009154814152,-0.844350793337692,0,0,0,0,-0.387004986479241,0,0.0146353837131139,0,0,0,0,0,0,0,0,0,0,0,0,0,0,0,0,0,0,0,0,0,0,0,0,0,0,0,0,0,-0.0560389177955405,0,0,0,0,0,0.163449877560197,0,0,0.262056884184623,0,0,0,0,0,0,0,0,-0.464491764902622,0,0,0,0,0,0,0,-0.529782780179326,0,0,0.979003668068497,-0.648622363447605,0,0
0,0,-0.0245924345002302,0,0,0,0,-0.501429438548589,0,0,0,0,0,0,0,0,0,0,0,0,0,0,0,0,0,0,-0.719416291460483,0,-0.0899599672087825,0,0.254632069741906,0,0.0265028542243184,-0.318555765291246,0,0,0,-2.18704102652633,0,0,0,0.442454956569858,-0.249774805073955,2.05553342329516,0,0,0,0,0,0,0,0,0,0,0,0,0,0.988796556997255,0,0,0,0,0,0,0,0,0,0,0,0,0.705508331013387,0,0,0,0,0,0,0.162528444713745,0,0,0,0,0,0,0.351624616938047,0,0,0,0,0.0901897718555218,0.236887632298059,0,0,0,0,0,0,-0.227388283064787,0,-1.30657202136551,0,0.0983355943024018,0,0,0,0.121874733599102,0,0,0,0.758579868366887,0,0,0,0,0,1.94427866886125,0,0,0,0,0.0306697757070955,0,-0.0384488122561528,0,0,0,-0.619885692767558,0,0,0,0,-0.401629080034859,0,0,-0.0433088452050532,0,0,0,0,0,0,0,0,0,0,0,0,0.217017080730358,-0.234139800867952,0,0,0,0,0,-1.45375441942888,0,0,0,0,0,0,0,2.25987820616537,0,0,0,0,0.446848972449883,0,0,0,0,0,0,-0.323092042935351,0,0,-0.618394094799663,0,0,0,0,0,0,0,0,0,-0.833312600860818,0,0,0,-0.0776921784118405,0,0,0,0,0,0,0,0.0789305598146719
0,0,0,0,0,-0.105719595154744,0,0,0,0,0,0,0,0,0,0,0,-0.065543069734755,0,0,0,0,0,0,0,-0.338503834256314,0,-0.180721309178928,0,0,0,0,0,0,0,0,0,0,0,0,0,0,0,0,0,0.742282843337743,-0.261560701176244,0,0,0,0,0,0,0.888354770939264,-0.173409464779832,0,0,0,0,0,0,0,0,0,0,0,0,0,0,0,2.20533513455298,0,0,0,0,0,0,0,0,0,0,0,0,0,0,-0.185069823260926,0,0,0,0,0,-0.534631084407798,-0.23256381483895,0,0.637209487620361,0,0,0,0,0.343933225897024,0,0,0,0,0,0,0,0,0,0.887861481064855,0,0,-0.24102940033281,0,0,0.123682578986442,0,0,0,0,0.470115795453971,0,0,0,0,-1.1480904870183,0,0.475946470296601,0,0,0,0,0,0,0,0,0,0,0,0.142611819569253,0,0,0,0,0,0,0,0,0,0,0,0,0.365920657794405,0,0,0,0,0,0,0,0,0,0,0,0,0,0,1.54225925305009,0,0,0,0,0,0,-0.00363790343631898,-1.05090736438275,-0.556625712455066,0,0,0,0,0,0,0,0.225682259609035,0,0,0,0,0,0,0,0,0,0,0,0,0,0,0
0,0,0,0,0,0,0.207979015438881,0,0,0,0.529093608910864,0,-6.86207281770379e-05,-0.983409297228757,0.454480365579524,0,0,0,0,0,0,0,0,0,0.773861538671382,0,0,0,-0.645109265226246,0,0,0,0,0,0,0,0,0,0,0,0,0,0,-0.468050907527064,0,0,0,0,0,0,0,0,0,0,0,-0.478913951051977,0,0,0,0,0,0,0,0,0,0,0,0,0,0,1.0200374475766,0,0,0,0,0,0,0,-0.479489225989592,0,0,0,-1.4169149466708,-0.227702072137688,0,0,0,-0.157014170124901,0,0,0.7464028676011,0,0,0,0,0,0,0,0,0,0,0,0,-1.11917188799906,0,0.392728495838901,0,0,0,0,0,0,0,0,0,0,0,0,0,0,0,0,0,0,0,0,0,-0.277017912408398,0,0,0,0,0,0,0,0,0,0,0,0,0,0,0,0,0,0,0,0,0,0,0,0,0,0,0,0,0,0,-0.0830343362494235,0,0,0.16900747537958,1.73557429310574,0,0,0,0,0,0,0,0,0,0,0.458113256124597,0,0,0,0,0,0,0,0,0,0,0.123042386342268,0,0,0,0,-0.738734676828944,0,0,0,0,0.417592503356935,0,0.149867550897492,-0.198363542631641,0,0.65609836356192
0,0,0,0,0,0,0,2.06428964377529,0,0,0,0,0,0,0,0,0,0,0,0,0,0,0,0,1.22804092348364,0.27126582140912,0,0,0,0,0.460668023961438,0,0,0,0,0,0,-0.135800589692928,0,0,0,0.569838009541257,0,0,0.415664073851103,0,0,0,0,0,0,0,-0.47377647346419,0,0,0,-0.550949982866596,0,0,0.649564674668888,0,-0.770792255530512,1.39472400068532,0,0,-0.600747592209573,-0.362816087376863,0,0,-0.00136907548459364,0,0,0,0,-0.592023934629071,0,0,0,1.31627453166368,0,0.629975125501846,0,0,1.50852628677695,-0.313628051649253,0,0,-0.0518121527002151,0,0,0,0,0,0,0,0.698183556570011,0,0,0,0.827701695841739,0,0,0.445899830007874,0,0,-0.535419603578518,0,0,0,0,0,0,0,0.189574349165032,0,-1.05432935687112,0,0,0,0,0.169417483348815,0.783545068419871,0,0,0,0,0,0,0,0,0,-0.536547972394814,0,0,0,0,0,0,0,0,0.00692839660737032,0,0,0,0,0,0,-0.031138365838109,0,0,0,0,0,0,0.950903573098144,-0.971139608158708,0,0,0,0,0,0.420070564890259,0.668735442873236,0,0,0,0,0,-1.53760940754423,0,0,0,0,0.348515836443137,0,0,0,1.04177427062737,0,0,0,0,0,-0.719808220191491,0,0,0,0,0,0.10892230148646,0,0,0,0,0,0,0,0,0,0.146395007906662
0,-0.0187351868668262,0,0,0,0,0,0,0,-0.573760781661453,0,0,0,0,0,0,0,0,0,0,0,0,0,0,-0.816433666874659,0,0,-3.31312592840609,0,0,0,0,0,0,0,0,0,0,0,0,0,0,0,0,0,0,0,0,0,0,0,0,0,0,0,0,0,0,0,-0.795866769251168,0.30281426866491,0,0,0,0,1.01172588785714,0,0,0,0,0,0,0,0,0,-1.13860646765813,0,0,0,0,0,0,0,0.932640276372322,0,0,0,0,0,0,0,0,0,0,0,0,0,0,0,-0.31048936603032,0,0,0.0561504338703291,-0.163896756707015,0,0,0,0,0.310636082191573,0,0,0,0,0,-0.159479007860005,0,0,0,0.11926751597588,0,0,0,0,0,0,0,0,0,0,0,0,0,0,0,0,0,0,0,0,0,0,0,0,0,0,0,-5.11033599906915,0,0,0,0,0,0,0,0,0,0,0,0,0,0,0,0,0,0,0,-0.603795990648282,0,-0.568912108902955,0,0,0,0,0,0,0,0,0,0.346128445809096,0,0,0,0,0,-0.129378535356041,0,0,0,0,0,0,0,0,0,0,0,-0.209341374555214,0,0,0
0,0,0,0,2.8802603066185,-0.33855562645035,0,0,0,0,-2.76443969080736,1.05842079149953,0,0,0.167366003963774,0,0,0,2.87807347427082,0,0,0,0,0,-0.0808034855702744,0,-3.35028681374794,0,0.242897076173268,0,3.17818471013185,0,0,0,0,0,1.09077188810337,0,0,0,0,0,0,0,0,-0.616040507194529,0,0,0,0,0,0,0,0,0,0.681951676169556,0,0,0,0,0,0,-0.749396951452775,0,0,0,2.15987116769594,0,0,0,-0.443328831388427,0,0,0,-3.06015503098219,0,0,1.34973118308109,0,0.865549214867332,0,0,1.82718018616124,0,0,0,0,0,0,0,0.222676490864462,-5.82374248921756,0,0,-0.566750329705559,0,0,0,-0.418062978521553,0,0,0,0,0,0,0,0,1.38977277918029,0.134154345880711,1.98678778743764,0,0,-0.0958902383280125,0,0,0,0,0,0.704043306650097,0,0,0.264634987322366,0,0,0,0.760765453941021,0,0,0,0,0,1.01850772347822,-1.35299264124551,0,0,-1.5728816877647,0,-0.0834906432085827,-0.0655624419836354,0,0,0.0687324983658792,-0.441644118530649,-1.600062039212,0,0,0,-1.08410157726017,0,0,0,0,0,0,-0.655228000743066,0,0,0.244345582280858,0.595215937675493,0,0,0,0,0,0,0,0,0.182265627576383,-0.431849625793252,0,0,0,0,2.49289525777316,-0.355249988854308,0,0,-1.16213495898743,0,-1.51552707063869,0,0,0.295780159604138,-3.54666556034247,0,0,0,1.01733997749619,0,-0.186381083337813,0,0,-1.63454929504718,0,0,0,0,0,0,0
0,0,0,0,0.825695766352863,0,0,-0.686379124110744,0,0,-0.352744209222397,0.213016861249459,0.383208501983135,0,0,0,0.142451107686523,0,1.17885728398333,0,0,0,-0.104137807085229,0,0,-0.0665970670803884,-0.612519303312439,0,0,0,0,0,0,0,0,0,0,0,0,0,0,-0.255730459947715,0,-0.913863224319821,0,0,-2.82405123549341,0,0,0,0,1.22289860836345,0,0.184269917970638,0,0,0,0,-0.00706535259055263,0,0,0,0.868019664132085,0,1.13997900319494,0,0,0,0,-0.166910096800887,0,0,0,0,0,0,0,0,-0.080986218005358,0,0,0,1.71970489263005,0,0,-1.74782138608698,0,0,0,0,0,-0.975140922968947,0,0,0,0,0,0,0,0,0,0,0.229687498590579,0,0,0.211674681601517,0,0,0.0593415968219504,0,0,-1.57630699857412,0,0,-0.265008035975788,0,0,0,0,-0.716562874122147,0,0,0,0,0,0,0,0.78856601130266,0,0,0.574742340761052,0,-0.0917779124190503,0,0,0,0,0,0,1.52947389831872,0.16325004124634,0.18124760462037,0,-0.277039028777872,0,0,0,0,0,-0.0938011688034215,0,0,0,0,0,0,0,0,0,-0.777979806512582,0,0,0,0,0,0,0,-2.11164627379654,0,0,0,0,0,0,0,0,0,0,0,0,0,0.56584059221489,0,-0.207617768922502,0,0,0,0,0,0,0,0,-0.432930027045396,0,0,0,0,0,0.058230805329246,-1.15323432342959
0,0,0,0,0,0,0,0,-0.163144736666247,0,0,0,0,0,0,0,0,0,0.866632362412233,0,0,0,0,0,0,0,0,0,-1.21789863410625,0,0,0,0,0,0,0,0,0,0,0,0,0,0,0,0,0,-1.86660724805568,0,0,0,0,0.396977643860385,0,0,0,0,0,0,0,0.0714351129335564,0,0,0,0,0,0,0,0,0,-0.144511565542858,0,0,0,0,0,0,0,0,-0.85546458438414,0,0,0,0,0,0.0857553792507137,-0.345429957512736,0,0,0,0,0,-0.558777599591759,0,0,0,0,0,0,0,0,0,0,0.624392081472602,0,0,0.29949096109994,0,0,1.25119737514258,1.70506684452942,0,-2.20350871531319,0.00893724301724674,0,0,-0.0932755929147608,0,0,0,0,0,0,0,0,0,0.411750156303362,0,0,0,0,0,0,0,0,0,0,0,0,0,0.553983964419988,0,0.559911517193386,0,0,0,0,0,0,-0.582681715604147,0,0,0,0,0.713456817022079,-0.0856171700739745,0,0,0,0,-0.573992966527035,0,0,0,0,0,0,0,0,0,0,0,0,0,0,-0.788428455531475,2.7249626131155,0,0,0,-1.38391874512894,0,0,0,-0.087832314997099,0,0,0.405636902865492,0.304648940471289,0,0,0,0,0,-0.158780439461697,0.306985237914045,0.932387876605175,0,0,5.16163574038601,-0.640653139235565
0,0,0.586287346243493,0.222806249298244,0.765328072728167,0,0,0,0,-2.4822349623453,0,0,0,0,0,0,0.561735622298415,-1.1982500129232,0,0,0,0,0,0,0,0,0,0,0,0,0,0,1.55209137441756,0,0,0,0,0,0,0,0,0,0,0,0,1.86015702139091,0,0.082976082129141,0,0,0,2.12410482573761,0,0,0,0,0,4.07968851111523,0,0,0,0,0,0,0.463672810699129,0,-1.90318238694097,0,0,0,0,0,1.33235925632218,-0.20000111150678,0,0,0,0,0,1.30072088916669,0,0.623150382307436,0,-1.5088710646667,0,-2.76040661471085,0,0,1.51206517350207,0,0.583459946417054,-2.13724534345328,1.87198347041145,0,0,0,0,-0.273655965146209,0,0,0,0,1.79141328756347,-4.44679056577547,3.26701587709164,3.18788563821018,0,0,0,-0.86119923530729,0,-1.6957740235642,0,0,0,0,0,-0.0620315265800673,-0.272572888532418,-1.40470754753056,0,0,-1.2980376858555,0,0.361326941525996,1.72470136887447,0,-0.444476891125764,0,0,1.62948734565241,0.555939486378576,0,0,-1.21050075934853,-0.421254317020819,-0.595281438279354,-0.970292980660172,0,0,0.494912570536072,1.580099206248,0,-0.317289258007941,0,0,-0.283022089342486,0,0.617579050097504,0,0,0,-0.319719611974201,0,0,0,0,3.33754629545381,0.710876131819648,-1.27540327888708,0,9.50342670969675,2.00940063153507,0,0,0,-3.00268875196015,-3.26566349239676,-0.891390478944726,-0.174545926160383,0,0,0,-0.349640059812132,0,2.22741806467492,-0.778593271799759,-7.94360036192828,1.01683962580715,0,0,0,0,0,0,0,0,0,0,-4.44507211972213,0,0.245616071574895,0,0,-1.86907936719643,-2.52712578277007,0,0,0,0
0,-1.24373969589308,2.67033278260786,0,0,0,0,0,0,0,0,0,0.281013928853826,0,0,0,0,-0.0446376712181624,0.622564032705,1.64770361526091,0,0,0.634306221789805,0,2.62383835386414,0.447780405934646,0,0,0.587529068317573,2.83285230302677,0,0,0,-0.108786969045349,0,0,-1.02508335415799,0,0,0.469729219017842,0,0,0,0,1.10188035997192,0.381181452934184,0.490059531323841,0,0,0,0,-0.784744884044644,0,0.199693729356971,0,0,0,0,0,0,-0.315815171802153,0,2.59296083492902,-0.574315309556674,0,0,0,0,0,0,-1.51070778339131,0,0.0267898497320533,0,-0.588328876365432,0,0,0,0,0,0.286723614944668,0,0,0.379834074333327,0,0,0,0,0,-0.0897856178525049,0,0,0,0,0.50383257844361,0,0,0,0,0,0,0,1.11767762739718,0,0,0,0,0,0,0,0,-0.46263359882094,-0.234967419243019,0,0,1.18089785668707,0,0,0,0,0,-0.610973920595089,0,0,0,-0.428233937377168,0,0,0,-0.456620589258003,-0.212557284919006,0,0,0,0.853858895458657,0,-0.100095371309851,0,0,0,0.445812317287422,0,0,0,0,0,0,0,-0.0862841079508809,0,0,0,0,0,0,0,0,0,0,0,0.0471372945770105,1.14152206805111,-0.274960249023724,0,0,0,0,0,0,0,0,0,0,0,0,0.355600038652309,0,0,0,0,0,0,0,0,0,0,0,0,0,-1.26016687861024,-0.844163765893845,0,-0.259633528113226,0,0,0,0,0,0,0
0,0,3.07537354260163,0,0,0.17025246443708,0,0,0.572057328423085,0,3.26988406578333,0,0,0.817754725325076,0,0,0,0,0,0,0,0,0,0,2.34580611785347,-2.08777211949925,0,0,0.447681048129994,2.69095412053528,0,0.782943300794758,0,0,0,-0.474644182402231,0,0,0,0,0,0,0,-1.12993468733159,-0.402861097826852,0,0.205581939756104,0,0,0,0.197337332583972,0.193846497038939,0,0.666531171765015,0,0,0,0,0,0,0.336986642891396,1.52806421974801,0.934498888947023,0,0,0,0,0,0,0,0,0,0,-0.185623025338937,0,0,0,1.39593722070858,0,0,0,0,0,0,0,-0.138902990319541,0,0,0.437117953742199,0,0.340299834068662,0,0,0,0,-1.56654405496895,0,0,0,0,0,-1.33558217680682,3.48946751112003,0,0.374841532927318,0,0,-0.355085431700189,0,0,0,-3.84242873943758,0,0,0,-1.19260256893504,0,0,-0.643912938684617,-1.0404509402909,0,0,2.2421699992489,0,0,0,-0.0398296600303163,0,0,0,-1.82742433609071,0,0,0,1.74409444670876,0,-2.94596097957232,0,0,2.45154121562686,0,-1.08755684950269,0,0,0,0,0,0.00616278130985837,0,0,-1.43423181615607,0,0,-1.62699585624977,0,0,0,0,0,0,0,0,0,-1.18381015172128,0,0,0,0,-0.889897460455244,0,0,0,0,-0.694913360481718,0,0,0,0,0,0,-0.100690262264731,0,0,0.717716394765923,0.27469091677476,0,0,0,0,-0.531502957293925,-0.647027108398928,0,0,-0.0186882201939038,2.50347903671445,0,0,0,0,0
0,0,0,0,0,0,-0.365549905838343,0,0,0,0,0,0,0,0,0,0,-0.873704163596166,0,0,0,0,-0.119041326033114,0,0,-0.733000224501948,0,0,1.23806269853871,0,-0.722999172958285,0,0,1.04718207181157,0,0,0,0,0,0,0,0,0,-0.21742129534139,0,0,0,0,0,0.0643940195691275,0,0,0.101624486391773,0,0,0,0,0,0,0,0,0.73641428143934,0,0,-0.267733478648069,0,0,0,0,0,0,0,0,0,0,0,0,0,0,0,1.00636367681023,0,0,0,0,-0.634832200892936,0,0,0.372159954852218,0,0,-0.329869466025814,0,0,-0.111723248140961,0,0,0,0,0,0.18353076749711,0,0,0,0,0.212899017245237,0,0,0,0,0,0,0,0,0,0,0,0,0,0.265266832128882,0,0,0,0,0,0,0,0,0,0,0,0,0,0,0.842765063956941,0,-0.367974978665735,0,0,0,0,0,0,0,0,0,0.645336803253588,0,0,0,2.72504227888533,0,0,0,0,0,0,0,0,0,0,0,0.139049183657604,0,0,0,0,0,-1.41204816286427,0,0,0,0,0,0,-0.180657429479037,0,0,0,-1.03113259052122,0,0,0,0,0,0,0,0,0,0,0,0,0,0,0,0,0,0,0,0
0,0,0,0,0,0,0,0.272457743772859,0,0,-1.41988178567149,0,-0.504738655979276,0,0,0,-0.0150204104224216,0.10586329907736,0,0,-0.299645394231172,0,0,0,0,0.0190234120528494,0,0,0,0,0,0,0,0,0,0,0.17892733002089,0,0,0,0,0,0,0,0,0,0.0995534535703384,0,0,0,0,0,-0.167810304278593,0,0,0,-0.292400632120334,0,0,0,0,0,1.37074930600967,-0.611663961417065,0,0,0,0,0,0,0,0,0,0,0,0,0,0,0,0,0.109822735108681,0,0,0,0,0,0,0,0,0,0,0,0,0,0,0,0,0,0,0,0.248486931635929,0,0,0,0,0,0,0,0,0.250933552572804,0,1.12254498889117,0,0,0,0,0,0,0,0,-1.5989743829871,0.621503704705486,0,0,0,0,0,0,0,0,0,0,0,0,0,0,-0.210375499797492,0,0,-0.281527001689085,0,0,0,0,0,0,0,0,0,0,0.433880850066045,0,0,0,0,0,0,0,0,0,0,0.449353155546052,0,0,0,0,0,0,-0.0635091540229136,0,0,0,0,0,0,0.449400666535992,0,0,0,0,0,0,0,0,0,0,0,0,0,-0.0762215443590317,0,0,0,0.160940372124524,0,0,0,0,0.568472936256695,0
0,0,0,0,0,0,0,0,0,0,0,0,0,0,0,0,0,0,-3.258100921439,0,0.205680222059653,0,0,0,0,0,0,0,0,0,0,0,0,-0.998446343742837,0,0,0,-0.53263102698207,0,0,0,0,0,0,0,0,0,0,0,0,0,0,0,0,0,0,0,0,0,0,0.738237380511304,0,0.199265454896867,-1.03283529919518,0,0,0,0,0,0,-0.79633144527884,0,0,0,0,0,0,0.670671848765908,0,0.39577785861654,0.117950294229442,0,-0.376984101604524,0,0,0,0,-0.806536423244637,0,0,0,0,0,0,-0.130944207501474,0,0,0,0,0,0,0,2.13429702716041,0,0,0,0,0,0,0,0,0,0,0,0,0,0,0,0,0,0,0,0,0,0,0,0,0,0,0,0,0,0,0,0,0,-0.30244934180198,0,0,0,0,0,0,0,0,0,0,-0.105334355896588,0,0,0,0,0,0,0,0,0,0,0,0,0,0,0,0,0,0,0,0,0,0,0,0,0,-0.401464748094924,0.209163964148793,0,0,0,0,0,0,0.502736796764259,0,0,-0.0680012718158223,0,0,-0.332493560898336,0,0,0,0,0,0,0,0,0,0.265738875364897,0,0
0,0,0,0,2.33835792650967,-2.49667093850379,-1.30018006985521,0.089159716046505,0,0,0,0,0,0.766963443974192,-0.85020223407557,-0.244583887390149,0,0.172375147709382,-4.32003563300068,0,1.05043125269435,0,0,0,0,0,0,0,3.929294964103,1.85920252207332,0,0,-0.809806092896585,-1.8149660730594,-0.406696725348002,-0.632658945011698,0,0,0,0,0.330400633379798,0,0,0,0,0.205040695535983,0,-0.194846682547753,0,0.19702202829275,-0.469941788019493,0,-2.00549292371644,0.469880466247651,0,0,0,-0.12596367186299,0,0,0,0,1.2190858300934,-0.625504016321757,0,0,-0.848011494494237,0,0,0,-1.36720815440419,0,0,0.210250884091657,-0.885028139279752,0,0.595911073136179,0,0,0,0,-0.914440616885556,0,0,0.610904931870681,-0.713206974160436,0,0,0,0,0,0,0.795972267940746,0.0804633697446857,0,-0.392877890464316,0,0.92273627264578,0,-0.134790544751908,0,-0.17127400636843,1.88223141219076,0,0,0.63320726924708,0,0,0,0,0,1.31121171470153,0.792652633089437,0,0.086769573330459,0,0,0,-2.26489537664341,0,0.616276722230312,0.135068141294511,0.105275759112164,0,0,0,0,1.57405524419538,0,0,0,-0.424791479344084,0,0,0.00986717010640215,0,0,0,0,0,1.42923290879828,0,0,0,0,0,0,0,0,-0.0797195339478387,0,0,0,0,0,-1.97924364824846,0,0,0,0,0,0,0,0,0,0,-0.34024362228971,0,-3.11035162517031,0,-0.437538927203117,-0.683315913034268,-0.269357531097937,-1.93909292279883,0,-3.1705915205413,0,0,0,0,-1.19195527074412,0,0,0,0,0,0.336151534575809,0,0,0,0.196530126334655,0,0,-0.0861725098216679,0,0,0,0,0,-7.31941142250808
-0.318850241751787,0,0,-0.429435429357111,0,1.06454783664331,-1.54774311909005,0,0,0.536217880183177,0,0,0,-0.0567245454840493,0.247968108187301,0,0.875479748029655,0,0,1.28733181005109,0,-0.430124405146606,8.89224763573331,0,0,0,0,0,0,3.49194748556682,-0.371771534897319,0,0,0,0,4.67994944097745,0.228957183676844,0,0,0,0,0,-0.473902899628755,0,0,-0.731867804260057,0,0,0,0,0,0,0,0.000664512840126363,0,0.0600043361998854,0,0,0.188290457699573,0,-0.360062052047949,0,0,-3.20123501990385,0,0,-1.40551103928923,0,0.918814084287715,0,0,0,0,0,0,-1.48719469446602,0.201221852810468,0,0,0,0,0,0,0,0,0,0,-0.257051259188233,-0.240729199661328,0,0,-0.454189775762029,0,0,-0.692975488088066,0,0,-1.31342974754322,0,0,0,-1.10029364485696,0,-2.62723379606453,0,-0.73513458931243,0.368297343390174,0.0927739737642428,0,0,0.119207338806716,0,0,0,2.50266352451113,0,0,0,-0.0863518617572709,0,0,-1.32118746828013,0.649919437461731,0,0,0,0,0.0304207999690262,0,-1.43697120085684,0,-1.53104991930867,1.14000730376736,0,0,0,0,0,0,0,0.63255416935361,0,0,0.47538820095725,0,0,0,0,0.672916834882767,0,0,0,0,-0.422884853730653,0.370316452412649,0,0,0,-1.76932013680177,0.605943448987122,0,0,0,0,0,0,0,0,0,0,-0.083081380283013,0,0,0,0.914812975976003,0,0,0,0,0,-0.0463427731436858,0,0,0,0,0.0196114361693625,0,0,0,0,0,0,0,0,0,0,0,0,0,-0.596253688954548
0,0,0,0,0,-0.172166136988667,-0.152407275526624,0,0,0,0,0,0,0,0,0,0,0,0,0,0,0,0,0,0,0,0.0986523282986562,0,0,0,0,-0.313703444302329,1.33860422877353,0,0,1.00543207637486,0.947716673935619,0,0,0,0,0,0,0,0,0,0,0,0,-0.367895490122432,0,0,-0.271605060233188,0,-0.152401734245298,0.0600718125326445,0,2.83429632075433,0,0,0,0,0,0,-1.01310944937874,0,0,0,0,0,0,-2.35432832944576,0,0,0,0,0,0,0,2.63077299211856,1.02954685829384,0,0,0,-1.14761011908439,0,0,0.368940798442994,0,0,0,0,0.163594487677445,0,0,0,0,-0.137965195472134,0,0,-1.66829109007998,0,1.29768671420561,0,0,0,0,-0.099126248403766,0,-0.233771220062311,0,0,0.0773094963529219,0,0.141998839635667,0,0,0,0,0.396485345010647,0,0,0,0,0,-0.202040809755716,0,-0.185112839274367,0,0,0,0.0959233999566129,0,0,-0.833101381764771,0,-0.261240106413867,0,0,0,0.574086185664871,0,0,0,0.227886027707839,0,0,-1.2901659245156,0,0,-0.073147693102471,0,1.32085019466591,0,0,0,0,0,-0.470222027107412,0,-0.434834575682413,4.80411855715469,0,0,0,0,-1.85091653382284,0,-1.72789494754863,0,0,0,0,0,0,0.0331357161449528,-1.17162199637407,-0.867973881080154,-0.354725525281905,0.275446911819214,0,-0.187250064238248,0,0,0.183274606043716,0,0,-1.00593459642934,0,0,-0.35830886149419,0,0,0,-1.39273043501084,0.0171859694786762,-0.765468726459641,2.59236961916645,0,0
0,0,0.155212360744704,0,0,0,0,0,0,0,0,0,0,0,0,0,0,0,0,0,0,0,0,0,0,-0.321539707800979,0,0,0,0,0,0,0,0,0,0,0,0,0,0,0,0,0,0,0,0,0,0,0,0,0,0,0,0,0,0,0,0,0,0,0,0,0,0,0,0,0,0,0,0,0,0,0,0,0,0,0,0,0,0,0,0,-0.245914471401546,0,0,0,0,0,0,0,0,-0.0290086448669786,0,0,0,0,0,0,0,0,0,0,0,0,0,0,0,0,0,0,0,0,0,0,0,0,0,0,0,0,-0.0731738542416192,0,0,0,0,0,0,0,0,0,0,0,0,0,0,0,0,0,0,0,0,0,0,0.208390110726438,0,0,0,0,0,0,0,0,0,0,0,0,0,0,0,0,0,0,0,0,0,0,0,0,0,0,0,0,0,0,0,-0.0398682127433692,0,0,0,0,0,0,0,0,0,0,0,0,0,0,0,0,0,0,0,0,0,0,0,0
0,0,0,0,0,0,0,0,0,0,0,0,0,0,0,0,0,0,0,0,0,0,0,0,0,0,0,-0.801438728183342,0,0,0,0,0,0,0,0,0,0,0,0,0,0,0,0,0,0,0,0,0,0,0,0,0,0,0,0,-0.0764728018285243,0.424736283726556,0,0,0,0,0,0,0.445268650749864,0,0,0,0,0,0,0,0,0,0,0,0,0,0,0,-0.0987832606578378,0,0,0,0,0,0,0,0,0,0,0,0,0,0,0,0,0,0,0,0,0,0,0,0,0,0,0,0,0,0,0,0,0,0,0,0,0,0,0,0,0,0,0,0,0,0,0,0,-0.306556211039856,0,0,0,0,0,0,0,0,0,0,0,0,0,0,0,0,0,0,0,0,0,0,0,0,0,0,0,0,0,0,0,0,0,0,0,0,0,0,0,0,0,0,0,0,0,0,0,0,0,0,0,0,0,0,0.125877373420771,0,0.0205032207980096,-0.133192072500198,0,0,0,0,0,0,0,0,0,0,0,0
0,0,0,0,0,0,0,0,0,0,0,0,0,0,0,0,0,0,0,0,0,0,0,0,0,0,0,-0.777492373690226,0,0,0,0,0,0,0,0,0,0,0,0,0,0,0,0,0,0,0,0,0,0,0,0,0,0,0,0,0,0.118534567294714,0,0,0,0,0,0,0,0,0,0,0,0,0,0,0,0,0,0,0,0,0,0,0,0,0,0,0,0,0,0,0,0,0,0,0,0,0,0,0,-0.0208925322775098,0,0,0,0,0,0,0,0,0,0,0,0,0,0,0,0,0,0,0,0,0,0,0,0,0,0,0,0,0,0,0,0,0,0,0,0,0,0,0,0,0,0,0,0,0,0,0,0,0,0,0,0,0,0,0,0,0,0,0,0,0,0,0,0,0,0,0,0,-0.164920880373596,0,0,0,0,0,0,0,0,0,0,0,0,0,0,0,0,0,0,0,0,0,0,0,0,0,0,0,0,0,0,0,0,0
0,0,-0.774894116673026,-2.14708003532239,0,0,0,0,0,0,0,0,0,0,0,0,0,0,0,0,0,0,0,0,0.843674529775944,0,0,0,0,0,0,0,0,0,0,0,0,0,0,0,0,0,0,0,0,0,0,0,0,0,0,0,0,0,0,0,-0.00710581077805483,0,0,0,0,0,0,0,0,0,0,0,-0.121306511893379,0,0,0,0,0,0,0,0,0,-0.142292439203195,0,0,0,0,0,0.23455374320128,0,0,0,0.0434620115664963,0,0,0,0,0,0,0,0,-0.268823665506066,0,0,0,0,0,0,0,0,0,0,0,0,0,0,0,0,0,0,0,0,0,0,0,0,0,0,0,0,0,0,0,0,-0.147279716743351,0,0,0,0,0.478150275209212,0,0,0,0,0,0,0,-0.920488951728349,0,0,0,0,0,0,0,0,0.0188950889141899,0,0,0,0,0,0,0,0,0,0.402915862639926,0,0,0,0,0,0,0,0,0,0,0,0,0,0,0,0,-0.0383460080386908,0,0,0,0,0,0,0,0,0,0,0,0,0,0.923923570523788,0,0,0,0,0,0
0,0,0,-9.87203550016543,0,0,0,0,0,0,0,0,-0.49232111508782,0,0.0908969707159231,0,0,0,0,0,0,0,0,0,0.363277283672345,0,0.755427292200281,0,0,0,0,0,0,-0.210142356574744,0,-0.643836786411723,0,0,0,0,0,0,0.719100997924809,0,0,0,0,0,0,0,0,0,0,0,0,0,0,-0.578596331870704,0,0,0,0,-0.413638658579817,0,0.433731345901359,0,0,0,0,0,0,0,0,0,0.262306107705504,0,0,-0.36786796311697,0,0,0,0,0,0,0,0,0,0,0,0,0,0,0.938315366652494,0,-0.79059742053704,0,0,0,0,1.04610206440807,0,0,0,0,0,0,0,0,0,-0.798924554516581,0,0,0,0,1.17222974389151,0,0,0,0,0,0,0,0.110803866669337,0,0,0,0,0,0.975892808542704,0,0.157567146965014,0,0,0,0.737005945069584,0,0,0,0,0,-0.380809541993901,0,0,0,0,0,0,0,0,0,0,0,0,0,0.289479975651849,0,0,0,0,0,0.0223280901100722,0,0,0,0,0,-1.06336145317595,0,0,0,0,0,0,0,-0.485709583293787,0,-0.582120875035319,0,0,0,-0.268770948043333,0,0,0,0,0,0,1.06866831540214,0.013976293433227,0,1.35161664374086,0,-0.500409405263137,0,0,0,0.72736972500461,0,0,0
0,0,0.866297513057596,-10.980660561157,0,0,0,0,1.81514578442555,0,0,0,-1.06065638745093,0,0,0,0,0,0,0,0,0,0,0,2.14181188621171,0,0,0,0,0,0.310550790752517,0,0,-0.488725690682389,0,0,-0.760307660775827,0.10101890126395,0,0,0.652257660908343,0,2.45882987203916,0,0,0,0,0,0,0,0,0,0,0,0,-0.169518540060605,0,0,-0.131979249946012,0,0,0,0,0,0,0,0,0,0,0,0,0,0,0,1.02821087325566,0,0,-0.794973143820653,0,0,0.842585936641687,-0.399578105231646,0,0,0,0,0,0,0.407435483507141,0,0,0,1.17726832375259,0,-1.51513784737854,0,0,-0.302360454257751,0,1.23964110119555,0,-0.409406364427602,0,0,0,0,0,0,0,-1.49892565077848,0,0,0,0,2.36286263457978,0,0,0,0,0,0,0,0,0,0,0,0,0,0.971587477759158,0,0,0,0,0,3.6566956491857,0,0,0,0,0,-0.821797582350963,0,0,0.370863205770842,0,0,0,0,0,0,0.985743654294185,0.069019346896783,0,0,0.0322309767167361,0,0,0,0,0,0,0,0,0,0,0,-1.29390686613175,0,0,0,0,0,-0.0185757698509375,0,0,-0.544662599575958,-1.43823067319927,0,0,-0.0819945575370422,-0.0384096062464541,0,0,0,0,0,0,1.80492566330458,0.183814153529062,0,1.60940603538421,0,0,0,0,0,0.0530334937787509,0,0,0
0,0,0,-30.3531228361421,0,0,0.611354231311497,0,7.99524443681493,0,0,0,-0.206805995253891,0,0,0,0,0,-1.08108218705199,0,0,0,0,0,0.829042432036966,-0.874431817660736,-1.38569815156963,0,0,0,0,0,0,0,0,0,0.901330813364042,0,0,-0.14515155083779,0,0,2.87154653125175,0,0,0,0,0,0,0,0,0,0,0.664676216860372,0,0,0.326373784232585,0,0,0,0.847464383502823,-1.15107524387112,0.252517939783592,-0.911378841848969,0,0,-0.944586798603732,0,0,0,0,0,-0.271400734359359,-2.07122369562936,0,0,0,-1.52176437822966,0,0.207589383616794,0,0,0,-0.685971222813532,3.05089482068266,0,0,0,0,0,0,0,0,0,-2.84550824995225,0,0,0,0,0.753751275120708,0,0,0,0,-1.58535682890248,0,0.474642958368501,0,0,0,0,0,0,0,0,0,0,0,0,-1.50327590741625,0,0,0,0,0,0,0,0,0,0,0,0,0,0,1.35457799101923,1.02812618669904,0.219376323297701,0,0,4.37636263305429,0,0,0,0,0,0,0,0,-2.47277424333364,0,0,0.133401936778134,0,0,-3.32481795055089,0,0,0,0,0,-0.261212996603068,0,0,0,0,0.267525863701511,0,0.452880501613205,0,0,0,0,0,0,0,0,0,-1.23370253407334,0,-0.916372146046992,0,0,0.252963059963992,0,-1.63565066211525,0,0,0,0,0,2.10556257257732,1.33064834418079,0,0,0,0,0,0,0,0
0,0,0,-30.9760455510811,0,0,0,0,0,0,-1.94909729765979,-0.128191637403019,0,0,0,0,0,0,0,0,0,0,0,0,-0.327986765597118,0,0,0,0,0,0,-0.06279619199556,0,0,0,0,0,0,0,0,0,0,0,-2.23694186475066,0,0,-0.431106111847237,0,0,0,0,0,0,0,0,0.206778778937166,0,0.726595713814373,0,0,0,0,0,0,0,-0.241446981903985,0,0,0,0,0,0,0,0,0,0,0,0,0,0,0,0,0,0.455056991335193,0,0,0.0557982407129702,0,-0.966310860797297,0,0,0,0,0,0,0,0,0.194603073264144,0,0,0,0.147679926959066,0,0,0,0,0,0,0,0,0,0,0,0,0,0,0,0,0,0,1.59692833300733,0,0,0,0,0,0,-0.767018802977673,-0.0330466700165595,0,0,0,0,0,0,0,0,0,0,0,0.258593030312851,0,0,0,0,0,0,0,0.150042196556687,0,0,0,0,0,0,0,0,0,0.176153134001501,0,0,0,0,0,0.554055013443007,0,0,-0.393231239735383,0,0,0,0,0,0,0,0,0,0.416289610885262,0,0,0,0,0,0,0.440614211035143,0,0,-0.697216310887568,0,0,0,0,0,0,0,0,0,0,0,0
0,0,0,-28.1614495272565,0,0,0,0,0,0,0.162319239065477,0,0,0,0,0,0,0,0,0,0,0,0,0,0,0.328782849959032,0,0,0,0,0,0,0,0,0,0,0,0,0,0,0,0,0,0,0,0,0,0,0,0,0,0,0,0,0,0,0,0,0,0,0,0,0,0,0,0,0,0,0,0,0,0,0,0,0,0,0,0,0,0,0,0,0,0,0,0,0,0,0,0,0,0,0,0,0,0,0,0,0,-0.0561383516968557,0,0.519354673253199,0,0,0,0,0,0,0,0,0,0,0,0,0,0,0,0,0,0,0,0,0,0,0,0,0,0,-0.123792219962507,0,0,0,0,0,-0.130988654558386,0,0,0,0,0,0,0,0,0,0,0,0,0,0,0,0,0,0,0,0,0,0,0,0,-0.130732844882289,0,0,0,0,0.22644758832115,0,0,0,0,0,0,0,0,0,0,0,0,0.054210582773041,0,0,0,0,0,0,0.241394537360839,0,0,0,0,0,0,-0.0903982730518296,0,0,0,0,0,0,0,0
0,0.75154282420898,-0.179952934093371,-21.3371191829779,0,0,0,0,-0.666482280577103,0.179759196650684,0,0,0.320335150081426,0,0,0,0,0.0725609343665392,0,0,0,0,0,0,0,0,0.738634309430975,0,0,0,0,0,0,0,0,0,0,0,0,0,0,0,-0.164301542459184,0,0,0,0,0,0,0,0,0,0,0,0,0,-0.575929709263932,0,0,0,-0.361956257962876,0,0,0,0,0,0,0,0,0,0,0,0.484994360861614,0.0158528634908677,-0.517471417778416,0,0,1.75952162750634,0,0,0,0.0778825912309995,0,-0.143089371067819,0,0,0,0,0,0,0,0,0,0,0.0739824370159241,0,0,0,0,-1.25120492989772,0,0,0,-0.24364157007637,0,0,0,0,0,0,0.0160612223151311,0.928887237559831,0,0,0,0,0,0,0,0.411618699873056,-0.602921851133772,0,0,0,0,0,0,0,-0.231988608421615,0,0,0,0,0,-1.49502489087535,0,-0.593633097598242,-0.559666746727732,0,-0.736180658424311,0,0,0,0,0,0,0,0,0,0.112954381539824,0,0,0,0,0.227705015493659,0,0,0,0,0,0,0,0,0,0,-0.285966544604618,0,0,0,0,0,0,0,0,0,0,0,0,0,0,0,-1.37804910587516,-0.524697981406607,0,0,0,0,0,0,0,-0.883287031190993,0,0,-0.0215820775654834,0,0,0.0537349808551359,0,0,0
-0.0675828236728655,0,0,-3.37493967556521,0,0,0,-0.512732166185116,-3.59548178368798,0,0,0,0,0,0,0,0,0,0,0,0,0,0,0.016824935126271,0.542429127581904,0,1.10721610721457,0,0,0,0,0,0,-0.0873854898201201,0,0,0,0,0,0.113598706415573,0,0,-0.784328668348441,0,0,0,-0.12500825574407,0,0,0,0,0,0,0,0,0,0,0,0,0,0,0,-0.703190459637502,0,0,0,1.18311704024184,0,0,0,0,0,0,0,0,0,0,0,0.236202706987748,-0.20698568383376,0,0,0,0,0,-0.762202885490017,0,0,0,0.097974806059252,0,0,-0.604832860967361,0,0.914372817258275,0.883600378717821,-0.164452739919014,0,0,0,0,0,0,0,0,0,0,0,0,-0.0528832553051224,0,0.322487554167971,0,0,0,0,0,0,0,0,0,0,0,0,0,0,0.720940271298671,0,0,0,0,0,0,0,0,0,-2.65486755244785,0,0,-0.281348335592499,0,0,-0.122421568941232,0,0.352878936355378,0,0,0,0.152199819655941,0,0,0,0,0,1.36032610279591,0,0,0,0,0,0,0.278551409534596,0.658665308604531,0,0,0,-0.514703839603499,0,0,0,0,0,0,0,0,0,0,0,0,0,0,0,0,0,0,0,0,0,0,0,0,0,0,0,-0.666340024164647,0,0,0,0,-1.10454362743329
0,0,0,0,0,0.0194233759209685,0,0,0,0,0,0,0,0,0,0,0,0,0,0,0,0,0,0,0,0,0,0,0,0,0,0,0,0,0,0,0,0,0,0,0,0,0,0,0,0,0,0,0,0,0,0,0,0,0,0,0,0,0,-0.333478326023881,0,0,0,0.373655592200875,0,-0.259785881025579,0,0,0,0,0,0,0,0,0,0.775187549835796,0,0,0,0,0,0,0,0,-0.803837703795554,0,0,0,0,0,0,0,0,0,0,0,0,0,0,0,0,0,0.948860413849052,0,0,0,0,0,0,0,0,0,0,0,0,0,0,0,0,0,0,0,0,0,0,0,0,0,0,0,0.0713060903477942,0,0,0,0,0,0,1.47071227433663,0,0,0,0,0,0,0,0,0,0,0,0,0,0,0,0,0,0,0,0,0,0,0,0,0,0,0,0,-1.75961491607087,0,0,0,0,0,0,0,0,0,0.255052195454806,0,0,0,0,0,0,0,0,0,0,0,0,0,0,0,0,0,0,0,0,0.986809194375807,0,0
0,0,0,0,-1.12316046629734,0,0,0,0,0,0,0,0,0,0,0,0,0,0,0,0,0,0,0,0,0,0,0,0,0,0,0,0,0,0,0,0,0,0,0,0,0,0,0,0,0,0,0,0,0,0,0,0,0,0,0,0,0,0,0,0,0,0,0,0,0,0,0,0,0,0,0,0,0,0,-0.464598095969317,0,0,0,0,0,0,0,-0.476676622954846,0,-1.51393463969028,0,0,0,0,0,0,0,0,0,0,0,0,0,0,0,-0.48731749760166,0,0,0,0,-2.70451505722272,0,0,0,0,0,0,0,0,0.0490588624321007,0,0,0,0,0,0,0,0,0,0,0,0,0,0,0,0,0,0,0,0,0,0,0,0,0,0,0,0,0,0,0,0,0,0,0,0,0,0,0,0,0,0,0,0,-1.20350481354425,0,0,0,0,0,-3.48047985164957,0.493830748962462,0,0,0,0,0,0,0,0,0,0,0,0,0,0,0,0,0,0.166413408606928,0,0,0,0,0,0,0,0,0,0,0,0,0,0
0,0,0,0,0.165694816232336,0,0,-0.653886180675154,0,0,0,0,0,0,0,0,0,0,0,0,0,0,0,0,0,0,0,0,0.063806793077428,0,0,0,0,0,0,0,0,0,0,0,0,-0.153073524665481,0,0,0,0,0,0,0,0,0,0,0,0.114650244997371,0,0,0,0.243392709620243,0,0,0,0,0,0,0,0,0,0,0,0,0,0,0,0,0,0,0,0,0.389322973028206,0,-0.572778469916049,0,0,0.10721285586177,0,0,0,0,0,0,0,0,0,0,0,0,0,0,0,0,-0.617242654409779,0,0,0,0,0,0,0,0,0,0,0,0,0,0,0,0,0.188622517553438,0,0,0,0,0,0,0,0,0,0,0,0,-0.118283221024546,0,0,0,0,0,0,0,0,0,0,0,0,0,0,0,0,0,0,0,0,0,0,0,0,0,0,0,0,0,-0.0279425015039236,0,0,0.38322934807665,0,0,-0.841617670429021,0,0,0,0,0,0,0,0,0,0,0,0,0,0,0,0,0,0,0,0,0,0,0,0.145118495396827,0,0.0170082504066547,-0.169665648072758,0.217367798179026,0,0,0,0,0
0,0,0,0,0.24795969096318,0,0,0,0,0,0,0,0,0,0,0,-0.662639982441485,0,0,0,0,0,0,0,0,0,0,0,0,-0.970447364553553,0,0,0,1.29697932327371,0,0,0,0,0,0,0,-1.06815046053234,0,0,-0.453169998858596,0,0,0,0.0195472424958876,0,0,0,0,0.551809881915754,0,0,0,0,0,0,0,0,0,0,0,0,0,-0.0116450081955304,0,0,0,0,0,0,0,0,0,-0.393553582861235,4.27992958973231,0,0,0,-0.355199402140995,0.178774628889,0,0,0,-0.220249488860639,-0.265901350928151,0,0,-0.00277739551848888,0,0,0,0,0,0,0,-0.228010413279508,0,0,0,0,0,-0.436541190757232,0,0,0,-0.54934485403688,0,1.15396264158789,0,0,0,0,-0.0891582432608184,0,0,0,-3.12858491132798,-0.00139267791582398,0,0,0,0,0,0,0,0,-0.414477602643566,0,0,0,0,0,-0.0271174315272888,0,0,0.631637557080446,0,0,0,0,0,0,0,0,-0.378309750991729,0.148705942727837,0,0,0,0.664576379741801,0,0,0,0,0,0,0,0,0,0,0,0,-0.480341663778673,0,0,0,0,0,0,0,0.0722398673402758,-0.212797871770866,0,0,0,0,0,0,0,-0.0914271205516384,0,0,0,0,0,0,0,0,0,0,1.60734305648665,-0.28172884678823,0,0,0,0
0,0,0,0,0,-0.0717214896339284,0.851094998999804,0,0,0,0,0,0,0,0,0,0,0,0,0,0,0,0,0,-0.634208547830325,0,0,0,0,0,-0.141765764368966,0,0,0,0,0,0,0,0,0,0,0,0,0,0,0,0,0,0,0,-1.53096212009576,0,0,0.730763467884788,0,0,0,0,0,0,0,0,0,0,0,0,0,0,0,0,0,0,0,0,0,0,0,0,0,1.84124599624483,0,0,0,0,0,0,0,-0.61422257348505,0,0,0,0,0,0,0,0,0,0.518323130939401,-0.271875160400549,0,0,0.788314703201349,0,0,0,-0.301131784118687,0,0,0,0,0,0,-0.350616787460483,0,0,0,0,0,0,0,0,0,0,0,0,-1.84275415116992,0,-0.411059465998162,0,0,-1.21726565618312,0,0,0,0,0,0,0,0,0.0514868055886961,-0.50174842257649,0,0,0,0,4.47470305284231,0,0,0,0,0,0,0,0,0,0,0,0,0,0,0.281877314315434,0,0,0.441738012231793,0,0,0,0,0,0,0,0,0,0,0,0,0,0,0,0,0,0,0,-0.237735252061318,0,0,0,0,0,0,0,0,0,0,0,0,0,0,0,0
0,0,0,0,0,0,0,0,0,0,0,0,0,0,0,0,0,-0.153439425190505,0,0,0,0,0,0,0,0,0,0,0,0,0.00868407682365513,0,0,0,0,0,0.925023509820549,0,0,0,0,0,0,0,0,0,0,-3.82341661055141,0,0,0,0,0,0,0,0,0,0,0,0,0,0,-0.0206890293507429,0,0,0,0,0,0,0,0,0,0,0,-0.0403828131251542,0,0,0,0,0,0,0,0,0,0,0,0,0,0,0,0,-0.172539185367439,0,0,0,0,0,-0.216544206283886,0,0,0,0,0,0,0,0,0,0,0,0,0,0.103224357386692,0,0,0,0,0,0,0,0,0,0,0,0,0,0,0.178674145808287,0.127556309927364,0,0,0,0,0,0,0,0,0,0,0,0,0,0,0,-0.245072234661397,0,-0.0568888923030491,0,0,0,0,0,0,0.123914996973916,0,0,0,0,0,0,0,0,0,0,0,0,0,-0.709981622962929,0,0,0,0,0,0,0,0,0,0,-0.593582085180661,0,0,0,0,0,0,0,0,0,0,0,0,0.408676396375879,0,0,0,0,0,0,0,0,0
-0.631765979374526,0,0,0,0,0,-0.0686777183499192,0,0,0,0,0,0,0,0,0,0,0,0,-1.13166891658742,0,0,0,0,0,0,0,0,0,0,0,0,0,0,0,0,0,0,0,0.254397808117707,0.238068334405542,0,0,0,0,0,4.6414271770923,0,0,0,0,0,0,0,0,0,-0.973138669539887,0,0,0,-0.0527406526403094,0,0,0,0,0,0,0,0,0,0,0,0,0,0,0,0,-1.09280810662043,0,0,0,0,0.476828920867185,-0.509702458568084,0.276189049231209,-2.742154217867,0,0,0,0,0,0,0,0,0,0,-0.179269014860152,0,-0.0880792532667265,0,0,0,-0.759163852901761,0,0,0,0,0.886725649495371,0,0,0,1.54330965459668,0,0,0,0,0,0,0,-0.951288370817309,0,0,0,0,0,0,0,0,0,0,0,-0.829310639534696,0,0,1.03985848178486,0,0,0,10.9946400211486,0,0,1.87821174388183,0,-0.900773619088517,0,0,0,-0.146851510032452,0,0,-1.2575582433479,0,0.245223989059851,0,0,0,0,0,-0.394905820155527,0,0,0,0,0,0,0,0,0,0,0,0,0,0,0,0,0,0,0.363100902285725,0,0,0,2.81386103302087,0,-0.550747795871465,0,0,0,0,0,0,0.395843780782694,0,-0.336130151443947,0,0,0,0,1.58701392765019,0,0
0,0,0,0,-1.28066162973729,0,0,0,0,0,0,0,-0.121684202433282,0,0,0,0,0,0,-0.323455298121169,0,0,0,0,-1.04904138055529,0,-0.448241045974547,-0.0131273166022638,0,0,0,0,0,0,0,0,0,-0.0871089196486126,0,0,0,0,0,0,0,0,0.308996902020229,0,0,0,0,0,0,0,0,0,0,0,0,0,0,-0.0248910035646277,0,0,0,0,0,0,0,0,0,0,0,0,0,0,-0.0217413747560042,0,0,0,0,0,0,0,0.819168786709617,-0.125061214443629,-0.0463942024333419,0.160421624826529,0,0,0,0,0,0,0,0,0,0,0,0,0,0,0,0.141716132316613,0,0,0,0,0,0.0329742581219064,0,0,0,0,-0.188698225192587,0,0,0,0,0,0,-0.57735281287054,0,0,0,0,0,-0.100202850767002,-0.234541285258245,0,0,-0.180117579683544,0,0,0.178367453475042,0,0.105322238543442,0,14.5857725502375,0,-0.615487104529786,0.200205868341297,0,0,0.0260619583058668,0,0,0.00898692740433504,0,0,0,0,0,0,0,0,0,0,0,0,0,0,0,0,0,0,0,0,0,0,0,0,0,0,0,0,0,0.791679159163379,0,0,0,1.07610354165888,0,0,0,0,0,0,0,0,0.757010283410087,0,0,0,0,0,0,1.49941013820743,0,-0.31942227934917
6.03942694797148,0.62061734796755,0,0,0,0,0.195724048779362,0,0,0,0,0,0,0,0,0,0,0,0,0,0,-0.156611265299724,0,0,-1.14941601374133,0,0,0.0541452411307404,-0.436756612878558,0,-0.116711654954521,0,-0.144526752432184,0,0,0,0,0,0,0,0,0,0,0,0,0,0,0,0,0,0,0,-0.0168616457395674,0,0,0,0,0,-1.79827277114436,0,0,0,0,0,0,-0.898651015159094,-0.115074308047487,0,0,0,0,0,0,0,0,0,0,0.364688764111494,0,0,0,0,-0.922613028849165,0,-0.195777150286395,0,0,0.146341169504436,0,0,0,0,0,0,0,0,0,0,0,0,0,0,0,0,0,0,0,0,0,0,0,-0.826977834801914,-0.176121800263,0,0,0,0.371147902485722,0,0,0,0,-0.225538818020446,0.017737663930145,0,0,0,0,0,0,0,0,0,0,0,0,0,0,0,9.72867421134417,0,0,-1.36963838523785,0,0,0,0,0,0,0,0,0.688573189866792,0,0,0,0,0,0,0,0,-0.389918475568631,0,0,0,0,0,0,0,0,0.592107228233684,0,0,0,0,0,0,0,0,0,0,0,0,3.04216881231904,0,1.54357845089607,0,0,0,0.519511192412139,0,0,0.347250592845262,0,0,0,0,0,0,0,0,0
1.12069950083553,0.9744609504353,0,0,0,0,0,0,0,0,0,0,0.294334256575636,-0.117267430956294,0,0,-0.119153895425668,0,0,0,0,0,0,0,-4.6613686320542,0,0,0,0,0,0,0,-0.0106901706212257,0,0,0,0,0,0,0,0,0,0,0,0,0,0,0,0,0,0,0,0,0,0,0,0,0,0,0,0,0.991255451771401,0,0,0,0,0,0,0,0,0,0,0,0,0,0.146065192167202,0,-0.0258241040575389,0,0,0,0,0,0,0,0,0,0,0,0,0,0,0,0,0,0,-0.276624808664928,0,0,0,0,0.256174646437683,0,0,0,-0.0815115704417946,0,0,0,0,0,0,0,0,0,0,0,0,0,-0.0563808935237298,0,0,0,0,0,0,0,0,-0.0122360893394249,0,0,0,0,0,-0.168433938367767,0,0,0,12.1117989436148,0,0.0340809513075102,0,0,0,0,0,0,0,0,0,0,0,0,0,0,0,0,0,0,0,0,0,0,0.341985848408712,0,0,0,0,0,0,0,0,0,0,0,0,0,0,0,0,0,0,0,0,0,0,0,0,0,0,0,0,0,0,0,0,0,0,0,0
-0.0371014730420762,0,0,0,-0.0680270599326467,0,-0.201321735317905,1.16559537937547,0,-0.191675085624589,0,0,0,-0.301343480078108,0,0,0,0.278990953957517,0,0,0,0,0,0,0,0,0,0,0.741887343134421,0,-1.30302865183504,0,0,0,0,0,-0.0857845144047567,1.08217734689297,0,0,0,0,0,0,0,0,0,0,0,0,0,0,0.206369557918012,0,0,0,0,0,0,0,0,0,0.777163802117246,0,0,0,0,0,0,0,0,0,-0.782806464521321,0,0,0,0,-0.857719807536717,0,0,0,0,0,0,0.0538190854602361,-1.24895166229153,0,0.486179368532424,0,0,0,0.229784141485559,0,0,-0.101628787163762,0,0,0,-0.355399575954188,0,0,0.499223896184735,0,-1.03487350918784,0,0,0,0.490434900449453,0,0,0,0.531746014724945,0,0,0,-0.199130820766965,0,0,0,0,0,0,-0.127775199577988,0,0,0,0,0,-1.10602427347453,-0.0308571318202095,0,0,-0.508957323262649,0,-0.0508011656475422,0,0,0,2.3798226702296,-0.488009485055645,0,2.78325996863355,0,0,0,0,0,0,0,0,0,0,0,0,0.148615039869569,0,0,0,0,0,0,0,0,-0.113359463965382,0,0,0,0,0,0,0.293195209303955,0,0,0,0,0,0,0,0,0,0,1.05192731057463,0,0,1.14984480456443,0,0,0,0,0,0,0,0,0,0,0,0,0.716416448995085,0,0
7.38025289353404,0,0,0,0,0,0,0.411822576429497,0,0,0,0,0,0,0,0,-0.974439557440049,0,0,0,0,0,0,0,0,0,0,0.377207523160059,0,0,0,0,0,0,0,0,0,0,0,0,0,0,0,0,0,0,0,0,0,0,0,0,0,0,0,0,0,0,0,0,0,0,0,-0.598541786070959,0,0,0,0,0,0,0,0,0,0,0,0,0,0,0,0,0,0,0,0,-0.874121457263365,0,0,0.280923254042738,0,0,0,0,0,0,0,-0.000382019074587125,0,-0.280195587601295,0,0,0,0,0,0,0,0,0,0,0,0,0,0,0,0,0,0,0,0,0,0,0,0,0,0,0,0,0,0,0,-0.693965667861896,0,-0.74135265955011,0,0,-1.10432466693709,0,0,0,3.83421060363906,0,0,0,0,0,0,0,0,0,0,0,0,0,0,0,0,0,0,0,0,0,0,0,0,0,0,0.0181979732156139,0,0,0,0,0,0,0,0,0,0,0,0,0,0,0,-2.90821231751289,0,0.880555821925798,0,0,0,0,0,0,0,0,0,0,0,0,0,0,0,0
6.7211957360265,0,0,0,0,0,0,0.515272827799145,0,0,0,0,0,0,0,0,0,0,0,0,0.504615497317083,0,0,0,0,0.00698387442628334,0,0,0,0,0,0,0,0,0,0,0,-0.591740787152977,0,0,0,0,0,0.986491420801652,0,0,0,0,0,0,0,0,0,0,0,0,0,-0.336587848124121,0,0,0,0,0,-0.88427850089396,0,-0.315532810983375,0,0,0,0,0,0,0,0,0,0,0,-0.00113217600922377,0,0,0,0,0,0,0,0,0,1.20650995559402,0,0,0,0,0,0,0,0,0,0,0,0,0,0,0,0,0,0,0,0,0,0,0,-0.528163841065262,0,0,0,0,0,0,0,0,0,0,0,0,0,0,0,0,0,0,0,0,0.0239760528857929,0,0,0,0,0,3.49965806614074,0.401230072770958,0.434562818744628,0,0,0,0,0,0,0,0,0,0,0,-0.0596688629463076,0,0,0,0,0,0,0,0,0,0,0,0,0,0,0,0,0,0,0,0,0,0,0,0,0.283765258334013,0,0,0,-1.46256806898315,0,1.15924426525119,0,0.160484266323785,0,0.213992145698112,0,0,0,0,0,0,0,0.0562692810235428,0,0.604164353980198,0,0.197207880245767
7.98100005893978,0,0,0,0,0,0,0,0.533914280953877,0,0,0,0,0,0,0,0,-0.681309278798385,0,0,0,0,0,0,0,-0.254835071245487,-0.0829867855663655,-0.577417717745278,0,0,0,0,0,0,0,0,0,-0.76009805897806,0,0,0,0,0,0,0,0,0,0,0,0,0,0,0,0,0,0.0858919687471538,0,0,0,-0.000428126895978931,-0.050380863290109,0,0,-4.21184912594025,0.0239469720083463,0,0,0,0,0,0,0,0,0,0,0,0,0,0,0,0,0,0,0,0,0,0,0.066114881986411,0,0,0,0,0,0,0,0,0.0172583828838275,0,0,0,0,-0.628194278226381,0,0,0,0,0,0,0,0,0,-0.711001307044922,0,-0.0731915999219623,0,0,0,0,0,0,0,0,-0.236120567393632,0,0,0,0,0,0,0,0,-0.440770745252166,1.12502175720821,0,0,0,0,0,2.53935050186934,0.178175668662459,0.236714728671178,0,0,0,0,0,0,0,0,0,1.89204508674793,0,0,0,0,0,0,0,0,0,0,0,0,0,0,0,0,0,0,0,0,0,0,0,0,0,0,0.299793927154807,0,0,0,0,0,1.22856529952107,0,0,0,0,0,0,0,0,0,0,0,0,0,0,0,0
7.6072160244699,0,-1.21325669819192,0,0.0840148161613925,0,0,0,0.039071379029441,0,0,0,0,0,0,0,0,-0.218735427980657,0,0,0,0,0,0,0.0619604924336514,0,-0.167745193280234,0,0,0,0,0,0,0,0,0,0,0,0,0,0,0,0,0,0,0,0,0,0,0,0,0,0,0,0,0,0,-0.825947626173646,0,0,0,-0.301961610257636,0,-0.673558572939716,0,-0.0897228462955497,0,0,0,0,0,0,0,0,0,0,0,0,0.685597674942918,0,0,0,-0.299178585132722,0,0,0,0,1.28822055960583,0,0.127040695501053,0,0,0,0,0.356378062113537,0,0,0,0,0,0,0,0,0,0,0.054186854958729,0,0,0,0,0,-1.40021454790029,0,0,0,0,0,-0.0409655362657644,0,0,0,0,0,0,0,0,0,0,0,0,0,0,0.02809417788989,0,0,0,0,0,4.87934405415618,0,0,-0.530079561387796,0,0,0,0,0,0,0,0,0,0,0,0,0,0,0,0,0,0,0,0,-0.225241373559513,-0.563503226443058,0,0,0,0,0.264840136592795,0,0,0,0,0,0,0,0.198201284552091,0,0,0,0,-1.6646289177645,0,0.584337432805846,0,0,0,0,0,0,0,0,0,0,0,0,0,0,0,0
7.25916491914146,0,0,0,0,0,0,0,0,0,0,0,0,0.189085143068248,0,0,0,0,0,0,0,0,0,0,0,0,-0.277170684347996,0,0,0,0,0,0,0,0,0,0,-0.277174878980525,0,0.0757296239635117,0,0,0,0,0,0,0,0,0,0,0,0.231505636066195,0,0,0,0.0149058180794222,0,-0.595522775023926,0,0,0,0,0,0,0,0,0,0,0,0,0,0,0,0,0,0,0,0,0,0,0,0,0,0,0.331392912058187,0,0,0,0,0,0,0,0,0,0,0,0,0,0,0,0,0,0,0,0,0,0,0,0,0,0,0,0,0,0.220803144794902,0,0,0,0,0.128134655956359,0,0,0,0,0,0,0,0,0,0,0.0687020473230635,0,0,0,0,0,0,0,2.35562911372593,0,0,0,0,0,0,0,0,0,0,0,0,0,0,0,0,0,0,0,0,-0.0179310152141394,0,0,0,0,0,0,0,0,0,0,0,0,0,0,0,0,0,0,0,0,0,2.13158122953065,0,0,0,0,0,0,0,0,0,0,0,0,0,0,0,0,0,0
6.49734981034892,0,0,0.321389602357564,0,0,0,-0.294706232023039,-0.332082134697488,0,0,0,-0.165852425691614,0,0,1.31472320425626,2.10674506963421,-20.6472082540308,0.291924449037602,0,0,0,0,-0.19077183777343,0,0,0,0,0,0.639420412204783,0,0,0,0,0,0,-0.993352921766738,0,0,0,0,0,-2.15353365903789,0.938487488005248,-1.00674201406306,0,0,0,0,0,0,0,0,0,1.26686974919515,0,0,0,0,0,0,0,-1.6197086973445,0,0,0,0,0,0,0,0,0,0,0,0,0.482724366216876,0,0,0,0,-0.594636151277353,0,0,0,0,0,0,0.272314595018561,-1.96665346829783,0,0,0,0,0,0,-1.25519793970641,0,1.29015290543067,0,-6.41116554447435,0,1.62765185303175,0,0.171234263325064,0.0825597280257986,-0.751915561270821,0,0,0,0,0,0,0,0.0167393751858318,-0.418453212252034,1.68953520496414,0,0,-1.07620329994503,0,0,0,0,0,0,0,0,0,12.2328521114399,-0.00183610569306802,0,2.54923126473763,2.44127653400468,0,-1.28985017426763,0,0,0.327735641881164,13.7526492098182,0,0,-2.23672019014607,0,0,0,0,0,0,-0.682906028955806,0,0,0,-1.65924353035737,-0.0869737946430478,0,0,0,0,0.0897608604312623,0,0,0,0,-2.29305450805726,0,0,0,0,0,0.376534498100188,0,0,0.552105333980193,0,0.858306297773733,0,0,0,0,2.48855222287515,-0.561827792962315,-1.1341804106921,0,0,-0.3921698660194,0,0,0.296477060203829,0,0,0,0,0,0,-0.767142188674954,0,1.06975239912517,2.50255978256867,0,1.26410323745176
0,0,0,0,0.505342763231393,0,0,0,0,0,0,0,-0.132364163750192,0.295299417847873,0,0,0,5.11523359191234,0,0.120641114004928,0,0,0,-0.270257681356899,0.0980397132531423,0,0,0,0,0,0,0,0.333939621822086,0,0,0,0,0,0,0,0,0,0,0.17447355701214,0,0,-0.702614614108336,0,0,0,0,0,0,0,0,0,0,0,0,0,0,0,0,0,0,0,0,0,0,0,0.27049620421135,0,-0.400540136734187,0,0,0,0,0,0,0,0,0,0,0,-4.66827819802669,0.0363033038330911,0,0,-0.307042331921611,0,0,0,0,0,0,0,0,0,0,0,0,0,0.0530052650632575,0,0,0,0,-0.988478834503308,0,0,0,0,0,0,0,0,0,0,0,0,0,0,0,0,0,0,0,0,0,0,0,0,0.618199392100013,0,0,0.395333811104918,0,0,15.7427107471329,0,0,-1.24330603998513,0,0,0,0,0,0,0,-0.0380663726646626,0,0,0,0,0,0,0,0,0,0,0,0,0,-1.35846672176664,0,0,0,0,0,0,0,0,0,0,0,0,0,0,0,0,0,-1.17913852946421,0,0,0,0,0,0,0,0,-0.438609866606241,0,0,0,0,0,0,0,0,0
-1.16991897601784,0,0,0,0.271618072309553,0,0,0,0,0,0,0,0,0,0,0,0,7.40577435195881,0,0,0,0,0,0,0,-0.057259628810385,0,-0.0490878976092808,0,0.174325547756402,0,0,0.187301991743881,0,0,0,0,0,0,0,0,0,0,0,0,0,-0.0920107098250307,0,0,0,0,0,0,0,0,0,0,0.0215718567478047,0.262539064897959,0,0,0,0,0,0,0,0,0,0,0,0,0,0,0,0,0.0140861843119844,0.277959136288568,0,0,0,0,0,0,0,-5.07671076279889,0,0,0,0,0,0,0,0,0,0,0,0.0326721543208723,0,0,0,0,0,0,0,0,0,0,0,0,0,0,0,0,0,0,-0.185266294712169,0,0,0,0,0,0,0,0,0,0,0,0,0,0,-0.153569935636732,0,0,0,0,1.48803263098487,0,0,15.995824664901,0,0,-0.42389001885048,0,0,0,-0.078086266105871,0,0,0,0,0,0,0,0,0,0,0,0,0,0,0,0,0,-0.935711516349536,0,0,0,0,0,0,0,0,0,0,0,0,0,-0.12859899932411,0,-0.909710355963076,0,-0.76385101978459,0,0,0,0,0,-0.323131742059142,0,0,-1.16716645959353,0,0,0,0,0,0,-0.0396114590364287,0,0
-1.95053443256194,0,0,0,0,0,0,0,0,0,0,0,0,0,0,0,0,7.17413547371894,0,0,0,0,0,0,0,0,0,0,0,0.0397339536328929,0,0,0,0,0,0,0,0,0,0,0,0,0,0,0,0,0,0,0,0,0,0,0,0,0,0,0,0,0,0,0,0,0,0,0,0,0,0,0,0,0,0,0,0,0,0,0,-0.0778048444525838,0,0,0,0,0,0,-4.62389194180602,0,0,0,0,0,0,0,0,0,0,0,0,0,0,0,0,0,0,0,0,0,0,0,0,0,0,0.236419480060303,0,0,0,0,0,0,0,0,0,0,0,0,0,0,-0.179032962749803,0,0,0,0,0,0,0,0,0.722173597007217,0,0,14.6352624901665,0,0.4538936831033,0,0,0,0,0,0,0.195671070373216,0,0,0,0,0,0,0,0,0,0,0,0,0,0,0,-1.56385209751754,0,0,0,0,0,0,0,0,0,-0.307068797207275,0,0,-0.188631486974958,0,0,0,0,-0.508707029252502,0,0,0,0,0,0,0,0,-1.31877473402289,0,0,0,0,0,0,-0.353599567681065,0,0
-2.23854662497521,0,0,0,0,0,0,-0.0275442988699641,0,0,0,0,0,0,0,0,0,6.50259769091123,0,0,0,0,0,0,0,0,0,0,0,0,0,0,0.174491088514411,0,0,0,0.114287648124179,0,0,0,0,0,0,0,0,1.01242133422478,-1.16726205625307,0,0,0,0,0,0.0631061066923557,0,0,0,0,0,0,0,0.000345472520004275,0,0,0,0,0,0,0,0,0,0,0,0,0,0,0,0,-0.582368996893458,0,0,0.0100643806185632,0,0,0,-5.46218967619392,0,0,0,0,0,0,0,0,0,-0.19463930412649,0,0,0,0,0,0,0,0,0,0,0,0,0,0,0,0,0.125112965427538,0,0,0,-0.23851254036167,0,0,0,0,0,0,0,0,0,0,-0.259506390746553,0,0,0,0,0,-0.179501603601927,0,0,0.732697359376324,0,0,13.9159809895844,0,0,0,0,0,0,0,0,1.04311450693854,0,0,0,0,0,0,0,0,0,0,0,0,-0.741914348861853,0,0,-1.33171836806318,0,0,0,0,-0.343168363019608,0,0,0,0,0,0,0,0,0,0,0,0,0,0,0,0,0,0,0,0,0,-0.0456127835066957,0,0,0,0,0,0,0,0,0
0,0,0,0,0,0,0,0,0,0.483741600748666,0,0,0,0,0,0,0,1.39449709871279,-0.449088610814587,0,0,0,0,0,-0.316162784937553,0,-0.462155941342047,-0.847732488517526,0,-0.731591808662402,0,0,0,0,0,0,0,0,0,0.0738241804321891,0,-0.207128327947606,0.54931546620796,0,0,0,0,0,0,-0.261080351434174,0,0.185706115772146,0,0,0.00171154644282567,0,0,0,0,0,0,0,0,-0.46120922209465,2.00987294596934,1.19146800858712,0,0,0,-0.126878222954195,0,0,-0.0248749623052946,-0.94151881110312,0.258789778441951,0,-0.0248011638490706,-0.810862721813424,0,0,0.882024617631069,0.431260105590546,0,0,-0.0972676667365941,0,0,0,0,0,0,0,0,-0.0786726075814286,0,0.346940359694497,0,0,0,-0.870046323291508,0,2.72024712814466,0,0,0,0,0,0,0.0623857137239443,0,0,0,0,0,0,0,0,0,0,0,0,0,0,0,0,0,0,0,0,0,0.00229010067938051,-0.548241792188757,-2.46257130646179,0,0,0,0,0,0.686672097878991,0,0,0,0,0,0,0,0,0,0,0,0,0,1.45299784583776,0,1.18088077787411,0,0,0,0,0,0,-1.15660273697304,0,-1.39723396407459,0,0,0,0.186337156812928,0,-5.53191936451126,0,0,0,0,0,0,-0.369324460278954,0,0,0,0,0,0,0,0.325894841790914,0,0,0,0,-1.51734139479329,0,0,-0.394714266533167,0,0,0,-0.438734681381701,0,0,0
0,0,0,0,0,0,0,0,0,-0.339124608807301,0,0,0,0,0,0,0,0,0,0,0,0,0,0,0,0,0,0,0.383272789092689,0,0,-0.0512192712688941,0,0,0,-0.69583340137743,0.165545318967302,0,0,0,0,0,0,0,0,0,0,0,0,-0.301416991711135,0,0,0,0,0,0,0,0,0,0,0,0,0,0,-0.825835283245643,0,0,0,0,0,0,0,0,0,0,0,0,0,0,0,0,0,0,0,0,0,0,0,0,0,0,0,0,0,0,0,0.144703355445076,0,0,0,0,0,0,0,0,0,0,0,0,0,0,0,0,0,0,-0.0915283347707514,0,0,0,0,0,0,0,0,0,-0.106858107625481,0,0,0,0,-0.685092862298963,0,0,0,0,0,0,0,0,0,0,0,0,0,0,0,0,0,0,0,0,0,0,0,0,0,0,0,0,0,0,0,0,0,0,-11.9751428142225,0,0,0,0,0,0,-1.10024456151712,0,0,0,0,0.195717381244684,0,0,0,0,-0.158764600358949,0,0,0,0,0,0,0,-0.879830770458178,0,0.224238652699602,0,0,0,0,0.210473678840882,0,0
0,0,0,0,0,0,0,0,0,-0.181935131244031,0,0,0,0,-0.0041556210603686,0,0,0,-0.591637377181378,0,0,0,0,0,0,0,0,0,0,0,0,0,0,0,0,-0.46885503345326,0,-0.0653342620620387,0,0,0,0,0,0.293695821709945,0,0,0,0,0,-0.613050529241778,0,0,0,0,0,0,0,0,0,0,0,0,0,0,0,0,0,0,0,0,0,0,0,0,0,0,0,0,0.616779774795506,0,0,0,0,0,0,0,0,0,0,0,0,0,0,0,0,0,0,0,0,0,0,0,0,0,0,0,0,0,0,0,0,0,0,0,0,0,0,0,0,0,0,0,0,0,0,0,0,0,0,0,0,0,0,0,0,0,0,0,0,0.639912344158266,-0.0801931353335052,0,0,0,0,0,0,0,0,0,0,0,-0.190929283237081,0,0,0,0,0,0,0,0,0,0,0,0,-14.8040463807205,0,0,0.294917168267133,0,0,0,-0.914453306272053,0,-0.0287514844615766,0,0,0,0,0,0,0,0,0,0,-0.137390226771965,0,0,0,0,0,0,0.380504760443727,0,0,0,0,0,0,0
0,0,0,0,1.07846319549336,0,0,0,0,0,0,0,0,0,0,0,0,0,0,0.318935664690951,0,0,0,0,0,0,0,0,0,0,0,0,0,0,0,0,0.423648619328581,0,0,0,0,0,0,0,0,0,0,0,0,-0.520952850808688,0,0,0,0,0,0,0,0,0,0,0,0,0,0,0,0,0,0,0,0,0,0,0,0,0,0,0,0,0,0,0,0,0,0,-0.0342640096622124,1.13581224576796,0,-0.1540671930884,0,0,0,0,0,0,0.141166996458988,0,0,0,0,0,0,0,1.06261001547082,0,0,0,-0.198288653413685,0,-0.280873190330314,0,0,0,0,0,0,0,0,0,0,0,-1.0831687492877,0,0,0,0,0,0,0,0,-0.359195035610747,0,-0.467506083007917,0,0,0,0,0.597633790367481,0,0,0,0,0,0,0,0,0,0,-0.126650586098952,0.5196552926549,-0.132487171476968,0,0,-0.0472028676475893,-0.0275408284793648,0,0,0,0,0,0,0,0,0,0,0,0,0,0,0,0,0,0,0,0,0,0,0,0,0,0,0,0,-0.292203230370519,0,0,-0.0299666576218243,0,0,0,0,0,0,0,0,0,0,0,0,0.0426718361671306,0
0,0,0,0,0,0,0,0,0,0,0,0,0,0,0,0,0,0,0,0,0,0,0,0,0,-0.0512334351309496,0,0,1.29110809028748,0,0,0,0,0,0,0,0,0,0,0,0,0,0,0,0,0,0,0,0,0,0,0,0,0,0,0,0,0,0,0,0,0,0,0,0,0,0,-0.196719248922236,0,0,0,0,0,0,0,0,0,0,0,0,0,0,0,0,0,0.085034941588551,0,0,0,0,0,0,0,0,0,0,0,0,0,0,0,0,0,0,0,0,0,0,0,0,0,0,0,0,0,0,0,0,0,0,-0.784194549090308,0,0,0,0,0,0,0,0,0,0,0,0,0,-0.399021478542591,0,0,0,0,0,0,0,0,0,0,0,0,0,0,0,0,0,0.0750664068637772,0,0,0,0,0,0,0,0,0,1.15317467178379,0,0,0,0,0,0,0,0,0,0,0,0,0,0,0,0,0,0,0,0,0,0,0,0,0,0,0,0,0,0,0,0,0,0,0,0,0.574081334889118
0,0,0,0,0,0,-1.14765027115929,0,0,0,-0.960991602460487,0,0,0,0,0,0,0,0,0,0,0,0,0,0,0,0,0,0,0,0,0,0,0,0,0.06124018549695,0.495752844612704,0.400475743349511,0,0,0,0,0,-1.11254266762674,0,-0.204426824500641,-1.46456810422064,0,0,0,0,0,0,0,0,0.407811926657807,0,0,0,0,0,0,2.73555104430176,-0.0401696573604045,0,0,0.301298766466053,0,-0.241679772721181,0,0,0,0,0,0,0,-1.5884308641495,0,0,0,-0.31607385141584,0,0,0,0,0,0,0,0,0,0,0,0,0,0,0,0,0,0,0,0,0,-0.944586291841339,0,0,0,-3.53396245787007,0.54475799714257,0,0,0,0,0,0,-0.0664517727723291,0,0,0,0,0,0,0,0,0,0,0,0,0,0,0,0,0,0,0,0,0,0,0,0,0,0,0,0,0.0889097472615092,0,0,0,-0.0407949740993772,0,0,0,0,0,0,0.380623203605555,0,0,0,0,0,0,0,0,0,0,0,0,0.026386596906653,0,0,0,0,0,0,0,0,0,-0.464305530860259,0,0,0.406501713893346,0,0,-1.33781663610719,0.389575992203391,0,0,0,0,0,0,0,0,0,0,0,0,-0.0425597927995573,0,-0.974369602606543
0,0,0,0,0,0,0,0,0,0,0,0,0,0,0,0,0,0,0,0,0,0,0,0,0,0,0,0,0,0,0,0,0,0.247924773048182,0,0,0,0.0451403975896869,0,0,0,0,0,0,0,0,0,0,0,0,0,0,0,0,0,0,0,0,0,0,0,0,0,0,0,0,0,0,0,0,0,0,0,0,0,0,0,0,0,0,0,0,0,0,0,0,0,0,0,0,0,0,0,0,0,0,0,0,0,0,0,-0.53142161365801,0,0,0,0,0,0,0,0,0,0,0,0,0,0,0,0,0,0,0,0,0,0,0,0,-0.0450558082590196,0,0,0,0.0894143707012813,0,0,0,0,0,0,0,0,0,0,0,0,0,0,0,0,0,0,0,0,0,0,0,0,0,0,0,0,0.274143870835309,-0.343382685699841,0,0,0,0,0,0,0,0,0,0,0,0,0,0,0,0,0,0,0,0,0,0,-0.166171048660753,0,0,0,0,0,0,0,0,0,0,0,0,0,0,0,0
0,-0.250123235114367,0,0,0,0,0,-0.06374002565399,0,0,0,0,0,0,0,0,-0.13850808773781,0,0,0,0,0,0,0,0,0,0,0,0,0,0,0,0,0.0799137417877986,0,0,0,0,0,0,0,0,0,0,-0.216324428997275,0,0,0,0,0,0,0,0,0,0,0,0,0,0,0,0,0,0,0.103820720394225,0,0,0,0,0,0,0,0,0,0,0,0,-13.8980715120476,-0.636409750275605,0,0,0,0,0,0,0,0,0,0,0,0,0,-0.331637014460904,0.321225802837109,0,0.326648786794521,0,0,0,0,0,0,0,0,0.772112224803497,0,0,0,0,0,0,0,0,0,0,0,0,0,0,0,0,1.28497566714678,0.160250904426241,0,0,0,0,-0.122135513984645,0,0,0,0,-0.551704404319738,0,0,0,0.229404017003589,0,0,0,0,0,0,0,0.190126506373994,0,0,0,0,0.33408531689533,0,0,0,0,-0.0850020515912735,0,0,0,0,0,0,0,0,0,0,0,0,0,0,0,0,0,0,0,0,0,0,0,0,0,-0.281565521666961,0.144103150378579,0,0,0,0,0,0,0,0,0,0,0,0,0,0,0,0,0,0,0
0,-1.09448582026358,0,0,0,0,0,0,0,0,0,0,0,0,0,0,0,0.15728547022268,0,0,0,0,0,0,0,0,-0.499579422704721,0,0,0,0,0,0,0,0,0,0,0,0,0,0,0,0,0,0,0,0,0,0,0,0,0,0,0.231673137912114,0,0,0,0.0236471580197832,0,0,0,0,0,0,0,0,0,0,0,0,0,0,0,0,0,0,-16.3940586192386,0,0,0,0,0,0.222818390843158,0,0,0,0,0,0,0,0,0,0,0,0,0,0,0,0,0,0,0,0,0,0,0,0,0,0,0,0,0,-0.0978827327922065,0,0,0,0,0,0,0,0,0,0,0,0,0,0,0,0,0,0,0,0.0941473664382972,0,0,0,0,0,0,0,0,-0.164667573047073,0,0,0,0,0,0,0.285052715051307,0,0,0.193790277297621,0,-0.258886971098069,0,0,0,0,0,0.0597316913169552,0,0.0651466471021447,0,0,0,0,0,0,0,0,0,0,-0.0160931961410833,0,0,0,0,0.105286064337653,0,0,0,0.137744677838791,0,0,0,0,0,0,0,0,0,0,0,0,0,0,0,0,0,0
0,0,0,0,0,0,0,0,0,-0.0854684216406025,0,0,1.42412193105157,0,0,0,-1.5304281286478,0,0,0,0,0,0,0,0,0,0,0.369756989252797,0,0,0,0,0,0,0,-0.34163752339046,0,0,0,0,0,0,0,0,0,0,0,0,0,0,0,0,0,0,0,0,0,1.8347271089296,0,0,0,0,0,0,0,0.26493211408981,-0.669815149945676,0,0,0,0,0,0,0,0,0,0,0,0.384540645897105,0,-0.455505648867784,0.292355784639532,0,0,-0.0253211005775484,0,0,0,0,0,0,0,0,0,0,0,0,0,0,0,0,0,1.4246528500575,0,0,-0.0636886169835609,0,0,0,0,0,0.622985264565746,0,0,0,0,0,0,0,0,0,0,0,0,0,0,0,-0.192460428426115,0,0,-5.62278356617989,-0.13405491436905,1.75970807027792,0,0,0,0.307903494870685,0,0,0,0,0,0,0,0.0430358995541051,0,0,0,0,0,0,0,0,0,0,0,0,0,0.456578539335354,0,0,0.33427998438986,0,-0.780651846470323,0,0.0210899199070151,-1.80867655416111,0,0,0,0,0,0,0,-0.0373973336010254,0.0512053376958308,0,2.23113945479408,0,0,0,0,0,0,1.25092404212727,0,0,0,0,0,0,0,0,-0.166703601314671,-0.952840392955761,0,0,0,0,0
0,0,0,0,0,0,0,0,0,0,0,0,0,0,0,0,0,0,0,0,0,0,0,0,0,0,0,0,0,0,0.428828475143894,0,0,0,0,0,-0.158815249034497,0,0,-0.120970034997721,0,0.0969601591999441,0,0,0,0,0,0,0,0,0,0,0,0.622176559398762,0.0850135016279647,0,0,-0.818306429703572,0,0,0,0,0,0,-0.00379700915199299,0,0,0,0,0,0,0.0965128901343713,0,0,0,0,-0.0516283017180261,0,0,0,0.875180543383649,0,0,0,-1.79998560541201,0,0,0,0,0,0,-0.969017398427043,0,0,1.053149969855,0,0,0,0,0,0,1.19739098515014,0,0,0,0,0,0,0,0,0,0,0,0,-0.457684283364187,0,0,0,0,2.98735331856355,0,0,0,0,0,0,0,0,0,0.72969450912195,-0.632122315153367,0.204624486377402,0,0,0,0,0,2.29288905788199,0,0,-0.13943186838038,0,0,-0.103288720210247,0,0,0,0,0,0,0,0,0,0,0.278743201279869,0,0,0,0,0,0.574257541581198,0,0,0.401172015201601,0,0,0,0,0,0,0,0,0,0,0,0,0,0,0,0,0,0,0,0.155633344632822,-0.0449356285796318,0,0,0,0,0,0,0,0,0,0,0,0,0,0,0
0,-0.286283189343702,0,0,0.439671235482977,0,0,0,0.717918142070204,0,0,0,0,0,0,0,0.497527353396317,0,0,0,0,0,0,0,-1.36060128238078,0,-4.3476733097135,0,0,0,0.411978752574433,0,0,0,0,0,-0.64602663122258,0,0,0,0,0,0.150023462600317,0,0,0,0,0.230725562694955,0,0,0,0,0.191736787099976,0,0,0,0,0,0,-0.0700475060831145,0,0,0,0.0434944827792105,0,0,0,0,0,0,0,0,0,0,0,0,0,0,0,0,0,0,1.65587031514991,0,0,0,0,0,0,0,0,0,0,0,0,0,0,0,0,0,0,0,-0.502483413331432,0,0,0,0,1.00501610683118,0,0,0,-0.162774001518457,0,1.09579017037899,-0.0692591337160731,0,0,0.764102365277161,0,0.556980933908938,0,-0.328515085072789,0,0,0,0,0,0,0,0,0,0,0,0,-1.4740748468607,0,-1.74372057092082,0,0,0,0,0,0,-0.0220009288487124,0,0,0,0.459984088838592,0,0,0.356777003388772,0,0,0,0,0,0,0,0,0,0,0,0,-0.220190416339376,0,-0.0861178836629426,-2.53782902619326,0,0,0,0,0,-0.448217349226951,0,0,-0.825112435301246,0,0,0,0,0,0.648408292973413,0,0,0,0,1.1593492076813,-0.397162741657594,0.211978162900538,0,0,0,-1.61121373267068,0,0.430293023328231,0,0,0,0,0
0,0,0,0,0,0,0,0,0,0,0,0,0,0,0,0,0,0,0,0,0,0,0,0,0,0,0,0,0,0,0,0,0,0.0250076577667731,0,0,0.0842724358541951,0,0,0,0,0,0,0,0,0,0,0,0,0,0,0,0,0,0,0,0,0,0,0,0,0,0,0,0,0,0,0,0,0,0,0,0,0,0,0,0,0,0,0,0,0,0,0,0,0,0,0,0,0,0,0,0,0,0,0,0,0,0,0,-0.0770862742093408,0,0,0,0,0,0,0,0,0,0,-0.215236495794816,0,0,0,0,0,0,0,0,0,0,0,0,0,0,0,0,0,0,-0.184030844833986,0,0,0,0,0,-0.455786456365298,0,0,0,0,0,0,0,0,0,0,0,0,0,0,0,0,0,0,0,0,0,0,0,0,0,0,0,0,0,-2.03990794341255,0,0,0,0,0,0,0,0,0,0,0,0,0,0,0,0,0,0,0,0,0,0,0,0,0,0,0,0,0,0,0,0,0
0,0,0,0,0,0.214118986974316,0,0.0610491838232368,0,0,0.033474452111157,0,0,0,0,0,0,0,0,0,0,0,0,0,0,0,0,0,0,0,0,0,0,0,0,0,0,0,0,0,0,0,0,0,0,0,0,0,0,0,0,0,0,0,0,0,0,0,0,0,0,0,0,0,0,0,0,0,0,0,0,0,0,0,0,0,0,0,0,0,0,0,0,0,0,0,0,0,0,0,0,-0.0651558832739396,0,0,-0.203438279910586,0,0,0,0,0,0,0,0,0,0,0,0,0,0,0,0,0,0,0,0,0,0,0,0,0,0,0,0.192783289048844,0,0,0,0,0,0,0,0,0,0,0,0,0,0,0,0,0,0,0,0,0,0,0,0,0,0,0,0,0,0,0,0,0,0,0,0,0,0,0,0.793959692532031,0,0,0,0,0,0,0,0,0,0,0,0,0.0747598141166617,0,0,0,0,0,0,0,0,0,0,0,0,0,0,0,0,0,0,0,0,0,0,0,0
0,0,0,0,0,0,0.329437483586461,0,0,0,0,0,0,0,0,0,0,0,0,0.842164342380022,0,0,0,0,0,0,0,0,0,0,-0.408914402944426,0,0,0,0,0,0,0,0,0,0,0.596216045533993,0,0,0,0,0,0,0,0,0,0,0,0,0,0,0,0,0,0,0,0,0,0,0,0,0,0,0,0,0,0,-0.0854974448758843,0,0,0,0,0,0,0,0,0,0,0,0,0,0,0,0,0.0581164418118849,0,0,0,0,0,0,0,0,0,0,0,0,0,0,0,0,0,0,0,0,0,0,0,0,0,0,0,0,0,0,0,0,0,0,0,0,0,0,0,0,0,0,0,0,0,0,0,0,0,0,0,0,0,0,0,0,0,0,0,0,0,0,0,0,0,0,0,0,0,0,0,0,0,0,0,0,0,0,0,0,0,0,0,0,0,0,0,0,0,0,0,0,0,0,0,0,0,0,0,0,0,0,0,0,0,0,0,0,1.57931953212355,0
0,0,-0.646827132482064,0,0,0,0,0,0,0,0,0,0,0,0,0,0,0,0,2.41815542892912,0,0,0,0,-0.84724177463263,0,0,0,0.552941203629882,0,0,0,0,0,0,0,0,0,0,0,0,0.507029853311413,0,0,-1.20734679225447,0,0,0,0,0,0,0,0,0,0,0,0,0,0,0,0,0,0.191630966813359,0,0,0,0,0,0,0.533205652034753,0,0,-0.476962011101696,0,0,0,0,0,0,0,0,0,0,0,0,0,0,-0.519543127309594,0,-0.598135512672749,0,0,0,0,0,0,0,0,0,-0.750765343546626,0,0,0,0,0,0,0,0,0,0,0,-0.0919273164784806,0,0,0,0,0,0,0,0,0,0,0,0,0,0,0,0.0197776762849575,0,0,0,0,0,0,0,0,0,0,0,0,-0.0707353509226971,0,0,0,0,0,0,0,0,0,0,0,0,0,0,0,0,0,0,0,0,0,0.551459475508915,0,0,0,0,0,0,0,0,0,0,0,0,0,0,0,0,0,0,0,0,0,0,0,0,0,0,0,0,0.0170025347139269,0,0,0,0,0,0,0,0.020966688831791
0,0,0,0,0,0,0,0,0,0,0,0,0,0,0,0,0,0,0,2.20779904573968,0,0,0,0,0,0,0,0,0,0,0,0,0,0,0,0,0,0,0,0,0,0,0,0,0,0,0.0287457775681392,0,0,0,0,0,0,0,0,0,0,0,0,0,0,0,0.0643687777382784,0,0,0,0,0,0,0,0,0,-0.113097237202211,0,0,0,0,0,0,0,0,0,0,0,0,0,0,0,0,0,0,0,0,0,0,0,0,0,0,0,0.0829694263322422,0,0,0,0,0,0,0,0,0,0,0,0,0,0,0,0,0,0,0,0,0,0,0,0,0,0,0,0,0,0,0.0209681681289828,0,0,0,0,0,0,0,0,0,-0.0971765938426676,0,0,0,0,0,0,0,0,0,0,0,0,0,0,0,0,0,-0.414100615034719,0,0,1.44309905430246,0,0,0,0,0,0,0,0,0,0,0,0,0,0,0,0,0,0,0,0,0,0,0,0,0,0,0,0,0,0,0,0,0,0,0,0,0.0920018817149506
0,0,0,0,0,0,0,0,0.227348207704434,0,0,0,0,0,0,0,0,0,0,3.28504069447451,0,0,0,0,-0.0209404917752156,0,0,0,0,0,0,0,0,0,0,0,0,0,0,0,0,0.323597064770439,0,0,0,0,0,0,0,0,0,0,0,0,0,0,0,0,0,0,0,0,0,0,0,0,0,0,0,0.253336803958523,0,0,0,0,0,0,0,0,0,0,0,0,0,0,0,0,0,0,0,0,0,0,0,0,0,-0.18672194438618,0,0,0,0,0,0,0,0,0,0,0,0,0,0,0,0,0,0,0,0,0,0,0,0,0,0,0.169175025368642,0,0,0,0,0,0,-0.402410637445432,0,0,0,0,0,0,0,0,0,0,0,-0.657195913150597,0,0,0,0,0,0,0,0,0,0,0,0,0,0,0,0,0,-0.5081741167898,0,0,0.218371471040033,0,0,0,0,0,0,0,0,0,0,0,0,0,0,0,0,0,0,0,0,0,0,0,0,0,0,0,0,0,0,0,0,0,0,0,1.67474216275873,0
0,0,0,0,0,0,0,0,0.166793832030121,0,0,0,0,0,0,0,0,0,0,3.72865882785204,-0.0463892966585042,0,0,0,0,0,0,0,0,0,0,0,0,0,0,0,0,0,0,0,0,0,0,0,0,0,0,0,0,0,0,0,0,0,0,0,0,0,0,0,0,0,0,0,0,0,0,0,0,0,0,0,0,0,0,0,0,0,0,0,0,0,0,0,0,0,0,0,0,0,0,0,0,0,0,0,0,0,0,0,0,0,0,0,0,0,0,0.229233095470313,0,0,0,0,0,0,0,0,0,0,0,0,0,0,0.650075022226917,0,0,0,0,0,0,0,0,0,0,0,0,0,0,0,0,-0.158871617971725,0,0,0,0.426389641272701,0,0,0,0,0.191182899799679,0,0,0,0,0,0,0,0,0,0,0,0,0,0.586873413311898,0,0,0,0,0,0,0,0,0,0,0.538966595482515,0,0,0,0,0,0,0,0,0,0,0,0,0,0,0,0,0,0,0,0,0,0,0,-0.396827929623675,1.19350253772039,0
0,0,0,0,0,0,0,0,0,0,0,0,0,0,0,0,0,0,0,1.40004655717105,0,0,0,0,0.629239204979195,0,0,0,0,0,0,0,0,0,0,0,0,0,0,0,0,0,0,0,0,0,0,0,0,0,0,0,0,0,0,0,-0.252415968597034,0,0,0,0,0,0,0,0,0,0,0,0,0,0,0,0,0,0,0,0,0,0,0,0.314812142251892,0,0.26385282173841,0,0,0,0,0,0,0,0,0,0,0,0,0,0,0,0,0,0,0,0,0,0,0.826553107020837,-2.51149786705971,0,0,0,0,0,0,0,0,0,0,0,0,0,0,0,0,0,0,0,0,0,0,0,0,0,0,0,0,0,0,0,0,0.137871449852205,0,0,0,0,0,0,0,0,0.63957524182278,0,0,0,0,0,0,0,0,0,0,0,0,0,0,0,0,0,-0.189275967919845,0,0,0,0,0,0,0,0,0,0,0,0,0,0,0,0,0,-0.0739208773391959,0,0,0.506382139829043,0,0,0,0,0,0,0,0,-0.426054247042386,0,0,0
0,0,0,0,0,0,0,0,0,0,0,0,0,0,0,0,0,0,0,1.16291102312925,0,0,0,0,0,0,-0.296647893907267,0,0,0,0,0,0,0,0,0,0,0,0,0,0,0,0,0,0,0,-0.236108644360776,0,0,0,0,0,0,0,0,0,0.299396931101104,0,0,0,0,0,0,0,0,-0.0532516309129718,0,0,0,0,-0.112812574088619,0,0,0,0,0,0,0,0,0,0,0,0,0,0,0,0,0,0,0,0,0,0,0,0,0,0,0,0,0,0,0,0,0,0,0,-0.543955367655645,0,0,0,0,-0.116705731512059,0,0,0,0,0,0,0,0,0.395380501243763,0,0,0,0,0,0,0,0,-0.814299438309656,0,0,0,0,0,0,0,0,0,0,0,0,0,0,0,0,0,0,0,-0.419289531295658,0,0,0,0,0,0,0,0,0,0,0,0,0,0.258813988287215,0,0,-0.433991016843051,0,0,0,0,0,0,0,0,0,0,0,0,0,0,0,0,0,0,0,0,0,0,0,0,0,0,0,0,0,0,0,0,0
-0.637284228972294,0,0,0,0,0,0,0,0,0,0,0,0,0,0,0,0,0,0,0,0,0,0,0,0,0,0,0,0,1.42888684132355,0,0,0,0,0,0.0434701151084287,0,0,0,0,0,0,0.344363162472785,-0.165658059674776,-0.832924668539173,1.74418312262937,0,0,-0.0739473126408579,0,0,-5.58743886061248,0,0,0,-0.733448737366844,0.312522473491011,0,0,0,0,3.31288075210997,-0.51648007624296,0,0.484221751828331,0,0,0,0,-0.107725002422638,0,0,0,0,0.656149884919832,0,0,-0.817221367502981,0.89620521755187,0,0,0.119370262212704,-1.08425551103218,0,0,0,0,0,0,0,0,0,0,0,0,0,-0.218151226873044,0,0,0,0,-2.59912173242249,0,0,-0.278836305446594,0,0,0.811798352089153,0.795810746621352,0,-0.105189062803448,0,0,0,-0.817892596631968,0,2.37216024969221,0,0,-2.89878920793974,0,-0.444642616602059,2.95244688806638,0,0,0,0,0,0,0.266375226165024,-1.21904867356152,0,-1.03794249858496,0,-0.279354809904911,0,0,0,0,0,0,0,0,0,0,0,0,0.0890139835175641,0,0,0,0,1.83724159485196,-0.1625581914349,0,0,-0.0292480661889571,0,0.0949779008405451,0,0.204530239292496,0,0,0.16837497546907,0,0,0,0,0,0,0,0,0,0.625179779413682,0,0,0,0,0,0,1.17842207436955,0,0,0,0,0,0,0,0,0,0,0,-0.282261505407162,0,0,0,-0.186072846168703,0,0,0
0,0,0.604617212694698,0,0.359412686485333,0,0,0,1.38918810254748,0,0,0,0,0,0,0,0,0,0,1.99502783929436,0,0,0,0,0,0,0,0,0,0.353807989505004,0,0,0,0,0.688512246747363,0,0,0.601616561425596,0,0,0,0,0,0,1.17184115493199,0,0,0,0,0,0,-0.428297392257142,0,0.354034052289145,0,0,0,0,0,0,0,0,0,0,1.09020015900616,0,0.284453525274746,0,0,0,0.729462922773523,0,0,0,0.391154465327193,0,0,0,0,-0.541298431143051,0,0.0966080416954542,-0.233511570668994,0.872791761769077,-0.000723845735608464,0,0,0,-1.26788493736167,0,0,0,0,0,0,0,0,0,0,0,-0.445540095649264,-0.296460610498201,0,0,0,0,0,0,0,0,0,-1.3118335909036,0,0,0,0.403379914368145,0,-0.195193367512151,0,0.120880283855664,0,0,0,0,0,0,0,0,1.52974738543408,1.98574093760812,-2.10207798075386,0.180197928850937,-1.41222565542605,0,-0.654059788686558,0,0,0,0,0,0,0,0,0,0,0,0,1.55173028532051,0,0,0,0,0,0,0,0,0,0,0,0,0,2.08165726840829,0,0,0,0,0,0,0,0.0390838891128522,0,0,0,0,0,0,0,0,-0.330332518869098,0,0,0,0,0,0,0,-0.516949643024115,0,0,0,0,0,0,0,0,0,0,0,0,0
0.319275850468626,-0.923607262498616,0,0,0,0.319376453155378,0,0,0,0,0,0.600391815165461,0,-0.0299867603607589,0,0,0,0,0,0,-0.0554807621451847,0,0,0,0,0,0,-2.20671188827488,0,0,0.240121502134699,0,0.327466385086975,0,-0.194755351254217,2.55010380634682,-2.10383208513762,-0.119253846883715,0,0,0,0,-0.382202490309421,0,0,0,0,0,0,0,0,-0.627059220224098,0,-0.0964896273804525,0,0,0,-1.66416424162089,0,0,0,-0.556404610179845,0,-0.92952590920757,-1.04103224203951,-0.441749226959275,0,0,0,0,0,0,0,0,0.500579293531025,0,-0.984478294613182,0.862422474552651,3.21529687554064,0,0,0,0,4.51406004606574,-2.21250112659513,0,0,0,-1.30890032280894,0,0,0,0,0,0,0,1.3038390398521,0.435686928820788,0.221143288692891,0,0.0884159097104711,0,0,1.69364833874655,0,0,0,0,0,0,0,0,0,0,0.0468628548596792,0,0,0,-0.199177589602445,-0.943832013001648,1.89454760336016,0,0,0,0,-0.567995798020813,0,-1.72394838239386,1.19727788187879,0,-0.625944803370394,0,-0.253056024248372,0.0343562334945315,-1.99548515295698,0,0,1.36777474059651,0,0.785687421607007,3.95509351643849,0.283667945501982,0,0,0,0,0,0,0,0,0,0,0,0,0,0.142196386148079,0,0,0,0,2.76438943746878,0,0,0,0,0.0607766558022553,-5.08589938373658,0,0,-1.41209070634469,0,0,0,0,0,-2.08464868646499,0,0,0,0,0,0,0,-0.438868048999536,0,0,0,0,0,0.126380969804415,0,0,0,0,0.65465041954055,-4.89205891076693,0,0,0,0
0,0,0,0,0,0,0,-0.0374634246268866,0,0,0,0,0,0,0,0,0,0,0,0,0,0,0,0,0,0,0,0,0,0,0,0,0,0,0,0,0,0,0,0,0,0,-0.260706115840637,0,0,0.064081367498225,0,0,0,0,0,0,0,0,0,0,-0.427666473152564,0,0,0,0,0,0,0,0,-1.37277748207342,0,0,0,0,0,0,0,0,0,0,0.348873379157001,0,0.88504918514917,0.285488917408362,1.13737473900689,0,0,0,0,0,0,0,0,0,0,0,0,0,-0.580367356553215,0,0,0,0,0,0,0,0,0,0,-0.0442502601115891,0,0,0,0,0,0,0,0,0,0,0,0,0,0,0,0,0,0,0,0,0,0,0.338903619377238,0,-2.71516524875409,0.061019145579561,-0.36408650736347,0,0,0,0,0,0,0,0,0,0,0,0,0,0,-0.460091958301394,0,0,0,0,0,0,0,0,0,0,0,0,0,0,0,0,0,0,-1.00603101348948,0,0,0,0,0,0,0,0,0,0,0,0,0,0,-0.836926391312761,0,0.601278053232275,0,0,0,-0.339664311768777,0,0,0,0,1.16184542077169,0.102220097864287,0,0,0,0,0,0
0,0,0,0,0,0,0,0,0,0,0,0,0,0,0,0,-1.12370748253141,0,0,0.35967963279455,0,0,0,0,0.162295813722702,0,0,0,0,0.446709436027547,0,-0.274972994690369,0,0,0,0,0,0.15036938969724,0,0,0,0,0,0.688589445602162,0,0,0,0,0,0,0,0.0399534262542927,0.197565997835741,-0.322084443797376,0,-0.518921120252548,-0.159071913030848,0,0,0,0,0,0,2.53939857854392,0.286378235615675,0,0,0,0,0,0,0,0,0,-0.735455939953145,-0.234400975526038,0,0,0,0,1.12650666587908,0,0,0,-0.173754435420377,0,0.151233058018642,0,0,0,0,0,0,0,0,0,0,0,0,0,0,0,-0.79305894343657,0,0,0,0.0332539090445447,-0.268329304451158,0,0,0,1.26807701235719,0,0,0,0,0,0,0,0,1.74734261937224,-0.293035341733626,0,0,0,0,0.151163508692401,0,0,0,-0.698012193163928,0.718558068895264,0,0,0,-0.197869673013562,-0.21199453145778,0,0,0,0,0,0,0,0,0,0,-0.0317343983538916,0,0,0,0,-0.264614731756522,0,0,0,0,0,0,0,0,0,0,-0.669768307552013,0,0,0.126573045944118,-1.97962011490784,0,0,0,0,0,0,0,0,1.25608752615688,0,0,0,0,0,0,0.249232442969163,0.98581413802901,0,0,0,0,0,-1.04863265540279,0,0,0,0,-4.50756878909025,0,0,0,-0.0511794171086115
0,0,0,0,0,0,0,-0.401252431649336,0,0,0,0,-0.596872270129101,0,0,0,0,0,0,-0.603438365401444,0,0,0,0,0,0,0,0,0,-0.861944765790433,0,0,0,0,0,0,-1.36058536006221,0.14449246457624,0,0,0,0,0,0.300026587112194,-0.258394726210061,0.410441715373728,0,0,0,0,0,0,0,0,-1.44496198779771,0,0,0,0,0,0,0,0,0.32059580106704,0,-0.0945630262522534,0,0,0,0,0,1.40307591670361,0,0,-0.620408468500942,0,0,-0.467233492460616,0,0,0,0,0,0,-0.539101101313828,0,0,0,0,0,0,0,0,0,0,0,0,0,-0.503955768920833,0,0,1.07810663795158,0,0,0,0,-2.88691278520912,-0.386361409042147,0,0,0,0,0,0,0,0,0,0,0,0,0,0,-0.141600495380881,0,0,0,0,0,0,0,0,0.156165209301507,0.0377548321731958,0,0.246704529100768,0,0,0,0,0,0,0,0,0.309052783635323,0,0,0,0.131937534660659,0,0,0,0,0,-0.211189885120273,-0.283147995376267,0,0,0,0,-0.135332263940302,0,0,0,0,0,0,0,0,0,0.314119040109151,0,0,0,0,0,0,0,1.44139464084413,0,0,0.290559685117548,0,0,0,0,0,0,0,0,-1.2355154425708,0,0,-0.312572865611072,0.0902893134921927,-0.200990237515669,0,0,-0.966033393726818,0,0
0,0,0,0,1.07014140351909,0,-0.254853795814868,0,0,0,0,0,-0.22492717400713,0,0,0,0,0,0,0,0,0,0,0,0,0,0,0,0,0,0,0,0,0,0,0.201207681359771,0,0,0,0,0,0,0,0,0,0,0,0,0,0,0,0,0.161457439066359,0,0,0,0,0,0,0,0,0,0,0,0,0,0,0,0,0,0,0,0,0,0,0,0,0,0,0,0,0,0,0,0,0,0,0,0,0,0,0,0,0,0,0,0,0,-0.559314963338876,0,0,0,0,0,0,-0.274449241811666,0,0,0,0,0,0,0,0,0,0,0,0,0,0,-0.188897790637506,0,0,0,0,0,-0.437543187382619,0,0,0,0,0,0,0,0,0,0,0,0,0,0,0,0,0,0,0,0,0,0,0,0,0,0,0,0,0,0,0,0,0,0,0,0,0,0,0,0,0,0,0,0,0,0,0,0,0.641999841902805,0,0,0,0,0,0,0,0,0,0,0,0,0,0,0,0,0,0,0,0,0,0,2.2059841151724,0
0,0,0,0,-0.156644400315122,0,0,0,0,0,0,0,0,0,0,0,0,0,0,0,0,0,0,0,0,0,0,0,0,0,0,0,0,0,0,0,0,0,0,0,0,0,0,0,0.958472918674925,0,0,0,0,0,0,0,0,-0.213525443035035,0,0,0,0,0,0,0,0,0,0,0,0,-0.139607418096095,0,0,0,0,0,0,0,0,0,0,0,0,0,0,0,0,0,-1.1042335582866,0,0,0,0,0,0,0.34345223573307,0,0,0,0,0,0,-0.230912091688546,0,0,0,0,-0.724896913398474,0,-0.602777990610297,0,0,0,0,0,0,0,0,0,0,0,-1.1351271708314,0,0,0.275814187263799,0.0175069376374739,0,0,0,0,0,0,0,0,0,0,0,0,0,0,0,0,0,0,0,0,0,0,0,0,0,0,0,0,0,0,0,0,0,0,0,0,0,0,0,0,0,0,0,0,0,0,0,0,0,0,0,0,0,0,0,0,0,0,0,0,0,0,-0.651179690126931,0,0,0,0,0,0,0,0,0,0.475116848815242,0,0,0,0,0
0,0,1.74132716099209,0,0,0,0,0,0,1.14355165283027,0,0,0,0,0,0,0,0.286199556247276,0,0,0,0,0,0,0,0,-0.647843957188605,0,0,0,0,0,0,0,0,0,0,-0.643907915201168,0,0,0,0.00518391698029563,0,0,0,0,0,-4.72152101782939,0,0,0,0,0,-1.28540431080512,0,0,0,0,0,0,0,0,0,0,0,0,0,0,0,0,0,0,0,0,0,0,0,0,0.112525965987384,0,0,0,0,0,0,0,0,0,0,0,0,0.334547557307773,0,0,0,0,0,0,0,0,0,0,0,0,0,0,0,0,0.0501274130401839,0,0,0,0,0,0,0,0,0,0,0.450922827179534,0.807654800635618,0,0,0,0,-0.114794540363864,0,0,0,0,0,0.378743970958588,0,0,0,0,0,0,0,0,0,0,0,0,0,0,0,0,0,0,0,0,0,0,0,0,0,-0.0317881354855705,0,0,0,0,0,0,0,0,0,0,0,0,0,0,0,0,0,0,0,0,0.292786506745734,0,0,-0.53762010406386,0,0,0,0,0,0,0,0,0,0,0,-0.0782440079118913,0.835264327929425,-0.409726740276435,0,0.333892105356615,0,0
0,0,0,0,0,0,0,0,0,0,0,0,0,0,0,0,0,0,0,0,0,0,0,0,0,0,0,0,0,0,0,0,0,0,0,0,0,0,0,0,0,0,0,0,0,0,0,0,0,0,0,0,0,0,0,0,0,0,0,0,0,0,0,0,0.02857754284519,0,0,0,0,0,0,0,0,0,0,0,0,0,0,0,-0.0507596528169281,0,0,0,0,0,0,0,0,0,0,0,0,0,0,0,0,0,0,0,0,0,0,0,0,0,0,0,0,0,0,0,0,0,0,0,0,0,0,0,0,0,0,0,0,0,0,0,0,0,0,0,0,0,0,0,0,0,0,0,0,0,0,0,0,0,0,0,0,0,0,0,0,0,0,0,0,0,0,0,0,0,0,0,0,0,0,0,0,0,0,0,0,0,0,0,0,0,0,0,0,0,0,0,0,0,0,0,0,0,0,0,0,0,0,0,0,0,0,0
0,0,0,0,0,0,0,0,0,0,0,0,0,0,0,0,0,0,0,0,0,0,0,0,0,0,0.0637131848298458,0,0,0,0,0,0,0,0,0,0,0,0,0,0,0,0,0,0,0,0,0,0,0,0,0,0,0,0,0,0,-0.505927513391708,0,0,0,0,0,0,0,0,0,0,0,0,0,0,0,0,0,0,0,0,0,0,0,0,0,0,0,0,0,0,0,0,0,0,0,0,0,0,0,0,0,0,0,0,0,0,0,0,0,0,0,0,0,0,0,0,0,0,0,0,0,0,-0.118115171603617,0,0,0,0,0,0,0,0,0,0,0,0,0,0,0,0,0,0,0,0,0,0,0,0,0,0,0,0,0,0,0,0,0,0,0,0,0,0,0,0,0,0,0,0,0,0,0,-0.395393972478683,0,0,0,0,0,0,0,0,0,0,0,0,0,0,0,0,0,0,0,0,0,0,0,0,0,0,0,0,0,0,0
0,0,0,0,0,0,0,0,0,0,0,0,0,0,0,0,0,0,0,0,0,0,0,0,0,0,1.79718839323526,0,0,0,0,0,0,0,0,0,0,0,0,0,0,0,0,0,0,0,0,0,0,0,0,0,0,0,0,0,0,0,0,0,0,0,0,-0.2489100138729,0,-0.309500201999943,0,0,0,0,0,0,0,0,-0.158071464621704,0,0,0,0,0,0,0,-0.173551010967612,0,0,0,0,0,0,0,0,0,0,0,0,0,0,0,0,0,0,0,0,0,0,0,0,0,0,0,0,0,0,0,0,0,0,0,0,0,0.301565995181819,-0.0443946280144445,0,0,0,0,0,0,0,0,0,0,0,0,0,0,0,0,0,0,0,0,0,0,0,0,0,0,0,0,0,0,0,0,0,-0.135228056465564,0,0,0,0,0,0,0,0,0,0,0,0,-0.0915726670191186,0,0,0,0,0,0,0,0,0,0,0,0,0,0,0,-0.149199704425869,0,0,0,0,0,0,0,0,0,0,0,0,0,0,0
0,0,0,0,0,0,0,0,0,0,0,0,0,0,0,0,0,0,0,0,0,0,0,0,0,0,0.568251120819306,0,0,0,0,0,0,0,0,0,0,0,0,0,0,0,0,0,0,0,0,0,0,0,0,0,0,0,0,0,0,0,0,0,0,0,0,-0.354003716233503,0,0,0,0,0,0,0,0,0,0,-0.0275567095665123,0,0,0,0,0,0,0,0,0,0,0,0,0,0,0,0,0,0,0,0,0,0,0,0,0,0,0,0,0,0,0,0,0,0,0,0,0,0,0,0,0,0,-0.709304745962121,0,0,0.0564958296546696,0,0,0,0,0,0,0,0,0,0,0,0,0,0,0,0,0,0,0,0,0,0,-0.0208833812789342,0,0,0,0.223930450860132,0,0,0,0,0,0,0,0,0,0,0.116694672218356,0,0,0.0112600301497368,0,0,0,0,0,0,0,0,0,0,0,0,0,0,0,0,0,0,0,0,0,0,0,0,0,0,0,0,0,0,0,0,0,0,0,0,0,0
0,0,0,0,0,0,0,0,0,0,0,0,0,0,0,0,0,0,0,0,0,0,0,0,0,0,0,0,0,0,0,0,0,0,0,0,0,0,0,0,0,0,0,0,0,0.59572780585491,0,0,0,0,0,0,0,0,0,0,0,-0.185040155515314,0,0,0,0,0,0,0,0,0,0,0,0,-0.939865337915248,0,0,0,0,0,0,0,0,0.225697750403417,0,0,0,0,0,0,0,0,0,0,0,0.378113147232831,0,0,0,0.340259535163967,0,0,0,0,0,0,0,0,0,0,0,0,0,0,0,0,0,0,0,0,0,-1.02752951332054,0,0,0.230618478354101,0,0,0,0,0,0,0,0.0518337994519587,0,0.0880051219974325,0,0,0,0,0,0,0,0,0,0,0,0,0,0,0,0,0,0,0,0,0,0,0,0,0.347620865723719,0,0,0,0,0,0,0,0,0,0,0,0,0,0,0,0,0,0,0.437674483111244,0,0,0,0,0,0,0,0,0,0.10067765067163,0,0,0.70407702292673,0,0,0,0,0,0,0,0,0,0,0,0
0,0,0,0,0,0,0,0,0,0,0,0,0,0,0,0,0,0,0,0,0,0,0,0,0,0,0,0,0,0,0,0,0,0,0,0,0,-0.0177001496674889,0,0,0,0,0,0,0,0,0,0,0,0,0,0,0,0,0,0,0,0,0,0,0,0,0,0,0,0,0,0,0,0,0,0,0,0,-0.553411840751826,0,0,0,0,0,0,0,0,0,0,0,0,0,0,0,0,0,0,0,0,0,0,0,0,0,0,0,0,0,0,0,0,0,0,0,0,0,0,0,0.0401188476004699,0,0,-1.38950869668976,0,0,0,0,0,0,0,0,0,0,0,0,0,0,-0.266154418060385,0,0,0,0,0,0,0,0,0,0,0,0,0,0,0,0,0,0.0658348973545788,0,0,0,0,0,0,0.069565963655722,0,0,0,0,0,0,0,0,0,0,0,0,0,0,0,0,0,0,0,0,0,0,0,-0.323919622966499,0,0,0,0,0,0,0,0,0,0,0.0119989225883756,0,0,0,0,0,0,0
0,0,0,0,0,0,0,0,0,0,0,0,0,0,0,0,0,0,0,0,0,0,0,0,0,0,2.55288665063977,0,0,0,0,0,0,0,0,0,0,0,0,0,0,0,0,0,0,0,0,0,0,0,0,0,0,0,0,0,-0.188604222522863,0,0,0,0,0,0,-0.34322443438543,0,0,0,0,0,0,0,0,0,0,0,0,0,0,0,0,0,0,0,0,0,0,0,0,0,0.39435136232231,0,0,0,0,0,0,0,0,0,0,0,0,0,0,0,0,0,0,0,0,0,0,0,0,0,0,0,0,0,0,0,0,0,0,0,0,0,0,0,0,0,0,0,0,0,0,0,0,0,0,0,0,0,-0.607414954312246,0,0,0,0,0,0,0,0,0,0,0,0,0,0,0,0,0.552929990068968,1.25290274152612,-0.706752394076527,0,0,0,0,0,0,0,0,0,0,0,0,0,0,0,0,0,0,0,0,0,0,0,0,0,0,0,0,0,0,0,0,0,0,0,0,0
0,0,0,0,0,0,0,0,0,0,0,0,0,0,0,0,0,0,0,0,0,0,0,0,0,0,1.22087447972396,0,0,0,0,0,0,0,0,0,0,0,0,0,0,0,0,0,0,0,0,0,0,0,0,0,0,0,0,0,0,0,0,0,0,0,0,0,0,0,0,0,0,0,0,0,0,0,0,0,0,0,0,0,0,0,0,0,0,0,0,0,0,0,0,0,0,0,0,0,0,0,0,0,0,0,0,0,0,0,0,0,0,0,0,0,0,0,0,0,0,0,0,0,0,0,0,0,0,0,0,0,0,0,0,0,0,0,0,0,0,0,0,0,0,0,0,0,0,0,0,0,0,0,0.0943261664530648,0,0,0,0,0,0,0,0,0,0.413262599656255,0.606677728340315,0,0,0,0,0,0,0,0,0,0,0,0,0,0,0,0,0,0,0,0,0,-0.0447195871814223,0,0,0,0,0,0,0,0,0,0,0,0,0,0.0935040135491529,0,0
0,0,0,0,0,0,0,0,0,0,0,0,0,0,0,0,0,0,0,0,0,0,0,0,0,0,0.981533469485788,0,0,0,0,0,0,0,0,0,0,0,0,0,0,0,0,0,0,0,0,0,0,0,0,0,0,0,0,0,0,0,0,0,0,0,0,0,0,-0.46358419596167,0,0,0,0,0,0,0,0,0,0,0,0,0,0,0,0,0,0,0,0,0,0,0,0,0,0,0,0,0,0,0,0,0,0,0,0,0,0.11649180233151,0,0,0,0,0,0,0,0,0,0,0,0,0,0,0,0,0,0,0,0,0,0,0,0,0,0,0,0,0,0,0,0,0,0,0,0,0,0,0,0,0,0,0,0,0,0,0,0,0,0,0,0,0,0,0,0,0,0.319517953156646,-0.256613250479926,0,0,0,0,0,0,0,0,0,0,0,0,-0.180056801087799,0,0,0,0,0,0,0,0,0,0,0,0,0,0,0,0,0,0,0,0,0,0,0,0
0,0,0,0,0,0,0,0,0,0,0,0,0,0,0,0,0,0,0,0,0,0,0,0,0,0,0,0,0,0,0,0,0,0,0,0,0,0,0,0,0,0,0,0,0,0,0,0,0,0,0,0,0,0,0,-0.289670323337863,0,0,0,0,0,0,0,0,0,0,0,0,0,0,0,0,0,0,0,0,0,0,0,0,0,0,0,0,0,0,0,0,0,0,0,0,0,0,0,0,0,0,0,0,0,0,0,0.580656873542714,0,0,0,0,0,0,0,0,0,0,0.00925833850352409,0,0,0,0,0,0,0,0,0,0,0,0,0,0,0,0,0,0,0,0,0,0,0,0,0,0,0,0,0,0,0,0,0,0,0,0,0,0,0,0,0,0,0,0,0,0,0,0,0,0,0,0,0,0,0,0,0,0,0,0,0,0,0,0,0,0,0,0,0,0,0,0,0.179845214314978,0,0,0,0,0,0,0,0,0,0,0,0
0,0,0,0,0,0,0,0,0,0,0,0,0,0,0,0,0,0,0,0,0,0,0,0,0,0,0,0,0,0,0,0,0,0,0,0,0,0,0,0,0,0,0,0,0,0,0,0,0,0,0,0,0,0,0,0,0,0,0,0,0,0,0,0,0,0,0,0,0,0,0,0,0,0,0,0,0,0,0,0,0,0,0,0,0,0,0,0,0,0,0,0,0,0,0,0,0,0,0,0,0,0,0,0,0,0,0,0,0,0,0,0,0,0,0,0,0,0,0,0,0,0,0,0,0,0,0,0,0,0,0,0,0,0,0,0,0,0,0,0,0,0,0,0,0,0,0,0,0,-0.226976434941796,0,0,0,0,0,0,0,0,0,0,0,0,0,0,0,0,0,0,0,0,0,0,0,0,0,0,0,0,0,0,0,0,0,0,0,0,0,0,0,0,0,0,0,0,0,0,0,0,0,0
0,0,0,0,0,0,0,0,0,0,0,0,0,0,0,0,0,0,0,0,0,0,0,0,0,0,0,0,0,0,0,0,0,0,0,0,0,0,0,0,0,0,0,0,0,0,0,0,0,0,0,0,0,0,0,0,0,0,0,0,0,0,0,0,0,0.36859667562312,0,0,0,0,0,0,0,0,0,0,0,0,0,0,0.156055334077517,0,0,0,0,0,0,0,0,0,0,0,-0.298937288703256,0,0,0,0,0,0,0,0,0,0,0,0,0,0,0,-0.226567199464222,0,0,0,0,-0.06383838005827,0,0,0,0,0,-0.276259494736805,0,0,0,0,0,0,0,0,0,0,-2.02141479224813,0,0,0,0,0,0,0,0,0,0,0,0,0.413888019280884,0,1.59424191901802,0,0,0,0,0,0,0,-0.241501561187938,0.490992769104479,0,0,0,0,0.210499424899569,0,0,-0.471820862735553,0,0,0,0,0,0,0,0,0,0,-0.181922468800179,0,0,0,0,0,0,0,0,0,-0.827181860538218,0,0,0,0,0,0,0,0,-1.41178660580521,0,0,0,0,0,0,0
0,0,0.106398333959009,0,0.161029129003209,0,0,0,0,0,0,0,0,0,0,0,0,0,0,0,0,0,0,0,0,0,0,0,-0.341403746696622,0,0,0,0,0,0,0,0.116024911287682,0,0,0,0,0,0,-0.754424614976372,0,0,-0.828416693070147,0,0,0,0,0,0,0,0,0,0,0,0,0,0,0,0,0,0,0,0.176554346716781,0,0,0,0,0,0,0,0,0,0,-0.431698271887031,0,0,0,0,0,0,0,0,0,0,0,0,0,0,0,0,0,0,0,0,0,0,0,0,0,0,0,0,0,-0.156453848757194,0,0,0,0,0,0.00712104574851935,0,0,0,0,0,-0.3476189309358,0,0,0,0,0,2.42895275493212,0,0,0,0,0,0,0,0,0.778873262218801,0,0,0,0,0,0,0,0,0,0,0,0,0,0,0,0,0,0,0,0,0,0,0,0,0,0,0,0,0,0,0,0,-0.633836523631214,0,0,0,0,0,0,0,-0.555470105329682,0,-0.0553224017718956,0,0,0,0,0,0,0,0,0,-0.656713402178519,0,0,0,0,0,0,-0.681629618899823,0,0,0,0.612388283363165,0
0,0,0,0,0,0,0,0.528659244903755,0,0,0,0,0,0,0,0,0,0,0,0,0,0,0,-0.0389724623685899,0,-0.807387932212332,0,0,0,0,0,0,0,0,0,0,0,0,0,0,-0.143505926913842,0,0,0,0,0,0,0,0,0,0,0,0,0,0,0,0,0,0,0,0,0,0.0455541737945637,-0.215608081688668,0,0,0,0,0,0,0,0,0,0,0,0,0,0,0,0,0,0,0,0,0,0,0,-0.266616490067632,0,0,0,0,0,0,0,0,0,0,0,0,0.0734872600801659,0,0,0,0,0,0,0,0,0,0,0,0,0,0,0,0,0,0,0,0,0,0,0,0,0.802556185345974,0,0,0,0,0,0,0,0,0,0,0,0,0,0,0,0,0,0.17416505418039,0,0,0,0,0,0,0,0,0,0,0,0,0,0,0,0,0,0,0.211423844179608,0,0,0,0,0,0,0,0,0,0,0,0,0,0,0,0,0,0,0,0,0.0964728171492701,0,0,0,0,0,0,0,0,0,0,0,0,0,0,0,0.21711920550397
0,0,0.158484518697419,0,0,0,0,0,0,0,0,0,0,0,0,0,0,0,0,0,0,0,0,0,0,-0.585542765520212,0,0,0,0,0,0,0,0,0,0,0,0,0,0,0,0,0,0,0,0,0,0,0,0,0,0,0,0,0,0,0,0,0,0,0,0,0,0,0,0,0,0,0,0,0,0,0,0,0,0,0,0,0,0,0.244104123600597,0,0,0,0,0,0.0934335562238442,0,0,0,0,0,0,0,0,0,0,0,0,0,0,0,0,0,0,0,0,0,0,0,0,0,0,0,0,0,0,0,0,0,0,0,0,0,0,0,0,0,0,0,0,0,0,0,0,0,0,0,0,0,0,0,0,0,0,0,0,0,0,0,0,0,0,0,0,0,0,0,0,0,0,0,0,0,0,0,0,0,0,0,0,0,0,0.265154549757006,0,0,0,0,0,0,0,0,0,0,0,0,0,0,0,0,0,0,0,0,0,0,0,0,0.362479622175519,0.958370553627613
-0.107437841331595,0,0,0,0.598614704411364,0,-0.582020367128244,-0.63450509841276,0,0,0,0.173945629045028,0,0,0,0,0,0,0,0,0,0,-0.733675799678183,0,0,0,-0.230334421983083,0,0.250852261900131,0,0,0,0,0,0,0,0,0,0,0,0,0,0,0,0,0,0,0,0,0,0,0.653114632707423,0,0,0,0,0,0,0,0,0,1.14025463202511,0.869084461859248,0,0,0,0,0,0,0,0.637048118511964,0,0,0,0,0,0,0.871352445591858,0,0,0,0,-0.222619534352088,0,0,0,0,-0.0915909079096062,0,0,0,0,-0.126698317730683,0,0,0,0,0,0,0,0,0,0.100508191689474,0,0,0,0,0,0,0,0,-0.357544834616879,0,0,0,0,-0.160558054304234,0,0,0,0,0,0,0.668338043319184,0,0,0,0,0.138213188305304,0,0,0,0,0,0,0,0,0,0,0,0,0,0,0,0,0,0,0,0,0,-3.39542186793431,0,0,0,0,0,0,0,-0.0351521701988715,0,0,0.0847610989468013,1.02135768270818,0,0,0,0,0,0,0,0,0,0,0,-0.215928240342605,0,0,0,0,0,0,0,0,0,0,0,0,0,0,0,0,0,0,-0.526260253832668,0,0,0,0,0,0.871185726366623
0,0,0.225117985630834,0,0,0,0,0,0,0,0,0,0,0,0,0,0,0,0,0,0,0,0,0,-0.263934299174515,0,0,0.855649628189408,0,0,0,0,0,0,0,0,0,0,0,0,0,0,0,0,0.16356859493417,0,-1.17972558250233,0,0,0,0,0,0.397961098946599,0,0,0,0,0,0,0,0,0,0.804209511020662,0,0,0,0,0,0,0.0174099409004977,0,0,0,0,0,0,0,0,0,0,0.79825869174318,0,0,0,0,0,0,0,0,0,0,0.0472980195653199,0,0,0.288313233111306,0,0,0,0,0,0,0,0,0,0,0,0,0,0,0,0,0,0,0,0,-1.18746573418907,0,0,-0.231161765052526,0.101642527602951,0,-0.850218160325996,0,0,0,0,0,0,0,0,0,0,0,0,0.204024097507152,0,0,0,0,0,0,0,0,0,0,0,0,0,0,-0.0025480655049539,0.275067390685022,0,0,0,2.05078570424343,0,0,0,0,-0.389405435594052,0,0,0.65360020211561,0,0,0,0,0.231189932699396,0,0,0,0,0,0,0,-0.465819305111677,0,0,0,0,0,0,0,0,0,0,0,0,0,0,0,0,0,0.385841817803778,0,0,0,0.901328601163426,0,-0.144061206715938
0,0,0,0,0,0,0,0,0,0,0,0,0,0,0,0,0,0,0,0,0,0,0,0,0,0,0,0,0,0,-0.388896540311209,0,0,0,0,0,0,0,0,0,0,0,0,0,0,0,0,0,0,0,0,0,0,0,0,0,0,0,0,0,0,0,0,0,0,0,0,0,0,0,0,0,0,0,0,0,0,0,0,0,0,0,0,0,0,0,0,0,0,0,0,0,0,0,0,0,0,0,0,0,0,0,0,0,0,0,0,0,0,0,0,0,0,0,0,0,0,0,0,0,0,0,0,0,0,0,0,0,0,0,0,0,0,0,0,0,0,0,0,0,0,0,0,0,0,0,0,0,0,0,0,0,0,0,0,0,0,0,0,0,0,0,0,0,0,0,0,0,0,0,0,0,0,0,0,0,0,0,0,0,0,0,0,0,0,0,0,0,0,0,0,0,0,0,0,0,0,0,0,0
0,0,0,0,0,0,0,0,0,0,0,0,0,0,0,0,0,0,0,0,0,0,0,0,0,0,0,0,0,0,0,0,0,-0.365073453212773,0,0,0,0,0,0,0.136050022689289,0,0,0.00295973731949029,0,0,0,0,0,0,0,0,0,0,0,0,0,0,0,0,0,0,0,0,-0.366277839072707,0,0,0,0,0,0,0,0,0,0,0,0,0,0,0,0,0,0,0,0,0,0,0,0,0,0,0,0,0,0,0,0,0,0,0,0,0,0,0,0,0,0,0,0.01650546231593,0,0,0,0,0,0,0,0,0,0,0,0,0,0,0,0,0,0,0,0,0,0,0,0,0,0,0,0,0,0,0,0,0,0,0.00380744599278748,0,0,0,0,0,0,0,0,0,0,0,0,0,0,0,0,0,0,0,0,0,0,0,0,0,0,0,0,0,0,0,0,0,0,0,0,0,0,0,0,0,0,0,0,0,0,0,0,0,0,0,0,0,0,0,0
0,-0.0261891940988721,0,0,0,0,0,0.700242065912018,0,-0.503555535087852,0,0,0,0,0,0,0,0,0,0,0,0,0,0,-0.889267363331597,0,0.205762221069014,0,0,0,0,0,0,0,0,0,0,0,0,0,0,0,0,0,0,0,0,0,0,0,0,0,0,0,0,0,0,0,0,0,0,0,0,0,0,-0.544417287166825,0,0,0,0,0,0,-0.0517146081371136,-0.671048379914551,0,0,0,0,0,0,0,0,0,0,-0.1357249412963,0,0,0,0,0,0,0,0,0,0,0,1.21405608861043,0,0,0,-0.10580072326966,0,0,-0.454818859763526,0,0,0,0,0,0,0,0,-0.167244930619698,0.0355138526728274,0,0,0,0,0,0.181457665144327,0,0,0,0,0,0,0,0,0,0,0,-0.95816323545423,-0.0767696104923692,0,0,0,0,0,0,0,0,0,0,0,0,0,0,0,-0.286240530522688,0,0,0,0,0,-0.00671765111667399,0,0,0.27034920361358,0,-0.142846244018408,0,0,0,1.10994059051403,0,0,-1.71510005033232,0,0,0,0,0,0,0,0,-0.210794022391607,0,0.22651970919546,0,0.552962148925189,0,-0.268184145972781,0,0,0,0,0.534752820380517,-0.402735042755484,0,0,0,0,-1.91245846516579,0,0,0,0,0.120730859723615,0,0
0,0,0,0,0,0,-0.432682601301367,0,0,0.176862859022899,0,0,0,0,0,0,0,0.0214169616006872,0,0,0,0,0,0,0,0,0.0360318833339375,0.19726766634886,0,-0.246434256024797,0,0,0,0,0,-0.657587673145297,0,0,0,0,0,0,0,0,0,0,0,0,0,0,0,0,0,0,0,0,0,-0.586865495093292,0,0,0,0,0,0,0,0,0,0,0,0,0,-0.344598909829977,0,0,0,0,0,-0.906540756422049,0,0,0,0,0,0,0,0,0,0,0,0,0,0.485324196642577,0,0,0,0,0,0,0,0.129276560518384,0,0.340679212152695,0,0,0,0,0,0,0,0,0,0,-0.626917472519922,0,0,0,0,0,0,0,0,0,-0.549837186848937,0,0,0,0,0,0,0,0,0,0,0,0,0,0,0,0,0,0,0,0,-0.647078807939215,0,0,0,0,0,0,0,0,0,0,0,0,0,-0.665831205072667,0,0,0,0,0,0,0,0,-0.758729283212307,0,-0.310119902162075,0,0,0,0,0,0,0,-0.177268288694326,0,0,0,0,0,0,0,0,0,0,0,0,0,0.592155139595549,0,0,0,-0.173506182324353,0,0,0,0,0
0,0,0,0,0,0,0,-0.0146098877852394,0,1.14982608102863,0,0,0,0,0,0,0,0,0,0,0,0,0,0,0,0,0.24292847851476,0,0,-0.33890800188725,0,0,0,0,0,0,0,0,0,0,0,0,0,0,0,0,0,0.171595852111548,0,0,0,0,0,0,0,0,0,-0.557273965890276,0,0,0,0,0,0,-0.192147904200046,0,0,0,0,0,0,-0.104867563741207,0,0,0,0,0,-1.72147315445337,0.755650568922906,-0.292745219889656,0,0,0,0,0,-0.318250187127493,0,0,0,0,0,0.369855375960559,0,0,0,0,0,0,0,0.127131672232844,0,0.304668592751607,0,0,0,0,0,0,0,0,0,0,-0.704875091507503,0,-0.06486224230475,0,0,0,0,0,0,0,-0.554071742377209,0,0,0,0,0,0,0,0,-0.258347012398006,0,0,0.220763387053073,0,0,0,0,0,0,-0.00781468980261346,0,-0.115040823605348,0,0,0,0,0,0,0,0,0,0,0,0,0,-0.47462813244169,0,0.0390170480513057,0,0,0,0,0,0,-0.557621151468574,0,-0.26402072312897,0,0,0,0,0,0,0,-0.0919389719063199,0,0,0,0,0,0,0,0,0,0,0,0,0,0,0,0,0,0,0,0,0,0,0
0,0,0,0,0,0,-0.529562229833165,-0.718717331448922,0,0.794140316499326,0,0,0,0,0,0,0,0,0,0,0,0,0,0,0,0,0,0,0,-0.77043384497977,0,0,0,0,0,0,0,-0.192213421910975,0,0,0,0,0,0,0,0,0,0.0485809174384317,0,0,0,0,0,0,-0.0287133897155976,0,0,-0.708372274271587,0,0,0,0,0,0,0,0,0,0,0,0,0,-0.0671963210929512,0,0,0,0,0,-1.24269140801398,0.707535547206791,0,0,0,-0.15339636336104,0,0,0,0,0,0,0,0,0,0,0,0,0,0,0,0,0.2644904560355,0.253288523222335,0.664846722545513,0,0,0,0,0,0,0,0,0,-0.285380509592535,-1.12522062777639,0,0,0,0,0,0,0,0,0,-0.0813600567570831,0,0,0,0,0,0,0,0,0,0,0,0,0,0,0,0,0,0,0,0,0,0,0,0,0,0,0,0,0,0,0,0,0,0,-0.669182604000801,0,0.0468633131393965,0,0,0,0,0,0,-0.23016581344733,0,0,0,0,0,0,0,0,0,-0.0233619116277779,0,0,0,0,0,0,0,0,0,0,0,0,0,0,0,0,0,0,0,0,0.482316753069109,0,0
0,0,0,0,0,0,-0.61354198612431,-0.128187317828691,0,0,0,0,0,0,0,0,0.255425057716819,0,0,0,0,0,0,0,0,0,0,0,0,-0.460900835246817,0,0,0,0,0,0,0,0,0,0,0,0,0,0,0,0,0,0,0,0,0,0,0,0,-0.0828210311508559,0,0,-0.126020749947034,0,0,0,0,0,0,0,0,0,0,0,0,0,-0.565012503251546,-0.0269013648920524,0,0.777941734915169,0,0,-0.390382519658113,0,0,0,0,0,0,0,0,0,0,0,0,0,0,0,0,0,0,0,0,0,0.513772132640846,0,1.43391485584051,0,0,0,0,0,0,0,0,0,0,-1.65534558869157,0,-0.0133359542198859,0,0,0.104565270813507,0,0,0,0,0,-0.12944472212422,0,0,-0.527332135011005,0,0,0,0,-0.404063849372791,0,0,0,0,0,0,0,0,0,0,0,0,0,0,0,0,0,0,0,0,0,0,0,0,0,-0.0335812699393978,0,0.584941521888844,0,0,-0.173012181757473,0,0,0,-1.33923405156693,0,-0.164876661352223,0,0,0,0,0,0,0,-1.26028612813453,0,0,0,0,0,0,0,0,0,0,0,0,0,0,0,0,0,0,0,0,0,0,0
0,0,0,0,0,0,0,0,0,0,0,0,0,0,0,0,0,0,0,0,0,0,0,0,-0.347475276679063,0,0,-2.387830436875,0,0,0,0,0,0,0,0,0,0,0,0,0,0,0,0,0,0,0,0,0,0,0,0,0,0,0,0,0,0,0,0,0,0,0,0,0,0,0,0,0,0,0,0,0,0,0,-0.0804551157919395,0,0,0,0,0,0,0,0,0,0,0,0,0,0,0,0,0,0,-0.221072880514994,0,0,0,0,0,0,0,0,0,0,0,0,0,0,0,0,0,-0.422789851377043,0,0,0,0,0,0,0,0,0,0,0,0,0,0,0,0,0,0,0,0,0,0,0,0,0,0,0,0,0,0,0,0,0,-9.40267460891084,0,0,0,0,0,0,0,0,3.53459288333523,0,0,0,0,0,0,0,0,0,0,-0.13142554209765,0,0,0,0,0,0,0,0,0,0,0,0,0,0,0,0,0,0,0,0,0,0,0,-0.113527589386901,0,0,0,0,0,0,0,0.362867274003988,0
0,0,0,0,0,0,0,0,0,0,0,0,0,0,0,0,0,0,0,0,0,0,0,0,0,0,0.8586721688942,0,0,0,0.0337072705738002,0,0,0,0,0,0,0,0,0,0,0,0,0,0,0,0,-0.910762568389671,0,0,0,0,0,0,0,0,0,0,0,0,0,0,0,-0.193066707835091,0,0,0,0,0,0,0,0,0,0,0,0,0,0,0,0,0,0,0,0,0,0,0,0,0,0,0,0,0,0,0,0,0,0,0.0552827235799971,0,0,0,0,0,0,0,0,0,0,0,0,0,0,0,0,0,0,0,0,0,0,0,0,0,0,0,0,0,0,0,0,0,-0.0323843526028182,0,0,0,0,0,0,0,0,0,0,0,0,0,0,0.659325464235478,0,0,0,0,0,0,0,0,0,0,0,0,0,0,0,0,0,0,0,0,0,0,0,0,0,0,0,0,0,0,0,0,0,-0.0340647513558352,0,-0.306812205593223,0.472554315876211,0,0,0,0,0,0,0,0,0,0,0,0,0,0,0
0,0,0,0,0,0,0,0,0,0,0,0,0,0,0,0,0,0,0,0,0,0,0,0,0,0,0.534858786658271,0,0,0,0,0,0,0,0,0,0,0.0319126588289287,0,0,0,0,0,0,0,0,0,-1.55938017991362,0,0,0,0,0,0,0,0,0,0,0,0,0,0,0,0,0,0,0,0,0,0,0,0,0,0,0,0,0,0,0,0,0,0,0,0,0,0,0,0,0,0,0,0,0,0,0,0,0,0,0.197835793388767,0,0,0,0,0,0,0,0,0,0,0,0,0,0,0,0,0,0,0,0,0,0,0,0,0,0,0,0,0,0.112520056299329,-0.00953846716140561,0,0,-0.687204193072557,0,0,0,0,0,0,0,0,0,0,0,0,0,0,0.121985395484636,0,0,0,0,0,0,0,0,0,0,0,0,0,0,0,0,0,0,0,0,0,0,0,0,0,0,0,0,0,0,0,0,0,-0.628873108882439,0,0,0,0,0,0,0,0,0,0,0,0,0,0,0,0,0,0
0,0,0,0,0,0,0,0,0,0,0,0,0,0,0,0,0,0,0,0,0,0,0,0,0,0,0,0.577113850177879,0,0,0,0,0,-0.000914987480312712,0,0,0,0.704695752563009,0,0,0,0,0,0,0,-0.0648475102391415,0,-3.55764427196122,0,0,0,0,0,0,0,0,0,-0.106587044108014,0,0,0,0,0,0,0,0,0,0,0,0,0,0,0,0,0,0,0,0,0,0,0,0,0,0,0,0.883528157862189,0,0,0,0,0,0,0,0,0,0,0,0,0,0,0,0,0,0,0,0,0,0,0,0,0,0,0,0,0,0,0,0,0,0,0,0,0,0,0,0,0,0,0,0,0,0,-0.115543768894421,0,0,0,0,0,0,0,-0.111930380901759,0,0,0,0,0,0,0,0,0,0,0,0,0,0,0,0,0,0,0,0,0,0,0,0,0,0,0,0,0,0,0,0,0,0,0,0,0,0,0,0,0,0,0,0,0,0,1.91775786534159,0,0,0,0,0,0,0,0,0,0,0,0
0,0,0,0,0,0,0,0,0,0,0,0,0,0,0,0,0,0,0,0,0,0,0,0,0,0,0,0,0,0,0,0,0,0,0,0,0,0,0,0,0,0,0,0,0,0,0,-3.67405945415731,0,0,0,0,0,0,0,0,0,0,0,0,0,0,0,0,0,0,0,0,0,0,0,0,0,0,0,0,0,0,0,0,0,0,0,0,0,0.4188625057988,0,0,0,0,0,0,0,0,0,0,0,0,0,0,0,0,0,0,0,0,0,0,0,0,0,-0.0331444761136936,0,0,0.154444403732614,0,0,0,0,0,0,0,0,0,0,0,0,0,0,0,0,0,0,0,0,0,0,0,0,0,0,0,0,0,0,0,0,0,0,0,0,0,0,0,0,0,0,0,0,0,0,0,0,0,0,0,0,0,0,0,0,0,0,0,0,0,0,0,0,0,0,0,0,0,-0.161959775699218,0,0,0,0,0,0,0,0,0,0,0,0,0,0,0
0,0,0,0,0,0,0,0,0,0,0,0,0,0,0,0,0.0278556947549669,0,0,0,0,0,0,0,0,0,0,0,0,0,0,0,0,0,0,0,0,0,0,0,0,0,0,0,0,0,0,0,0,0,0,0,0,0.0622582390806412,0,0,0,0,0,0,0,0,0,0,0,0,0,0,0,0,0,0,0,0,0,0,0,0,0,0,0,0,0,0,0,0,0,0,0,0,0,0,0,0,0,0,0,0,0,0,0,0,0,0,0,0,0,0,0,0,0,0,0,0,0,0,0,-1.37600641355646,0,0,0,0,0,0,0,0,0,0,0,0,0,0,0,0,0,0,0,0,0,0,0,0,0,0,0,0,0,0,0,0,0,0,0,0,0,0,0,0,0,0,0,0,0,0,0,0,0,0,0,0,0,0,0,0,0,0,0,0,0,0,0,-0.373128170831717,0,0.0850637733411732,0,0,0,0,0,0,0,0,0,0,0,0,0,0,0,0
0,0,0,0,0,-0.140238548934893,0,0,0,0,0,0,0,0,0,0,0,0,0,0,0,0,0,0,0,0,0,0,0,0,0.00486488813055619,0,0,0,0,0,0,0,0,0,0,0,0,0,0,0,0,0,0,0,0,0,0,0,0,0,0,0,0,0,0,0,0,0,0,0,0,0,0,0,0,0,0,0,0,0,0,0,0,0,0,0,0,0,0,0,-0.135266111230242,0,0,0,0,0,0,0,0,0,0,0,0,0,0,-0.0720491820601352,0,-0.0491384681170237,0,0,0,0,0,0,0,0,0,0,0,0,0,0,0,0,0,0,0,0,0,0,0,0,0,0,-0.860460745370993,0,0,0,0,0,0,0,0,0,0.22974359283739,0,0,0,0,0,0,0.499965763663889,0,0,0,0,0,0,0,0,0,0,0,0,-0.372293615950857,0,0,0,0,0,0,0,0,0,0,0,0,0,0,0,0,0,0,0,0,0,0,0,0,0,0,0,0,0,0,0,0,0,0,0,0,0,0,0
0,-0.186085131965546,-0.0787381872409767,0,0,0,0.396892004733103,0.418180401823907,0,0,0,0,-0.850882837112553,0,-0.590595409135353,0,0,0,0,0,0,0,0,0,0,0,0,1.25716073426619,0,0,0,-0.239324589210815,-0.11433841023333,0,0,0,0.1337037121882,0,0,-0.230836839602422,0,0,0,0,0,0,0,0,0,0,0,0,0,0,0,0,0,0,0,0,0,0,0,0.273055375626061,0,0,0,0,0,0,-0.25767523321554,0,0,0.0882804768808727,0,0,-0.0668179483224678,1.63107633750521,0,0,-0.6013272709028,0,0,0,0,0.565963800668692,0,0,0,0,0,0,0,0,0,0,-0.290767697615573,0,0,0,-0.330338161562246,0,-0.0716046009854197,0,0,0,0,0,-0.255161368605901,0,0,0,-3.61082378794394,0,0,0.504200611510145,0,0.599284875091096,0,0,0.629354695178566,0,0.591891004030952,0,0,0,0,0,0,0,0.190661236785938,0,0,0,0,0,-1.07096344872554,0,0,0,-2.64289593896984,0,0,0,0,0,0,0,0,0,-0.306604587792261,0,0,0,-0.465218346225086,0,0,0,0,-0.66484203598453,0,0,0,0.186784058007156,0,0,0,0,0,0.687343865945094,0,0,0,0,0,0,0,2.43262113636,0,-0.252091507288956,0,0,-0.608338182516918,0,0,0,0,-0.00484618641189782,0,-0.0477150386537488,-0.30422915148006,0.131479651543678,0,0,0,0,0,0,0,0
0,0,0,0,0,0,0,0,0,0,0,0,0,0,0,0,0,0,0,0,0,0,0,0,0,0,0,0,0,0,0,0,0,-0.041481531113819,0,0,0,0.38305976769446,0,0,0,0,0,0,0,0,0,0,0,0,0,0,0,0,0,0,0,0,0,0,0,0,0,0,0,-0.121046003140193,0,0,0,0,0,0,0,0,0,0,0,0,0,0,0,0,0,0,0,0,0,0,0,0,0,0,0,0,0,0,0,0,0,0,0,0,0,0,0,0,0,0,0,0,0,0,0,0,0,0,0,0,0,0,0,0,0,0,0,0,1.18854923085905,0,0,0,0,0,0,0,0,0,0,0,0,0,0,0,0,0,0,0,0,0,0,0,0,0,0,0,0,0,0,0,0,0,0,0,0,0,0,0,0,0,0,0,0,0,0,0,0,0,0,0,0,-0.29770006614753,0,0,0,0,0,0,0,0,0,0,0,0,0,0,0,0,0,0,0,0
0,0,0,0,0,0,0,0,0,0,0,0,0,0,-4.57495333104922,0,0,0,0,0,0,0,0,0,0,0,0.123926349058613,0,0,0,0,0,0,0,0,0,0,0,0,0,0,0,0,0,0,0,0,0,0,0,0,0,0,0,0,0,0,0,0,0,0,0,0,0,0,0,0,0,0,0,0,0,0,0,0,0,0,0,0,0,0,0,0,0,0,0,0,0,0,0,0,0,0,0,0,0,0,0,0,0,0,0,0,0,0,0,0,0,0,0,0,0,0,0,0,0,0,0,0,0,0,0,0,0,0,0,0,0,0,0,0,0,0,0,-0.0106066059716592,0,0,-0.317758793228847,0,0,0,0,0,0.0872757159762017,0,0,0,0,0,0,0,0,0,0,0,0,0,0,0,0,0.139090713249084,0,0,0.290604588741185,0,0,0,0,0,0,0,0,0,0,0,0,0,0,0,-0.626092483336383,0,0,0,0,0,0,0,0,0,0,0,0,0,0,0,0,0,0,0,0
0,0,0,0,0,0,0,0,0,0,0,0,0,0,-14.5847505095244,0,0,0,0,0,0,0,0,0,0,0,0,0,0,0,0,0,0,0,0,0,0,0,0,0,0,0,0,0,0,-0.740173030586678,0,0,0,0,0,0,0,0,0,0,0,0,0,0,0,0,0,0,0,-0.0244803052812883,0,0,0,0,0,0,0,0,0,0,0,0,0,1.05710418196984,0,0,0,0,0,0,0,0,0,0,0,0,0,0,0,0,0,0,0,0,0,0,0,0,0,0,0,0,0,0,0,0,0,0,0,0,0,0,0,0,0,0,0,0,0,0,0,0,0,0,0,0,0,0,0,0,0,-0.115512652746028,0,0,0,0,0,0,-1.01344303853555,0,0,0,0,0,0,0,0,0,0,0,0,0,0,0,0,0,0,0.639530623404542,0,0,0,0,0,0,0,0,0,0,0,0,0,0,0,0,0,0,0,0,-0.0835813092942734,0,0,0,0,0,0,0,0,0,0,0,0,0,0,0
0,0,0,0,0,0,0,0,-0.449846148829857,0,0,0,0,0,-20.6582326025698,0,0,0,0,0,0,0,0,0,-1.20523488996414,0,0,0,0,0,0,0,0,0,0,0.135968981580501,0,0,0,0,0,0,0,0,0,0,0,0,0,0,0,-0.461453642474018,0,0,0,0,0,0,0,0,0,0,0,0,0,0,0,0,0,0,0,0,0,0,0,0,0,0,0,2.26914973065169,0,0,0.306311443160416,0,0,0,0,0,0,0,0,0,0,0.754438342530318,0,0,0,0,0,0.356736513926948,0,0,0,0,0,0,0,0,-0.358099989987857,0,0,0,0,0,0,0,0,0,0,0,0,0,0,0,0,0,0,0,0,0,0,0.793960943083508,0,0,0,0,0,0,0,0,0,0,0,0,-1.97725425104429,0,0,0,0,0,0,0,0.542198407591617,0,0,0,0,0,0,0,0,0,0,1.11546752836071,0,0,0,0,0,0,0,0,0,0,0,0,0,0,0,0,0,0,0,0,0,0,0,0,0,0,0,0,0,0,0,0,0,0,0,0
0,0,0,0,0,0,0,0,0,0,0,0,0,0,-17.6415373834877,0,0,0,0,0,0,0,0,0,-0.112139070673894,0,0,0,0,0,0,0,0,0,0,0,0,0,0,0,-0.0178868476399645,0,0,-0.214058750975693,0,0,0,0,0,0,0,0,0,0,0,0,0,0,0,-0.138276963087333,0,0,0,0,0,0,0,0,0,0,0,0,0,0,0,0,0,0,0,0.211149343022464,0,0,0,0,0,0,0,0,0,0,0,0,0,0.0586091867175915,0,0,0,0,0.725196183709966,0,0,0,0,0,0,0,0,0,0,0,0,0,0,0,0,0,0,0,0,-0.323164328444914,0,0,0,0,0,0,0,0,0,0,0,-0.266598662821,0,0,0,0,0.989710961029937,-1.11347642984556,0,0,0,0,0,0,-0.997071732536679,0,0,0,0,0,0,0,0,0,0,0,0,-0.134739045320443,0,0,0,0,0,0,0,0,0,0,0.0183118501829345,-0.534227382629942,0,0,0,0,0,0,0,0,-0.135360494166965,0,0,0,0,0,0,0,0,0.319177718571677,0,0,0,0,0.306207748034861,0,0,0,0,0,0,0
0,0,0,0,0,0,0,0,0,0,0,0,0,0,0,0,0,0,0,0,0,0,0,0,0,0,0,0,0,0,0,0,0,0,0,0,0,0,0,0,0,0,0,0,0,0,0,0,0,0,0,0,0,0,0,0,0,0,0,0,0,0,0,0,0,0,0,0,0,0,0,0,0,0.0121036856980297,0,-0.0717439388785726,0,0,0,0,0,0,0,0,0,0,0,0,0,0,0,0,0,0,0,0,0,0,0,0,0,0,0,0,0,0,0,0,0,0,0,0,0,0,0,0,0,0,0,0,0,0,0,0,0,0,0,0,0,0,0,0,0,0,0,0,0,0,0,0,0,0,0,0,0,0,0,0,0,0,0,0,0,0,0,0,0,0,0,0,0,0.117768980008282,0,0,0,0,0,0,0,0,0,0,0,0,0,0,0,0,0,0,0,0,0,0,0,0,0,0,0,0,0,0,0,0,0,0,0,0,0,0
0,0,0,0,0,0,0,0,-0.481930599065417,0,0,0,0,0,-9.03058708067723,0,-0.0211370776906035,0,0,-0.173093013319661,0,0,0,0,-0.0365119630631754,0,0,-0.13983585801485,0,0,0,0,0,0,0,0,0,0,0,0,0,0,0,0,-0.478437795443979,0,0,0,0,0,0,0,0,0,0,0,0,0,0,0,0,0,0,0,0,0,0,0,0,0,-0.715386449847179,0,0,0,0,0,0,0,0,0,0,0,0,0,0,0,0,0,0,0,0,0,0,0,0.36166998981027,0,-0.895970457078269,0,0,-0.0399502239043821,0,0.474404407467643,0,0.555190147425897,0,0.691288476557615,0,0,0,0,0,0,0,0,0,0,0,0,0,0,0,0,0,0,0,0,0,0,0,0,0.474478517986247,0,0,0,0,0,0.743587986408687,0,0,0,0,0,0,0,0,0,0,0,0.734562942757759,0,0,0,0,0.575432150092319,-0.252782457969527,0,0,0,0,0,0,0.283921827611827,0.146801078964439,0,0,0,0,0,0,-0.58802948565657,0.00334510268028376,0,0,0,0,1.25806209043647,0,0,0.0870084440926595,0,0,0,0,0,0.307223175437185,0,0,0,0,0,-0.573903556390359,0,-4.44980339219907,0,0,0,0,0,0,0
0,0.0347349387759082,-0.194612368438867,0,0.430814154085569,0,0,0.779377103550927,0,0,3.78276137097383,0,0,0,-2.91243005497696,0,0,0,0,0,0,0,0,0,0,2.69911944041572,0,0,0,0,0,0,0,0,0,0,0,0,0,0,0,0.154839380853228,0,-1.27577134971199,0,0,-0.674024759107595,0.426785771248393,0,0,0,0,0,0,0,0,0.887096086247253,0,0,0,0,0,0,0,-0.173505148731288,0,0.195671228769815,0,-0.304996202447967,0,0,0,0,0,0,0,0,-0.500241763859167,0,0,-0.138098623421098,0,0,0,-0.0420992802350748,0,0.894605618261978,0,0,0,0,0,-0.834651369802029,0,0,0,0,0,-0.446606602288131,0,0,0,0,0,0,0,1.1370629857789,0,0.0292118701204125,0,0,0,0,0,0,1.63183466183374,0,1.01137379774345,0,0,0,0,0,0,0,0,-2.78099565855088,0,0,0,0,0,0,0,0,-1.13583705997278,0,0,0,0,1.98412487558491,0,0,1.25355119991854,0,0,0,-1.2470050855426,0.986055940760632,0,-0.149129388237153,0,-0.359841288938594,0,0,-0.623302780452797,0,0,0,0,0,0,1.95072401988593,-1.50785730322668,0,0,0.400298338301165,0,0,0.232445346508297,0,0,-1.00387453354666,0.806797215374394,0,1.98354710309935,0,0,0.655331933885998,0,0,0,0,0,0,0,0.32140358040906,0,0,0,0,-0.423752163563673,0,-0.407714962577048,-0.221920754244014,0,0.987382404869461,1.85211352512359,0.277459085846866,-0.546401104363745
0,0.439782269784659,0,0,0,0.647346208168282,0,0.693660890586159,0.978998303038644,0,0,0,0,0,0,-1.60439844187512,0.454220685938341,0.999761749831854,0.199393480733942,0,7.44911535340258,0.251431219209037,0,-0.77927551549589,-0.164432799089332,0,0,0,-1.30484148517943,0,-1.91988081485427,0.743442965073351,0,1.85340507016954,0,-0.305886599502865,0,0,0,0,0,0,0,0,0,0,0,0.609435540400692,0,0,0,0.757993480707137,0,0,0,0,0.719104168335674,0,0,0,0,2.83080779219798,0.226117190366607,0,1.08976105941616,0,0,0,0.0416641582104842,0,-0.579079824216995,-0.333842489730324,0,-2.48735936349267,-1.95445659452285,0,-3.90346857117872,1.1662949329321,0.117977709607927,0.825261498004694,-0.293919486077828,0,0,0,0,0,0,0,-0.503192303546079,0,0,0,-0.516398074092648,0,0,0,-0.565481304115063,0,0,0,0,0,0,3.21143387924266,0,0,-1.12305400855147,0.93806197245659,2.06528898614184,-1.14184490633089,0,0,0,-1.52994111983964,0.323355160360502,0,0,0,0,0,0.00296830793115843,0,0,0,0,0,0,0.596711505486806,1.23483890095747,0,0,0,0,0,1.49407606291746,0.38865513785033,0,0,0,-0.459217685552798,0,0,-1.18166143979066,0.914065196130464,0,0,0,-0.0980005714235228,0,0,4.07916666314038,0.210330999931411,0,0,-1.22339021053408,0,0,0,0,0,-2.254201002005,0,0,0.742047807976786,0,1.44315432752424,0,0,0,0,-0.0446889107275175,0.820889042059505,0,0,0.112486579830311,0,0,0.0160188444882334,0,-0.476452384923565,0,0,0.51824643577816,0,-1.39500653685524,0,0,0,-0.735420535927326,0.291211975828704,0,0,0,0,0,0,0,0,0,1.37313892333246
0,0,0,0,0,-0.0896356151253563,0,0,0,0,0,0,0,0,0,0,0,0,0,0,0,0,0,0,0,0,0,0,0,0,0,0,0,0,0,0,0,0,0,0,0,0,0,0,0,0,0,0,0,0,0,0,0,0,0,0,0,0,0,0,0,0,0,-0.160957874579265,0,-0.725527812446231,0,0,0,0,0,0,0,0,0,0,0,0,0,0,0,0,0,0,-0.0924928094887707,0,0,0,0,0,0,0,0,0,0,0,0,0,0,0,0,0,0,0,0,0,-5.35974429313593,0,0,0,0,0,0,0,0,0,0,0,0,0,0,0,0,0,0,0,0,0,0.0345898569594745,0,0,0,0,0,0,0,0,0,0,0,0,0,0,0,0,0,0,0,0,0,0,0,0,0,0,0,0,0,0,0,-1.36753643329584,0,0,0.400448668952152,0,0,0,0,0,0,0,0,0,0,0,0,0.143698705273489,0,0,0,0,0,0,0,0,0,0,0,0,0,0,0,0,0,0,0,0,0,0,0
0,0,0,0,0,-0.0290284481730352,0,0,0,-0.489974916911138,0,0,0,0,0,0,0,0,0,-0.154987183537702,0,0,0,0,0,0,-0.553796575713967,0,0,0,0,0,0,0,0,0,0,0,0,0,0,-0.216759323302214,0,0,0,-0.38139583777981,0,0,0,0,0,0,0,0,0,0,0,0,0,0,0,0.101802301014605,0,0,0,0,0,0,0,0,0,0,0,0,0,0,0,0,0,0,0,0,0,0,0,0,0,0,0,0.615938479423271,0,0,0,0,0,0,0,0,0,0,0,0,-0.0221452092093393,0,0,0,0,0,0,0,0,0,0,0,0,0,-0.052540735574147,-1.97587804053965,0,0,0,0,0,0,0,0,-0.756639570551525,0,0,0,0,0,0,0,0,0,0,0,0,0.26246353650672,0,0,0,0,0,0,0,0,0,0,0,0,0,0,0,0,0,0,0,0,0,0,0.1118611328944,0,0,0,0,0,-3.70604135902896,0,0,0,0,0,0.590547405058914,-1.06942994122246,0,0,0,0,0,0,0,-0.521160991264311,0,0,0,1.54357915237802,0,0,0,0,0.00536534084503004,0.32631320507248,0,0,0,-0.0725101888179203,0,0
0,0,0,0,0,0,0,0,0,-0.647035947632096,0,0,0,0,0,0,0,0,0,0,0,0,0,0,0,0,0,0,0,0,0,0,0,0,0,0,0,0,0,0,0,0,0,0,0,0.00644859024034883,0,0,0,0,0,0,0,0,0,0,0,0,0,0,0,0,0,0,0,0,0,0,0,0,0,0,0,0,0,0,0,0,0,0,0,0,0,0,0,0,0,0,0,0,0,0,0,0,0,0,0,0,0,0,0,0,0,0,0,0,-0.944838608020113,0,0,0,0,0,0,0,0,0,0,0,0,0.213760562473958,0,0,0,0,0,0,0,0,0,0,0,0,0,0,0,0,0,0,0,0,0,0,0,0,0,0,0,0,0,0,0,0,0,0,0,0,0,0,0,0,0,0,0,0.22746071878556,0,0,0,0,0,0,0,0,0,0,0,0,0,0,0,0,0,0,0,0,0,0,0,0,0,0,0,0,0,0,0,0,0,0,0,0
0,0,0,0,0,0,0,0,0,0,0,0,0,0,0,0,0,0,0,0,0,0,0,0,0,0,0,0,0,0,0,0,0,0,0,0,0,0,0,0,0,0,0,0,0,0,0,0,0,0,0,0,0,0,0,0,0,0,0,0,0,0,0,0,0,-0.470608010024993,0,0,0,0,0,0,0,0,0,0,0,0,-0.148064872438419,0,0,0,0,0,0,0,0,0,0,0,0,0,0,0,0,0,0,0,0,0,0,0,0,0.0778600286894324,0,0,0,0,0,0,0,0,0,0,0,0,0,0,0,0,0,0,0,0,0,0,0,0,0,0,0,0,0,0,0,0,0,0,0,0,0,0,0,0,0,0,0,0,0,0,0,0,0,0,0,0,0,0,0,0,0,0,0,0,0,0,0,0,0,0,0,0,0,0,0,0,0,0,0,0,0,0,0,0,0,0,0,0,0,0,0,0,0,0,0,0,0,0,0,0
0,0,0,0,0,0,0,0,0,0,0,0,0,0,0,0,0,0,0,0,0,0,0,0,-0.323981799653075,0,0,0,0,0,0,0,0,0,0,0,0,0,0,0,0,0,0,0,0,-0.185840422018207,0,0,0,0,0,0,0,0,0,0,0,0,0,0,0,0,0,0,0,0.0269323043088818,0,0,0,0,0,0,0,0,-0.0768226457896359,0,0,0,0,0,0,0,0,0,0,0,0,0,0,0,0,0,0,0,0,0,0,0,0,0,0,0,0,0,0,0,0,0,0,0,0,0,0,0,0,0,0,0,0,0,0,0,0,0,0,0,0,0,0,0,0,0,0,0,0,0,0.163262906685411,0,0,0,0,0,0,0,0,0,0,0,0,0,0,0,0,0,0,0,0,0,0,0,0.135453848160795,0,0,0,0,0,0,0,0,0,0,0,0,0,0,0,0,0,0,0,0,0,0,0,0,0,0,0,0,0,0,0,0,0,-0.0047308252942555,0,0,0,0,0
0,0,0,0,0,-0.213919446576679,-1.27704018981541,0,0.39034785609746,0,-0.436634222157718,0,0,0,0,0,0,0,0,0,0,0,-0.316990611582307,0,-0.867714456115128,0,0,0.091835652397529,0,0,0,0,0,0,0,0,0,0,0,0,0,0,0,-0.743725210414681,1.63084467704296,0,0,0,0,0,0,0,0,0,0,0.199185465667958,0,0,0,0,0,0.169927773083483,0,-0.22584615433273,0,0,0,0.125925723200864,0,0,0,0,0,0,0.514035267715903,-1.00841705201521,0,0,0,0,0,-0.0668927011587617,0,0,0,0.459442772573629,0,0,0,0,0,0,0,0,0,0,0,0,0.0708557285293159,0,0.148484425573307,0,0,0.781863224032022,0,0,0,0,0,0.203811256502271,0,-1.32210556631671,0,0,0,0,0,-0.936382829527278,0,0,0,0,0,0,0,0,0,0,-0.485652474995476,0,0,0,0.110965785299914,0,0,-0.142722684080532,0,0,0,0,-0.786484048092723,0,0,0,0,0,0,0,0,0,0,0,0.522005387370994,-0.692746262216459,0,0,0,0,0,0.498513559403235,0,0,0,-1.02599086547398,0,0,0,0,0,0,0,0,0,0,0,0,0,0,0,0,0.268775998757346,0.0589211641658796,0,-1.73369189987278,0.872159198858863,0,0.176570736937819,0,0,0,0,0,0,0,0.471732899845265,0,0,0,0,0
0,-0.209345663502327,0,-0.0168090786577382,0,0,0,0,0.46902743770095,0,0,0,0,0,0,0,0,0,0,0,-0.19356622185503,0,0,0,0,0,-0.372307432712931,0.940619077551502,0,0,0.655196624970116,0,0,0.564294103843998,0,0,0,0,0,0,0,0,0,0.955160594790407,0,0,1.37421262766675,0,0,0,0,0,-0.167384041644452,0,0.0950753109408768,0,0,0,0,0,0.268686443027303,0,0,0,-0.207453562673406,0,0,0,0,0,0,0,0,0,0,0,0,0.193034498768077,0,0,0,0,-0.958644160720503,-0.0535969731568762,0.192919239065398,0,0,0,0,0,0,0,0,0,0,0,0,0,0,2.56493209974787,0.224921575349428,0,1.18016970090683,0,0,0,0,0,0,-0.563131419998541,0,0,0,0,0,0,0,-0.0828160358377084,0,0,0,0,0,0,0,0,0.05395259636482,0,0,0,0,0,0.0874711231658378,0,0,-0.255464097740937,0,0,0,0,-0.735596479152389,0,0,0,0,0,0,0,0,0,0,0,0,-0.312080448416495,0.0574911229268937,0,0,0,0,0,0,0,0,0,0,0,0.539897195433782,0,0.516810693140538,0,0,0,0,0,0,0,-0.111922161775017,0,0,0,0,0,0,0,0,0,0,0,0,-0.215071620861332,0,0,0,0,0,0,0,0,-0.0380164108691452,2.01555220177897
0,0,0,0,0,0,0,0,0,0,0,0,0,0,0,0,0,0,0,0,0,0,0,0,0,0,0,0,0,0,-0.272161795939991,0,0,0,0,0,0,0,0,0,0,0,0,0,0,0,0,0,0,0,0,0,0,0,0,0,-0.209821841505715,0,0,0,0,0,0,0,0,0,0,0,0,0,0,0,0,0,0,0,0,0,1.0486624964396,0,0,0,0,0,0,0,0,0,0,-0.227533345838902,0,0,0,0,-0.0257281816538506,0,0,0,0,0,0,0,0,0,0,0,0,0,0,0,0,0,0,0,0,0,0,0,0,0,0,0,0,0,0,0,0,0,0,-0.0185069005754332,0,0,0,0,0,0,0,0,0,0,0,0,0,0,0,0,0,0,0,0,0,0,0,0,0,0,0,0,0,0,0,0,0,0,0,0,0,0,0,0,0,0,0,0,0,0,0,0,0,0,0,0,0,0,0,0,0,-0.00529849636249557,0,0,0,0,0,0,0,0,0,0,-0.177465697886042,0
0,0,0,0,0,0,0,0,0,-0.116144460820375,0,0,0,0,0,0,0,0,0,0,0,0,0,0,0,0,0,0,0,0,0,0,0,0,0,0,0,0,0,0,0,0,0,0.18507109350137,0,0,-0.0269987211274445,0,0,0,0,0,0,0,0,0,0,0,0,0,0,0,0,0,0,0,0,0,0,0,0,0,0,0,0,0,0,0,0,0,0,0,0,0,0,0,0,0,0,0,0,0,0,0,0,0,0,0,0,0,0,0,0,0,0,0.0133052081086646,0,0,0,0,0,0,0,0,0,0,0,0,0,0,0,0,0,0,0,0,0.00050137076722323,0,0,0,0,0,0,0,0,0,0,0,0,0,0,0,0,0,0,0,0,0,0,0,0,0,0,0,0,0,0,0,0,0,0,0,0.225098499622961,0,0,0,0,0,0,0,0,0,0,0,0,0,0,0,0,0,0,0,0,0,0,0,0,0,0,0,0,0,0,0,0,0,0,0,0,0
0,0,0,0,0,0,0,0,0,0,0,0,-0.895922295283331,-1.2601448061508,0,0,-1.01275145070933,0.189236242160932,0,0,0,0,0,0,0.0524872481726693,0,0.202601047109131,-0.138538563762491,0,0.69159199512112,0,0,-0.803396140739267,0,0,-0.200580249583101,0,0,0,-0.363864566508844,0,0,-0.383143248858255,0,0,0,0,0,0,0,0,-0.1657678167328,-0.200558719087167,0,0,0.190716949315376,1.55803126545849,0,0,0.811337019826846,0,0,0,0,0.743297403934307,0,-0.116449133000558,0,0,0,0,0,0,0,-0.363655494581618,0,0,0,0,-1.00247552152616,0,-0.483518523862205,-0.354479434702893,0,0,0,0,0,1.50063351502599,0,0,0,0,0,-0.307672306548216,0,0,0,0,-0.0757744364164119,-0.052285021020257,0,0,0,0,-0.463196863820182,0,0,0,0,0,0,0,0,0,-1.95527065725519,0,0,-2.06049957312361,0,0,-0.839055178154635,0,0,0,0,0,0,0,0.200189700920391,0,0,0,0,0,1.46352529315511,0,-0.566863891235106,0,0,0,0,0,0,0,0,0,0,0.774971479714378,0,0,0,0,-0.311617215518407,0,0.116233548849182,0,0,0,0,0.545923013691963,-0.0173365330377988,0,0,0,0,0,-0.454868243362393,0.724070592318641,0,-1.1561477010973,0.561766246201442,0,-0.813945022912254,0,0,0,1.01018443241634,0,0,0,0.0826345918558373,0,-1.13918848434967,0,0,0,0,0,0,-8.53139412620058,0,0,0,0,0,0,-0.194908832889977,0,0
0,0,0,0,0,0,0,0,0,0,0,0,0,0,0,0,0,0,0,0,0,0,0,0,0,0,0,0,-0.0974875285028958,0.171398330187692,0.258754989701598,0,0,0,0,0,0,0,0,0,0,0,0,0,0,0,0,0,0,0,0,0,0,0,0,0,0,0,0,0,0,0,0,0,0,0,-0.521991392069141,0,0.506241545047073,0,0,0,0,0,0,0,0,0,0,0,0,0,0,0,0,0,0,0,-0.129920700876151,0,0,0,0,0,0,0,0,-0.431923129659876,0,0,0,0,0,0,0,0,0,0.0778834122026661,0,0,0,0,0,0,0,0,0,0,0,0,0,0,0,0,0,0,0,0,0,0,0,0,0,0,0,0.702926696193055,0,0,0,0,0,0,0,0,0,0,0,0,0.827793563433657,0,0,0,0,0,0,0,0,0,0,0,0,0,0,0,0,0,0,0,0,0,0,0,0,0,0,0,0,0,0,0,0,0,0,0,0,1.02836892493629,0,0,0,0,-7.2280742390841,0,0,0,0,0,0,0.043730346494318,0,0
0,0,0,0,0,0,0,0,0,0,0,0,0,0,0,0,-0.587677315972552,0,0,0,0,0,0,0,0,0,0,0,0,0,0.0675132374476812,0,0,0,0,0,0,0,0,0,0,0,0,0,1.1763003518989,0,0,0,0,0,0,0,0,0,0,0,0,0,0,0,0,0,0,0,0,0,-0.346454968703308,0,1.08117766393119,0,0,0,0,-0.551618366330253,0,0,0,0,0,0,0,-0.450768519065989,0,0,0,0,0,0,-1.1516781642896,-0.0686479883357574,0,0,0,0,0,0,-0.041042454687394,-0.625027544192006,0,0,0,0,0,0,0,0.183167797436,0,0.121151448250964,0,0,0,0,0,0,0,0,0,0,0,0,0,0.175055536359157,0,0,0,0,-0.477471677064108,0,0,0,0,0,0.562628556296047,0,0,1.22229888974882,0,0,0,0.820453989673753,0,0,0,0,0,0,0,0,1.1534360387586,0.325753899828495,0,0,0,0,0,0,0,0,0,0,0,0,0,0,0,0,0,0,0,0,0,0,0,0,0,0,0,0,0,0,0,0.0998420639415123,0.0895368687132332,0,0,2.08990676973784,0,0,0,0,-12.0306267689704,0,0,0,0,0,0,0,0,0
0,0,0,0,0,0,0,0,0,0,0,0,0,0,0.242433444326444,0,0,0,0,-0.162057562336642,0,0,0,0,0,0,0,0,0,0,0.319611321259513,0,0,0.512861980508205,0,-0.345456736329102,0,0,0,0,0,0,0,0,0,0,0,0,0,-0.117834977961256,0,0,0,0,0,0,0,0,0,0,0,0,0,0,0.349634558750695,0,0,0,0.898047996150936,0,0,0,0.391246150237726,-0.205257272112144,0,0,0,0,0,0,0,0,0,0,0,0,0,0,-1.26139708880934,0,0.320670154938373,0,0,-0.127296981925053,0,0,0,-1.4552993466487,0,0,0,0,0,0,0,0,0,0.343547658304964,0,0.15029492656751,0,0.0731379622826458,0,0,-0.119402827698399,0,0,0,0,0,0,0,0,0,0,0,0,0,0,0.542224099902616,0,0,0,0,0,0.889223723645529,0,0,0,0,0,0,0,0,0,0,0,0,1.73151772576348,0,0,0,0,0,0,0,0,0,0,0,0,0,0,0,0,0,0,0,0,0,0,0,0.541304968999235,0,0,0,0,0,0,0,0,0,0,0,0,1.92291819633734,0,0,0,0,-16.5885922642431,0,0,0,0,0,0,0,0,0
-0.338572128821738,0,0,0,0,0,0,0.264391381162281,0,0,0,0,-0.130042966482547,0,0.283377011816514,-0.213222413648826,0,0,0,0,0,0,0,0,-0.493269979456235,0,0,0,0,0,0,0,0,0.591816155635611,0,-1.46083218692988,0,0,0,0,0,0,0,0,0,0,-0.266469990566084,0,0,-0.0682630205226242,0,0,0,0,0,0,0,0,0,0,0,0,0,0,0,0,0,0,1.03242042603953,0,0,0,0,-0.0243057316765964,0,0,0.0487299642179646,0,0,0,0,0,0,0,0,0,0,0,-1.51599752356605,0,0.0804620384509112,0,0,-0.456455588122357,0.0709190173184135,0,0,-0.689003477893249,0,0,0,0,0,0,0,0,0,0,0,0,0,0,0,0,0,-0.783080258622236,0,0,0,0,0,0,0,0,0,0,0,0,0,0.907045723533805,0,0,0,0,0,1.91836532557639,0,0,0,0,0,0,0,0.617598190495503,0,-0.148412112669041,0,-0.190784948389448,1.22875420163108,0,0,0,0.309636427292068,-0.162685677125245,0,0,0,0,0,0,0,0,0,0,0,0,0,0,0,0,0,0,1.81369124932961,0,0,0,0,0,0,0,0,0,0,0,0,2.05577933948895,0,0,0,0,-21.0095807157007,0,0,0,0,0,0,0,0,0
0,0,0,0,0,0.823549934448052,0.711764946145593,1.02916931671979,-1.09516045248288,0,2.24659961476732,-1.01998935550657,0,0,0,0,0,3.08673566276282,0,0,-1.7004320981087,0,0,0,0,0,-0.170800394526124,0,0,2.07001311181066,0,0,0,0,0,2.85805480248103,0,-1.91566867234467,0,0.335919177961633,0,0.379484696163632,-0.276345126576418,2.61463220415572,0,0,0,0,-0.0974396096293662,0,0,0.97920059409691,0,0,0.269238486907545,0,1.27744443268131,0,0,0.1219964411372,1.32930950280024,0,0,-0.587440179698076,0.660786674333377,3.96042317398453,2.18764606730862,0,0,0,-1.96164563667029,0,1.48882538249032,1.61818894623221,2.26641057083966,0,0,0,0,0,-0.182726268194306,1.46520985296795,0,2.34591984173612,0,0,0,0.599518930083319,0,0,0,0,0,0,0,0,0,0,-0.938744334991446,0,0,0,0,0,-0.669626326368556,3.8239371392383,0,0,-2.5298520731701,1.62051229021712,-0.366153900059312,0,-1.36801712317173,0,0,0,0,0,0,1.04569975142771,-3.34953052178139,2.28260114311218,0,0,0,0,0,0,0,0,-1.77075405573852,0,0,0,0,0.447381825294338,-4.48839438885715,0,0,0,0,0,0.868869633309809,1.15532814269056,0,0,0,0,0,0,0.571062940501823,1.05335731658966,0,0,0,0,0,0,0.900461834503497,0,0,2.22575932684801,0,0,0,0,0,0,3.51835632246743,0,0.178015134710183,-2.01957856141751,0,-0.497458026401101,-2.44461820306098,-3.21951504889498,0,0.969946744299183,2.32904058533648,0,0.654525514384325,0,0,1.45814305460829,0,0,0,0,0,0,-0.604308373798147,0,0,0,5.53489621047009,-2.45329572281054,0,0,0,0
0,0,0,0,0,0,0,0,0,-1.15910828195007,0,0,0,-0.0209253352714174,0,0,0,0,0,0,0,0,0,0,0,0,-0.766867206107913,0,0,0.298971698789366,0,0,0,0,0,0.299535438226494,0,-1.09908230472281,0,0,0,0,0,0,0,0,0,0,0,0,0,0,0,0,0,0,0,-1.19768435838384,0,0,0,0,0,0,0,0,0.115760575003744,0,0,0,0,0,0,0,0,0,0,0,0,0,0,0,0,0,0,0,0,0,0,0,0,0,0,0,0,0,0,0,0,0,0,0,0,0,0,0,0,0,0,0,0,0.198097884337768,0,0,0,0,0,0,0,0,0,0,0,0,0,0,-0.120886821461798,0,0,0,0,0,0,0,0,0,0,0,0,0,0,0,0,0,0,0,0,0.972524929378278,0,0.0679903273228608,0,0,-0.552692949853729,0,0,0,0,0,0,0,0.0292922184480495,0,0,0,0,0,0,0,0,0,0,0,0,0,0,0,0,1.17205638020706,0,0,0.985613011648263,0,0,0,0,0,0,0.0755236846764187,0,0.471800177119047,0,0,0,0,0,0,0,0,0,0
0,-1.0537242528943,-1.57440960757237,0,0,0,0,0,0,-0.244388080969235,0,0,-0.908103046156107,-0.0352664807088414,0,0,0,0,0,0,0,0,4.88679287693381,0,0,0,0,0.954995470669312,-3.12604126000534,0,0,0,0,-0.0930506860774776,0,0,-0.11188495532691,0,0,0,-0.851761772228406,0,0,-1.02976029988622,1.08559039650656,0.267717252082251,0,0,0,0,0,-0.793126325689295,-0.27115745594395,0,0,0,0,0,0,0,0,0,2.20233029027447,0,0,0,0,0,0,0,0,0,0,0,0,0,0,0,0,0,0,0,0.196668102608178,0,0.655763479683109,-0.239083770453944,0,0,0,0,0,0,0,0.810270648422489,0.0430000614272306,0,0,0,-0.260772016628298,0,-0.237675106513882,0,0,0,0,0,0,0,0.175654623517282,0,0,2.29433218453162,0,0,0,0,0,-0.35242240269198,0.830322763597522,0.0214830003811066,0,0,0,0,0,1.59169362733438,0,0,0,0.216398306271405,0,0,0,0,0,0,0,0,0,-0.618842492373016,0,0,0,0,0,0,0,0,0,0,0,0,0,0,1.08232866098247,0.212103069384969,0.291992042798842,0,0,0,0,0,0,0,0,0,0,0,0,-0.316006378389176,0,0,0,0,-3.16840646141625,0,0,1.78578115490753,0,0,0.45346680762492,0,0,0,-4.70749448993305,-0.681340869720529,0.347509388544731,0,0,-0.258597798245023,-2.14743152300143,0,0,0,0,0,0,0,-0.921586337669102,0
0,0,-1.36806297958981,0,0,0,0,0,0,0,0,0,-0.00725833100583917,0,0,0,0,0,0,0,0,0,0,0,0,0,-0.0631705634337965,0.535149069078032,0,0,0,0,0,0,0,0,0,-0.137538339903092,0,0,0,0.589456955976019,0,0,-0.117198956439587,0,1.20453072541575,0,0,0,0,0,0,0,0,0,0,0,0,0,0,0,0.481181898133041,0,0,0,0,0,0,0,0,0,0,0,0,0,0,0,0,0,0,0,0,-0.498921954930306,0,0,0,0,0,0,0,0,0,0,0,0,0,0,0,-0.0121674233693747,0,0,0,0,0,0,0,0,0,0,0,0,0,0,0,0,0,0,0,0,0,-0.151584774415368,0,0,0,0,0,0,0,0,0,0,0,0,0,0,0,0,0,0,0,0.0887949734764639,0,0,0,0,0,0,0,0,0,0,0,0,0,0,0,0,0,0,0,0,0,0,0,0,0,0,0,0,0,0,0,0,-0.302873774728156,-0.460127998883341,0,1.05231253549577,0,0,0,0,0,0,-0.423667397266052,0,0,0,0,0,-0.129272682921825,0,0,0,0,0,0,0,0,0.340395254383978
0,0,0,0,0,0,-1.1293409605433,0,0,0,0.404685427351735,0,0,0,0,0,0,0,-0.393799101098818,0,0,0,0.414941588553349,0,0,0,0,0,0,-0.59952835479935,0,-0.826700461468465,0,0,0,0.412519387039894,0,0,0,0,0,0,0,0.486674575959736,-0.134611228945765,-0.597410807424525,0,0,0,0,0,0,0,0,0,0,0,0,0,0,0,0,0.915435457704789,0,0,0,-1.20730371677993,0,0,0,0,0,0,0,0,0,0,0,0,0,0,0,-0.499206214455578,0,0,0,0,0,-0.211298130865254,-0.33922224607373,0,-0.145585516336097,0,0,0,0.228913286126718,0,0,0,0,0,0,0,0,0,0,0,0,0,0,0,0,0,0,0,0,0,0,0,1.43907117719384,0,0,0,0,0,0,0,0,0,0,0,-0.236148568972583,0,0,0,0,0.21457965328678,0,0,0.0629491774019384,0,0,0,-0.134724783941341,0,0,0,-0.991770260147513,0,0,0,0,0,0,0,0,0,0,0,0.0392156018252776,0,0,0,0,0,0,0,0,0,0,0,0,0,0,0,-1.97615369492437,0.0181266011978025,1.63715246416662,0,0,0.413347221551636,0,0,0,-0.502686809684439,0,0.307105264399587,0.270656034154502,0,0,0,0,0,0,0.10959365245877,0,0,0,0,0
0,0,0,0,0,0,0,0,-0.420180592254768,0,0,0,0,-0.168870897254697,0,0,0,0.15439940126515,0,0,0,0,0,0,0,0,0,0,0,0,0,0,0,0,0,0,-0.971885163976684,-0.166050269625676,0,0,0,0,0,0,0,0,-0.595025632167168,0,0,0,0,0,0,0,0,0,0,-0.393524314416256,0,0,0.231333426294187,0,3.18966525160778,-0.135337645520397,0,0,0,0,0,0,0,0,0,0,0,0,0,0,0,-0.752576036114601,0,0,0,0,-0.226281703217523,0,0,0,0,0,0,0,0,0,0,0,0,0,0,0,0,0,0,0,0,0,0,0,0,0,0,0,0,0,0,0,0,0,0,0,0,0,0,0,0,0,0,0,0,0,0,0.0187828126580485,0,0,0.688343069099609,0,0,0,0,-0.388723185140271,0,0,0,0,0,0,0,-0.611307368716322,0,0,0,0,0,0,0.143552907025692,0.309662593414147,0,0,0,0,0,0,0,0,0,0,0,-0.0789883912900042,0,0,0,0,0,0,0,0,0,1.20035673995712,0,0,0.137123718890066,0,0,0,-0.473387538629086,0,0,0,0,0,-0.751546046838142,0,0,0,0,0,0,0,-0.0896384364564691,0
0,0,0,0,0,0,0,0,0,-0.426420907965289,0,0,0,-0.0308417776245793,0,0,0,1.03684627349707,0,0,0,0,0,0,1.16862820140426,0,0,0.0428706600064295,0,0,0,0,0,0.520946953047435,0,0,-0.261044842718469,0,0,0,0,0,0,0,0,0,0,0,0,0,0,0.0135974112754278,0,0,0,0,-0.221688928606509,-0.526554363418594,0,0,0,0,3.52732493074519,0,0,0,0,0,0.0793490175736793,0,-0.99930198185706,0,0,0,0,0,0,0,0,0,0,0,-0.0275373972756501,0,-0.72259106146811,0,0,0.464480013462708,0,0,0,0,0,0,0,0,0,0,0,0,0,0,0,1.15473831382486,0,0,0,0,0,0,0,0.198434202144477,0,0,0,0,0,0,0,0,-1.72167581671795,0,0,0,0,0,0,0,0,0,0,0,0,0,0,0,0,0,0,-0.445322690747209,0,0,0,0,0,0,0,-1.18649260071019,0,0,0,0,0,0,0,0,0,0,0,0,0,0,0.0025169883635614,0,0,0,0,0,0.0607592050021077,0,0,0,0,0,0,-0.477524312527987,0,0.0509890304259157,0,0.0377711193707133,0,0,0,0,-1.02149866591011,0,0,0,0,0,-1.05198865816868,0,0,-0.278410316462091,0.006030334294161,0,0,0,0,0
0,0,0.73528794374689,0,0,0,0,0,0,0,0.30329415960849,0,0,0,0,0,0,0.445692620353931,0,0,0,0,0,0,-0.0114488414038785,0,1.62542420773983,0,0,0,0,0,0,0,0,0,0,0,0,0,0,0,0,0,0,0,0,0,0,0,0,0,0,0,0,0,0,0,0,0.203283590848742,0,0,0,0,-0.140660102041935,0,0,0,0,0,0,0,0,0,0,0,0,0,0,0,0,0,0,0,0,0,0,0.384875603410834,0,0,0,0,0,0,0,0,0,0,-0.103944224845433,0,0,0,0,0,0,0.0913123983240545,0,0,0,0,0,0.616908414366913,0,0,0,-0.838172864405663,0,0,0,0,0,0,0,0,0,0,0,0,0,0.0220588204679508,0,0,-2.1090102741271,0,0,0,0,0,0,0,-1.62126559009703,0,0,0,0,4.30133356221988,0,0.60509774600918,0,0.208617769529988,0,0,0,0,0.519115315110733,0,0,0,0,-0.463167554876944,0,-0.1455629405159,0,0.243382391583864,0,0,0,0,0,0,0,0,0,0,0,0,0,-0.23328619479309,0,0,0,0,0,0,0.349804045854704,0,0,0,0,0,0,0,0,0,0,0,0,0,0,0
0,0,0,0,0,0,0,0.349315762132693,0,0,0,0,0,0,0,0,0,0,0,0,0,0,0,0,0,0,1.9523714279998,0,0,0,0,0,0,0,0,-0.166884259247567,-0.308347624313083,0,0,0,0,0,0,0,0,0,0,0,0,0,0,0,0,0,0,0,0,0,0,0,0,0,0,0,0,0.0101620248510055,0,0,0,0,0,0,0,0,0,0,0,0,0,0,0.798701611118278,0,0.058597341355312,0,-0.494403078653928,0,0,0,0,0,0,1.03963400425104,0,0,0,0,0,0,0,0,0,0.0368413128657858,0,0,0,0.0409856598353591,0,0.421447261055095,0,0.0584565536886477,0,0,0,0.172343652835216,0,0,0,0,0,0.0730628466034458,0,0,0,0,0,0,0,0,0,0,0,0,-0.373640736431463,0,0,0,0,0,0,0,-0.306904858704014,0.0469311480008243,0,0,0,0.282896900507376,0,1.52177828967945,0,0,0,0,0,-0.0676403229535061,0,0,0,0,0,0,0,-0.550101704437783,0,0,0,0,0,0,0,0,0,0,0,0,0,0,0,-1.08020476103151,0,0,0,0,0,0,0,0,0,0,0,0,0,0,0,0,0,0,0,0,0,0
0,0,-0.563527872846368,0,-1.97577535636228,0,0,0,0.753174276025874,0,0,0,0,0,0,0,0,0,0,0,0,0,0,0,0,-0.402598216868319,0,0,0,0.571223601307951,0,0,0,0,0,0,0,0,0,0,0.0768041613117414,0,-0.396151500852671,0,0,0,0,0,0,0,0,0,0,0,0,0,0,0,0,0,0,0,0,0.552164131514964,0,0,0.049780189193783,0,0,0,0,0,-0.00333039038217708,0.620665934018816,0,0,0,0,0.827968283480296,0,0,0,0,0,0.593506600995734,-0.54744577369033,0,0.488860688653558,0,0,0,0,0,0,0,0,0,0,0,1.20694431293744,0,0,0,0,0,0,0,0,0,0,0,0,0,0,0,0,0,0,0,0,0,-1.27418603112487,0,0,0,0,0,0,0,0,0,0.37975731178994,0,0,0,0,0,0,0,0,0,0,0,0,0,0,0,0,0,0,0,0,-0.287215469917842,0,0,0,0,0,0,0,0,0,0,0,0,0,0,0,0,0,0,0,0,0,-0.160306605515557,1.95245522046923,0,0,0,0,0,0,0,0,0.0681648381784274,0,0,-0.173833367545667,0,0,-0.708426250849562,6.7445447569959,0,0,0,0,0,0,0,0
0,0,0,0,0,0,0.460544936340345,0,0,0,0,0,0,0,0,0,0,0,0,0,0,0,0,0,0,0,0,0,0,0,0,0,0,0,0,0,0,0,0,0,0,0,0,0,0,0,0,0,0,0,0,0,0,0,0,0,0,0,0,0,0,0,0,0.0366455541515545,0,0,0,0,0,0,0,0,0,0,0,0,0,0,0,0,0.836946445931579,0,0,0,0,0,0,0,0,0,0,0,0,0,0,0,0,0,0,0,0,0,0,0,0,0,0,0.34688577201946,0,0,0,0,0,0,0,0,0,0,0,0,0,0,0,0,0,0,0,0,0,0,0,0,0,0,0,0,0,0,0,0,0,0,0,0,0,0,0,0,0,0,0,0,0,0,0,0,0,0,0,0,0,0,0,0,0,0,0,0,0,0,0,0,0,0,0,0,0,0,0,0,0,0,0,0,0,0,0,0,0,0,0,0,0,0,0,0,0,0,0,0
0,0,0,0,0,0,0.412097809095239,0,0,0,0,0,0,0,0,0,0,0,0,0,0,0,0,0,0,0,0,0,0,0,0,0,0,0,0,0,0,0,0,0,0,0,0,0,0,0,0,0,0,0,0,0,0,0,0,0,0,0,0,0,0,0,0,0.0411823006592849,0,0,0,0,0,0,0,0,0,0,0,0,0,0,0,0,0.24929877590142,0,0,0,0,0,0,0,0,0,0,0,0,0,0,0,0,0,0,0,0,-0.0655170302059382,0,0,0,0,0,0,0,0,0,0,0,0,0,0,0,0,0,0,0,0,-0.201574296576468,0,0,0,0.2113972680478,0,0,0,0,0,0,0,-0.0300443919728275,0,0,0,0,0,0,0,0,0,0,0,0,0,0,0,0,0,0,0,0,0,0,0,0,0,0,0,-0.0913077898536334,0,0,0,0,0,0,0,0,0,0,0,0,0,0,0,0,0,0,0,0,0,0,0,0,0,0,0,0,0,0,0,0,0,0,0,0,0
0,0,0,0,0,0,0.276458757773564,0,0,0,0,0,0,0,0,0,0,0,0,0,0,0,0,0,0,0,0,0,0,0,0,0,0,0,0,0,0,0,0,0,0,0,0,0,0,0,0,0,0,0,0,0,0,0,0,0,0,0,0,0,0,-0.0413163370964023,0,0.00729392970772325,0,0,0,0,0,0,0,0,0,0,0,0,0,0,0,0,0,0,0,-0.33341342377182,0,0,0,0,0,0,0,0,0,0,0,0,0,0,0,0,0,0,0,0,0,0,0,0,0,0,0,0,0,0,0,0,0,0,0,0,0,0,-0.244718275062991,0,0,0,0,0,0,0,0,0,0,0,-0.302415615665521,0,0,0,0,0,0,0,0,0,0,0,0,0,0,-0.62589125149924,0,0,0,0,0,0,0,0,0,0,0,0,0,0,0,0,0,0,0,0,0,0,0,0,0,0,0,0,0,0,0,0,0,0,0,0,0,0,0,0,0,0,0,0,0,0,0,0,0,0
0,0,0,0,0,0,0.160652478552652,0,0,0,0,0,0,0,0,0,0,0,0,0,0,0,0,0,0,0,0,0,0,0,0,0,0,0,0,0,0,0,0,0,0,0,0,0,0,0,0,0,0,0,0,0,0,0,0,0,0,0,0,0,0,0,-0.121658596442162,0,0,0,0,0,0,0,0,0,0,0,0,0,0,0,-1.12116880418114,0,0,0,0,0,0,0,0,0,0,0,0,0,0,0,0,0,0,0,0,0,0,0,0,0,0,0,0,0.40026669592375,0,0,0,0,0,0,0,0,0,0,0,0,-0.108011469830878,0,0,0,0,0,0,0,0,0,0,0,0,0,-0.319071721704272,0,0,-0.0457837092828506,0,0,0,0,0,0,0,0,0,0,0,0,0,0,0,0,0,0,0,0,0,0,0,0,0,0,0,0,0,0,0,0,0,0,0,0,0,0,0,0,0,0,0,0,0,0,0,0,0,0,0,0,0,0,0,0,0,0,0,0.127760383423544,0,0.0595870937727581
0,0.397425687335473,0,0,0,0,0,0,0,0,0,0,0,0,0,0,0,0,0,0,0,0,0,0,0,0,0.289106957646023,0.0567387608254493,0,0,0,0,0,0,0,0,0.700959901461151,0.153825182557355,0,0,0,0,0,0,0,0,-0.361008228800263,0,0,0,0,0,0,0,0,0.330984472004315,0,0.586247092007437,0,0,0,-0.172517816146719,0,0,0,0,0,0,0,0,0,0,0,0,0.560262039352344,0,0,0,0,0,0,0,0,0,0,0,0,0,0,0,0,0,0,0,0,-0.364764466666877,0,0,0,0,0,0,0,0,0,0,0,0,0,0,0,0,0,0,0,0,0,0,0,0,0,0,0,0,0,0,0,0,0,0,0,0,0,0,-0.0654252233377117,0,0,0,0,0,-0.308268381575084,0,0,-1.7216068167988,0,0,0,0,0,0,0,0,0.0120212649723117,0,0,0,0,0,0,0,0,0,-0.369536409084047,0,0,0,0,0,0,0.101575845327346,0,0,0,0,0,0,0,0,0,0,0,0,0,0,0,0,0,0,0,0,0,0,0,0,0,0,0,0,0,0.375963112863356
0,0,0,0,1.05079846646682,0,0,0.0129269209150542,0,-0.107778446668214,-0.557126922885117,0,0,0,0,0,0,0,0,0,0,0,0,-0.446369286390584,0,0,0.397994032394939,0,-1.57058867897772,0,0.336317961639266,0,0,-0.703344799377975,0,-0.262049781365182,0,0,0,0,-0.0671948964131539,0.0648268673224848,0,0,0,0.0283838819069084,0,0,0,0,0,-4.81604939659253,0,0.209692463772781,0,0,0,0,0,0,0,0,-0.0390172740698573,0,0,0,0,0,0,0,0,0,0,0,0,0,0,0,0,0,0,0,0,-0.489932900486653,2.05375186550718,0,0.530208323700111,0,0,0,0,0,0,0,0,0,0,0,0,0,0,-0.562923545004826,0,0,0,1.30657225823289,0,0,0,0.107439813287367,0,0.401775571792645,0,0,0,0,3.45068996864138,0,0,0,0,0.598498476833937,0,0,0,0,0,0.0889553634397402,0,0,0,0,-0.393163606751535,0,0,0,0,0,0,0,0,0,0,0,0,0,0,0,0.195037092578295,0,0,0,0,0,0,0,0,0,0,0,0,0,0,0,0,0,0,0,0,0,0,0,0,0,0,0,-0.107984689961528,0,0,0,0,0,0,0,0,-0.591105264317238,0,0,0,0,0,0,-0.0390633525460411,0,0,0,0,0.219550649295216,0,-0.429276426935683
0,0,0,0,0.285564730585705,0,0,0,0,0,0.439934637347252,0,0,-0.983243850253751,0,0,0,0,0,0,0,0,0,0,0.125926578464856,0,0,0,0,0,0,0,0,0,0,0,0,0,0,0,0,0,0,0,0.962343411817855,0,-1.05333754152588,0,0,0,0,0,0,0,0,0,0,0,0,0,0,0,0,0,0,0,0,0,0,0,0,0,0,0,-0.0576287245215721,0,0,0,0,0,0,0,0,0,0,0,0,0,0,0,0,0,0,0,0,0,0,0,0,0,0,0,0,0.229346646976555,0,0,0,0,0,0,0,0,0,0,0,0,0,0,0,0,0.157987876369962,0,0,0,0,0,0,0,0,0,0,0,0,0,0,0,0,0,0,0,0,0,0,0,0,0,0,0,0,0,0,0,0,0,0,0,0,0,0,0,0,0,0,0,0,0,0,0,0,0,0,0,0,0,0,0,0,0,0,0,0,0,0,-0.288127729471419,0,0,0,0,0,0,0,0,0,0,0,0,0,0,2.81823606189887,0.555252810149243
0,0,0,0,0,0,0,0,-0.118609905483245,0,0,0,0,0,0,0,0,0,0,0,0,0,0,0,0,0,0,0,0,0,0,0,0,0,0,0,0,0,0,0,0,0,0,0,0.280639221454177,0,1.76750253124539,0,0,0,0,0,0,0,0,0,0,0,0,0,0,0,0.346012417537363,0,0,0,0,-0.39827777065867,0,0,0.128584032364417,0,0,0,0,0,0,0,0,0,0,0,0,0,0,0,0,0,0,0,0,0,-0.0386461842189414,0,0,0,0,0,0,0,0,0,0,0,0,0,0,-0.255985918658276,0,0,0,0,0,0,0,0,0,0,0,0,0,0,0,0,0,0,0,0,0,0,0,0,0,0,0,0,0,0,0,0,0,0,0,0,0,0,0,0,0,0,0,0,0,0,0,0,0,0,0,0,0,-0.0940791290955554,-0.180413746896985,0,0,0,0,0,0,0,0,0,0,0,0,0,-0.201930864788187,0,0,0,0,0,-0.136728780188425,0,0,0,0,0,0,0,0,-0.0222446549080761,0,0,0,0,0,0,0,0.0601683437858513
0,0,0,0,0,0,0,0,0,0,0,0,0,0,0,0,0,0,0,0,0,0,0,0,0,-0.353942926825901,0,0,0,0,0,0,0,0,0,0,0,0,0,0,0,0,0,0,0,0,-0.320008803382599,0,0,0,0,0,0,0,0,0,0,0,0,0,0,0,0,0,0,0,0,0,0,0,0,0,0,0,0,0,0,0,0,0,0,0,0,0,0,0,0,0,0,0,0,0,0,0,0,0,0,0,0,0,0,0,0,0,0,0,0,0,0,0,0,0,0,0,0,0,0,0,0,0,0,0,0,0,0,0,0,0,0,0,0,0,0,0,0,0,0,0,0,0,0,0,0,0,0,0,0,0,0,0,0,0,0,0,0,0,0,0,0,0,0,0,0.0220485701412334,0,0,0,0,0,0,0,0,0,0,0,0,0,0,0,0,0,0,0,0,0,0,0,0,0,0,0,0,0,0,0,0,0,0,0,0,0
0,0,0,0,0,0,-0.157805678641057,0.750296465375971,0,0.607232833778531,-0.993711200927685,0,0,0,0,0.0612403927841723,0,0,0,0,0,0,-0.592816305353401,0,0,-1.55755969789476,0,0,0.0357326159964286,-0.787356920345278,0,0,0,0,0,0,0.336920923588049,0,0,0,0,-0.0650804057852865,0,0,-0.212866790112822,0.621509682896008,0,0,0,0,0,0,0,0,-0.302096651706443,0,0,0,0,0,0,0,1.82349322090627,0,0,0,0,0,0,0,0,0.145873163507464,0.574686936814003,0,-0.445006595385248,0,0,0,0,-0.174145165677684,0,-0.863252864846937,0.811328774773132,0,0.0195532104604321,0,0,0.399756714592198,0,0,0.778009836799542,0,0,0,0,0,0,0,0,0,0,0,0,0,0,-1.31905024618023,0,0,0.0880325104088051,0,0,0,-0.688693070781206,0,0,0,0,0,0.706095832329714,0,0,0,0,0,0,-0.246151832444302,0,0,-0.704370970263507,0.181991895008706,0,0,0,0,0,0,0,-0.178113244826075,0,0,0,0.919672286080557,0.119397262041694,0,0,0,0,0,0,0,0,0,0.205079823690867,0,-0.597917556817644,0,0,0,0,-1.79805608272651,-0.0777036761915706,0,1.65348886144404,0,0,0,0,0,0,0,0,0.387054523854003,0,0.48346720100187,-0.306011986508073,0,0,0,0,0,-0.744092850432601,0,0,0,-1.4527170661229,0,0,0,0,0,0.020836404409885,0,0,0,0,0,0.199847973257694,0.0143486031371314,0,0
0,-0.337357531327459,0,0,0,0,0,0.218800147958261,0,0,0,0,0,-0.506908586991505,0,0,0,0,-1.00022555345958,0,0,0,0,0,0,0,0,0,0,-2.164932127156,0,0,0,0,0,0,5.12494056994756,0,0,0.587724260963731,0,0,0,0,0,0,0,0,0,0,0,0.12815019021765,0,0,0,0,-0.0779660512592575,0,0,0,0,0,0,0,0.0926309705942874,0,0,0,0,0,0,0,0,0,0,0,0,0,0,0.257132603300479,0,-0.939971175217866,0,0,0,0,0,0,0,0,0.00804985849124984,0,0,0,0,0,0,0,0.73969942076672,0,0,-0.608895813649891,0,0,0,0.079809787328591,0,0,0.244095521656889,0,0,0,0,-0.378608587801489,0,0.656993156140956,0,0,0,0,0,-0.42256293817983,0,0,0,0,0,-0.4158994830839,0,0,0,0,0.665166495460871,0,0.0252146811691649,-3.32019085375748,0,0,0,0.62928326750393,-0.248021017749966,-0.521276505187271,0,0.121658724293836,0,0,0,0,0,0,0,0,0,0,0,0,0,0,0,-1.11517603537253,0,0,0,0.330360054677416,0,0,0,0,0,-1.16960494322604,0.543551077468796,0,0,0,-0.188538488906122,-0.39646960443061,0,0,0,0,0,0,0,0,0,0,0,0,0,0,0,0,0,0,0,0,0,0,0,0
0,0,0,0,0,0,0,0,0,-0.228318622190707,0,0,0,0,0,0,0,0,0,-0.00347207831541763,0,0,0,0,0,0,0,0,-0.0426045236440609,-5.78878715080138,0,0,0,0.639388653757995,0,0,0,0.645406213004982,0,18.4046254562618,0,0,0,0,0,0,0,0,0,0,0,0,0,0,0,0,0,0,0,0,0.267008402426421,0,0,0,0,0,0,0,0,0,0,0,0,0,0,0,0,0,0,0,0,0,0,0,0,0,0,0,0,0,0,-0.389046836270034,0,0,0,0,0.303348035586331,0,0,0,0,0,0,0,0,0,0,0,0,0,0,0,0,0.501505664340926,0,0,0,0,0,0,0,0,0,0,0,0,0,0,0,0,0.0882382727160917,0,0,0,0.0978852233463188,0,0,0,0,0,0,0,0,0,0,0,0,0,0,0,0,0,0,0,0,0,0,0,0,0,0,0,0,0,0,0,0,-0.394685847339754,0,0,0,0,0,0,0,0,0,0,0,0,0,0,0,0,0.810464267204433,0,0.111148733237382,0,0,0,0,0,0,0,0,0,0,0,0,0
0,0,0,0,0,0,0,0,0,0,0,0,0,0,0,0,0,0,0,-0.299830743605145,0,0,0,0,0,0,0,0,0,-2.20985138483651,0,0,0,0,0,0,0,0,0,27.4289332501975,0,0,0,0,0,0,0,0,0,0,0,0,0,0,0.00842944076281826,0,0,0,0,0,0,0,0,0,0,0,0,0,0,0,0,0,0,0,0,0,0,0,0,0,0,0,0,0,0,0,0,0,0,0,0,0,0,0,0,0,0,0,0,0,0,0,0,0,0,0,0,0,0,0,0,0,0,0,0,0,0,0,0,0,0,0,0,0,0,0,0,0,0,0,0,0,0,0,0,0,0,0,0,0,0,0,0,0,0,0,0,0,0,0,0,0,0,-0.0990770246866004,0,0,0,0,0,0,0,0,0,0,0,0,0,0,0,0,0,0,0,0,0,0,0,0,0,0,0,0,0,0.0483815939250771,0,0,0,0,0,0,0,0,0,0,0,0,0,0,0,0
0,0,0,0,0,0,0,0,0,0,0,0,0,0,0,0,0,0,0,0,0,0,0,0,0,0,0,0,0,-0.270836511282533,0,0,0,0,0,0,1.51346670881797,0,0,26.6693476578785,0,0,0,0,0,0,0,0,0,0,0,0,0,0,0,0,0,0,0,0,0,0,0,0,0,0,0,0,0,0,0,0,0,0,0,0,0,0,0,0,0,0,0,0,0,0,0,0,0,0,0,0,0,0,0,0,0,0,0,0,0,0,0,0,0,0,0,0,0,0,0,0,0,0,0,0,0,0,0,0,0,0,0,0,0,0,0,0,0,0,0,0,0,0,0,0,0,0,0,0,0,0,0,0,0,0,0,0,0.0853280157432428,0,0,0,0,0,0,0,0,0,0,0,0,0,0,0,0,0,0,0,0,0,0,0,0,0,0,0,0,0,0,0,0,0,0,0,0,0,0,0,0,0,0,0,0,0,0,0,0,0,0,0
0,0,0,0,0,0,0,0,0,0,0,0,0,0,0,0,0,0,0,0,0,0,0,0,0,0,0,0,0.0652457067751355,0,0,0,0,0,0,0,3.21018548493535,0,0,21.6275423541951,0,0,0,0,0,0,0,0,0,0,0,0,0,0,0,-0.0848613914891687,0,0,-0.245153813888715,0,0,0,0,0,0,0,0,0,0,0,0,0,0,0,0,0,0,0,0,0,0,0,0,0,0,0,0,0,0,0,0,0,0,0,0,0,0,0,0,0,0,0,0,0,0,0,0,0,0,0,0,0,0,0,0,0,0,0,-0.090968807149421,0,0,0,0,0,0,0,0,0,0,0,0,0,0,0,0,0,0,0,0,0.0358737976449137,0,-0.201899986085232,0,0,0,0,0,0,0,0,0,0,0,0,0,0,0,0,0,0,0,0,0,0,0,0,0,0,0,-0.0549809788896076,0,0,0,0,0,0,0,0,0,-0.456039147346768,0,0,0,0,0,0,0,0,0,0,0,0,0,0,-0.358487179204041,0,0,0,0,0
0,0,0,0,0,0.155217238028333,0,0,0,0,0,0,0,-0.00734293909158978,0,0,0,0,0,0,0,0,0,0,0,0,0,0,0,-0.460365500907137,0,0,0,0,0,0,8.33981500208146,0,0,0.768759409673268,0,0,0,0,0,0,0,0,0,0,0,0,0,0,-0.41339474265359,0,0,0,0,0,0,0,0,0,0,0,0,0,0,0,0,0,1.16292092935044,0,0,0,0,0,-0.954831908157771,0,0,-0.160736921784222,0,0,0,0,-0.906943283114296,0,0,0,0,0,0,0,0,0,1.36701992568743,0,0,0,0,0,0,0,0,0,0,0,0,0,0,0,0,0,-0.520316022095209,0,0,0,0,0,0,0,0,0,0,0,0,0,0,0,0,0,0,0,0,0,0,0,0,0.926782386953335,0,-2.8617664940562,0,0,0,0,0,0,0,0,0,0,0,0,0,0,0,0,0,-0.595831697979469,0,0,0,0,0,0,0,0,0,-0.597976988895888,0,0,0,0,0.896788146008836,0,0,0,0,0,0,0,0,0,0,0,0,0,0,0,0,0,0,0,0,0,0,0,0,0
0,0,0,0,0,0,0,0,0,0,0,0,0,-0.672325166782829,0,0,0,0,0,0,0,0,0,0,0,0,0,0,0,0,0,0,0,0,0,0,9.0029586897699,0,0,0.0330967694944615,0,0,0,0,0,0,0,0,-0.130451693042427,0,0,-0.0584098032973757,0,0,-0.775386100833094,-0.110228919374421,0,0,0,0,0,0,0,0,0,0,0,0,0,0,0,0,0.212794415772183,0.509024615973176,0,0,0,0,0,0,0,0,0,-0.0791810130214552,0,0,0,0,0,0,0,0,0,0,0,0,0.961550935967732,0,0,0.0834265091810051,0,0,0,0,0,0,0,0,0,0,0,0,0,0.180131154269736,-0.325502115461097,0,0,0,0,0,0,0,0,0,0,0,0,0,0,0,0,0,0,0,-0.994896239408971,0,0,0,0,0,0,-4.32152184432825,0,0,0,0,0,0,-0.122854604937517,0,0,0,0,0,0,0,0,0,0,-0.203245439419856,0,0,0,0,0,0,0,0,0,-0.418793973955773,0,0,0,0,1.37839134653004,0,0,0.0032694848783863,0,0,0,0,0,0,0,0,0,0,0,0,0,0,0,0,0,0,0,0.346365228780606,0,0
0,0,0,0,0,0.183965511516102,0,0,0,0,0,0,0.210797688259873,-0.737210332114781,0,0,0,0,0,0,0,0,0,0,0,0,0,0,0,0,0,0,0,0,0,0,9.91258701025719,-0.335553797645288,0,0,0,-0.475801044537821,0,0,0,0,0,0,-0.420991516854399,0,0,-0.160381477456125,0,0,-0.264732135724824,0,0,0,0,0,0,0,0,0,0,0,0,0,0,0,0,0,0.181852044938403,0.222184730104409,0,0,0,0,0,0,0,0,0,0,0,0,0,0,0,0,0,0,0,0,0,0,0.960339689096478,0,0,0,0,0.363748689994028,0,0,0,0,0,0,0.0201590445278397,0,0,0.228527137423003,0,0,0,0.207901901946811,0,0,0,0.194876773050037,0,0,0,0,0,0,0,0,0,0,0,0,0,0,-0.971286997227096,0,0,0,0,0,0,-4.58105612652853,0,0,0,0,0,0,0,0,0,0,0,0,0,0,0,0,0,-0.0808367685726181,0,0,0,0,0,0,0,0,0,-0.808552239199362,0,0,0,0,0,0,0,0.0728194434251688,0,0,0,0,0,0,0,0,0,0,0,0,0,0,0,0.166269079260083,0,0,0,0,0,0
0,0,0,0,0,0.0481215808413999,0,0,0,0,0,0,0,-0.933465316677,0,0,0,0,0,0,0,0,0,0,0,0,0,0,0,0,0,0,0,0,0,0,9.52766406604894,0,0,0,0,-0.146113296152587,0,0,0,0,0,0,-0.507050873567022,0,0,-0.163558074147221,0,0,0,0,0,0,0,0,0,0,0,0,0,0,0,0,0,0,0,0,0.102218062442006,0.139506192615496,0,0,0,0,0,0,0,0,0,0,0,0,0,0,0,0,0,-0.0805919752844606,0,0,0,0,0.839026451650472,0,0,0,0,0.815867142291649,0,0,0,0,0,0,0.0697200210063234,0,0,0,0,0.662949359755454,-0.383840740245659,0.0295712935845258,0,0,0,0.378053546739608,0,0,0,0,0,0,0,0,0,0,0,0,0,0,-1.35880865832396,0,0,0,0,0,0,-4.67584395889491,0,0,0,0,0,0,0,0,0,0,0,0,0,0,0,0,0,0,0,0,0,0,0,0,0,0,0,-0.954336669902867,0,0,0,0,0,0,0,0.74395784165128,0,0,0,0,0,0,0,0.54756215456105,0,-0.571735795290004,0,0,0,0,0,0,0,0,0,0,0,0
0,0,0,0,0,0,0,0,0,0,0,0,0,0,0,0,0,0,0,0,0,0,0,0,-0.0102512281549558,0,0,0,0,0,0,0,0,0,0,0,0,0,0,0,0,0,0,0,0,0,0,0,0,0,0,0,0,0,0,0,0,0,0,0,0,0,0,0,0,0,0,0,0,0,0,0,0,0,0.0972192569656682,0,0,0,0,0,0,0,0,0,0,-0.0128446532313213,0,0,0,0,0,0.477752723901951,0,0,0,0,0,0,0,0,0,0,0,0,0,0,0,0,0,0,0,0,0,0,0,0,0,0,0,0,0,0,0,0,0,0,0,0,0,0,0,0,0,0,0,0,0,0,0,0,0,0,0,0.225848485777153,0,0,0,0,0,0,0,0,-0.158512942459315,-0.0277760044991491,0,0,0,0,0,0,0,0,0,0,0,0,0,0,0,0,0,0,0,0,0,0,0,0,0,0,0,0,0,0,0,0,0,0,0,0,0,0,0,0,0,0,0,0,0,0
0,0,0,0,0,0,0,0,0,0,0,0,0,0,0,0,0,0,0,0,0,0,0,0,0,0,0,0,0,0,-0.270338113443908,0,0,0,0,0,0,0,0,0,0,0.157917424415908,0,0,0,0,-1.29132290011456,0,0,0,0,0,0,0,0,0,0,0,0,0,0,0,0.195887613460224,0,0,0,0,0,0,0,0,0,0,0,0,0,0,0,0,0,0,0,0,0,0,0,0,0,0,0,0,0,0,0,0,0,0,0,0,0,0,0,0,0,0,0,0,0,0,0,0,0,0,0,0,0,0,0,0,0,0,-0.0820819828865151,0,0,0,0,0,0,0,0,0,0,0,0,0,0,0,0,0,0,0,0,0,0,0,0,0,0,0,0,0,0,0,0,0,0,0,0,0,0,0,0,0,0,0,0,0,0,0,0,0,0,0,0,0,0,0,0,0,0,0,0,0,0,0,0,0,0,0,0,0,0,0,0,0,0,0,0,0,0.0842339860563688
0,0,0,0,0,0,0,0,0,0,0,0,0,0,0,0,0,0,0,0,0,0,0,0,0,0,0,0,0,0,0,0,0,0,0,0,0,0,0,0,0,0,0,0,0,0,0,0,0,0,0,0,0,0,0,0,0,0,0,0,0,0,0,0,0,0,0,0,0,0,0,0,0,0,0,0,0,0,0,0,0,0,0,0,0,0,0,0,0,0,0,0,0,0,0,0,0,0,0,0,0,0,0,0,0,0,0,0,0,0,0,0,0,0,0,0,0,0,0,0,0,0,0,0,0,0,-0.0515186395256984,0,0,0,0,0,0,0,0,0,0,0,0,0,0,0,0,0,0,0,0,0,0,0,0,0,0,0,0,0,0,0,0,0,0,0,0,0,0,0,0.206271277151425,0,0,0,0,0,0,0,0,0,0,0,0,0,0,0,0,0,0,0,0,0,0,0,0,0,0,0,0,0,0,0,0,0
0,0,0.446665163691622,0,0,0.543225505077051,0,0,0,0,0,0,0,0,0,0,0,-0.418551464089002,0,0,0,0,0,0,0,0,-0.0764969520863883,0.636055436971373,0,4.10061788757687,0.175833325851756,0,0,0,0,0,0,0,0,0,-0.898103968876235,0,0,0,0,0,0,0,0,0,0,3.90116021564258,0,0,0,0,0,0,0.21777563812766,0,0,1.14509799399663,0,0.857809096144667,0,0,0,0,0,0,0.758708863416112,0.0796032358409642,0,0,0.311616537563603,0,0,-3.02189173960726,1.39316115992384,0,0,1.90110965417213,0,0,0,0,0,0,0,0,0,0,0,0,0,0,0,1.06268794762879,-0.568148327042915,0,-1.6100623792631,0,0,0,0,0,0,0,0.0564284871005709,0,0,0.382617246932508,-1.00384565940525,-1.72991483554556,0,0,0,0,0,0,-0.494761264847712,-1.11318440542349,-2.06258602884028,0,0,0,0,0,-0.273459539542963,0,0,0,0,0,0,1.40246189382291,3.45974011574237,-0.769717290418308,0,0,0,1.77535477343583,0,0,0,0,0,0,0.410970265742656,-0.518685619869233,0,0,0,-0.145334388155041,0,-0.0716085312920891,0,0,0,0.69138805166115,0,0,-1.02257607801385,0,0,0,0.623973507467404,0,0,0,0,0,0,0,0,0,0,0,0,-0.108087508446932,0.150570891377302,0,0,0,0,0,0,0.45186822205351,0,0,0,0,0,0.354395312580545,0,0,0,0,0,0
0,0,0,0,0,0.953026953169776,0,0,0,0,0,0,0,0,0,0.0496355415041347,0,0,0,0,0,0,0,0,0,0,0,0,0,4.01099247937768,0,-0.159564452138054,0,0,0,0,0,0,0,0,-2.14646686647867,0,0,0,0,0.112506389005646,0,0,0,0,0,3.6321159666028,0,0,0,0,0,0,1.78500532504987,0,0,0,-0.0610952437103789,0,0,0,0,0,0,0,0.645187172596517,0.393625161398147,0,0,1.42713839714619,0,0,-1.85116834073927,0.551441890596697,0,0,2.57479777053831,0,0.0341352283187084,0,0,0,0,0,0,0,0,0,0,0,0,0,0,0,0,-0.581947114630359,0,0,0,0,0,0,0,0.176188817901103,0,0,0,0,-21.1681208987852,0,0,0,0,0.744088260893183,0,0,0,-0.364642370784609,0,0,0,0,0,0,0,0,0,0,0,0,0,3.35522412527026,-0.587911915901061,0,0,0.33307153177392,2.70192556152189,0,0,0,0,0,0,0,-0.761567352506845,0,0,0,-0.705058307029603,0,-0.401927759854338,0,0,0,0,0,0,-0.424989979173235,0,0,0.19978150577609,0,0,0,0,0,0,0,0,0,0,0,0,-0.602096147042992,0,0,0,0,0,0.811293896015916,0,0.0339640163776387,0,0,0,0,0,0,0.288725037333973,0.0952195653184222,0,0,0,0,0
0,0,0,0,0,0.374879251007767,0,0,0,0,0,0,0,0,0,0,0,0,0,0.0896072255175522,0,0,0,0,0,0,0,0.604254215506928,0,1.38385601324001,0,0,0,0,0,0,-0.0333981883854091,0,0,0,-0.518674932696223,0,0,0,0,-0.232000928155613,0,0,0,0,0,2.12693762846466,0,0,0,0,0,2.70057864705656,0.500221380154185,0,0,0,0,1.5074677719418,0,0,0,0,-0.00118366829950456,0,0,0,0,0,0,0,0,-1.45821528411779,5.34170206679701,-0.194061381227221,0,0.555934669718791,0,0.580292336029446,0,0,0,0,0,0,0,0,0,0,0,0,0,0.313166434448919,-0.191999351491319,0,-0.067861325149648,0,0,0,0,0.573633218444046,0,0,0,0,0,0,0,-5.15064678873648,0,0,0,0,0,0.24280051685033,0,0,0,0,0,0,0,0,0,0,0.210678652481738,0,0,0,0,1.22342107745807,3.75891002025327,-0.992789844493025,0,0,0,1.0307283794155,0,0,0,0,0,0,0,0,0.0818665363528035,0,0.103080063672537,0,0,0,0,0,0,0,0,0,0,0,0,0,0,0,0,0,0,0,-0.239389991186654,0,0,0,0,0.275402776425106,0,0,0.122061918898994,0,0,0,0,0,0,-0.0947236750454428,0,0,0,0,0,0,1.09089869134004,0,0,0,0,0.0679762348973105
0,0,0,0,0,0,0,0.134420339978436,0,0,0,0,0,0,0,0,0,0,0,0,0,0,0,0,0,0,0,0,0,-0.0802675786162852,0,0,0,0,0,0,0,0,0,0,0,0,0,0,0,0,0,0,0,0,0,0,0,0,0,0,0,0,0,0,0,0,0,0,0,0,0,0,0,0,0,0,0,0,0,-0.856493475298402,0,0,0,0,0,0,0,0,0,0,0,0,0,0,0,0,0,0,0,0,0,0,0,0,0,0,0,0,0,0,0,0,0,0,0,0,0,0,0,-0.093999313913774,0,-2.17349057882312,0,0,0,0,0,0,0,0,0,0,0,-0.0960504720715305,0,0,0,0,0,0,0,0,0,0,0,0,0,0.195168321408367,0,0,0,-0.016938985410369,0,0,0,0,0,0,0,0,0,0,0,0,-0.0856003424451697,0,0,0,0,0,0,0,-0.147086582796876,0,0,0,0,0,0,0,0,0,0,0,0,0,0,0,0,0,0,0,0,0,0,0,0,0,0,0,0,0,0,0
0,0,0,0,0,0,0,0,0,0,0,0,0,0,0,0,0,0,0,0,0,0,0,0,0,0,0,0,0,0,0,0,0,0,0,0,0,0,0,0,0,0,0,0,0,0,0,0,0,0,0,0,0,0,0,0,0,0,0,0,0,0,-0.0121921631339059,0,0,-0.365429323045493,0,0,0,0,0,0,0,0,0,-0.740619283014635,0,0,0,0,0,0,0,0,0,0,0,0,0,0,0,0.166206177670214,0,0,0,0,0,0,0,0.546007418276981,0,0,0,0,0,0,0,0,0,0,0,0,0,0,0,0,0,-1.74443464359346,0,0,0,0,0,0,0,0,0,0,0,0,0,0,0,0,0,0,0,0,0,0,0,0,0,0,0,0,0,0,0,0,0,0,0,0,0,0,0,0,0,0,0,0,0,0,0,0,0,0,0,0,0,0,0,0,0,0,0,0,0,0,0,0,0,0,0.140828671021699,0,0,0,0,0,0,0,0,0,0,0,0,0,0,0
0,0,0,0,0,0,0,0,0,0,0,0,0,0,0,0,0,0,0,0,0,0,0,0,0,0,0,0,0,0,0,0,0,0,0,0,0,0,0,0,0,0,0,0,0,0,0,0,0,0,0,0.173475433598864,0,0,0,0,0,0,0,0,0,0,0,0,0.12316528776583,0,0,0,0,0,0,0,-0.0170348628221888,0,-0.26052163336953,-0.442970598917142,0,0,0,0,0,0,0,0.164073786819665,0,0,0,0,0,-0.368649556249254,0,0,0,0,0,0,0,0,0,1.44898046418306,0,0,0,0,0,0,0,0,0,0,0,0,0,0,0,0,0,-0.325050053679822,0,0,0,0,0.298554394614222,0,0,0,0,0,0,-0.422050711240371,0,0,0,0,0,0,0,0,0,0,0,0,0,0,0,0,0,0,0,0,0,0,0,0,0,0,0,0,0,0,0,0,0,0,0,0,0,0,0,0,0,0,0,0,0,0,0,0,0,0.114221200135971,0,0,0,0,0,0,0,0,0,0,0,0,0,0,0,0,0,0.294647315865682,0,0
0,0,0,0,0,0,0,0,0,0,0,0,0,0,0,0,0,0,0,0,0,0,0,0,0,0,0.220856938427679,0,0,0,0,0,0,0,0,0,0,0,0,0,0,0,0,0,0,0,0,0,0,0,0,0,0,0,0,0,0.168375391991398,0,0,0,0,-0.20785247192279,0,0,0,0,0,0,0,0,0,0,0,0,0,-0.835235083324128,0,0,-0.909665066688358,0,0.332422712241924,0,0,0,0,0,0,0,0,-0.133187248649186,0,0,0,0,0,0,0,0,0,0,0,0,0,0,0,0,0,0,0,0,0,0,0,0,0,0,0,0,0,0,0,0,0,0,0,0,0,0,0,0,0,0.125161165926579,0,0,0,0,0,0,0,0,0,0,0,0,0,0,0,0,0,0,0,0,0,0,0,0,0,0,0,0,0,-0.0465213559061171,0,0,0,0,0,0,0,0,0,0,0,0,0,0,0,0,0,0,0,0,0,0,0,0,0,0,0,0,0,0,0,0,0,0,0,0.320328180222751,0,0
0,0,0,0,0,0,0,0,0,0,0,0,0,0,0,0,0,0,0,0,0,0,0,0,0,0,0,0,0,0,0,0,0,0,0,0,0,0,0,0,0,0,0,0,0,0,0,0,0,0,0,0,0,0,0,-0.47812528334409,0,0,0,0,0,0,0,0,0,0,0,0,0,0,0,0,0,0,0,-0.590278957063339,0,0,0,0,0,0,0,0,0,0,0,0,0,0,0,0,0,0,0,0,0,0,0,-0.16605957327517,0,0,0,0,0,0,0,0,0,0,0,0,0,0,0,0,0,0,0,0,0,0,0,0,0,0,0,0,0,0,0,0,0,0,0,0,0,0,0,0,0,0,0,0,0,0,0,0,0,0,0,0,0,0,0,-0.378854671519631,0,0,0,0,0,0,0,0,0,0,0,0,0,0,0,0,0,0,0,0,0,0,0,0,0,0,0,0,0,0,0,-0.0197976879397392,0,0,0,0,0,0,0,0,0,0.258199666946018,0,0
0,0,0,0,0,0,0,0,0,0,0,0,0.0290379293462713,0,0,0,0,0,0,0,0,0,0,0,0,0,0,0,0,0,0,0,0,0,0,0,0,0,0,0,0,0,0,0,0,0.553062730585019,0,0,0,0,0,0,0,0,0,-0.666448221904725,-0.291639602308892,0,0,0,0,0,0,0,0,0,0,0,0,0,0,0,0,0,0,-1.02604339418936,0,0,0,0,0,0,0,0,0,0,0,0,0,0,0,0,0,0,0,0,0,0,0,-2.87387664102644,0,0,0,0,0,0,0,0,0,0,0,0,0,0,0,0,0,0.00387352723425138,0,0,0,0,0,0,0,0,0,0,0,0,0,0.300101900311946,0,0,-0.895213441656136,0,0,0,0,0,0,0,0,0,0,0,0,0,0,0,0,0,0,0,0,0,0,0,0,0,0,0,0,0,0,0,0,0,-0.136185557242376,0,0,0,0,0,0,0,0,0,0,0,0,0,0,0,1.22838778904217,0,0,0.441566246550414,0,0,0,0,0,0,0,0,0,0,0,0
0,0,0,0,0,0,0,0,0,0,0,0,0,0,0,0,0,0,0,0,0,0,0,0,0,0,0.613908625651988,0,0,0,0,0,0,0,0,0,0,0,0,0,0,0,0,0,0,0.496578900855114,0,0,0,0,0,0,0,0,0,-0.843280397421042,0,0,0,0,0,0,0,0,0,-0.551530800960118,0,0,0,0,0,0,0,0,0,-0.428054086058562,0,0,-0.160167037777885,0,0,0,0,0,0,0,0,0,0,0,0,0,0,0,0,0,0,0,0,-0.704699702448109,0,0,0,0,0,0,0,0,0,0,0,0,0,0,0.196589392074869,0,0,0,0,0,0,0,0,0,0,0,0,0,0,0,0,0,0,0,0,0,0,0,0,0,0,0,0,0,0,0,0,-0.0394364853492375,0,0,0,0,0,0,0,0,0,0,0,0,0,-0.441424022431252,0,0,0,0,0,0,0,0,0,0,0,0,0,0,0,0,0,0,0,0,0,0,0.0283601203017629,0,0,0,0,0,0,0,0,0,0,0,0,0,0,0
0,0,0,0,-1.73323913859031,0.0841877721377458,0,0,0,0,0,-0.157345723365543,0,0.0627989006946075,-0.613135312571368,0,0,0,0,0,0,0,0,0,0,0,0,0,-0.0268487338570393,0,0,0.768821220872941,1.91681812172271,0,0,-1.23246909898442,0.646812114118366,0.293967074691182,0,0,0,0,0,0.0604168424036697,-0.61363177331948,0,0,0,0,0,0,0,0,5.32628576115305,0,0,0,0,0,0,0,0.00944309537261878,0.596920400422451,-2.11866376409732,0,-1.03005492448585,0,0,0,-0.0419673183128344,-0.134522342686181,-1.8460972518074,0,0,0,-0.0980946377705159,0,0,0,0,0,0,0,0,0,0,0.0169174026477881,0,0,0,0,-1.5314982868704,-2.13772857812866,0,0,0,0,0,2.17302729483827,0.214451912095933,0,0.202003493021692,0,0,0,0,0,-3.68395288101554,0.0999780111368707,0,0,0,0,-0.70313919582139,0,0,0,-0.545704676039602,0,0,0,0,0,-0.378627243626483,0,0,-0.588825659619285,0,0.850046449612706,0,0,0,0,0,0,-5.12451037964814,3.95345419010081,0,0,0,0,0,0,0,0,0,0,0,0,-0.913480239593769,0.0736387160352516,0,0,-0.119975566016851,-0.672868026811438,0,0,0,0.599914263863027,0,-2.68046719299453,0.680385933574941,0,1.30090430865792,0,0,0,0,0,0,0.195856117842498,0,1.0432836890314,0,-0.396719897135836,0.702929751881344,0,1.94852000395184,0,0,0.307282364289591,0,0,0,0,0,0,0,0,0,0.111977907817038,0,0,0,0,0,2.2548621673999,-1.455999295557,0,0
0,0,0,0,-0.896044246462635,0.514339425878406,0,0,0,0,0,0,0,0,-0.0873338113871014,0,0,0,0,0,0,0,0,0,0,0,0,0,0,0.00856487576035803,0,0.402213287944533,0.884565427416693,0,0,-0.800110146748642,1.18998932119548,0,0,0,0,0,0,0,0,0,0,0,0,0,0,0,0,4.01722035500052,0,0,0,0,0,0,0,0,0.217372923945073,-1.78293992817355,0,0,0,0,0,0,0,-0.941077027388642,0,0,0,-0.299120601349457,0,0,1.77774721689992,0,0,0,0.451170500017141,0,0,0,0,0,0,0,0,-0.225453010960714,-1.36739597768043,0,0,0,0,0,1.49146792313701,0.244164796176299,0,0,0,0,0,0,0,-2.24038171342063,0,0,0,0,0,0,0,-0.368806873838514,0,0,0,0,0,0,0,-0.192597876093368,0,0,0,0,0.26062421806766,0,-0.275882915113795,0,0,0,0,-3.72046056218923,1.76230930014509,0,0,-0.882268604815974,0,0,0,0,0,0,0,0,0,0,0,0,0,0,-0.919622595321026,0,0,0,0,0,-2.73810262407178,0.415390448285473,0,0.557884097748652,0,0,0.772610962161953,0,0,0,0,0,0.720448892349557,-0.726022988472494,0,0.341852586585583,0,0.66342148672774,0,0.0615010137984509,0.725078448216413,0,0,0,0,0,0,0,0,0,0,0,0,0,0,0,1.17225019078385,-0.738800422124152,0,0
0,0,0,0,0.283848419482168,0,0,0,0,0.474410909683068,0,0,0,0,0,0,0,0,0,0,0,0,0,0,0,0,0,0,0,0,0,0,0,0,0,-0.458908472883985,0,0,0,0,0,0,0,0,0,0,0,0,0,0,0,0,0,0,0,0,0,0,0,0,0,0,0,0,0,0,0,0,0,0,0,0,0,0,0,0.126515202948157,0,0,0,0,0,0,0,0,0,0.406250581760328,0,0,0,0,0,0,0,0,0,0,0,0,0,0,0,0,0,0,0,0,0,0,0,0,0,0,0,0,0,0,0,0.148879923497357,0,0,0,0,0,0,0,0,0,0,-0.168368337822937,0,0,0,0,0,0,0,0,0,0,0,0.0422559065536261,0,0,0,0,0,0,0,0,0,0,0,0,0,0,0,0,0,0,0,0,0,-0.0713116090781338,0,0,0,0,0,0,0,0,0,0,0,0,0,0,0,0,0,0,0,0,0,0,0,0,0,0,0,0,0,0,0,0,0,0,0,0,0
0,0,-0.0732627942631761,0,0,0,0,0,0,0,0,0.758623604869077,0,0,0,0,0,0,0,-1.00664823523804,0,0,0,0,0.0837503326752156,0,0,0,-0.302198875294386,0,0,0,0,0,0,-0.173981375806821,0.558262007129669,0,0,0,0,0,0,0,0,0,0,0,0,0,-0.17862315387638,0,0,-0.335695996368235,0,0,-0.660281788736951,0,0,0,0,0,0,1.37744976381991,0.725913404250838,0.0459686295939901,0,0,0,0,0,0.194308042285486,0,-0.300383391989713,0,0.885563457825258,0,0,0,0.931391007648438,-0.825312432349606,0.15025545650644,0.969307248942953,0,0,0.425049726782732,0,0,0,-0.00364886282687915,0.29847941543263,0,0,0,0.600616392816715,0,0,0,0,0,-1.41844461514391,0,0,0,0,0,0,0,0,0,0,0,0,0,0,0.769587239991699,0,0,0,2.36559495039951,0,0,0,0,0,0,0,0,0,0,-0.0127482325714403,0,0,0,0,0,0,1.72801721365224,0,0,0,0,0,0,0,5.06391242290509,0,0,0,0.447908075999576,0.110592085916508,0,0,0,0,0,0.278810618955463,0,0,0,0,0.341745375804923,0,0,0,0,0,0,0.0589166971128976,0,0,0,0,0,0,0,0,0,0,0,0,0,0,-1.97215417831139,-0.00832097760701012,0,0,0,0,-1.15589776696607,0,0,0,0.762810154886022,0,0,0.20640104060032,0,0,0.387369415536468
0,0,0,0,0,0,0,0,0,0,0,0,0,0,0.604592284268252,0,0,0,0,0,0,0,0,0,-0.594430608996081,0,0.524084818294033,0,0,0,0,0,0,0,0,0,0,0,0,0,0,0,-0.0969704807024618,0,0,0.6512089315361,0,0,0,0,0,0,0,0,0,0,0,-0.714905779645096,0,0,0.300120710226657,0,0,-0.325376165174538,0,0,0,0,0,0,0,-1.74719418899591,0,0.219078940044555,0.305382674209715,0,0,0.835364514198091,0,0,0,0,0,-0.107263055562917,-0.412362555319602,0,0,0,0.284113272899375,0,0,0,0,0,0,0,0,0,0,0,0.338428730058011,0,0,0,0,0.740012314438955,0,0,0,0,0,0,0,0,0,1.02588732030735,0,0,0,0,0,0,-0.915917588558734,0,0,0,0,0,0,0.651315493481838,0,0,0,0,0,0,0,0,0,0,-0.618743292329772,0,0,0,0,0,0,0.484045180970203,0,-0.956376489058201,0,0,0,0,0,0,0,0,0,0,-1.37944344826004,0,0,0,0,0,0,0,0,0.437948293960265,0,0,0,0,-0.0143580719176841,0,0,0,0,0,0,0,0,0,0,0,0,0,0,-0.0157622544393181,0,0,0,0,0,0,0,0,0,-0.454435269299439
1.17458265051504,0,0.0149650618301145,0,0.256248767189051,0,0,0,0,0,0,0,0,0,0,0,0,0,0,-0.311899225697501,0,0,0,0,0,0,0,0,0,0,0,0,-0.37735296723484,0,0,0,1.25584997665827,0,0,0,0,0,0,0,0.622824641442448,0,0,0,0,0,0,0,0,0,0,0,0,0,0,0,0,0,0,0,0,0,-0.0366120344247864,0,0,0,0,0,0,0,0,0,-0.12411199665299,-0.682479388610607,0,0,0,0,0,0,0,0,0,0,0,0.229657791643336,0,0,0,0,0,0,0,0,0,0,0,0,0,0,0,0,0.166358658816919,0,0,0,0,0.399582607860547,0,0.468329488179632,0,-0.0575193340759625,0,0,0,0,0.447955807039183,0,-0.105357035350155,0,0,0,0,0,0,0,0,-0.51568164201642,0,0,0,0,0,0,0,-1.17539568851041,0,0.618633880087717,0,0,0,0,0,0.199749827011882,0,0,-0.579304684570907,0,0,0,0,0,0,0,0,0,-2.09669003162598,0,0,-0.655659240133217,0,0,0,0,0,0,0,0,0,0,0,0,0,0,0,0,0,2.05335291614957,0,0,0,0,0,0,0,0,0,0,0,0,0,0,0,0,0,0
0,0,2.0348301237,0,0,0,0,0,0,0,0,0,0,0,-0.3550846430041,0,0,0,0,0,0,0,0,0,0,0,0,0,0,0,0,0,0,0,0,0.0957098469114699,0,0,0,0,0,0,0,0,0,0,0,0,0,0,0,0,0,0,0,0,0,0,0,-1.34404667838454,0.0711002141065422,0,0,0,0,0,0,0,0.10430547321595,0,0,0,0,0,0,0,0,0,0,0,0,0,0,0,0,0,0,0,0,0,0,0,0,0,0,0,0,0,0,0,0,0,0,0,0,0,0,0,0,0,0,0,0,0,0,0,0,0,0,0,0,0,0,0,0,0,0,0,0,0.200152975960507,0,0,0,0,0,0,0,0,0,2.52096226419874,0,0.0536738504942647,0,0,0,0,0,0,0,0,0,0,0,0,0,0,0,0,0,0,0,0,0,0,0,0,0,0,0,0,0,0,0,0,0,0,0,0,0,0,0,0,0,0,0,0,-1.48852625893881,0,0,-0.0271186939968318,0,0,0,0,-0.47176189005709,0,0,0,0,0
0,0,5.47248694516408,0,0,0,0,0,0,0,0,0,0,0,-0.727540991760304,0,0,0,0,0,0,0,0,0,0,0,0,-0.00445814154428059,0,0,0,0,0,0,0,0,0,1.51180433703565,0.403592253186163,0,0,0,0,0,0,0,0,0,0,0,0,0,0,0,0,0,0,0,0,-3.43802352993943,0.701731729458484,0,0,0,0,0,0,0,0,0,0,0,0,0,0,0,0,0,0,0,0,0,0,-0.352616455607032,0,0,0,0,0,0,0,0,0,0,0,0,0.186262139337737,0,0,0,0,0,0,0,0,0,0,0,0,0,0,0,0,0,0,0,0,0,0,0,0,0,0,0,0,0,0,0,0,1.15166290403289,0,0,0,0,-0.159830489409359,0,0,0,0,5.64563660078272,0,0,0,0,0,0,0,0,0,0,0,0,0,0.900036201603526,0,0,0,0,0,0,0,-0.549475143079008,-0.126866646171361,0,0,0,0,0,0,0,0,0,0,0,-0.365989044087748,0,0,0,0,0,0,0,-0.747174555495125,0,0,0,-4.03562878224279,0,0,-0.241039523491537,0,0,0,0.290087006964567,-0.798703773656238,-0.216690436376851,0,0,0,0
0,0,6.46261845900072,0,0,0,0,0,0,-0.231445661552915,0,0,0,0,-1.0029638983596,0,0.0695032490209482,0,0,0.188224121137171,0.217982113824808,0,0,0,0.241264592947423,0,0,0,0,0.250571151167218,0,0,0,0,0,0,0,0,0,0,0,0.0965559432775238,0,0,0,0,0,0,0,0,0,0,0,0,0,0,0,0,0,-5.52424548594173,1.04258254715324,0,-0.000690236140446165,0,0,0,0,0,0,0,0,0,0,0,0,0.0481579572347846,0,0,0,0,0,0,0,0,0,0.325703933333646,0,0,0,0,0.291474971369232,0.454155271656602,0,0,0,0,0.0700966078496328,0,0,0,0,0.212455976119309,0,-0.266009751750296,0,0,0,0,0,0,0,0,0,0.616182942887561,0,0,0,0,0,0,-0.11309150991313,0,-0.302952841682151,0,0,0,0,0,-0.145308632687069,0,0,0,0,0,0,0,-0.688601212647751,0,0,7.02684225727141,0,0,0,0,0.131839145574485,0,0,-0.616689702490136,0,0,0,0,0.125589313203363,0,0,0,0,0,0,0.0925527975383293,0,-1.21163931528738,0,-0.265656642299659,0,0,0,0,0,-0.489804399240843,0,0,0,0,-0.273812494009321,-0.0301166650259459,0,0,0,0,0,0,-0.190339333215707,0,0,0,-4.79480400818273,0,0,0,0,0,0,0,0,0,0,0,0,0
0,0,6.77928133064101,0,0,0,0,0,0,-0.35827811547009,0,0,0,0,-0.992717566081225,0,0,0,0,0,0.815510127306458,0,0,0,0.222301050721345,0,0,0,0,0,0,0,0,0,0,0,0,0,0,0,0,0,0,0,0,0,0,0,0,0,0,0,0,0,0,0,0,0,0,-5.37393309362269,0.908314121191501,0,0,0,0,0,0,0,0,0.113036015474987,0,0,0,0,0,0,0,0,0,0,0,0,0,0,0,0,0,0,0,0,0.192344156056557,0,0,0,0,0,0,0,0,0,0,0,0,-0.0950822368177267,0,0,0,0,-0.196432062865587,0,0,0,0,0.607410577258368,0,0,0,0,0,0,0,0,-0.517370637787805,0,0,0,0.799233517231553,0,0,0,-0.304113344812269,0,0,0,0,0,-0.372314495422587,0,0,6.33529734136121,0,0,0,0,0,0,0,-0.950354954627632,0,0,0.124459636115393,-0.352671631539892,0,0,0,0,0,0,0,0,0,-0.405326828759108,0,0,0,0,0,0,0,-0.345262176849591,0,0,0,0,0,0,0,0,0,0,0.249246519522743,0,-0.338471953431125,0,0,0.0888208179290908,-5.19126714012986,0,0,0,0,0,-0.941939965745664,0,-0.337570525803424,0,0,-0.205482928390084,0,0
0,0,0,0,0,0.630654918821489,0,-0.133744235663703,0,-1.29329072899095,0,0,0,0,0,0,0,0,0,0,0,0,0,0,0,0,0.720556034359595,0,0,-1.27165713608587,0.260357941335937,0,-0.68799239878444,0,0,0,0,0.117137466551112,0,-0.302987808091017,0,0,0,0,0,0,0,0,0,0,0,0,0,-0.124512257496022,0,0,0,0,0,0,0,0,0,-0.836553281397198,0,0,-0.64909077726162,0,0,0,0,-0.527875363305225,0,0,0,0,-0.163137353217968,0,0,0,-0.0475967285727465,0.163597808561275,0,0,0,0,0,0,0,0,0,-0.20140355575617,0,0,0,0,0,0,0,0,0,0,0,0,0,0,-0.198836470669076,-0.0490613903067179,-1.31483958662502,0,0,0,0,0,0,0,0,0,0,0,0,0,0,0,0,0,0,0,0,0,0,0,-0.0848587106741736,0,0,0,0,0,0,0,0,0,0,0,0,0,0,0,0,-1.40176661631501,0,0,-0.394646221596528,0,0,0,0,0,0.935500328270474,0,0,0,0,0,0,0,0,0,0,0.35697381593867,0,0,0,0,0,0,-0.170768507828036,0,0,0,0,0,-0.690684121964258,0,2.03141355354825,0,0,0,0,0,0,0,0,0.250312592809983,0,0,0,0.404518806054427,0,0
0,0,0,0,0,0,0,0,0,0,0,0,0,0,0,0,0,0,0,0,0,0,0,0,0,0,0,0,0,0,0,0,0,0,0,0,0,0,0,0,0,0,0,0,0,0,0,0,0,0,0,0,0,0,0,0,0,0,0,0,0,0,0,0,0,0,0,0,0,0,0,0,0,0,0,0,0,0,0,0,0,0,0,0,0,0,0,0,0,0,0,0,0,0,0,0,0,0,0,0,0,0,0,0,0,0,-0.15172613153453,0,0,0,0,0,0,0,0,0,0,0,0,0,-0.250153290067492,0,0,0,0,0,0,0,0,0,0,0,0,0,0,0,0,0,0,0,0,0,0,0,0,0,0,0,0,0,0,0,0,0,0,0,0,0,0,0,0,0,0,0,0,0,0,0,0,0,0,0,0,0,0,0,0,0,0,0,0,0,0,0,0,0,0,-0.225154552493191,0,0,0,0,0,0,0,0,0,0,0,0
0,-1.31812933416121,0,0,-0.385142968359244,0,0.958288435489413,0,0,0,0,0,0,-0.461125714154446,0,0,0,0,0,0,0,0,2.84916743408768,-0.0246931697464368,-1.81555309640616,-0.100116970696305,0,0,-0.355755504147744,0,-0.134748543307439,0,0,-0.258893079463062,0,0.781785949080528,0,-0.0546623097820367,0,0,0,0,0,0,0,0,0,0,0,0,0,0,0,0,0,0,0,0,0,0.0627133695000659,0,0,0,0,0,0,0,0,-0.115141533649407,0,0.0981222543968203,0,0,0,0,-0.507225718361486,0,0,0,0,0,0,0,-2.79353256485868,0,0,2.9996332778962,0,0,-3.09614664536472,0,0.162394013423633,0,0,-0.0531963321768536,0,0,0,0,0,0,-0.0500255746647464,0,0,0,0,-3.46085664247599,-0.0276645121702204,0,0,0,-1.1015450449023,0,0.575941723879093,0.256016499713782,0,0,0,0,0,0,-0.639134101150821,-1.59035783464424,-1.41172894823879,0,0,3.10428725302968,0,0,0,0,0,0,0,0,0,0,0,0,0,-1.2221104200598,-0.827235383785939,0,0,0,0,0.0890916658872938,1.63937796418562,0,0,-0.875523823071366,0,0,0,1.80069512052113,0,0,0,0,0,0.323019385267642,0,-0.167016469346527,0,-0.204171610929436,0,0,0,1.68622084555719,0,0,0,0,0,-1.04964682597154,0,0,0,0,0,0,0,0,-0.890465937935547,0,0,0,0.982601801457291,0,0,0,0,0,0,-0.713587790247963,-10.3598307164748,0,0,0,0
0,0,0,0,0,0,0,-0.426906156172892,0,0,0,0,0,0,1.30205351274173,0,0,0,0,0,0,0,0,0.0491457650868583,0,0.199291885228892,-0.0969416429286609,-0.0869656555073428,0,0,0,-0.12978119831637,0.876127635138396,0,0,0,0.34548848594335,0,2.40288307980851,-3.69801852388908,0,0.105607946330801,0,0,-0.449296213296742,0,0,0,0,0,0,0,0,0.114131391369008,0,0,0,1.05136389093873,0,0,-0.754157281375871,-0.638819984818895,0,0,0,0,0,0,0,0,-14.8035716931695,0,0,0,0.427146384250099,0,0,0,0,-2.26923837085657,0,0.17952726403263,0,0,0,0,0,0,0,0,0,0,-0.232036282376427,0,0,0,0,0,0,0.406881530973477,0,0,0,0,0,0,0,0,0,0,0,-0.687716096804949,-1.10840169600539,0,1.18533726315702,0,0,0,0,0,0,0,1.98831541578475,0,0,0,0,0,0,0,0,0,0,0,0,0,0,-0.313579527348814,0,0,0,0,0,0,0,0,0,0,-0.481526808361215,0,0,0,0,0,0,0,0,0,0,-0.049675037383387,-2.39800832643039,0,0,-0.469366065412532,-0.411312531643106,0,0,0,0,-0.0699522677151247,0,0,0,0,0,0,-0.175716586713847,0,0,0.0338073067269118,0,0,0,0,0.352514719957518,-0.583139655063164,0,0,0,0,0,0,0,0,0,0,0,0,0,0
0.178847088798625,0,0,0,0,0,0,0,0,0,-0.044746656907884,0,0,0,0.829964472872237,0,0,0,0,0,0,0,0,0,0,0,0,-0.703025998584174,0,0,0,0,0.511783647169209,0,0,0,0.0201394629536011,0,2.15059462844942,-1.68839535537321,0,0,0,0,0,0,0,0,0,0,0,0,0,0,0,0,0,0.102731688899428,0,0,-0.134946788950725,0,0,0,0,0,0,0,0,0,-10.6799672277873,0,0,0,0,0,0,0,0.693016189768186,-0.490739471386617,0,0,-0.701981780247146,0,0,0,0,0,0,0,0,0,0,0,0,0,0,0,0,0.0706471149274763,0,0,0,0,0,0,0,0,0,0,0,-0.602092499644216,0,0,0.846622239397465,0,0,0,0,-0.155424852640897,0.296272602989823,0,1.67044038507957,0,0,0,0,0,0,0,0.417235129588866,0,0,0,0,0,0,0,0,0,0,0,0,0.0216408773098233,0,0,0,0,-0.00321662845601756,0,0,0,0,0,0,0,0,0,0,-0.323548733963023,0,-0.124332129635895,0,0,0,0,0,0,0,0,0,0,0,0.552731986369101,0,0.487588268205959,0,0,0,0,0,0,0.242541342972825,0,0.57026628053736,-0.894508817471614,0,0,0,0,0,0,0,0,0,0,0,0,-0.339095860798974,0
0.0641797680697598,0,0,0,0,0,0,-0.531976403524301,0,0,-0.11859240443836,0,0,-0.223065699344117,0.689759744993434,0,0,0,0,0,0,0,0,0,0,0,0.164766019885854,0,0,0,0,-0.39792142476941,0,0,0,0,0.299246275685556,0,2.32351417923112,-1.93552550693148,0,0,0,0,0,0,0,0,0,0,0,0,0,0.189351619396055,0,0,0,0.395785531477076,0,0,0,0,0,0,0,0,0,0,0,0,-7.4127838042273,0,0,0,0,0,0,0,0,0,0,0.165930013241773,0,0,-0.738504819778363,0,-1.39416824658516,0,0,0,0,0,0,0,0,0,0,0,0,0.0123224770925872,0,0,0,0,0,0,0,0,0,0,0,0,0,0,0.593898824195022,0,0,0,0,0,0,0,1.14872742394892,0,0.0124066290844778,0,0,0,0,0,0.0551975191399283,0,0,0,0,0,0,0,0,0,0,0,0,0,0,0,0,0,0,0,0,0,0,0.711380765703729,0,0,0,0,0,0,-1.03480217269431,0,0,0,0,0,0,0,0,0,0,0,0,0,0,0,0,0,0,0,0,0,0,0,0,-0.704726139884429,0,0,0,0,0,0,0,0.292248765932702,0,0,0,0,0,0
0,0,0,0,0,0,0,0,0,0,0,0,0,0,0,0,0.0333119591582904,0,0,0,0,0,0,0,0,0,0,0,0,0,0,0,0,0,0,0,0,0,0,0,0,0,0,0,0,0.310949451858701,0,0,0,0,0,0,0,0,0,0,0,0,0,0,0,0,0,0,0,0,0,0,0,0,0.0109764233306757,0,0,0,0,0,0,0,0,0,0,0,0,0,0,0,0,0,0,0,0,0,0,0,-0.418916963675777,0,0,0,0,0,0,0,0,0,0,0,-1.50032106054393,0,0,0,0,0,0,0,0,0,0,-0.914522640132197,0,0,0,0,0,0,0,0,0,0,0,0,0,0,0,0,0,0,0,0,0,0,0,0,0,0,0,0,0,0,0,0.25939294796665,0,0,0,-0.453243024718512,0,0,0,0,0,0,0,0.623456181953738,0,0,0,0,0,0,0,0,0,0,0,0,0,0,0,0,0,0,0,0,0,0,0,0,0,0,0,0,0,0,0,0,-0.261646028381482,0,0,0,0,0
0,0,0.594110221812659,0,0,0,0,0,0,0,0,0,0,0,0,0,0,0,0,0,0,0,0,0,0,0,0,0,0,0,0,0,0,0,0,0,0,0,0,0,0,0,0,0,0,0,0,0,0,0,0,0,0,0,0,0,0,0,0,0,0,0,0,0,0,0,0,0,0,0,0,0,0,0,0,0,0,0,0,0,0,0,0,0,0.059435142819771,-0.146464383014224,0,0,0,0,0,-0.2306597889669,0,0,0,0,0,0,0.101021485539022,0,0,-0.0230366193574414,0,0.136461849082186,0,0,-1.10160174048152,0,-0.298188477143833,0,0,0,0,0,0,0,0,0.276601159771165,0,0.668240665882042,0,0,0,0,0,0,0,0,0,0,0,0,0,0,0,0,0,0,0,0,0,0,0,0,0,0.238316142003991,0,0,0,0,0,0,0,0,0,0,0,0,0,0,0,0,0,0,0,0,0,0,0,0,0,0,0,0,0,0,0,0,0,0,0,0,0,0,0,0,0,0,0,0,0,0,0,0,-0.171074106232037,0,0,0,0,0
0,-0.00688815616068439,0,0,0,0,0,0,0,0,0,0,0,0,0,0,0,0,0,0,0,0,0,0,0,0,0,-0.0152249014429828,0,0,0,0,0,0,0,0,0,0,0,0,0,0,0,0,0.253103014224783,0,-1.41833598700406,0,0,0,0,0,0,0,0,0,0,0,0,0,0,0,0,0,0,0,0,0,0,0,0,0,0,0,0,0,0,0,0,0,0,0,0,0,0,0,0,0,0,0,0,0,0,0,0,0,0,0,0,0,0,0,0,0,0,0,0,0,0.315690661587321,0,0,0,0,0,0,0,0,0,0,0,0,0,0,0,0,0,0,-0.0874771791771931,0,-0.80339181009722,0,0,0,0,0,0,0.0633615015199287,0,0,0,0,0,0,0,0,0,0,0,0.103720309068175,0,0,0,0,0,0,0,0,0,0,0,0,0,0.167785886235727,0,0,0,0,0,0,0,0,0,0,0,0,-0.169821948003976,0,0,0,0,0,0,0,0,0,0,0,0,0,0,0,0,0,0,0,0.0909898144511849,0,0,0,0
0,0,0,0,0,0,0,0.0431935862367145,0.0136472888048469,0,-0.429551599689735,0,0,0,0,0,0,0,0,0,0,0,0,0,0,0,0,0,0,0,0,-0.0400924623447116,0,0,0,0,0,0,0,0,0,0,0,0.584358407203986,0,0,-0.642327363705818,0,0,0,0,0,0,0,0,0,0,0,0,0,0,0,0,0,0,0,0,0,0,0,0,0,0,0,0,0,0,0,0,0,0,0,0,0,0,0,0,0,0,0,0,0,0,0,0,0,-0.388948529666679,0,0,0,0,0,0,0,0,0,0,0,0,0,0,0,0,0,0,0,0,0,0,0,0,0,0,0,0,0,0,0,0,0,0,0,0,0,0,0,0,0,0,-0.391534978458934,0,0,0,0,0,0,0,0,0,0,0,0,0,0,0.607373467003482,0,0,0,0,0,0,0,0.0296389851226708,0,0,0,0,0,0,0,0,0,0,0.315431830865232,0,-0.138883984514079,0,0,0,0,0,0,0,0,0,0,0,0,0,0,0,0,0,0,0,0,0,0,0,0
0,0,0,0,0,0,0,0,0,0,0,0,0,0,0,0,0,0,0,0,0,0,0,0,0,0,0,0,0,0,0,0,0,0,0,0,0,0,0,0,0,0,0,0,0,0,0,0,0,0,0,0,-0.396639803403244,0,0,0,0,0,0,0,0,0,0.534335419516462,0,0,0,0,0,0,0,0,0,0,0,0,0,0,0,0,0,0,0,0,0,0,0,0,0,0,0,0,0,0,0,0,0,0,0,0,0,0,0,0,0,0,0,0,0,0,0,0,0,0,0,0,0,0,0,0,0,0,0,0,0,0,0,0,0,0,0,0,0,0,0,0,0,0,0,0,0,0,0,0,0,0,0,0,0,0,0,0,0,0,0,0,0,0,0,0,0,0,0,0,0,0,0,0,0,0,0,0,0,0,0.25000198856157,0,0,0,0,0,0,0,0,0,0,0,0,0,0,0,0,0,0,0,0,0,0,0,0,0,0
0,0,0,0,0,0,0,-0.134012174105205,0,0,0,0,0,0,0,0,0,0,1.30179060825163,0,0,0,0,0,0,0,0,0,0,0,0,0,0,0,0,0,0,0,0,0,0,0,0,0,0,0,0,0,0,0,0,0,0,0,0,0,0,0,0,0,0,0,0,0,0,0,0,0,0,0,0,0,0,0,0,0,0,0,0,0,0,0,0,0,0,0,0,0,0,0,0,0,0,0,0,0,0,0,0,0,0,0,0.196461746319009,0,0,0,0,0,0,0,0,0,0,0,0,0,0,0,0,0,-0.100701462384151,0,0,0,0,0,0,0,0,0,0.0942988547276828,0,0,0,0,0.097585513022308,-0.0569349837120388,0,0,0,0,0,0,-0.0437349771251319,0,0,0,0,0,0,0,0,0,0,0,0,0,0,0,0,0,0,0,-0.615553076968786,0,0,0,0,0,0,0,0,0,0,0,0,0,0,0,0,0,0,0,0,0,0,0,0,0,0,0,0,0,0,0,0,0,0,0.308936512525045,0.06335102894928
0,0,0,0,0,0,0,0,0,0,0,0,0,0,0,0,0,0,0,0,0,0,0,0,0,0,0,0,0,0,0,0,0,0,0,0,0,0,0,0,0,0,0,0,0,0.618996180721069,0,0,0,0,0,0,0,0,0,0,0,0,0,0,0,-0.793869394302011,0,0,0.836103983590942,0,0,0,0,0,0,0,0,0,-0.257799106233848,-0.0832850167325987,0,0,-0.288815256321211,0,0,0,0.00829874288999788,0,0,0,-1.94742140976774,0,0,0,0,0,0,0,0,0,0,0,0,0,0,0,0,0,0,0,0,0,0,0,0,0,0,0,0,0,0,-0.483608128115777,0,0,0,0,0,0,0,0,0,0,0,0,0.94117666057551,0,0,0,0.518853596204036,0,0,0,0,0.288985751069482,0,0,0,0.0157868778359749,0,0,0,0,0,0,0,0,0,0,0,0,0,0,0,0,0,0,0,0,0,0,0,0,0,0,0,0,0,0,0,0.217585596769361,0,0,0,0.328024680900026,-0.103835852578333,0,0,0,0,0,0,0,0,0,0,0,0,0,0,0,0,0.0328927573871836,0,0
0,0,0,0,0,0,0,0,0,0,0,0,0,0,0,0,0,0,0,0,0,0,0,0,0,0,0.0382686423717882,0,0,0,0,0,-0.0784582132911278,0,0,0,0,0,0,0,0,0,0,0,0,0.916552772330733,0,0,0,0,0,0,0,-0.573121920010257,0,0,0,0,0,0,0,0,0,0,0,0,0,0,0,0,0,0,0,0,0,0,0,-0.468738280259738,0,0,0,0,0,0,0,0,0,0,0,0,0,0,0,0,0,-0.132378033807347,0,0,0,0.633804765919112,0,0,0,0,0,0,0,0,0,0,0,0,0,0,0,-0.524051829822003,0,0,0,0,-0.0753729798966498,0,0,0,0,0,0,0,0,-0.102640127237141,0,0,0,0,0,0,0,0,0,0,0,0.122576127911279,0,0,0,0.680000620533015,0,0.790985451554744,0,0.261693249751638,0,0,0,0,-0.0673050554988273,0,0,0,0,0,-1.21069175805784,0,0,0,0,0,0,0,0,-0.194941566025889,0,0,0,0,0,0,0,0,0,0,0,0,0,0,0,4.1393433534699,0,0,0,0,0,0,0,0,-0.600677099616346,0,0,0.488937315923426,0,0
0,0,0,0,0,0,0,0,0.861316081916494,0,0,0,0,0,0,0,0,0,0,0,0,0,0,0,0,0,0,0,0,0,-0.123515482251462,0,0,0,0,0,0,0,0,0,0,0.15966984439588,0,0,0,0,0,0,0,0,0,0,0,0,0,0,0,-0.20694440286956,0,0,0,0,0,0,-0.654722915521517,0,0,0,0,0,0.145256092844665,-0.186502460723726,0,0,0,0,0,0,0.252304090599988,0,0,0,0,0,0,0,0,0,0,0,0,0,0,0,0,0,0,0.463661159774479,0,0,0,0,0,0,0,0,0,-0.911285313540099,0,0,0,0,0,0,-1.01602935987447,0,0,0,0,1.27775468417537,0,0,0,0,0,0,0,0,0,0,0,0,0,0,0,0,0,0,0,0,0,0,0,0,0,0,0,0,0,0,0,0,0,0,0,0,0,0,0,0,0,0,0,0,0,0,0,0,0,0,0,0,0,0,-0.0648613103320375,0.526533502027498,0,0,-0.0245113832528201,0,0,0.475770047956829,1.81549650420161,0,0,16.3472340069159,0,0.181514023281413,0,0,-1.57780733364088,0,0,0,-1.325947584226,0,0,0,0,0
0,-0.2569201468057,0,0,0,0,0,0,0.275283071808406,0,0,0,0,0,0,0,0,0,0,0,0,0,0,0,0,0,0,-0.459825554378995,0,0,-0.126778951632341,0,0,0,0,0,0,0,0,0,0,0,0,0,0,0,0,0,0,0,0,0,0,0,0,0,0,0,0,0,0,0,0,0,0,0,0,0,0,0,0,0,0,0,0,0,0,0,-0.279790858297525,0,1.25887865139755,0,0,0,0,0,0,0,0,0,0,0,0,0.0564041336626253,0,0,0,1.04614634288736,-0.228939845383219,0,0.109646013347001,0,0,0,0,0,0,0,0,0,0,0,0,0,-0.807001309479234,0,0,0,0,0,0,0,0,0,0,0,0,0,0,0,0,0,0,0,0,0,0,0,0,0,0,0,0,0,0,0,0,0,0,-0.312969838635122,0,0,0,0,0,0,0,0,0,0,0,0,0,0,0,0,0,0,0,0,0,0,0,0,0,0,0,0,0,0,0,0,1.7863541834002,0,0,19.5888503528953,0.3278520892503,0,0,0,-0.474847045810779,0,0,0,-1.2868433481252,0,0,-0.135264985915109,0,0
0,0,0,0,0,0,0,0,0,0,0,0,0,0,0,0,0,0,0,0,0,0,0,0,0,0,0,0,0,0,0,0,0,0,0,0,0,0,0,0,0,0,0,0,0,0,0,0,0,0,0,0,0,0.203323985501302,0,0,0,0,0,0,0,0,0,0,0,0,0,0,0,0,0,-0.0421717208012178,0,0,0,0,0,0,0,0,0,0,0,0,0,-0.281875829619846,0,0,0,0,0,0,0,0,0,0,0,0,0,0,0,0,0,0,0,0,0,0,0,0,0,0,0,0,0,0,0,0,0,0,0,0,0,0,0,0,0,0,0,0,0,0,0,0,0,0,0,0,0,0,0.147738319846892,0,0,0,0,0,0,0,0,0,0,0,0,0,0,0,0,0,0,0,0,0,0,0,0,0,0,0,0,0,0,0,0,0,0,0,0,0,0,0,0,0,2.17004291985081,0,0,18.878972097936,0,0,0,0,0,0,0,0,0,0,0,0,0,0
0,0,0,0,0,0,0,0,0,0,0,0,0,0,0,0,0,0,0,0,0,0,0,0,0,0,0,0,0,0,0,0,0,0,0,0,0,0,0,0,0,0,0,0,0,0,0,0,0,0,0,0,0,0.505711621787611,0,0,0,0,0,0,0,0,0,0,0,0,0,0,0,0,0,0,0,0,0,0,0,0,0,0,0,0,0,0,0,0,0,0,0,0,0,0,0,0,0,0,0,0,0,0,0,0,0,0,0,0,0,0,0,0,0,0,0,0,0,0,0,0,0,-0.0785498942785601,0,0,0,0,0,0,0,0,0,0,0,0,0,0,0,0,0,0,0,0,0,0,0,0,0,0,0,0,0,0,0,0,0,0,0,0,0,0,0,0,0,0,0,0,0,0,0,0,0,0,0,0,0,0,0,0,0,0,0,0,0,0,1.85024856776028,0,0.000684056338828398,17.6183241863051,0,0,0,0,0,0,0,0,0,0,0,0,0,0
0,-0.0286631809384119,0,0,0,0,0,0,0,0,0,0,0,0,0,0,0,0,0,0,0,0,0,0,0,0,0,0,0,0,0,0,0,0,0,0,0,0,0,0,0,0,0,0,0,0,0,0,0,0,0,0,0,0,0,0,0,0,0,0,0,0,0,0,0,0,0,0,0,0,0,0,0,0,0,0,0,0,0,0,0,0,0,0,0,0,0,0,0,0,0,0,0,0.0155194447070883,0,0,0,0,0,0,0,0,0,0,-0.364456305982872,0,0,0,0,0,0,0,0,0,0,0,0,0,0,0,0,0,0,0,0,0,0.266259239753952,0,0,0,0,-1.12827725023834,0,0,0,0,0,0,0,0,0,0,0,-0.503801191702928,0,0,0,0,0.173223588799666,0,0,0,0,0,0,0,0,0,0,0,0,0,0,0,0,0,0,0,0,0,0,0,0,0,0,0,0,0,0,0,0,0,1.90713195524228,0,0,17.680909139036,0,-0.71234907540903,0,0,0,0,0,0,0,0,0,0,0,0
0,0,0,0,0,-3.40460016185108,0.322335336998852,0,0,0,0,0,0,0,0,0,0,0,0,0,0,0,0,0,0,0,0,0,0,0,0,0,0,0,0,0,0,0,0,0,0,0,0,0,0,0,0,0,0,0,0,0,0,0,0,0,0,0,0,0,0,0,0,0,0,0,0,0,0,0,0,0,0,0,0,0,0,0,0,0,0,0,0,0,-0.170869434947211,0,0,0,0,0,0,0,0,0,0,0,0,0,0,0,0,0,0,0,0,0,0,0,0,0,0,0,0,0,0,0,0,0,0,0,0,0,0,0,0,0,0,0,0,-0.09629258340932,0,0,0,0,0,0,0,0,0,0,0,0,0,-0.91630462333281,0,0,0,0,0,0,0,0,0,0,0,0,0,0,0,0,0,0,0,0,0,0,0,0,0,0,0,0,0,0,0,0,0,0.164723802121059,0,0,0,0,0,0,-0.765289296135637,0.933925943126177,0,0,0,0,0,0,0,0,0,0,0,0.363726449730074,0,0
0,0,0,0,0,0,0,0,0,0,0,0,0,0,0,0,0,0,0,0,0,0,0,0,0,0,0,0,0,0,0,0,0,0,0,0,0,0,0,0,0.273315597640217,0,0,0,0,0,0,0,0,0,0,0,0,0,0,0,0,0,0,0,0,0,0,0,0,0,0,0,0,0,0,0,0,0,0,0,0,0,0,0,-0.102504444986937,0,0,0.0595882626816715,-0.0587917643869054,0,0,0,0,0,0,0,-0.278395746142528,0,0,0,0,0,0,0,0,0,0,0,0,0,0,-0.697216183543943,0,0,0,0,0,0,0,0,0,0,0,0,0,0,0,0,0,0,0,0,0,0,0,0,0,0,0,0.0596059011840619,0,0,0,0,0,0,0,0,0,0,0,0,0,0,0,0,0,0,0,0,0,0,0,0,0,0,0,-0.572025938008488,0,0,0,0,0,0,0,0,0,-0.352420902915181,0,0.00897959815760241,0,0,0,0,0,0,0,0,0,0,0,0,0,0,0,0,0,0,0,0,0,0,0,0
0,0,1.12279578770974,0,0,0,0,0,0,0,0,0,0,0,0,0,0,0,0,0,0,0,0,0,0,0,0,0,0,0,0,0,0,-0.560250859656027,0,0,0,0,0,0,0.274762949790546,0,0,0,0,0,0,0,0,0,0,-2.45855420031478,0,0,0,0,0,0,0,0,0.144894301357289,0,0,0,0.205250601619889,0,0,0,0,0,2.45216815811959,0,0,0,0,0,0,0,0,0,-0.0750301772892419,0,0.509827490012597,0,0,0,0,0,0,0,0,0,0,0,0,0,0,0,-0.13997878366239,0,-0.047612735060852,0,0,0,0,0,0,-0.945581835239728,0,0,0,0,0,0,-0.240414007538429,0,0.182601474055214,0,0,0,0,0,-0.604813906870367,0,0,0,0,0,0,0,0,0,0,0,0,0,0,0,0,0,0,0,0,0,0,0,0,0,0,0,0,0,-0.0970658455411018,0,0,0,0,0,0,0,0,0,0,0,0,-0.278626051584068,0,0,0,0,0,0,0,0,0,0,0,0,0,-1.76381791619535,0,0.401076008889585,0,0.236559441080847,0,0.462027308079954,0,-0.176649107565075,0,0,0.325030703869833,0,0,0,0,0,0,-0.464290272597772,0,0
0,0,2.63357977053534,0,0,0,0,0,0.171024235945498,-0.100014096948592,0,0,0,0,0,0,0,0,0,0,0,0,0,0,0,0,0,0,0,0,1.16393134920502,0,0,0,0,0,0.581646217547556,0,0,0,0.66162737861907,0,0,0,0,0,0,0,0,0,0,-1.66810910064406,0,0,0,0,0,0,0,0,0,0,0,0,0.828387347486891,0,-0.580906328460304,0,0,0,1.53952042377045,0,0,0.089624828300068,0,0,0,0,0,0,0,0,1.48555684614164,0,0,0.524846844041771,0,0,0,0,0,0,0,0,0,0,-0.0317060397229136,0,0,0,0,0,0,0,0,0,0,-1.59937575997528,0,0,0,0,0,0,-1.67057871180921,0,0,0,0,0,0,0,-0.568042573075277,0,0,0,0,0,0,-0.717708533539602,0,-0.704430144565789,0.0677442909362558,0,-1.18685831881661,0,0,0,0,0,0.658107627385544,0,0,0,0,0,0,-0.10368023009521,-0.314721982486786,0,0,0,0,0,0,0,0,0,0.0863533287221483,0,0,0,0,0,0,-0.426770589141798,0,0.0787264469234783,0,0,0,0,0,0,0,0,0,0,0,0,0,0.180363520269723,0,2.70093468248517,0,0,0,0,0,0,0,0,0,0,-0.225123900446119,0,0,-2.3765676893242,0,-0.215242698382225
0,0,1.37467979301942,0,0,0,0,0,0,0,0,0,0,0,0,0,0,0,0,0,0,0,0,0,0,0,0,0,0,0,1.84899877126963,0,0,0,0,0.0625187269402538,0.0235965158398628,0,0,0,0.431695889686313,0,0,0,0,0,0,0,0,0,0,-1.44132587414069,0,0,0,0,0,0,0,0,0,0,0,0,1.03930676178563,0,0,0,0,0,1.57307225445828,0,0,0.229661856841579,0,0,0,-0.086017245592485,0,0,0,0,1.81242785715159,0,0,0.676471049918909,0,0,0,0,0,0,0,0,0,0,0,0,0,0,0,0,0,0,0,0,0,-1.19984620821477,0,0,0,0,0,0,-1.17681679469975,-0.1974485926823,0,0,0,0,0,0,0,0,0,0,0,0,0,0,0,0,0,0,-1.44211558118511,0,0,0,0,0,1.83883580590244,0,0,0,0,0,0,0,-0.0512918339509509,0,0,0,0,0,0,0,0,0,0.0267441081645865,0,0,0,0,0,0,-0.353078529143128,0,0.0160426053120113,0,0,0.111429586707474,0,0,0,0,0,0,0,0,0,0,0.0401857895099014,0.333623884651173,2.66417667972967,0,0,0,0,0,0,0.318695147243389,0,0,0,0,0,0.252025813934103,-1.46412477587369,0,-0.1144058068211
0,0,1.67248436976677,0,0,0,0,0,0.00815092106043092,0,0,0,0,0,0,0,0,0,0,0,0,0,0,0,0,0,0,0,0,0,2.5732100848801,0,0,0,0,0.334106364977508,0,-0.385768871185205,0,0,0.391254189165043,0,0,0,0,0,0,0,-0.304414311999151,0,0,-2.07792234427247,0,0,0,0,0,0,0,0,0,0,0,0,0.98684332578354,0,0,0,0,0,2.00251898210307,0,0,0.718811175785826,0,0,0,-1.48195216172396,0,-0.174079606300499,0.316959647857952,0,1.55876888695884,0.691767436169158,0,1.40481805120626,0,0,0,0,0,0,0,0,0,0,0,0,0,0,0,0,0,0,0,0,0,-1.68836622817478,0,0,0,0,0,0,-0.928940423269956,0,-0.100935151309225,0,0,0,0,0,-0.385193690205418,0,0,0,-0.474297552452239,0,0,-0.221184386653469,0,0,0,0,-1.67219978395023,0,0,0,0,0,2.62194967532491,0,0,0,0,0,0,0,-0.820964565371488,0,0,0,0,0.319152052013955,0,0,-0.161791238992181,0,0,0,0,0,0,0,0,-0.850358655227132,0,0.286191748394786,0,0,0,0,0,0.084769145628671,0,0,0,0,0,0,0,0,0.722754648957588,2.4280430454518,0,0,0,0,0,0,0,0,0,0,0,0,0.376535056913365,-2.37881811207563,0,-0.266060428240096
0,0,1.49793007512683,0,0,-0.28418652606864,0,0,0,0,0,0,0,0,0,0,0,0,0,0,0,0,0,0,0,0,0,0,0,0,1.4966420111376,0,0,0,0,0.201766197963472,0.0963767960298167,0,0,0,0.36190280840989,-0.136518227356476,0,0,0,1.03453504607131,0,0,0,0,0,-1.50088805944625,0,0,0,0,0,1.3524315098873,0.206155698257485,0,0,0,0,0,1.01400006716694,0,0,0,0,0,1.17069016940454,0,0,0.161814772461574,0,0,0,0,0,0,0.144200062698808,0,1.95891049651837,0,0,0,0,0,0,0,0,0,-0.206761459821964,0,0,0,0,0,0,0,0,0,0,0,0,0,-0.135206015887709,-1.33431541660833,-0.0695140773779519,0,0,0,0,0,-1.27264797645118,-0.549532874314405,-0.105133104722311,0,0,0,0,0,0,0,0,0,-2.7825163438875,0,0,0,0,0,0,0,-1.07366079799823,0,0,0,0,0,2.13121571581522,0,0,0,0,0,0,0.133927473682708,-0.799572928467316,0,0,0,0,0,0,0,0,0,0.211373903007398,0.308215313567044,0,0,0,0,0,-0.218769464087728,0,0.834075862180865,0,0,0,0,-0.0334212198451023,0,0,0,0,0,0,0,0,0,0.907392769227062,3.23978142924001,0,0,0,0,0,0,0,0,0,0,0,0,0,-2.52930106735308,0,0
0,0,0,0,0,0,0,0,0,0,0,0,0,0,0,0,0,0,0,0,0,0,0,0,0.166624119544374,0,0,-0.282016804022172,0,0,0,0,0,0,0,0,0,0,0,0,0,0,0,0,0,0,0,0,0,0,0,0,0,0,0,0,0,0,0,0,0,0,0,0,0,0,0,0,0,0,0,0,0,0,0,0,0,0,1.07496766158545,-0.832201585933035,0,0,0,-0.115242827674964,0,-0.204569798277931,0,0,0,0,0,0,0,0,0,0,0,0,0,0,0,0,0,0,0,0,0,0.163613425696794,0,0,0,-0.419497498949789,0,0,0,0,0,0.164916725154363,0,0,-0.713366108383423,0,0,0,0,0,0,0,0,0,-0.898064400570183,0,0,0,0,0,0,0,0,0,0,0,0,0,0,0,0,0,0,0,0,0,0,0,0,0,0,0,0,0,-2.21075504621338,0,0,0,0,0,0,0,0,0,0,0,0,0,0,0,0,0,-0.0213630677051775,0,0,0,0,0,0,0,0,-0.641234328522038,0,0,0,0,0,0,0,0,0,0,0,0
0,0,0,0,0,0,-0.494755977788384,0,0,0,0,0,0,0,0,0,0,0,0,0.197816192841547,0,0,0,0,0,0,0,0,0,0,0,0,0,-2.29080939881544,0,0,0,0,0,0,0,0,0,0,-0.0416806190585912,0,-0.0805341039701564,0,0,0,0,0,0,0,0,0,1.24481364920318,0,0,0,0,0,0.754191934092865,0,0,0,0,0,0,0,0,0,0,0,0,0,0,0,0.445007976563863,0,0,0,0,0,1.04393958909147,0,0,0,0,0,0,0,0,0,0,0,0,0,0,0,0,0,1.04389696487746,0,0,0,0,0,0,0,0,0,0,0,0,0,0,0,0,0,0,0,0,0,0,0,0,0,0,0,0,0,-0.0966489382793863,0,0,-0.028335079174852,0,-0.017601753296232,0,0,0,0,0,0,0,0,0,0,0,0,0,0,0,0,0,0,0,0,0,0,0,0,0,0,0,0,0.170526711361497,0,0,0,0,0,0,0,0,0,0,0.376622625405493,0,0,0,0,0,-0.818780174279978,0,-0.031274528415034,0,0,0,0,-0.263935349757162,0,0,0,0,0,0,0,0,-0.562225792025847
0,0,-0.679371962152357,0,0,0,0,0,0,0,0.740747714277623,0,0,0,0,0,0,0,0,0,0,0,0,0,-0.0705280819580369,0,1.32074360578215,0,0,0,0,0,0,0,0,0,0.365116689007978,0,0,0,0,0,0,0,0,0,0.0121125110177687,0,0,0,0,0,0,0,0,0,0,0,0,0,0,0,0,0,0,0,0,0,0,0,0,0,0,0,0,0,0,0,0,0,0.185822471989585,0,0,0,0,0,0,0,0,0,0,0,0,0,0,0,0.114112444520822,0,0.0353377461249753,0,0,0,0,0,0,0,0,0,0,0,0,0,0,0,0,0,0,0,0,0,0,0,0,0,0,0,0,0,0,0,0,0,0,0,0,0,0,0,0,0,0,0,0,0,0,2.54527850495009,0,0,0,-0.187265704571537,-0.0259407123069253,0,0,0,0,0,0,0,0,0,0,0,0,0,0,0,0,0,0.382218804664685,0,0.605743360449055,0,0.320568037988162,0,0,0,0,0,0,0,0,0,0,0,0,0,0,0,0,0,0,0,0,0,0,0,0,0,0,0.553956381090276
0,0,0,0,0,0,0,0,-0.276077693983967,0,0,0,0,0,0,0,0,0,0,0,0,0,0,0,0,0,0,0,0,0,0,0,0,0,0,-0.228508613349895,0,0,0,0,0,0,0,0,0,0,0,0,0,0,0,0,0,0,0,0,0,0,0,0,0,0,0,0,0,0,0,0,0,0,-0.446308917256587,0,0,0,0,0,0,0,0,0,0,0,0,-0.55589204971293,0,0,0,0,0,0,0,0,0,0,0,0,0,0,0,0,0,-0.163345773676747,0,0,0,0,0,0,0,0,0,0,0,0,0,0,0,0,0,0,0,0,0,0,0,0,0,0.17090743546856,0,0,0.129259294338812,0,0,0,0,0,0,0,0,0,0,0,0,0,0,5.46789435130072,0,0,0,-0.316344034439065,0,0,0,0,0,0,0,0,0,0,0.0470688876392056,0,0,0,0,0,0,0,0,0,0,0,0,0,0,0,0,0,0,-0.0626650432895519,0,0,0,0,0,0,0,0,0,0,0,0,0,0,0,0,0,0,0,0
0,0,-0.179101986740139,0,0,0,0,0,0,0,-0.0138744539699127,0,0,0,-0.388958901134507,0,0,0,0,0,0,0,0,0,-0.625032794353343,0,0,0,0,0,0,0,0,0,0,-0.558847936046534,0,0,0,0,0,0,0,0,0,0,0,0,0,0,0,0,0,0,0,0,0,0,0,0,0,0,0,0,0,0,0,0,0,0,-0.127110694636123,0,0,0,0,0,0,0,0,0,0,0,0,0,0,0,0,0,0,0,0,0,0,0,0,0,0.107620907563261,-0.0301314032371025,0,0,0,-0.911262142824981,0,0,0,0,0,0,0,0,0,0,0,0,0,0,0,0,0,0,0,0,0,0,0,0,0,0.823027184915328,0,0,0.0173775825450468,0,0,0,0,0,0,0,0,0,0,0,0,0,0,6.87717910710209,0,0,0,0,0,0,0,0,0,0,0,0,0,0,0.0119325962606689,0,0,0,0,0,0,0,0,0,0.134361524787478,0,0.177979117890374,0,0,0,0,0,0,-0.188062682493653,0,0,0,0,0,0,0,0,0,0,0,0,0,0,0,0,0,0,0,0
0,-0.141838978222815,0,0,0,0.455691934910615,0,0,0,0,0,0,0,0,-0.0522762507119761,0,0,0,0,0,-0.176184691021908,0,0,0,0,0,0,0,0,0.0897073384062821,0,0,0,0,0,0,0,0,0,0,0,0,0,-0.22850573994049,0,0,0,0,0,0,0,0,0,0,0,0,0,0,0,0,0,-0.456313740025699,0,0,0,0,0,0,0,0,0,-0.611528468384818,0,0,0,0.296672607833194,0,0,0.056798616165423,0,0,0,0,0,0,0,0,0,0,0,0,0,0,0,0,0,0,0,0.712922334710822,3.40289483390704,0,0,0,0,0,-1.01580449613059,0,0,0,0,0,0,0,0,0,0,0,0,0,0,-0.0896988180761946,0,0,0,0,0,0.233279291416292,1.02242364846837,0.337905854364185,0,-0.390306861169403,0,0,0,0,0,0.760776405697539,0,0,0,0,0,0,0,0,0,0,0,0,0,0,0,0,0,-0.808244350957512,0,0,0,0,0,-1.01628579510721,0,0,0,0,0,0,0,0,-3.60671825909521,0,0,0,0,0,0,0,0,-0.270299151600597,0,0,-0.709398295598361,0,0,0,0,0,0.206795227278227,0,0,0,0,-3.65733138647108,0,-0.00704002687699234,0,0,0,0,0
0,0,0,0,0,-0.282890882490093,0,0,0,0,0,0,0,0,0,0,0,0,0,0,0,0,0,0,0.101332700302793,0,2.99237358111033,0,0,0,0,0,0,0,0,0,0,0,0,0,0,0,0,0,0,-0.971856173556268,0,0,0,0,0,0,0,0,0,0,0,0.0484191949731987,0,0,0,0,0,-0.0578048743153057,0,0,0,0,0,0,0,0,0,0,0,0,0,0,0,0,0,0,0,0,0,0,0.282524963586531,0,0,0,0,0,0,0,0,0,0,0,0,0,0.243521603407264,0,0,0.969972650810699,0,0,0,0,0,0,0,0,0,0,0,0,0,0,0,0,0,0,0,0,0,0,0,0,0,2.0517396782491,0,0,0,0,-0.364666117738671,0,0,0,0,0,0,-0.278426792728835,0,0,0,0,0,0,0,0,0,0,0,0,0,0,0,0,0,0,0,0.422655625483789,0,0,0,0,0,0,-0.188022130052561,0,0,0,0,0,0,0,0,0,0,0,0,0,0,0,0,0,0,0,0,0.471457576673654,0,0,0,0,0,0,0,0,0,0
0,0,0,0,0,0,0,0,0,0,-0.000823800631444271,0,0,0.535134494399581,0,0,0,0,0,0,0,0,0,0,0.420598674738843,0,1.50473576967328,0,0,0,0,0,0,0,0,0,0,0,0,0,0,0,0,0,0,-1.04990873188291,0,0,0,0,0,0,0,0,0,0,0,0,0,0,0,0,0,-0.708515979828105,0,0.260378971033792,0,0,0,0,0,0,0,0,0,0,0,0,0,0,0,0,0,0,0,0,0.304250233078158,0,0,0,0,0,0,0,0,0,0,0,0.167424176457757,0,0,-0.164197005823064,0,1.30975122118845,0,0,0,0.146608954134911,0,0,0,-0.639993312531817,0,0,0,0,0,0,0,0,0,0,0,0,0,0,0,0,0,2.45894640024836,0,0,0,0,-0.22976211778784,0,0,0,0,0,0,0,0,0,0,0,0,0,0,0,0,0,0,0,0,0,0,0,0,0,0,0.262159544984857,0,0,0,0,0,0,0,0,0,0,0,0,0,0,0,0.149581281005667,0,0,0,0,0,0,0,0,0,0,0,0.449022867995211,0,0,0,0,0,0,0,0,0,0
0,0,0,0,0,0,0,0,0,0,0,0,0,0,0,0,0,0,0,0,0,0,0,0,0.0337950338350226,0,0.0427138362759067,0,0,0,0,0.0112891080683144,0,0,0,-0.223635490906089,0,0,0,0,0,-0.224397625660513,0,0,0,-1.97442330521188,0,0,0,0,0,0.365558235185832,0,0,0,0,0,0,0,0,0,0,0,0,0,0.300468382367381,0,0,0,0,0,0,0,0,0,0.358546454818707,0,0,0,0,0,0,0.140544351070285,0,0,0,0.144615645508818,0,0,0,0,0,0,0,0,0,0,0,0.293737474318625,0,0,-0.875666750793954,0,0.259536014072184,0,0,0,0,0,0,0,-0.208252464706645,0,0,0,0,0,0,0,0,0,0,0,0,0,0,0,0,0,2.15963235640563,0,0,0,0,-0.0329341083215406,0,0.354462282959476,0,0,0.108998937029988,0,-0.41740690046196,0,0,0,0,0,0,0.0538735139347557,0,0.0770279618535494,0,0,0,0,0,0,0,0,0,0,0.310012734013526,0,0,0,0,0,0,0,0,0,0,0,0,0,0,0,0,0,0,0,0,0,0,0,0,0,0,0,0.613995672030998,0,0,0,0,-0.65143999541306,0,0,0,0,0
0,0,0,0,0,-0.154279437210662,0,0,0,0,0,0,0,0.287976821012287,0,0,-0.218654563923676,0,0,0,0,0,0,0,0.277604310257994,0,0,0,0,0,0,0.074626285795117,0,0,0,-0.29703490364612,0,0,0,0,0,-0.24909726930722,0,0,0,-1.94231552593858,0,-0.166793212637101,0,0,0,0.156967397201969,0,0,0,0,0,0,0,0,0,0,0,0,0,0,-0.334708237461011,0,0,0,0,0,0,0,0,0.527980983427313,0,0,0,0,0,0,0,0,0,0,0.156362707471774,-0.418548293832539,0,0,0,0,0,0,0,0,0,0,0.369036385560628,0,0,-1.06239577136142,0,0,0,0,0,0,0,0,0,-0.0874125438578748,0,0,0,0,0,0,0,0,0,0,0,0,0,0,0,0,0,2.03856685354519,0,0,0,0,0,0,1.45553743496412,0,0,0.734429371797841,0,-1.24676074245414,0,0,0,0,0,0,0.387050223334818,0,0.362957226139418,0,0,0,0,0,0,0,0,0,0,0.422928957132648,0,0,0,0,0,0,-0.918470536825284,0,0,0.118251578536106,0,0,0,0,0,0.137211874421791,0,0,0,0,0,0,0,0,0,0,0,0.823100739950139,0,0,0,0.395613621968777,-0.330615240696527,0,0,0,0,0.0203869724676411
0,0,0.163896226374293,0,0,0,0,0,0.272178076227095,-1.34180384715459,0,0,0,0,0,0,0,0.0685919501223857,0,0,0,0,0,0,0,0,0,1.60909160677054,0,0,0,0,0,0,0,-1.84751840449136,-1.26239471802183,0,0,0,0,0,0,0,0,-0.518167934640798,0,-1.12907502548346,0,0,0,0,0,0,0,0,-0.581836230448022,0,0,0,0,0,0,-0.797733470457505,1.16991563863443,0,0,0,0,0,0,0,0,0,0,0,0,0,0,0,-0.153449441241274,0,0,-0.374183923722293,0,0,0,0,-0.744551185582516,0,0,0,0,0,0,0,0,0,0.403882955115042,0,0,0,0,0,0,0,0,0,0,0,0,0,0,0,0,0,0,0.719505453502667,0,0,0,0,0,0,0,0,0,0,-0.163885705996284,1.31445781083666,0,0,0,0,0,0,1.02631031240452,0,0,1.58969822546608,0,-1.10007724406491,0,0,0,0,0,0.44711037251431,1.61658534911825,0,0,0,0.169683825895621,-0.109830913410056,0,0,0,0,0,0,0,0,0,0,0,0,0,0,0,0,0,0,0,0,0,0,0,0,0,0,0,-1.13344255487325,0,0,0,0,0,0,0,0,-0.45258197082799,0,0,0,0,0,0,0,0,0
0,0,0,0,0,0,0,0,0,0,0,0,0,0,0,0,-0.414894660134137,0,0,0,0,0,0,0,-0.380069464062327,0,0.337918413881544,0.99587424292755,0,0,0,0,0,0.177857878158969,0,-0.511747244701545,0,-0.0616735147318823,0,0,0,0,0,0,0,0,0,0,0,0,0,0,0,0,0,-1.33925395491267,0,-0.643085410737582,0,0,0,0,0,0,0,0,0,0,0,0,0,0,0,0,0,0,0,0,0,0,0,0,0,0.150639487558877,-0.884609420333403,0,0,0,0,0,0,0,0,0,0.00952146448969837,0,1.38447571722301,0,0,0,0,0,0,0,0,0,0,0,0,0,0,0,0,0,0.662527726054774,0.0140791653967827,0,-3.26841981983101,0,0,0.0994604738017204,0,0,0,0,0,0,4.10259996504709,0,0,0,0,0,0,0,0,0,0,0,0,0,0,0,-0.122676069973293,0,0,0,1.49904097960918,0,0,0,0,0.532863584395877,0,0,0,0,0,0,-0.121028334168137,0,0,0,-0.0835461866697682,0,0,0,0,0,1.96544284261965,0,0,0,0,0,0,0,0.0248059552382398,0,0,0,0,0,0,0,0,0,0,0,0,-0.160227065909441,0,0,0,0.707777827284331,0,0.235381382040496,0,0,0
0,0,0,0,0,-0.556336699769469,-0.787555883900019,0,0.0322081590423853,0,0,0,0,0,-0.571180970718909,0,0,0,0,0.00678518133275818,0,0,0,0,0.65786048687215,0,0,0,0,0,0,0,0,0,0,0,0,0.277924452908859,0,0,0,0,0,0,0,0,0,0,0,0,0,0,0,0,0,0,0,0.0416222805645434,0,0,0,0,0,0,0,-0.434207260240327,0,-0.0909125117190881,0,0,0,0,0,0,0,0,0,0.278174974643133,0,0,0,0,0,0,0,0,0,0,0,0,0,0,0,0,-0.910770722779182,0,0,0,0,0,0,0,-0.142946451277667,0,0,0,0,0,0,0,0,0,0,0,0,0,0,0,0,0,0,0.15802186468789,0,0,0,0,0,0,0,0,0,0,-0.174955548221533,0,0,0,0,0,0,0,0,0,0,0,0,0,0,0,0,0,-0.741431583707738,0,0,0,0,0,0,0,0,0,0,0,0,0,0,0,0,-0.308319400404216,0,0,0,0,0,0,0,0,0.22623725015615,0,0,0,0,0,0,0.283330914603725,0,0,0,-0.95193583796998,0,0,0,0,-0.480606537059051,0,0,-0.0211262026183738,-0.285430830990354,0,0,0
0,0,0,0,0,-2.13191789198898,0,0.0866870254146395,0,0,0,0,0,0,0,0,0,0,0,0,0,0,0,0,0,0,0,0,0,0,0,0,0,0,0,0,0,0,0,0,0,0,0,0,0,0,0,0,0,0,0,0,0,0,0,0,0,-0.0026451924015416,0,0,0,0,0,0,0,0,0.867001951800983,0,0,0,0,0,0,0,0,0,0,0,0,0,0,0,0,0,0,0,0,0,0,0,0,0,0,0,0,0,0,0,0,0,0,0,0,0,0,0,0,0,0,0,0,0,0,0,0,0,0,0,0,0,0,0,0,0,0,0,0,0,0,0,0,0,0,0,0,0,0,0,0,0,0,0,0,0,0,0,0,0,0,0,0,0,0,0,0,0,0,0,0,0,0.165653968336183,0,0,0,0,0,-1.52374737331093,0,0,0,0,0,0,0,0,0,0,0,0,0,0,0,0,0,-0.28837781185063,0,0,0,0,0,0,0,0,0,0,0,0,0,0,0
0,0,0,0,0,-1.59663512148179,0,0,0,0,0,0,0,0,0,0,0,0,0,0.276338093889006,0,0,0,0,0,0,0,0,0,0,0,0,0,0,0,0.0296111186404262,0,0,0,0,0,0,0,0,0,0,0,0,0,0,0,0,0,0,0,0,0,0,0,0,0,0,0,0,0,0.423791052721652,0,0,0,0,0,0,0,0,0,0,0,0,0,0,0,0,0,0,0,0.144206098545437,0,0,0,0,0,0,0,0,0,0,0,0,0,0,0,0,0,0,0,0,0,0,0,0,0,0,0,0,0,0,0,0,0,0,0,0,0,0,0,0,0,0,0,0,-0.341664928455044,0,0,0,0,0,0,0,0,0,0,0,0,0,0,0,0,0,0,0,0,0,0,0,0,0,0,0,0,0,0,0,0,0,0,0,-1.54880283431936,0,0,0,0,0,0,0,0,0,0,0,0,0,0,0,0,0,0,0,0,0,0,0,0,0,0,0,0,0,0,0,0,0
0,0,0,0,0,0,0,0,0,0.493602457165882,0,0,-0.423986125306033,0,0,0,0,-0.133509872211787,0,0.827620715800571,0,0,0,0,0,0,-0.0191315695280672,0,0,0,0,0,0,0,0,0,0,0,0,0,-0.759528014056686,0,0,0,0,0,0,0,0,0,0,0,0,0,0,0,0,-0.649472300263233,0,0,-0.503323564219613,0,0,0,0,0.235630142406972,0,0,0,0,0.19318037300825,0,0,0,0,0,0,-0.171008037276175,0,0,0,-0.600357934733708,0,-0.279724562955421,0,0,0,0,0,0,0,-1.84711678987817,0,0,0,-0.00217273002131568,0.290562704385766,0,0,0,0,0,0,-0.222811993882537,0,0.864362374340321,0,0,0,0,0,0,0,0,0,0,0,0,0,-0.841304364859133,0,-0.694691089282984,-0.712504488565687,0,0,0,0,0,0,0,0,0,0.0112437021717946,0,0,0,0,0,0,0.563800885376971,-0.144632113770029,0.484877331228621,0,0,0,0,0,0,0,-1.40256848571794,0,0,0,0,0,0,0,0,0,0,0,0,-0.345773713129391,0,0,-1.57689500901811,-0.983077051311574,0,0,0.11773837864321,0,0,0,0,0,0,0,0.35017316235888,0,0,0,0,0,0,0,0,0,0,0,0,0,0,0,0,0.402357469852378,0,0,0,0,0
-0.0819252581543393,0,0,0,0,0,0,0,0.0300025276725426,0,0.521187165957236,0,0,0,0,0,0,0,0,0,0,0,0,0,0,0,0,0,0,0,0,0,0,0,0,0.14645530298133,2.11762672355244,1.04209924125052,0,0,0,0,0,0,-1.18049312563291,0,0,0,0,0,0,0,0,-2.06259297955075,0,0.239145495684462,0.822979832421759,0,0,0,0,-0.939024490480891,0,0,-1.16751674016233,0,0.152870022435995,0,0,0,0,0.493070653380373,0,0,0,-0.964572302470795,-0.834396071849059,0,0,0,-0.13573877736305,0,0,0,5.05137277935781,0.807142370315376,0,0.160883559641114,0.305082874018158,-1.30936242492033,0,1.01867785669861,0,0,-2.15338759351356,0,0,0,0,0,0,0,0,1.4482293028393,0,0.90910895166508,-0.977760263885554,0,2.33247057253265,0,0,0,-0.220233157326146,0,0,-0.0462709577356524,0,0,0,0.545854616788082,0,0,0,0,0,0,-1.17284240025122,7.34095449691694,-1.54761010530683,0,-3.40927674481374,0,0,0,0,0.134552939909207,0,0,0.936807454937213,0,0,0,0,0,0,0,0,0,0,0,0,0,0.0550595957995159,0,0,0,0,0,-0.219078602166864,0,-1.24723748706054,0,0,0,0,0,-0.573647482976162,0.276148586177243,0,0,0,0,0,0,0,0,0,0,1.20680499168281,-1.44332491604283,-0.388748031057425,0,0,0,0.0545527284221088,0,0,-2.43096183946624,0,0,0,0,0.0663568700851185,0,0,0.0173813736574779,0,0,0,0
-0.543006646511895,0,0,0,0,0,0,0,0,-0.455295994691791,0,0,0,-0.962015784375746,0,0,0.701426299183847,1.37716391445622,0,-0.877830773220424,0.224061269954188,0,0,0,1.44674985044502,0,0,0,0,0,0,0,0,-0.628894124891127,0,0,0,0,0,0,0.458753025855192,0,0,0,0,0,0,0,0,0,0,0,0,0,0,0,0,0,-0.653888636455631,0,0,-0.00089257528308595,0,0,0,0,0,0,0,0,0,0,0,0,-0.0336065410974569,-1.99684804975582,0,0,0,0,0,0,0,0,5.01530198731288,-0.284824317757594,0,0,0,0,0,0,0,-0.115503400631894,0,1.12885635195644,0,0,-0.7767456425361,0,0,0.536513683262682,0,-2.28150222980166,0,0,0,1.53765988744509,0,0,0,0,0.195100701059902,0.0455185128454514,0,-1.30891100572199,0,0.138402530142974,0,0,1.33069822928946,0,1.16781156359579,0,0,0,0,0,0,0,0,-0.977991545030513,-2.21453617457212,0,0,0,0.782662855822928,0,3.83344624862809,0,0,0,0,0,0.311525530266447,1.18987270917954,0,0,0.567319362033393,0,-1.57834786383248,0,0,0,0,0,0,-0.277854261664692,0,0,1.05743884272207,0,0,0.670792477552765,0,0.10378010610737,0,-1.97155657941261,0.125411570587405,0,0,0,0,1.9570342185086,0.0842529176261928,0,0,0,0,0.674371252809883,0,0,-0.479412312486053,0,0,1.09026961668226,0.545153439206795,0,0,0,1.01002418462383,0,0,0,0,0,0.566192363302031,0,0,0
-3.49728299565201,0,0,0,-0.0434831700502121,0,0,0,0,0,0,0.0338094510574405,0.0693695915893167,0,0,0,0,0.142817890799732,0,0,0,0,0,0.0314973183950447,2.68389711849767,0,0,0.29179723392939,0,0,0,0,0,-0.247420674576717,0,0,0,0,0,0,0,0,-0.331176823638273,-0.369772753507792,0,0,0,0,0,0,0,0,0,0,0,0,0,-1.55353885242204,-0.440365400195164,0,0,0,-0.399452550726668,0.221315702637177,-1.59594722692618,-0.0155893007809798,0,0,0,0,0,0,0.406104297393725,0,0,-1.55027194168295,0,0,0,-1.21435959187088,0,0,0,-0.347398485721343,4.0508519449217,0,0,0,0,0,0,0,0,-0.680992970978726,0,0,0,0,0,0,0,0,0,0,0,0,0,3.45201469666353,0,0,0,1.07876042233275,0.885531020572884,0,0,0,0,0,0,0,0,0,0,0,0,0,0,0,0,0,0,0,-1.17055473202075,0,0.299365100000186,0,0,0,10.7379786611192,0,0,0,0,0,0,0,0,-0.631620127224439,0,0,0,0,0,-0.258891810845134,0,0,0.159709033271451,0,0,0,0,0,0,2.46420410636215,0,0,-0.271286390094966,0,1.11781729955748,0,0,0,0,0.777575184746117,0,0,0,0,0,0,0,2.35935793170931,0,0,0,0,0,0,0,0,0,0,0,0.172486432909881,-0.854918372176071,0,0,0,0.483724442810456,0
-2.29456049589663,0,0,0,0,0,0,0.186669647093768,0,0,0,0,1.16003590827043,0,0,0,0.542976595739187,-0.450808088704302,0,0,0.437049828868405,0,0,0,1.60340606967464,0.0958234317641069,-1.04809702407882,0,0,0,0,0,0,0,0,0,0,0,0,0,0,0,-1.01617480514364,0,0,0,0,0,0,0,0,0,-1.49598433831162,0,0,0,0,-2.41637913006465,0,0,0,0,0,2.39696086714617,-1.3370574963482,0,0,0,0,0.128882033498791,0,0,0.186604691381848,0,0.52470552164073,-1.23737858341492,0.346911165541959,1.32285038962935,0,-1.01087972995229,-0.302326305566669,0,0.963043357930863,0,7.01405942150216,0,0,0,-0.0416960269353552,0,0,0,0,-0.862159034860989,0,0,0,0,0,0,-1.11132688723563,0,0,0,0.369236592787662,0,0,2.73445742564837,0,0,0,0,0.0616098659953817,0,0,0,0,0,0,0.674651201098987,0,0,-0.0905256814606465,0,0,0,0,0,0,0,0,1.647751587632,-1.28508693448991,0,1.45036160018579,-1.27351235548495,0,0,15.2332515127271,0,0,0,0,0,0,0,0,0,0.843556426396749,0.0928918330839612,0.213085799959197,0,-0.976945284369561,-0.528947298431546,0,0,0,0,0,-0.748948771904019,0.738972923028497,1.56081072130741,0,0.985463041865512,0,0,-0.831188912755031,0,3.37572400380889,0,0,0.254488738561632,0,0,0,0,0,0.330924986860246,0,0,0,0,0,0,0,0,0,0.0121819651873956,0,0,0.947954560347478,0,0,0.814583887645078,-0.974529505544723,0,0,0,0,0
0,0,0,0,0,0,0,-0.00210548279536971,1.03085509815131,0,0.128063796619246,0,0,-0.797153235345042,0,0,0,0,-0.0925023721823244,0,0,0,0,0,0,0,0,0,0,0,0,0,-0.17142685627811,0,0,1.73764326819655,0,0.132286847206814,0,0,0,0,0,0,0,-1.91876566927745,0,0,0,0,0,0,0,-1.21455501797272,0,0,0.706650830848599,-1.01460573173525,0,0,-0.0697050345269417,0,0.147571424535363,0,0,0,-0.134001432525392,0,0,0,0.631070265327381,0,0,0,0,0,0,0,0,0,0,0,0,0,0,1.79325398650495,0,0,0,-1.56059648996204,0,0,-0.0407266382819946,0,0,0,0,0,-0.757661323118077,0,-0.364372469292185,0.165265826419705,0,0,0,0,0,0,0,0,0,3.66566247912469,0,0,0,0,0,0,0,0.125517830017704,0,0,0,0,0,0,0,0,0,0,-4.98296350287777,0,0,0,0.116517934675699,0,0,0,0,0,0.892282172122656,0,0,0,0,1.75520558449866,0,0.0522366978581645,0,0,0,0,0,0,0,0,0,0,0,0,0,0,0,-0.602724931499116,0,0,0,0,-0.903145777309624,0,0,0,-0.0620210265901016,0,0.168600266217031,0,0,-0.0175435569045355,0,0,0,0,0,0,0,-0.0330969918921109,0,0,0,0,0,0,0,0,0.0336530308156275,0,0,0,0,0
0,0,0,0,0,0,0,0,0,0,0,0,0.305906012595538,0,0,0,0,0,0,0,0,0,0,0,0,0,0,0,0,0,0,0,0,0,0,0,0,0,0,0,0,0,0,0,-0.232590441271177,-0.217457834266303,0,0,0,0,0,0,0,0,0,0,0,0,0,0,0,0,0,0,0,0,0,0,0,0,-0.0273866201811663,0,0,0,0,0,0,0,0,0,0,0,-1.27324595262868,-0.465800816845066,0,0,0,0.0360513963629265,0,0,0,0,0,0,0,0.342225710524571,0,0,0,0,0,0,-0.560526433637999,0,0,0,0,0,0,0,0,0,0,0,0,0,0,-1.33662732627037,0,0,0.0359675016628933,0,0,0,0,0,0,0,0,-0.401054267130541,0,0,0,0,0,0,0,0,0,0,0,0,0,0,0,0,0,0,0,0,0,0,0,0,0,0,0,0,0,-1.29096079457768,0.383813807068496,0,0,0,0,0,-3.04970198670232,0,0,0,0,0,0,0,0,0,0,0,0,0,0,0,0,0,0,0,0,0,0,0,0,0,0,0,0,0,0,0.00209521521206879,0,0
0,0,-0.11234256934012,0,0,0,0,0,0,0,0,0,0,0,0,0,0,0,0,0,0,0,0,0,0,0,0,0,0,0,0,0,0,0,0,0,0,0,0,0,0,0,0,0,0,0,0,0,0,0.173286860280102,0,0,0,0.758846103406764,0,0,0,0,0,-0.729268447831392,0.01939819069814,0,0,-0.233002005619465,0,0,0,0,0,0,0,0,0,0,0,0,0,0,0.0421675512071809,0,0,0,0,0,0,0,0,0,0,0,0,0,0,0,0,0,0,0,-0.791365063255311,0,0,0.680179487636064,0,0,0,0,0,0,0,0,0,0,-0.472852684448072,0,0,-0.532595085089688,0,0,0,0.857720437740356,-0.0860722138897267,0,0,0,0,-0.227836975503002,-0.238002151324649,0,0,0,0,0,0,0,0,0,0,0,0,0,0,0,0,0.503978133285585,0,1.53774185864761,0,-0.0240191927839704,0,0,0,0,0,0,0,0,0,0,0,0.709405792984226,0,0,0,0.450529655814205,0,0,0,0,0,0,0,0,0,0,0,0,0,0,0,0,0,0,0,0,0,0,0,0,0,0,0,0,0,0,0,0,-0.0356731069061111,0,0,0
0,0.301526638613485,2.62207926481752,0,0.229477484195203,0,0,-0.631277333307851,0,1.85354878724323,0,0,0,0,0,0,0,0,0,0,0,0,0,0,0.144990596502841,-0.0644436316705852,0,0,0,0,0,0,0,0,0,0,0,0,0,0,0,0,0,0.490863994793969,0,0,0,0,0,0,0,0,0,0,0,0,0,0,1.4365440460726,0,-0.262838959727028,0,0,0,0.178728559647429,0,0,0,0,-0.259040811783309,0.427134796514025,0,0,0,0,0,0,0,0,0,0,0.969363302909378,0,0,0,0,0,0,0,0.377968959831473,0,1.31223669348107,0,0,0,0,0,0,0,0,1.77222772257432,0,0,0,0,0.200430468412049,0,0,0,0,0,0,-3.59079214465356,0.13156760875035,0,0,0,0,0,0,0,0,0,0,0,0,-0.446496855661634,0,0,0,0,0,-0.164264215020425,0,0,0,0,0,0,0,0,0,0,0,0,0,0,0,-1.05360740570685,0,0,0,0,0,0,0,0,0,0,7.33499019450614,0,0,0,0,0,0,0,-0.0540205223732844,0,0,0,0,0,0.251911043981395,0,-1.36687627363334,-2.03488383311455,0,0,0,0.652915113035854,0,0,1.87035004081015,0.0575747526620745,0,0,0.899925156065464,0.337630386053807,0,0.816862038350816,1.00807659853101,0,-0.226096849442549,0,0,-0.527479268297303,0,0,0
0,0,2.11561165187108,0,0.476797750592343,0.340950666547475,0,-0.797625873417867,0,1.42454747344028,0,0,0,0,0,0,0,0,0,0,0,0,0,0,0,0,0,0,0,-0.143588005785365,0,0,0,0,0,0,0,0,0,0,0,0,0,0.116515162744413,0,0,0,0,0,0,0,0,0,0,0,0,0,0,0.84547151123045,0,-0.306726324494393,0,0.0967021436706179,0,0,1.02217316376751,0,0,0,-0.267340791297423,0.810677698847374,0,0,0,0,0,0,0,0,0,0,1.28117027173888,0,0,0,0,0,0,0,0.761541950104295,0,0.357432682611391,0,0,0,0,0,0,0,0,1.22817181719016,0,0,0,0,0.303143153731451,0,0,0,0.0338769281691864,0,0,-4.36049105955752,0.896477112319118,0,0,0,0,0,0,0,0,0,0,0,-0.179102976398781,0,0,0,0,0,0,-1.47977759556905,0,0,0,0,0,0,0,0,0,0,0,0,0,0,0,-1.48943373566888,0,0,-0.294896163001623,0,0.0408372912919532,0,0,0,0,0,7.56727275432094,0,0,0,0,0,0,0,0,0,0,0,0,-0.112978266854676,1.72599350204943,0.115458419654316,-0.113682184318051,-1.76358210324252,0,0,0,1.18991091221277,0,0,2.34990941512542,0.275676774299031,0,0,0,0,0.224506830720011,0.274360554228594,1.04642657677654,0,-0.0448436430176293,-0.154405508378332,0,0,0,0,0
0,0,2.6667745627671,0,0.82273059041659,0,0,0,0,1.26997168924993,0,0,0,0,0,0,0,0,0,0,0,0,0,0,0.0556377622080457,0,-0.974817528164203,0,0,0,0,-0.026578832853472,0,0,0,0,0,0,0,0,0,0,0,0,0,0,0,0,0,0,0,0,0,0,0,0.185402440712859,0,0,0.055457307253669,0,-0.134116392919607,0,0.390845106902744,0,0,1.14239061264051,0.050074584863369,0,0,-0.255102559351503,1.18790186043277,0,0,0,0,0,0,0,0,0,0,1.0189721243594,0,0,0.0129554468758151,0,0,0,0,0.664704913990398,0,0.849918519158368,0,0,0,0,0,0,-0.394661059904416,0,0.275705293728249,0,0,0.0421768391824273,0,0,0,0,0,0,0,0,-5.02698311908143,0.22143857527692,0,0,0,0,0,0,0,0,0,0,0,-0.253387844999655,-0.120245820167233,0,0,0,0,-0.513618663219608,-1.92629802611328,0,0.0241326752825772,-0.683964831140621,0,0,0,0,0,0,0,0,0,0,0,0,-1.60251947534048,0,0,-0.0570212759872419,0,0,0,0,0,0.0670255287480597,0,6.47677659117613,0,0,0,-0.0706856950079724,0,0,0,-0.66986531568094,0,0,-0.158387798360835,0,0,1.13882612610976,0,-0.72041049341115,-2.14095884196592,0,0,0,0.922316822264698,0,0,2.25865997382663,0,0,0,0,0,0,0.825721145446682,1.34267277328648,0,0,0,0,0,0,0,0
-1.57374656758015,0,0.436779122059265,0,1.06548181886343,0,0,0.673840227897172,0,-1.49671703157287,0,0,0.229986551106055,0.0632694515748102,0.694345530714197,0,0,0,0,0,0,0,0,0,-0.0186051349032452,0,0,-0.128228504685506,0,0.138361621782111,0,0,0.900116927930479,0,0,0.413033677238103,0,2.15199195833948,0,0,0,0,0,0,0,0,0,0,0,0,0,0.813593728012746,0,-0.551003391820304,0,0,0,0,0,-0.0896632150060037,0,0.109852530928533,0,0,0,0,0,0,0,0,0,0,0,0,0,0.768106785998167,-14.2405319361414,0,0,0,0,0,0,-0.265296420342727,-0.247409274345111,0,0,0,0,0,0,0,-1.18113460885041,0,0,0,0,0,0,0,0,-0.0141475556500112,1.88432232557842,0,0,0,0,0.221414847825785,0.909587211411532,0,0,0,0,-0.147829366125681,0,0,0,0,0,1.46496256867564,0,-0.655788423707916,0,0,0,0,0,0,0,0,-2.3822394689759,0.734343791210554,0,0,0,2.25335093603549,0,0,0,-0.869693227774183,0,0,-0.494075282783229,0,0,2.49345847730818,0,1.58488178543603,0,0,0,0,0,0,1.85137120531057,0,0,0,0,1.00403902254772,-0.454414216749429,0,0,0,0,0,-0.633671594965352,0,0,0,0,0,0,0,1.79281897655859,0,-0.488285810042274,0,0,0,0,-0.0204051400741525,0,0,0,0,0,-0.81160543488725,0,0,0.252136205280574,-1.52975219677913,0,0,0,0.340484664778486,0.604726296184563,0.470979519955784,0,0
0,-0.247666193118983,0,0,0,0,0,0,0,0,0,0,-0.3005565385439,0,0.0964045972560374,0,0,0,0,0,0,0,0,0,0,0,-0.916768412272168,0.0819483394036282,0,0,0,0,-0.44147139447505,0,0,-0.278607711368148,0,0,0,0,0,0,0,0,0,0,0,0,0,0,0,0,0,0,0,0,0,0,0,0,0,0,0,0,0,0,0,0,0,0,0,0,0,0,0,0,0,0,0.495074587519259,0,0,0,0,-0.195802422871649,0,0,0,0,0,0,0,0,0,0,0,0,0,0,0,0,-0.0475728020197341,0,0,0,0,0,0,0,0,0,0,0.0890390378474599,0,0,0,0,0,-0.147378107632194,0,0,0,0,0,0,0,0.0595519179740163,0,0,0,0,0,0,0,0,-0.0905489224702498,0.584486512948886,0,0,0,0,0,0,0,0.112940582127282,0,0,0,0,0,0,0,0,0,0,0,0,0,0,0,0,0,0,0,0,0,0,0,0,0,0,0,0,0,0,0,0,0,0,0,0,0.165762993947936,0,0,0,0,0,0,0,0,-0.150412906503331,0,0,0,0,0.215484146068939,0,0,0,0,0.482932465871952
0,-0.0357484804180357,0,0,0,0,0,0,0,0,0,-0.0583194177380193,0,0,0,0,0,0,0,0,0,0,0,0,-0.0563406613181021,0,0,0,0,0,0,0,0,0,0,0,0.184133434722546,0,0,0,0,-0.0308698603269584,0,0,0,0,0,0,0,0,0,0,0,-0.89133201835443,0,0,0,0,0,0,0,0,0,0,0,0,0,0,0,0,0,0,0,0,-0.490990759083025,0,0,-1.57860956981703,0,0,0,0,0,0,0,0,0,0,0,0,0,0,0,0.145415225931318,-0.200796795898107,0,-0.553615148717644,-0.000245045568624924,0,-1.65220415302134,0,0,0.588822002059108,0.165354863203748,0,0,-0.301088971544402,0,-0.557421902312442,0,0,0,0,0,0,0,0,0,0,0,0,0,0,0,0,0,0,1.88080428749569,-0.813491272153306,0,-0.047826776096731,0,-0.657060333440523,0,0,0,0,0,0,0,0,0,0,0,0,0,0,0,0,0.787479810242972,0,0,0,0,-0.320529347521343,0,0,0,0,0,-0.0377737151079323,3.19001140733624,0,0,0,0,0,0,1.20177836564566,0,0,0,0,0,0,0,-0.672418834087384,0,0,0,0,0,0,0,0,0,0,-0.00856170491264496,0,0,0,0,0,0,0.0255618178917079,0,0,0,0,0.483319862176998
0,0,0,0,0,-0.999963660884195,0.502735648188152,0,0,0,0,0,0,0,0,0,0,0,0,0.106810928733005,0,0,0,0,0,0,0,-1.02997864115555,0,0,0,0,0,0,0,0,0,0,0,0,0,0,0,0,0,1.06095787210718,0,0,0,0,0,0,0,0,0,0,0,0,0,0,0,0,0,-4.61959731646424,0,1.66774394145035,1.9399986609536,0,0,0,0,0,0,0,0.124647261088521,-1.85572705195694,0,0,0,0.65875924933485,0,0,0,0,0,0,0,-0.611936208246733,0,0.617529195596187,0,1.2227204776573,0,0,0,0,0,0,-1.300400892966,0,-0.740305695594802,0,0,0,0,0,0,0,0.199971978466807,-0.0211781870778935,0,0,-0.524072318217469,0.1340171100811,0,0,0,-0.889573601086227,0,0,0,0,0,0,0,0,0,0,0,0,0,0,0,0,-1.31467831254047,-0.934012426987999,0,0,0,0,1.73635583767783,0,0.121099894739815,-1.54275904771907,0,0,0,0,0,-0.703598661651428,0,0,0,0,0,0,0,0,0,0,0.0172541569404701,0,-0.493206546306114,0.211753262758388,0,0,1.13656869938394,0,0,-0.173231051195909,0,0,0,0,0,0,0,-1.32698740972576,0,0.39825288940546,-0.0993930547295305,0,0,0,0,0,0.0907860150674509,0,0,-0.0922503552797138,0,0,0,0,0,0,0,0,0,0
0,0,0,0,0,0,0,0,0,0,0,0,0,0,0,0,0,0,0.436103693976738,0,0,0,0,0,0,0,0,0,0,-0.805594220065329,0,0,0,0,0,-0.194508197094256,0,0,0,0,0,0,0,0,0,0,0,0,0,0,0,0,0,0,0,0,0,0,0,0,0,0,0,0,0,0,0,0,0,0,0,0,0,0,0,0,0,0,0,0,2.32235554552524,0,-0.00727584427392847,0,-0.126365959975987,0.905471043528969,0,0,0,0,0,0,0,0,0,0,0,0,0,0,0,0,0,0,0.32875135821334,0,0,0,0.156454264995651,0,0,0,0,0,0,0.461637593128584,0,0,0,0,0,0,0,0,0,0,1.44123191796332,0,0,0,0,0,0,0,0,0,0,0,0,0,0,0,0,0,0,0,0,0,0,0,0,0,0,0,0,0,0,0,0,0,0,0,0,0,0,0,0,0,0,0,0,0,0,0,0,0,0,0,0,0.049710612728578,0,0,0,0,0,0,0,0.0918947930435483,0,0,0,0,0.156058132437135,0,0,0,0,0.0105445833570985,0,0
0,0,0,0,0,0,0,0,0,0,0,0,0,0,0,0,0,0,0,0,0,0,0,0,0,0,0,0,0,-0.73217495068795,0,0,0,0,0,0,0,0,0,0,0,0,0,0,0,0,0,0,0,0,0,0,0,0,0,0,0,0,0,0,0,0,0,-0.188088090585978,0,0,0,0,0,0,0,0,0,0,0,0,0,0,0,0,0,0,0,0,0,0,-0.402834189945796,0,0,0,0,0,0,0,0,0,0,0,0,0,0,0,0,0,0,0,0,0,0,0,0,0,0,0,0,0,0,0,0,0,0,0,-0.715854740084263,0,0,0,0.68790393756169,0,0,0,0,0,0,0,0,0,0,0,0,0,0,0,0,0,0,0,0,0,0,0,0,0,0,0,0,0,0,0,0,0,0.0609706845223805,0,0,0,0,0,0.262336146935007,0,0,0,0,0,0,0,0,0,0,0,0,0,0.158979321965745,0,0,0,0,0,0,0,0,0,0,0,0,0,0,0,0,0,0,0
0,0,0,0,0,0,0,0,0,0.00458980287935717,0,0,0,0,0,0,0,0,0,0,0,0,0,0,0,0,-0.278490694230144,0,0,0,0,0,0,0,0,0,0,0,0,0,0,0,0,0,0,0,0,0,0,0,0,0,0,0,0,0,0,0,0,-1.15623484951302,0,0,0,0.00875517091180456,0,0,0,0,0,0,0,0,0,0,0,-0.756277830732625,0,0,0,0,0,0,0,0,0,0,0,0,0,0,0,0.105695441854039,0,0,0,0,0.179093146394399,0,0,0,0,0,0,-0.270321021700875,0,0,0,0,0,0,0,0,0,0,0,0,0,0,0,0,0,0,0,0,0,0,0,1.81301833228954,0,0,0,0,0,0,0,0,0.0474463193208901,0.847840254408675,0,0,0,0,0,0,0,0,0,0,0,0,0,0,0.344282838396104,0,0,0,0,0,0,0,0,0,0,0,0,0,0,0,0,0,0,0,0,0,0,0,0,0,0,0,0,0,0,-0.301183167144031,0,0,0,0,0,0,0,0,0,0,0,0,0,0,0,0
0,0,0,0,0,0,0,0,0,0,0,0,0,0,0,0,0,0,0,0,0,0,0,0,-1.02012099790279,0,0,0,0,0,0,0,0,0,0,0,0,0,0,0,0,0,0,0,0,0,0,0,0,0,0,0,0,0,0,0,0,-0.750634625746761,0,0,0,0,0,-0.781503440584014,0.384800096149091,0,0,0,0,0,0,0,0,0,0,0,0,0,0,0,0.1115915542511,0,0,0,0,0,0,0,0,0,0,0,0,0,0.834156070240059,0,0,0,0,0,0,0,0,0,0,0,0,0,0,0,0,0,0,0,0,0,0,0,0,0,0,0,0,0,0,0,0,0,0,0,0,-0.0999454982631207,0,0,0,0,0,0,0,0,0,0,0,0,0,0,0,0,0,-0.97854724816297,0,0,0,0,0,0,0,0,0,0,0,0,0,0,0,0,0,0,-0.222401671171916,0,0,0,0,0,0,0,0,0,0,0,0,-0.0373856527464644,0,0,0,0,0,0,0,0,0,0,0,0,0,0,0,0,0,0
0,0,2.62116923164002,0,0,1.20279197238449,2.6149715674437,0,0,-0.66742324357761,0,0,0.797107812457512,0.00384076850019288,0,0,0,0,0,-0.88223668456465,0,0,0,0,0,0,0,0,0,-0.777366764224614,0,0,0,0,0,0,0,-1.06540538240601,0,0,0,0,0,0.494909318714633,-0.653451237757948,0,0,0,0,0,0,-1.32079864433593,0,0,0,0,0,0,0,0,0,-0.844680816160968,0,0,0,0,-0.167239757780788,0,0,0,-1.57567544812509,-0.0857683107073515,-0.319133291499248,0,0.148462581855206,0,0,-0.438980685946605,0,0,0,-0.81412190465655,0,0,0.0110841227135787,0,0,0,0,0,0,0,0,0,0,-0.168163898408934,0,0,0,0,0,0,0,0,0,-1.84487704081746,0,0.31590312781825,0,0,0,0,0,0,-0.221489462215182,0,0,0.271239097380233,-0.136191870349091,0.401867639946285,0,0.0703973421879789,1.89941929126418,0,0,0,0,2.13041446761515,0,-0.058077077238545,0.225183909358255,0,0,0,0,0.286244278340707,0,0,0,0,0,0,0,-0.103681982970876,0,0,0,0,0,0.637100265835955,0,0,0,0,0,-0.132444100037738,0,0,0,0,0,-0.199905915384375,0,0,0,0,-0.21400612085779,0,0.0920443138353151,0,0.122420093342211,0,0,0,0,-1.14680591898661,0,0,0,0,0,0,0,-1.89228129172485,0,0,0,0,0,0,0,0,0,0,0,0,1.28192902411963,0,0,0.23710148801839
0,0,0.825155089682844,0,0,0,0.449838723925799,0,0,0,0,0,0,0,0,0,0,0,0,-0.033701554646081,0,0,0,0,0,0,-0.0438773293463117,0,0,-0.107329691908214,0,0,0,0,0,0,0,0,0,0,0,0,0,0.267875396515137,0,0,0,0,0,0,0,-0.115163843266909,0,0,0,0,0,0,0,0,0,0,0,0,0.134049681138491,0,0,0.102386221165389,0,0,0,0,0,0,0,0,0,0,-0.383407951270998,0,0,0,0,0,-0.397176038044526,0,0,0,0,0,0,0,0,0,0,0,0.892230681522333,0,0,0,0,0,0,0,0,0,0,0,0,0,0,0,0,0,0,0,0,0,0,0.796662710772607,0,0,0.257161108794663,0,0,0,1.16954497700039,3.99949480367465,0,0,0,0,0,0,0.0302255238338183,0,0.238858236649499,0,0,0,0,0,0,0,0,0,0,0,0,0,0,0,0,0,0,0,0,0,0,0,0,0,0,1.16073413415584,0,0,0,0,0,0,0,0,0,0,0,0,0,-0.113896605762076,-0.529180219503416,0,0,0,0,-2.31197405711623,0,0,0,0,0,0,0,0,0.418030324803776,0,0,0,0,0.192251792661999,0,0
0,0,0,0,0,0,0,0,0,-0.633067196685609,0,0,0,0,0,0,0,0,0,2.17575562777275,0,0,0,0,0,0,0,0,0,0,0,0,0,0,0,0,0,0,0,0,0,0,0,0,0,-0.099999977627752,0,0,0,0,0,-0.474072441661588,0,0,0,0,0,-0.0743295561740744,0,0,0,0.389783688367393,0,0,0,0,0,0,0,0,0,0,0,0,0,0,0,0,0,0,0,0,0,0,0,0,0,0,0,-0.222540793086796,0,-0.559777329572469,0,0,0,-0.195926470744552,0,0,0,0,0,0,0,0,0,0,0,0,0.00420821940934957,0,0,0,0,0,0,0,0,0,0,0,0,0,0.24154935373952,0,0,0,0,0,0,0,0,0,0,0,0,0,0,0,0,0.253381847121106,0.466843193629392,0,0,0,0,0,0,0.289097805739067,0,0,0,0,0,0,0,0,0,0,0,0,0,0,0,0,0,0,0,0,0.0978078534049232,0,0,0,0,0,0,0,0,0,0,0,0,0,0,0,0,0,0,0,0,0,0,0,0.0791835129022722,0,0,0,0,0,0,0
0,0,0,0,0,0,0.535116803786674,1.24769170165965,0.196180669566145,-0.53306472542179,-0.350740487644728,0,0,0,0,0,0,0,0,2.1564763660906,0,0,0,0,0,0,0,0,-0.0618923465996628,0,0,0,0,-0.894062361115384,0,0,0,0,0,0,0,0,0,0,0,0,0,0,0,0,0,-2.74975961551446,0,0,0.133989146879326,0,0,0,0,0,0,0,0,0,0,0,0,0,0,0,0,0,-0.419589187441271,0,0,0,0,0,0,0,0,0,0,0,0,0,0,0,0,0,0,0,0,0.0372605000541466,-0.264482744926531,0,0,0,0,0,0,0,0,0,0,0,0,0,0,0,0,0,0,0,0,-0.0740749630643573,0.132195501818599,0,0.0624779950268459,0,0.137073320471386,0,0.389658202860858,0,0,0,0,0,0,0,0,0,0,0,0,0,0.320661096609596,0,0,0,0,0,0,1.66998308511577,0,0,0,0,0,0,0,0,0,0,0,0,0,0,0,0,0,0,1.06582987284825,0,0,0,0,0,0.280195941431134,0,0,0,0,0.488448062276831,0,0,0,0.496724835680973,0,0,0,0,0,0,0,0,0.0278804342361645,0,0,0,0,0,0,0,0,0,0,0,0.473889536498012,0.0297540253522708
0,0,0.572374754391136,0,0,0,0,0,0,-0.488920889927995,0,0,0,0,0,0,0,0,0,3.09793767043302,0,0,0,0,0,0,0,0,0,0,0,0,0,0,0,0,0,0,0,-0.143917521841083,0,0,0,0,0,0.0809319527512979,0,0,0,0,0,-2.03239719758922,0,0,0,0,0,0,0,0,0,0,0,0,0,0,0,0,0,0,0,0,0,0,0,0,0,0,0.501815850344431,0,1.41059498803291,0,0,0,0,0,-1.09293908536399,0,0,0,0,-0.219742022294119,0,0,0,-0.973223861710105,0,0,0,0,-0.103817506610253,0,0,-0.100669624266537,0,0,0,-0.299344076900066,0,0,0,0,0,0,0,0,0,0,0,0,0,0.444746109593016,0,0,0,0,0.400665568889919,0,0,0,0,1.34728532105618,0,0,0,0,0,0,0,1.45517748943769,0,0,0,0,0,0,0,0.356880921796419,0,0,0,0,0,-1.03610558478681,0,0,0,0,0,0,-0.605633569355897,0,0,-0.0439176410834243,0,0,0,0,0.943152075103245,0,0,0,0,0,0,0,0,0.634513565117722,0,0,0,0,0,0,-0.568029950432674,0,0.121161377212868,0,0,0,0,0,0,0,0,0,0,0,0,0
0,0,0,0,0,0,0,0,0,-0.573628649378878,0,0,0,0,0,0,0,0,0,0,0,0,0,0,0,0,0,0,0,0,0,0,0,-0.104236089390104,0,0,0.186143733764307,0,0,0,0.171266942321393,0,0,0,0,0,0,0,0,0,0,0,0,0.507543626250125,0,0,0,0,0,0,0,0,0,0,0,0,0,0,0,0,0,0,0,0,0,0,0,0,0,0,0,0,0,0,0,0,-0.452324057290546,0,0,0,0,0,0,0,0,0,0,0,0,0,0,0,0,0,0,0,0,0,0,0,0,0,0,0,0,0,0,0,0,0,0,0,0,0,0,0,0,0,0,0,0,0,0,0,0,0,0,0,0,0,0,0,0,0,0,0,0,0,0,0,0,0,0,0,0,0,0,0,0,0.198181787393619,-0.378227363819514,0,0,0,0,0,0,0,-0.210748521271216,0,0,0,0,0,0,0,0,0,0,0,0,0,0,0,0,0,0,0.244454694703178,0,0,0,0,0,0,0,0,0,0,0,0
0,0,0,0,0,0,0,0,0,0,0,0,0,0,0,0,0,0,0,0,0,0,0,0,0,0,-0.270705680902522,0,0,0,0,0,0,-0.0190926295638552,0,0,0,0,0,0,0,0,0,0,0,0,0,0,0,0,0,0,0,0,0,0,0,0,0,0,0,-0.0206736935360352,0,0,0,0,0,0,0,0,0,0,0,0,0,0,0,0,0,0,0,0,0,0,0,0,-1.42082618491937,0,0,0,0,0,0,0,0,0,0,0,0,0,0,0,0,0,0,0,0,-0.366939793905922,0,0,0,0,0,0,0,0,0,0,0,0,0,0,0,0,0,0,0,0,0,0,0,0,0,0,0,0,0,0,0,0,0,0,0,0,0,0,0,0,0,0,0,0,0,0,0,0,0,0,0,0,0,0,0,0,0,0,0,0,0,0,0,0,0,0,0,0,0,0,0,0,0,0,0,0,0,0,0,0,0,0,0,0,0,0,0,0,0,0,0,0
0,0,-0.89617869461682,0,0,0,0.299987547852119,0,0,0,0,0,0,0,0,0,0,0,0,0,0.00685628266697602,0,0,0,0,0,0,0,0,0,0,0,0,0,0,0,0,0,0,0,0,0,0,0,0,0,0,0,0,0,0,0,0,-0.427270019243233,0,0.127476233102037,0,0,0,0,0,0,0,0.0428904412637441,0.296732718966686,0,0,0,0,0,0,0,0,0,0,0,0,0,0,-0.166690863766097,0,0,0,0,0,0,0,0,0,0,0,0,0,-0.629114460793877,0,0,0,0,0,0,0,-0.351236999849859,0,0,0,0,0,0.0819748087383199,0.17284864533318,0,-4.22096467283167,0,0,0,1.18565629687879,0,0,0,0,0,0,0,-0.899661699295076,0,0,0,0,0,0,0,0,0,0,0,1.56491527973106,0,0,0,0,0,0,0,0,0,0,0,0,0,0,0,0,0,0,0,0,0,0,0,0,0,0,0,0,0,0,0,0,0,0,0.103530995495806,0,0,0,0,0,0,0,0,0,-0.0113746111958535,0,0,0,0,0,0,0,0,0,0,0,0,0,0,0,0,0,0,0,0
0,0,0,0,0,0,0,0,0,0,0,0,0,0,0,0,0,0,0,0,0,0,0,0,0.0114938404396718,0,0,0,0,0,0,0,0,0,0,0,0,0,0,0,0,0,0,0,0,0,0,0,0,0,0,0,0,0,0,0.628351111883805,0,0,0,0,0,0,0,0,0,0,0,0,0,0,0,0,0,0,0,0,0,-0.0460207050385764,0,-0.273596030769751,-0.652158313455739,0,0,0,0,0,0,0,0,0,0,0,0,0,-0.0566871219464766,0,0,0,0,0,0,0,0,0,0,0.368555944402503,0,0,0,0,-3.92372111033899,0,0,0,0.00760141698515793,0,0,0,0,0,0,0,-0.663287066167583,0,0,0,0,0,0,0,0,0,0,0,-0.236885950354374,0,0,0,0,0,0,0,0,0,0,0,0,0,0,0,0,0,0,0,0,0,0,0,0,0,0,0,0,0,0,0,-0.527974158851517,0,-0.21221932168018,0,0,0,0,0,0,0,0,0,0,0,0,0,0,0,0,0,0,0,0,0,0,0,0,0,0,0,0,0,0,0
0,0,0,0,0,0.0826947929956525,0,0,0,0,0,0,0,0,0,0,0,0,0,0,0,0,0,0,0.856040119099253,0,0.398367046099259,0,0.0982492918549718,0,0,0,0,0,0,0,0,0,0,0,0,0,0,0,0,0,0,0,0,0,0,0,0,-0.465168370126844,0,0.408946452083182,0,-0.286330921527988,0,0,0,0,0,0.302564288362936,0,0,0,0,0,0,0.0786393147051181,0,0,0,0,0,0,-1.10437242061518,-0.492987447651178,0,0,0,-0.0571302231757209,0,0,0,0,0,0,0,0,0,0,0,-0.679212621274161,0,0,0,0,0,0,0,0,0.538121335119058,0,2.37823061316225,0,0,0,0,-3.68864179595013,0,0,0,0.629921301206283,0,0,0,0,0,0,0,-0.0452363378342964,0,0,0,0,0,0,0,0,0,0,0,-4.79048031677082,0,0,0,0,0,0,0,0,0,0,0,0,-0.280958993706295,0,0,0,0,0,0,0,0,0,0,0,0,0,0,0,0,0,0,-0.62938147386171,0,0,0,0,0,0,-0.480176315733069,0.641079973277178,0.05864098291562,0,0,0,0,0,0,0,0,0,0,0,0,0,0,0,0,0,0,0,0,-0.310321279090629,0,0,0
0,0,0,0,0,0.280764535784846,0,0,0,0,0,0,0,0,0,0,0,0,0,0,0,0,0,0,1.16599971278049,0.184310974631288,1.24950732706502,0.543609295547045,0,0,0,0,0,0,0,0,0.142838442317792,0,0,0,0,0,0,0,0,0,0,0,0,0,0,0,0,0,0,0.698132149243629,0,-0.781335698316699,0,0,0,0,0,0.502934490992508,0,-0.105250166001863,0,0,0,0,0,0,0,0,0,0,0,-1.51935152957838,0,0,0,0,-0.224441665073544,0,0.514074837087227,0,0,0,0,0,0,0,0,0,-1.06285446810618,0,0,0,0,0,0,0,0,0,0,3.10606240037719,0,0,0,0,-3.09423849523659,0,0,0,0.102151047382296,0,0,0,0,0,0,0,0,0.0182667192643424,0,0,0,-0.243100879582371,0,0,0,0,0.272997239734551,0,-6.5307596585238,0,0,0,0,0,0.462892271828259,-0.0289748887681454,0,0,0,0,0,-0.421419274743134,0,0,0,0,0,0,0,0,0,0,0,0,0,0,0,0.0253202999708053,0,0,0,0,0,0,0,0,0,-0.530449702342939,1.86622449691801,0,0,0,0,0,0,0,0,0,0,0,0,0,0,0,0,0,0,0,0,0,-0.593063526753388,0,0,0
0,0,0,0,0,0,0,0,0,0,0,0,0,0,0,0,0,0,0,0,0,0,0,0,0.756698899067979,0,1.76975153003261,0,0,0,0,0,0,0,0,0,0.103649742715944,0,0,0,0,0,0,0,0,0,0,0,0,0,0,0,0,-0.0997366658226508,0,1.1484135548605,0,-0.361823034920333,0,0,-0.47709872726536,0,0,0.0749551680701062,0,-1.32255638993137,0,0,0,0,0,0,0,0,0,0.113968246002349,0,-0.968490329796361,0,0,0,0,-0.121814328084972,0,1.49550801117926,0,-0.0801425888814402,0,0,0,0,0,0,0,-0.621481805078516,0,0,0,0,0,0,0,0,0,0,3.47418234784682,0,0,0,0,-2.71231758997858,0,0,0,0.161523233554607,0,0,0,0,0,0,0,0,0.278515922493176,0,0,0.521660892227397,-0.426327595372839,0,0,0,0,0,0,-7.18554659674128,0,0,0,0,0,0.034669064389756,-0.647709235418253,0,0,0,0,0,0,0,0,0,0,0,0,0,0,0,0,0,0,0,0,0,0.795137494927019,0,0,0,0,0,0,0,0,0,-1.76536160606789,2.35705670393196,0,0,0,0,0,0,0,0,0,0,0,0,-0.0781987083205946,0,0,0,0,0,0,0,0,-0.495662238205742,0,0,0
0,0,0,0,-0.00192706928588438,0.451759896355475,-2.60232164855905,0,0,0,0.416685476780579,0,0,0,0,0,0,0,3.52247450013997,0,0,0,0,0,0.57693286670687,0,2.2106696642103,0,0,0.641690971431853,0,0,0,0,0,0.688365101566604,0.101615230349592,0,0,0,0,0,0,0,0,0,0.0572151912770662,-0.0692714555454679,0,0,0,0,0,0,0,0.752281191922678,0,0,0,0,0,0,0,0,0,0,0,0,0,0,0,0,0,0,0,-0.189388995403698,0,-0.649423726555667,0,0,0,0,0,0,2.30163093573163,-0.213268907342565,0,0,0,0,0,0,0,0,0,0,0,0,0,0,0,-1.55790961870538,0,0,0,0.234153141538312,0,0,0,0,-1.35611034716701,0,0,0,0,0,0,-0.064391435073119,0,0,0,0,-1.48219352719126,0,0,0,0,0,0,0,0.679767025586425,0,0,0,-4.8092157341578,0,0,0,0,0,1.5987197697109,0,0,0,0,0,0,0,0,0,0,0,0,0.0943546405362192,0,0,0,0,0,0,0,0,0,0,0,0,0,0,0.230087491485645,0,0,0,0,-1.26653449641766,0,0,0,0,0,0,0,0,0,0,0,0,0,-0.131103251815324,0,0,0,0,0,0,0,0,-0.535746655221296,0.54756080559324,0,0
0,0,0,0,0,0,-3.05617414982464,0,0,0,0,0,-0.195278773455949,0,0,0,-0.403973876046699,0,3.26824703142618,0,0,0,0,0,0,0,2.39126460529703,0,0,0,-0.781852163806038,0,0,0.0474261240009923,0,1.6960589084343,0,0,0,0,0,-0.106673770774566,0,0.490286387013586,-0.554250179345065,0,0,-0.0563288477796966,0,0.746977040402165,0,0.121200786116203,0.515318057897407,0,0,0.150952111063752,-0.658355599061181,0.0293655229755687,0,0,0,0,1.15981684325458,0,0,0,0,0,0,0,0,0,0,0,-0.0617504620130851,0,0,0,0,0,0,0,0,0,1.34867158519697,-0.477919571192306,0,0,0,0,0,0,0,0,0,0,0,0,0,0,0,-2.19626156925842,0,-0.590768066549053,0,1.12202500844139,0,-0.888258521521344,0,0,-0.971490770829918,0,0,0,0,0,0,0,0,1.56840044094692,0,0,-3.72880972063318,0,0,-0.251594249937917,0,0,0,0,1.34270962110004,-0.91056897081526,0,0,-1.10314090738323,0,0,0,0,0,2.34182439709736,0,0,0,0,0,0,0,0,0,0,0,0,0,0,0,0,0,0.0664256291517618,0.263034465447519,0,0,0,0.110785943558154,0,0,0,0,0,0,0,0,0,-1.61114306530092,0.935284109011254,0,0,0,0,0,0,0,0,0,0,0,0,0,0,0,0,0,0,0,0,0,-0.0912600050293275,1.63729588352935,0,0
0,0,0,0,0,0,0,0,0,0,0,0,0,0,0,0,0,0,-0.0648853980019235,0,0,0,0,0,0,0,0,0,0,0,0,0,0,0.309142598809705,0,0,0,0,0,0,0,0,0,0,0,0,0,0,0,0,0,0,0,0,0,0,0,0,0,0,0,0,0,0,0.351781011162348,0,0,0,0,0,0,0,0,0,0,-0.341146123867615,0,0,0,0,0,0,0,0,0,0,0,0,0,0,0,0,0,0,0,0,0,0,0.394078391486209,0,0,0,0,0,0,0,0,0,0,0,0,0,0,0,0.182102370260808,0,0,-3.76717376536872,0,0,0,0,0,0,0,0,0,0,0,0,0,0,0,0,0.458087045354765,0,0,0,0,0,0,0,0,-0.390426235116577,0,0,0,0,0,-0.308000126056474,0,0,0,0,0,0,0,0,0,0,0,0,0,0,0,0,-2.85731796311936,0,0.388043054913696,0,0,0,0,0,0,0,0,0,0,0,0,-0.201437228167626,0,0,-0.0189232906809909,0,0,0,0,0,0,0,0,0,0,0,0,0,0,0
0,0,0,0,0,1.35532226142691,0,0,0,-0.591761968511982,0,0.888749686252103,-0.430489202087913,0,0.235125113347761,0,0,0.670806654987006,0,0,-1.34667348735189,0,0,0,0,0,0,0,0,-0.672082344806236,1.07141886249594,0,0,-1.75780096220646,0,1.65462028886902,0,0,0,0,0,0,0,-0.704094375907763,0,1.07869985399237,0,0,0,0,0,0,-1.07787988504045,0,0.344153698268588,0,0,0,1.20041821668404,0.360077804495042,0.525623598812027,0,0,0,1.12528781191958,0,0,0,-0.630876163976549,0,-0.869606073234511,0,0,0.223869151659221,-1.45992517487712,0,0,-0.752678068624302,0,0,0,0,0,0,0,0,-0.128635067884302,0,-0.907201150892331,0,-1.18005867776197,0,0,0,0.560494865048656,0,0,0,0.613698311318456,0,1.27806755631173,2.49875773793399,0,0,0,0,0,-0.262474648361144,0,1.45196405450764,-0.625222514916532,0,0.427612242288506,0,0,0,10.781865243142,0,-0.112626952418165,0,0,0,-0.901001585059599,0,0,0,0,0,1.37932493208422,0,-7.29519737595212,1.19717140597424,1.61056114867429,0,0,0,0,0,0,0,0,1.2437470158241,0.839226478757735,0,0,0,0,0,0,0,0,0,4.40275844420129,0,1.54913206187302,0,0,0,0.541341217909273,1.00748590031249,-0.748233221090386,0,0,0,0,-0.260048183824957,0,0,0,0,-1.27074666547967,0.00713676712880051,-0.00598992546842281,0,0,0,0,0,0,7.20409153534703,-0.749162629460764,0,0,-0.787690739545626,0,-0.405071911839099,0,0,0,0.292050099425933,0.528416822515757,0,0,0,0,0,0,3.00061257553671,-0.105662510735649,0
0,0.290563200587173,0,0,0,0,0,0.0023024109542078,0,0,0,0,0,0,0.554261748007358,0,0,0,0,0,0,0,0,0,0.198404272293729,0,0,0,0,0,0.640918696764057,0,0,-0.445548961297057,0,0,0,0,0,0,-1.43005290408176,0,2.23333372791619,0,0,0,0,0,0,0,0,-1.01530467009858,0,0,0,0,0,0,0,0,0,0,0,0,0,0,0,0,0,0,-0.708191931804304,0,0,0.369368849391714,0,0,0,0,0,0,0,0.732651851640499,0,0,0,0,0,0,-2.0521183774217,0,0,-0.368756290622569,0,0,0,0,0,0,0,0,0,2.05738619274246,0,0,0,0.0386240183411486,0,-0.77292504088748,0,0,0,0.818949539128157,0,0,0,0,1.16790822262717,0.480117205618742,0,2.07334395199532,0,0.916301009740049,0,0,0,0,0,0,0,0,0,0,0,0,0,0,0,0,0,0,-0.21419148108482,2.0044762981285,0,0,0,1.00477354455545,0,0,0.0949283470354405,0.241501189142547,1.58829181482672,0,0,0,0,0,0,0,0,0.693902426198668,0.882088557064677,0,0,-0.624528752571117,0,0,0,0,3.29175828230119,0,0,0,0,-0.378549683268587,-0.0892600556824041,0,0,0,0.855068133780315,1.03005170998466,-0.718807053244475,0,0,-0.902107601070062,0,0,0,0,0,0,0.114824806436306,0,0,0,0,0,-0.840348982069634,1.36961956544922,0,-0.161923149860531
0,0,0.672201487395033,0,0.676857076376962,0,0,0,0,0,0,0,0,0,0,0,0,0,-0.134265259201767,0,-0.168443048216825,0,0,0,0,0,0,0,0,0,0,0,0,0,0,0,0,0,0,0,0,0,0,0,0,0,0,0,0,0,0,0,0,0,0,0,0,0,0,0,0,0,0,0,0,0,0,0,0,0,0,0,0,0,0,0,0,0,0,0,2.33101897972075,0,0,0,0,0,0,0,0,0,0,0,0,0,0,0,0,0,0,0,0,0,0,1.15524821302379,0,0,0,0,-0.217653247786486,0,0,0,0,0,0,0,0,0,0,0,0,0,0,0,0,0,0,0,0,0,0,0,0,0,0,0,0,0,0,0,0,0,0,0.520345992673619,0,0,0,-0.579977361294325,0,0,-0.0522863752402301,0,0,0,0,0,0,0,0,0,0,0,0,0.00914868088936927,0,0,-0.782204941210781,0,0,0,0,0,0,0,0,0,0,-0.125607273029539,0,0,0,0,0,0,0.733141180620077,0,0,0,0,-1.20803534497084,0,0,0,0,0,0,0,0,0,0
0,0,-1.08262464047966,0,0,0,0,0,0,0,0,0,0,0,0,0,0,0,0,0,0,0,0,0,0,0,0,0,0,0,0,0,0,0,0,0,0,0,0,0,0,0,1.28432563404841,0,0,0,0,0,0,0,0,0,0,0,0,0,0,0,0,0,0,0,0,0,0,0.716599644160445,0,0,0,0,0,0,0,0,0,0,0,0,0,0,0,0,0,0,0,0,0,0,0,0,0,0,-0.101622187692994,0,-0.0483504760729894,0,0,0,0,0,0,0,0.0532223080330727,0,0,0,0,0,0,0,0,0,0,0,0,-0.176457131413879,0,0.072711422582187,0,0,0.39671968236631,0,0,0,0,0,0,0,0,0,0,0,0,0,0,0,0,0,0,0,-0.622699582866183,0,0,0,0,0.489764987953075,0,0,0,0,-0.00991774452474115,0,0,0,0.00848984257320984,0,0,0,0,0,0,1.59057639121728,0,0,0,0,-0.132273650780191,0,0,0,0,0,0,0,0,0,0,-0.000113754475700611,0,0,0,0,0,0,0,0,0,0,0,0,0,0,0,0,0,0,0,0,0,0
0,0,0,0,0,0,0,0,0,0,0,0,0,0,0,0,0,0,0,0,0,0,0,0,0,0,-0.510059422442113,0,0,0,0,0,0,0,0,0,0,0,0,0,0,0,0,0,0,0,0,0,0,0,0,0,0,0,0,0,0,0,0,0,0,0,0,0,0,0,0,0,0,0,0,0,0,0,0,0,0,0,0,0,0,0,0,0,0,0.587787171999388,0,0.257033721081552,0,0,0,0.0180586810637329,0,0,0,0,0,0,0,0,0,0,0,0,0,0,0,0,0,0,0,0,0,0,0,0,0,0,0,0,0,0,0,0,0,0,0,0,0,0,0,0,0,0,0,0,0,0,0,0,0,0,0,0,0,0,0,0,0,0,-0.263362390211921,0,0,0,0,0,0,0,0,0,0,0.182277655976008,0,0,0,0,-1.55373900184468,0,0.105238280144144,0,0,0,0,0,0,0,0,0,0,0,0,0,0,0,0,0,0,0,0,0,0,0,0,0,0,0,0,0,0,0
0,0,0,0,0,0,0.232375723352231,0.343111801961592,0,0.941920841047675,0,0,0,0,0.00605528808678346,0,0,0,0,0,0,0,0,0,0,0,0,0,0,0,0,0,0,0,0,0,0,0,0,0,0,0,0,0,0,0,0,0,0,0,0,0,0,0,0,0,0.372163149273792,0,0,-0.679820809018513,0,0,0,0,0,0,0,0,0,0,0,0,0,0,0,0,0,0,0,0,0,0,0,0,-0.451718790274792,-1.10127756507586,0,0,0,0,0,0,-0.243771821869214,0,0,0,0,-1.04151718264069,0,0,0,0,1.17996919964649,-0.331798328600577,0,0,0,0,0,0,0,0.40263296412685,0,-0.381527283332659,-0.228356499561859,0,0,-0.863629944149465,0,0,0,0,0,0,0,0,0,0,0.0777998047828401,0,0.11747965899362,0,0,0,0,0,0,0.116733041697755,0,0,0,0,0,0.416471147549102,0,0,0,0,0,0,0,0,0,0.6101559322622,0.602138072645982,0,0,0,0,0,0,7.95711712250185,0,0,0,0,-0.987938086501809,0.00515690213006059,0,0,0,0,0.0236770558695703,0,0,0,0.0266191574704131,0,0,0,0,0,0,0,0,0,0,0,0,0,0,0,0.497729476841331,-0.327543140289658,0,0,0,1.12175158490654,0,0
0.195067562375551,0,-0.149485588962608,0,0,0,0.177607298700829,0,0,0,0,0,0,0,0,0,0,0,0,0,0,0,0,0,0,0,0,0,0.104625588009241,0,0.263510296727692,0,0,0,0,0,0,0,0,0,0,0.322316730766297,0,0,0,0,0,0,0,0,0,0,0,0,0,0,0,0,0,0,0.0258790324301956,0,0,0,0,0,0,0,0,0,0,0,0,0,0,-0.64247449522698,0,0,0.427167782960154,0,0.869392321050854,0,-0.217796190530751,0,0,-0.901704881462811,0,0,0,0,0,0,0,0,0,0.543709001919536,0,0,0,0,0,0,2.27681781997782,-0.212994456028377,0,0,-0.0506874723073591,0,0,0,0,0,0,0,0,-0.335794143859083,0,-0.192486688527133,0,0,0,-0.210860351904318,0,0,0,0,0,0,0,0,0,0,0,0,0,0,0,0,0,0,0,0,0,0,0,0,0,0,0,0,0,0,0,0,0,0,0,0,0,0,0.00318755571482754,0,0,0,0,0,0.511347467264919,0,0,0,0,0,0,0,0,0,0,0,0,0,0,0,0,0,0,0,0,0,0,0,-0.0472631044759373,0,0,0,-0.42189894195412,0,0,0,0,0
0,0,0,0,-0.877239505836878,-0.993779920462778,-0.177101522703414,-0.0184714294805612,0,0,0,0,0.458877562978005,-1.03212622381866,0,0,0,0,0,0,0,0,0,0,0,-0.0344951526025508,0,0.263138021664724,0,0,0,0.390344920183747,0,0,0,0.456925425760079,-0.732381762671457,0,0,0,0,0,0,0,0,0,0,-0.579718703187768,0,0,0,0,0,0,0,0,0.0984864235019474,0,0,0,0,0,0,0.566207990389185,0,0,0,0.106313726590734,0,0,-1.18775162772194,0,0,0,-0.03400716311149,0,0,0.157850369103494,0.215982473421362,0,-0.0842094242505484,0,0,0,0,0,0,0,0,0,0,0,0,0,0,0,0,0,0,0,0,0,0,1.18276072003385,0,0,0,0,0,0,0,0,0,-0.257319799106551,0,0,0,0,0,0,0,0,0,0,0,0,0,0,0,0.382661353990427,0,0,0,0,0,0,0,0,0,0,0,0,0,0.20043976309773,0,0,0,0,0,0,0,0,0,0,0,0,0,0,0,0,0,0,0,0,0,0,0.212910992033847,2.51603786649391,-0.0739439598606491,0,0.189989820314895,0,0,-0.265200601198652,0,0,0,0,0.276412516583283,0,0,0,0,0,0,0,0.0179668027270563,0,0,0,0,0,0.161151394743226,0,0,0,0.0572063207275157,0,0,0
0,0,0,0,0,0,0,0,0,0,0,0,0.614342322508765,0,0,0,0,0,0,0,0,0,0,0,0,0,0,0,0,0,0,0,0,0,0,0,0,0,0,0,0,0,0,0,0,0,0,-0.298637492388947,0,0,0,0,0,0,0,0,0,0,0,0,0,-0.26352069988347,0,0,0.376056953979403,0,0,0,0,0,0,0,0,0,0,0,0,0.514021085973818,0,0,0,0,0,0,-0.99130930995043,0,0,0,0,0.0112711409170139,0,0.131081200325617,0,0,0,0,0,0,0,0,0,0,0,0.244956409192991,0,0,0,0,0,0,0,0,0,0,0,0,0,0,0,0,0,0,0,0,0,0,0,0,0,0,0.266706713365642,0,0,0,0,0,0,0,0,0,0,0,0,0,0,0,0,0,0,0,0,0,0,0,0,0,0,0,0,0,0,0,-0.0589528230769965,0,0,0,0,0,0,0,0,0,0,0,0,0,0,0,0,0,0,0,0,0,0,0,0,0,0,0,0,0,0,0,0,0,0.0953287106957359,0,0,0
0,0,0,0,0,0,0,0,0,0,0,0,0,0,0,0,0,0,0,0,0,0,0,0,0,0,0,0,0,0,1.71544710051178,0,0,0,0,0,0,0,0,0,0,0,0,0,0,0,0,-0.39847553029672,0,0,0,0,0,0,0,0,0,0,0,0,0,-0.130131329597094,0,0,1.3086820801512,0,0,0,0,0,0,0,0,0,0,0.390300158625122,0,0,1.24562878797172,0,0,0,0,0.550558377854854,0,0,0,0,0,0,0,0.680978363018641,-0.179753574875684,0,0,0,0,0,0,0,-0.40077941201252,0,0,0,0,0,0,0,-0.539124000004692,0,0,0,0,0,0,0,0,0,0,-0.403315715814904,0,0,0,0,0,0,0,0,0,1.45821336683066,0.611102929855684,0,0,0,0,0,0,0,0,0,0,0,0,0,0,0,0,0,0,0,0,0,0,0,0,0,0,0,0.0957346269565136,0,0,0,0,0,0,0,0,0,0,0,0,0,0,0,0,0,0,0,0,0,0,0,0,0,0,-0.0164071902535468,0,0,0,0,0,0,0,0,0,0,0.415322895211308,0,0,0
0,0,0,0,0,0,0,0,0,0,0,0,0.851132242757489,0,0,0,0,0,0,0,0,0,0,0,0,-0.0991038763284291,0,0,-0.211062665032726,0,1.06615175305978,0,0,0,0,0,0,0,0,0,0,0,0,0,0,0,0,-0.585112348035118,0,0,0,0,0,-0.309636363331717,0,0,0,0,0,0,0,-0.131440032159292,0,0,0,-1.13473788107138,0,0,0,0,0,0,0,0,0,0.537065933218185,0,0,0,0,0,0,0,0,0,0,0,0,0,0,0,0,0,0,0,0,0,0,0,0,-0.408060346706129,0,0,0,0,0,0,-0.0641716217660102,0,0,0,0,0,0,0,0,0,0,0,0,0,0,0,0,0,0,-0.296590080362506,0,0,1.26703966277686,0,0,0,0,0,0,0,0,0,0,0,0,0,0,0,0,0,0,0,0,0,0,0,0,0,0,0,0,0,0,0,0,0,0,0,0,0,0,0,-0.950747856906962,0.0911834696521965,0,0,0,0,0,0,0,-0.0107712933572071,0,0,0,0,0.680016434774305,0,0,0,0,0,0,0,0,-0.344267292724939,0,0,0,0.185199910006826,0,0,0
0,0,0,0,0,0,0,0,0,0,0,0,0,0,0,0,0,0,0,0,0,0,0,0,0,0,0,0,0,0,0,0,0,0,0,0,0,0,0,0,0,0,0,0,0,0,0,0,0,0,0,0,0,0,0,0,0,-0.228305796957936,0,0,0,0,0,0,0,0,0,0,0,0,0,0,0,0,0,0,-0.878581932428346,0,0.541163854936084,0,0,0,0,0,0,-1.40682076064396,0,0,0,0,0,0,0,0,0,0,0,0,0,0,0,0,3.13097733585384,-0.856585794330619,0,0,0,0,0,0,0,0,0,0,0,0,0,0,0,0,0,0,0,0,0,0,0,0,0,0,0,0,0,0,0,0,0,0,0,0,0,0,0,0,0,0,0,0.22739953027174,0,0,0,0,0,0,0,0,0,0,0,0,0,0,0,0,0,0,0,0,0,0,0,0,0,0,0,0.0865963388824422,0,0,0,0,0,0,0,0,0,0,0,0,0,0,0,0,0,0,0,0,0,0,0,-0.0644405984551744
0,0,0,0,0,-0.252896275756687,0,0,1.58482086638502,0.804384367136564,-0.738622270829728,0,0,0.505808033475798,0,0,0,0,0,-0.176149947941534,0,0,0,0,0,0,-0.680060877708033,-0.54081021232551,0,3.94398842966881,-0.0701425300182821,0.123507833941608,0,0,0,0,0,0.505689367823333,0,0,0,0,0,0,0,0,-0.536148232935988,0,0,0,0,0,0,0,0,0,0.131147310324927,0,0,0,1.073846353656,0,-0.342568032000093,0,0,0,0,0,0,0,0,0,0,0.287552058745013,1.29809434441829,0,0,0,1.76368052184423,0,0.884119233804775,0.810347215224099,0,0,0.514169328543675,-1.04279341925272,0.958617303695798,0,0.606735141103183,0,0,0,0,0,0,0,0,-1.25807773486266,0,0,0.832227332169442,0,2.63372688459262,0,0,0,0,0,0,0,0,0,0,-1.59443704240796,0,2.58081688005511,0,0,0,0,0,-0.665624288905567,3.61956843891765,0,0,0,-2.28180436943751,0,0,0,0,0,0,0,0.515688037139027,1.02152776860412,0,-0.112246601324976,0,0.926234409311987,0,-1.18789357733958,0,0,0,0,0,0,0.574735044983421,0.207599536864619,0,0,-0.127840644662229,0.301445271857741,1.14182011575845,0.0487763691339904,0,0,0,0,0,0,0.950241624717256,0,0,0.192014613729887,0,0,0,0,0,0,0,0,0,0,-0.00218521524081883,0,0,-2.12411609388618,-0.361922441915328,1.91822362802103,0,0,0,0,0,0,0,0,0,0,0,0,-0.0753870876871945,0.476121578472057,0,1.15493574891913,0,-3.16079312993991
0,-0.249639997806521,-4.03917561418669,0,0,0,0,0,0,0,0,0,0,0,0.25235931784483,0,0,0,-0.386152499944426,0,0,1.25397014755273,0.631656924528425,0,0,-0.87595611412602,0,0,0,0,0,0,0,0,0,0.145688945674576,0,0,0,0,0,0,0,0,0,0,0,-0.00525749745687398,0,-0.0690077157284066,0,0,0,-1.19470408835205,0,0,0,1.36466581471602,0,0,0.409354272348815,0,0,1.22040875432382,0.202246570107978,0.870677715039969,0,0,0,0,0,0,0,0,0.0173409050985545,0,-23.6081613502104,0,0,0,0,0,0,0,0,-1.94802034092388,0,0,0,0.0199009473934018,0,0,0,0,0,-0.866671157500302,0,-0.349893698638708,0.505571544989869,0,0,-1.33995219463979,0,0,0,0,-2.29586828815843,0,0,0.208866349063988,0,0,0,0.485427975903326,-2.39177121189188,0.579430198681009,0,0,0,0,0,1.71666811562757,0,0,0,0,0,0,0,0,0,0,0,0,0.762747113632824,0,0,0,-0.370314098281905,0,0,0,0,0,0,0,0,-1.438555657272,0,0,-0.289304202577524,0.289864393509393,0,0,-2.4172205767403,0,0,0,0,0,0,0,0,0,0,0,0,0,0.599063265665091,-0.196581769153819,0,-1.66133825992169,0,0,0,0,0,0,0,0,1.22715158447745,0.595724229895995,0,0,0,0,-0.307841392691854,1.78660948932238,0,0,0,0,0,0,0,-1.96108903288361,-2.32207394771518,-4.5322583328291,0,-1.24560278267285
0,0,0,0,-2.63098926549678,0,0,0.0389470862394787,0,-0.161437589289676,0,0,0,0,0,0,0,-0.362439686464537,-0.750978424578647,0,0,0,0,0,0,0,0,0,0,0,0,-0.058397518957215,0,0,0,0,0.653507098274415,-0.584952220574234,0,0,0,0,0,0,0,0,0,0,0,0,0,0.725286386409165,0,0.199854702033919,0,0,0,0,0,0.0549388097973598,0,0,0,0,0,-1.64430126954076,0,0,0,0,0,0,0,0,-0.0135095177536189,0.124213695581568,2.58520368219646,-0.278948784590507,0,1.08394189099168,0,0,0,0,0,0.0922335993546046,0,0,0.645926039173503,0,0,0,0,0,0,0,0,0,0,0,0,0,0,0,0,0.0670228903148196,-7.98814497516696,0.160993885248594,0,0,0,0,0,0,0,0,0,0,0,0,0,0,0,0,0,0,0,0,0,0,0,0,0,0,0,0,0,0,0,0,0,0,0,0,0,0,0,0,0,0,0,0,0,0,0,-0.890309841505359,0,0,0,0,0,0,-0.411053337330567,-0.115683297929397,0,0,-2.36159892968411,0,0,0,0,0,0,0,0,0,0,0,0,0,0,0,0,0,0,0.0655677555990277,0,0,0,0,0,0,0,0,0,0,-0.0135419538570984,0,0,0
0,0,0,0,-2.17422088515422,0,0,0,0,0,0,0,0,0,0,0,0,0,0,0,0,0,0,0,0,0,0,0,0,0,0,0,0,0,0,0.557356125780789,0.284717452920429,0,0,0,0,0,0,0,0,0,0,0,0,0,0,0,0,0,0,0,0,0,0,0,0,0,0,0.229802471517849,0,0,0,0,0,0,0,0,0,0,-0.080570206551553,0,1.59175422040587,0,0,1.54952301768975,0,0,0,0,0,0,0,0,0,0,0,0,0,0,0,0,0,0,0,0,0,0,0,0,0,0,-7.69195874823908,0,0,0,0,0,0,0,0,-0.0964621828848342,0,0,0,0,0,0,0,0,0,0,0,0,0,0,0,0,0,0,0,0,0,0,0,0,0,0,0,0,0,0,0,0,0,0,0,0,0,0,0,0,0,0,0,0.1151064476201,0,0,0,0,0,0,-2.45764009617807,0,0.112869088740695,0,0,0,0,0,0,0,0,0,0,0,0,0,0,0,0,0,0,0,0,0,0,0,0,0,0,0,0,0,0,0
0,0,-0.179055109068218,0,-1.18859292962786,0,0,0,0,0,0,0,0,0,0,0,0,0,0,0,0,0,0,0,0,0,0,0,0,0,0,0,0,0,0,0,0.137885157962123,0,0,0,0,0,0,0,0,0,0,0,0,0,0,0,0,0,0,0,0,0,0,0,0,0,0,0,0,0,0,0,0,0,0,0,0,0,0,0,0.207352016246352,0,0,0.205327519240333,0,0,0,0,0,0,0,0,0,0,0,0,0,0,0,0,0,0,0,0,0,0,0,0,0,0,-5.88784424326088,0,0,0,0,0,0,0,0,0,0,0,0,0,0,0,0,0,0,0,0,0,0,0,0,0,0,0,0,0,0,0,0,0,0,0,0,0,0,0,0,0,0,0.208675685581221,0,0,0,0,0,0,0,0,0,0,0,0,0,0,0,0,-1.79019564847746,0,0,0,0,0,0,0,0,0,0,0,0,0,0,0,0,0,0,0,0,0.137652361513549,0,0,0,0,0,0,0,0,0,0,0,0
0,0,0.469566386695935,0,0,0,0,0,0,0,0,0,0,0,0,0,0,0,0,0,0,0,0,0,0,0,0,0,0,0,0,0,0,0.10485153517675,0,0,0,0,0,0,0,0,0,0,0,0,0,0,0,0,0,-0.232825371496528,0,0,0,0,-0.0244290919726833,0,0,0,0,0.273053495326856,0,0,0,0,0,0,0,0,-0.242716192725628,0,0,0,0,0,0,0,0.89368010132088,0,0,0,0,-0.20524297970435,0,0,0,0,0,0,0,0,0,0,0,0,0,0,0,0,0,0,0,0,0,0,-1.86894997361802,0,0,0,0,0,0,0.715861031768221,0,0,0,0,0,0,0,0,-0.512423331785643,0,0,0,0,0,0,0,0,0,0,0,0,0,0,0,0,0,0,0,0,0,0,0,0,-1.2282504698858,0,0.0568975832606955,0,0,-0.633391636721216,0,0,0,0,0,0,0,-0.955289525357979,0,0,0,0,0,-2.21925010033276,0,-0.797180856508497,0,0,0,0,0,0,-0.162701875452364,0,0,0,0,0,0,0,0,0.765175960017491,0,0,0,0,0,0,0,0,0,0,0,0,0,0,0
0,0,0,0,0.646461328642943,0,0,-0.956112331118819,0,1.07757345562286,0,0,0,0,0,0,-0.596452585639618,0,0,0.506403375505146,0,0,0,0,0,0,-0.0282324990936436,0,0,-1.40274808782515,0,0,0,0.20173458380846,0,0,0,0,0,0,0,0,0,0,0,0,0,0,0,0,0,-0.0324503719890126,0,1.70051444739311,0,0,0,0,0,0,-1.02923478685862,0,0,0,0.870450830088972,0.0646768360598702,0,0,0,0,0,0,0,0,0,-0.505029982674485,0,0,0,0,0,-0.466451211976401,0,0,0,0,0,0,0,0.256406651627149,0,0.895363377477379,0,0,-0.579697917094354,0.318271595134703,0,0,0,0,0,0,0.122581717041597,1.50003661076637,0,0,0,-1.97329160731979,-0.0427742399215192,0,0,0,0,0,-0.0163560857927723,0,0,0,0,0,0,0,0,0,0,0,-0.62492914937237,0,0,0,0,0,-0.288783626868305,0,0,-0.468780115226467,0,0,0,0,0,0,0,0,0,0,0,0,0,0,0,0,0,0.131481256022106,0,0,0,-1.13862572323747,0,0,0,0,0,0,0,-0.119702636619663,0,0,0,0,0,0,0,0.378176453996231,0,0,0,-0.80745257893958,0,0,0.431328607527973,0,0,0.0989646246219333,0,0,0,-0.185858032316513,0,0,-0.589106327079876,1.81160732037203,0,0,0,0,0,0.662034241406276,0,0
0,0,0,0,0,0,0,0,0,1.56356901045044,0,0,0,0,0,0,0,0,0,1.13951703055669,0,0,0,0,0.433650934506483,0,0,0.364292043586392,0,-0.992191421796928,0,0,0,0,0,0,0,0,0,0,0,0,0,0,0,0,0,0,0,0,0,-0.12497944010706,0,2.24327850794786,0,0,0,-0.729970872817272,0,0,-0.293741908358269,-0.270909520633981,0,0,0.97804338991605,0.226947647499517,0,0,0,0,-0.145158768952016,-0.319888751530998,0,-0.20686980596888,0,-0.355453637484066,0,0,0,0,0,0,0,0,0,0,0,0,0,0.717336670144338,0,0,0,0,-0.573446332697465,0.327352527208356,0,0,0,0,0,0,0,0.307927665619895,0,-0.110672892237666,0,-1.7758180580402,0,0,0,0,0,0,-0.667771141842665,0,0,0,0,0,0,0,0,0,0,0,0,0,0,0,0,0,0,0,0,-0.9247187839444,0,0,0,0,0,0,0,0,0,0,0,0,0,0,0,0,0,0.287551923351603,0,0,0,-0.442813752881984,0,0,0,0,0,0,0,0,0,0,0,0,0,0,0,0.577785899610335,0,0,0,-0.505285468572963,0,0,0,0,0,0.185689827158243,0,0,0,0.644109954634546,0,0,0,2.10296988757258,0,0,-0.194154661558641,0,0,1.05601520578161,0,0
0,0,0,0,0,0,0,0,0.0420808464885509,2.06125104006334,0,0,0,0,0,0,-0.230996973364802,0,0,1.23130296799418,0,0,0,0,0.601476449563626,0,0.0789819426003533,0,0,-0.615923593461888,0,0,0,0,0,0,0,0,0,0,-0.0376281307574093,0,0,0,0,0,0,0,0,0,0,0,0,2.16895487860913,0,0,0,0,0,0,-0.476440547999562,0,0,0,0.498575197511373,0,0,0,0,0,0,-0.0948678171868416,0,-0.190688571648851,0,0,0,-0.0259286893246897,0,-0.557691707569393,0,-0.686463347479847,0,0,0,0,-1.88502087052167,0,0,1.38762368623893,0,0,0,0,-1.89319874369027,0.0149897731240267,0,0,0,0,0,0,0,0,0,0,0,-2.02010892449565,0,0,0,0,0,0,-1.18278007655204,0,0,0,0,-0.00629475748372998,0,0,0,0,0,0,0,0,0,0,-0.419803904620136,0,-0.272686166556813,0,0,-0.27707255135989,0,0,0,0.0133826873209961,0,0,0,0,0,0,0,0,0.361807600931842,0,0,0,0,0.00242695851077679,0,0,0,0,0,0.34195526868511,0,0,0,0,0,0,0,0,0,0,0,0,0,0,0,0,0,-0.0902676099443058,0,0,0,0,0,0,-0.0380479250102159,0,0,0,0,0,0,1.52562392405726,0,0,0,0,0,0.493438744602304,0,0
0,0,0,0,0,0,0,0,0,1.37602712175051,-0.0393432425211415,0,0,0,0,0,0,0,0,0.296245770042178,0,0,0,0,0.281321856781856,0,0,0,0,0,-0.536528989560332,0,0,0,0,0,0,0,0,0,-0.23355089113043,0,0,0,0,0,0,0,0,0,0,0,0,0.511576222021453,0,0,0,-1.65752837248371,0,0,-0.252309881809654,0,0,0,0.522852348527343,0,0,0,0,0,0,-0.0184702440131803,0,-0.0250405977055068,0.366919786708824,0,0,-0.366138974923653,0,-0.31846797713477,0,-0.117384154126135,0,0,0.267784521566156,-0.282671372824827,-0.11588047956615,0,0,0.542790388166298,0,0,0,0,-1.45116524885386,0,0,0,0,0,0,0,0.166533066295327,0.0559716625696973,0,0,0,-1.82088989113239,0,0,0,0,0,0,-0.621241542235941,0,0,0,0,-0.440372826988042,0.0215011384556139,0,0,0,0,0,0,0,0,0.259211574054981,-0.550061907746987,0,0,0,0,0,-1.26769517028927,0,0,0,0,0,0,0,0,0,0,0,0,0,0.767544129349168,0,0,0.927766186228754,0,0,0,-0.176454102137453,0,0,0,0,0,0,0,0,0,0,-0.0484753834178813,0,0,0,0,0,0,0,0,0,0,0,0,0,0,0,-0.104752724160919,0,0,0,0,0,0,0.902427446762351,0,0,0,0,0,0.488747773814434,0,-0.0368984605482636
0,0,0,0,0,0,0,0.297693679722376,0,0.40553414126327,0,0,0,0,0,0,0,-0.650895447078287,0,0,0,0,0,0,0,0,0,0,0,0,-0.301596260930668,0,0,0,0,0,0,-0.0028014210533529,0,0,0,0,0,0,0,-1.85035495854134,0,0,0,0,0,0,0,1.22009651209404,0,0,0.193867510955871,0,0,0,0,0,0,0,0,0,0,0,0,0,0,0,0,0,0,0,0,0,0,0,0,0,0,0,0,0,0,0,0,0,0,0,0,0,0,0,0,0,0,0,0,0,0,0,0,0,0,0,0,0,0,0,0,-0.312614579699194,0,0,0,0,0,0,0,0,0,0,0,0,0,0,0,0.180089190679845,0,0,0,0,0,0,0,0,0,0,0,0,0,0,0,0,0,0,0,0.0229529073231056,0,0,0,0,0,0,0,0,0,0,0,0,0,0,0,0,0,0,0,0,0,0,0,-0.0300808231784786,0,0,0,0,0,-0.259457334396249,0,0,0,0,0,0,0,1.02375017277543,0,0,0,0,0,0,0.398032509413935,0,0,0.734363921873925,0,0
0,0,0,0,0,0,0,0,0,0,0,0,0,0,0,0,0,0,0,0,0,0,0,0,0,0,0,0,0,0,0,0,0,0,0,-0.0660342387459769,0,0,0,0,0,0,0,0,0,0,0,0,0,0,0,0,0,0,0,0,0,0,0,0,0,0,0,0,0,0,0,0,0,0,0,0,0,0,0,0,0,0,0,0,0,0,0,0,0,0,-0.285679254582665,0,0,0,0,0,0,0,0,0,0,0,0,0,0,0,0,0,0,0,0,0,0,0,0,0,0,0,0,0,0,-3.08246862877668,0,0,0,0.113376412657519,0,0,0,0,0,0,0,0,0,0,0,0,0,0,0,0,0,0,0,0,0,0,0,0,0,0,0,0,0,0,0,0,0,0,0,0,0,0,0.132442912887061,0,0,0,0,0,-1.83102946706613,0,0,0,0,0,0,0,0,0,0,0,0,0,0,0,0,0,0,0,0,0,0,0,0,0,0,0,0,0.060044027047276,0,0.103364515862524,0,0
0,-0.212056148418315,0,0,0,0.822932380750886,0,0,0,0,0,-0.169245871022127,0,0,0,0,0,0.319012210886051,0,0,0,0,0,0,0,0,-0.396488573206105,0,0,0,0,0,0,0,0,0,0,1.20025623205449,0,0,0,0,0,0,0,0.0736654177614426,0,0,0,0,0,0,0,0,0,0,0,0,0,0,0,0,0,-0.830572623369215,0,0.0287902265189393,0,0,0.111706883510509,0,0,0,0,0.353966743246449,0,0,0,0,0,0,0,0,-0.0393984088855082,0,0,0,0.779918958038723,0,0,0,0,0,0,0,0,0,0,0,0,0,0,0,0,0.90673874125068,0,0,0,0,0.0673333763788464,0,0,0,0.150302744608489,0,-0.00660982100383833,0,0,0,0,-0.230715363953039,0,0,-0.561856039178071,0,0,0,0,0,0,-0.018855326575355,0,0,0,0,-0.498036158446993,-0.294196220425113,0,0,0,0,0.0865121954943711,0,0,-0.523393082651456,0,0,0,-0.103679434903566,0.034786423097765,0,0,0,0,-0.657291345315234,0,0,0,0,0,0,0,0,0,0,0,0,-1.20900707247272,0,0,0,0,0,0,0,0,0,0,0,0,0,0,0,0,0,0,0,0,0,0,0,0,16.0651682266919,0,0,0.141019309970025,0,0,0,0,0
0,0,0,0,0,0,0,0,0,2.84781087950743,0,0,0,0,0,0,0,0,0,0,0,0,0,0,1.17727255173031,0,0.753977647346668,0,0,0,0.496378124495935,0,-0.198531150833083,0,0,-0.399096272829591,0,0,0,0,-0.616727712783351,0,0,0,0,0,0,0,0,0,0,0,0,0,0,0,0,0,0.246805266374381,0,0,0,0,0,0.949771956853383,0,0,0,0,0,0,1.70198450247117,0,0,0,0,0,0,0,0.178226559474522,0,-0.53637153307603,0.398736991391942,0,0,-0.181989210986066,0,0,0,0,0,0,0,0,0,0,0,0,0,0,0,0,0,0,0,0,-0.22971863785265,-0.424764748456109,0,0,0,0,0,0,0,0,0,0,0,0,0,0,0.457396576434373,0,0,0,0,0,0,0,0,0,-0.354131144933474,0,0,0,0,0,0,0,0,0,0,0,0,0,0,0,-0.122663087453954,0,0,0,0,0,0,0,0,0.683066174727368,0,0,0,0,0,0,0,0,-0.544678019626973,0,0,0,0,0,0,0,0,0,0,0,0,0,0.00418284682332337,0,0,0,0,0,0,0,0,0,0,2.9683045415411,0,0,0,0,0,0,0,0
0,0,0,0,0,0,0,0,0,2.4033705021954,0,0,0,0,0,0,0,0,-0.174876864124058,0,0,0,0,0,1.03511762647517,0,0,0,0,0,0,0,-0.251020806716253,0,0,0,0,0,0,0,-0.359531121753351,0,0,0,0,0,0,0,0.230265376820544,0,0,0,0,0,0,0,0,0,0,0,0,0,0,0,1.10702617131339,0,0,0,-0.159367248328835,0,0,1.69754228243445,0,0,0,0,0,0,0,0.120840579158465,0,-0.0677357915480572,0.703327905442319,0,0,0,0,0,-0.381018564250197,0,0,0,0,0,0,0,0,0,0,0,0,0,0,0,0,0,-0.250322400269371,0,0,0,0,0,0,0,0.277387997630847,0,0,0,0,0,0,0,0,0,0,0,0,0,0,0,0,0,-0.70519818395442,0,0,0,0,0,0,0,0,0,0,0.0519174529855688,0,0,0,0,0,0,0,0,0,0,0,0,0,0.44418569041965,0,0,0,0,0,0,0,0,-0.309363434202658,0,0,0,0,0,0,0,0,0,0.377213531856351,0,0,0,0.309554093642227,0,0,0,0,0,0,0.249246624517017,0,0,0,3.38476366049208,0,0,0,0,0,0,0,0
0,0,0,0,0,0,0,0,0,2.38643107968451,0,0,0,0,0,0,0,-0.0520214742384195,-0.453376577678686,0,0,0,0,0,0.393140869271808,0,0,0,0,0,0,0,0,0,0,0,0,0,0,0,0,0,0,0,0,0,0,0,0.0543583472465345,0,0,0,-0.046384492995333,0,0,0,0,0,0,0,0,0,0,0,1.5351982031659,0,-0.412429192529827,0,0,0,0,1.8801767439023,0,0,0,0,0,0,-0.275219599955245,0,0,-0.884320352981378,0.654088410696438,0,-0.140815531873085,0,0,0,-0.108217688155453,0,0,0,0,0,0,0,0,0,0,0,0,0.0322966271927423,0,0,0,0,-0.474638106819434,0,0,0,0,0,0,0,0,0,0,0,0,0,0,0,0.0559625695246544,0,0,0.16454458319431,0,0,0,0,0,0,0,0,-0.250837783807552,0,0.206439498434181,0,0,0,0,0,0,0.113624399175182,0,0,0,0,0,0,0,0,0,0,0,0,0,1.10972367782944,0,0,0,0,0,0,0,0,-1.33936544893106,0,0,0,0,0,0,0,0,0,0.0515775430552998,0,0,0,0.152896235279312,0,0,0,0,0,0,0,0,0,0,3.81275486059847,0,0,0,0,0,0,0,0
0,0,0,0,0,0,0,0,0,1.89752631382236,0,0,0,0,0,0,0,0,0,0,0,0,0,0,0,0,0,0,0,0,0,0,-0.22675344909345,0,0,0,0,0,0,0,0,0,0,0,0,0,0,0,0.175897296117353,0,0,0,0,0,0,0,0,0,0,0,0,0,0,0,0.898956759384156,0,0,0,0,0,0,0.892659676592106,0,0,0,0,0,0,0,0,0,-0.835617330207087,0.39069909587537,0,0,0,0.081336012092476,0,0,0,0,0,0,0,0,0,0,0,0,0,0,0,0,0,0,0,-0.437045786277301,0,0,0,0,0,0,0,0,0,0,-0.982296106990077,0,0.715644685317675,0,0,0,0,0,0,0,0,0,0,0,0,0,0,-0.381925496846189,0,0,0,0,0,0,0,0,0.454744844155546,0,0,0,0,0,0,-0.142181855931766,0,0,0,0,0,0,0,0,0,0,0,0,0,0,0,-1.30783067572418,0,0,0,0,0,0,0,0,0,0.359195475780821,0,0,-0.540176292157376,0.871350488874356,0,0,0,0,0,0,0,0,0,-0.0891153116374217,3.95219194609961,0,-0.29764191396658,0,0.610450444894924,0,0,0,0
0,0,0,0,0,0,0,0,0,0,0,0,0,0,0.265145781721544,0,0,0,0,0,0,0,0,0,0,0,0,0,0,0,0,0,0,0,0,0,0,0,0,0,0,0,0,0,0,0,0,0,0,0,0,0,0,1.07617418263757,0,0,0,1.11630142534833,0,-1.31436174803856,0,0,0,0,0,0,-0.859903424395824,0,0,0,0,0,0,0,0,0,0,0,0,0,0,0,0,0,0,0,0,0,0,0,0,0,0,0,0,0,0,0,0,0,0,0,0,0,0,0,0,0,0,0,0,0,0,-0.335136789325314,1.58175694361082,0,0,0,0,-0.104799769873513,0,0,0,0,0,0,0,0,0,0,-1.34188283500275,0,-0.0872130906175768,0,0,0,0,1.82745244863082,0,0,0,0,0,0,0,1.62651802202763,0,0,0,0,0,0,0,0,0,0,0,0,0,0,0,0,-0.500297925236079,0.890491947890037,0,0,-0.686253587869118,0,-0.19998186228269,0,0,0,0,0,0,0,0,0,0,0,0,0,0,0,1.64252454887778,0,0,-0.377215093111896,0,0,0,0,0,-0.0460782077094553,-0.810461645432261,0,0,0,0,0
0,0,-1.60153090260322,0,0,0,0,0,0,0,0,0,0,0,0,0,0,0,0,0,0,0,0,0,0,0,0,0,0,0,0,0,0,0,0,0,0,0,0,0,0,-0.0409640811716852,0,0,0,0,0,0,0,0,0,0,0,0,0,0,0,0,0,0,0,0,0,0,0,0,0,0,0,0,0,0,0,0,0,0.0126261298760393,0,0,1.38628798278265,0,0,0,0,0.680982398107427,0,0,0,0,0,0,0,0,0,0,0,0,0,0,0,0,0,0.398830422478201,0,0,0,0,0,0,0,0,0,0,0,0,0,0,0,0,0,0,0,0.224634513882366,0,0,0,-0.538570659721616,0,0,0,0,0,-0.830356586865087,0,0,0,0,0,0,0,0.0890410499492875,0,0,0,0,0,0,0,0,0,0,0,0,0,0,0,0,0,0,0,0,0,0,0,0,0,0,-1.50810305923868,0,0,0,0,0,0,0,0,0,0,0,0,0.16001717307815,0,0,0,0,-0.0590548955733639,0,0,0,0,0,0,0,0,0,0,0,0,0,0,0
0,0,-1.30730467344568,0,0,0,0,0,0,0,0,0,0,0,0,0,0,0,0,0,0,0,0,0,0,0,0,0,0,0,0,0,0,0,0,0,0,-0.0868989787691161,0,0,0,0,0,0,0,0,0,0,0,0,0,0,0,0,0,0,0,0,0,0,0,0,0,0,0,0,0,0,0,0,0,0,0,0,0,0,0,0,0,0,0,0,0,0,0,0,0,0,0,0,0,0,0,0,0,0,0,0,0,0,0,0,0,0,0,0,0,0,0,0,0,0,0,0,0.132757152335814,0,0,0,0,0,0,0,0,0,0,0,0,0,0,0,-0.449823434358962,0,0,0,0,0,0,0,0,0,0,0,0,0,0,0,0,0,0,0,0,0,0,0,0,0,0,0,0,0,0,-0.0832078365925948,0,0,0,0,-0.854993181238322,0,0,0,0,0,0,0,0,0,0,0,0,0,0,0,0,0,0,0,0,0,0,0,0,0,0,0,0,0,0,0,0,0
0,0,0,0,0,0,0,0,0,0,0,0,-0.0922594173766815,0,0,0,0,0,0,0,0,0,0,0,0,0,0.841008335362321,0,0,0,0,0,0,-0.230879367996415,0,0,0,0.598175686274363,0,0,0,0,0,0,0,0,0,0,0,0,0,0,0,0,0,0,0,0.675472685552498,0,-0.728414031541285,0,0,0,0,0.626762315094285,0,0,0,0,0,0,0,0,0,0,0,0,0,0,0,0,0,0,0,0.320941413214046,1.17074668159104,0,0,0,0,0,0.35026824618526,0,0,0,0,0,0,0,0,0,0,0,0,0,0,0,0,0,0,0,1.22677390213028,0,0,0,0,0,-0.664129758631357,0,0,0,0,0,0,0,0,0,0,0,0,0,0,0,0,0,0,0,0,0,0,0,-0.039469270127342,0,0,0,0,0,0,0,0,0,0,0,0,0,0,0,0,0,0,0,0,0,0,0,0,-0.990838651403243,0,-0.0869280080287274,0,0,0,0,0,0,0,0,0,0,0,0,0,0,0,0,0,0,0,0,0,-0.0668043271911305,0,0,0,-0.329954817010722,0,-0.0591123194008003,0.3000337159102,0,0
0,0,0,0,0,0,0,0,0,0,0,0,0,0,0,0,0,0,0,0,0,0,0,0,0,0,0.14589540047206,0,0,0,0,0,0,0,0,0,0,0,0,0,0,0,0,0,0,0,0,0,0,0,0,0,0,0,0,0,0,0,0,0,0,-0.140538034046122,0,0,0.348928284705634,0.180980344652471,0,0,0,0,0,0,0,0,0,0,0,0,0,-0.147518392272621,0,0,0,0,0,0.793825522868296,-0.111134563097035,0,0,0,0,0,0,0,0,0,0,0,0,0,0,-0.539100392407587,0,0,0,0,-0.318581810566411,0,0.263884428509595,0,0,0.497794841879232,0,0,0,0,0,0,0,0,0,0,0,0,0,0,0,0,-0.316476030587745,0,-0.290033713343588,0,0,0,-0.106204477165186,0,0,0,0,0,0,0,0,0,0,0,0,0,0,0,0,0,0,0,0,0,0,0,0,0,0,0,0,0,0,0,-0.272360797882113,0,-0.112334892160974,0,0,0,0,0,0,0,0,-0.448395571188047,0,0,0,0,0,0.156783688767294,0,0,0,0,0,0,0,0,0,0,0,0,0,0.766813503586421,0,0
0,0,0,0,0,0,0,-0.131405817088213,0,0,0,0,0,0,0,0,0,0,0,0,0,0,0,0,0,0,0,0,0,0,0,0,0,0,0,0,0,0,0,0,0,0,0,0,0,0,0,0,0,0,0,0,0,0,0,0,0,0,0,0,0,0,0,0,0.302248211871932,1.46264183210757,0,0,0,0,0,0,0,0,0,0,0,0,0,-1.06616946122064,0,-0.0246719013112782,0,0,0,0.5530933004609,0,0,0,0,0,0.252517184440324,0,0,0,0,0,0,0,0,0,0,0,0,0,0,-1.45850806286577,0,0,0,0,0,0,0,0,0,0,0,0,0,0,0,0,0,0,0,0,0,-0.269618321360932,0.138660281053802,-0.635241337520881,0.0877349621919519,0,0,0,0,0,0,0,0,0,0,0,0,0,0,0,0,0,0,0,0,0,0,0,0,0,0,0,0,0,0,0,0,0,0,-0.918733971514837,0,0,0,0,0,0,0,0,0,0,-0.397268496513409,0,0,0.23402482207213,0,0,0,0,0,0,0,0,0,0,0,0,0,0,0,0,0.493841845291324,0,0
0,0,0,0,0,0,0,0,0,0,0,0,0,0.0456333936915743,0,0,0,0,0,0,0,0,0,0,0,0,0,0,0,0,0,0,0,-0.427363948095839,0,0,0,0,0,0,0,0,0,0,0,0,0,0,0,0,0,0,0,0,0,0,0,0,0,0,0,0,0,0,0,0,0,0,0,0,0,0,0,0,0,0,0,0,0,0,0,0,0,0,0,0,0,0,0,-0.277863607971435,0,0,0,0,0,0,0,0,0,0,0,-0.559973127777996,0,0,0,0,-8.02777832350609,0,0,0,0,0,0,0,0,0,0,0,0,0,0,0,0,0,0,0,0,0.740684106922996,0,0,1.09767399107441,0,0,0,0,0,0,0,0,0,0,0,0,0,0,7.16210342605774,0,0,0,0,0,0,0,0,0,0,0,0,0,0,0,0,0,0,0,0,0,0,0,0,0,0,0,0,0,0,0.348802080090158,0,0,0,0,0,0,0,0,0,0,0,0,0,0,0.0797531898023243,0,0,0,0.380583081432131,0,0,0,0
0,0,0,0,0,0,0,0,-1.13882495956593,0.294105574902028,0,0,0,0,0,0,0,0,-0.402019907988074,-0.918928617259361,0,0,0,0,0,0,-0.10919503010178,0,0,0,0.535443967262334,0,0,-0.42662358376908,0.130141456845696,0,0,0,0,0,0,0,0,0.0349396573264538,0,-0.336821391796106,0,0,0,0,0,-3.13407556158129,0,0,0.211459477359139,0,0,0,0.66367162160202,0,0,1.68884066294136,0,0,0,0,0,0,0,-0.526285973598791,0,0,-0.0601806925888733,0,0,0,0,0.289314998404701,0,0,0,0,-1.75023962285829,0,0,-0.0020953400671877,-3.23535929691641,0,0,0,0,0,0,0,0,0,0,0,0,0,0,0,0,0.687811736601434,0,0,0,-6.1978912779886,0,0,0,-1.12099926004097,0.647561147784088,0.123943707745225,0,0,1.74222942504304,0,0,-0.286198704821978,0,0,0,0,0,0.32773280110219,0,-0.0488380827515069,0,0,0.0731797812015165,0,0,0,0.660138234824445,0.252321591089643,0,0,0,1.80369986180404,0,0,0,0,0,0,0,0,0,0,0,0,0,0,0,0,0,0,0,-1.3497524937105,0,0,0,0,0,0,0,0.211796795102232,0,0,0,0,0,0,0,0,0,0,0,0,0,0.21057601404824,0,-0.584678445845286,0,0.253958443889031,0,0,0,-0.130133398738374,0,0,0,0,0,0,0,0,0,0
0,0,0,0,0,0.724101488568294,0,0,0,0,0,0,0,0,0,0,0.595748375492173,-0.189851435233162,0,0,0,0,0,0,-2.48164794197345,0.712566670797778,0,0,0,0,0.405532254247384,0,0,0,0,0,0,0,0,0,0.0690541533399947,0,0.103329460065784,0,0,0,0,0,0,0,0,-4.02743678465059,0,0,0,0,0,0,0,0,0.232758440074314,0,0,-0.366614212775748,-0.304221385184245,0,0.441463027895065,0,0,0,0,0,0,0,-0.938953736463195,0,0,1.53739006219701,-0.910468302790595,0.0681118751645775,0,0,-2.37166744158655,0,0.090637906504172,0,-1.19591579222324,0,0.0390637284878883,0,0,0,0,0,-0.447520411912429,0,0,0,0,0,0.68657326213858,0,-0.017894248389746,0.735731634501855,0,0,0,-9.694754361316,-0.172640364256487,0,0,0,0,0,-0.00354509654118251,0,1.94114194281249,0,0,0,0,0,-0.378704329716327,0,0,0,0,0,0,0,0,0,0,0,2.18331055244613,0.621573225554078,0,0,0,0,0,0,0,0,0,0,0,0,0.21864723054629,0,0,0,0,0,0.27955733202146,0,0,0,0,-1.77965574541413,0,0,-0.817778459031411,0,0,0,0,0,-0.563166183450082,0,0,0,0,-0.671238360656653,0,0,0,0,0,0,0,0.781162520054845,0,-0.251169587143972,-0.498201229195729,1.44589575993687,1.13146038628331,-0.378970427062964,0,0,0,0,0,0,0,0,-0.612413984606354,0,0,0
0,0,0,0,0,0,0,-0.145683196091018,0.0759423995754851,0,0,0,0,-0.126907535490649,0,0,0,0,0,0,0,0,0,0,0,0,0,0,0,0,0,0,0,0,0,0,0,0.0946262428745395,0,0,0,0,0,0,0,0.453586211660828,0,0,0,0,0,0,0,0,0,0,0,0,0,0,0,0,0,0,0,0,0,0,0,0,0,0,0,0,0,0,0,0,0.823045902866043,0,0,0,0,0,0,0,0,0,0,0,0,0,0,0,0,0,0,0,0,0,0,0,1.2370703630121,0,0,0,0,0.258206414298718,0,0,0,0,0,0,0,0,0,-2.3723728218237,0,0,0,0,0,0,0,0,0,0,0,0,0.600380202100465,0,0,0,0,0,0,0,0,0,0,0,0,0,0,0,0,0,0,0,0,0,0,0,0,0,0,0,0,0,0,0,0,0,0,0,0,0,0,0,0,0,0,0,0,1.61652963669164,0,0,0,0,0,0,0,0,0,0,0,0,0,0,0,0.180410256972506,0,0,0,0,0,0,0,0
0,0,0,0,0,0,0.545920886829641,0,0,0,0.0576332073258055,0,0,0,0,0,1.05424776891977,0,0,0,0,0,0,0,-0.948375949176132,0.13782282787533,0,0,0,0,-0.894757599942244,0,0,-0.533654013294302,0,0,0,0.52739009122916,0,0.431428256522531,0,0,0,0,0,0,0,0,0,0,0,-0.178874275102592,0,0,0,0.243377395535774,0,0,0,0,0,0,0,0.273254989737304,0,0,0.394960157823559,0,0,0,0,0,0,0,0,0,0,0,1.04517912441394,-0.92938031666819,0.481630117036806,0,0,0,0,0,0,0,0,0,0,0.0488337650010597,0,0,0,0.611551816272864,0,0,0.888848313318634,0,0.0156088305206077,0,3.44170448615946,0,0,-0.693713780852556,0,0,0,0,0,0,0,0,0,-1.23455513811964,0.56941515131293,-0.0428700294056974,0,-0.000591109006665924,0,0,0,0,0,0,0,0,0,0,0,0,0,0,0,0,0,0,0,0,0.837516467668572,0,0,0,0,0,0,0,0,0,0,0,0,0,0,0,0,0,0,0,0,-0.0283544769303681,0,0,0,0,0.133672810351819,0,0,0,0,0,0,0,0,0,0,0,0,0,0,0,0,0,0,0,0,0,0,0,0,0,0,0,0,0,0,0,0,0.185882488621653
0,0,0,0,0,0,0,0,0,0,0,0,0,0,0,0,0,0,0,0,0,0,0,0,0,0,0,0,0,0,0,0,0,0,0,0,0,0,0,0,0,0,0,0,0,0,0,0,0,0,0,0,0.0731325232425244,0,0,0,0,0,0,0,0,0,0,0,0,0,-0.0277671180878705,0,0,0,0,0,0,0,0,0,0,0,0,0,0,0,0,0,0,0,0,0,0,0,0,0,0,0,-0.253790026250518,0,0,0,0,-0.381062001559223,0,0,2.07966961971828,0,0,-0.23138429361708,0,0,0,0,0,0,0,-0.0328960736544561,0,0,0,0,0,0,-0.0431812502304845,0,-0.196754971548653,0,0,0,0,0,0,0,0,0,0,0,-0.0422664558318799,0.0289211398801439,0,0,0,0,0,0,0,0.0565987839775473,0,0,0,0.210841295212482,0,0,0,0,0,0,0,0,0,0,0,0,0,0.00327308974153984,0,0,0,0,0,0,0.581903078309896,0,0,0,0,0,0,0,0,0,0,0,0,0,0,0,-0.231467705676687,0,0,0,0,0,0,0,0,0,0,0,-0.172995101104028,0,0,0
0,0.140108889497688,-0.252343123489948,0,0.166650674125642,0,0,0,1.12057103744428,0.40280374167614,0,0,0,0,0,0,0,0,0,0,0,0,0,0,0,0,-0.542276008498538,-0.130584494745671,0,0,0,0,0,0,0,-0.847270365769161,0,0,0,0,0,-0.1958180856283,0,0,0,0,0,0,0,0,0,0,0,0,0,0,0,0,0,0,0,0,0,0,0,0,0,0,0.0311660606877402,0,0,0,0.765003793133652,0,0,0,0,0,-0.189487194896573,0,0,0,0,0,0,0,0,0,-0.212436980186841,0,0,0,-0.989857923337727,0,0,0,0,0,0,0.374850303710378,0,0,-0.96609400053393,0,0,0,0,0,0,0,0,0,0,0,0.874513477232588,0,0,0,0,0,0,0,0,0,0,0,0,0,0.465975535109735,0,0,0,0,0,0,0,0.485018265747325,0,0,0,0,0,0,0,0,0,0,0,0,0,0,0,0.308907350056545,0,0,0,0,0,-0.85645830552164,0,-1.21837621252722,12.6675998752539,0,0,0,0,0.141939414296546,0,0,0,0,0,0,0,0,0,0.143815968124085,0,0,0,0,0,0,0,0.0231237944144074,0,0,0,0,0,0,0,0,0,0,0,0,0,0,0
0,0,0,0,0,0,0,0,0,0,0,0,0,0,0,0,0,0,0,0,0,0,0,0,0,0,0,0,0,0,0,0,0,0,0,0,0,0,0,0,0,0,0,0,0,0,0.0260432820028149,0,0,0,0,0,0,0,0,0,0,0,0,0,0,0,0,0,0,0,0,0,0,0,0,0,0,0,0,0,0,0,0,0,0,0,0,0,0,0,0,0,0,0,0,0,0,0,0,0,0,0,0,0,0,-0.832693122994419,0,0,0,0,0,0,0,0,0,0,0,0,0,0,0,0,0,0,-0.0796694953188966,0,0,0,0,0,0,0,0,0,0,0,0,0,0,0,0,0,0,0,0,0,0,0,0,0,0,0,0,0,0,0,0,0,0,0,0,0,0,0,0,-1.06757636944371,-0.058976256143505,0,0,0,0,0,0,0,0,0,0,0,0,0,0,0,0,0,0,0,0,0,0,0,0,0,0,0,0,0,0,0,0,0,0,0,0,0
0,0,0,0,0,0,0,0,0,0,0,0,0,0,0,0,0,0,0,0,0,0,0,0,0,0,0,0,0,0,0,0,0,0,0,0,0,0,0,0,0,0,0,0,0,0,0,-0.628700472325393,0,0,0,0,0,0,0,0,0,0,0,0,0,0,0,0,0,0,0,0,0,0,0,0,0,0,0,0,0,0,0.00355743851057677,0,0.114486273356984,0,0,0,0,0,-0.387836764448458,0,0,0,0,0,0,0,0,0,0,0,0,0,0,-0.278748540944601,0,0,0,0,0,0,0,0,0,0,0,0,0,0,0,0,0,0,0,0,0,0,0,0,0,0,0,0,0,0,0,0,0,0,0,0,0,0,0,0,0,0,0,0,0,0,0,0,0,0,0,0,0,0,0,0,0,0,0,-0.843854981414877,0,0,0,0,0,0,0,0,0,0,0,0,0,0,0,0,0,0,0,0,0,0,0,0,0,0,0,0,-0.315718996726259,0,0,0,0,0,0,0,0,0
0,0,0,0,0,0,0,0,0,1.01405465734571,0,0.652368225812302,0,0,0,0,0,-0.6417273642247,0,0,0,0,0,0,0,0,0,0,0,0,0,0,0,-0.111141290558911,0,0.126565402370726,0,0.779126792308388,0,0,0,0,0,0,0,0,0,0,0,0,0,0,0,0,0,0,0,0,0,0,0,-0.277242349151681,0,2.92667182031432,0.462215039786656,0,0,0,0,0,0,0,0,0,0,0,-0.559423168747668,0,1.16476031250297,-0.0279029948368608,-0.0970227032231317,0,0.749485468284843,0,-0.741511089305955,0,0.691543906364482,0,0,0,0,0,0,0,0,0,0,0,0,0,0,0,0,0,0,0,0,0,0,0,0,0,0,0,0,0,0,0,0,0,0,0,0,0,0,0,0,0,1.45325825959789,0,-1.40723514108312,0,1.2447096477926,0,0,0,1.09215683554984,0,0,-0.0604636088705697,0,0,0,0.404955767287955,0,-0.323584469194008,0,0.881955514169692,0,0,0,0,0,0,0.473298315550697,0,0,0,0,0,0,0,0.0105118522520753,0.772718410337369,0,0,0,0,0,-3.55250118773288,0,0,0,0,-1.25259689544768,-0.344332753929204,0,-0.0391531573655566,0,0.862036599078119,0,0,0,0,0,0,0,-1.40098344804977,0,0.436678020948226,0,0,0,0,0,-1.08250046878803,-0.44646436797366,0.345328124182054,0,0
0,0,0,0,0,0,0,0,0,0,0,0,0,0,0,0,0,0,0,0,0,0,0,0,0,0.183339933240531,0,0,0,0,0,0,0,0,0,0,0,0,0,0,0,0,0,0,0,0,0,0,0,0,0,0,0,0,0,0,0,0,0,0,0,0,0,0,0,-0.0768314546604927,0,0,0,0,0,0,0,0,0,0,-3.29405758133914,0,0,0,1.30216217680733,0,0,-0.730955893917846,0,0.022185627531119,-0.172107228076439,0,0,0,0,0,0,0,0,0,0,0,0,0,0,0,0,0,0,0,0,0,0,0,0,0,0,0,0.0154198684167428,0,0,0,0,0,0.398323247974673,0,0,0,0,0,-0.187943624989655,0,0,0,0,0,0,0,0,0,0,0,0,0,0,0.467483969992699,0,0,0,0,0,0,0,0,0,0,0,0,0,0,0,0,0,0,0,0,0,0,0,0,0,0,0,0,0,0,0,0,0,0,0,0,0,-0.068407010825736,0,0,0,0,0,0,0,0,0,0,0,0,0,0,0,-0.938493984583375,0,0,0,0
0,0,0,0,0,0,0,0,-0.321622691876432,0,0,0,0,0,0,0,0,0,0,0,0,0,0,0,0.240242664036338,0,0,0,0,-1.01040865601853,0,0,0,0,0,0,0,0,0,0,0,0,0,0,0,0,0,0,0,0,0,0,0,0,0,0,0,0,0,0,0,0,0,0,0,0,0,0,0,0,0,0,0,0,-0.303428381631906,0,-2.80491053507699,0,0,0,0,0,0,0,-0.294336072220906,0,0,0,0,0,0.0179286782908055,0.201358004300239,0,0,0,0,0,0,0,0,0,0,0,0.35705366222183,0,0,0,0,-0.117035731910673,0,0,-0.277854338198284,0,0,0,0,0,0,0,0,-0.611256721623202,0,0,0,0,0,0,0,0,0,0,0,0,0,0,0,0,0,0,0,0,0,0,0,0,0,0,0,0,0,0,0,0,0,0,0,0,0,0,0,0,0,0,0,0,0,0,0,0,0,0,0,0,0,0,0,0,0,0,0,0,0,0,0,0,0,0,0,0,-0.808367903998337,0,0,0,0,0,0,0,0,0,0
0,0,0,0,0,0,0,0,0,0,0,0,-0.0405621902009392,0,0,0,0,0,0,0.00854498083743649,0,0,0,0,0,0.202911609565025,0,0,0,0,0.169913574392235,0,0,0,0,0,0,0,0,0,0,0,0,0,0,0.266152168333069,0,0,0,0.133446977795262,0,0,0,-1.86409765359446,0,0,-0.137723909501541,0.0254861582937118,0,-0.192532345711218,0,0,-0.370661779364771,-0.782728611865849,0,0,0,0,0,0,0,0,-0.0290431398286446,0,0,0,0,0,0,0,0,0,0,0,0,0,0.175155615534167,0,0,0,0,0,0,0,-0.422608210658259,-0.522064135933536,0,0,0,-0.424692983988114,0,0,0,0,0,0,0,0,0,0,0,0,0,0.04468445386134,0,-0.854218336656804,0,-2.91061805958674,0,0,1.11661265974427,0,0,0,0,0,-1.57032930003119,0,0,0,0,0,0,0,0,0,0,0,0,0,0,0,0,0,0,0,0,0,0,0,0,0,0,0,0,-0.229440774798494,0,0,0,0,0,0,0,0,0,0,0,0,0,0,0,0,0,0,0,0,0,0,0,0,0,0,0,0,-0.710274477270738,0,0,0,0,0,0,0,0.327252502752191,0,0,-2.68137479887741,0,0,0,0
0,0,0,0,0,0,0.143419492321715,0,0,0,0,0,0,0,0,0,0,0,0,-0.319389875652398,0,0,0,0,0,0,0.118120684932471,0,0,0.178667588458994,0,0,0,0,0,0,0,0,0,0,0,0,0,0,0,0,0,0,0,0,0,0,0,0,0,0,-0.00392058704846798,0,0,0,0,0,0,0,0,0,0,0,0,0,0,0,0,0,0,0,0,0,0.624650480866115,0,-0.547841919677608,0,0,0,0,0,0,0,0,0,0,-0.267274679777258,0,0,-0.403964827604114,0,0,0,0,0,0,0,0,0,0,0,0,0,0,0,0,0,0,0,0,0,0,0,0,0,0,0,0,0,0,0,0,0,0,0,0,0,0.151547545304807,0,0,0,0,0,0,0,0,0,0,0.124613734812638,0,0,0,0,0,0,0,0,0,0,0,0,0,0,0,0.0977579580411845,0.107586545997919,0,0,0,0,0,0,0,0,0,0,0,0,0,0,-0.375387872993553,0,0,0,0,0,0,0,0,0,0,0,0.228768107537177,0,0,0,0,0,0,0.0144113641632349,0,0,0,0,0
0,0,0,0,0,0,0,0,0,0,0,0,0,0,0,0,0,0,0,-0.496299159661022,0,0,0,0,0,0,1.00540729564874,0,0,0.809749756542151,0,0,0,0,0,0,0,0,0,0,0,0,0,0,-0.113184108656975,0,0,0,0,0,0,0,0,0,0,0,0,0,0,0,0,0,0,0,0.108860616256816,0,0,0,0,0,0,0,0,0,0,0,0,0.111664033033357,0,0,0,0,0,0,0,0,0,0,0,0,0,-0.360377202849832,0,0,0,0,0,0,0,0,0,0,0,0,0,0,0,0,0,0,0,0,0,0,0,0,0,0,0,0,0,0,0,0,0,0,0,0,0,0,0,0,0,0,0,0,0,0,0,0,0,0,0,0,0,0,0,0,0,0,0,0,0,0,0,0,0,0,0,0.411969581966885,0,0,0,0,0,0,0,0,0,0,0,0,0,0,0,0,0,0,0,0,0,0,0,0,0,0,0,0,0,0,0,0,-0.0370947465344773,0,0,0,0,0,0,0
0,0,0,0,0,0,0,0,0,0,0,0,0,0,0,0,0,0,0,-0.0737435454006763,0,0,0,0,0,0,0,0,0,1.01421707364208,0.0480230597507303,0,0,0,0,0,0,0,0,0,0,0,0,0,0,0,0,0,0,0,0,0,0,0,0,0,0,0,0,0,0,0,0,0,0,-0.188525829932891,0,0,0,0,0,0,0,0,0,0,0,0,0,0,-0.286377340767972,0,0,0,0,0,-1.52842337043343,0,0,0,0,-0.215780558060974,0,0,0,0,0,0,0,0,0,0,0,0,0,0,0,0,0,0,0,0,0,0,0,0,0,-0.0824265461621536,0,0,0,0,0,0,0,0,0,0,0,0,0,0,0,0,0,0,0,0,0,0,0,0,0,0.409009465021828,0,0,0,0,0,0,0,0,0,0,0,0,0,0,0,0.0667892039471203,0,0,-0.145475110614688,0,0,0,0,0,0.224804318967277,0.0718270705443245,0,0,0,0,-0.310121094829714,0,0,0,0,-0.014106560348851,0,0,0,0,0,0,0,0.00505932804737785,0,0,0,0,0,0,0,0,0,0.0261308238434563,0,0
0,0,0,0,0,0,0,0,0,0,0,0,0,0,0,0,0,0,0,0,0,0,0,0,0,0,-0.0471954828949857,0,0,0,0,0,0,0,0,0,0,0,0,0,0,0,0,0,0,0,0,0,0,0,0,0,0,0,0,0,0,0,0,0,0,0,0,0,0,0,0,0,0,0,0,0,0,0,0,0,-2.71118680677854,0,0,0,0,0,0,0,0,0,0,0,0,0,0,0,0,0,0,0,0,0,0,0.103518595019413,-0.776888034822484,0,0,0,0,0,0,0,0,0,0,0,0,0,0,0,0,0,0,0,0,0,0,0,0,0,0,0,0,0,0,0,0,0,0,0,0,0,0,0,0,0,0,0,0,0,0,0,0,0,0,0,0,0,0,0,0,0,0,0,-2.08618289042271,0.0685131027634129,0,0,0,0,0,0,0,0.0332121063528492,0,0,0,0,0,0,0,0,-0.152306983109477,0,0,0,0,0,0,0,0,-0.240220259085568,0,0,0,0,0,0,0,0,0,0,0,0
0,0,0,0,0,0,0,0,0.121856256594951,0,0,0,0,0,0,0,0,0,0,0,0,0,0,0,0,0,0,0,0,0,-0.41340738235656,0,0,0.261905518573314,0,0,0,0,0,0,0,0,0,0,0,0,0,0,0,0,0,0,0,0,0,0,0,0,0,0,0,0,0,0,0,0,0,0,0,0,0,0,-0.235490874468915,0,0,0,0,0.0709045178853924,0,0,0,0,0,0,0,0,0,0,0,0,0,0,0,0,0,0,0,0.0735913853028241,0,0,0,0,0,0,0,0,0,0,0,0,0,-0.413094117802046,0,0,0,0,0,0,0,0,0,0,0,0,0,0,0,0,0,0,0,0,0,0,-0.281446531820856,-2.2665230864386,0,0,0,0,0,0,0,0,0,0,0,0,0,0,0,0,0,0,0,0,0,0,0,0,-0.104265006970232,0,0,0,0,0,0,0,0,0,0,0,0,0,0,0,-0.146750707015534,0,0,0,0.0574846553034396,0,0,0,0,0.0737241061136737,0,0,0,0,0.490354477992435,0,0,0,0,0,0,0,0,0
0,0,0,0,0,-0.73078725236471,0,0,0,0,0,0,0,0,0,0,0,0,0,0,0,0,0,0,0,0,0,0,0,0,0,0,-0.00703910997969048,0,0,0,0,0,0,0,0,0,0,0,0,0,0,0,0,0,0,0,0,0,0,0,0,0,0,0,0,0,0,0,0,0,0,0,0,0,0,0,0,0,0,0,0,0,0,0,0,0,0,0,0,0,0,0,0,0,0,0,0,0,0,0,0,0,0,0,0,0,0,0,0,0,0,0,0,0,0,0,0,0,0,0,0,0,0,0,0,0,0,0,0,0,0,0,0,0,0,0,0,0,-0.0186931266081725,0,0,0,0,0,0,0,0,0,0,0,0,0,0,0,0,0,0,0,0,0,0,0,0,0,0,0,0,0,0,0,0,0,0,0,0,0,0,0,0,0,0,0,0,0,0,0,0,0,0,0,0,0,0,0,0,0,0,0,0,0,0,0,0,0
0,0,0,0,0,-1.04827861352885,0,0,0,0,0,0,0,0,0,0,0,0,0,0,0,0,0,0,0,0,0.759904026763472,0,0,0,-0.0152488824393984,0,0,0,0,0,0,0,0,0,0,0,0,0,0,0,0,0,0,0,0,0,0,0,0,0,0,0,0,-1.02678387240485,0,0,0,0,0,0,0,0,0,0,0,0,0,0,0,0,0,0,-0.560289016114516,0,0,0,0,0,-0.025199433073485,0,0,0,0,0,0,0,0,0,0,0,0,0,0,0,0,-0.0389847746360736,0,0,0,0,0,0,0,0,0,0,0,0,0,0,0,0,0,0,0,0,0,0,0,0,0,0,0,0,0,0,0,0,-0.396889640745586,0,0,1.15027722756605,0,0,0,0,0,0,0,0,0,0,0,0.00539992759147756,0,0,0,0,0,0,0,0,0,0,0,0,0,0,0,0,0,0,0,0,0,0,0,0,0,0,0,0,0,0,0,0,0,-0.221821883547483,0,0,0,0,0,0,0,0,0,0,0,0,-0.213979649692727,0,0,0
0,0,0,0,0,-0.635075965931378,0,0,0,0,0,0,0,0,0.184446858520627,0,0,0,0,0,0,0,0,0,0,0,0,0,0,0,0,0,-0.224552432376613,0,0,0,0,0.488511279019923,0,0,0,0,0,0,0,0,0,0,0,0,0,0,0,0,0,0,0,0,0,-0.657835734908219,0,0,0,0,0,0,0,0,0,0,0,0,0,0,0,0,0,0,0,0,0,0,0,0,0,0,0,0,0,0,0,0,0,0,0,0,0,0,0,0,0,0,0,0,0,0,0,0,0,0,0,0,0,0,0,0,0,0,0,0,0,0,0,0,0,0,0,0,0,0,0,0,0,0,-0.535483247456837,0,0,0.115966549181396,0,0,0,0,0,0,0,0,0,0,0,0.00093560121817271,0,0,0,0,0,0,0,0,0,0,0.919191838310252,0,0,0,0,0,0,0,0,0,0,0,0,0,0,0,0,0.092134432798034,0,0,0,0,0,0,0,0,0,0,0,0,0,0,0,0,0,0,-0.0498099777260561,0,0,0
0,0,0,0,0,0,0,0,0,0,0,0,0,0,0,0,0,0,0,0,0,0,0,0,-0.348850730866874,0,0,0,0,0,0,0,0,0,0,0,0,0.256396908895298,0,0,0,0,0,0,0,0,0,0,0,0,0,0,0,0,0,0,0,0,0,0,0,0,0,0,0,0.0664119431530616,0,0,0,0,0,0.801145721765135,0,0,0,0,0,0,0,0,0,0,0,0,0,0,0,0,0,0,0,0.18878701768522,0,0,0,0,0,0,0,0,0,0,0,0,0,0,0,0,0,0,0,0,0,0,0,0,0,0,0,0,0.54562839916239,0,0,0,0,0,0,0,0,0,0,0,0,0,0,0,0.242167527981787,0,0,0,0,0,0,0,0,0,0,0,0,0,0,0,0,0,0,0,0,0,0,0,0,0,0,0,0,0,0,0,0,0,0,0,0,0,0,0,0,0.371920828214477,0,0,0,0,0,0,0,0,0,0,0,0,0,0,0,0,0,0,0,0,0,0
0,-0.76177891588868,0.208865287936491,0,0,0,0,0.0491252456178968,0,0,0,0,0,0,0,0,0,0,-0.103041388124255,0,0,0,0,0,0.0920358411950883,0,0,0,0,0,0,0,0,0,0,0,0,0,0,0,0,0,0,0,0,0.787805255056729,0,0,0,0,0,0,0,0,0,0,0.234655415887728,0,0,0,0,4.91715093407989,0,-0.626635304411881,0,0,0,0,0,0,0.77139052934561,0,0,0,0,0,0,0,0,0,0,0,0,0,0.425917970421789,0,0,-0.86369296584501,0,0,0,0,0,0,0,0,0,0,0,0,0,0,0,0,0,0,0,0,0,0,0,0,0,0,0,0,7.85551950173746,0,0,0,0,0,0,0,0,0,0,0,0,0,0,-0.945214967299788,0,0,-0.654294066364433,0,0.31491853036825,0,0,0,0,0,0,0,0,0,0,0,0.963088876204975,0,0,0,0,0,0,0,0,0,0,0,0,0,0,0,0,0,0,0,0,0,0.0767061818262227,0,0,0,0,0,1.3996287025722,0,0,0,0,0,0,0,0,0,0,0,0,0,0.305611134571188,0,0.0162042902968071,0,0,0.216503381040304,0,0.139112126946372,0,0
0,-0.420494232584165,0.0583506966375023,0,0,0,0,0,-0.80675910787673,0,0,0,-0.0604633368677399,0,0,0,0.0652734518743803,0,0,0.506118013643976,0,0,0,0,1.05213797948767,0,0,0,0,0,0,0,0,0,0,0.04952724689785,0,0,0,0,0,0,0,0,0,0.875672554017404,0,0,0,0,0,0,0,0,0,0,0,0,1.38630465730086,-1.01615929545027,0,8.73914032903838,-0.0940306261169761,0,0.233886134476942,0,0,-0.0525841231383792,0,0,0,0,0,0,0,0,0,0.16229234800885,0,0,0,0,0,0,0,0,0,-1.87476284816616,0.215413949240279,0,0,0,0,0,0,0,0,1.09905872868334,0,0,0,0,0,0,0,0,0,0,0,0,0,0,0,0,0,0,2.38640445354667,0,0,0,0,0,0,0,0,0,0,0,0,0,0,-1.17580068785658,0,0,-4.09666853817862,0,1.33605907703912,-0.112113862081199,0,0,0.0237012802533576,0,0,0,0,0,0,-0.181333561334942,0,0,0,0,0,0,0,0,0,0,0,0,0,0,0,0,0,0,0,0.114372119426854,0.530610892363395,0,0.57513314602295,0,0,0.749771064910328,0,0,2.13520636250882,0,0,0,0,0,0,0,0,-0.657944526981407,0,0,0,0,0,0,0,0,-0.188504183010936,0,0.271744201621819,0,0,0
-0.0470431913714187,-0.0102156840291359,0,0,0,0,0,0,-0.792865074483114,0,0,0,0,0,0,0,0,0,0,0.0604466690864691,0,0,0,0,0.00477032864145643,0.539987078988568,0,0.509163869958891,0,-0.303129194390752,0,0,0,0,0,0.290525883632931,0,0,0,0,0,0,0,0,0.368852770647249,0,0.167840618129731,0,0,0,0,0,0,0,0,0,0,0,2.66971984889861,0,0,6.97113548220603,-0.0765971277597692,0,0,0,0,0,0,0,0.936469042490359,0,0,0.457710888252152,0,0,0,0,1.93223517838813,0,0,0.083945063697342,0,0,-0.387108808289288,0,0,-0.388166648936002,0,0,0,0,0,0,0,0,0,0,0,0,-0.833349291404844,0,0,0,0,0,0,0.137931425079922,0,0,0,0,0,0,0,0,0.504746764096852,0,0,0,0,0,0.473527834086266,0,0,0,0,0,0,0,0,0,0,0,-3.78242836088613,0,0.944436014754502,0,0,0,1.85489688716883,0.215222987486208,0,0,0,0,0,0,0,0,0,0,0.0541993175088966,0,0,0,0,0,0,0,0,0,0,0,0,0,0,0,0,0,0,0,0,0.0712697424719175,0,0,1.71219879319751,0,0,1.33196054119087,0,0,0,0,0,0,0,0,0,0,0,0,0,0,0,0,0,0.408560855672755,0,0.34899961947963
0,0,1.73085399626431,0,0,0,1.35250329559219,0,0.280368918625419,0,0,0,0,0,0,0,-1.79566287206158,0,0,0,0,0,0,0,0.858847868428509,0,0,-0.266753705865895,0,0,0,0,0,0,0.242594640051459,0,1.07648849036873,0,0,0,0,0,0,0,0,1.9756144699681,0,0,0,0,0,0,0,0,0,0,0,0,0,0,0,0.635910301943437,0,1.69914356820792,0,0,0,0,0,0,0,-0.840481443427088,0,0,0,-1.9455277668385,0.317756721534196,0,0,0,-1.36638816267146,0,0,0.0189717526519775,0,0,0,0.69595743638475,0,0,0,0,0.0388834410506615,0,0,0,0,-0.698607573710322,0.309053513179671,0.451869150674752,0,-1.48549023178807,0,0,0,0,0,-0.167104435041029,0,-0.113539706089803,0,0,0,0,-0.352287158823738,0,-0.046412893516087,0,0,0,0,0,0,0,0,0,0,0,0,-2.1396325739016,1.76059239164897,0,-0.249737230527759,0,0,1.69143965932599,-0.0563853368057845,0,0,-1.78089307801273,0.616117213670606,0,0,0.322842914703963,0,8.75626741624176,0,0,0,0.349332724387874,-0.510386346612903,0,0,-0.00861119612514516,0,0,0,0.31637325324034,0,0,0.104951478105167,0,0.0941921797677148,-0.671910456933589,0,-0.189054175169468,0,0,0,0,0,0,0,0,-0.591407711176968,-0.0115557573515932,0,0,-1.04891706459371,0,0.981200197795298,0,0,0,0,0,0,0,0,0,0,0,0,0,0,0,0,0,0,-0.359328660420391
0,0,0.260406816541742,0,0,0,0.255240305696014,0,-0.260000601975962,0,0,0,-1.0502647884023,0,0,0,0,0,-0.097980444210394,0,0.0892896442869009,0,0,0,0,0,0,0,0,-0.133832011699453,0,0,-0.4384978214102,-0.0545934331977656,0,0,0.172678250549054,-0.677616552649744,0,0,0,-1.16969954925085,0,0,0,-0.234898160651791,0,0,0,0,0,0,0,0,0,0,0,0.9611682985784,0,0,0,0,0,0.747963586484305,0,0,0,0,0,0,0,0,0,-0.306165396014851,0,-4.15729868742077,0,-0.909889680152735,0.739703866537413,-2.1105043931973,0,0,0,0,0,0,0,0,0,0,0,0,0,0,0,0,0.430060502701459,0,0,0,0,0,0,0,0,0,0,0.951518810568492,0,0.14878651088261,0,0,0,0,0,0,0,-1.77950222119357,0,0,0,0,1.12478667965086,0,0,0,0,2.17848654375182,0,0,0,0,0,0,0,0,0,0,0,0,1.03205947139604,0,0,0,0,0,0,0,0,0,0,0,0,0,0,0,0,0,0,0,0.399953227102415,-0.313290541644143,0.170340707689461,0,0,0,0.0137911954049066,0,0,1.79469684335222,0,0,0,0,0,0,0,1.08286404824366,0,0,0,0,0,0,0,0,0.472145259289358,0.289182441935534,-0.397458020766195,0,0,0,0,0,0,0,0,0,0,0
0,-0.218043052678498,0,0,0,0,0,0,0,0.485538815217548,0,0,-0.340336753119239,0,0,0,0,0,0,0,0,0,0,0,0.0172626486311538,0,0,0,0,0,0,0,0,0,0,0,0,0,0,0,0,0,0,0,0,-0.364907722227867,0,0.0651554963212091,0,0,0,0,0,0,0,0,0,0.991640709646636,0,0,0,0,0,0,0,0,0,0,0,0,0,1.16694926287723,0,0,0,-0.468129824725357,0,0,0,-0.163379801939531,0,0,0,0,0,0,0,0,0,-0.0545582779387299,0,0,0,0,0,0,-0.17754247684248,0,0.950198304927654,0,0,0,0.582564301522813,0,0,0,0,0.739360544111502,0,0,0,0,0,0,0,0,0,0,0,0,0,0,0.71391429673407,0,0,-0.0279345283297074,0.80503231023704,0,0,1.569420586151,0,-0.329148318236774,0,0,0,0,2.059146900617,0,0,-0.00820525262106719,0,0,0,-0.0776829108939516,0,0,0,0,0,0.61797667758956,0,0,0,0,0,0,0,0,0,0.479876872984793,0,0,0,0,0,0,0,0,0,0,0,0,0.259295652661104,0,0,-0.0361185007698916,0,0.132444445967222,0,0,0,0,0,0,0,0,0,0.332753439647182,0,0,0,0,0,0,0,0,0,0,0,0
0,0,0,0,0,0,0,0,0,0,0,0,0,0,0,0,0,0,0,-0.131524772335982,0,0,0,0,0.741859780128727,-0.0960439220464884,0,0,0,0,0,0,0,0,0,0,0,0,0,0,0,0,0,0,0,0.0284660207480631,1.35009448229,0,0,0,0,0,0,0,0,0,0,0,0,0,0,0,0,0.645230908217123,0,-1.20379094772799,0,0,0,0,0.000248102164780439,0,0.135043559868368,0,0,0,0,0,0,0,-0.940325724595035,0,0,0.395630401144689,0,0,0,0,0,-0.00556146520501066,0,0,0,0,0,0,0,0,0,-0.140860589488607,0,0,3.9498243239475,0,0,0,0,0,0,0,0,0,0,0,0,0,0,0,0,0,0,0,0.228852634736632,0,0,0,0,0,0,0,0,0,0.655325692380161,0,0,0,0,0,0,0,-1.04083481762131,0,0,0,0,0,0,0.462959699728239,0,0,0,0,0,0,0,0,0,0,0,0,0,0.344058374717547,0,0,0,0,0,0,0,0,0,0,0,0,0,0,0,0,0,0,0,0,0,0,0,-0.24036639533898,0,0,0,0,0,0,0,0,0,0,0,0,0,0
0,0,-1.19597074777359,0,0.145598110992436,0,0,0,0,0,0,0,0,0,0,0,0,0,-0.347358671701354,0,0,0,0,0,0.385221878377706,-0.834019059535314,0,0,0.00142938963781969,0,0,0,0,0,0,-0.909067198033016,0.91150185474636,0,0,-0.419424377795518,0,0,0,0,0,0,-1.43040457053021,0,0,0,0,0.360674981015662,0,0.777805547947694,0,0,0,0,0.336711660980119,-0.117747395786496,0.351219739030024,0,1.2953624009968,0.421210283914087,0,0,0,-0.354572634347401,0,0,0,0,0,0,0,0,0,0,0,0.95194166516551,2.52861518188788,0,0,0,-0.546109217158674,0,-1.43253002911211,0,0,0,0,0,0,0,0,0,0,0,0,0,-1.68237920336295,0,2.82687381204111,0,0,0,0,0,0,0,0,1.34097491763757,0,0,0,0,0,0,0,0,0,0.875843021401681,0,0,0,0,0,0,0.469933440076148,-0.826467378262455,0.442468386820868,0,0,0,0,0,0,0,0,0,0,0,0,0.32171762751751,0,0,0,-0.244710536500137,0,0,-1.51816283177042,0,0,-0.279529331791857,0,0,0,0,0,0.830405745992505,0,0,0,0,0,0,1.06109205991843,0,0,0,0,0,0,0,0,0,0,0,0,0,0,0,0,0,1.07425889789464,0,0,0,0,0,0,0,0,0,0,0,0,0.835110574239037,0,0
0,0,0,0,0,0,0,0,0,0.0312548664302803,0,0,0,0,0,0,0,0,0,0,0,0,0,0,0,0,0,0,0,0,0,0,0,0,0,-0.201370664831994,0,0,0,0,0,0,0,0,0,0,-0.350441132944835,0,0,0,0,1.92134055496521,0,0,0,0,0,0,0,0,0,1.65177803482212,0,0,0,0,0,0,0,0,0,0,0,0,0,-0.0364001259566824,0,0,0,0,0,0,0,0,-0.0482621207274694,0,0,0,0,0,0,0,0,0,0,0,0,0,0,0,0,0,0.0707956423132565,0,0,0,0,0,0,0,0,0,0,0,0,0,0,0,0,0.940523443870998,0,0,-0.298943690071789,0,0,0,0,0,0,0,-0.529499385236299,1.68864736313277,0,0,-0.939688048685399,0,0,0,-0.259432898836989,0,0,0,0,0,0,0,0,0,0,0,0,0,0,0,0,0,0,0,0,0,0,0,0,0,0,0,0,0,0,0,0,0,0,0,0,0,0,0,0,0,0,-0.617504104755568,0,0,0,-0.234538132183874,0,0.365670690460102,0,-0.239271992477979,0,0,0,0,0,0,0,0,0,0
0,0,2.53503834542552,0,0,0,0,0,0,0,0,0,0,0,0,0,0,0,0,-0.550765643949009,0,0,0,0,0,0,0.464288389480814,0,0,0.464181333284094,0,0,0,0,0,-0.367069416419747,0,0,0,0,0,0,0,0,0,0,0,0,0,0,0,1.51936729788101,0,0,0,0,0,-0.871537872816617,0.371291261134345,0,0,2.41455409449832,0,0,0,0,0,0,0,0,0,0,0,0,0,0,0,0,0,-0.209076250503284,0,0,0,0,0,0,0,0,0,0,0,-0.0509075477645142,0,0,0,0,0,0,0,0,1.01321108766144,0.139160647253475,0,0,0,-0.63003091026312,0,0,0,0,0,0,0,0,0,0,0.469088636482575,0.978642564824762,0,0.790930214487089,0,0,0,0,0,0,0,0,0,0,0,0.262197760289137,0,0,0,0,0.17773246235912,0,0,0,-0.0524067751958712,0.808859404662672,0,0,0,0,0,0,-0.724857551608628,0,0,0,0,0,0,0,0,0,0,0.534124083470573,-0.154508589085846,0,0,0.0536330435300385,0,0,0,0,0,0,0,0,0,0,0.145426133926314,-0.283552280291855,0,0,0,1.44730055277361,0,0,0,-0.0158639837981007,0,0,0,0,0,0,0,0,0,0,0,0,0,0,0,0
0,0,1.10366295689847,0,0,0,0,-0.930665736974977,0,0,0,0,-0.24940168889134,0,0,0,0,0,0,-1.45476266119254,0,0,0,0,0,0,1.03139153623859,0,0,1.78619073153397,0,0,0,0,0,0,0,0,0,0,0,0,0,0,0,0,0,0,0,0,0,0.380079678812422,0,-0.199512053034988,0,0,0,-0.794034623137557,0,0,0,0,0,0,0,-1.47128551534162,0,0,0,0,0,0,0,0,-0.0511760558220373,0,0,0,0,-0.734526451081645,0,1.12346583249996,0,0,0,0,-0.206492768125478,0,-0.163554397963245,0.607886039794352,0,0,0,0,0,0,0,0,0,-0.619245634456374,0,0,0.149380721078403,-0.712469049457208,0,0.734077635183296,-0.0635283662363642,0,0,-0.550884254031741,0,0,0,0,0,0,6.90758869923699,0.249111392957819,0,1.02784830505416,0,0,0,0,0,0,0,0,0,0,0,0.209729009283002,0,0,0,0,0,0,0,0,0,0,0,0,0,0,0,0.697175372570337,-1.10146088272803,0,0,0,0,0,0,-1.27163316921089,0,0,0.480936054400573,0,0,0,0,0,0,0,0,0,0,0,0,0,0,0,0,0,0,-0.0712613298571647,0,0,0,0,0.291677879435188,0,0,0,0,0,0,0,0,0,0,0,0,0,0,0,0,0
0,0,0,0,0,0,0,0,0,0,0,0,0,0,0,0,0,0,0,0,0,0,0,0,-0.401727898133163,0,0,0,0,0,0,0,-0.205168614861434,0,0,0,0,0,0,0,0,0,0,0,0,0,0,0,0,0,0,0,0,0,0,-1.76858985741862,0,0,0,0,0,-0.0193119160510287,0,-0.159738782635076,0,0,0,0,0,0,0,0,0,0,0,0,0,0,0,0,0,0,0,0,0,0,0,0,0,0,0,0,0,0,0,0,0,0,0,0,-0.271285337120873,0,0,0,0,0,0,0,0,0,0,0,0,0,0,0.423079162768645,0,-1.31345421813986,0,0,0.0174921005791984,-0.0494270111015365,0,0,0,0,0,0,0,0,0,0,0,0,0,0,0,0,0,0,0,0,0,0,0,0,0,0,0,0,0,0,-0.0113731693340395,0,-0.254291947071194,0,0,0,0,0,0,0,0,0,0,0,0,0,0,0,0,0,0,0.0959120663035418,0,0,0,0,0,0,0,0,0,0,0,0,0,0,0,0,0,0,0,0,0.774828921769764,0,0,0,0,0
0,0,0,0,0,0,0,0,0,0,0,0,0,0,0,0,0,0,0,-0.252846830846212,0,0,0,0,0,0,0,0,0,0,0,0,0,0,0,0,0,0,0,0,0,0,0,0,0,0,0,0,0,0,0,0,0,0,0,0,0,0,0,0,0,0,0,0,0,-0.433468182883026,0,0,0,0,0,0,0,0,0,0,0,0,0,0.162672300261976,0,0,0,0.333203954494911,-0.849508957111725,0,0,0,0,0,0,0,0,0,0,0,0,0,0,0.198868735587216,0,-0.216576462438428,0,0,0,0,0,0,0,0,0,0,0,0,0,0,0,0,0,0,0,0,0,0,0,0,0,0,0,0,0,0,0,0,0,0,0,0,0,0,0,0.267622190371841,0,0,0,1.73541621446291,0,0,0,0,0,0,0,0,0,0,0,0,0,0,0,0,0,0,0,0,0,0,0.302094625906763,-0.317928208664686,0,0,0,0,0,0,0,0,0,0,0,0,0,0,0,0,0,0,0,0,0,0,0,0,0,0,0,0,0,0
0,0,0,0,0,0,0,0,0,0,0,0,0,0,0,0,0,0,0,0,0,0,0,0,0,0,0.0887632692030855,0,0,0,0,0,0,0.264388032335934,0,0,0,0,0,0,0,0,0,0,0,0,0,0,0,0,0,0,0,0,0,0,0,0,0,0,0,0,0,0,1.29127900518915,0,0,0,-0.960116611319214,0,0,-1.56507775744896,0,0,0,0,0,0.135856297937672,0,-0.121468011195592,0,0,0,0,0,0,0,0,0,0,0,0,0,0,0,0,0,0,0,0.138023729262474,0.124920617406324,0,0,0,0,0,0,0,0,0,0,0,0,0,0,0.290532752196345,0,0.132911901527837,0,0,0.856539692096022,0,0,0,0,0,0,1.93294942762208,0,0,0.984383969437027,0,0,0,0,0,0,0,0,0,0,0,0,0,0,0,0,0,0,0,0,0,0,0,0,0,0,0,0,0,0,0,0,0,0,0,0,0,0,0.233302722385077,0,0,0,0,0,0,0,0,0,0,0,0,0,0,0,0,0,0,0,0,0,0,0,0,0.268424016927833,0,0,0,0,0
0,0,0.186543261268329,0,0,0,0,0,0,0,0,0,0,0,0,0,0,0,0,0,0,0,0,0,0,0,1.26496189377148,0,0,0,0,0,-0.585991168052745,0,0,0,-0.487787002734568,0,0,0,0,0,0,0,0,0,0,0,0,0,0,0,0,0,0,0,0,0,0,0,0,0,0,0,1.46366983456963,0,0,0,-1.03803277358759,0,0,-1.84618490284889,0,0,0,0,0,0.808990925268493,0,0,0,0,0,0,0,0,0,0,0,0,0,-0.0053370050653796,0,0,0,0,0,0,0,0,0,0,0,0,0,0,0,0,0,0,0,0,0,0,0,0,0,0,0,0.0810896800099827,0.454029697871783,0,0,0,0,0,0,0.813453681413163,0,0,0,0,0,0,0,0,0,0,0,0,-0.127259452871726,0,0,0,0,0,0,0,0,0,0,0,0,-0.0245603815327786,0,0,0,0,0,0,0,0,0,0,0,0,0,0,0,0,0,0,0,0,0,0,0,0,0,0,0,0,0,0,0,0,0,-2.10327052009801,0,0,0,0,0,0,1.15445157833942,0,0,0,0,0
0,0,0,0,0.45855538313842,0,0,0,0,0,0,0,0,-0.031109191041234,-0.0507396778128479,0,0,0,0,0,0,0,0,0.174990444902722,0,0,0,0,0,0,-0.251029051757175,0,0,0,0,0,0,0,0,0,0,0,0,0,0.464665456831591,0,0,0,0,0,0,0,0,0,0,0,-0.828750710846176,0,0,0,0,0,0,0,0.196469142823937,0,0,0,0,0,0,-0.874750390046578,0,0,0,0,0,0,0,0,0,0,0,0,0,-0.758236975682358,0,0.0162312934664171,0.22445426852242,0,0,-0.661749218575115,0,0,0,0,0,0,0,0,0,-0.0543468887868108,0,0.191080953858318,0,-0.468284181407076,0,0,0,0,0,0,-0.867996804097928,0,0,0,0,0,0,0,0,0,0,0,0,0.346165546067212,0,0,0,0,0,0.488121360975507,0,0,-0.241239895679311,0,0,0,0,0,0,0.282301287209662,0,0,0,0,0,0,0,0,0,0,0,0,0,0,0,0.155899860715602,0,0,0,0,0,-0.415360331477957,0,0,0.490301031018463,0,0,0,0,0,0,-0.170175397477961,0,0,0,0,0,-0.0687899744896703,0.0977051839363186,0,0,-0.241081931044814,0.186022198896735,-0.179378401017598,0.215313160026508,0,0,0,-1.04097892201186,-0.263999535783493,0,0,2.09559851697908,0,0.0977844566399477,0,0,0
0,0,0,0,0,0,0,0,0,0,0,0,0.0311564576758097,0,0,0,0,0,0,0,0,0,0,0,0,0,0,0,0,0,0,0,0,0,0,0,0,0,0,0,0,0,0,0,0,0,0,0,0,0,0,0,0,0,0,-0.273240078277953,0,0,0,0,0,0,0,-1.29506218087134,0,0,0,0,0,0,0,0,0,0,0,0,0,0,0,0,0,0,0,0.69516422604865,0,0,0,0,0,0,0,0,0,0,0,0,0,0,0,0,0,0,0,0,0,0,0,0,0,0,0,0.291861808868443,0,0,0,0,0,-2.57415020066649,0,0,0,0,0,0,0,0,-0.403855302314825,0,0,0,0,0,0,0,0,0,0,0,0,0,0,0,0,0.10142724962441,0,0,0,0,0,0,0,0,0,0,0,-1.73781940494883,0,0,0,0,0,0,0,0,0,0,0,0,-0.198145418619802,0,0,0,0,0,0,0,0,0,0,0,0,0,0,0,-0.0382656130888388,0,0,0,0,0,0,0,0.570806523136663,-0.576461492200349,0,0,0,0,0,0
0,0,0,0,0,0,0,0,0,0,0,0,0,0,0,0,0,0,0,0,0,0,0,0,0,0,0.665735580552117,0,0,0,0,0,0,0,0,0,0,0,0,0,0,0,0,0,0,0,0,0,0,0,0,0.0260727364170044,0,0,0,-2.66416910184452,0,0,0,0,0,0,0,0,0,0,0,0,0,0,0,0,0,0,0,0,0,-0.0602023091242045,0,0,0.0489133985234476,0,0,0.13851269149295,0,-0.363022594536151,0,0,0,0,0,0,0,0,0,0,0,0,0,0,0,0,0,0,0,0,0,0,0,0,0,0,0,0,0,0,0,0,0,0,0,0,0,0,0,0,0,0,0,0,0,0,0,0,0,0,0,0,0,0.0327380857566031,0,0,0,0,0,0,0,0,0,0,0,0,0,0,0,0,0,0,0,0,0,0,0.100675146552846,0,0,0,0,0,0,0,0,0,0,0,0,0,0,0,0,0,0,0,0,0,0,0,0,0,0,0,0,0,0,0,0,0,0,0,0,0
0,0,0,0,0,0,0,0,0,0,0,0,0,0,0,0,0,0,0,0,0,0,0,0,0,0,0,1.23969853619484,0,0,0,0,0,0,0,0,0,-0.285217353641999,0,0,0,0,0,0,0,0,0,0,0,0,0,0.103323347973825,0,0,0,0,0,0,0,0,0,0,0,0,0,0,0,0,0,0,0,0,0,0,0,0,0,0,0,0,0,0,0,0,0.175403033998946,0,0,0,0,0,0,-0.214903795768114,0,0,-0.153795243552746,0,0,0,0.153365458992952,0,0,0.521343616610951,-0.0690681686771588,0,0,0,0,0,-0.190161161385094,0,0,-1.00548102111443,0,0,0,0,0,0,0,0,-0.0892059936125542,0,0.101586408398328,0,0,0,0,0,0,0,-0.386635564949651,-0.0282351819808404,0,0,0,0,0,0,0,0,0,0,0,0,0,0,0,-0.610776545446294,0,0,0,0,0,0,0,0,0,0,0,0,-1.53035836746714,0,0,0,0,0,0,0,0,0,0,0,0,0,0,-0.852401253141192,0,0,0,0,0,0,0,0,0,0,0,0,0,0,0,0,0,0,0.0247741946175324,0,0,0,0,0
0,0,0,0,0,0,0,0,0,-0.234462328029537,0,0,0,0,0,0,0,0,0,0,0,0,0,0,0.00680717589493751,0,0,0,0,0,0,0,0,0,0,0,0,0,0,0,0,0,0,0,0,0,0,0,0,0,0,0,0,0,0,0,0,0,0,0,0,0,0,-0.151406436903679,0,0,0,0,0,0,0,0,0,0,0,0,0,0,0,0,0,0,0,0,0,0,0,0,0,0,0,0,0,0,0,0,0,0,0,0,0,0,0,0,0,0,0,0,0,0,0,0,0,0,0,0,0,0,0,0,0,0,0,0,0,0,0,0,0,0,0,0,0,0,0,0,0,0,0,0,0,0,0,0,0,0,0,0,0,0,0,0,0,0,0,0,0,0,0,0,0,0,0,0,0,0,0,-0.013833436319,0,0,0,0,0,0,0,0,0,0,0,0,0,0,0,0,0,0,0,0,0,0,0,0,0,0,0,0,0,0.0817118892279098,0,0
0,0,0,0,0,0,0,0,0,0,0,0,0,0,0,0,0,0,0,0,0,0,0,0,0,0,0,0,0,0,0,0,0,0,0,0,0,0,0,0,0,0,0,0,0,-0.170134911907564,0,0,0,0,0,0,0,0,0,0,0,-0.206652750162508,0,0,0,0,0,0,0,0,0,0,0,0,0,0,0,0,-0.242996368817898,0,0,0,0,0,0,0,0,0,0,0,0,0,0,0,0,0,0,0,0,0,0,0,0,0,0,0,-0.00728177444467604,0,0,0,0,0,0,0,0,0,0,0,0,0,0,-0.27936372743829,0,0,0,0,0,0,0,0,0,0,0,0,0,0,0,0,0,0,0,0,0,0,0,0,0,0,0,0,0,0,0,0,0,0,0,0,0,0,0,0,0,0,0,0,0,0,0,0,0,0,-0.417021567127875,0,0,0,0,0,0,0.080414101355023,0,0,0,0,0,0,0,0,0,0,0,0,0,0,0,0,0,0,0,0,0,0,0,0
0,0,0,0,0,0,0,0,0,0,0,0,0,0,0,0,0,0,0,0,0,0,0,0,0,0,0,0,0,0,0,0,0,0,0,0,0,0,0,0,0,0,0,0,0,0,0.0918792103425874,0,0,0,0,0,0,0,0,0,0,0,0,0,0,0,0,0,0,0.0732202914530296,0,0,0,0,0,0,0,0,0,0,0,0,0,0,0,0,0,0,0.0399298229857799,0,0,0,0,0,0,0,0,0,0,0,0,0,0,0,0,0,0,0,0,0,0,0,0,0,0,0,0,0,0,0,0,0,0,0,0,0,0,0,0,0,0,0,0,0,0,0,0,0,0,0,0,0,0,0,0,0,0,0,0,0,0,0,0,0,0,0,0,0,0,0,0,0,0,0,0,0,0,0,0,0,0,0,0,0,0,0,0,0,0,0,0,0,0,0,0,0,0,0,0,0,0,0.673291555668455,0,0,0,0,0,0,0,0,0,0.448013904572809,0,0
0,0,-0.0971575906688096,0,0,0,0,0,0,0,0,0,0,0,0,0,0,0,0,0,0,0,0,0,0.283633684996035,0,0.368709984245899,0,0,0,0,0,0,0,0,0,0,0,0,0,0,0,0,0,0,0,0,0,0,0,0,0,0,0,0,0,0,0,0,0,0,0,0,0,0,0,0,0,0,0,0,0,0,0,0,0,0,0,0,0,0,0,0,0,0,0.727056444216563,0,0,0,0,0,0,0.740845759306816,0,0,0,0,0,0,0,0,0,0,0,0,0,0,0,0,0,0,0,0,0,0,0,0,0,0,0,0,0,0,0,0,0,0,0,0,-0.257769130326009,0,0,0,0,0,0,0,0,0,0,0,0,0,0,0,0,0,0,0,0.113968014785683,0,0,0,0,0,0,0,0,0,0,0,0,0,0,0,0,0,0,0,0,0,0,0,0,0,0,0,0,0,0,0,0,0,0,0,0,0,0,0,0,0,0,0,0,1.04757174469827,0,0,0,0,0
0,0,0,0,0,0,0,-0.673736364997791,0,0,0,0,0,0,0,0,0,0,0,0.86085301110375,0,0,0,0,0,0.382934961894946,0,0,0,0,0,0,0,0,0,0,0,2.23199641330427,0,0,0,0,0,0,0,1.36003147502266,0,0,0,0,0,0,0,0,0,-0.0363365172005674,0,1.27736974551779,0,0,0,0,0,0,0,0,0,0,0,0,0,0,0,0,0,0,0,0,-1.18509417322396,0,0,0,-0.854163895577738,-1.50405349250267,-0.18392637072919,0,-1.78067154945901,0,0,0.797863066818659,0,0,0,0,0,-0.300800104212276,0,0,0,0,0,0,0,0,0,0,0,0,0,0,0,0,0,0,0,-0.560448326786191,0,0,0,0,0.0349665110753195,0,0,0,0,0,1.96822785499653,0,-0.191586184484155,0,0,0.299612526679786,0,0,0,0,0,0,0,0.375431229119292,-0.376375284227212,0,0.0316733106980542,0,0,0,0,0,-0.68738384061313,0,0.514292694476414,0,0,0,0,-1.0481978904236,-0.125625487260118,0,0,0.238715948265529,0,0,0,0,0,0,0,0,0,0,0,0,0,0.847564678176155,0,0,0,1.1392096018717,0,0,0,0,0,0.314203556715988,-0.273580795621943,0,0,0,0,0,0,0,0.135288538447714,0,0.292335917674657,-4.80322895300593,0,0,0,0
0,0,0,0,0,0,0,0,0,0,0,0,0,0,0,0,0,0,0,0,0,0,0,0,0,0,0,0,0,0,0,0,0,0,0,0,0,0,0,0,0,0,0,0,0,0,0,0,0,0,0,0,0,0,0,0,0,0,0,0,0,0,0,0,0,0,0,0,0,0,0,0,0,0,0,0,0,0,0,0,0,0,0,0,0,-0.302758019621018,-1.68577368726804,0,0,0,0,0,0,0,0,0,0,0,0,0,0,0,0,0,0,0,0,0,0,0,0,-0.347470887006327,0,0,0,0,0,0,0,0,0,0,0,0,0,0,0,0,0,0,0,0,0,0,0,0,0,0,0,0,0,0,0,0,0,0,0,0,0,0,0,0,0,0,0,0,0,0,0,0,-0.458033906108424,0,0,0,0,0,0,0,0,0,0,0,0,0,0,0,0,0,0,0,0,0,0,0,0,0,0,0,0,0,0,0,0,0,0,0,0,0,0,0
0,0,0,0,0,0,0,0,0,-1.15326270448875,0,0,0,0,0,0,-0.678625182972502,0,0,0,0,0,0,0,1.30494335136546,0,0,0,0,0,0,0,0,0,0,0,-0.163619626524678,0,0,0,0,-0.326059900001933,0,0,0,0,0,0,0,0,0,-2.63995944509559,0,0,0,0,0,0,0,0,0,0,0,0,0,0,0,0,0,0,-0.443025917057059,0,0,0,0,-0.105199705269603,0,0,0,0,-0.0408843985161638,0,0,0,0.352130723672385,0,0,0,0,0,0,0,0.0887528776913626,0,0,0,-0.481472701873952,0,0,0,0,0,0,0,0,0,0,0,0,0.386928461352075,0,0,0,0,0.475731288380699,0,2.04027906966747,0,0,0,0,0,-0.332948439311514,0,0,0,0,0,0,0,-0.470120915507664,-0.623137453590881,0,0,0,0,1.25903637839825,0,0,0.664698956741454,0,0,0,0,0,0,0,0,0,0,0,0,0.855605413496328,-0.2585982438219,0,0,0,0,0,-0.908843829148029,0,0,0,-0.652517471673515,0,0,0,0,0,0,0,0,0,0,0,0,0,0,0,0,0,0,0,0,-0.944326999221602,0,0,0,0,0,0.202332135035393,0,-0.396780965668289,0,0,0,0,0,0,-0.0505683367354928
0,0,0,0,0,0,0,0,0,0,0,0,0,0,0,0,0,0,0,0,0,0,0,0,0,0,0,-0.201120832446515,0,0,0,0,0,0,0,0,0,0,0,0,0,0,0,0,0,0,0,0,0,0,0,0,0,0,0,0,0.522122082803673,0,0,-0.207096236129779,0,0,0,0,0,0,0,0,0,0,0.406611008031653,0,0,0,0,0,0,0,0,0.368643078803446,0,0,0,0,0,0.999371926860597,0,0,0,0,0,0.106513563437259,0,0,0,0,0,0,0,0,0,0,0,0,0,0,0,0,0,0,0,0.274202765135418,0,0,0,0,0,0,0,-0.111963086439298,0,0,0,0,0,0,0,0,0,-0.0032034891115742,0,0,0,0,0,0,0,0,0,0,0,0,0,0.0176055041783427,0,0,0,0,0,0,0,0,0,0,0,0,0,0,0,0,0,0,0,-0.323264677116934,0,0,0,0,0.285906379946619,0,0,0,0,0.305234183222955,0,0.691357900176384,0,0,0,0,0,0,0,0,0,0,0,0,0,0,0,0,0,0,0,0,0,0,0,-0.155998399807586
0,0,0,0,0,0,0,0,0,-0.0554584525714583,0,0,0,0,0,0,0,0,0,0,0,0,0,0,0,0,0,0,0,0,0,0,0,0,0,0,0,0,0,0,0,0,0,0,0,0,0,0,0,0,0,0,0,0,0,0,0,0,0,0,0,0,0,0,0,0,0,0,0,0,0,0,0,0,0,0,0,0,0,0,0,0,0,0,0,0,0,0,0,0,0,0,0,0,0,0,0,0,0,0,0,0,0,0,0,0,0,0,0,0,0,0,0,0,0,0,0,0,0,0,0,0,0,0,0,0,0,0,0,0,0,0,0,0,0,0,0,0,0,0,0,0,0,0,0,0,0,0,0,0,0,0,0,0,0,0,0,0,0,0,0,0,0,0,0,0,0,0,0,0,0,0,0,0,0,0,0,0,0,0,0,0,0,0,0,0,0,0,0,0,0,0,0,0,0,0,0,0,0,0
0,0,0,0,0,0,0,0,0,0,0,0,0,0,0,0,0,0,0,0,0,0,0,0,0,0,0,0,0,0,0,0,0,0,0,0,0,0,0,0,0,0,0,0,0,0,0,0,0,0,0,0,0,0,0,0,0,0,0,0,0,0,0,0,0,0,0,0,0,0,0,0,0,0,-0.16416656850605,0,0,0,0,0,0,0,0,0,0,0,-2.13397110736137,0,0,0,0,0,0,0,0,0,0,0,0,0,0,0,0,0,0,0,0,0,0,0,0,0,0,0,0,0,0,0,0,0,0,0,0,0,0,0,0.93342108697656,0,0,0,0,0,0,0,0,0,0,0,0,0,0,0,0,0,0,0,0,0,0,0,0,0,0,0,0,0,0,0,0,0,0,0,0,0,0,0,0,0,0,0,0,0,0,0,0,0,0,0,0,0,0,0,0,0,0,0,0,0,0,0,0,0,0,0,0,0,0,0,0,0
0,0,0,0,0,0,0,0,0,0,0,0,0,0,0,0,0,0,0,0,0,0,0,0,0,0,0,0,0,0,0,0,0,0,0,0,0,0,0,0,0,0,0,0,0,0,0,0,0,0,0,0,0,0,0,0,0,0,0,0,0,0,0,0,0,-0.0274152181170577,0,0,0,0,0,0,0,0,-0.660977354772815,0,0,0,-0.526348972910978,0,0,0,0,0,0,0,0,0,0,0,0,0,0,0,0,0,0,0,0,0,0,0,0,0,0,0,0,0,0,0,0,0,0,0,0,0,0,0,0,0,0,0,0,0,0,0,0.171598290913177,0,0,0,0,-0.235290820408501,0,0,0,0,0,0,0,0,0,0,0,0,0,0,0,0,0,0,0,0,0,0,0,0,0,0,0,0,0,0,0,0,0,0,0,0,0,0,0,0,0,0,0,0,0,0,0,0,0,0,0,0,0,0,0,0,0,0,0,0,0,0,0,0,0,0,0,0
0,0,0,0,0,0,0,0,0,0,0,0,0,0,0,0,0,0,0,0,0,0,0,0,0,0,0,0,0,0,0,0,0,0,0,0,0,0.0607900280420837,0,0,0,0,0,0,0,0,0,0,0,0,0,0,0,0,0,0,0,0,0,0,0,0,0,0,0,0,0,0,0,0,0,0,0,0,-0.458828659922749,0,0,0,-0.34644300491087,0,0,0,0,0,0,0,0,0,0,0,0,0,0,0,0,0,0,0,0,0,0,0,0,0,0,0,0,0,0,0,0,0,0,0,0,0,0,0.0302890333098655,0,0,0,0,0,0,0,0,0,0,0,0,0,0,0,0,0,0,0,0,0,0,0,0,0,0,0,0,0,0,0,0,0,0,0,0,0,0,0,0,0,0,0,0,0,0,0,0,0,0,0,0,0,0,0,0,0,0,0,0,0,0,0,0,0,0,0,0,0,0,0,0,0,0,0,0,0,0,0,0,0,0
0,0,0,0,0,0,0,0,-0.348780978874722,0,0,0,0,0,0,0,0,0,0,0.203881506720864,0,0,0,0,0.103335460156354,0,0,0.360675946448979,0,0,0,0,0,0,0,-0.0568124588160694,0,0.399930698379984,0,0,0,0,0.853341248118777,0,0,-1.33800446793211,0,0,0,0,0,0,0,0,0,0,0,0,0,0,0,0,0,0,0,0,0,0,0,0,0,0,0,0,0,0,0,0,0,0,0,0,0,0,0,0,0,0,0,0,0,0,0,0,-0.287550744774947,0,0,0,0,0,0,-0.387558758118317,0,0,0,-0.248569499611982,0,0,0,0,0,-0.324956706315059,0,0,0,0,0,0.174756726774055,0,0,0,0,0,0,0,0,0,0,-0.0720093414019458,0,0,0,0,0,0,0,0,0,0,0,0,0,0,0,0,0,0,0,0,0,0,0,0,0,0.199130620839855,0,0,0,0,0,0,0,0,0,0,0,0,0,0,0,0,0,0,0,0,0,0,0,0,0,0,0,0,0,0,0,0,0,0,0,0,0,0,0,0,0,0,0,0,0
0,0,0,0,0,0,0,0,0,0,0,0,0,0,0,0,0,0,0,0,0,0,0,0,0,0,0,-0.450677287480833,0,0,0,0,0,0,0,0.254198641808554,0,0.36270025723557,0,0,0,0,0,0,0,0,0,0,0,0,0,0,0,0,0,0,0,0,0,0,0,0,0,0,0,-0.197136077924403,0,0,0,0,0,0,0,0,0,0,0,0,0,0,0,0,0,0,-1.05728019264255,0.34048454466292,0,0,0,0,0,0.154176101422612,0,0,0,0,0,0,0,0.552797440365463,0,0,0,0,0,0,0,0,0.837142496207359,0,0,0,0,0,0,0,0,0,0,0,0,0,0,0,0,0,0,0,0,0,0,0,0,0,0,0,0,0,0,-0.738316654304186,0,0,0,0,0,0,0,0,0,-0.0420069462033896,0,0,0,0,0,0,0,0,0,0,0,0,0,0,0,0,0,0,0,0,0,0,0,0,0,0,0.0499079043987927,0,0,0,0,0,0,0.117419426513177,0,0.202374575928786,0,-0.248671211736497,0,0,0,0,0,0,1.34392001819276,0,0,0,0,0
0,0,0,0,0,0,0,0,0,0,0,0,0,0,0,0,0,0,0,0,0,0,0,0,0,0,0,-0.166904517838011,0,0,0,0,0,0,0,0,0,0.0357375483561819,0,0,0,0,0,0,0,0,0,0,0,0,0,0,0,0,0,0,0,0,0,0,0,0,0,0,0,0,0,0,0,0,0,0,0,0,0,0,0,0,0,0,0,0,0,0,0,0,0,0,0,0,0,0.472590701308741,0,0,0,0,0,0,0,1.56437216107504,0,0,0,0,0,0,0,0,0.0552298908636288,0,0,0,0,0,0,0,0,0,0,0,0,0,0,0,0,0,0,0,0,0,0,0,0,0,0,0,0,0,0,0,0,0,0,0,0,0,0,0,0,0,0,0,0,0,0,0,0,0,0,0,0,0,0,0,0,0,0,0,0,0,0,0,0,0,0,0,0,0,0,0,0,0,0,0,0,0,0,0,0,0,0,0,0,0,1.44411697599743,0,0,0,0,0
0,0,0.784300186249188,0,0,0,0,0,0,0,0,0,0,0,-0.189794453709038,0,0,0,0,0,0,0,0,0,0,0,0,0,0,0,0,0,0,0,0,0,0.217982177133394,0,0,0,0,0,0,0,0,0.477471541088043,0,0,0,0,0,0,0,0,0,0,0,0,0,0,-0.553691503732876,0,0,0,0,0,0,0,0,0,0,-1.20547003222312,0,0,0,0,0,0,-0.385726146894532,0,0,0,0,0,0,0,-1.47968518094551,0,0,0,0,-0.628934669070518,0,0,0,0,0,0,0,0,0,0.37513376233995,0,0,0,0,0,0.474809533255485,0,0,0,0,0,0,0,0,0,0,0,0,0,0,0,0,0,0,0.388301474590498,0,0,0,0,0,-0.233120654497823,0,0.951483303309825,0,0,0,0,0,0,0,0,0,0,0,0,0,0,0,0,0,0,0,0,0,0,0,0,0,0,0,0,0,0,0,0,0,0,0,0,0,0,0,0,0,0.645956997625657,0.604776578190828,0,0,0,0.82494182419049,0,0,0,0,0,-0.342398772486869,0,-0.2488108249253,0,0,0,0,0.45724079846492,0,0,0,0,0
0,-0.486151258111483,-0.611994036700319,0,4.48338361360242,0.0958982612422594,0,0,0,0,0,0,0,0,0,0,0,0,-3.02222177255027,0,0,0,0,0,0,1.12312210757848,0,0,0,0,0,0,0,1.08100024818078,0,4.20345071839118,0,0,0,0,0,0,0,0,-0.121184100351736,0,0,0,-1.53417894092964,0,0,0,0,-1.27212558647472,0,0,0,0,0.451683516729119,0,0.266505118137482,0,0,0.982040807416944,0,-1.01123567272731,1.08505191312505,0,0,0,0,-3.91831691868845,-1.49966456221826,0,0,0,-0.265008778699807,3.13902541051788,0,0.292807161902243,-1.03828376772837,0,0,-0.747862789835596,0,0,0,0,2.4860101193217,0,0,0,1.14596656304033,0,0,0,-0.0793720813718255,1.11778508615367,0.16551616281699,-5.55929277573357,0,1.10673113668864,0,0,0,2.80824759297577,1.59464030592185,0.823401257650275,0,-0.410491726885868,0,-0.710855218764057,-0.7232531692009,-1.69912347125093,-0.896140381014264,0,0,-1.3880358210426,0,-3.50457980505391,0,3.38266267647256,0,0,0,4.05432415862717,1.12993986561835,-2.28250618852465,0,-2.04333522819487,-1.06437630451464,0,-0.534086714025814,0,0.93716731374344,0,0,0,0,0,-0.45279324683487,0,0,1.4240739599127,0.364085321637856,0,0,-3.26671699621804,0,0,0.254349721024414,0,-0.291171894806629,0,0.0906626036769904,0,0,0,-2.08930911616589,-1.18847127138041,-1.66182026654986,-0.741515885700914,0,-1.33444690895102,0,-0.135384156666347,0,0,0,-2.56515945246946,0,0,-0.545064694911344,0,0,0,-0.136450459600279,0,0,0,0.498435841686851,-0.143995804945396,0,-2.04025389070978,0,0,0,0,0,0,0,0,0,1.565300463292,-1.05126767615585,0.145003858288421,-0.177455442574239,0,0,0
0,0,0,0,0,0,0,0,0,0,0,0,0,0,0,0,0,0,0,0,0,0,0,0,-0.0166906806671892,0,0,0,0,0,0,0,0,0,0,0,0,0,0,0,0,0,0,0,0,0,0,0,0,0,0,0,0,0,0,0,0,0,0,0,0,-0.0808528782059594,0,0,0,0,0,0,0,0,0,0,0,0,0,0,0,0,0.0264360247475102,0,0,0,0,0,0,0,0,0,0,0,0,0,0,0,0.140736714259879,0,0,0,0,0,0,0,0,0,0,0,0,0,0,0,0,0.0338928920459587,0,0,0,0,0,-0.223020407762013,0,0,0,0,0,0,0,0,0,0,0,0,0,-0.0518016479706442,0,0,0,0,0,0,0,0,0,0,0,0,0,0,0,0,0,0,0,0,0,0,0,0,0,0,0,0,0,0,-0.00589545134170799,0.224916822010131,0,0,0,0,0,0,0,0,0,0,0,0,0,0,0,0,0,0,0,0,0,0,0,0,0,0,0,0,0,0,0,0,0,0,0,0
0,0,0,0,0,0,0,0,0,-0.170952961561346,0,0,0,0,0,0,0,0,0,0,0,0,0,0,0,0,0,0,0,0,0,0,0,0,0,0,0,0,0,0,0,0,0,0,0,0,0,0,0,0,0,0,0,0.93377514238114,0,0,0,0,0,0,0,0,0,-0.0417854154225428,0,0,0,0,0,0,0,0,0,0,0,0,0,0,0,-0.237223425216516,0,0,0,0,0,0,0,0,0,0,0,0.312234053669581,0,0,0,0,0,0,0,0,0,0,0,0,0,0,-2.2836423978715,0,0,0,0,0,0,0,0,0,0,-0.0689080567136793,0,0,0,0,0,0,0,0,0,1.09125259767143,0,0,0,0,0,0,0,-0.132573150882275,1.02229640637004,0,0,0,0,0,0,0,0,0,0,0,0,-0.419446341636631,0,0,0.0422667406921868,0,0,0,0,0,0,0,-0.240623848875442,0.202863415553788,0,0,0,0,0,0,0,0,0,0,0,0,0,0,0,0,0,0,0,0,0,0,0,0,0,0,0,0,0,0,0,0,0,0,0,0,0,0
0,0,0,0,0,0,0,0,0,0,0,0,0,0,0,0,0,0,0,0,0,0,0,0,0,0,0,0,0,-0.279075011827427,0,0,0,0,0,0,0,0,0,0,0,0,0,0,0,0,0,0,0,0,0,0,0,0,0,0,0,0,0,0,0,0,0,0,0,0,0,0,0,0,0,0,0,0,0,0,0,0,0,0,0,0,0,0,0,0,-3.8536732535555,0,0,0,0,-0.398080947634561,0,0,0,0,0,0,0,0,0,0,0,0,0,0,-0.478562780626374,0,0,0,0,0,0,0,0,0,0,0.0608271694389877,0,0,0,0,0,0,0,0,0,0,0,0,0,0,0,0,0,0,0,0,0,0,0,0,0,0,0,0,0,0,0,0,0,0,0,0,0,0,0,0,0,0,0,0,0,0,0,0,0,0,0,0,0,0,0,0,0,0,0,0.528642008735872,0,0,0,0,0,-0.07632026572577,-0.586048423458098,0,0,0,0,0,0,0,0,0,0,0,0,0,0,0
0,0,-0.25343776902788,0,0,0,0,1.50918573294986,0,0,0,0,0,0,0,0,0,0,0,0,0,0,0,0,0,0,0,0,0,0,0,0,0,0,0,0,0,0,0,0,0,0,0,0.764299320309459,0,0,0.448845839663657,0,0,-6.30099583337711,0,0,0,0,0,0,0,-0.46238439015325,0,0,0,0,0,0,0.176723056801643,0,0,0,0,0,0,0,-0.135065514452556,0,0,0,0,0,0,0,0.27900094269565,0,0,0.413088263138174,0,0,0,0,0,0,0,0,0,0,0,0,0,0,0,0,0,0,0,0,0,0,0,0,0.0640405624934688,0,0,0,0,0,0,0,0,0,0,0.0492092057097397,0,0,-0.918650445245269,0,0,0,0,0,0,0,0,0,0,0,0,0,0,0,0,0,0,0,0,0,0,0,0,0,0.0494747203831487,0,0,0,0,0,0,0,0,0,0,0,0,0,0,-0.190713676755971,0,0,0,-0.165394559425564,0,0,0,0,0,0,0,0,0,0,0,0,0,0,0,0,0,0,0,0.965167448092668,0,0,0,0,0,0,0,0,0,0,0,0
0,0,0,0,0,0,0,0,0,0,0,0,0,0,0.074747564109229,0,0,0,0,0,0,0,0,0,0,0,0,0,1.51762599271588,0,-0.0523462405549528,0,0,0,0,-0.0711292460696562,0,0,0,0,0,0,0,1.04140736444891,0,0,-0.84691068531892,0,0,-9.70177854669997,0,0,0,0,0,0,0,0,0,0,0,0,0.323325189181099,0,0,0,0,0,0,0,-1.31685828740481,0,0,0,-0.00639001870216749,0,0,0,0,0,0,0,0,0,0,-0.211376589816995,-0.218685772679304,0.241117071696479,0,-0.882454436904439,0,0,0,0,0,0,0,-0.336164022928662,0,0,0,0,-0.277170217432187,1.16019653821881,0,0,0,0,0,0,0.366249072211676,0,0,0,0,0,0,0,0,0,0,0,0,0,0,0,0,0,0,0,0.435406442482529,0,0,0,0,-0.492835385493201,0,0,0,0,0,0,0,0,0,0,0,0,0.430521371086613,0,0,0,0,0,0,0,0,0.0784175423166962,0,0.461501986318964,0,0,0,0,0,0,0,0,0,0.497626649070776,0,0,0,0,0,0,0,0,0,0,0,0,0,0,-0.409847035084041,0,0,0,0,0,0,0,0,-0.97224116009282,0,0,0,0,0,0
0,0,0,0,0,0,0,0,0,0,0,0,0,0,0.257098122589005,0,0,0,-0.00177490920809253,0,-0.232503800684827,0,0,0,0,0,0,-0.106975192006243,0.381785990729887,0,0.577110210993756,0,0,0,0,0,0,0,0,0,0,0,0,0,0,0,-0.256723294870178,0,0,-13.4349865219251,0,0,0,0,0,0,0.0909039903174953,0,0,0,-0.0539606308539919,0,-0.329199037927177,0,0,0,0,0,0,0,-0.546154595801441,0,0,0,0,0,0,0.383233726939138,0,0,0,0,-0.472515834024658,0,0,0,0,-0.269408020832264,0,0,0,0,0,0,0,-0.718108585043941,0,-0.0532912131654009,0,0,0,0,0,0,0,0,0,0,0,0,0.100545689891974,0,0,0,0.417449198619512,0.555985239173624,0,0,0,0.368932003597476,0,0,0,0,0,0,0,0,0,0,0,0,0,0,0,0,0,0,0,0,0.345349061312207,-0.530586216060219,0,0,0,0,0,0,0,0,0,0,0,0,0,0,0,0,0,-0.121625570515396,0,0,0,0,0,0,0,-1.12073520664629,0,0.156411127323503,0,0,0,0,0,0,0,0,0,0,0,0,0,0,0,0,-0.11260554342759,0,0,-0.162235227836913,0,0,0,0,0,0,0,0,0,0
0,-0.292907209122031,0,0,0,0,0,0,-0.992286525740008,-0.0268122112273281,0.851503383967999,0,0,0,0,0,-0.0110623654655801,0,0,0,0,0,0,0,0,0,0,0,0,0,0,0,0,-0.0950040499341529,0,-0.00555042653312121,0,-0.310877680152689,0,0,0,0,0,0,0,0,0,0,0,-13.9323033806155,-0.150160018825307,0,0,0,0,0,0,0,0,0,0,0,0,0,0,0,0,0,0,0,0,0,0,0,-0.201003881561884,0,0,0.105330791111777,0,0,-0.400360555869338,-0.200826555792994,0,0,0,0,0,0,0,0,0,0,0,0,0,0,0,0,0,0,0,0,0,0,0,0,0,0,0,0,0,0,0,0.1664287530317,0,0.367628726326668,0,0,0,0,0,0,0,0,0,0,0,0,0,0,0,0,-0.286228246046005,0,0,0,0,-0.238637200626989,0,0,0.523127316373719,0,0,0,0,0,0,0,0,-0.45501841205238,0,0,0,0,0,0,0,0,0,0,0,0,-0.165393117110918,0,0,0,0,0,0,0.314802641262202,0,0,0,0,0,0,0,0,0,0,0,0,0,0,0,0,0,0,0,0,0,0,0,0,0,0,0,0,0,0
0,0,0,0,0,0,0,0,-0.602044139361895,0,-0.745924489527267,0,0,0,0.106435846680452,0,0,0,0,0,-0.286727483875271,0,0,0,-0.508948175471832,-0.146994526365298,0,0,-1.55218734192279,0,0,0,0,0,0,0,0,-0.00113464299086008,0,0,0,0,0,0,0,0,0,0,0,-14.6843650944806,0,0,0,-0.757050053417298,0,0,0,0,0,0,0,0,0,0,0,-0.117094819142895,-0.155047597126206,0,0,0,0,0,0,0,0,0,0,0.947068906922941,0,0,-0.355736193012042,0,-0.955769756325007,0.088548664928195,0,0,0,0.0142464735337484,-0.0732289025956581,0,0,0,0,0,0,0,0,0,0,0,0,0,0,0,0,0,0,0,0.581024571621501,-0.435496322278112,0,0,0,0,0,0,0,0,0,0,0,0,0.834348790052902,0,0,0,0,0,0,0.822535548198268,0,0.0914240222470086,0,0,0,-0.818432410605241,0,0,0,0.0812155045732028,0,0,0,-0.528408261003125,0,0,0,0,0.50206751002637,0,0,0,0,0,-1.00855330779245,0,0,0,0,0,0,0,-0.181176970127966,0,0,0,0,0,0.635926425445055,0,0,0,0,0,0,-0.25399673033582,0,-0.035766172593156,0,0,0,-0.315866938904818,0,0,0,0,0,-0.00763914672742572,0,0,0,0,0,0,0,0,0,-0.374861789503206,1.29461855654003,0.00548410706573921
0,0,0,0,0,0,0,0.566268587036486,0,0,0.83013235575363,0,0,0.308678564462515,0,0,0,0,0,0,0,0,0,0,0,0,0,0,2.20993178745217,0,0,0,0,0,0,0,0.174272383003997,-1.12371486487003,0,0,0,0,0,0.213234838980255,0,0,1.98306682605763,0,0,0,0,0,-0.136291946608703,0,0,0,0.296213304636111,0.0819473248700973,0,0,0,0,0,0,0,0,0,0,0,0,0,0,0,0,0,0,0.0817845819924934,0,0,-0.897016050599487,0,0,0,0,0,0,0,-0.323023328789651,-0.238384769294455,0,0,0,0,0,0,0,0,0,0,0,0,0,0,0,0,0.0389154271468544,0,0.038531494670907,0.129970227572654,0,0,0,0,0,0,0,0,0,0,0,0,0,0,0,0,0.546093287951096,0,0,0,0,-0.674398414016817,0,-0.115576303290292,0,0,0,0,0,0,0,0,0.33299616106387,0,0,0,0,0,0,0,0,0.186393889757122,0,0,-0.41238825932394,0,0,0,0,0,0,0,0,0,0,0,0,0,-0.141406627351485,0,0,0,0,0,-0.129088936420323,0,0,0,0,0,0,0,0,0,0,0,0,0,0,0,-0.102999121549534,0.197457413167534,0,0,0,0,0,0,-1.06709373677943,0,0.688847244353794
0,0,0,0,0,0,0,0,0,0,0,0,0,0,0,0,0,0,0,0,0,0,0,0,0,1.36754168492599,0,0,-0.202573774453969,0,0,0,0,0,0,0,0,0,0,0,0,0,0,0.383767467357029,1.11072924376343,0.769411967307543,-0.364854097233594,0,0,0,0,0,0,0,0,0,0.250600602622755,0,0,0,0,0,0.857898124530455,0,0,0,0,0,0,0,0,0,0,0,0,0,0,0,0,0,0,0,0,-0.984725356923673,0,0.264036331661512,0,0,0,0,0,0,0,0,0,0,0,0,0,-0.00622428672168618,1.06433295023865,0,0,0,0.070096317400256,0,0,0,0,0,0,0,0,0,0,0,0,0,0,0,0,0.245004001613669,0,0,0,0,0,0,0,0,0,0,0,0,0,0,0,0,0,-0.444695746027702,0,0,0,0,0,0,0,0,0,0,0.918983501866156,0,0,0,0.163501225551105,0,0,0,0,-0.28831508495507,0,0,0.529514936226585,0,0,0,0,0,0,0,0,0,0,0,0,0,0,0,0,0,0,0,0,0,0,-0.506985874593639,0,0,0,0,0,0,0,0,0,0.241836629153841,0,0,0,0
0,0,0,0,0,0,0,0,0,0,0,0,0,0,0,0,0,0,0,0,0,0,0,0,0,0,0,0,0,0,0,0,0,0,0,0,0,0,0,0,0,0,0,0,0,0,-0.455455031068001,0,0,0,0,0,0,0,0,0,0,0,0,0,0,0,0,0,0,0,0,0,0,0,0,0,0,0,0,0,0,0,0,0,0,0,0,0,0,0,0,0,0,0,0,0,0,0,0,0,0,0,0,0,0,0,0.0998778562240239,0,0,0,0,0,0,0,0,0,0,0,0,0,0,0,0,0,0,0,0,0,0,0,0,0,0,0,0,0,0,0,0,0,0,0,0,0,0,0,0,0,0,0,0,0,0,0,0,0,0,0,0,0,0,0,0,0,0,0,0,0,0,0,0,0,0,0,0,0,0,0,0,0,0,0,0,0,0,0,0,0,0,0,0,0,0,0,0,0,0,0,0,0,0,0,0,0
0,0,0,0,0,0,0,0,0,0,-0.0604019223002876,0,0,0,0,0,0,0,0,0,0,0,0,0,0,0,0,0,-0.44814523351193,0,0,0,0,0,0,0,0,0,0,0,0,0,0,0,0,0,0,0,0,0,0,0,0,0,0,0,0,0,0,0,0,0,0,0,0,0,0,0,0,0,0,0,0,0,0,0,0,0,0.0350951506292532,0,0.0333333311969415,0,0,0,0,-0.333722755335785,0,0,0,0,0,0,0,0,0,-0.105473811911853,0,0,0,0,0,0,0.885153089044396,0,0,0,0,0,0,0,0,0,0,0,0,0,0,0,0,0,-0.0334148554648195,0,0,0,0,0,0,0,0,0,0,0,0,0,0,0,0,0,0,0,0,0,0,0,0,0,0,0,0,0,0,0,0,0,0,0,0,0,0,0,0,0,0,0,0,0,0,-0.796930366414794,0,0,0,0,0,0,0,0.0718399972951909,0,0,0,0,0,0,0,0,0,0,0,0,0,0,0,0,0,0,0,0,0,0,0.0169114886147568,-0.472951635765675
0,0,-0.62094274169365,0,0,0,0,0,0,0,-0.122331430308465,0,0,-1.36746146070824,0,0,-0.0506743846816122,0,0,0,0,0,0,0,0,0,0,0,0.40124476749697,0,0,0,0,0,0,0,0,0,0,0,0,-0.00855998092279386,0,0.0621879911421066,0.755201196935129,0.0649254345237591,1.35494509825724,0,0,0,0,0,0,0,0,0,-1.56153778592837,0,0,0,0,0,0,0,0,-0.781419930908105,0,0,0,0,0,0,0,0,0,0,0,0,0,0,0.0296404976476463,0,0,0,0,0,0,0,0,0,0,0,0,0,0,0,0,0,0,0,-0.459807468176126,0,0.00848450048728422,0,0,0.374638807825803,0,0,0,0,0,0,0,0,0,-0.0508949101440936,0,0,0,0,0,0,0,0,0,0,0,0,0,0,0,0,0,0,0,0,0,0,0,0,0,0.155831517972948,0,-0.50474506040598,0,0,0,0,0,0,0,0,0,0,0,0,0,0,0,0,0,0,0,0,0,0,0.0310559495389384,0,0,0,0,0,0,0,0,0,0,0,0,0,0,0,0,0,0,0,0,0,0,0,0,0,0,0,0.0859146947886769,0,0,0,0,0
0,0,0,0,0,0,0,0,0,0,0.457212549093305,0,0,0,0,0,0,-0.355512490618419,0,0,0,0,0,0,0,1.62954444803816,0,0,-0.339680197480155,0,0,0,0,0,0,0,0,0,0,0,0,0.506765216311839,0,0,0,0.137173182944007,0,0,0,0,0,0,0,0,0,0,0,0,0,0,0,0,1.19176142953544,0.167688998837492,0,0,0,0,0,0,0,0,0,0,-0.179856096726352,0,0,0,0,0,0,0,-0.672025419793968,0,-1.08167952927732,-0.726869265052426,0,0,0,0,0,0,0,0,0,0.0596595207286366,0,0,0,0,0,0,0.00384623213423696,0,0,1.82617419217571,0,0,0,0.173903522789916,0,0,0,0,0,0,0,0,0,0,0,0,0,0,0,0,0,0,0,0,0,0,0,0,0,0,0,0,0,0,0,0,0,0,0,0,0,0,0.330475374012736,0,0,0,0,0,0,0,0,0.00913300092968905,0,0,0,0,0,0,0,0,0,0,0,0,0,0,0,0,0,0,0,0,0,0,0,0,0,0.0734304223459898,0,0,0,0.356487100484735,0,0,0,0,0,0,0,0,0,0,0,0
0,0,0,0,0,0,0,0,0,0.580690445648768,0,0,0,0,0,0,0,0,0,0,0,0,0,0,0,0,0,0,0,0,0,0,0,0,0,0,0,0,0,0,0,0,0,0,0,0.415012240557271,0,0,0,0,0,0,0,0,0,0,-0.694022422520635,0,0,0,0,0.155292120919393,0,0,0,0,0,0,0,0,0,0,0,0,0,0,0,0,0,0,0,0,0,0,0,0,0,-0.499825685164268,0,-1.86260145015829,0,0,0,0,0,0,0,0,0,0,0,0,0,0,0,0,0,0,0,0,0,0,0,0,0,0,0,0,0,0,0,0,0,0,0,0,0,0,0.187640564156082,0,0,0,0,0,0,0,0,0,0,0,0,0,0,0,0,0,0,0,0,0,0,0,0,0,0,0,0,0,0,0,0,0,0,0,0,0,0,0,0,0,0,0,0,0,0,0,0,0,0,0,0,0,0,0,0,0,0,0,0,-0.179137923717509,0,0,0,0,0,0,0,0,0.548019716217339,0
0,0,0,0,0,0,0,0,0,0,0,0,0,-0.0536852178398588,0,0,0,0.92279379252188,0,0,0.153274551340806,0,0,0,0,0,0.205718156894695,0,0,0,0,-0.0156981438937289,5.67421537868543,0,0,0.958838939330114,0,0,0,0,0,0,0,0,0,0,0,0,0,0,0,0,0,0,0,0,0,0,0,0,0,0,0,0,0,0,0,0,-2.38826280719021,0,0,0,0,0,0,0,0,0,0,0,0,0,0,0,0.436049010841857,0,0,-0.484766657148858,0,0,0,0,-0.0984206109089967,0,0,0,0,0,0,0,0,1.04982290611904,0,0,0,0,0,0,0,0,0,0,0,0.315145563883049,0,0,0.286037960446904,-2.3906456254626,0,0,0,0,0,0,0,0,0,0,0,0.113422788073072,0,0,0,0,0,0,-0.024110617069885,0,0,0,-0.0620993321900063,0,0,0,0,0,0,0,-0.201438862017933,0,0,0,0,0,-0.196519651328137,0,0,0,0,0,-0.195134069178737,0,0,0,0,0,0,0,0.760262055448705,0,0,0,0,0,0,0,0,0,0,0.448601515803612,0,0,0,0,0,0,0,-0.320423046503266,0,0,0,0,0,0,0.070940366642736,0,0,0,0,0
0,0,0,0,0,0,0,0.553083946406734,0,0,0,0,0.389823612395877,0,0,0,0,0,0,0,0,0,0,0,0.796311862225048,0,0,0,0,0,0,0,0,-0.420735654227211,0,0,0,0,0,0,0,0,0,0,0,1.57742397495255,0,0,0,0,0,0,0,0,0,0,0,-0.19403330535389,-0.421328531974223,0,0.242132533831408,0,0,0,0,0,0,0,0,0,0,0,0,0,0,0,0,0,0,0,0,0,0,0,-1.42280863649199,0,-0.848925829810719,0,0,0,0,0,0,0,0,0,0,-0.29594959623008,0.143846714594852,-0.0521296444792774,0,0.401274980652613,4.90606507570778,0,0,0,0,0,0,0,0,0,0,-0.637925933061386,0,0.369538292171886,0,-0.39614753962403,0,1.66848358559161,-0.437577707378024,0,0,0,0,0,0,0,0,0,0,0,0,0,0,0,0,0,0,0,0,0,0,0,0,0,0,0,0,0.382837317026225,0.441613748506372,0,0,0,0,0,0,0,0,0,0,0,0,0,0,0,0,0,0,0,0,0,0,0,0,0,0.316056132203699,0,0,0,0,0,-0.196447727680337,0.021563422264782,0,0,0.126301834846983,0.299466229851592,0,0,0,0,0,-0.439444333536904,0,0,-0.477955853242314,0,0,-0.0503462589944332
0,0,0,0,0,0,0,0,0,-0.282792647503357,0,0,0,0,0,0,0,0,0,0,0,0,0,0,-1.01585139406241,0,0,0,0,0,0,0,0,0,0,0,0,0,0,0,0,0,0,0,0,0,0,0,0,0,0,0,0,0,0,0,0,-0.70753212394958,0,0,0,0,0,0,0,0,0,0,0,0,0,0,0,0,0,0,0,0,0.55825841569452,0,0,0,0,0,0,0,0,0,0,0,0,0,0,0,0,0,0,0,0,0,0,0,0,0,0,0,0,0,0,0,0,0,0,0,0,0,0,0,0,0,0.110509941707787,0,0,0,0,0,0,0,0,0,0.263744114965629,0,0,0,0,0,0,0,0,0,0,0,0,0,0,0,0,0,0,0,0,0,0,0,0,0,0,0,0,0,0,0,0,0,0,0,0,0,-0.30563838514449,0,0,0,0,0,0,0,0,0,0,0,0,0,0,0,0,0,0,0,0,0,0,0,0,0,0,0,0,0,0,0
0,0,0,0,0,0,0,0,0,0,0,0,0,0,0,0,0,0,0,0,0,0,0,0,0,0,0,0,0,0,0,0,0,0,0,0,0,0,0,0,0,0,0,0,0,0,0,0,0,0,0,0,0,0,0,0,0,0,0,0,0,0,0,0,0,0,0,0,0,0,0,0,0,0,0,0,0,0,0,0,0,0,0,0,0,0,0,0,0,0,0,0,0,0,0,0,0,0,0,0,0,0,0,0,0,0,0,0,0,0,0,0,0,0,0,0,0,-0.79295295457238,0,0,0,0,0,0,0,0,0,0,0,0,0,0,0,0,0,0,0,0,0,0,0,0,0,0,0,0,0,0,0,0,0,0,0,0,0,0,0,0,0,0,0,0,0,0,0,0,0,0,0,0,0,0,0,0,0,0,0,0,0,0,0,0,0,0,0,0,0,0,0,0,0,0,0,0,-0.0337311695871638,0,0,0,0,0
0,0,0,0,0,0,0,0,0,0,0,0,0,0,0,0,0,0,0,0,0,0,0,0,0,0,0,0,0,0,0,0,0,0,0,0,0,0,0,0,0,0,0,0,0,0,0,0,0,0,0,0,0,0,0,-1.13548867341199,0,0,0,0,0,0,0,0,0,0,0,0,0,0,0,0,0,0,0,0,0,0,-0.331594761193878,0,0,0,0,0,0,0,0,0,0,0,0,0,0,0,0,0,0,0,0,0,0,0,0,0,0,0,0,0,0,0,0,0,0,0,0,0.0389772968595234,0,0,0,0,0,0,0,0,0,0,0,0,0,0,0,0,0,0,0,0,0,0,0,0,0,0,0,0,0,0,0,0,0,0,0,0,0,0,0,0,0,0,0,0,0,0,0,0,0,0,0,0,0,0,0,0,0,0,0,0,0,0,0,0.0169224829020476,0,0,0,0,0,0,0,0,0,0,0,0,0,0,0,0,0,0,0,0
0,0,0,0,0,0,0,0,0,0,0,0,0,0,0,0,0,0,0,0,0,0,0,0,0,0,0,0,0,0,0,0,0,0,0,0,0,0,0,0,0,0,0,0,0,0,0.146093841781829,0,0,0,0,0,0,0,0,0,0,0,0,0,0,0,0,0,0,0,0,0,0,0,0,0,0,0,0,0,0,-0.260825349627018,0,0,0,0,0,0,0,0,0,0,0,0,0,0,0,0,0,0.00605318428379409,0,0,0,0,0,0,0,0,0,0,-1.52400785523246,0,0,0,0,0,0,-0.356316112192974,0,0,0,0,0,0,0,0,0,0,0,0,0,0,0,0,0,0,0,0,0,0,-0.715419832385519,0,0,0,0,0,0,0,0,0,0,0,0,0,0,0,0,0,0,-0.158879760183227,0,0,0,0,0,0,0,0,0,0,0,0,0,0,0,0,0,0,0,0,0,0,0,0,0,0,0,0,-0.144729736537425,0,0,0.418251609273322,0,0,0,0,0,0,0,0,0,0,0,0
0,0,0,0,0,0,0,0,0,0,0,0,0,0,0,0,0,0,0,0,0,0,0,0,0,0,0,0,0,0,0,0,0,0,0,0,0,0,0,0,0,0,0,0,0,0,0,0,0,0,0,0,0,0,0,0,0,0,0,0,0,0,0,0,0,0,0,0,0,0,0,0,0,0,0,0,0,0,0,0,0,0,0,0,0,0,0,0,0,0,0,0,0,0,0,0,0,0,0,0,0,0,0,0,0,0,-1.91065467166508,0,0,0,0,0,0,0,0,0,0,0,0,0,0,0,0,0,0,0,-0.317155910476696,0,0,0,0,0,0,0,0,0,0,0,0,0,0,0,0,0,0,0,0,0,0,0,0,0,0,0,0,0,0,0,0,0,0,0,0,0,0,0,0,0,0,0,0,0,0,0,0,0,0,0,0,0.327340393120639,0,0,0,0,0,0,0,0,0,0,0,0,0,0,0,0,0,0,0,0
0,0,0,0,0,0,0,0,0,0,0,0,0,0,0,0,0,0,0,0,0,0,0,0,0,0,0,0,0,0,0,0,0,0,0,0,0,0,0,0,0,0,0,0,0,0,0,0,0,0,0,0,0,0,0,0,0,0,0,0,0,0,0,0,0,0,0,0,0,0,0,0,0,0,0,0,0,0,0,0,0,0,0,0,0,0,0,0,0,0,0,0,0,0,0,0,0,0,0,0,0,0,0,0,0,0,-2.33403635518313,0,-0.49213270700875,0,0,0,0,0,0,0,0,0,0,0,0,0,0,0,0,0,-0.572927899554597,0,0,-0.0193960060186646,0,0,0,0,0,0,0,0,0,0,0,0,0,0,0,0,0,0,0,0.693141635524453,0,0,0,0,0,0,0,0,0,0,0,0,0,0,0,0,0,0,-0.235020882882143,0,0,0,0,0,0,0,0,0,0,0.5345560826325,0,0,0,-0.902735985714351,-1.00280424070702,0,0,0,0,0,0,0,0,0,0,0,0,0.241277141068587,0,0
0,0,0,0,0,0,0,0,0,0,0,0,0,0,0.0999689222315232,0,0,0,0,0,0,0,0,0,2.18221839461942,-0.162721365260218,0,0.563686914627539,0,0,0,0,0,-0.512813009279659,0,1.37908486553176,2.51850194697513,0.248886504252819,0,0,0,0,1.69693172457668,0,0,0,0,0,0,-0.60141272613592,0,0.857567863761772,0,0,0,1.77890847751138,0,0,0,0,0,0,0,2.69270882513831,3.88516531965385,0,0,0,-0.739704789606827,0,0,0,0,0,0,0,0,0,0,0,0,0,0,3.12742297345275,-1.3412480100309,0,0,0,-0.0982651412194628,-5.01629525062491,0,0.587681631329132,0,0,0,0,0,-0.901723834358442,0.138216312703458,0,0.539041685299932,0.29815267168173,-1.0154032668909,0,0,0,0.173823552933158,0,0,0,0,0,0,-1.19118231536239,0,0,-0.253865667845406,0,0,0.308428926210121,-0.669334636020139,0,0,-0.328839720801474,0,0,2.64934335543789,1.31633393475562,0,-1.42476882680771,-1.11544221486122,0,0,0,-0.998602384420622,0.730026762989059,0,0,0,0,0,2.00739803331879,0,0.545330817675579,0,0,0,1.61797110343328,-0.419641345532259,0,1.13528395494324,0,0,0,0,0.175103635146519,0,0,0,0,0,0.307224418954887,0,1.26086837636784,0,0,1.58632413284803,0,0,0,0,0,0,0,0,0,0.995033837964165,0,0,0,0,0,0,0.359355764823093,0,0,-0.069002149264112,-6.72788199505841,0.475888122249492,0,0,0,-0.573126900844529,0,0,-9.7583187890128,0,0,0,-0.0529481967670553
0,-0.713682873810803,0,0,-0.151856614266775,0,0,0,0.346154576476348,0,0,0,0.0807612720463606,0,0,0,-0.718018068666311,0,0,0,0,0,0,0,-1.84531619175364,0,0,0,0,0,0,0,-0.550399758282371,0,0,0,0.17982323884378,1.41627115972108,0,0,0.119467356359219,0,0,0,0,0,0,0,0,0,0,0,0,0,0,0,0,-0.0598115209494323,0,0,0,0,-0.00773689637192954,0,0,0,0,0,0,0,0,0,0,0,0,0,0,0,0.887884760172304,1.10472866966172,0,0,0,0,0,0,0,0,0,0,0,-0.884605734095434,0,0,0,0,0,0,0,0.047134965560176,0,0,0,0,-2.6841439085986,0,0,0,0,0,0,-0.594069034113897,0,0,0,-0.204641262922123,0,-0.978600146643172,0,1.26956534949903,1.35369863572461,0,0,0,0,-1.73865242106197,0,-0.652761993172833,0.439329304865004,0,0,0,0,0,0,0,0,0,0,0.736634858922846,0,0,0,0,0,0,0,0,0,0,0,0,0,0,0,0,0,0,0,0,-1.29224128234731,-0.216448516431245,0,0,0,0,0,0,0,0,0,0,0,0,-0.025275758587233,0,0,-0.715039878900508,0,0,0,0,0,0,-0.497127329201209,0.118271770823447,0,0,0,-1.86481512107467,0,0,0,0,0,0,0,0,0,0
0,0,0,0,0,0,0,0,0,0,0,0,0,0,0,0,0,0,0,0,0,0,0,0,0,0,0,0,0,0,0,0,0,0,0,0,0,0.149347659337711,0,0,0,0,0,0,0,0,0,0,0,0,0,0,0,0,0,0,0,0,0,0,0,0,0,-0.358396881729409,0,0,0,0,0,0,0,0,0,0,-0.43125204344392,0,0,0,0,0,0,0,0,0,0,0,0,0,0,0,0,0,0,0,0,0,0,0,0,0,0,0,0,0,0,0,0,0,0,0,0,0,0,0,0,0,0,0,0,0.328958788264742,0,-0.0775706915287222,0,0,0,0,0,0,0,0,0,0,0,0,0,0,0.473365913650171,0,0,0,0,0,0,0,0,0,0,0,0,0,0,0,0,0,0,0,0,0,0,0,0,0,0,0,0,0,0,0,0,0,0,0,0,0,0,0,0,0,0,0,0,0,0,0,0,0,0,0,0,0,0,0,0,0,0,0,0,0,0,0
0,0,0,0,0,0,0,0,0,-0.0165963877373716,0,0,0,0,0,0,0,0,0,0,0,0,0,0,0,0.0126985268398054,0,0,0,0,0,0,0,0,0,0,0,0,0,-0.200712072954429,0,0,0,0,0,0,0,0,0,0.240357216903889,0,0,0,0,0,0,0,0,0,0,0,0,0,0,0,0,0,0,0,0,0,0,0,0,1.04790160608727,0,0,0,0,0,0,0,0,0,0,0,0,0,0,0,0,0,0,0,0,0,0,0,0,0,0,0,0,0,0,0,0,-0.651006149096688,0,0,0,0,0,0,0,0,0,0,0,0,0,0,0,0,0,0,0,0,0,0,0,-0.402798877277316,0,0,0,0,0,0,0,0,1.111639737699,0,0,0,0,0,0,-0.607151949286511,0,0,0,0,0,-0.591922007471382,0,0,0,0,0,0,-0.186943647740164,0,0,0,0,0,0,0,0,0,0,0,0,0,0,0,0,0,0,0,0,0,0,0,0,0,0,0,0,0,0,0,0,0,0,0,0,0,0,0
0,0,0,0,0,0,0,0,0,0,0,-0.0524319738321386,0,0,0,0,0,0,0,-0.182625791359202,0,0,0,0,0,0,0,0,0,0,0,0,0,0,0,-0.0247910782748155,0,0,0,0,0,0,0,0,0,0,0,0,0,0,0,0,0,-0.207098329584668,0,-0.674153002540194,0,0,0,-0.0541513991084024,0,0,0,0.137813461352956,0,0,0,0,0,0,0,0,0,0,0,0,0,0,0,0,0,0,0,0,0,0,0,0,0.187062263286363,0,0,0,0,0,0,0,0,0,0,-3.96056750546032,0,0,0,0,0,0,0,0,0,0,0,0,0,-0.198868176258702,0,0,0,0,0,0,0,0.518707892540584,0,0,0,0,-0.0282933157029355,0.804303748716217,0,0,0,0,0,0,-0.580138773865011,-0.244488132773598,0.746169666148724,0,0,-0.207156696569358,0,0,0,0,0,0,0,0.235132095358797,0,0,0,0,0,0,0.185481460260226,0,0,0,0,0,0,0.917975404141029,0,0,0,0,0,0,0,0,0,0,0,0,0,-0.238911329833712,0,0,0,0,0,0,0,0,0,0,0,0,0,0,0,0,0,0,0,0,0,0,0,0
0,0,0,0,0,-12.6974609904731,0,0,0,0,0,0,0,0,0,0,0,0,0,0,-5.86048231212125,0,0,0,0.0329628303597711,0,0,0,0,0,0,0,0,0,0,0,0,0,0,0,0,0,0,0,0,0,0,0,0,0,0,-0.162314187469429,0,0,0,0,0,0,0,0,0,0,0,0,0,0,0,0,0,0,0,0,0,0,0,0,0,0,0,0,0,0,0,0,0,0,0,0,0,0,0,0,0,0,0,0,0,0,0,0,0,0.743116976265083,0,0,0,0,0,0,0,0,0,0,0,0,0,0,0,0,0,-0.121897609064042,0,0,0,0,0,0,0,0,0,0,0,0,0.293787709541627,0,0,0,0,0.129640437740892,0,-1.12290781515699,0,0,0,0,0,0,0,0,0,0,0,0,0,0,0,-0.759217834539369,0,0,0,0,0,0,0,0,0,0,0,0,0,0,0,0,0,-0.354516687304046,0,0,0,0,0,0,0,0,0,-0.0166855561520034,0,0,0,0,0,0,0,0,0,0,0.951588525596866,0,0,0,0,0
0,0,0,0,0,0,0,0,0,0,0,0,0,0,0,0,0,0,0,0,0,0,0,0,0,0,0,0,0,0,0,0,0,0,0,0,0,0.104907430218671,0,0,0,0,0,0,0,0,0,0,0,0,0,0,0,0,0,0,0,0,0,0,0,0,0,0,0,0,0,0,0,0,0,0,0,0,0,0,0,0,0,0,1.11481699639355,0,0,0,-0.472675845508423,-0.348666296899463,0,0,0,0,0,-0.32573353370304,0,0,0,0,0,0,0,0,0,0,0,0,0,-0.311114792132496,0,0,0,0,0,0.0493334295515657,0,0,0,0,0,0,0,0,0,0,0,0,0,0,0,0,0,0,0,0,0,0,0,0,0,0,0,0,0,0,0,-0.248229140153946,0,0,0,0,0,0,0,0,0,0,0,0,0,0,0,0,0,0,0,0,0,0,0,0,0.680868940596074,0,0,0,0,0,0,0,0,0,0,0,0,0,0,0,0,0,0,0,0,0,0,0,0,0,0,0,0,0,0,0
0,0,0,0,0,0,0,0,0,0,0,0,0,0,0,0,0,0,0,0,0,0,0,0,0,0,0.502793230744084,0,0,0,0,0,0,0,0,0,0,0,0,0,0,0,0,0,0,0,0,0,0,0,0,0,0,0,0,0,0,0,0,0,0,-0.414258668555776,0,0,0,0,0,0,0,0,0,0,0,0,0,0,0,0,0,0,0,0,0,0,0,0,0,0,0,0,0,0,0,0,0,0,0,0,0,0,0,0,0,0,0,0,0,0,0,0,0,0,0,0,0,0,0,-0.42003554283882,0,0,0,0,0,0,0,0,0,0,0,0,0,0,0,0,0,0,0,0,0,0,0,0,0,0,0,0,0,0,0,0,0,0,0,0,0,0,0,0,0,0,0,0,0,0,0,0,0,0,0,0,0,0,0,0,0,0,0,0,0,0,0,0,0,0,0,0,0,0,0,0,0,0,0,0,0,0,0,0,0,0
0,-0.127092329786171,0,0,0,0,0,0,0,0,0,0,0.169319340332195,0,0.0412383542418129,0,-0.53713712452347,0,0,0,0,0,0,0,0,0,0,0,0,0,0,0,0,0,0,0,0,0,0,0,0,0,0,0,0,0,0.0213330370088005,0,0,0,0,0,0,0,0,-0.109494678341304,0,0,0,0,0,-0.507802535697718,0,0,0,0,0,0,0,0,0,0,0,0,0,0,0,0,0.307654925913831,0,0,0,0,0,0,0,0,0,0,0,0,0,0,0,0,0,0,0,0,0,0,0,0,0,0,0,0,0,0,0,0,0,0,0,0,0,0,-1.56608909699962,0,0.88289691928536,0,0,0,0,0,0,0,0,0,0,0,0.00629377852309498,0,0,0,0,0,0,0,0,0,0,0,0.182034576928187,0,0,0,0,0,0,0,0,0,0,0,0,0,0,0,0,-0.155521098008504,0,0,0,0,0,0,0,0,0,0,0,0,0,0,0,0,0,0,0,0,0,0,0.653412509623474,0,0,0,0,0,-0.334268244864863,0,0,0,0,0,0,0,0,0,0
0,0,0,0,0,0,0,0,0,0,0,0,0,0,0,0,0,0,0,0.100471230972479,0,0,0,0,0,0,0,0,0,0,0,0,0,0,0,0,0,0,0,0,0,0,0,0,0,0,0,0,0,0,0,0,0,0,0,0,0,0,0,0,0,0,0,0,0,0,0,0,0,0,0,0,0,0,0,0,0,0,0,0,0,0,0,0,0,0,0,0,0,0,0,0,0,0,0,0,0,0,0,-0.118372973555272,0,0,0,0,0,0,0,0,0,0,0,0,0,0,0,0,0,0,0,0,0,0,0,0,0,0,0,0,0,0,0,0,0,0,0,0,0,0,0,0,0,0,0,0,0,0,0,0,0,0,0,0,0,0,0,0,0,0,0,0,0,0,0,0,0,0,0,0,0,0,0,0,0,0,0,0,0,0,0,0,0,0,0,0,0,0,0,0,0,0,0,0,0,0,0,0,0,0,0,0
0,0,0,0,0,0,0,0,0,0.348465980859394,0,0,0,0,0,0,0,0,0,0,0,0,0,0,0,0,0,0,0,0,0,0,0,0,0,0,0,0,0,0,0,0,0,0,0,0,0,0,0,0,0,0,0,0,0,0,0,0,0,0,0,0,0,0,0,0,0,0,0,0,0,0,0,0,0,0,0,0,0,0,0,0,0,0,0,0,0,0,0,0,0,0,0,0,0,0,0,0,0,0,0,0,0,0,0,0,0,0,0,0,0,0,0,0,0.00718659286886236,0.843657594197865,0,0,0,-0.375908951311783,0,0,0,0,0,0,0,0,0,0,0,0,-0.699411111122677,0,0,0,0,0,0,0,0,0,0,0,0,0,0,0,0,0,0,0,0,0,0,0,0,0,0,0,-2.61770771275679,0.362758985545556,0,0,0,0,0,0,0,-0.643591321368686,0,0,0,0,0,0,0,0,0,0,0,0,0,0,0,0,0,0,0,0,0,0,-0.860296020640963,0,0,0,0,0,0,0
0,0,0,0,2.95627749150047,0,0.0512325849161837,0,0.0924712079236107,0,-0.086691786600595,0,0,1.62316017127831,0,0,0,0,0,0,0,0,0,0,0,0.292246967515195,0,0,0,0,0,0,0,0.259503489388978,0,0,0,0,0,0,0,0,0,0,0,-1.40356753771547,0,0,0,0,0,0,0,0,0,0,0,0,0,0,0,0,0,-0.844246076234707,0,0.129187584092138,0,0,0,0,0,0,0,0,0.287674651014689,-0.322452735503818,0,0,0,0,0,0,0,0.284247766785733,0,0,0,0,0,0,0,-0.301285573893731,0,0,0,0,0,0,0.660217262742862,-1.46321949446618,0,0,0,0,0,0,0,0,0,0,0,0,0,0.0918086123436608,0,0,0,0,0,0,0,0,0,0,0,0,0,0,0,0,0,0,0,0,0,0,0,0,0,0,0,0,0,0,0,0.875906913660185,0,-0.678318747787704,0,0,-0.44180098076151,0,0,0,0.0595595804493836,0,0,0,0,0,0,0,1.34609020524617,0,0,0,0,-0.470971991678982,0,0,0,0,0,0.824740303377034,0,0,0,0,0,0,0,0,0,0,0,0,0,0.103025139637136,0.665679893476839,0,0,0,0,0,0,0,0,0,0,0
0,0,0.521588079946968,0,0.300887417569865,0,0,0,0,0,0,0,0,0,0,0,0,0,0,0,0,0,0,0,0,0,0,0,0,0,0,0,0,0,0,0,0,0.767650783400522,0,0,0,0,0,0,0,0,0,0,0,0,0,0,0,-0.30757214887582,0,0,0,0,0,0,0,0,-0.205903672967537,0,0,0,0,0,0,0,0,0,0,0,0,0,0,0,0,0,2.57603889272033,0,0,0,0,0,0,0,0,0,0,0,0,0,-0.479488006769541,0,0,0,0,0,0,0,0,0,0,-0.212824612941199,0,-0.25609875252326,-0.150588673766683,0,0,0,0,-0.00460392331256521,0.362255181578354,0,0,0,0,0.498427687202082,0,0,0,0,0,0,-0.12254602275493,0,0,0,0,0,0,0,0,0,0,0,0,0,0,0,0,0,0,0,0,0.184238065521177,0,0,0,0,0,0,0.0528423672269784,0,0,0,0,0,0,0,0,0,0,0,0,0,0,0,0,0,0,0,0,-1.52624679519775,0,0.447622020882016,0,0,0,0,0,0,0,0,0,0,0,0,0,0,0,0,0,0,0,0,0,0
0,-0.168215652876862,0,0,0,0,0,0,0,0,0,0,0,0,0,0,0,0,0,0,0,0,0,0,0,0,0,-0.440207988478226,0,0,-0.158361615643815,0,0,-0.190595872590521,0,0,0,0,0,0,0,0,0,0,0,0,0.278218553846243,-3.90491770763764,0,0,0,0,0,-1.56592083139749,0,-0.0976207145354557,-0.514271483683253,0,0,0,0,0,0,0,0,0,0,0,0,0,0,0,0,0,0,0,0,0,1.90933120249143,0,0,0,0,0,0,1.60792602390495,0,0,0,0,0,0.0271010094936419,0,0,0,0,0,0,0,0,0,0,0,0,0,0,0,0,0,0,0,0,0.158355409955988,0,0,0,0,0,0,0,0,0,0,0,0,0,0,0,0,0,-2.10625614806442,0,0,0,0,0,0,0,0,0,0,0,0,0,0,0,0,2.40179694603566,0,0,0,0,0,0,-0.0223085564459902,0,0,0,0,0,0,0,0.226936159940902,0,0,0,0,0,0,0,0,0,0,0.418942854386846,0,-0.034241440178673,0,0,0,0,0,0,0,0,-0.439772533328909,0,0,0,0,0,-0.519341429307282,0,0,0,0,0,0,0,0,0
0,0,0,0,0,0,0.0326645277741013,0,0,0,0,0,0,0,0,0,0,0,0,0,0,0,0,0,0,0,0,-0.14128003282733,0,0,0,0,0,0,0,0,0,0.551697594650048,0,0,0,0,0,0,0,0,0,0,0,0,0,0,0,0,0,0,0,0,0,0,0,-0.112980988504458,0,0,0,0,0,0,0,0,0,0,0,0,0,0,0,0,0.0346952715569142,0,0,0,0,0,0.672233545284439,0,0,0,0,0,0,0,0,0,0,0,0,0,0,0,0,0,0,0,0,0,0,0,0,-0.299726677085383,0,0,0,0,0.0668715177495214,0,0,-1.48851317767677,0,0,0.111356670198093,0,-0.186034871416065,0,0,0,0,0,0,0,0,0,0,0,0,0,0,0,0,0,0,0,0,0,0,0,0,0,0,0,-0.542004750598795,0,0,0,0,0,0,0,0,0,0,0,0,0,0,0,0,-0.173939582738114,0,0,0,0,0,0,0,0,0,0,0,0,0,0,0,0,0,0,0,0,0,0,0,0,0,0,0,0.0882449903919951,0,0,0,0
0,0,0,0,0,0,0,0,0,0,0,0,0,0,0,0,0,0,0,0,0,0,0,0,0,0,0,0,0,0,0,0,0,0.426262399514095,0,0,0,-0.087962005162646,0,0,0,0,0,0,-0.275893017392305,0,0,0,0,0,0,0,0,0,0,0,0,0,0,0,0,0,0,0,0.313740634519764,0,0,0,0,0,0,-0.13799185993389,0,0,0,0,0,0,0,0,1.56316064910579,0,0,0,0,0.476108541957285,0,0,0,-0.602783812799856,0,0,0,0,0,0,0,0,0,0,0,0,0,0,0,0,0,0,0,0,0,0,0,0,0,0,0,0,0,0,0,0,0,0,0,0,0,0,0,0,0,0,0,0,0,0.447273901275982,0,0,0,0,0,0,0,0,0,0,0,0,0,0,0,0,0,0,0.456583854525303,0,0,0,0,0,-1.13692113576215,0,0,0,0,0,0,0,0,0,0,0,0,0,0,0,0,0,0,0,0,0,0,0,0,0,0.00151125817027209,0,0,0,1.2464618502866,0,0,0,0,0,0,0,0,0
0,0,0,0,1.61423311743465,0,0,0,0,0,0,0,0,0,0,0,0,0,0,0,0,0,0,0,0,0,-1.13037109223489,0,0.772199076722239,0.415469642460922,0,0,0,0,0,0,0,0,0,0,0,0,1.64116814999687,0,0.145813714622957,0,0,0,0,0,0,0.00444832580601506,0,0,0,0,0,0,0,0,0,0,0,0,0,0,0,0,0,0,0,0,-0.234319262944606,0,0,0,0,0,0,0,0,0,0,0.433742673569668,0,0,0,0,0,0.0547991844931921,0,0,0,0,0,0,0,0,0,0,0,0,0,0,0,0,0,-0.519148177341098,0,0,0,0.193325957153565,0,0.591710389724506,0,0,0,-1.15462906226261,0,0,0.0690062106063736,0,0,0,0,0,0,0,0,0,0,0,0,0,0,0,-1.44033006491433,0,0,0.589788878659364,-0.075768937711244,0,0,0,0,0,0,0,0,0.272921385014746,0,0,0,0,0,0,0,0,0,-0.39169489525967,-0.968604375995168,0,0,0,0,0,0,0,0,0,0,0,0,0,0,0,0,0,0,0,0,0,0,-0.161531669458182,0,0,0,0,0,0,0,0,0,0,0,0,0,0,0,0
0,0,0.040139949882086,0,0,0,0,0,0.81421384119603,0,0,0,0,0,0,0,0,0,0,-0.533710803133407,0,0,0,0,0,0,0,-2.19885744906043,0,0,0,0,0,0,0,0.0322555973141125,-0.136487926933832,0,0,0,-0.380310157630589,0,9.80568461196112,0,0,0,0,0,0,0,0,0.343594142956606,0,0,0.110342184211686,0,0,0,0,0,0,0,0,0,0,0,0,0,0,0,-0.54057670582479,0,0,0,0,0,0,0,1.3165172367896,0,0,0,0,0,0,-0.79788890155955,0,0,0,0,0,0,0,0,0.110458319670135,0,0,0,0.159107991526778,-0.658825461305207,0,0,0,0.461812507675377,0,0,0,-0.383432724244868,0,0,0,0.342300606422083,0,0,0,0,0,0.164476929612392,0,0,0,0,0,0,0,0,1.08809545488124,0,0,0,0,0,0,0,0,0.199157551738977,0,0,0,0.0776303009411365,-0.033598553632356,0.180351579663699,0,0,0,0,0,0,-0.0257284854281969,0,0,0,0,0,0,-0.420847786185491,0,0,0,-0.522504741963977,-1.90030812112094,0,0,0,0,0,-0.251606131838102,0,0,0.127124965227591,0,0,0,0,0,0,0,0,0,-0.846174047185403,0,0,0,0,0,0.525211567779804,0,0,0.111145919579845,0,0,0,0,0,0.577137881683449,0,0,-0.211571710282572,0,-0.00401872226425715
0,0,0,0,0,0,0,0,0,0,0,0,0,0,0,0,0,0,0,0.902881974966734,0,0,0,0,0,0,0,0.652402235813128,-0.214548811890334,0,0,0,0,0.370837442791268,0,0,0,0,0,0,0,0,0.108678236897164,0.198187235584054,-0.393796038768182,0,0,0,0,0,0,0,0,0,0,0,0,0,0,0,0,0,0,0,0,0,0,0,0,0,0,-0.193474815523699,0,-0.00736797910253228,1.6619553629945,0,0,0,0,0,0,0,0,0,0,0,-2.68136067586842,-0.611097170146828,0,-0.136567672449841,0,0,0,0.0474282942205237,0,0.645511988928047,0.00510939181827252,0,0,0,0,0,0,0,0.170516800762431,0,0,0,-0.42670729001358,0.684827228132621,0,0,0,1.30975666059308,10.333608594847,0,0,0,0,0,0,0,0,0,0,0,0,0,0,0.0980733786275838,0,0,0,0,0,0,0,0,0,0,0,0.179521766813045,0,0,0,0,0,0,0,0.256526113844696,0,0,-1.04330944513342,0,0,0,0,0,-0.272863235169049,-5.31458644349281,0,0,0,-0.82182899508921,0,0,0,0,0,0,0,0,0,0,0,0,0,0,0,0,0,0,-0.036007696454792,0,-0.13987469299067,-0.807478904636683,0,0,0,0,0,0,0,0,-0.941533346653704,0,0,-0.120061667816908,0,1.59704282514439
0,0,0,0,0,0,0,0,0,0,0,0,0,0,0,0,0,0,-0.0115784785805431,0.92577129035672,0,0,0,0,0,0,0,0,0,0,-0.0511977201320191,0,0,0,0.0459258498139659,0,0,0,0,0,0,0,0,0,0,0,-0.519086530216993,0,0,0,0,0,0,0,0,0,0,0,0,0,0,0,0,0,0,0,0,0,0,0,0,0,0,-0.13433469100235,1.46351372096869,0,0,0,0,0,-0.205568190670147,0,0,0,0,0,-1.06097395670547,-0.312348741132374,0,0,0,0,0,0.21011863549464,0,0,0,0,0,0,0.406879019071402,0,0,0,0,0,0,0.147076451452914,0,0.249595555722842,0,0,0,0,9.5386767659162,0,0,0,0,0,0,0,-0.190148317319501,0,0,0,0,0,0,0,0,0,0,0,0,0,0,0,0,0,0,0,0,0,0,0,0,0,0,0,0,0,-0.250812421328141,0,0,0,0,0,0,-5.3605546242147,0,0,0,-0.505699613484148,0,0,0,0,0,0,0,0,0,0,0,0,0,0,0,0,0,0,0,0,0,-0.532226220598038,0,0,0,0,0,0,0,0,-0.433646715951173,0,0,0,0,0
0,0,0,0,0,0,0,0,0,0,-0.207107560621148,-0.0581239499230275,0,0,0,0,0,0,0,0.693902711323258,-0.541317572157827,0,0,0,0,0,0,0,-0.274343793165844,0,0.147333648166716,0,0,0,0,0,0,0,0,0,0,0,0,0,0.97999997333877,0,0,0,0,0,0,0,0,0,0,0,-0.288785875482165,0,0,0,0,0,0,0,0,0.14004466108808,0,0,0,0,0,0,0,-0.215300683695649,0.981227218538848,0,0,0,0,0,0,0,0,0,0,-0.191447433169116,0,0,0,0,0,0,0,0,0,0,0,0,0,0,0.301308490190427,0,0,0,0,0,0,0.494758290643232,0,0.569909241238846,0,0,0,0,8.27187042722587,0,0,0,0,0,0,0,0.120275292222477,0,0,0,0,0,0,0,0,0,0,0,0,0,0,0,0,-0.632644804879765,0,0,0,0,0,0,0,0,0,0,0,0,-1.32761834399009,0,0,0,0,0,0,-3.22619861400809,0,0,0,-0.230143270195772,0,0,0,0,0,0,0,0,0,-0.32365159014767,0,0.161566475385722,0,0,0,0,0,0,0,0,0,0,0.0631088217723155,0,0,0,0,0,0.28093586664576,0,0,0,0,0,0,0
0,0,0,0,0,0,0,0,0,0,0,0,0,0,0,0,0,0,0,0,0,0,0,0,0.162691316487708,0,0,-0.816483925427779,0,0,0,0,0,-0.160327508730033,0,0,0,0,0,0,0,0,0,-0.357274038907264,0,0,0,0,0,0,0,0,0,0,0,0,0,0,0,0,0,0,0,0,0,0.339964628289276,-0.23661057211507,0,0,0,0,0,0,0,0,0,0,0,0,0,0,0,0,0,0,0,0,0,0,0,0,0,0,0.503338343372429,0,0,0.179362554628534,0,0,0,0,0,0,0,0,0,0,0,0,0,0,0,0,0,7.21510783379705,0,0,0,0,0,0.549445228927009,0,0,0,0,0,0,0,0,0,0,0,0,0,0,0,0,0,0,0,0,0.347738354601026,0,0,0,0,0,0,0,0.478761090766529,0,0,0,0,0,0,0,0,0,-3.43420173674121,0.321047785005764,0,0,0,0,-0.138619137523451,0,0,0,0,0,0,0,0,0,0,0,0.149479355225165,0,0,0,0,0,0,0,-0.936284596261951,0,0,0,0,0,0,0,0,0,0,0,0,0,0
0,0.394349314913357,0,0,0,0,0,0,0,0,-2.08719310641565,0,0,0,0,0,0,0,0,1.10108878339781,-0.0522486966475753,0,0,0,0,0,0,0,-1.16478985313105,0,0,0,0,-2.61180527979958,0,0,0,-1.30808591300257,0,0.412145367597001,0,0,0,0,0,0,0.323333440779566,0,0,0.508863623980929,0,0,0,0,0,0,0,0,0,0,0,0,0,0,0,0,0,0,0,0,-0.610483679123035,0,0.534120317343135,-0.0437291080705833,0,0,0,0,0,-0.615364108847835,0,0,0,0,0,0.250903846033064,0,0,0,0,0,0,0,0,0,0,0,0.30874135851944,0,0,0.361130571257694,0,0,0,0,0,0,1.63108858652186,0,0.0697041874992952,0,0,0,0,7.64487463723804,0,0,0,0,0,0,0,-0.221598835029878,0,0,0,-0.212900956651142,0,0,0,0,0,0,0,0.01119602254094,0,0,0,0,0,0,0,0,0.00816803308954261,0,0,0,0,0,0.46943464543168,0.115833697384462,0,0,0,-1.00345407703827,0,0,0,0,-1.4802401405141,0,0,0,-0.629654904815048,0,0,0,0,0,0.450292429718204,0,0,0.00851078166895958,0,0,0,0,0.271033984851006,0,0,0.346806989959587,0,0,0,0,0,0,0,0,0,0,0,0,0,-0.0151720558534325,0,0,0,0,0
0,0,0,0,0,0,0,0,0,0,0,0,0,0,0,0,0,0,0,0.398589871619069,0,0,0,0,0,0,0,0,0,0,0,0,0,-0.0488139950668054,0,0,0,0,0,0,0,0,0,0,0,0,0,0,0,0,0,0,0.213824272203881,0,0,0,0,0,0,0,0,0,0,0,0,0,0,0,0,0,-0.218983540311336,0,0,-0.249387135327014,0.0606626008435116,0,0,0,0,0,0,0,0,0,0,0,0,0,0,0,0,0,0,0,0,0,0,0,0,0,0,0,0,0,0,0,0,0,0,0,0,0,0,0,6.92823957697429,0,0,0,0,0,0,0,0,0,0,0,0,0,0,0,0,0,0,0,0,0,0,0,0,0,0,0,0,0,0,0,0,0,0,0,0,0,0,0,0,0,0,0,0,-2.26102631709054,0,0,0,0,0,0,0,0,0,0,0,0,0,0,0,0,0,0,0,0,0,0,0,0,0,-0.0482101371931012,0,-0.580125728815228,0,0,0,0,0,0,-0.0973539311175107,0,0,0,0,0
0,-0.128627523974012,0,0,0.0677241941397009,0,0,0,0,0,0,-0.0563243812342855,0,0,0,0,0,0.558967984542325,0,0,1.1057946137262,0,0,0,0,-0.00494999818781072,0.714707382907452,0,0,0.677901161374877,0,0,0,0,1.51981565606169,1.21398114716952,3.0175103829192,0,0,0,-1.1762663781724,0,0,0,0,1.46802755991167,0,0,0,0.665469778102184,0,0,0,0,0,0,0,-1.26571907426533,0,0,0,-0.113328810251341,0,-1.24460891890937,0,0,0,0,0,0,0,0,0,0,3.00556915358656,0,0,0,-1.62534835221397,0,0.985190031189441,0,0,0.267817846451996,0,0,0,0,0,0,0,0,0,0,-1.95293723171899,0,0,-2.35512730903523,0.0954331628750453,0,2.23736685745564,0,0,0,0,-0.729157118191581,0,0,0,0.259010720843551,0,0,0,-9.26862379321748,5.54622296709592,0,0,-0.279448354892736,0,0,0,0.895383228434171,0.703748528962864,0,0,0,0,0,0,0,0,0,0,0,0.752928025967407,0,-0.479903648580422,0,0,0,0.407109404161377,0,0,0,0,0,0,0,0,-0.118490237183238,0,0,0,0,0,0,0,0,0,-0.779775361472537,0,0.985166965974429,0,0,0,0,0,-0.00555024319024922,0,0,-1.26665731874349,0,0,0,0,0,-0.129603081033651,0,-0.14357667802931,0.432883034370597,0,0,0,0,0,0,0,0,-1.8067843885341,0,0,-0.170599842481881,0,0,0,0,0,0,0,0
0,0,0,0,0,0,0.0683286923536577,0,0,0,0,-0.661480434364987,0,0,0,0,0,0,0,-0.86741487394721,0,0,0,0,0,0,0,0,-0.509528277725526,0,0,0,0,0.547995381050089,1.25273578128394,0.24295273553473,0.931305540256667,0,0,0,0,0,0,0,0,0,0,0,0,0,0,0,0,0,0,0,0,0,0,0,-0.391853713671744,0,0,0,0,1.35193068647438,0,0,0,0,0,0,0.0128142891332692,0,0,-0.886804143342084,0,-0.499274442605799,0.636972669838742,0,0,-0.53871626727419,0,0,-0.739471079139569,0,0,0.910779765360233,0,0,0,0,0,0,0,0,0,0,0,1.33412413585512,0,0,0,0,0,0,0,0,0,0,0,0,0,10.2630419960899,6.23087256389383,0,0,0,0,0,0,0.0533790750741265,0,0,0,-0.153368047827982,1.04080130425221,0.318126647758386,0,0,0,0,0,0,0,0,0,0,0,0,0,0,0,0,0,-0.107737461089911,0,0,0,0,-0.387184492866937,0.160719519404558,0.249839665725478,0,0,0,0,0,0,0.404283181831518,0,0,0,0,0,-0.00050320232273271,0,0,0,0,0,0,0,0,0.407856506487376,0.231322828701525,0,0,0,0.152359942943197,0.178800731280705,0,0,-0.538287576378881,0,-0.381682925064702,0,0.922353742255175,-0.462541878849459,0,-0.0659692135556305,0,0,0,-1.75776289848675,0,0,0,0,-0.877590572291625
0,0,0,0,0,0,0.435416696391851,0,0,0,0,0,0,0,0,0,0,0,0,-0.550340159923741,0,0,0,0,0,0,0,0,0,0,0,0,0,0,0,0,0.305122928076367,0,0,0,0,0,0,0,0,0,0,0,0,0,0,0,0,0,0,0,0,0,0,0,0,0,0,0.42381003469411,0,0.45768116641531,0,0,0,0,0,0,0.194916369522021,0,0,0,0,0,0,0,0,0,0,0,-0.249928962548985,0,0,0,0,0,0,0,-0.0839579718194197,0,-0.13246914475181,0,0,0,0,0.976700648070981,0,0.298580955873779,0,0,0,0,0,0,0,0,0,0,0,7.60075619729136,3.76965061490737,0,0,0,0,0,0,0,0,0,0,0,0,0,0,0,0,0,0,0,0,0,0,0,0,0,0,0,0,0,0,0,0,0,0,0,0,0,0,0,0,0,0,0,0,0,0,0,0,0,0,0,0,-0.142499921209661,0,0,0,0,0,0,0,0.528954821068799,0,0,0,0,0,0,0,-0.650970673767656,0,-0.30735901494398,0.46249884118219,0,0,0,0,0,0,0,-0.507157614219023,0,0,0,0,-0.713494561486672
0,0,0,0,0,0,0,0,0,0,0,0,0,0,0,0,0,0,0,0,0,0,0,0,0.292014192898521,0,0,0,0,0,0,0,0,0,0,0,0,0,0,0,0,0,0,0,0.153705323514002,0.0228585986289587,0,0,0,0,0,0,0,0,0,0,0,0,0,0,0,0,0,0,0.0368896953151217,0,0,0,0,0,0,0,0,0,0,0,0,0,0,0,0,0,0,0,0,0,0,0,0,0,0,0,0,0,0,0,0,0,0,0,0,0,0,0,0,0,0,0,0,0,0,0,0,0,0,0,0,0,0,0,0,0,0,0,0,0,0,0,0,0,0,0,0,0,0,0,0,0,0,0,0,0,0,-0.353341309749714,0,0,0,0,0,0,0,0,0,0,0,0,0,0,0,0,0,0,0,0,0,0,0,0,0,0,0,0,0,0,0,0,0,0,0,0,0,0,0,0,0,0,0,0,0,0,0,0,0,0,0,0,0,0,0,0
0,0,-0.160570335372441,0,0,0,0,0,0,0,2.8743066267962,0,0,0,0,0,0,0,0,0,0,0,0,0,0,0,0,0,0,0,0,0,0,0,0,0,0,0,0,0,0,0,0,0,-0.560149264324638,0,0.51509886617214,0,0,0,0,0.550102816645186,0,0,0,0,0,0,0,0,0,0,0,1.12847157308818,0,0,-0.0932860682852954,0.00608860923970167,0,0,-0.943865004354497,0,0,0,0,0,0,0,0,0.313910062578631,0,0,0,1.09198509153417,0,0,0,-0.224371464160104,0,0,0,0,0,0,0,0.131488014534771,0,-0.766952754854562,0.181139471287397,0,0,0,0,-0.924423431162055,0,0,0,0,0,0,0,0,0,-0.232556601028819,-0.387724851269222,0,0,0.186585930625442,0,0,0,-0.0684446572249933,0,0,0,-0.127437278766541,-0.211532394751935,0,-0.076594647295803,0,0,0,0,0,0,0,0,0,0,0,0,0,0,-1.47325349892963,0,0,0,-0.488065063102107,0,0,0,0,0,0,0,0,0,0,-0.0423927814536271,0,0,0,0,-0.224786425381448,0,0,0,-0.188993235225898,0,0,0,0,0,0,0,0,0,0,0,0,0,-0.00608339133974112,0,0,0,0,0,0,0,0,0,0,0,0,0,0,0.176943052347105,0,0,0
0,0,0,0,0,0,0,0,0,0,0,0,0,0,0,0,0,0,0,0,0,0,0,0,0,0,0,0,0,0,0,0,0,0,0,0,0,0,0,0,0.32003480234837,0.335487886698478,0,0,0,0,1.13396353442092,0,0,0,0,0,0,0,0,0,0,0,0,0,0,0,0,0,0,0,0,0,0,0,-0.194135021813424,0,0,0,0,0,0,0.0991045977772109,0,0,0,0,0,0,0,0,0,0,0,0,0,0,0,0,0.133046741763738,0,0,0,0,0,0,-0.178727733447549,0,0,0,0,0,-0.0498945531734867,0,0,0,0.00878899768919927,0,0,0,0,0,0,0,0,0,0,-0.101669297557712,0,0,0,0,0,0,0,0.641358773140329,0,0,0,0,0,0,0,0,0,0,0,0,-2.32481904987281,0,0,0,0,0,0,0,0,0,0,0,0,0,0,0,0.591054254912414,0,0,0,0,0,0,0,0,0,0,0,0,0,0,0,0,0,0,0,0,0,0,0,0,0,0,0,0,0,0,0,0,0,0,0,0,0,0,0,0
0,0,0,0,0,0,0,0,0,0,0,0,0,0,0,0,0,0,0.350674173955127,0,0,0,0,0,0,0,0,0,0,0,0,0,0,0,0,0,0,0,0,0,0.568636483860801,0,0,0,0,0,0.216902971818429,0,0,0,0,0,0,0,0,0,0,0,0,0,0,0,0,0,0,0,0,0,0,0,0,0,0,0,0,0,0,0,0,0,0,0,0,0,0,0,0,0,0,0,0,0,0,0,0,0,0,0,0,0,0,0,0,-0.449549399612033,0,0,0,-0.138515817955422,0,0,0,0,0,0,0,0,0,0,0,0,0,0,0,0,0,0,0,0,0,0,0.0581077573438553,0,0,0,0,0,0,0,0,0,0,0,0,-1.36697660260823,0,0,0,0,0,0,0,0,0,0,0,0,0,0,0,0,0.0728594754968384,0,0,0,0,0,0,0,0,0,0,0,0,0,0,0,0,-0.356916380076257,0,0,0,0,0,0,0,0,0,0,0,0,0,0,0,0,0,0,0,0,0.183360460297465,0
0,0,0,0,0,0,0,0.197247417612723,0,0,0.0181287553076097,0,0,0,0,0,0,0,1.34674964873126,0,0,0,0,0,0,0,0,0,0,0,0,0,0,0,0,0,0,0,0,0,2.68345967762089,0,0,0,0.168975600486554,0,0,0,0,0,0,0,0,-0.138849398229115,0,0,0,0,0,0,0,0,0,0,0,0,0,0,0,0,0,0,0,0,0,0,0,0.115470728372112,0,0,-0.463933850106619,0,0,0,0,0,0,0,0,0,0,0,0,0,0,0,0,0,0,0,0,0,0,0,0,0,0,-1.06693459223627,0,0,0,0,0,0,0,0,0,0,0,0,-0.000385122611631372,0,0,0,0,0,0,0,0,0,0.451959879765048,0,1.72664672056031,0,0,-0.681418029391774,0,0,0,0,0,0,0,-3.00370277075721,0,0,0,0,0,0,0,0,0,0,0,0,0,0,-0.896895048193524,0,0,0,-0.366041981772143,0,0,0,0,0,0,0,0,0,0,0,0,-0.560366534548708,0,0,0,0,0,0,0,0,0,0,0,0,0,0,-0.270754057835147,0,0,0,-0.348332663733305,0.176670752528364,0,-0.311613778454159,0,0
0,0,0,0,0,-1.17865450159779,0,0,-0.603768289588949,0,0,0,0,0,0,0,0,0,0.378571489747296,0,0,0,0,0.195646582821527,0,0,0,0,-0.423651223543533,0,0,-0.10162922342101,0,0,0,0,0,0,0,0,1.81229772210654,0,0,0,0,-0.325072748515349,1.3700905418464,0,0,0,0,0,0,0,0,0,0,0,0,0,0,0,0,0,0,-0.319446013841078,0,0,0,0,0.544353611185664,0,0,0,0,0,0,1.0088926677917,0,-0.559545976797789,0,0,0,0,0,0,0,0,0,0,0,-1.28960525658871,0,0,0.642710271221646,-0.902141153370457,0,0,0,0,0.0117295205270218,0,1.3545102910002,-1.09235357498988,0,-0.929463938734593,0,-0.811946262703059,0,0,0,0,0,0,0,0,0,0,0,0,0,0,0,0,0,0,0,0,0,0,0.638950541326546,0,4.15018455860242,0,0,0,-0.865076825954417,0,0,0,-0.412017767347354,0,0,-2.62915457153409,0,0,0,0,-0.0618753136313759,0,0,0,0,-0.0267040617453784,0,0,0,0,0,-0.964724226571608,0,0,0,0,0,0,0,0,0,0,0,0,0,0,0,0,-0.388823862327673,0,0,0,0,0,0,0.0831552017852455,0,0,0,0,0,0,-0.786722660927448,0,0,0.385398078144118,0,0,0,0.31385642714646,0,0
0,0,0,0,0,-2.03209509613855,0.0803144548465164,0,0,0,-1.06427251610284,0,0,0,-1.40819979768377,0,-0.282173754969637,0,3.46393891092004,0,0,0,0,0,0.45391847203673,0,0,0,-2.11247826815802,0,0,-0.632171954294606,0,2.01702715758987,0,0,0,0,0,0,0,0.459112111379295,0,0,-1.77424650955882,0,2.56455895352951,0,0,0,0,1.6034566525558,-0.904024453658637,-1.81541334318053,0,0,0,0,0.0248140856290446,0,0,0,0.00205652986238913,0,0,0,0.585127584674523,0.432431664468346,0,0,0,0,0.113728823628701,0,0,0,0,0.718396146034558,-0.130997964239332,0,-0.579493488002786,0,1.97169174893936,0,0,0,0,-3.51447085932399,0,0,-0.683558731089497,0,0,0,0,0,0,-0.180795109119792,0,0.535552670579546,0,1.18780429618882,0,0,0,0.0160868494835835,0,0,0.593168839646827,-0.865432710604827,0,0,-0.240827871362895,0,0,0.188990905713174,0,0,0,0,0,0,0,-0.0663957599403744,0,0,0,0,0,0,0,0,0.981308940157621,0,0,0,0,0,0,0,0,0,0,-9.34466868786978,0,0,0,0,0,0,1.40592651445109,0,0,0,0,0,0,0,0,-0.63053509915731,0,0,0,0,0,0,0,0,0,0,0,0,-0.167185206049513,-2.35551609448303,0,-0.320660406147255,0,0,0,0,0,0,0,1.83190192143903,0,0,0,0,0,0,0,0,0,0,-0.0465236083870237,0,0,-0.501818660883103,0,-0.700240459592457
0,0.00842127371947332,0,0,0,0,0,0,2.79160458202852,0,-1.30712722401019,0,0,0,0,0,0,0,0.805401616192549,0,0,0,0,0,0,0,0,0,0,0,1.69142667139864,0,0,-0.0723540774702722,0,0,0,1.1284600869746,0,0,0,0,0,0,0,0,0,0,0,0.508858887302945,0,0,1.07918298443422,-0.557562091120303,0,0,1.18790999821133,0,0,0,0,0,-0.747559505215779,0,0,0,0,0,0,0,0,0,0.552034891733502,0,-0.205412209916532,0,0,0,0,0,0,0,0,0,-0.884889128957026,0,0,0,0,0,0,0,0,0,0,0,0,0,0,0,1.6736115038225,0.514438443551988,0,0.022321748772506,0,0.353753336948675,0,0.544082804148476,-0.0215782818939141,0,0,0,0,0,0,0,0,0,0,0,0,-0.751511618227039,0,0,0,0,0,0,-4.90930947174831,0,0,0,0,0,-0.205226088973694,-0.524428090026827,0,0,0,0,0,0,0,0,0,0,2.37618103240321,0,0,0,0.58108630956201,0,0,0,-0.519357894914598,1.67355558672149,0,0,0,-0.392974385075459,0,0.123152638107671,0,0.094964937784517,0,0,0,-0.346242215459472,0,0,0,0,-0.299851986120542,-0.184643326328561,-0.140442467967498,-1.06242541789472,0,0,0,0,0,0,0,0,0,0,-0.509844936782379,0,0,0,0,0,0,0,0,0.164105194214084,-0.540954005300902,0,14.0688792305574,0
0,0,-3.79420041859614,0,1.03747410704454,0,0.376653372211683,0,-0.852419321095692,0,0,0,0,0,-0.822736069818697,0,0,-2.89693339234314,0,0,0,0,-1.42484861840795,0,0,0,0,-4.0934705821005,0,0,-1.66779255540893,0,0,1.93180615697152,0.911841521766903,0,0.593592541859338,5.17640573779233,0,-0.919289824514196,0,0,0,2.86215063552752,1.07207891922017,0,0,0,0,0.621237839588991,0,0,0,-0.839670812084944,0,0,-1.47283969491282,0,0.236070198367161,-0.858072039533486,0,0,7.46436909778724,0,0,0,7.12744391395886,0,0,0,-0.672423704143132,0,0,0,-1.07179671200797,0,-0.100939748287535,0,0,-1.60455625694325,0,0,0.171996688479503,-1.57393625040734,0,0,0,0,3.12178427374737,0,0,-1.29771446894972,0,0,0,0,0,0,0,0,0,2.90619506914326,0,0,0,0,0,0.827450735556607,0,0,0,0,0,0,0,0,0,-3.98459802962381,0.407999770877085,3.19421498008303,0,0,-3.69738528687656,0,0,-0.896956743044212,-2.45228881015122,0,-4.05650395422242,0,0,0,0,0,0,0,0,-1.26955263655095,0,4.04915474627553,0,0.145708143871329,0.74640346351741,0,0,0,0,-0.810326557578328,0,0,0,0,0,0,3.09891852630712,0,0,0,0,0,1.89984249111181,1.35719351609322,0,0,0,1.28974114995435,-0.519652908584401,0,-1.0026810853673,0,1.35149048076769,0,0,-6.08749616005816,0,0,0.704942917600783,0.518060204561024,-1.72219222029592,-1.53676239327026,0,2.04573056650977,0,0,0,0,0,0,0.623175815125757,0,-0.208980500973333,0,0,0,0,0,3.07122424624988,0.227368506169969,0,0
0,0,0,0,0.0859880817479743,0,0,2.100871030866,0.156324105851018,0,0,0,0.032113163442927,0,0,0,0,0,0.855296304306388,0,0,0,0.211663094893558,0,1.99198467415689,0,0,0,0.485511879303859,0,0.105874965964882,-0.540890088116482,0,0,0,0,-0.725184475780759,0,0,0,0,0,-0.588776396907549,0,-1.02215051665581,-0.0396513654935853,0,0,0,0,0,0,0,0,0,0,2.1718051370076,0.0877241592945961,0,0,0,0,-1.05380188719682,0,0,-0.0890217393271766,14.8717779668508,0.343302037344989,0,0,0,0,0,0,0,0.697943698304062,0,0,-0.885564951454176,0,0,0,0,0,0,0,0,0.281366796102466,0.321442752370073,0,0.198551068641427,0,0,0,0,0,0,0,0,0,-0.0335114253971631,0,2.27598231657784,0,0,0,0,2.14919208069586,0,0,0,0.660577258458342,0,0,0,0,0,0,0,-0.199419806104501,0,0,0,0,0,0.44051324569708,0.0779060389497632,0,0,0,-1.13973321668771,0,0,0,0,0,0,0,0,0,0,2.08117520018087,0,-1.71116261808769,0,0,0,0,0,-0.542360132992914,0,0,0,0,-0.021232823990446,0,0.0894000493990903,0,0,0,0,0,0.969829438260041,0,0,1.08855797358592,0,0,0,0,0,0,0,-0.0744177953644105,0.0012135897415777,0.268055353690495,0.336925889573894,0,-1.34483128821837,0,0,0,0,0,0,0,0,2.59931234778029,0,0.379554442250231,0.405666001950558,0,0,0,0.325973410612052,0,0,0,0,0.993800897305229
0,2.7528091310895,0,0,-1.86809710684987,0,-2.01166412842903,1.28761812818729,3.89997616052095,0,4.98337234793477,-0.306434763514673,0.541224760979814,0,1.48710018386496,0,0.537923000798045,-1.04598844153953,0,0,0,0,0,0,0.385821542042506,0.848676290626715,0,-4.65293976596231,0,0,0,-1.07495675949799,0,5.08250084655191,0,-2.48603766160258,-1.01350724666885,0,0,2.11118015813594,0,1.01156743556817,0,0,2.29754206045948,0,-3.74824495443458,0,0.847223435876557,0,0,0,0,-3.91263331714811,0,0,0,0,0,0,0.393783827807312,1.92559983583637,-2.26390535208024,0,-0.251399256081672,0,0.925804962676811,0,-0.778178620989184,-1.56674350042086,-3.15517766965991,0,-0.606286929351099,0,4.55042760055398,0,0,0,-0.573464048829901,0,0,0.424593637149111,0,-6.75433023352917,2.47820315154651,0,-4.58874683285297,-3.76999745536492,0,0,0,0,-0.807378792903129,0,0,0.269408678345345,0,0,0,0,-5.53113998826351,0.933170171869011,0.509798777027322,3.67180862760716,1.61890092228543,0,0,-0.609642889110923,0,0,0,-1.189609120513,0,0,0,0,0,0,0,0,0,0.45817094375871,0,0,0,-1.72351475201308,0,0,0,0.167779258333003,1.16627723980789,0,5.27365223971857,0,-3.99043091214648,0,0,0,0,0,0,2.55950794323192,-0.0401042484267522,0,0,0,1.49273517345712,0.320624862337433,1.77069826208362,0,-8.91762077661021,0,0,0,0,-7.34605706538923,0,0,0,0,1.88079349570256,0,0,0,0,0,-0.144361563110094,0,0,0,0,0,0,0,0,0,0,0,0,0,0,0,0,0,0,0,0,0,0,0,0,0,0,0,0,-1.92695292825628,0,0,0,1.23352127231759
0,0,0,0,-0.037281093837964,0,0,0,0,0.29133313837703,-0.758105635516159,0,0,0,0,0,0,0,0,0,0,0,0,0,0,0,0,0,-0.21106901377833,0,0,0,0,0,0,0,0,0,0,0,0,0,0.193778303846374,0,0,0,2.43587854944205,0,0,0,0,-1.49838306677274,0,0,0,0,0,0,0,0,0,0.0166146918801771,0,0,0,0,0,0,0,0,0,0,0,0,-0.464677232458822,0,0,0,0.0175698165974352,0,0,0,0,0,0,0,-0.20307510593864,0.0926304393674833,0,0,0,0,0,0,0,0,0,0,0,0,0.718203035070881,0,0,0,0,0,0,-2.85337490217131,0,0,0,0,0,0,0,0,0.916816606514748,0,0,0,0,0,0,0,0,0,0,0,0,0,0,0,0,0,0,0,0,0,0,0.137549133610706,0,0,0,0,0,0,0,-0.0376289592975503,0,0,0,0,0,0,0,0,0,0,0,-1.64486230221441,0,0,0,0,0,0,0,0,0,0,0,0,0,0,0,0,0.489054809598158,0,-0.228189815345799,0,0,0.759951124642296,0,0,-1.00687004262277,0,0,0,0,0,0,0,0,0.150175305916959,0,0,0,0,1.11673910296603,0
0,0.0612219139228296,-0.0963411894666464,0,0,0,0,0,0,0,0,0,0,0,0,0,-0.64379419727904,0,0,0,0,0,0,0,0,0,0,0,0,0,0,0,0,0,0,0,0,0,0,0,0,0,0,0,0,0,0,0,0,0,0,0,0,0,0,0,0,0,0,0,0,0,0,0,0,0,0,0,0,0,0,0,0,0,0,0,0,0,0,0,0,0,0,0,0,0,0,0,0,0,0,0,0,0,0,0,0,0,0,0,0.0284126117368773,0,-0.353796386954103,0,0,0,0,0,0,0,0,0.0418913904451692,0,0,0,0,0,0,0,0,0,0,0,0,0,0,0,0,0,0,0,0,0,0,0,0,0,0,0,0,-0.00920897129024523,0,0,0,0,0,0,0,0,0,0,0,0,0,0,0,0,0,0,-0.80157387750339,0,0,0,-0.224986330107002,0,0,0,0,0,0,0,0,0,0,0,0,0,0,0,0,0,0,0,0,0,0,0,0,0,0,0,0,0,0,0,0,0,0,0,0
0,0,0,0,0,0,0,0,0,0,0,0,0,0,0,0,-0.527739585968576,0,0,0,-0.0375391445280353,0,0,0,0.371973602574324,0,0,0,-0.783917483842369,0,0,0,0,-0.191165865970813,0,0,0,0,0,0,0,0,0,-0.266464561596795,0,0,0,0,0,0,0,0.445028144647728,0,0,0,0,0,0,0,-0.0955903217316743,0,0,0,0,0,0,0,0,0,0,0,0,0,0,0,0,0,0,0,0,0,0,-0.101702986414662,-0.264962943724126,0,0,0,0,0,0,0,0,0,0,0,0,0,0,0,0,0,0,-0.49188468124396,0,0,0,0,-0.217397023591138,0,0,0,1.52220462894744,0,0,0.166619727914244,0,0,0,0,0,0,0,0,0,0,0,0.208234938044321,0,0,0,0,0,0,0,0,0,0,0,0,0,0,0,0,0,0,0,0,0,0,0,0,0,0,0,0,0,0,0,0,-0.041254509585323,0,0,0,0,0,0,0,0,0.224052541381281,0,0,0,0,0,0,0,0,0,0,0,0,0,0,0,-0.205513744229324,0,0.0854343235697808,0,0,0,0,0,-0.925722761886364,0,0,0,0,0,0,0
0,0,0,0,0,0,0,0,0,0,0,0,0,0,0,0,0,0,0,0,0,0,0,0,0,0.314506244167505,-0.0710068104754151,0,0,0,0,0,0,0,0,0,0,0.308423804404835,0,0,0,0,0,0,0,0,0,0,0,0,0,0.170554420204104,0,0,0,0.0818112073444885,0,0.0933224855569865,0,0,0,0,0,0,0,0,-1.24911365131045,0,0,0,0,0,0,0,0,0,0,0,0,0,0,0,0,0.178072980809402,0,0,0,-0.50218105514262,0,0,0,0,0,0,0,0,0,0,0,0,0,0,0,0,0,0,0,0,0,0,0,0,0,0,0,0,0,0,0,0,0,0,0,0,0,0,0,0,0,0,0,0,-0.699958336098491,0,0,0,0,0,0,0,-0.0755795620899147,0,0,0,0,0,0,0,0,0,0,0,0,0,0,0,0,0,0,0,0,0,0,0,0,0,-0.902583566565166,0,0,0,0,0,0,0,0,0,0,0,0,0,0,0,0,0,0,0,0,0,0,0,0,0,0,0,0,0,0,0,0,0
0,0,0,0,0,0,0,0,0,0,0,0,0,0,0,0,0,0,0,0,0,0,0,0,0,0,0,0,0,0,0,0,0,0,0,0,0,-0.0643567891681232,0,0,0,0,0,0,1.14591301972353,0,0.308937917615048,0,0,0,0,0,0.0631373709632033,0,0,0,0,0,0,0,0,0,0,0,0,0,0,0,0,0,0,0,0,0,0,0,0,0,0,0,0,0,0,0,0,0,0,0,0,0,0,0,0,0,0,0,0,0,0,0,6.74909000040191e-05,0,0,0,0,0,0,0,0,0,0,0.514052155069127,0,0,0.621168257657653,0,0,0,0,0,0,0,0,0,0,0,0,0,0,0,0,0,0,0,0,0,0,0,0,-0.264438881880896,0,0,0,0,0,0,0,0,0.00650152815701688,0,0,0,0,0,0,0,0,0,0,0,0,0,0.288808271360198,0,0,0,0,0,0,0,0,0,0,0,0,0,0,0,0,0,0,0,0,0,0,0,0,0,0,0,0,0,0,0,0,0,0,0,0,0
0,0,0,0,0,0,0,0,0,0,0,0,0,0,0,0,0,0,0,0,0,0,0,0,0,0,0,0,0,0,0,0,0,0,0,0,0,0,0,0,0,0.219098023802987,0,0,0.0510027304481597,0,0,0,0,0,0,0,0,0,0,0,0,0,0,0,0,0,0,0,0,0,0,0,0,0,0,0,0,0,0,0,0,0,0,0,0,0,0,0,0,0,0,0,0,0,0,0,0,0,0,0,0,0,0,0,0,0,0,0,0,0,0,0,0,0,0,0,0,0,0,0,0,0,0,0,0,0,0,0,0,0,0,0,0,0,0,0,0,0,0,0,0,0,0,0,0,0,0,0,0,0,0,0,0,0,0,0,0,0,0,0,0,0,0,0,0,0,0,0,0,0,0,0,0,0,0,0,0,0,0,0,0,0,0,0,0,0,0,0,0,0,0,0,0,0,0,0,0,0,0,0,0,0,0,0
0,0,0,0,0,0,0,0,0,0,0,0,0,-0.273406053793367,0,0,0,-0.769904668245754,0,0,0,0,0,0,0,0,0,0,1.07009003385268,0,0,0,0,0,0,0,0,0,0,0,0,0.633960184263438,0,0,0,0,3.52973868181468,0,0,0,0,0,0,0,0,0,0,0,0,0,0,0,0,0,0,0,0,0,0,0,-0.20748586235142,0,0,0,0,0,0,0,0,0,0,0,0,0,0,0,0,0,0,-0.0200553898128553,0,0,0,0,0,0,-0.136552447809992,0.106022469799489,0,0,0,0,0,0,0,0,0,0,0,0.532676018924713,0,0,0,0,0.087746389669026,0,0,0,-0.013087650953473,0,0,0,0,0,0,0,0,0,0,-0.215032305892728,0,0,0,0,0,0,0,0,0,0,0,0,0,0,0,0,0,0,0.413841449199696,0,0.1897496049843,0,0,0,-0.315127815320002,0,0,0,0,0,0,0,0.0208167200552833,0,0,0,0,0,0,0,0,0,0,0,0,0,0,0,0,0,0,0,0,0,0,0,0,0,0,0,0,0,0,0,0,0,0,0,0,0
0,0,0,0,0,0,0,0,0,0,0.712737855254705,0,0,0,0,0,0,0,0,0,0,0,0,0,0,0,0,-0.358205504304461,0,0,0,0,0,-0.307055340538667,0.801385048951537,0,0,0.317045989080509,0,0,0,0,0,0,0,0,0,0,0,0,0,0,0,0.703346937771311,0,0,0,0,0,-0.261840138059877,0,0,0,0,0,3.0129818450433,-0.637627103600401,0,0,0,0,0,0,0,0.461197631880276,-0.134862911608689,0,0.552021255023022,1.56903621788743,0,0,0,0,-0.327353593175056,0,0,0,0,-0.994322428676557,0,0,0,0,0,0,0,0,0,0,0,0.311421235539578,0.0133447838357623,0,0,0,-0.290811702784696,0,0,0,0,0,0,0,0,0,0,0,0,0,0,4.01561930492499,0,-0.731343176339937,0,0,0,0,0,0,1.39247740524763,-0.630938867687231,0,1.6014007214789,0,0,0,0,0,0,0,-0.456980160383898,-0.000412204824089324,0,0,0,0,0,0.0220503916171402,0,0,0,0,0.716532082599938,0,0,0,0,0,0,0,-0.0272654947184554,0,-1.5935944408559,0,0,0,-1.03347056421535,0,0.200072356552937,0,0,0,0,0,0,0,0,0.538969753841676,0,0,0,0,0,1.34898241910565,-0.26660643713705,0,0,0.911231413250348,0,0,0,0,0,0,-0.0968889355517804,-0.360721040472196,0,0,0,0
0,0,0,0,0.00720686982126351,0,0,0,0,-0.30086664936863,0,0,0,0,0,0,0,0,0,0,0,0,0,0,0,0,0,0,0,0,0,0,0,0,0.7323035938593,0,-0.0440855973249268,0,0,0,0,0,0,0,0,0,0,0,0,0,0,0,0,1.38404392720296,0,0,0,0.940062210260261,0,0,0,0,0,0,0,0.764504718990007,-0.308319432520225,0,0,0,0,0,0,0,1.17317753092011,-0.268046495972874,0,0.159318204471488,0,-0.0375895874641321,0,0,0,0,0,0,0,0,-0.829045122160998,0,0,0,0,0,0,0,0,0,0,0,0.620185328384685,0,0,0,0,0,0,0,0,0,0,0,0,0,0,0,0,0.000883290035346596,0,0,1.45401710013946,0,-0.981711520100913,0,0,0,0,0,0,0.987540199442231,-1.71531702943663,0,0,0,0,0,0,0,0,0,-1.61986427943196,0,0,0,0,0,0,0.20412326198302,0,0,0,0,0.119229928243685,0,0,0,0,0,0,0,-0.271333513128717,0,-1.6158026048085,0,0,0,-1.65781081512238,0,0,0,0,0,0,0,0,0,0,0,-0.100982488876493,0,0,0,0,0,0,0,0,0,0,0,0,0,0,0,-0.757789182760455,0,0,0,0,0
0,0,0,0,0,0,-2.94255327711409,0,0,0,0.320933965891459,0,0,0,0,0,0,0,0,0,0,0,2.92186892280728,0,0,0.183440269976993,0,0.105376563657451,0,0,0,0,0,0,0,0,0,0.793522122589393,0,0,0,0,0,0,-0.513386992299431,0,0,0,0,0,0,0,0,0,0,0,0,0,0,0,0,0,0.235245534903445,0,0,0,-0.361761887897232,0,0,0,0,0,0,0,0,0,0,0,0,0,0,0,0,0,0,-0.375669689122959,0,0,0,0,0,0,0,0,0.279678786075394,0,0,0,0,0,0,0,0,-0.259323150861859,0,0,0,0,0,0,0,0,0,0,0,0.156577300570512,0,0,0,0.504593623833955,0,-0.446031064246635,0,0,0,0,0,0,0,0.195522075160348,0,0,0,0,0,0,0,0,0,0,0,0.0210564554126127,0,0,0,0,0,0.604746594096773,0,0,0,0,0,0,0,0,0,0,0,-0.134830214331975,0,0,0,0,0,0,0,0,0,0,0,0,0,-0.783271922846615,0,0,0,0,0,0,0,0,0,0,0,0,0,0.383966797160843,0,0,0,0,0,0,0,0,0,0,0,0
0,0,0,0,0,0,0,0,0,0,0,0,0,0,0,0,0,0,0,0,0,0,0,0,0,0,0,0,0,0,0,0,0,0,0,0,0,0,0,0,0,0,0,0,0,0,0,0,0,0,0,0,0,0,0,0,0,-0.886826080934519,0,0,-1.3364732203556,0,0,0,0,0.534805314909291,0,0,0,0,0,0,0,0,0,0,0,0,0,0,0,0,0,0,0,0,0,0,0,0,0,0,-0.1509147194267,0,0,0.59782329759194,1.89846145374613,0,-0.211969123370864,0,0,0.599328480872131,0,0,0,0,0,0,0,0,0,-0.0784174026492734,0,0,0,0,0,0,0,0,0,0,0,0,0,0,0,0,0,0.165720290840005,-0.326489389527331,0,0,0,0,0,0,0,0,0,-0.979810569045487,0,0,0,0,0,0,0,0,0,0,0,0,0,1.72658461932012,0,0,0,0,0,0,0,0,0,0,0,0,0,0,0,0,0,0,0,0,0,0,0,0,0.757855639004184,0,0,0,0,0,0,0,-0.763073329480985,0,0,0,0,-3.00567673193856,0,0,0,0,0,0,0
0,0.0834405417592565,0,0,0,0,0,0,0,0,0,0,0,-0.118217399716877,0.0205291319502747,0,0,0,0,0,0,0,0,0,0,0,0,0,0,0,0.465411973369354,0,0,0,0,1.32671396763827,0.0295112377076143,0,0,0,0,0,0,0,0,0,0,0,0.0981894470202158,0,0,-1.47043117113675,0,0,0,0,-0.776314734813776,0.847293722629467,0,0,0,1.23043267809402,0,0,0,0,0,0,0,0,0,0,0,-0.149147766454038,0,0,0,0,0,-0.00685936645071727,0,0,0,0,0.542813061857516,0,0,0.120686834978035,0,0,0,0,0,0,0,-0.511584567645828,0,0,0,0,0,1.61055507952999,0,0,0,0,0,-1.62462324631752,0,0,0,-0.519203901729345,0,0,0,0,0,0,0,-1.04955130419995,1.608501895813,0,0,0,0,0,0,0,0,0,0,0,0,0,0,0,0,0,0,0,-0.0555215686204811,0.392093085983911,0,0,0,5.06687974305599,0,0,0,0,0,0,0,0,0,0.61411235790207,0,0,0,0,0,0,-0.712848712225484,0,0,0,0,0,0,0,0,0,0,0,0,0,0,0.0340706441163876,0,2.50887429688249,0,0,0,0,0,-0.115937577720266,0,0,0,0,0,0,0,0,0.072439836910869,-0.269031892104463,0,0,0,0
0,0.425493440104373,0,0,0,0,0,0,0,0,0,0,0,0,0,0,0,0,0,0,0,0,0,0,0,0,0,0,0,-0.339593511805606,0.0306832051239452,0,0,0,0,1.00545183918267,0,0,0,0,0,0,0,0,0,0.492877763094361,0,0,0,0,0,-1.49794733750308,0,0,0,0,-0.586581068895873,0.276232336218272,0,0,0,1.08794701426239,0,0,0,0,0,0,0,0,0,0,0,0,0,0,0,0,-0.233269573521406,0,0,0,0,0,0.796933216104992,0,0,0,-0.107318606280332,0,0,0,0,0,0,-0.262323020660275,0,0,-0.115875988670273,0,0,1.17869598231788,0,0,0,0,0,-1.4492422255173,0,0,0,0,0,0,0,0.855985159512516,0,0,0,-0.430050848744663,0,0,0,0,0,0,0,0,0,0,0,0,0,0,0,0,0,0,0,0.338685104687558,-0.0663007872005721,0,0,0,0,5.50201014723347,0,0,0,0,0.395680627397412,0,0,0,0,0,0,0,0,0,0,0,0,0,0,0,0,0,0,0,0,0,0,0,0,0,0,0,0,0.700072613911594,0,0,0,0,0.336608260401505,0,0,-1.44424387971301,0,0,0,0,0,0,0,0,0,0,0,0
0,0,0,0,0,0,0,0,0,0,-0.0825602268701155,0,0,0,0,0,0,0,0,0,0,0,0,0,0,0,0,0,0,0,0,0,0,0,0,0,0.675160620600998,0,0,0,0,0,0,0,0,0,0,0,0,0,0,0,0,0,0,0,0,0,0,0,0,0,0,0,0,0,0,0,0,0,0,0,0,0,0,0,0,0,0.336546023946144,0,0.00907882595451248,0,0,0,0,0,0,0,0,0,0,0,0,0,0,0,0,0,0,0,0,0,0,0,0,0,0,0,0,0,0,0,0,0,0,-0.285776764792052,0,0,0,0,0,0,0,0,0,0,0,0,0,0,0,-0.319677313031537,0,0,0,0,0,0,0,0,0,0,0,0,0,0,0,0,0,0,0,0,0,0,0,0,0,-11.9819918434743,0,0,0,0,0,0,0,0,0,0,0,0,0,0,0,0,0,0,0,0,0,0,0,0,0,0,0,0,0,0,0,0,0,0,0,0,0,0,0,0,0,0
0,0,0,0,0,0,0,1.26507059177519,-0.452599629632689,0,0,0,0,0,0,0,0.145894847228269,0,0,-0.127515827709734,-0.687655716394233,0.799035421409854,0,0,0,0,0,0,0,0,0,0,0,0,0,0,0,0,0,0.0223748728323099,0,0,0,-2.67236036187617,0,0,-1.85243631951458,0,0,0,0,0,0,0,0,0,0,0,0,-0.586573942521851,0,0.0321849817364139,0,0,0,0,0,0,0,0,0.59225026329114,0,0,0,0,0,0,0,0,0,0,0.010227813356712,-0.773167253798758,0,0,0,0,0,0,0,0,-0.040731653788004,-0.504878440653329,0,0,0,0,0,0,0,0,0,0,0,-0.0272298507790329,0,0,0,0,0,0,0,0,0,0,0,0,0,0,0,0,0,0,0,0,0,0,0,0,0.449011862420654,0,0,0,0,0,0,0,0,0,0,0,0,0.621204920282475,0,0,0,0,0,0,0,0,0,0,0,0,0,0,-15.8663238372899,0,-0.322711581506814,0,0.487067126474828,-0.332309779270111,0,0,0,0,-0.884100576591158,0,0,0,0,0,0,0,0,0,0,0,0,0,0,0,0,0,0,0,0,0,-0.243837019900291,0,0,0,0,0,0,0.117728280898612,0,0,0
0,0,0,0,0,0,0,0,0,0,-0.491359779809176,0,0,0.774733909432338,0,0,0,0,0,0,0,0,0,0,0,0,0,0,2.1104922242966,0,0,0,0,-0.0314269997622607,0,0,0,0,0,0,0,0,0,0.950840228390768,0,0,0,0,0,0,0,0,0,0,0,0,0,0,0,0,0,0,0,0,0,0,0,0,0,0,0,0,0,0,0,0,0,0,0,1.20684596860231,0,0,0,0,0.891361310496741,0,0,-0.02554822153976,0,0,0,0,0,0,0,0,0,-0.249247471742804,0,0,0,0,0,0,0,0,0,0,0,-0.577293535950359,0,0,0,0,0,0,0,0,0,0,0,0,1.05752337822396,0,0,0,0,0,0,0,0,0,0,0,0,-0.142077098312555,1.25375273760407,0,0,-0.271364823824987,0,0,0,-2.51397739554626e-05,0,0,0,0,0,0,0,0,0,0,0.514526219847479,0,0,-16.7473497707003,0,-0.140467196596458,0,0,0,0,0,0,0,0,0,0,0,0,0,-1.34953588028843,0,0,0,0,0,0,0,0,0,0,0,0,0,0,0,0,0,0,0,-0.533685422825805,0,0,0,0,0,0
0,0,0,0,0,0,0,0,0,0,0,0,0,0,0,0,0,0,0,0,0,0,0,0,0,0,0,0,0,0,-0.0217291663838062,0,0,0,0,-0.103628599498733,0,0,0,0,0,0,0,0,0,0,0.0877523253001236,0,0,0,0,0,0,0,0,0,0,0,0,0,0,0,0,0,0,0,0,0,0,0,0,0,0,0,0,0,0,0,0,0,0,0,0,0,0,0,0,0,0,0,0,0,0,0,0,0,0,0,0,0,0,0,0,0,0,0,0,0,0,0,0,0,0,0,0,0,0,0,0,0,0,0,0,0,0,0,0,0,0,0,0,0,0,0,0.0240597725372829,0,0,0,0,0,0,0,0,0,0,0,0,0,0,-0.141329073460243,0,0,0,0,0,0,0,-17.777079920205,0.0170427181022386,0,0,0,0.623883584517462,0,0,0,0,0,0,0,0,0,0,0,0,0,0,0,0,0,0,0,0,0,0,0,0,0,0,0,0,0,0,0,0,0,0,0,0,0
0,0,0,0,0,0,0,0,0,0,0,0.222369703293072,0,0,-0.31565955914657,0,0,0,0,0,0,0,0,0,0,0,0,0,-0.613074054899226,0,0,0,0,0,0,0,0,0,0,0,0,-0.0408984582376068,0,0,0,0,0,0,0,0,0,0,0.128860957164893,0,0,0,0,0,0.0367359407486947,0,0,0,0,0,0,0,0,0.544584034943819,0,0,-1.14633465036114,0,0,-0.3064901951262,-0.302654831102469,0,0,0,0,0,-0.0837843106166589,0,0,0,0,0.216053016826959,0,0.359356769714355,0,0,0,0,0,0,0,0.639253413819475,0,0,0,0,0,-0.265105092852204,0,0.218954197314626,0,0,0,0,0,1.38652358506072,0,0,0.363347203296946,0,0.835680064680883,0,0,0,0,0,0,0,0,0,0,0,0,0,0,-0.227573308030751,0,0,0,0,0,0,0,0,0,-0.239163185852469,0,0,0,0,0,0,0,0,0,0,0,0,0,0,0,0,0,-19.3556490249551,0,0.569035961624299,0,0,-0.00901962576020243,0,0,0,0,1.11362551436987,1.23323865469981,0,0,0,0,0.295866380072895,0,0.707592065626134,0,0,0,0,0,0,0,0,0,0.077449513255154,-0.348235700372153,0,0,0,0,0.0743573857848465,0,0,0,0,0,0,0,0
0,0,0,0,0,0,0,0,0,-0.159592491228994,0,0,0,0,0,0,0,0,0,0,0,0,0,0,0.190080230706784,0.474834992282787,0,0,0.578142367885285,0,0,0,0,0,0,0,0,0,0,0,0,0,0,0,0,0,0,0,0,0.0343513952680734,0,0,0,0,0,0,-0.365298679199399,0,0,0,0,0,0,0,0,0,0,0.234669067625741,0,0,0,0,0,0,0,0,0,0,0,0,0,0,0,0,0,-0.58866100471652,0,0,0,0,0.640239375026802,0,0,0,0,0,0,0,0,0,0,0,0,0,0,0,0,0,0,0,0,0,0,0,0,0,0,0,0,0,0,0,0,0,0,0,0,0,0,0,0,0,0,0,0,0,0,0,0,0,0,0,0,0,0,0,0,0,0,0,0,0,0,0,0,0,0,-19.4531338122647,0,0,0,0,0,0,0,0,0,0,0,0,0,0,0,0,0,0,0,0,0,0,0,0,0,0,0,0,0,0,0,-0.0589144798683428,0,0,0,0,0,0,0,-0.58578207018365,0.173835335400958,0
0,0,0,0,0,0,0,0.380593239186064,0,0,0.132390199481257,0,0,0,0,0,0,0,0,0,0,0,0,0,0,0,0,0,0,0,0,0,0,0,0,0,0,0,0,0,0,0,0,0,0,0,0,0,0,0,0,0,0.180616719598407,0,0,0,0,0,0,0,0,0,0,0,0,0,0,0,0,0,0.364608897902128,0,0,-0.318713611186028,0,0,0,0,0,0,0,0,0,0,0,-0.220913026731583,0,0,0,0,0.0924062838027357,0,0,0,0,0,0,0,0,0,0.303448477432549,0,0,-0.296871668438654,0,0,0,0,0,0,0,0,-1.05786256470515,0,0.280371850910979,0,0,0,0,0,0,0,0,0,0,0,0,0,0,0,0,0,0,0,-0.931739084515433,0,0,0,0,0,0,0,0,0,0,0,0,0,0,0,0,0,0,0,0,0,0,-19.8775726866298,0,0,0,0.1314531328127,0,0,0,0,0,0,0,0,0,0,0,0,0,0,0,0,0,0,-0.19242307452149,0,0,0,0,0,0,0,0,0,0,0,0,0.0550848445685486,-0.147859365912489,0,0,0,0,0
0,0,-0.151596176920071,0,0,0,0,0,0,0,0,0,0,0,0,0,0,0,0,0,0,0,0,0,0,0,0,-0.0944445554594873,0,0,0,0,0,0,0,0,0,0,0,0,0,0,0,0,0,0,0,0,0,0,0,0,0,0,0,0.0928564648815413,0,0,0,0,0,0,0,0,0,-0.00969454429586314,0,0,0.00959933923835754,0,0,0,0,0,0,0,0,0,0,0,0,0,0,0,0,0,0,0,0,-0.278691259129496,0,0,0,0,0,0,0,0,0,0,0,0,0,0,0,0,0,0,0,0,0,0,0,0,0,0,0,0,0,0,0,0,0,0,0,0,0,0,0,0,0,0,0,0,0,0,0,0,0,0,0,0,0,0,0,0,0,0,0,0,0,0,0,0,0,0,0,0,0,0,-0.0167853191155627,0,0,0,0,0,-0.962746774710221,0,0.200136454839898,0,0,0.129162635409562,0,0,0,0,0,0,0,0,0,0,0,0,0,0,0,0,0,0,0.530143736106883,0,0.0967986991033603,0,0,0,0,0,0,0
0,0,0,0,0,1.12973122252841,0,0,-1.75598464087948,1.7255612914067,0,0,0.298558134546199,1.03957018741567,-1.09026919471616,0,0.197639028410931,0,0,0,0,0,0,0,0.435358802212594,0,0,0,0,-0.882006925550367,3.93679985380456,0,0,0,0,-0.431143146477795,0,0,0,0,0.633951302592825,0,0,0,0,0,0,0,0,0,0,1.2718035897369,0.416300171682724,0.424777865055313,0.393191253449195,0,0,0,0,0,0,1.02284651347294,-0.35565830085407,0,0.137628669007947,0.285094230340888,0,0,0,0,0,0.744735367326679,0,0,0.117190833029886,-1.36459525946353,0,-1.66680689703102,0,0,-0.473968802302206,0,0,0,0,0,0,0,0,0,0,-0.411767849588607,0,0,-0.058941156242007,-4.3910886543175,0,0,0,0,0,0.302267796439014,0,0,0,0,0,1.7716383952522,0,0,0,1.68314666387268,0,0,-1.41750550039658,0,0.634152569604998,0,-2.39236165601601,0,0,0,-2.93669683495996,-1.83562399978114,0,0,-0.330086525380205,0,-2.07454230926335,0.481900807441569,0,-0.477047009646667,0,0,1.74091204092067,0,0,0,0,2.1002039456237,0,2.80050093824679,0,0,-0.733332813606332,0,0,-1.006507715146,0,0,0.0299878859289142,0,-1.10050582083298,0,0,-0.0271292747962955,0,0,0,1.23812573602611,0,0,-0.517774761419795,0,0,0,0,0.452142062135651,-1.75788594860988,-0.282670428684314,1.51728051789563,0,1.21717256145583,0,1.88879679293641,0,-1.33656898536225,0,-0.590819065776855,1.43700157421822,-1.83130240648529,-0.309216719239135,0,0,0,0,0,0,0,0,-0.635824981360813,-0.761781336862875,0,0.255770538522294,0.378812511883165,0,0,0,0,0
0,-0.795082972477527,0,0,0,0,0,0,0,0,0,0,0,0.278327950823136,0,0,0,0.140625254994212,0,0,0,0,0,0,0,0,-0.116100646085067,-0.413697880949484,0,-0.204070440189349,0,0,0,0,0,0,0,0,0,0,0,0,0,0,0,0.165448081215618,0,0,0,0,0,0,0,0,0,0,0.566649336103059,0,0,0,0,0,0,0,0,0,0,0,0,0,0,0,0,0.268319085295714,0,0,0,0,0.498645144971082,-0.733260367685989,0.294044271291024,0,0,0.418212987450297,0.353195380654441,0,0,0,0,0.400014526973605,0,-0.455080886721647,-0.302939844327584,0,0,-3.39208150664855,0,0,0,0.534276647261553,0,0,0,0,0,0.276925449694406,0,0,0,0,0,0,0,0,0,-0.305961503849335,0,0,0,0,0,0,-0.173325981842002,0,0,0.820492306364519,0,0,-0.172704876673953,0,0.445336298336739,0,0,0,0,0,0,0,0,0,0,0,0,0,0,0,0,0,0,0,0,0,-1.23190809227396,0,0,0,0,0,0,1.53169510881253,0,0,0,-1.61949835490109,0,0,-1.03119801359889,0.142068015361906,0,0,0,0,0,0,0.0566738843179402,0,-1.73106660907688,0,0,0,0.326711037185891,0,0,0,0,0,0,0,0,0.815481756061432,0,0,0,0,0,0,-0.0556631768742395,0.207260165523513,0,-0.573110088173736
1.52704837001806,-0.663822060457356,0.768281787745664,0,0,-0.347509122286623,0,0,0,0,0,0,0,0,0.537055064815101,0,0,1.88960732051334,0,1.18936845156307,0,0,0,0,10.8154121172027,0,0,0,0,-0.472733401642296,-0.452733571985205,0,0,0,0,0,0,0,0,0,0,0,-1.6326897903843,0,0,0,0,0,0.0989348832473689,0,0,0,0,0,0,-0.175534006508184,0,0,0.618753187558038,0,0,0,0,1.57858869696696,0.167000046938531,0,0.415611317786206,0,0,0,0,0,0,0,0,-0.56009708021765,2.03507925544547,1.04662906636706,-0.660091888258336,1.0120450745256,0,0,0,0,0.010962894604605,0,0,-2.97837345536257,0.590789379629941,0,0,0,0,0,0,0.913497136904792,0,0,0,2.03016610335934,-1.23344944449428,-0.832757492690332,0,0,0,0,0,0,-0.374441789564991,0,0,0,0,0,0,-0.309904015983641,0,0,0,0.112779855556835,0,0,0,0,0,0,0,0.348710418783242,-1.54264437541411,0.331202107575201,0,0,0,0,0,0.233265248038751,0.299219730319928,0.159972549796507,4.12038796066861,0,0,0,0,-0.746830774435157,-0.080169177564795,0,0,0,1.38229945836189,0,0,0,-0.336800570923878,0,-0.380408837990491,0,0,0,0,0,0,0,0,0,0,0,0,0,0,0,0,0,0,0,0,0,-0.39227448258583,0,0,0,0,-4.84851169998084,0,0,0,0,0,0,0,0,0,0,-0.493383730664691,0,1.50721045842474,0,-0.243072074800768,0,0,0
0.00377612783965797,-0.151680450915178,0.783048722482065,0,0,0,0,0,0,0,0,0,0,0,0.645355016029463,0,0,2.12056051459922,0,0,0,0,0,0,10.8355143148032,0.510637504169119,0,-0.0229959588783522,0,0,0,0,0,0,0,0,0,0,0,0,0,0,-1.1601130681803,0,0,0.105717007239784,0,0,0,0,0,0,0,0,0,0,0,0,0,0,0,-0.530894120385582,0,0.715947489345823,0,0,0.31678513210076,0,0,0,0,0,0,0,0,-0.500274324935564,1.45752495720173,0.793092853296631,0,1.82014556625875,0,0,0,-0.416705010749025,0,0,0,-2.7693462413254,0.435676417542907,0,0,0,0,0,0,0.947728178593433,0,0,0,1.62046156780145,-1.1052897945598,-1.84898601423464,0,-0.158161651379289,0,0,0,0,0,0,0,0,0,-0.465436993162365,0,0,0,0,0,0,0,0,-0.0673627052483616,0,0,0,0.239655332532977,0.276429166799478,-0.979150901848376,0.563345516277205,0,0,0,0,0,0,0,0,4.04697037826721,0,0,0,0,-0.778626366133878,-0.206173499798322,0,0,0,1.64205970678213,0,0,0,0,0,0,0,0,0,0,0,0,0,0,0,0,0,0,0,0,0,0,0,0,0,0,0,0,0,0,0,0,-3.44648652616603,0,0,0,0,0,0,0,0,0,0,0,0,0.113735814595392,0,0,0,0,0
0,0,0,0,0,-2.58260938047199,0,0,0,0,0,0,-0.286521145211543,-0.490557013582071,1.5447392647529,0,-0.0332411201289053,0.814315429838818,0,0,0,0,0,0,6.93239976338939,0,0,-0.234981281683609,0,-7.05621741595337,0,0,1.2429646097665,0,0,0,0,0,0,0,0,2.07534831142264,0,0,0,0,0,0,0,0,0,0,2.36217170261345,0,0,0,0,-0.114443671821823,0,0,0,0,-0.151894830390179,0,0,0,-0.60375989728865,0,0,0,0,0,0,0,0,0,2.21132611614417,0,0,0,-0.660949856359242,0,0,0,0,0,0,-0.882110284264811,0,0,0,0.26747467064545,0,0,0,0,0,0.168334058775599,0,0.280903640538122,0,1.27102100863862,0.769834339918881,0,-0.60869944972487,0,0,0,0,0,0,0.0684425189716358,-0.296405450891967,0.166953618283523,-0.683349485674086,0,-0.163002066509165,0,0,-0.339213317842282,0,0.32570447810995,2.21797847188453,0,0,0,0,0,0,0,-3.06300254386505,0.328678240529481,0.764012148745451,0,0,0,0.586706334394618,0,0,0,0.105006216260209,-0.225561833515963,0,0,-0.141082265235415,0,0,0,0,0,0,0,0,0,0,0,0,0,0,0,0,0,0,0,0,0,0,0,0,0.391828739284758,0,2.05503772543178,-0.246001339915165,0.193506923252483,0.602947887557447,0,0,0,0,-1.09282428444719,-0.5702840739146,0,0,0,-0.684005452183349,0,0,0,0,0,0,0,0,0,0,-0.0877556259166623,0,0,0,-2.43988585166966
0,-1.25642517315483,-0.288324428143473,0,0.700164962660732,0,0,0,0,0,0,0,0,0,-0.532768152086835,0,0,0,0,-0.369834554974184,0,0,0,0,0.698573622517755,-1.04851511304473,0,0.231222606431921,0,0,0,0,-0.171995290992365,0,0,0,0.506528455276847,0,0,0,0,0,0,0,0.200887244733368,0,2.14937249927599,0,0,0,0,0,0,0,0,0,-0.213739133857318,0,0,0,0,0,0,0,0,0,0,0,0,0,0,0,0,0,0,0.357804885640227,0,0.0585458920905249,-0.672951643334144,0,-0.358753632917573,0,0,-3.07273616086995,0,1.23855553660182,0,0,0,-0.900244580681485,0,0.0318150896164964,0,0,0,0,0,0,0,0,0,0,1.84516279995623,-0.0155146556783041,0,1.16799460143364,0,-1.25204315561629,0,0.682680704654648,0,0.452065650091849,0,0.742636266486897,0,0,0,0,-0.0235417798887145,0,0,1.45871233032527,0,0,0,0,0,0,-1.12569604149162,-0.111694701546501,-0.154555141206844,0,0,0,1.21416510712569,0,0,0,0,0,1.16798662015811,0,0,0,0.0114526606359053,0,0,-0.625015570619547,-0.112671708965288,0.554948743498783,0,0,0,-0.817420737125717,0,0,0,0,0,0.541496029374869,0,0,0,0,0,0,0,0.160513582564541,-0.155653726916797,0,0,0,0.046696400610889,0.737178891207976,-0.86604550462824,0,0,-0.1473701840765,0,0,0,0,0,-2.72528934530976,0,0,0,0,0,0,0,0,0,0,0,0,0,0,0,0
0,0,0,0,0.13874335518835,0,-0.290365211493463,0,0,0,0,0,0,0,0,0,0,0,0.59228905105126,0,0,0,0,0,0,-0.218526969392299,0.738089876268236,1.8323528641861,-0.574040547940615,0,0,0,0,0,0,0,0,0,0,0,0,0,0,0,0,-0.119211622035424,-0.365923251618882,0,0,0.00357140196785477,0,0,0,0,0,0,0,0,0,0,0,0,0.00496040891749239,0,0,0,0,0,0,0.0707259262510709,0,0,0,0,0,0,0,0,0,0,0,0,0,-0.230090866981406,0,0,0,0,0,0,0,0,0,0,0,0,0,0,0,0,0.247902983991702,0,1.1185663030169,0,0,0,0,-1.07244941382666,0,0,0,0.0115763224138183,0,0,0,0,0,0,0,0,0,0,0,0,0,0,0,0,-1.22234505950404,0,0,0,0,0,0,0,0,0,0,0,0.0252187623308284,0,0,0,0,0,0,0,0,0,0,0,0,-0.710547312140018,0.421874951489867,0,0,0,0,0,0,0,0,0,0,0,0,0.0215901708569657,-0.173460711043866,0,0,0,0,0,-0.848762905164133,0,0,0,0,0.0679289208620848,0,0,0,0,0,0,0,0,0,0,0,0,0,0,0,0.078098066012285,0,0,0,0
0,0,-0.241496875547514,0,0,0,0,0,0,0,-0.290311903246444,0,0,0,0,0,0,0,0,0,0,0,0,0,0,0,0,0.218953250108119,0,0,-0.167456018574686,0,0,0.0266521197639897,0,0.183257512651692,0,0,0,0,0,0,0,0,0,0,0,0,0,0,0,0,0,0.00689534191701391,0,0,0,0,0,0,0,0,0.525103195849729,0,0,0,0,0,0,0.388867905460585,0,0,0,0.797300861086603,-0.183063808618253,0.271712081812255,0,0,0,0,0,0,0,0,0,-0.131154362081044,0,0.0955800985557849,-0.542081698700614,0,0,0,0,0,0,0,0,0,0,0,0,0,0.125366803720349,0,0.12875203034098,0,0,0,0,0.332457922654935,0,0,0.3384402201735,0,0,0,0,0,0,0,0,0,0,0,0,0,0,0,-0.694588533489219,-0.343784180323984,0,0,0,0,0,0.036272475314908,0,0,0,0,0,0,0,0,0.0438790074202531,0,0,0,0,0,0,0,-0.185211534160766,0,1.23191312593249,0,0,0,0,0,0,-0.142045300181504,0,0,0,0,0,0,0,0,0,0,0,0,-0.258527359209185,0,0,0,0,0.14155601972406,0,0,0,-0.116674914847877,0,0,0.169170354612279,0,0,0,0,0,0,0,0,0,0,0,0,0.205191993232453
0,0,0,0,0.369095508049903,0,0,0,0,0,0.358596536866356,0,0,0,0,0,0,0,1.25379351950471,0,0,0,0,0,0,0,0,1.20769507315585,0,0,0,0,0,0.0722657364591859,0,0,0.0212140236213962,0,0,0,0,0,0,0,0,-0.161167577073986,0,0,0,0.374031438367768,0,0,0,0.637851344571131,0,0,-0.0513320828447648,0,0,0,0,0,0.0177953476911452,0.641119400147286,0,0,0,0,0,0.171290567949432,0,0,0,0.409764447715173,-0.653141628023453,0.38798288115082,0,0.436992948997382,-0.0200115461775736,0,0,0,0.129098366472358,-0.832989158656722,0,-0.130240460580327,0,0,-0.830184415493121,0,0,-1.53419435208813,0,-0.550448972152409,0,-0.751131107833657,0,0,0,0,0,0,0.860836365691998,0,0.0319711706394308,0,0,0,0,0,0,-0.146791245605351,0,0,0,0,0,0,0,0,0,0,0,0,0,0,0,0,-0.96960909190552,-0.897900960729054,0,0,0,0,0,0.25168390638962,0,0,0,0,0,0.419155393972247,0,0,0.43870749949451,0,0,0,-0.644175291044889,0,0,0,0,0,1.487161500805,0,0,0,0,0,0,-0.152638983364309,0,0,0,0,0,0,0,0,0,0,0,0,0,0.137012675536349,0,-0.677119663665392,0,0,0,0,0,-0.568590919510964,0,0,0,0,0,0,0,0,-0.00263394657887739,0,0,0,0,-0.281113726245942,0,0.936682182330498
0,0,0,0,0,1.20830025181906,-0.956448337060487,0.0560728086922135,0,0,0,0,0,0,0,0,0,0,3.44977617754825,0,0,0,1.19322945338246,0,0,-0.0877357974680275,0,0,-0.233728825875315,0,0.610634514003444,0,0,0,0,0.0737230316551369,0.992312947777406,0,0,0,0,0,0,-0.582816104512942,0,0,0,0,0,0.112322490016,0,0.175180999002599,0,1.76176468297853,0,0,0,0,0,0,0,0,0.526622821297226,0,0,-0.150745159043905,0,0,0.0216691637065971,0,0,0,0.147745419019617,0,0,0.0183677424393542,0,0.561723649327293,1.36170529354463,0,0,0,0,0,0,0,0,0,-0.819541592788431,0,0,-1.16554987209417,0,0,-0.0499529700394508,0,0,0,0,0,0,0,0,0,0,0,0,0,0.649599496860858,0,0,-0.708270065222148,0,0,0,0,0,0,0,-0.121134352830832,0,0,0,0,0,0,0,0,-1.54360842865074,0,0,0.0520102267159339,0,0,-0.247820632603669,0,0,0,0,0,0,0.235615261114609,0,0,0,0,0,0,0,0,0,0,0,-1.03822097009236,0.511603945572321,0,0,0,0,-0.614061170761664,0,0,0,0,0,0,0,0,0,0,0.0570335645674058,0,0,-0.0182442580246382,0,0,0,0,0,0,0,0,0,0,0,0,0.15498731260255,0,0,0,0,0,0,0,0,0,0,-0.0519842896303271,0,0.555213515569469
0,0,0,0,0,0,0.0465604589127935,0,0,0,0,0,0,0,0,0,0,0,0,0,0,1.4201778023499,0,0,0,0,0,0,0,0,0,0,0,0,0,0,0,0,0,0,0,0,0,0,0,0,0,0,0,0,0,0,0,0,0,0,0,0,0,0,0,0,0,0,0,0,0,0,0,0,0,0,0,0,0,0,0,0,0,0,0,0,0,0,0,0,0,-0.0788714985487025,0,0,0,0,6.55621856750241,0,0,0,0,0,0,0,0,0,-0.287959679595169,0,0,0,0,0,0,0,0,0,0,0,0,0,0,0,0,0,0,0,0,0,0,0,0,0,0,0,0,0,0,0,0,0,0,0,0,-0.101656598677878,0,0,0,0,0,0,-5.90126479949428,0,0,0,0,0,0,0,0,1.74799701973137,0,0,0,0,0,0,0,0,0,0,0,0,0,0,0,0,0,0,0,0,0,0,0,0,0,0,0,0,0,0,0,0.376593034229723,0,0,0,0,0,0,0,0,0,0,0,0
0,0,0,0,0,0,0,0,0,0,0,0,0,0,0,0,0,0,0,0,0.0644650962859732,0.81219243871258,0,0,0,0,0,0,0,0,0,0,0,0.127124357995299,0,0,0,0.312741672049837,0,0,0,0.323547190690249,0,0,0,0,0,0,0,0,0,0,0,0,0,0,-0.668988208980152,0.367438664759972,0,0,0,0,0,0,0,0,0,0,0,0,0,0,0,0,0,0,0,0,0.0187517105328845,0,0,0,-0.648798306396904,0,0,0,0,0,0,0,0,0,5.65642834554087,0,0,0,0,0,0,0,0,0,0,1.02985415162898,0,0,0,0,0,0,0,0.57788288492631,0,0,0,0.0420018044762112,0,0,0,-0.124878375693401,0,0,0,0,0,0,0,0,0,0,0,0,0,0,0,0.109892531374042,0,0,0,0,0,0,0,0,0,0,-8.61060418727933,0,0,0,0,0,0,0,0,2.76149350420756,0,0,0,0,0,0,0,0,0,0,0,0,0,0,0,0,0,0,0,0.980255918508979,0,0,0,0,0,0,0,0,0,0,0,1.54099262812477,0,0,0,0,0,0,0,-0.21656367519403,0,0,0,0
0,0,0,0,0,0,0,0,0,0,0,0,0,0.131568417640843,0,0,0,0,0,0,0,0,0,0,0,0,-0.0455475333846422,0,-0.373864506951268,0,0,0,0,-0.841525731524222,0,0,0,0,0,0,0,0,0,0,0,0,0,0,0,0,0,0,0,0,0,0,0.095448093371991,0,0,0,0,0,1.84074609275239,0,0,0,0,0,0,0,0,0,0,0,0,0,0,0,0.161173413417704,0,0,0,0,0,0,0,0,-0.343697883402345,0,0,0,0,0,0,0,0,0,0,0,0,0,0,0,0,0,0,0,0,0,0,0,0,0,0,0,0,0,0,0,0,0,0,0,0,0,0,0,0,0,0,0,0,0,0,0,0,0,0,0,0,0,0,0,0,0,0,0,0,0,0,-0.336469299908543,0,0,0,0,0,0,0,0,0,0.241852870152262,0,0,0,0,0,0,0.317711628745943,0,0,0,0,0,0,0,-0.102832053398684,0,0,0,0,0,0,0,0.237260580506402,0,0,0,0,0,0,0,0,0,0,0,0,0,0,0,-0.0503180552367759
0,0,0,0,0,0.0983060703308094,0,0,0,0,0,0,0,0,0,0,0,0,0,0,0,0,0,0,0,0,0,0,0,0,0,0,0,0,0,0,0.482543004171396,0,0,0,0,0,0,0,0,0,0,0,0,0,0,0,0,0,0,0,0,0,0,0,0,0,0,0,0,0.0502997595345576,0,0,0,0,0,0,0,0,0,0.370009281455215,0,0,0,0,0,0,0,0,0,0.517793475416107,0,0.341615841245954,0,0,0,0,0,0,0,0,0,0,0,0,0,0,0,0,0,0,0,0,0,0,0,0,0,0,0,0,0,0,0,0,0,0,0,0,0,0,0,0,0,0,0,-0.873320624718725,0,0,0,0,0,0,0,0,0,0,0,0,0,0,0,0,0,0,0,0,0,0,0,0,0,0,0,0.126749233265139,0,0,0,0,0,0,-0.833904854961613,0,0,0,0,0,0,0,0,0,0,0,0,0,0,0,0,0,0,0,0,0,0,0,0,0,0,0,0,0,0,0,0,0
0,0,0,0,0,0,0,0,0,0,0,0,0,0,0,0,0,0,0,0,0,0,0,0,0,0,0,0,0,0,0,0,0,0,0,0,0,0,0,0,0,0,0,0,0,0,0,0,0,0,0,0,0,0,0,0,0,0,0,0,0,0,0,0,0,0,0,0,0,0,0,0,0,0,0,0,0,0,0,0,0,0,0,-0.522143333231176,0,0,0,0,0,0,0,0,0,0,0,0,0,0,0,0,0,0,0,0,0,0,0,0,0,0,0,0,0,0,0,0,0,0,0,0,0,0,0,0,0,0,0,0,0,0,0,-0.510193378471614,0,0,0,0,0,0,0,0,0,0,0,0,0,0,0,0,0,0,0,0,0,0,0,0,0,0,0,0,0,0,0,0,0,0,-1.98458618584925,0,0,0,0,0,0,0,0,0,0,0,0,0,0,0,0,0,0,0,0,0,0,0,0,0,0,0,0,0,0,0,0,0
0,0,0,0,0,0,0,0,0,0,0,0,0,0,0,0,0,0,0,0,0,0,0,0,0,0,0,0,0,0,0,0,0,0,0,0,0,0,0,0,0,0,0,0,0,0,0,0,0,0,0,0,0,0,0,0,0,0,0,0,0,0,0,0,0,0,0,0,0,0,0,0,0,0,0,0,0,0,0,0,0,0,0,0,0,0,0,0,0,0,0,0,0,0,0,0,0,0,0,0,0,0,0,0,0,0,0,0,0,0,0,0,0,0,0,0,0,0,0,0,0,0,0,0,0,0,0,0,0,0,0,0,0,0,0,0,-0.144829840446349,0,0,0,0,0,0,0,0,0,0,0,0,0,0,0,0,0,0,0,0,0,0,0,0,0,0,0,0,0,-1.82294260945959,0,0,0,0,0,0,0,0,-0.174891477689291,0,0,0,0,0,0,0,0,0,0,0,0,0,0,0,0,0,0,0,0,0,0,0,0
0,0,-0.710692811916895,0,0,0,0,0.801725752086911,0,0.735699239003383,-0.825949938935738,0,0,1.47888620070105,0,0,0,0,0,0,0,0,0,0,0,0,-0.653428283666116,0,0,0,0,0,-1.13649650778317,0,0,0,-0.00801379500645782,0,0,-0.21558295423534,0,0,0,0.447395503159359,-0.336216377603616,0,0,0,0,0,0,0,0,0,0,0,0,0,0,0,-0.0855120310415558,0.194988694485494,0,0,-6.7089481849158,0,0.843062109163176,0,0,-0.284675598557694,0,0,0,0,-0.766070306073938,0,0,0,0.210280991732992,-0.908196022142907,0.134129340381574,0,0,0,0.453156489055959,0,0.896978011748663,0,0,0,0,0,0,0,-0.178518695086677,0,0,0,0,0,-0.0778430371753536,0,0,-0.797876745603047,0,0,0,0,0,0,0,0,0,0,0,0,0,0,0,0.291648049901099,0,0,0,0,0,0,0,0,0.0828772807806006,0,0,0,0,0,0,0,-1.48548249877066,0,0,0,0,0,0,0,0,0,0,0,0,0,0,0,0,0.143876683587613,0,0,-0.176606023598929,0,0,0,0.083938151811864,0,0,0,0,0,-1.59339083340847,0,0,0,0,0,0,-1.02809578698266,0,0,0,0,0.377613100851736,0,0.325095856248494,0,0,0,0,0,0.766324815281805,0,0,0,0,0,0,-0.0533754308604026,0,0,0,0,0,-0.421839667582092
0,0,0,0,0,0,0,0,0,0,0,0,0,7.79285126041574,0,0,0,0,0,0,0,0,0,0.0325118010004821,0,0,0,0,0,0,-0.0446057981439234,0,0,0,0,12.9442255185336,0,0,0,0,-0.704502370606307,0,0,0,0,0.262103393211219,0,0,0,0,0,0,0,0,0,0,0,0,0,0,0,0,0,0,0,0.35879455533345,0,0,0,0,0,0,0,0,0,0,0,0,0,0,0,0,0,0,0,0,0,0,0,0,0,0,0,0,0,0,0,0,0,0,0,0,0,0,0,0,0,0,0,0,0,0,0,0,0,-1.05528532735938,0,0,0.203887857458086,0,0,0,0,0,0,0,0,0,0,0,0,0,0,0,0,0,0,0,0,0,0,0.123803037060557,0,0,0,0,0,0,0,0,0,0,0,0,0,0,0,0,0,0,0.0869299130721162,0,0,0,0,0,0,0,0.019884382959376,-0.252260144892223,0,0,0,0,0,0,-0.285926689884448,0,0.60126400718221,0,0,0,0,0,0,0,0,0,0,0,0.729589139252081,0,0.254046590912298,0,0,0,0,0,0,0
0,0,0,0,0,-0.535079537009848,0,0,0,0,0,0,0,9.66432577486875,0,0,0,0,0,0,0,0,0,0.382868562226039,0,0,0,0,0,0,0,0,0,0,0,19.3463026972801,0,-0.141958473465435,0,-0.46806758658238,0,0,0,0,0,0,0,0,0,0,0,0,0,0,0,0,0,0,0,0,0,0,0,0,0,0,0,0,0,0,0,0,0,0,0,0.0701795082796788,0,0,0,0,0,0,0,-0.733160723571155,0.949422043596866,0,0,0,0,0,0,0,0,0,0,0,0,0,0,0,0,0,0,0.329995149513744,0,0,0,0,0,0,0,0,0,0,0,-0.549438981394436,0,0,0,0,0,0,0,0,0,0,0,0,0,0,0,0,0,0,0,0,0,0,0,0,0,0,0,0,0,0,0,0,0,0,0,0,0,0,0,0,0,0,0,0,0,0,0,0,0,0,0,0,0,0,0,0.870480068658502,0,0,0,0,0,0,0,0,0,0,0,0,0,0,0,0,0,0,1.7147792558827,0,0,0,0,0,0,0,0,0
0,0,0,0,0,0,0,0,0,0,0.558315698108296,0,0,10.0605406591435,-0.163478240508952,0,0,-0.0306390290624461,0,0,0,0,0,0,0,0,0,0,0,0,-0.176528816798315,0,0,0,0,18.6718253503144,0,0,0,0,0,0,0,0.0344650589638791,0,0,0,0,0,0,0,0.203084604135554,0,0.118555229935777,0,0,0,0,0,0,0,0.12565499800191,0,0,0,0,0,0,0,-0.370483277601795,0,0,0,0,0,0.141601053334118,0,-0.20280291036076,-0.125051502118909,0,0,-0.222499014584085,0,0,0,0,0,0,0,0,0.0754912632124141,0,0,0,0,0,0,0.16725555208958,0,0,0,0,0,0,0,0,0,0,-0.587108239927156,0,0,0,0,0,0,-0.47945393757838,0,0,0,0,0,0,0,0,0,0,0,0,0,0,0,0,0,0,0,0,0,0,0,0,0,0,0,0,0,0,0,0,0,0,0,0,0,0,0,0,0,0,0,0,0,0,0,0,0,0,0,0,0,0,-0.809104110520585,0,0,0,0,0,0,0,0,0,0,0.15444774762795,0,0,0,-0.558011316639225,0,0.130413309734035,0,0,0,0,0,0,0,0,0,0,0,0
0,0,0,0,0,0,0,0,0,0,0,0,0,6.72545872164232,0,0,0,0,0,-0.153799301498134,0,0,0.0566411364495698,0,0.910240863354307,0,-0.394558845011563,0,0,0,0,0,0,0,0,15.7235460111995,0,0,0,0,0,0,0,0,0,0,0,0,0,0.0158923446933339,0,0,0,0,0,0,0,0,0,0,0,0,0,0,0,0,0,0,0,0,0,0,0,0,0,0,0,0,0,0,0,-0.188719644994155,-0.702316518605937,0,0,-0.631667390561633,0,0,0,0,0,0,0,0,0,0,0,0,0,0,0,0.2918992177763,0,0,0,0,0.337277875272224,0.14140124382661,0,0,0,0,0,0,0,0,0,0,0,0,0,0,0,0,0,0,0,0,0,0,0,0,0,0,0,0,0,0,-0.122304069243742,0,0,0,0,0,0,0,0,0,0,-0.191404569893326,0,0,-0.994248416759637,0,0.0227885615614885,0.00715135757946772,0.0743724991068326,0,0,0,0,-0.257056922096025,-0.342659196117293,1.24592392524514,0,0,0,0,0,0,0,0,0,0.137210519088776,0,0,0,0,0,0,0,0,0,-0.66099805714966,0,-0.281767643993047,0,0,0,0,0,0,0,0,0,0,0.13768697724109,0,0,0.449297688443879
-0.238242118750521,0,0,0,0,0,0.302020711337142,0,0,0,1.0738138078002,0,0,23.3207333851775,0,0,0,0,0,0.0901561109545612,0,0,0,0,0,0,0,0,0,0,0,-0.916163657431923,0,-0.488030631414493,0,0,0,0.565999655502954,0,0,0,0,0,0,1.16179634576651,0,0,0,0,0,0,0,0,0,0,0,0,1.10070850427005,-0.32138850444622,0,-0.269302715627011,0,0,0,0,0,0,0,0,0,0.94708952030235,0,0,0,-0.300455783392716,-0.955298238207359,0,0,0,0,0,0,0,0,0,0,0,0,0,0,0,0,0.00949221374834619,0,0,0.0358232702973733,0,0,0,0,-1.24684229072166,-0.896812844920621,0,0,0,0,0,-0.0541637895895417,0,0,0,1.48221172252408,0,0,0,0,0,0,0.170609095086492,0,0,0,0,0.259187094027275,0,0,0,-0.504883342433876,0,0,0,-0.851713722223085,-0.552706800443389,0,0,0,0,0,0.378514333360751,0,0,0,0,0,0,0,0,0,0,0,0,0,0,0,0,0,0,0,0,0,0,0,0,0,0,0,0,0,0,0,0,0,0,0,0,1.7308571298392,0,0,0,0,0,-0.999728306168172,0,0,0,0,-0.200828030250723,0,0,0,0,0,0.186340107679885,0,1.13565683328284,0.10376450666457,0,0,0,0
0,0,0,0,0.243817442144529,0,0,-0.733776533834112,0,0.379791719578256,0,0,0,18.7666836037801,0,0,0,-0.369024030964025,0,0,0,0,0,0,0.0265916664724593,0,0,0,0,0,0,-0.0243823545998885,0,0,0,0.467013278080705,0,0,0,0,0,0,0,0,0,0,0,0,0,0,0,0,-0.0957654321831958,0,0,0,0,0,0,0.0110414673436996,0,0,-0.603415602576125,0,0,2.21645308219795,0,0,0,0,0,0,1.19976040685797,0,0,-0.230411285251152,0,0,0,0,0,0.0709596832376476,0,0.515160625156732,0,0,0,0,0,0,0,0,0,0,0,-0.024501314284294,0,0,0,-0.0729698573051007,0,0,0,0,0,-0.239883440344723,0,0,0,0,0,0,0,0,0,0,0,0,0,0,0,0,0,0,0,0,0,0,0,-0.084391888179931,0,-0.00432897185467862,0,0,0,0,0,0,0,0,0,0,0,0,0,0,0,0,0,0,0,0,0.14508688094391,0,0,0,0,0,0,0,0,0,0,0,0,0,0,0.690174390531779,-0.362327974720845,0,0,0,0,0,0,0,0,0,0,0,0,0,0,0,0,0,0,0,0,0,0,0,0,0,0,0,0,0,0,0
0,-0.0672825097007241,0,0,0,0,0,0,0,-1.33561722624131,0,0,0,10.7561296053883,0.238285998712866,0.462020349334227,0,0,0,0,0,0,0,0,0,0.319559402564088,0,-0.877948633249147,0,0,2.1858723200406,0,0.556348413461238,0,0,0,0,0,0,0,0,0,0,0,1.93261157225515,1.01497611966947,0,0,0,0,0,-0.134236536730967,0,0,0,-0.28550583692457,0.235806921049276,0,0,0.190792465722026,0,-1.28173008365606,0,-0.857637016669626,0,-0.624206206096246,0,0,0,0,-0.877571790580599,0,0,0,0,-2.49734735836386,-0.720029532357772,0,0,0,0,0,0,0,0,0,-0.699723695101917,0.502262750303693,0,1.98925621167237,0,0,0,0,2.31508939067845,0,0,0,-0.160818343919371,0,0.0156486412445802,0,2.29459324395742,-0.47873337502633,-0.321213656872672,0,0,0,0,-0.695094658514361,0,0,0,-1.74862004563319,0,0,0,0,0.379219770541342,0,0,-0.703794210136904,0,0,-1.10352310571467,0,0,0,0,0,0,-0.146743062590695,0,0,0,0,0,0,0,0,0,0,0,0,-0.355725607996767,0,0,0,0,0,-3.67851511978897,0,0,8.54578731219958,1.44678060510231,0,0.245954232382296,0,0.355684050093378,0,0,0,-1.32544293410156,0.636636923757867,0,0,0,0,-1.422469381926,0,1.11301146005282,0,2.38613861836719,0,1.0006508276346,-3.94177270780605,0,0,3.16907215030928,0,0.646239882416255,0,0,0,0,0,0,0,0,0.426750270980042,0,0,0,0,0,-0.324948303144541,0,0.0151569295073661,0.199105462063863,-1.53578539324022
0,1.41866051637888,0,0,0,0,0,0,-0.543595837301837,-5.34177256006739,0,0,0,3.23764509877011,0,0.217188473938643,0,0,-0.710799492990343,0.0669296544629889,0,0,0,0,-1.1543633352128,7.22694007533578,-0.614243093411674,-1.5786459182284,0,0,0,-1.07604117489168,0,0,0,-0.750639095262678,0,0,0.860001304532291,0,-0.448791019264138,0,0,-0.975383970405098,0,2.15537874047688,0,0,0.143036801269454,0,0,0,0,0,0,0,0,0,0,0,0,0,0,0,0.468846104794114,0,-1.69527778706007,0,0,0,0,0.466516981559684,0,0,0,0,0,-1.16349435730784,0,0,0,0,-1.14925635517108,0,0,-1.08563448164123,0,-0.248865596185772,-1.88343165745845,0,0.0749657470526046,0,0,0,0,0,0,0,0,0.753702324217924,0,0,4.43685995279547,1.82979023912946,0,0,0,0,0,0.760217412747309,0,0,0,0,0,0,0,0,0,0,0,0,0.60519571643425,0,-1.41641397890872,0,0,0.138550988003035,0.485717478436447,0,0,1.09454431238711,-1.12654981972043,0,0,-0.621456366371475,0,0,0,0,0.440824030644928,1.43136831861543,0,0,0,-0.270140085442384,0,0,0,0,0,0,0,7.963121759407,0,0,0,0.522994165309149,0,0.90138302108635,0,0,0,0.725050562418971,0,0,0,0,0,0,-0.077765145395843,0,0,0,0,0.108384960639144,0,0,8.64589182121238,0,0,0,0,-2.07214272776639,0,0,0,-0.74532131072897,0,-1.06771089117516,0,0,0,0,0,0,0,0,0,0.467233511413024
0,0,0.0421077176443008,0,0,0,0.061218799247607,0,0.283360206645284,-0.457938034221113,0,0,0,0,0,0,0,0,0,0.03468483123044,-0.0373631836228676,0,0,0,0,0.0431454753188929,0,0,-0.312300536594055,0,0,0,0,0,0,0,0,0,0,0,0,0,0,0,0,0.411259824272036,0,0,0,0,0,0,0,0.120239410773029,0,0,0,-1.57070193723471,0,0,0,0,0,0,0,0,0,0,0,0,0,0,0,0,0,0,0,0,0,0,1.1151849680032,0,0,0,0,0,0,0,0,0,0,0,0,0,0,0,0,0,0,0,0,0,1.80621565304279,0,0,0,0,0,0,0,0,0.00279850163943496,0,0,0,0,0,0,0,0,0,-0.0182507019436025,0,0,0,0,0,0,0.129161292306625,0,-2.41727874972167,0,-0.482972222794271,0,0,0,0,0,0,0,-0.229705144792,0,0,0,0,0,0,0,0,0,0,0,0,2.08014507442229,-0.487493764752119,0,0,0,0,0,0,0,0,0.0397514216721138,0,0,-0.0687797240562793,0,0.0690446005973968,0,0,0,0,0,0,0,0,0,1.05064493239026,0,0,0,0,0,0,0,0,-0.56368760109977,0,0,0,0,0,0.542950623655267,0,0,0,0,0,0
0,0,0,0,0,0,0,0,0,0,0,0,0,0,0,0,0,0,0,0,0,0,0,0,0,0,1.10232353712177,0,0,0,0,0,0,0,0,0,0,0,0,0,0,0,0,0,0,0,0,0,0,0,0,0,0,0.770758993766313,0,0,0,-0.385807211797926,0,0,0,0,0,0,0,0,0,0,0,0,0,0,0,0,0,0,0,0,0,0,0,0,0,0,0,0,0,0,0,0,0,0,0,0,0,0,0,0,0,0,0,0,0,0,0,0,0,0,0,0,0,0,0,0,0,0,0,0,0,0,-0.0297069673582175,0,0,0,0,0,0,0,0,0,-0.83449566258256,0,0,0,0,0,0,0,0,0,-0.291991180141126,0,0,0,0,0,0,0.0834103478541262,0,0,0,0,0,1.02632783656708,0,0,0,0,0,0,0,0,0,0.264165541340416,0,0,-0.266764708880148,0,0,0,0,0,0,0,0,0,0,0,0,0,0,0,0,0,0,0,0,0,0,0,0,0,0,0.12609752552385,0,0,0,0,0,0
0,0,-0.748931957027659,0,0.410567798765869,0,-0.735851283856023,0,0.983214450981673,0.953078974584851,-0.11832992310043,0,0,0,0,0,0,0,0,0,0,0,0,0,0,-0.0266103904537056,0.637234322088656,0,0,0,0,0,0,0,0,0,0,0.390887163873497,0,0,0,0,0,0,0,0,0,0,0,0,0,0,0,0,0,0,0,0,0,0,0,0,0,1.47367840414471,0,0,0.268531917737001,0,0,0,0,0,0,0,0,-0.203694918865224,0,0,0,0,0,-0.246832811360574,-0.482259846973743,-0.0809554547194204,0,0,0,0,0,0,0,0,0,0,0,0,0,0,0,-0.0659997675384232,0,0,0,0,0,-0.261403179332635,-1.56625684159065,0,0,0,0,0,0.3229284001717,-0.252264551341439,-0.811789734457004,0,0,-2.93889221166255,0,0,0,-0.550152665394801,0,0,0,0,0,0,0,0,0,0,0,0,0,0,0,1.25776052082833,0,0,0.989957859937266,0,0,0,0,0,0,0,0,0,0,0,0,0,0,0,0,0,0,0,0,0,0.248629489436559,-0.489243136048104,0,0,-2.01660449436261,0,0,0,0,0,0,0,0,0,0,0,0,0,0,0,0,-0.36812514904608,0.0506551117347287,0,0,0,0,0,-0.0284275358603325,0,0,0,0,0,0,0,0,0
0,0,0,0,0,0,0,0,0,0,0,0,0,0,0,0,0,0,0,0,0,0,0,0,-0.324197306193256,0,0.121752212080081,0,0,0,0,0,0,0,0,0,0,0,0,0,0,0,0,0,0,0,0,0,0,0,0,0,0,0,0,0,0,0,0,0,0,0,0,0,0,0,0,0,0,0,0,0,0,0,0,-0.290973176537187,0,0,0,0,0,0,0,0,0.474722439883615,0,0,0,0,0,0,0,0,0,0.153733751580727,0,0,-0.169640512904747,0,0,0,0,0,0,0,0,0,0,0,0,0,0,0,0,0,0,0,0,0,0,0,0,0,0,0,0,0,0,0,0,0,0,-1.29479844085228,0,0,0,0,0,0,0,0,0,0,0,0,0,0,0,0,0,0,0,0,0,0,0,0,0,0,0,0,0,-0.138753809829339,0,0,0,-2.61378389065409,0,0,0,0,0,0,0,0,0,0,0,0,0,0,0,0,0,0,0,0,0,0,0,0,0,0,0,0,0,0,0,0,0
0,0,0,0,0,0,0,0,0,0,0,0,0,0,0,0,0,0,0,0,0,0,0,0,0,0,1.6532696447921,0,0,0,0,0,0,0,0,0,0,0,0,0,0,0,0,0,0,0,0,0,0,0,0,0,0,0,0,0,0,0,0,0,0,0,0,0,0,0,0,0,0,0,0,0,0,0,0,0,0,0,0,0,0,0,0,0,1.16679495556841,0,0,0,0,0,0,0,0,0,0,0,0,0,0,0,0,0,0,0,0,0,0,0,0,0,0,0,0,0,0,0,0,0,0,0,0,0,0,0,0,0,0,0,0,0,0,0,-0.0341715835321967,0,0,0,0,0,0,0,0,0,0,0,0,0,0,0,0,0,0,0,0,0,0,0,0,0,0,0,0,0,0,0,0,0,-2.36555138720596,0,0,0,0,0,0,0,0,0,0,0,0,0,0,0,0,0,0,0,0,0,0,0,0,0,0,0,0,0,0,0,0,0
0,0.486277408401549,1.32495971242737,0,3.51630578884014,-1.70988820007711,-0.616093956596992,-0.584547231894619,0,1.33050208913637,0,0,0,0,0,0,0,0.626980989342575,0,0.219009288217862,0,0,0,0,0,0,0,0,0,0,0.624827005256545,0,0,0,0,1.79533138065403,-2.7431257501486,0,0,0,0,0,0,0,0,0.319915564958793,0,0,0,0,0,0,0.262360214118026,0,0,0,0.70567540316457,0,0,0,0,0,-2.19524069428305,0,0,0,0,0,0,0,-1.34117825763039,0,0,0,0,0,0,0,0,0.367293271648779,0,-0.386058509311134,-1.66653001394253,-2.65858502518201,0,0.176274892848594,0,0,0,0,0,-0.813815249013947,0,0,0,1.7275824782001,0.124669846781613,-0.0912638374034218,0,0,0,0,0,0,0,-0.685014448197604,0,0,0,-0.32223799049624,0,0,-0.363303995334105,0,0.348570014788878,0,0,0,0,0.176624650020691,0,0,0,0,0,0,2.46649983621348,0,-0.699112990026055,0,0,0,0.0253102166770971,0,-0.311155082250503,0,0,0,0,0,0,0,0,0,0,0,0,-0.302021132493297,0,0,2.58186381135837,0,0,0,0,-1.21089027094229,0,0,0,0,0,-0.0533595583555193,1.58058069604323,0.384188090405482,0,0,0,0,0,0,0.0159054393303437,0,0,-0.868625669282171,0,1.75794155346834,0,0.174952247875581,0,-1.03737614192415,0,0,0,-1.56436370540503,0,0.810690463904045,0.282041342801286,0,0.636935652729925,0,0,0,0,0,0,0,0,0,5.53246483041431,2.15614393068051
0,0,0,0,0,0,0,0,0.371698775863694,0,0,0,0.152193100777848,0,0,0,0,0,0,0,0,0,0,0,0,0,0,0,0,0,0,0,0,0,0,0.851206189794647,0,-0.166972716954881,0,0,0,0,0,0,0,0,0,0,0,0,0,0,0,0,0,0,0,1.74146223256819,0,0,0,0,0,0,0,-0.676506578806616,0,0,0,0,0,0,0,0,0,0,0,0,0,0,1.97378778575002,-0.0617186719307135,0.158794307589322,0,0,0,0,0,0,0.0481140867061491,0,0,0,0,0,0,0,0,0,0,0,0.588812480130306,0,0,0,0.0902029025408189,-0.344342074903942,0,0,0,0,0.354561909147953,-0.198379539252048,0,0,0,0,0,0,0,0.461329581843148,0,0.128566174379525,0,0,0,0,0,0,-0.11629321023899,0,-0.558551282678083,0.241242188247064,0,0,0.352564111664804,0,0,0,0.121776176242044,0,0.240327839624131,0,0,0,5.36094731839083,0,0,0,0,0,0,0,0,0,0,0,0,0,0,0,0,0,0,0,0,-0.891057553346736,0,0,0,0,0,0,0,0,-0.3382333802583,0,0,0,0,0,0,0,0,0,0,0,0,0,0,0,0,0,0,-0.911141595223286,0.605043938350299,0,0,0,0
0,0,0,0,-1.39525746484167,0,0,0.0222664547304536,0,0,0,0,1.43162716464954,0,0,0,-2.38184501040385,0,0,0,0,0,0,0,1.03634818046699,0,0,0,0,0,0.157551851430807,0,0,0,0,0,0,-0.00250754539389653,0,0,0,0,0,0,0,0,0,0,0,0,0,0,0,0,0,0,0,0,0,0,0,0,0,0,0,0,0,0,0,0,0,0,0,0,0,0,0,-0.550475994474892,0.562412266135482,0,0,0,0,0,0.666486658833019,0,0,0,0,0,0,0,-0.206075902083468,0,0,0,0,0,0,0,0,0,0,-1.28877787998297,0,0,-5.79378443265417,-1.13729067477815,0,0,0,0,0,0,0,0,0,0,0,0,0,0.247268343632668,0,0,0,0,0,0,0,-0.201806944776569,-0.131006288708528,0,0,0,0,0,0,0,0,0,-0.1837974410607,0,0,0,0,0,0,0,0,0,0,0,0,0,0.545326029211616,0,0,0,0,-0.253025639761832,0.774536553710707,0,0,0,0,0,-0.491282274591112,0,0,0,0,0,0,0,0,0,0,0,0,0,0,0,-0.291227585569382,0,0,0,0,0,0,0,0,0,0,0,0,0,0,0,0,0
0,0,0,0,-1.02657833583207,0,0,0,0.0937876812120015,0,0,0,0,0,0,0,0,0,0,0,0,0,0,0,0,0,0,0,0,0.212227911009204,0,0,0,0,0,0,0.0475215495771397,0.02307859533203,0,0,0,0,0,0,0,-0.0109951443098195,0,0,0,0,0,0,0,0,0,0,0,0,0,0,0,0,0,0,0,0,0,0,0,0,0,0,0,0,0,0.161877424162443,0.0639462147707921,0,0,0.706842452941798,0,0,0,0,0.413552705434153,0,0,0,0,0.000430668045821925,0,-0.0590404849277066,0,0,0,0,0,0,0,0,0,0,0,0,0,-0.557421733616718,0,0,0,0,0,0,0,0,0,0,0,0,0,0,0,0,0,0,0,0,0,0,0,0,0,0,0,0,0,0,0.016521496621176,0,0,0,0,0,0,0,0,0,0,0,0,0,0,0,0,0,0,0,0,0,0,0,0,0,0,0,0,0,0,0,0,0.0203867247791565,0,0,0,0,0,0,0,0,0,0,0,0,0,0,0,0,0,0.34642558345835,0,0,0,0,0,0,-0.324963772086272,0,0,0,0,0
0,0,0,0,0,0.059578750492457,0.623158151572437,-0.0900612742490512,0,0,0,0,0,0,0,0,1.18513013533544,0.456051401788262,0,0,0,0,0,0,0,0,0.249095009457803,0,0,-1.01933583335503,0,0,0.545372912561458,0,0,0,0.973124448478636,0,0,0,0,0,0,0,0,0.0205008811274183,0,0,0,0,0,-0.0636156557160192,0,0,0,0,0,0,0,0,0,-0.345969425979171,0,-0.262503884137611,0.205745038472255,0,0,0,0,0,0,0,0,0,0,0,0,0,-0.353542794200365,0,0,0,0,0,0,0,0,0,0,0,0,0,0,0,0,0,0,0,0,0,0,0,0,0,0,0,0,0,0.407069406313984,0,0,-0.544317161345876,0,0,-0.248912992427974,0,0,-2.31511419749126,0,0,0,0,0,0,0,0,0,0,0,-0.352717802894465,0,0,0,0,0.369391116793839,0,0,0,0,-1.81778943515143,0,0.0142667367882527,0,0,0,0,0,0,0,0.860007212325142,0,0,0,0,0,0,0,0,0,0,-1.04153098128602,0,0,0,0,0,0,0,0,0,0,0,0,0,0,0,0,0,0,1.646228532075,0,0,0,0,0,0,0,0,0,-0.0477540749324354,0,0,0,0,0,0,0,0,0,0
0,0,0,0,0,0,0,-0.206649872474407,0,0,0,0,0,0,0,0,0,0,0,0,0,0,0,0,0,0,0,0,0,0,0,0,0,1.78445429452054,0,0,2.32744773237621,0,0,0,-0.0443149918188865,0,0.803066330775571,0,0,0.141353997732554,0,0,0,0,0,0,0,0,0,0,0,-0.390763913170435,-0.0529849334279726,0,0,0,0,0.777719109102214,0.583843850041547,0,0,0,0,0,0,-0.624625980018593,0,-0.0379380120718391,-0.138008662432366,0,0,0,-0.554804008283505,0,0,0,0,0,0,0,0,1.20209861456869,0,0,0,-1.04846522073597,0.319099146521107,0,0,0,0,0,0,0,-0.690820697058443,0,3.42814527789008,0,0,0,0,0,-0.236215819371664,0,0,0.0610703741558869,0,0,-1.17524905037048,0,0,0,0,0,0,0,0,0,0,0,-1.42979868040161,0,0,0,0,0,0,0,0,0.711078063024915,-0.0595123903418171,0,0,0,0,-0.0830509705755103,0,0,0,0,0,0,0,0,0,0,0,0,0,0,0,0,0,0.304281549201718,0,0,0,-1.03096209811122,0,0,0.67724452884976,0,-0.561401642945197,0,0,0,0,0,0,0,0,-0.188500526962646,0,-0.541563355331166,0,0,0,0,0,0.6871294336872,0,-1.44975445613918,0,0,0,0,0,0,0,0,0,0,0,0.425843447295972
0,0,-0.591242337782199,0,0,0,0,0,0,0,0,0,0,0,0,0,0,-0.872671447088552,0,0,0,0,0,0,0,0,-0.3536166760106,0,0,0,0.188738389275492,0,0,1.56828158042127,0,0,0,0,0,0,0,0,1.95179322728747,0,0,0.593673045793525,0,0,0,0,0,0,0,0,0,0,0,-2.43057750282745,0,0,0,0,0,0,0.749241179000743,0,0,0,0,0,0,0,0,0,0,0,0,0,0,0,0,0,0,0,0,0,0,1.26324666428629,-0.149231744576114,0.174062691013966,0,-1.47690794500958,0,0,0,0,0,0,0.144720002656259,0,0,0,2.99932017388707,0,0,-0.662046201305082,0,0,0,0,0,0.608522238184013,0,0,0,0,0,0,0,0,0,0,0,0,0,0,0,0,0,0,0,0.473863733449168,0,0,0,0,0,0,0,0,0,0,0.172362544492832,0.868331384786163,0,0,0,0,0,0,-0.962193228954878,0,0,0,0,-0.157338585296149,0,0,0,0,0.14611714438748,0,-1.20534444253121,0,0,0,0.153374917640786,0,-0.122742389744475,0,0,0,0,0,0,0,0,0,0,0,0,0,0,1.22231192020522,0.332626845220711,0,0,0,0,0,0,0,0,0,0,0,0,0,0,0.212772854778889
0,0,0,0,1.42292806140341,-0.288069322516481,0,-1.69068359448952,0.511206712534429,0,5.95022057538234,0,-1.44931165511152,4.14678011031112,0,-0.0516145691398924,0,0,-0.685468319994031,0,3.05596754620477,0.270105545761129,0,0,-1.13591249133778,7.40577980935596,1.7373342298154,0,1.8107288416136,0,0,0.360377899931898,0,-5.53680160464026,0,0,0,0,0,0,0.36065527703489,0,0.877184841132016,-5.51335820715649,6.11979017169168,-1.40428218297847,-3.45212185464043,0,0.0462886256551214,0,0,0,0,0,0,-0.365498001069367,0,0,-0.28560092301641,0,0,1.83566792073446,4.92846709620823,3.14312136888404,2.84625983122399,0,0.29325687546117,0,0,-1.77774827870893,0,0,-1.17246481433304,0,0,0,0,0,0,0,0,0,-0.456975649438921,0,0.0134068491479566,-0.122174057475723,1.00537232455714,0,0,0,0,-6.6179288242246,0,0,0.707927826663906,-1.6689872024258,0,0,0,0,0,0,0,0,0,0,0,0,0,-0.297703018390551,0,0,0,-1.67979332639434,0,0,-0.707836905686139,0,-0.661460546393756,-1.42830947230779,0,-1.19835003903593,1.35570067578255,0,0,0,0,0,1.5621300495659,0,0,2.65770962983653,0,0,0,0,0,0,0,0,-4.27732919564971,0,0,0,0,0,0,0,0,0,0,0,0.0561368252753764,0,0,0.161522049741495,0,0,1.27297140000724,-0.107779512756461,0,0,0,0,0,0,0,0,0,0,0.677766574968876,0.454865585996458,-0.876235723181989,-0.664738221048158,0,0.962339559744982,0,0.75100319754913,-1.25060188241906,0,-0.663622306487081,0,0,0,0,1.09788261104596,1.3838241231878,0,0,0,0,0,0,0,1.25809681493568,0,0,1.20859731168555,0,0
0,0,0.334823646859283,0,0,0,0.180237639963027,0,0,0,0,0,0,0,0,0,0,0,0,0,0,0,0,0,0,0,0,0,0,0,0,0,0,1.0898975019291,0,0,0,0,0,0,0,0,0,0,0,0,0,0,0,0,0,0,0,0,0,0,0,-0.549164731633135,0,0,0,0,0,0.0589513661002949,0,0,0,0,0,0,0,-0.0469384221640476,0,0,0,0,0,0.493029774111122,0,0,0,0,0,0,0.0958594071111631,0.0149631630766942,0,0,0,0,0,-0.0764135395044718,0,0,0,0,0,0,0,0.389460160579512,0,0,1.15401077568754,0,0,0,0,0,0,0,0,0,0,0,0,0,0,0,0,0,0,0,0,0,0,0,0,0,0,0,0,0,0,0,0,0,0,0,0,0,0,0,0,0,0,0,0,0,0,0,0,0,0,0,0,0,0,0,0,0,0,0,0,0,0,0,0,0,0,0,0,0,0,0,0,0,0,0,0,0,0,0,0,0,0,0,0,0,0,0,0,0,0,0,0,0,0,0,0,0
0,0,0,0,0,0,0.452317806524911,0,0.311985839847273,0,0,0,0,0,0,0,0,0,0,0,-0.665701247111369,0.862153346782921,0,0,0,0,0,0,0,0,0,0,0,0,0,0,0,0,0,0,0.529513802832515,0,0,0,0,0,0,-2.84140952846824,0,0,0,0,0,0,0,0,0,0.442667909128522,-0.123526198267219,0,0,0,0,0,-1.80162911987104,0,0.940600359435196,0,0,0,0,-0.0965193363164452,0,0,0,0,0.422244831463767,0,0,0,0,0,0,0,0,0,0.517337873021085,0.364885850497762,0,-1.70952846900528,0,0,-0.11863349077754,0,0,0,0,0.0706741448811143,0,0,0,0,1.70934075757949,0,0,0,0,1.93956394488582,0,0,0,0,0,0,-0.586973762444878,0,0,0,0,0,0,0,0,0,0,0,0,0,0,0,-5.23279135628824,0,0,0,0,0,0,0,0,0,0,0,0,0.630534794104662,0,0,0,0,-0.2020213276797,0,0.0796273832715351,0,0,0,0,0,0,0,0.038595732142374,0,0.347787805286599,0.210955115805443,0,0,0,0,0,0,0,0,0,0,0,1.56231611404694,0,0.712386289325457,0,0,0,0,0,0.574991647111357,-0.276963126158093,0,0,0,0,0,0,0,0,0,0.51840155416025,0,0,0,0.0468056397367849,0,-0.090870969095769,0
0,0,0,0,0,-8.126827806796,1.09662226565459,2.19199100966803,0,0,0,0,0,0,0,0,0,0,0,0,-1.06613379030976,0.0574430060846129,0,0,0.0709332112428287,0,0,0,0,0,0.950596252681809,-0.505666850378081,1.13217092111693,0,0,0,0,0,0,0,0,0,0,0,0,0.800737070720309,0,0,0,0,0,-0.0724097809767719,0,0,0,0,0,0,0,0,0,0,0,0,0.0354985075343957,0,0,0,-1.10676371563081,0,0,0,0,0,0,0,0,0,0,-0.524036152291806,0,0,0,0,1.18456504499084,0,0.918781076884753,0.55618269299806,0,0,0,-0.102618988095091,0,0,0,-0.0513738545273636,0,0,0,0,0,0,0,0,0,0,0,0,0.0414130045041574,0,0,0,0,0,0,0,0,0,0,0,0,0,0,0,0,0,1.70615698434942,0,0,0,0.893393881180605,0,0,0,0.355934764385294,0,0,0,0,0,0,0,0,0,0,0,0,0,0,0,-1.67855582502755,0,0,0,0,0,0,0,0,0,-0.78116527931785,0,0,0,0,0,0,0,0,0,0,0,0,0.224982808742205,0,0,0.21721022388205,0,0.23896298266313,0,0,0,0,-0.175377374365199,0,0,0,0,0,0.880709117122937,0,0,0,0,1.47488147314553,-0.829576940624388,0,0,0,0
0,0,0,0,0,0,1.43840385459242,0.0510200101348177,0.734933295847384,0,0,0,0,0,0,0,0,0,0,0,0,0,0,0,0,0,0.0557540637364464,0,0,0,0,0,4.46263893578059,0,0,0,0,0,0,0,0,0,0,0,0,0,0,0,0,0,0,0,0,0,0,0,0,0,0,0,0,0,0,0,0.626827277883101,0,0,0,-3.94786997129319,0,0,0,0,0,0,0,0,-0.383877398264142,0,0,0,0,0,0,0.587179955598317,0,0,0,0,0,0,0,0,0,0,-0.775284783022929,0,0,0,0,-0.159630927029888,0.550144740459124,0,0,0,0,0,0,0,0,0,1.21834851369152,0,0,0,0,0,0,0,0.300649786635266,0,0,0,0,0,0,0,0,0,0,0.515999218326195,0,0,0,0,0,0.246645210522983,0,0,0,0,0,0,0,0,0,0,0,0,0,0,0,0,0,0,0,0,0,0,0,0,0,0,0,0,0,0,0,0,0,0,0,0,0,0,0,0,0,0,0,0,0.760784071971331,0,0,0,0,0,-0.348046807670647,0,0,0.0481741378018608,0,0,0,0,0,0,0,0,0
0,0,0.440552259921557,0,0,0,0,0,0,0,0,0,0,0,0.323770284284346,0,0,0,0,0,0,0,0,0,0,0,0,0,0,0,0,0,0,0,0,0,0,0.279530496744829,0,0,0,0,0,0,0,0,0,0,0,0,0,0,0,0,0,0,0,0,0,-1.3222962187189,0,0,0,0,0,0,0,0,0,0,0,0.0133032845950645,0,0,0,0.0905997046810825,1.61581216930547,0,0,0,0,0,0,0,-0.0061268839366595,0,0,0,0,0,0,1.33451026073674,0,0,0,0,0,0,0,0,0,0,0,0,0,-0.860102508489612,0,0,0,0,0,0.0432404032654949,0,0,0,0,0,0,0,0,0,0,0,0,0,0,0,0,0,0,0,0,-0.417596214434551,0,0,0,0.355630704305775,1.63225822398784,0,0,0,0,0,0,0,0,0,0,0,0,0,0,0,0,0,0,0,0,0,0,0,0,0,0,0,0,0,0,0,0,0,0,0,0,0,0.17346563033349,0,1.53914555131996,0,0,0,0,0,-0.905560507865779,0.0817647974159588,0,0,0,0,0,0,0,0,0,0.145238224475985,0,0,0.193172746839847,0,0
0,0.0926436693811519,2.63315690818129,0,0,0,0,0,0,-0.577384810616811,0,0,0,0,1.30429325304873,0,0,0,0,0,0,0,0,0,0,0,0,0,0,0.0576418832930288,0,0,0,0,0,0,0,0,0,0.193432994734749,0,0,0,0,0,0,0,0,0,0,0,0.513406987032968,0,-0.833157158500321,0,1.04655688142896,0,-0.365718244545095,0,0,0,0,0,0.766479771038631,0,0,-0.0790132571355922,0,0,0,0,0,0,0,0,1.44504266958731,0,0,0,0,-0.0915364858481633,0,0,0,0.0216771692283062,0,0,0,0,0,0,-0.00434725151385273,0,0,0,0,0,0,0,0,0,0,-0.0432661632306339,0,0,0,0,0,0,0,0,0,0,0,0,0.454714724166005,0,0,0,1.68658663017818,0,0,0,0,0,0,0,0,0,0,0,0,-0.118488089080861,0,0,0,0,0,0,0,0,0,0,0,0,0,0,0,0,0,0,-0.231516440396182,0,0,0,0,0,0,0,0,0,0,0,0,0,0,0,0,-0.0964391727149714,0,0,0,0,0,0,0,0,0,0,0,0,0,0,0,0,0,0,-2.73513638330276,0,0,0,0,0,0,0,0,0,0,0,-0.313989314115724
0,0,0,0,0,0.0172879308252718,0.326074448127544,0,0,0,0,0,0,0,0,0,0,0,0,0.339930091368611,0,0,0,0,-0.319629028745849,0,0,0,0,0,0,0,0,-0.6429633237897,0,0,0,-0.169214831698057,0,0,0,0,0,0,0,0,0,0,0,0,0,0,0,-0.565643680563938,0,0,0,0,0,0,0,0,0,0,0,0,0,0,0,0,0,0,0,0,0,-0.696440953550942,0,0,1.25442529202351,-1.27857414065821,0.0396494926885227,0,0,0,0,0,0,-0.167829064170088,0,0,0,-0.408635655134719,0,0,0,0,0,0,0,0,0,0.118643240614672,1.29051494350826,0,0,0,0,0.195191740209672,0,0.272682699134154,0,0,0,0,0,0,0,0.164264611181769,0,-0.310833309853451,0,0,0.00589366878895392,0,0,0,0,0,0,0,0,0.198111531845329,-0.56529900290315,0,1.48295960937408,0,0,0,0,0,0,0,0,-0.52826823784019,0,0,0,0,0,0.0734793867190042,0,0,0,0,0,-0.136160157658186,0,0,0,-0.257425741866888,0.37475549034896,-1.70123334152931,0,-0.174768843860146,0,0,0,-0.331732056665759,0,1.85755234087022,0,0,0,0,0,0,0,1.33951999972429,0,0,0,0,0,0,0,0,0,0,0,0,-0.198363309969555,0,0,0,0.334816635012996,0,0,0,0,0
0,0,0,0,0,0.0806849257014119,0,0,0,0,0,0,0,0,0,0,0,0,0,0,0,0,0,0,0,0,0,0,0,0,0,0,0,0,0,0,0,0,0,0,0,0,0,0,0,0,0,0,0,0,0,0,0,0,0,0,0,0,0,0,0,0,0,0.550768084008215,0,-1.70487000281184,0,0,0,0,0,0,0,0,0,0,0,0,0,0,0,0,0,0,0,0,0,0,0,0,0,0,-0.301559283102112,0,0,0,0,0,0,0,0,0,0.951043287524256,0,0,0,0,0,0,0,0,0,0,0,0,0,0,0,0,0,0,0,0,0,0,0,-0.237735575940899,0,0,0,0,-0.102293500302798,0,0,0,0,0,0,0,0,0,0,0,0,0,0,0,0,0,0,0,0,0,0,0,0,0,0,0,0,0,0,0,0,0,0,0,0,0,0,0,0,0,0,0,0,0,0,0,0,0,0,0,0,-0.312625569431042,0,0,0,0,0,0,0,0,0,0,0,0,0,0,0
0,0,0,0,0,0.105560126700572,0,0,0,0,0,0,0,0,0,0,0,0,0,0,0,0,0,0,0,0,0,0,0,0,0,0,0,0,0,0,0,0,0,0,0,0,0,0,0,-0.302931572943886,0,0,0,0,0,0,0,0,0,0,0,0,0,0,0,0,0,1.1968351599489,0,-0.160252396871721,0,0,0,0,-0.0286556438219199,0,0,0,0,0,0,0,0,0,0,0,0,0,0,0,-0.379929335993663,0,0,0,0,0,0,0,0,0,0,0,0,0,0,0,0.952041747498983,0,0,0,0,0,0,0,0,0,0,0,0,0,0,0,0,0,0,0,0,0,0,0,0,0,0,0,0,0,0,0,0,0,0,0,0,0,0,0,0,0,0,0,0,0,0,0,0.293741475885929,0,0,0,0,0,0,0,0,0,0,0,0,0,0,0,0,0,0,0,0,0,0,0,0,0,0,0,0,0,0,0.23217197030058,0,0,-0.173634726540473,0,0,0,0,-0.125663415966141,0,0,0,0,0,0,0,0,0,0
0,0,0,0,0,0.124083734661259,0,0,0,0,0,0,0,0,0,0,0,0,0,0,0,0,0,0,0,0,0,0,0,0,0,0,0,-0.389716941694411,0,0,0,0,0,0,0,0,0,-0.110662749610217,0,0,0,0,0,0,0,0,0,0,0,0,0,0,0,0,0,0,0,0,0,0,0,0,0,0,0,0,0,0,0,0,0,0,0,0,0,0,0,0,0,0,-2.12101789369904,0,0,0,0,0,0,0,0,0,0,0,0,0,0,0,1.29617525375435,0,0,-0.123146999352022,0,0,0,0,0,0,0,0,0,0,0,0,0,0,-0.190815024724736,0.00311386718203699,0,0,0,0,0,0,0,0,0,0,0,0,0,0,0,0,0,0,0,0,0,0.330293337921616,0,0,0,0,0,0,0,0,0,0,0,0,0,0,0,0,0,0,0,0,0,0,0,0,0,0,0,0,0,0,0,0,0,0,0,0,0,0,0,0,0,0,0,0,0,0,0,0,0,0,0,0,0,0,0,0
0,0,0,0,0,0,0,0,0,0,0,0,0,0,0,0,0,0,0,0,0,0,0,0,0,0,0,0,0,0,0,0,-0.0832826221314344,0,0,0,0,0,0,0,0,0,0,0,0,0,0,0,0,0,0,0,0,0,0,0,0,0,0,0,0,0,0,0,0,0,0,0,0,0,0,0,0,0,0,0,0,0,0.680194262540672,0,0,0,0,0,0,0,0,0,0,0,0,0,0,0,0,0,0,0,0,0,0,0,0,0,0,0,0,0,0,0,0,0,0,0,0,0,0,-1.38973088473966,0,0,0,0,0,0,0,0,0,0,0,0,0,0,0,0,0,0,0,0,0,0,1.24100492308307,0,0,0,0,0,0,0,0,-0.0180542484088775,0,0,0,0,0,0,0,0,0,0,0,0,0,0,0,0,0,0,0,0,0,0,0,0,0,0,0,0,0,0,0,0,0,0,0,0,0,0,0,0,0,0,0,0,0,0,0,0,0,0
0,0,0,0,0,0,0,0,0,0,0,0,0,0,0,0,0,0,0,0,0,0,0,0,0,0,0,-0.193786743530154,0,0,0,0,0,0,0,0,0,0,4.30735817763657,0,0,0,0,0,0,0,0,0,0,0,0,0,0,0,0,0,0,0,0,0.413336365081254,0.416468911361873,0,0,-0.556983076915092,0,0,0,0,0,0,0.213719280136104,0,0,0,0,0,0,0,0,0,0,0,0,0,0,0,0,0.530858556110894,0,0,0,0,0,0,0,0,0,0,0,0,0,0.399009222887551,0,0,0,0,0,0,0,0,0,-0.615264117647016,0,0,0,0,0,0,0,0,0,0,0,0,-2.80077742400983,0,-0.924371350104913,-0.0521180349677157,0,0,0,0.0478315301310033,0,0,0.037751542500378,-0.261986021285111,0,0,0,0,0,0,0,0,0,0,0,-0.743326698866515,0,0,0,0,0,2.34246546296351,0,0.0604966045545881,0,0,0,0,0,0,0,0,0,0,0,0,0,0,0,0,-0.151465922590611,0,0,0,0,0.333409399694438,0,0,0.0243016524571749,0,0,0,0,0,0,0,0,0,0.304212033025274,0,0,0,0,0,0,0,0,0
0,0.10025008660188,0,0,0,0,0,0,0,0,0.297886187145828,0,0,0,-0.310651818188452,0,0,0,0,0,0,0,0,0,0,0.138602316986522,0,0,0,0,0,0,0,-0.743051987758529,0,0.17509108472155,0,0,4.13944706892614,0,0,0.259343669554565,0,0,0,0,0,0,0,0,0,0.288278595621309,0,0,0,0,0,0,0,0,0,0,0,-0.573833056232013,0,0,0,0,0,0,0,0,0,0,0,0,0,0,0,0,-0.00207643095437304,0,0,0,0,0.682245782598079,0,0.124891250986122,0,0,0,0,0,0,0.0375279571738791,0,0,0,0,0,0,0.0711956961825946,0,-0.22797617710463,0,0,0,0,0,0,0,0,0,0.214348216577577,0,0.463900725463701,0,0,0,0.032497357611859,0.174908872762607,0,-0.0423650904963364,0,-2.63884533817053,0,-1.84761802707713,0,0,0,0,0,0,0,0.298543437799006,0,0,-0.46717382186862,0,0,0,0,0,0,0,0,0,-0.557942862169968,0,0,0,0,0,3.01091318309208,0,0,0,0,0,0,0,0,0,0,0,0,-0.199893037983329,0,0,0,0,0,0,0,0,0,0,0.242191676602642,0,0,0,0,0,0,0,0,0,0,0,0,0,0,0,0,0,0,0,0,0,0
0,-0.0879398121244999,0,0,0,0,0,0,0,0,0,0,0,0,0,0,0,0,0,0,0,0,0,0,1.14238664222723,0,-0.238616562406386,0,0,0,0.685116647451702,0,0,0,0,0,0,0,0,0,0,0,0,0,0,0,0,0,0,0,0,0,0,0,0,0,0,0,0,0,0,0,0,0,0,-0.575847724048967,0,0,0,0,0,0,0,0,-0.539841951550707,0,0,0,0,0,0,0,0,0,0,0,-0.0759740144905858,0,0,0,0,0,0,0,0,0,0,0,0,0,0,0,0,-1.51192830295829,0,0,-0.517572837095317,0,0,0,0,0,0,-0.0610930399380696,0,0,0,0,0,0,-0.117519815497001,0,0,0,-8.61463195827803,0,0,0,0,0,-0.178928615852968,0,0,0,0.590736919487249,0.197392750573106,0,0,0,0,0,0,0,0.558458758701109,0,0,0,0,0,0,0,0,0,1.77443693769429,0,0,0,0,0,0,0,0,0,0,0,0,0,0,0,0,-0.101157735570457,0,0,0,0,0,0,0,0,0,0,0,0,0,0,0,0,0,0,0,0,0,0,-0.531710946464747,0,0,-0.150435500761623,0,0,0
0,0,0,0,0,0,0,0,-0.684375611999436,0,-0.177062323005358,0,0,0,0,0,0,0,-0.620400920710597,0,0,0,0,0,0,0,0,-0.0183423012694206,-0.79005243947387,0,0,0,0,0,0,0,0,0,0,0,0,0,0,0,0.244562111683065,0,-1.13047404889108,0,0,0,0,0,0,0.648308178287116,0,0,0,0,0,0,0,0,0,0,0,-0.0568053039445879,0,0,0,0,-0.590620992836749,0,0,-0.10284212161624,0,0,0,0,0,0,0,0,0,0,0,0,0,0,0,0,0,0,0,-0.244576630434352,0,0,0.101848213845987,0,0,0,0,0,0,0,0,0,0,0.954498024368568,0,0,0.189887111525413,0,0,0,-0.361872281961083,0,0,0,0,0,0,0,0,0,-16.7272163011266,0,0,0,0,0,0,0,0,0,0,0,0,0,0,0,0,0,0,0,0,0,0,0.246733394950926,0,0,0,0,0,-11.6545029142747,0,0,0,0,0,0,-0.288686370529933,-0.219514335699858,0,0,0,0,0,0,0,0,0,0,0,0,0,0.182090408411819,0,0,0,0,0,0,0,0,0,0,0,0,0,0.0368407031491471,0,0,0,0,0.162870297783686,0,0,0,0,0
0,0.100085022969894,-0.610247915772244,0,0,0,0,0,-0.627655492767835,0,0,0,0,0,0,0,0,-1.5754804831554,-0.0712654379078081,0,0,0,0,0,0,-1.81046182768814,0,-0.612330521325523,0,0,-0.129500875527424,0,0,0.0634375880129505,0,0,0,0,0,0,0,0,0,-1.27732962026471,-0.592893967297623,0,0.460537151797813,0,0,0,0,0,0,0.0325694510865373,0,0,0,0,0,0,0,0,0,0,0,0,0,0,0,0,0,0,0,-0.548353870553793,0,0,0,0,0,0,0,0,0,0.303281920649942,0,0,0.301847428523313,-0.724426394981745,0,0,0,0,0,0,0,0,0,0,0,0,0,-0.0161875350696641,0,0,0,0,0,0,0,0,0,0,0,0,0,0,0,0,0,0,1.25342263695342,0,0,0,-15.4487645931485,0,0,0,0.404108323619583,0,0,0,0,0,0,0,0,0,0,-0.187418204924529,0,0,0,0,0,0,0,0,0,0.254690206398647,0,0,0,-8.73716608973794,0,0,0,0,0,0,0,0,0,0,0,0,0,0,0,0,0,0,0,0,0,0,0,0.351124665512599,0,0,0,0,0,0,0,0,0,0,0,0,0,0,0,0,0,0,0,0,0,-0.377252775761457
0,0,0,0,0,0,0,0,-0.104450115315347,0,0,0,0,0,0,0,0,-0.22876276280265,0,0,0,0,0,0,0,0,0,0,0,0,0,0,0,0,0,0,0,0,0,0,0,0,0,0,0,0,0,0,0,0,0,0,0,0,0,0,0,0,0,0,0,0,0,0,0,0,0,0,0,0,0,0,0,0,0,0,0,0,0,0,0,0,0,0,0,0,0,0,0,0,0,0,0,0,0,0,0,0,0,0,0,0,0,0,0,0,0,0,0,0,0,0,0,0,0,0,0,0,0,0,0,0,0,0,-14.9991175620717,0,0,0,0,0,0,0,0,0,0,0,0,0,0,0,0,0,0,0,0,0,0,0,0,0,0,0,0,-7.58877039992574,0,0,0,0,0,0,0,-0.0395715544175801,0,0,0,0,0,0,0,0,0,0,0,-0.138853132725941,0,0,0,0,0,0,0,0,0,0,0,0,0,0,0,0,0,0,0,0,0,0,0,0,0,0
0,0,0,0,0,0,0,-0.202193306317831,0,-0.181100538704572,0,0,0,0,0,0,0,0,0,0,0,0,0,0,0,0,0,0,0,0,0,0,0,0,0,0,0,0,0,0,0,0,0,0,0,0,0,0,0,0,0,0,0,0,0,0,0,0,0,0,0,0,0,0,0,0,0,0,0,0,0,0,0,0,0,0,0,0,0,0,0,0,0,0,0,0,0,0,0,0,0,0,0,0,0,0,0,0,0,0,0,0,0,0,0,0,0,0,0,0,0,0,0,0,0,0,0,0,0,0,0,0,0,0,-14.0681631236153,0,0,0,0,0,0,0,0,0,0,0,0,0,0,0,0,0,0,0,0,0,0,0,-0.134253739950354,0,0,0,0,-4.75550321013772,0,0,0,0,0,0,0,0,0,0,0,0,0,0,0.109824888605644,0,0,0,0,0,0,0,0,0,0,0,0,0,0,0,0,0,0,-0.0814537944514346,0,0,0,0,0,0,0,0,0,0,0,0
0,0,0,0,0,0,0,0,0,0,0,0,0,0,0,0,0,0,0,0,0,0,0,0,0,0,0,0,0,0,0,0,0,0,0,0,0,0,0,0,0,0,0,0,0,0,-0.363167191667669,0,0,0,0,0,0,0,0,0,0,0,0,0,0,0,0,0,0,0.382897996346177,0,0,0,0,0,0,0,0,0,0,0,0,0,0,0,0,0,0,0.200219403797364,0,0,0,0,0,0,0,0,0,0,0,0,0,0,0,0,0,0,0,0,0,0,0,0,0,0,0,0,0,0,0,0,0,0,0,0,0,0,0,-13.0446937543253,0,0,0,0,0,0,0,0,0,0,0,0,0,0,0,0,0,0,0,0,0,0,0,0,0,0,0,0,-2.11891075711246,0,0,0,0,0,0.163723309810405,0,-0.180503231172434,-0.240413581115659,0,0,0,0,-0.919255447425579,0,0,0,0,0,0,0,0,0,0,0,0,0,0,0,0,-0.00288527193482402,0,0,-0.114316851448566,0,0,0,0,0,0,0,0,0,0.294732516593588,0,0
0,0,0,0,0,0,0,0,0,0,0,0,0,0,0,0,0,0,0,0,0,0,0,0,0,0,0,0,0,0,0,0,0,0,0,0,0,-0.6167631375837,0,0,0,0,0,0,0,0,0,0,0,0,0,0,0,0,0,0,0,0,0,0,0,0,0,0,0,0,0,0,0,0,0.197171186784218,0,0,0,0,0,0,0,0,0,0,0,0,0,0,0,0,0,0,0,0,0,0,0,0,0,0,0,0,0,0,0,0,0.0278645673436995,0,0,0,0,0,0,0,0,0,0,0,0,0,0,0,0,0,0,0,0,-11.672347429423,0,0,0,0,0,0,0,0,0,-0.126783081908229,0,0,0,0,0,0,0,0,0,0,0,0,0,0,0,0,0,0,0,0,0,0,0,0,0,0,0,0,0,0,0,0,0,0,0,0,0,0,0,0,0,0,0,0,0.194964931029922,0,0,0,0,0,0,0,-0.910029353264427,0,0,0,0,0,0,0,0,0,0.235268598708593,0,0
0,0,0,0,0,0,0,0,0,0,0,0,0,0,0,0,0,0,0,0,0,0,0,0,0,0,0,0,0,0,0,0,0,0,0,0,0,0,0,0,0,0,0,0,0,0,2.0435778716101,0,0,0,0,0,0,0,0,0,-0.496978953627331,0,0,0,0,0,0,0,0,0,0,0,0,0,0.572194720250282,0,0,0,0,0,0,0,0,0,0,0,0,0,0.214302208028681,0,0,0,0,0,0,0,0,0,0,0,0,0,0,0,0,0,0,0,0,0,0,0,0,0,0,0,0,0,0,0,0,0,0,-0.398867338774537,0,-0.0211728625077314,0,0,-10.0573328179653,0,0,0,0,0,0,0,0,0,0,0,0,0,0,0,0,0,0,0,0,0,0,0,0,0,0,0,0,1.12356212121807,0,0,0,0,0,0,0,0,0,0,0,0,0,-0.297310247618465,0,0,0,0.28059945991349,0,0,0.0863536215423468,0,0,0,0,0,0,0,0,-0.0485845887445502,-0.0735597924258169,0,0,0,0,0,-0.452662857225301,0,0,0,0,0,0,0.629011919169532,0,0
0,0,0,0,0,0,0,0,0.795753536239912,0,0.126823577493044,0,0,0,0,0,0,0,0,-0.360178541975334,0,0,0,0,0,0,0,0,0,0,0,0,0,0,0,-0.232083353865548,0,0,0,0,0,0,0,0,0,0,0,0,0,0,0,0,0,0,0,0,0,0,0,0,0,0,0,0,0,0,0,0,0,0,0.566289553369819,0,0,0,0,0,0,0,0,0,0,0,0,0,0,-0.109545585482734,0,0,0,0,0,0,0,0,0,0,0,0,0,0,0,0,0,0,0,0,0,0,0,0,0,0,0,0,0,0,0,0,0,0,0,0,0,0,-8.95502552998152,0,0,0,0,0,0,0,0,0,0,0,0,0,0,0,0,0,0,0,0,0,0,0,0,0,0,0,0,2.08866238700194,0,0,0,0,0,0,0,0,0,0,0,0,0,0,0,0,0,0,0,0,0,-0.0551400247379297,0,0,0,0,0,0,0,0,0,0,0,0,0,0,0,0,0,0,0,0,0,0,0,0
0,0,0,0,0,0,0,0,0.365886303415132,0,1.70571239740426,0,0,0.113749274236884,0,0,0,0,0,0,0,0,0,0,0,0,0,0,0,0,-0.822561780982221,0,0,0,0,-0.167984162134739,0,0,0,0,0,0.36291695811443,0,0,-0.601519469226903,0,0,0,0,0,0,0,-0.239392117289685,0,0,0,0,0,0,0,0,0,0,0.172925393200675,0,0,0,0,0,0,0,0,0,0,0,0,0,0,0,0,0,0,0.426881857158086,0,0,0,0,0,0,0,0,0,0,0,0,0,0,0,0,0,0,0,0,0,0,0,0,0,0,0,0,0,0,0,0,0.770239388682112,0,0,0,0,0.152679945545842,0,-0.0394919439705466,0,-8.16673629566218,0,0,0,0,0,0,0,0,0,0,0,0,0,0,0,0,0,0,-0.161699478649221,0,0,0,0,0,0,0,0,0,3.99116989368629,0,0,0,0,0,0,0,0,0,0,0,0,0,0,0,0,0,0,0,0,0,0,0,0,0,0,0,0,0,0,0,0,0,0,0,0,0,0,0,0,0,0,0,0.184380488742067,0,-0.350145240365766
0,0,-0.583835105881329,0,0,0,0.273966610245933,0,0,0.0962958497869268,0,0,0,0,0,0,0,0,0,0,0,0,0,0,0,0,0,0.773332683761892,0,0,0,0,0,0,0,0,0,-0.0926782423874912,6.16822576498862,0,0,0,0,0,0,0,0.502061949846534,0,0,0,0,0,0,0,0,0,0,0,0,0,0,0,0,0,0,0,0,0,0,0,0,0,-0.161534015685321,0,0,0,0,0,0,0,0,0,0,0,0,0,0,0.815305915330494,0,0,0,0,0,0,0,0,0,0,0,0,0,0,-0.545694869506966,0,0,0,0,0,0,0,0,0,0,0,0.173684872594284,0,0,0,0,0,0,0,-1.0461743892181,0,-4.34610095925252,0,0,0,0,0,0,0,0,0,0.127045580843896,0,0,0,0,0,-1.38412955685808,0,0,0,0,0,0,0,0,0,0,0,0,1.66505891323236,0,0,0,0,0,0,0,0,0,0,0,0,0,0,0,0,0,0,0,0,0,0,0,0,-1.95957182676762,0.003244361403274,0,0,0,0,0,0,0,0,0,0,0,0,0,0.150357839910961,-0.0645071537383946,0,0,0.313652688226938,0,0
0,0,0,0,0,-0.00454831924775601,0,0,0,0,0,0,0,0,0,0,0,0,0,-0.134094578386629,0,0,0,0,0,0,0,0.172852277565873,0,0,0,0,0,-0.909288693187549,0,0,0,-0.728580761907509,5.84211155902064,0,0,0,0,0,0,0,0,0,0,0,0,0,0,0,0,0,0,-0.113881633237318,0,0,0,0,0,0,0,0,0,0,0,0,0.176331796803413,0,-0.0688412191252774,0,0,0,0,0,0,0,0,0,0,0,0,0,0,0,0,0,0,0,0,0,0,0,0,0,0,0,0,0,0,0.257711338287745,0,0,0,0,0,0,0,0,0,0,0,0,0,0,0,0,0,0,-1.11459958105436,0,-2.90438853777648,0,0,0,0,0,0,-0.580804058585482,0,0,0,0,0,0,0,0,0,0,0,0,0,0,0,0,0,0,0,0,0,3.56146736233825,0,0,0,0,0,0,-0.370815671358886,0,0,0,0,0,0,0,0,0,0,0,0,0,0,0,0,0,-1.26949795095116,0.61573030973195,0,0,0,0,0,0,0,0,0,0,0,0,0,0,0,0,0,0,0,0
0,0,0,0,0,0,0,0,0,0,0,0,0,0,0,0,0,0,0,0,0,0,0,0,0,0,0.235457404048798,0,0,0,0,0,0,0,0,0,0,0,0,0,0,0,0,0,0,0,0,0,0,0,0,0,0,0,0,0,0,0,0,0,0,0,0,0,0,0,0,0,0,0,0,0,0,0,0,0,0,0,-0.697729377462727,0,0,0,0,0,0,0,0,0,0,0,0,0,0,0,0,0,0,0,0,0,0,0,0,0,0,0,0,0,0,0,0,0,0,0,0,0,0,0,0,0,0,0,0,0,0,0,0,0,0,0,0,0,0,0,0,0,0.409032742899166,0,0,0,0,0,0,0,0,0,0,0,0,0,0,0,0,0,0,0,0,0,0,0,0,0,0,0,0,0,0,0,0,0,0,0,0,0,0,0,0,0,0,0,0,0.170096718676942,0,0,0,0,0,0,0,0,0,0,0,0,0,0,0,0,0,0
0,0,0,0,0,0,0,0,0.11681696556157,0,0,-0.626751944175739,0,0,0,0,0,0,0,0,0.626001685707763,0,0,0,0.550406410047904,5.52885408333041,0,0.522339498441851,-0.584546635298102,0,0,0,0,0,0,0,0,0,0,0.017825487130432,0,0,0,0,-4.3748355453546,0,0,0,0,0.538700968957486,0,0,-1.04978153750219,0,0.000644612091267316,0,0,0,0,0,0,0,-1.02453575901317,0,0,0,0,0,0,0,0.559572420486272,0,0.336150809591145,0,0,0,0,0,0,0,0,0,0,0,0,-0.142235475677334,0,0,0,0,0,0,-0.315369582302748,0,1.46697737686098,0,0,0,0,0,0,-1.9009505245904,0,0,0,0,0,0,0,1.15158670919454,0,0,0,0,-0.334505705759125,0,0,0,0,-0.987302675373301,1.31180497941381,-0.287549249528531,0,0,0,-0.493180233679148,0,-0.251663487951425,-5.09809033708858,0,0,0,0,0,0,1.07520723365088,0,0,0,0,0,0,0,0.205872288439935,0,0,0,0,-1.17097171674427,0,0,0,0,0,0,0,0,0,0,0,0,0,0,0,0,0,0,3.22223894640722,0,0,-0.114107781122257,0,-0.693708390075759,0,0.532165683953594,-3.7829505712874,0,0,0,0,-0.183246392290427,0,0,-0.111314621631315,0,0,-0.643907883983383,0,0,0,0,0,0,0,0,0,0,1.41571824415376,17.3341323200743,0
0,0,0,0,0,0,0.0415352366422106,0,0,0,0,0,0,0,0,0,0,0,0,0,0,0,0,0,0,0,0.711000419774424,0,0,0,0,0,0,0,0,0,0,0,0,0,0,0,0,0,0,0,0,0,0,0,0,0,0,0,0,0,0,0,0,0,0,0,0,0,0,0,0,0,0,0,0,0,0,0,0,0,0,0,0,0,0,0,0,0,0,0,0,0,0,0,0,0,0,0,0,0,0,0,0,0,0,0,0,0,0,0,0,0,0,0,0,0,0,0,0,0,0,-3.73757726971038,0,0,0,0,0,0,0,0,0,0,0,0,0,0,0,0,0,0,0,0,0,0,0,0,0,0,0,0,0,0,0,0,0,0,0,0,0,0,0,0,0,0,-0.54908771309551,0,0,0,0,0,0,0,0,0,0,0,0,0,0,0,0,0,0,0,0,0,0,0,0,0,0,0,0,0,0,0,0,0,0,0,0,0,0,0
0,0,0,0,0,0,0,0,0,0,0,0,0,0,0,0,0,0,0,0,0,0,0,0,0,0,0,0,0,0,0,0,0,0,0,0,0,0,0,0,0,0,0,0,0,0,0,0,0,0,0,0,0,0,0,0,0,0,0,0,0,0,0,0,0,0,0,0,0,0,0,0,0,0,0,0,0,0,0,0,0,0,0,0,0,0,0,0,0,0,0,-0.0215838644269064,0,0,0,0,0,0,0,0,0,0,0.190414615094863,0,0,0,0,0,0,0,0,0,0,0,0,0,0,0,0,0,0,0,0,0,0,0,0,0,0,0,0,0,0,0,0,0,0,0,0,0,0,0,0,0,0,0,0,0.310031189386447,0,0,0,0,0,0,0,0,0,0,0,0,-1.34597480011392,0,0,0,0,0,0,0,0,0,0,0,0,0,0,0,0,0,0,0,0,0,0,0,0,0,0,-0.341030931502894,0,0,0,0,0,0,0,0,0,0,0,0
0,0,0,0,0,0,0,0,0,0,0,0,0,0,0,0,0,0,0,0,0,0,0,0,0,0,0,0,0,0,-0.278996098870234,0,0,0,0,0,0,0,0,0,0,0,0,0,0,0,0,0,0,0,0,0,0,0,0,-1.88420885786041,0,-0.0936646641251413,0,0,0,0,0,-0.658538043515376,0,0,0,0,0.0337396954379465,0,0,0,0,0,-0.734393083908796,0,0,0,0,0,0,0,0,0,0,0,0,0,0,0,0,0,0,0,0,0,0,0,0,0,0,0,0,0,0,0,0,0,0,0,0,0,0,0,0,0,0,0,0,0,0.0758869029616633,0,0,0,0,0,0,0,0,0,0,0,0,0,0,0,0,0,0,0,0,0,0,0,0,0,0,0,0,0.0144777525589532,0,0,0,0,0,-0.414552588602565,0,0,0,0,-0.654606378962323,0,0,0,0,0,0,0,-0.398598209288033,0,0,0,0,0,0,0,0,0,0,0,0,0,0,-0.196074807280787,0,0,0,0,0,0,0,0,0,0,0,0,0,0,0,0
0,0,0,0,0,0,0,0,0,0,0,0,0,0,0,0,0,0,0,0,0,0,0,0,0,0,0,0,0,0,0,0,0,0,0,0,0,0,0,0,0,0,0,0,0,0.417176665573205,0,0,0,0,0,0,0,0,0,-2.31935995548029,-0.220213284053483,0,0,0,0,0,0,0,0,0,0,0,0.608351090027532,0,0,0,0,0,0,0,0,0,0,0,-0.713398341212402,0,0,0,0.455672305740495,0.342973001551075,0,0,0,0,0,0,0,0,0,0,0,0,0,0,0,0,0,0,0,0,0,-0.100063763857981,0,0,0,0,0,0,0,0,0,0,0,0,-0.823647400488565,0,0,0,0,0,-0.129737801058985,0,0,0,0,0,0,0,-0.129811364005638,0,0,0,0,0,0,0,0,0.615954082635746,0,0,0,0,0,0.702148456833938,0,0,0,0,0,0,0,0,0,0,0,0,1.3745461933697,0,0,0,0,0,-0.220914906557508,0,0,0,0,0,0,0,0,0,0,0,0,0,0,0,0,0,0,0,0,0,0.544713089078505,0,0,0,-0.0833181503301208,-1.00597860135943,0,0,-0.443075539751874,0
0,0,0,0,0,0,0,0,0,0,0,0,0,0,0,0,0,0,0,0,0,0,0,0,0,0,0,0,0,0,0,0,0,0,0,0,0,0,0,0,0,0,0,0,0,0,0,0,0,0,0,0,0,0,0,-0.00541915267146575,0,0,0,0,0,0,0,-0.222706841302907,0,0,0,0,0,0,0,0,0,0,0,0,0,0,0,0,0,0,0,0,0,0,0,0,0,-0.0558166209904742,0,0,0,0,0,0,0,0,0,0,0,0,0,0,0,0,0,0,0,0,0,0,0,0,0,0,0,-0.250124919951455,0,0.870772835882067,0.096581525838942,0,0,0,0,0,-0.0158888552785994,0,0,-0.0594888450966067,0.0342437785089096,0,0,0,0,0,0,0,0,0,0,0,0,0,0,0,0,0.167456942156704,0,0,0,0,0,0,0,0.270445782395389,0,0,0,0,0,0,0,0,0,0,0,0,0,0,0,0,0,0,0,0,0,0,0,0,0,0,0,0,0,0,0,-0.441005715583131,0,0,0,0,0,0,0,0,0,0,0,-0.288264569088812
0,0,0,0,0,0,0,0,0,0,0,0,0,0,0,0,0,0,0,0,0,0,0,0,0,0,0.229188748719281,0,0,0,0,0,0,0,0,0,0,0,0,0,0,0,0,0,0,0,0,0,0,0,0,0,0,0,0,-0.397567930027202,0,0,0,0,0,0,0,0,0,0,0,0,0,0,0,0,0,0,0,0,0,0,0,0,0.365987572403955,0,0,0,0.102650720288953,0,-0.502972242473327,0,0,0,0,0,0,0,0,0,0,0,0,0,0,0,0,0,0,0,0,0,0,0,0,0,0,0,0,0,0,0,0,0.0775825878302026,0,0,0,0,0,0,0,0,0,0,0,0,0,0,0,0,0,0,0,0,0,0,0,0,0,0,0,0,0,0,0,0,0,0,0,0,0,0,0,0,0,0,0,0,0,0,0,0,0,0,0,0,0,0,0.00988349751246731,0,0,0,0,0,0,0,0,0,0,0,0,0,0,0,0,0,0,0,0,0,0,0,0,-0.0341392553716604
0,0,0,0,0,0,0,0,0,0,0,0,0,0,0,0,0,0,0,0,0,0,0,0,0,0,0,-0.112720396638965,0,0,0,0,0,0,0,0,0,0,0,0,0,0,0,0,0,0,0,0,0,0,0,0,0,0,0,-0.918228915707493,0,0,0,0,0,0,0,0,0,0,0,0,0,0,0,0,0,0,0,0,0,0,-0.16734836914567,0,0,0,0,0,0,0,0,0,0,0,0,0,0,0,0,0,0,0,0,0,0,0,0,0,0,0,0,0,0,0,0,0,0,0,0,0,0,0,0,0,0,0,0,0,0,0,0,0,0,-0.0979033630638921,0,0,0,0,0,0,0,0,0,0,0,0,0,0,0,0,0,0,0,0,0,0,0,0,0,0,0,0,0,0,0,0,0,0,0,0,0,0,-0.0574328472184069,0,0,0,0,0,0,0,0,0,0,0,0,0,0,0,0,0,0,0,0,0,0,0,0,0,0,0,0,0,0,0
0,0,0,0,0,0,0,0,0,0,0,0,0,0,0,0,0,0,0,0,0,0,0,0,0,0,0,0,0,0,0,0,0,0,0,0,0,0,0,0,0,0,0,0,0,0,0,0,0,0,0,0,0,0,0,-0.443457151168256,0,-0.140389793914613,0,0,0,0,0,0,0,0,0,0,0,0,0,0,0,0,0,0,0,0,0,0,0,0,0,0,0,-0.777618712139492,0,0,0,0,0,0,0,0,0,0,0,0,0,0,0,0,0,0,0,0,0,0,0,0,0,0,0,0,0,0,0,0,0,0,0,0,0,0,0,0,0,0,0,0,0,0,0,0,0,0.350669651715519,0,0,0,0,0,0,0,0,0,0,0,0,0,0.455901112640314,0,0,0,0,0,0,0,0,0,0,0,0,0,0,0,0,0,0,0,0,0,0,0,0,0,0,0,0,0,0,0,0,0,0,0,0,0,0,0,0,0,0,0,0,0,0,0,0,0,0
0,0,0,0,0,0,0,0,0,0,0,0,0,-0.449040892003064,0,0,0,0,0,0,0,0,0,0,0,0,0,0,0,0,0,0,0,0,0,0,0,0.460413312637591,0,0,0,0,0,0,-0.824268381232725,0,0,0,0,0,0,0,0,0,0,0,0,0,0,0,0,0,0,0,0,0,0,0,0,0,0,0,0,0,0,0,0,0,0.68837289922843,0,0.0972673186547814,0,0,0,0,0,0.665672464034766,0,0,0,0,0,0,0,0,0,0,0,0,0,0,0,0,0,0,0,0,0,0,0,0,0,0,0.0268635527209689,0,0,0,0,0,0,2.06737233501874,0,0,0,0,0,1.03365138726274,0,0,0,0,0,0,0,0,0,0,0,0,0,1.10049712287425,0,0,0,0,0,0,0,0,0,0,0,0,0,0,0,0,0,0,0,-0.976742320151539,0,0,0,0,0,0,0,0.44494591647022,0,0,0,0,-0.220227001534045,0.064935093822847,0,0,0,0,0,0,0,0,0,0,0,0,0.0787734197873813,0,0,0,0,0,0,0,-1.29613818713538,0,0,0,0
0,0,0,0,0,0,0,0,0,0,0,0,0,0,0,0,0,0,0,0,0,0,0,0,0,0,0,0,0,0,0,0,0,0,0,0,0,0,0,0,0,0,0,0,0,0.086044868094729,0,0,0,0,0,0,0,0,0,-0.342827461307417,0,0,0,0,0,0,0,0,0,0,0,0,0,0,0,0,0,0,0,0,0,0,0,0,0,0,0,0,-0.0232761091168263,-0.0392898533694248,0,-0.0897440445423725,0,0,0,0,0,0,0,0,0,0,0,0,0,0,0,0,0,0,0,0,0,0,0,0,0,0,0,0,0,0,0,0,0,0,0,0,0,0,0,0,0,0,0,0,0,0,0,0,0,0,0,-0.133420415694573,0.0897725810456598,-0.448271939273143,0,-2.69835156333045,0,0,0,0,0,1.13603030125436,0,0,0,0,0,0,0,0,0,0,0,0,0,0,0,0,0,0,0,0,0,0,0,0,0,0,0,0,0,0,0,0,0,0,0,0,0,0,0,-0.0596693770181806,0,0,0,0,0,0,0,0,0,0
0,0,0,0,0,0,0.280790177380093,0,0,0,0,0,0,0,0,0,0,0,0,0,0,0,0,0,0,0,0,0,0,0,0,0,0,0,0,0,0,0,0,0,0,0,0,0,0,0,0.229464589908119,0,0,0,0,0,0,0,0,0,0,0,0,0,0,0,0,0,0,-0.428745285715258,0,0,0,0,0,0,0,0,0,0,0,0,0,0,0.252225821777708,0,0,0,0,-1.17109218820006,0,0,0,0,0,0,0,0,0,0,0,0,0,0,0,0,0,0,0,0,0,0,0,0,0,0,0,0,0,0,0,0,0,0,0,0,0,0,0,0,0,0,0,0,0,0,0,0,0,0,0,0,0,0,0,0,0,-0.00597053820237314,0,0,0,0,0,0,0,0,0,0,0,0,0,0,0,0,0,0,0,0,0,0,0,0,0,0,0,0,0,0,0,0,0,0,0,0,0,0,0,0,0,0,0,0,0,0,0,0,0,0,0,0,0,0,0,0
0,0,0,0,0,0,0,0,0,0,0,0,0,0,0,0,0,0,0,0,0,0,0,0,0,0,0,0,0,0,0,0,0,0,0,0,0,0.156907271348499,0,0,0,0,0,0,0,0,0,0,0,0,0,0,0,0,0,0,0,0,0,0,0,0,0,0,0,0,0,0,0,0,0,0,0,0,0,0,0,0,0,0,0,0,0,-0.0246929552461241,0,0,0,0,0,0.0618380335255475,0,0,0,0,0,0,0,0,0,0,0,0,0,0,0,0,0,0,0,0,0,0,0,0,0,0,0,0,0,0,0.884271080661049,0,0,0,0,0,0,0,0,0,0,0,0,0,0,0,0,0,0,0,0.216691173308291,0,0,-0.0668890200954679,0,0,0,0,0,0,0,0,0,0,0,0,0,0,0,0,0.282884133758482,0,-0.250813029922177,0,0,0,0,0,0,0,0,0,0,0,0,0,0,0,0,0,0,0,0,0,0,0,0,0,0,0,0,0,0,0,0,0,0,0,0,0
0,0,0,0,0,0,0,-0.501652771686409,0,0,0,0,0,0,0,0,0,0,0,0,0,0,0,0,0,0,0,0,0,0,0,0,0,0,0,0,0,0,0,0,0,0,0,0,0,0,0,0,0,0,0,0,0,0,0,0,0,0,0,0,0,0,0,0,0,0,0,0,0,0,0,0,0,0,0,0,0,0,0,0,0,0,-0.0526545640614229,0,0,0,0,0,0,0,0,0,0,0,0,0,0,0,0,0,0,0,0,0,0,0,0,0,0,0,0,0,0,0,0,0,0,0,0,0,0,0,0,0,0,0,0,0,0,0,0,0,0,0,0,0,0,0,0,0,0,0,0,0,0,0,0,0,0,0,0.316165859490038,0,0,0,0,0,0,0,0,0,0,0,0,0,0,0,0,0,0,0,0,0,0,0,0,0,0,0,0,0,0,0,0,0,0,0,0,0,0,0,0,0,0,0,0,0,0,0,0,0
0,0,0,0,0,0,0,0,0,0,0,0,0,0,0,0,0,0,0,0,0,0,0,0,0,0,0,0,0,0,0,0,0,0,0,0,0,0,0,0,0,0,0,0,0,0,0,0,0,0,0,0,0,0,0,0,0,0,0,0,0,0,0,0,0,0,0,0,0,0,0,0,0,0,0,0,0,0,0,0,0,0,0,0,0,0,0,0,0,0,0,0,0,0,0,0,0,0,0,0,0,0,0,0,0,0,0,0,0,0,0,0,0,0,0,0,0,0,0,0,0,0,0,0,0,0,0,0,0,0,0,0,0,0,0,0,0,0,0,0,0,0,0,0,0,0,0,0,0,0,0,0,0,0,0,0,0,0,0,0,0,0,0,0,0,0,0,0,0,0,0,0,0,0,0,0,0,0,0,0,0,0,0,0,0,0,0,0,0,0,0,0,0,0,0,0,0,0,0,0
0,0,0,0,0,0,0,-0.412661964332645,0,0,0,0,0,0,0,0,0,0,0,0,0,0,0,0,0,0,0.569188766356213,0,0,0,-0.124567548236102,0,0,0,0,0,0,1.0322461219163,0,0,0,0,0,0,0,0,0,0,0,0,0,0,0,0,0,0,0,0,0,0,0,0,0,0,0,0,0,0,0,0,0,0,0,0,0,0,0,0,0.286502213544626,0,0,0,0,0,0,0,0,0,0,0,0,0,0,0,0,0.422335447285661,0,0,0,0,0,-0.247251783076961,0,0,0,0,0,0,0,0,0,0,0,0,0.513724072668791,0,0,0,0,0,0.45185415972114,-0.208583302067709,0,0,0,0,0,0,0,0,-0.218879960705842,0,0,0,0,0,0,0,0,-0.460239682233568,0,0,0,-1.18381024003705,0,0,0,0,0,0,0,0,0,0,-0.196349186871549,0,0,0,0,0.102336279038488,0,0,0,0,0,0,0,0,0,0,0,0,0,0,0,0,0,0,0,0,0,0,0,0,0,0,0,0,0,0,0,0,0,0,0,0,0,0,0,0
0,0,0,0,0,0.707814296672927,0,0,0,0,0,0,0,0,3.98876860157299,0,0,0,0,0,0,0,0,0,0,0,0,0,0,0.322273540392289,0,0,0,0,0,1.04156152058514,0,0,0,0,-0.281670170339963,-5.78263488181355,0,0.539393907356143,0,0,0,0,0.516800888831177,0,0,0,0,-0.181133058188524,0,0,0,0,0,0,0,0,0,0,0,0,0,0,0.953620336059936,-0.0476094631100115,0,0,0,0,0,0.527842948933004,0,0,0,0.486314556995781,-0.0831448239720902,-0.273922032515723,0,0,0,0,0,0,0,0,0,0,0,-3.08913113923037,-0.446185217847391,0,1.88242250197305,0,0,1.20582913769647,0,0,0,0,0,0,-0.556491668131407,0,-10.3841109158941,-0.539571025420602,0,0.538888564938374,-0.255687584054614,0,0.864561464789632,0,0,0,0,0,0.436450425963058,-0.277413332189258,-0.087254417495837,0,0,0,0,0,-0.445678198408136,-0.281435887712737,0,0,0,1.21471550414841,0,-2.13941079267711,0,0,0,-2.18624926339191,3.62548855057165,0,-0.0871580424760312,0,0,-0.189524257653714,0,0.516291540354482,1.05164189249562,0,0,0,0,-0.239628556996776,-0.500912569709184,0,0,0,0,0,0,-0.865893133004309,0,-0.257562750500993,0,0,0,-0.191374456731066,0,-0.637323327727972,0,0,0,0.18939745518091,0,0.0160001567615335,-0.26484369905595,0,0,-0.329094507986583,0,-0.140162926693308,0,0,0,0,0,0,0,1.01633097583955,0,0,0,-2.00694027372457,-0.820529527493181,0,1.0609521898297,0,0,0
0,0,0,0,-0.558189192106527,0,0,0,0.0451976475675324,0,0,0,0,0.712923995178344,0,0,0,0,0,0,0,0,0,0,0,0,0,0,0,0,0,-0.165193728392297,0,0,0,0,0,0,0,0,0,1.09119926476798,0,0,0,0,0,0,0,0,0,0,0,0,0,0,-0.133892224097861,0,-0.802692855508039,0,0,0,0,0,0,0,0,0,0,0,0,0.0872853040658956,0,0,0,-0.574709154725985,0,0.0906865591812989,0,0,0,0,0,-0.5283541944702,0,0,0,0,0,0,0,0,0,0,0,0,0,0,0,0,0,0,0,0,0,-0.388881558356311,0,-0.117730510781039,0,0,0,-0.120409320358966,0,0,0,0,0,0,0,0,0,0,0,0,0,0,0,0,0,0.0865030578343104,0,0,0,0,0,0,0,0,9.23465517687967,0,-0.420340040310126,1.12571167559307,0,0,0,0,0,0,0,0,0.349409961412,0,0,0,0,0,0,0,0,0,0,0,-0.134687676333672,0.103483916671701,0,0,0,0,0,0.633601196787912,0,0,0,0,0,0,0,0,0,0,0,1.02861646741794,-0.0832316064165191,0,0,0,0,0,0,0.00612757414049492,0,0,0,0,0.0101613903586748,0,0,0,0,0
0,0,0,0,0,0,0,0,0,0,0,0,0,0,0,0,0,0,0,0,0,0,0,0,0,0.0629709483781362,0,0.197427190333437,0,0,0,0,0,0,0,0,0,0,0,0,0,0,0,0,0,0,0,0,0,0,0,0,0,0,0,0,0,0,0,0,0,0,0,0,0,0,0,0,0,0,0,0,0,0,0,0,0,0,-0.702676201622032,0,0,0,0,0,-0.080897445748964,0,0,0,0,0,0,0,0,0,0,0,0,0,0,0,0,0,0,0,0,0,0,0,0,0,0,0,0,0,0,-0.291906280205864,0,0,0,0,0,0,0,0,0,0,0,0,0,0,0,0,0,0,0,0,0,0,0,0,0,0,0,0,0,0,0,0,0,0,0,0,0,0,0,0,0,0,0,0,-1.03916446508801,0,0,0,0,0,0,0,0,0,0,0,0,0,0,0,0,0,0,0,0,0,0,0,0,0,0,0,0,0,0,0,0,0.074292700644456,0,0,0,0,0,0
0,0,0,0,0,0,0,0,0,0,0,0,0,0,0,0,0,0,0,0,0,0,0,0,0,0.212254744327406,0,0,0,0,0,0,0,0,0,0,0,0,0,0,0,0,0,0,0,0,0,0,0,0,0,0,0,0,0,0,0,0,0,0,0,0,0,0.267839136908109,0,0,0,0,0,0,0,0,0,0,0,0,0,0,0,0,0,0,0,0,0,0,0.0715750633986116,0,0,0,0,0,0,0,0,0,0,0,0,0,0,0,0,0,0,0,0,0,0,0,0,0,0,0,0,0,0,0,0,0,0,0,0,0,0,0,0,0,0,0,0,0,0,0,0,0,0,0,0,0,0,0,0,0,0,0,0,0,0,0,0,0,0,0,0,0,0,0,0,0,0,0,0,0,0,0,0,0,0,0,0,0,0,0,0,0,0,0,0,0,0,0,0,0,0,0,0,0,0,0,0,0,0,0,0,0,0,0,0,0
0,0,0,0,0.105973142070495,0,0,0,0,0,0,0,0,0,0,0,0,0,0,0,0,0,0,0,0,0.495142202873729,0,0,0,0,0,0,0,0,0,0,0,0,0,0,0,0,0,0,0,0,0,0,0,0,0,0,0,0,0,0,0,0,0,0,0,0,0,0.0506236915348981,0,0,0,0,0,0,0,0,0,0,0,0,0,0,-0.500883989136993,0,0,0,0,0,0,0,0.151666331734804,0,0,0,0,0,0,0,0,0,0,0,0,0,0,0,0,0,0,0,0,0,0,0,0,0,0,0,0,-0.00809105270765875,0,0,0,0,0,0,0,0,0,0,0,0,0,0,0,0,0,0,0,0,0,0,0,0,0,0,0,0,0,0,0,0,0,0,0,0,0,0,0,0,0,0,0,0,0,0,0,0,0,0,0,0,0,0,0,0,0,0,0,0,0,0,0,0,0,0,0,0,0,0,0,0,0,0,0,0,0,0,0,0,0,0,0,0
0,0,0,0,0,0,0,0,0,0,0,0,0,0,0,0,0,0,0,0,0,0,0,0,0,0,0.802388452844722,0,0,0,0,0,0,0,0,0,0,0,0,0,0,0,0,0,0,0,0,0,0,0,0,0,0,0,0,0,0,0,0,0,0,0,0,0,0,0,0,0,0,0,0,0,0,0,0,0,0,0,0,0,0.0706124759312154,0,0,0,0,0.630138994391096,0,0,0,0,0,0,0,0,0,0,0,0,0,0,0,0,0,0,0,0,0,0,0,0,0,0,0,0,0,0,0,0,0,0,0,0,0,0,0,0,0,0,0,0,0,0,0,0,0,0,0,0,0,0,0,0,0,0,0,0,0,0,0,0,0,0,0,0,0,0.0710861899810815,0,0,0,0,-0.245618647931595,0,0,0,0,0,0,0,0,0,0,0,0,0,0,0,0,0,0,0,0,0,0,0,0,0,0,0,0,0,0,0,0,0,0,0,0,0,0,0
0,0,0,0,0,0,0,0,0,0,0,0,0,0,0,0,0,0,0,0,0,0,0,0,0,0,0,0,0,0,0,0,0,0,0,0,0,0,0,0,0,0,0,0,0,0,0,0,0,0,0,0,0,0,0,0,0,0,0,0,0,0,0,0,0,-0.0646638683036123,0,0,0,0,0,0,0,0,0,0,0,0,0,0,0.853581167237262,0,0,0,0,0.755153303213141,0,0,0,0,0,0,0,0,0,0,0,0,0,0,0,0,0,0,0,0,0,0,0,0,0,0,0,0,0,0,0,0,0,0,0,0,0,0,0,0,0,0,0,0,0,0,0,0,0,0,0,0,0,0,0,0,0,0,0,0,0,0,0,0,0,0,0,0,0,0,0,0,0,0,0,0,0,0,0,0,0,0,0,0,0,0,0,0,0,0,0,0,0,0,0,0,0,0,0,0,0,0,0,0,0,0,0,0,-0.189499554313737,0,0,0,0,0
0,0,0.317696106450476,0,0,0,0,0,0,0,0,0,0,0,0,0,0,0,0,0,0,0,0,0,0,0,0,0,0,-0.253508726284977,0,0,0,0,0,0,0,0,0,0,0,0,0,0,0,0,0,0,0,0,0,-0.822100269522895,0,0,0,0,0,0,0,0.296817080522711,0,0.916858329762018,0,0,0,0,0,0,0,0,0,0,0,0,0,0,0,0,0.406513337317985,0,0,0,0,0,-0.172122848923522,0,0,0,0,0,0,-0.0759281109607881,0,0,0,0,0,0,0,0,0,0,0,0.346726007029158,0,0,0,0,0,0,0,0,0,0,0,0.379524890232707,0.287185666556644,0,0,0,0,0,-0.881380042536957,0,0,0,-0.0713800929001465,0,0,0,0,0,0,0,0,0,0,0,0,0,0,0.143021875369162,0,0,0,0,0,0,0,0,0.0222960756986055,0,0,0,0,0,0,0,0,0,0,0,0,0,0,0,0,0,0,0,0,0,0,0,0,0,0,0,0,0,-0.067316414240187,-0.215555942962172,0,-0.470301662220871,0,0,0,0,0,0,0,0,0,0,0,0,0,0,0,0
0,0,0,0,0,0,0,0,0,0,0,0,-0.528255889844496,-0.364595171075882,0,0.305738203063449,0,-4.36967402017068,0,-0.0675777032541716,0,0,0,0,-3.34527919888121,0,0,0,0,0,0.801412613928396,-0.520761588213008,0,0,0,-0.784721698751,-6.79120150653682,0,0,0,0,0,0,0,0,1.20450624076889,0.0328288175701474,0,0,0,0,4.78856292409868,0,0,0,0,0,0,-2.43139060584825,0.317324847014334,0,0,0.0619762517875864,0,0,0.45400989241847,0,0,0,0,0,0,0,0.94126017645386,0,0,0,0,0,2.60491179793335,0,0,0,1.97151386306091,-0.236082726049869,0,0,0,-0.020680669890333,0,0,0,-0.205666605256574,0,-17.432374094904,0,0,0,0,-4.26406102874008,0,0,0,1.89519874873331,0,0,0.148300335136844,0,0,0,0,0,0,-3.91698052579468,-1.57987834673433,4.1382836419956,0,0,-3.19671984408538,0,0,3.1863892130462,0,0,0,0,0,0.0868112158577252,-11.8285987021746,0,-0.382508410048512,0,0,0,0,0,0,0,0.98889650045711,2.19343232485773,0,0,0,0,0,0,0,3.13637810031219,0,0,0,0,0,0,-1.72879014150568,0,0.323029386635674,-0.31633338936974,0,0.0421694821382432,0,-0.970404535632556,-3.60288509125187,0,0,0,0,0,0,0,0.069101072600406,0,0,2.54351636537529,0,0.669004612443148,2.73482894173631,0,0,0,0,0,0,-3.1726747593972,-0.330568986127806,0,-0.762435732222405,0,0,0,1.0700072600017,0,0.603045044541038,1.83234951440236,-1.83842222257366,0,1.80530342442133,0,0,0
0,0,0,0,0,-0.680185945469087,0.0819458109479994,0,0,0,0,-0.0136646644346359,0,0.666923181712586,0,0,0,-1.56895238225579,0,0.349748538001921,0,0,0,0,-0.697381367463219,0,0.777693614931999,0,0,0,0,0,-0.649443793814561,0,0,0,0,-1.08483376546743,0,-1.32267981124249,0,1.11560042365973,0,-0.37243371516766,0,0,0,-0.340526949731597,0.152124635162215,0,0,0.334692328549984,-0.441622026024184,-3.26618712544593,0,0,0,0,0,0.452191317203516,0,0,0,0,0,0.574693824251855,0.0385647264316129,0,-0.203959137233071,0,-0.334645935007132,0.479557426475679,0.588572118606776,1.17728260754797,0,0,0,0,0,-3.18723792094441,0,0.174654267327829,0,0,-0.195962444258294,0,0,0,0,0,0,0,0,0,-0.975449135857474,0,0,0,0,0,0,0,-0.435224872463763,0,0,0,0,0,0.448682861646949,0,0,-0.661335663175305,0,0,0,0,0,0,0,-0.823749775657616,0,0,0,0,0,0,0,0,-3.32184703679339,0,0,-0.256492092204129,0.840497523611869,0,0,0,0,15.9333098196437,0,0,0,0,0.346870694514055,-1.90383715884645,0,0,0,0,0.354654686743775,0,0,0,0,-1.47114774236268,-0.0870588295273722,0,0,0,0,0,-0.535693397346405,0,0,0,0,0,0,0,-1.61891411819914,0,0.444186503429364,0.00910427317035922,0,0,0,0,0,-0.326311614869168,0,-0.491607237788125,-0.0227960203817243,0,-0.377807734316185,-3.61177967774026,-4.51219408463754,0,0,0.216045665966829,0,0,0,0,0,0.0671044651038422,0,0.154493273182138,0,0,0,0
0,0,0.620995034220849,0,-1.60611496190874,0,0,0,0,0,0,0,0,0,0,0,0,0,-3.087971051995,0,0,0,0,0,0,-0.41018973286395,0,0,0,0,0,0,0,0,0,0,0,0,0.760159168067575,0,0,0,0,0,-0.955597170936459,0,0,0,0,0,0,0,0,-0.0792006416278013,0,0,0,0,0,0,0,0,0,0,0,0,-0.297709434364038,0,0,0,0,-0.263477260003501,0,0,0,0,0,0,0,0,0,0,0.0220702292234494,0,0,0,0,0,0,0,0,0,0,0,0.176147580180177,0,0,0,0,0,0,0,0,0.0371573391436892,0,0,0,0,0,0,0,0,0,0,0,0,0,0,0,0,0,0,0,0,0,0,0,1.32526813011184,0,0,0,0,0,0,0,0,0.176701668597153,0,0,0,0,0,0,0,0,0,0,0,0,0,0,0,-0.23105441130876,1.18440936546063,-0.777665417162115,0,0,0,0,0,0,0,0,0,0,0,0,0,0,0.364594813128763,0,0,0,0,0,0,0,0,-0.261633171167754,0,0,0,0,0,0,0,0,0,0,0,0,0,0,0,0,0,0,0,0,-0.363612258465686
0,0,-1.56091972560295,0,-8.62981063516796,-5.97342535792737,-0.0591287633691726,-0.248346974791912,0,0,-0.306143439291124,0,0.358283276336743,0,0,0,1.11546166712899,0,3.74690150174172,0,2.09684241859446,-0.141362972623304,0,0,0,1.05789514051336,0,0,0,1.1662988809218,0,0,0,-0.589709429282792,0,0,0,0,-1.87691473672622,0,-0.382830077827294,0,0,2.05344060587539,0,0,0,0,0,0,0,1.43831380398147,0,0,-0.435683249560769,0,-0.404649712254696,0,0,0,0,-1.43934016893277,0,-0.998368403035762,0.272051696441139,0,0,0,0,0,0,0,0,0,1.63376096746649,0,-1.3821069606457,0,-0.0810522555304869,0,0,0,-17.6550609796493,0,0,0,0,3.82914046521352,0,0,0,0,0,0,-3.0681050177664,0,0.903458069701346,0.390635220446049,0,0,-3.88268028602512,3.53547921716628,0,0,0.458087617363174,4.00367773966348,0.606483379162829,0,0.733138384385545,0,0,0,-1.93563698443577,0,0,-1.59427211327001,0,0.426935150776887,0,0,0,0,0,0,-0.145739827582446,0,-2.67480197684484,9.19569052115209,0,0,0,0.268713371595255,0,0,-2.94244714127113,0,0,0,0,0,0,4.07307933871202,0,0,0,0,0,-2.44672191710765,0,0,0,0,0,0,0,0,0,1.25280776789498,0,0,-0.472367797477323,0,0,0,0,-0.94595471197714,0.0402832875193568,0,0,0,0,1.28201031118956,-1.03398096326791,0,0,0,0,1.60508484343172,0,-1.30644043674425,0.0241776784901599,-1.63509660102962,0,0,0.0919271759060813,0,0,0,0,0,0,0,-0.101027941334868,0,0,0,0,-5.60402928294386,0,0
0,0,0,0,0.306346760937894,0,0,0,0,0,0,0,0,0,0,0,0,0,0,1.47746974493703,0,0,0,0,-1.58654178970465,0,0,-0.0977464061814048,0,0,0,0,0,0,0,0,0,0,0,0,0,0,14.4173338335078,0,0,0,0,0,0,0,0,0,0,0.590022854489565,0,0,0,-0.591212722711908,0,0,0,0,-0.374717248142675,0,0.109490129597615,-0.120943499345277,0,0,0,0,0,0,0,0,0,-0.340812688685291,0,0,0,0,0,0,0.130582447200104,0,0,0,0,0,0,0,0,0,0,0,0,0,0,0,0.0934567810495481,-0.291504879923944,0,0,0,0,0,0,0,-1.78132151860184,0,0,0,0,0.426443104337257,0,0,0,0,0,0,0,0,0,0,0,0,0,0.178930521786357,0,0,-0.377591322881955,0,0,0,0,-0.300097890223582,0,0,0,0,0,0,0,0,0,0,0,0,0.0111779173071576,0,-0.455897991020696,0,0,-0.119523122749306,0,0,0,0,0,0,-0.568842015394833,0,0,0,0,0,0,-0.108221625513804,0,0,-0.235307291203215,0,0,0.0806543168958485,0,0,0,0,-0.70914138007873,0,0,0,0,0,0,0,-0.0260842141110473,0,-0.182790338787231,0,0,0,0,0,0,0.269113323334136,0,0,0,0,0
0,0,0,0,0,0,0,0,0,0,0,0,0,0,0,0,0,0,0,0,0,0,0,0,0,0,1.03795645496257,-0.402918964693763,0,0,0,0,0,0,0,0,0,0,0,0,0,0,0,0,0,0,0,-2.1214686182924,0,0,0,0,0,0,0,0,0,0,0,0,0,0,0,-0.113693082879957,0,0,0,0,0,0,0,0,0,0,0,0,0,0,0,0,0,0,0,0,0,0,0,0,0,0,0,0,0,0,0,0,0,0,0,0,0,0,0,0,0,0,0,0.198548834742946,0.257482491266062,0,0,0,0,0,0,0,0,0,0,0,0,0,0,0,0,0,0,0,0,0,0,0,0,0,0,0,0,0,0,0,0,0,0,0.356475458181268,0,0,0,0,0,0,0,0,0,0,0,0,0,0,0,0,0,0,0,0,0,0,0,0,0,0,0,0,0,0,0,0,0,0,0,0,0,0,0,0,0,0,0,0,0,0,0,0,0,0,0,0,0,0,0,0
0,0,0,0,0,0,0.049845395887022,0,0,0,0.737507287546864,0,0,0,0,0,0,0,0.200421274327373,0,0,0,0,0,0,0,0,0.00506421227621612,0,0,0,0,0,0,0,0,0,0,0,0,0,0,0,0,0,-0.17078304120122,0,0,0,0,-1.1315259029874,0,0,0,0,0,0,0,0,-0.154270604933276,0,0,0,0.00571729534351206,0,0,0,0,0,0,0,0,0,-0.0645608705336131,-0.149359345676667,0,0,0,0,0,0,0,0,-0.502675773105493,0,0,0,0,0,0,0,0,0,0,0,0,0,0,0,0,0,0,0,0,0,-1.09537657592992,0,0,0,0,0,1.75920860765017,0,0,0,0,0,0,0,0,0,0,-0.0523195308805018,0,0,-0.0565466929231513,0,0,0,0,0,0,0,0,0,0,-0.983581418568137,0,0,0.129191797416017,0.155836693260393,0,0,0,0,0,0,0,0,0,0,0,0,0,-0.0104412469034001,0,0,0,0,-1.87733404554264,0,0,0,0,0,0,0,1.0791828221731,0,0,0,0,0.140299731929262,1.12375670642702,0,0,0,0.184281861091574,0,-0.377572481735772,0,-0.268052757695356,0,0,0,0,0,0.153023662730222,0,0,0.0341640903765534,0,0.00304687620095345,0,0,0,-0.266699950960849,0.283356025841371,1.24306836706925,0
0,0,0,0,0,0,0,0,0,0,0,0,0,0,0,0,0,0,0,0,0,0,0,0,0,0,0,0,0,0,0,0,0,0,0,0,0,0,0,0,0,0,0,0,0,0,0,0,0,0,0,0,0,0,0,0,0,-0.685613460735967,0,0,0,0,0,-0.0577867509812064,0,-0.170012917892105,0,0,0,0,0,0,0,0,0,0,0,0,0,0,0,0,0,0,0,0,0,0,0,0,0,0,0,0,0,0,0,0,0,0,0,0,0,0,0,0,0,0,0,0,0,0,0,0,0,0,0,0,0,0,0,0,0,0,0,0,0,0,0,0,0,0,0,0,0,0,0,0,0,0,0,0,0,0.0433267846103436,0,0,0,0,0,0,0,0,0,0,0,0,0,0,0,0,0,0,0,0,0,0,0,0,0,0,0,0,0,0,0,0,0,0,0,0,0,0,0,0,0,0,0,0,0,0,0,0,0,0,0,0,0,0,0,0
0,0,0,0,0,0,-0.181860899374046,0,0,0,0,0,0,0,0,0,0,0.402723999013548,0,0,0,0,0,0,-0.307499277877443,0,1.19762589085995,0,0,0,0,0,-0.375368890609125,0,0,0,0,0,0,0,0,0,0,0,0,0,0,0,0,0,0,0,0,0,0,0,0,0,0,0,0,0,0,0,0,0,0,0,0,0,0,0,0,0,0,0,0,0,0,0,0,0,0,0,0,0,0,0,0,0,0,0,0,0,0,0,0,0,0,0,0,0,0,-0.542011467575125,0,0,0,0,0,0,0,0,0,0,0,0,0,0,0,0,0,0,0.132896873820683,0,0,0,0,0,0,0,0,0,0,0,0,0,0.434440893665864,0,0,0,0,0,0,0.0327834950350154,0,0,0,0,0,0,0,0,0,0,0,0,0,0,0,0,0,0,0,0,0,0,0,0,0,0,0,0,0,0.075112578439499,0,0,0,0,0,0,0,0,0,0,0,0,0,0,0,0,0,0,0,0,0,0,-0.242789663770562,0.503985074284847,0,0
0,0,0,0,0,0,0,0,0,0,0,0,0,0,0,0,0,0,0,0,0,0,0,0,0,0,0.748722642803493,0,0,0,0,0,0,0,0,0,0,0,0,0,0,0,0,0,0,0,0,0,0,0,0,0,0,0,0,0,0,0,0,0,0,0,0,0,0,0,0,0,0,0,0,0,0,0,0,0,0,0,0,0,0,0,0,0,-0.0564534781394312,0,0,0,0,0,0,0,0,0,0,0,0,0,0,0,0,0,0,0,0,0,0,0,0,0,0,0,0,0,0,0,0,0,0,0,0,0,0,0,0,0,0,0,0,0,0,0,0,0,0,0,0,0,0,0,0,0,0,0,0,0,0,0,0,0,0,0,0,0,0,0,0,0,0,0,0,0,0,0,0,0,0,0,0,0,0,0,0,0,0,0,0,0,0,0,0,0,0,0,0,0,0,0,0,0,0,0,0,0,0,0,0,0,0,0
0,0,0,0,0,0,0,0,0,0,0,0,0,0,0,0,0,0,0,0,0,0,0,0,0,0,0.562854524361773,0,0,0,0,0,0,0,0,0,0,0,0,0,0,0,0,0,0,0,0,0,0,0,0,0,0,0,0,0,0,-0.310101892695457,0,0,0,0,0,0,0,0,0,0,0,0,0,0,0,0,0,0,0,0,0,0,0,0,0,0,0,0,0,0,0,0,0,0,0,0,0,0,0,0,0,0,0,0,0,0,0,0,0,0,0,0,0,0,0,0,0,0,0,0,0,0,0,0,0,0,0,0,0,0,0,0,-0.0271769061890399,0,0.0752943847192051,0,0,0,0,0,0,0,0,0,0,0,0,0,0,0,0,0,0,0,0,0,0,0,0,0,0,0,0,0,0,0,0,0,0,0,0,0,0,0,0,0,0,0,0,0,0,0,0,0,0,0,0,0,0,0,0,0,0,0,0,0,0,0,0,0,0,0
0,0,0,0,0,0,0,0.231309624084345,0,0,0,0,0,0,0,0,0,0,0,0,0,0,0,0,0,0,0.311501882059958,0,0,0,0,0,0,0,0,0,0,0.438805038037992,0,0,0,0,0,0,0,0.0643907105885941,0,0,0,0,0,0,0,0,0,0,0,0,0,0,0,0,0,0,0,0,-0.000299101877679009,0,0,0,0,0,0,0,0,0,0,0,0,0,0,0,0,0,0,0,0.28406244157034,0,0,0,0,0,0,0,-0.306915087727546,0,0,0,0,0,0,0,0,0,0,0,0,0,0,0,0,0,0,0,0,0,0,0,0,0,0,0,0,0,0,0,0,0,0,0,0,0,0.501594793531946,0,0,0,0.396315864651513,0,0,0,0,0,0,0,0,0,0,0,0,0.411317754492666,0,0,0,0,0,0,0,0,0,0,0.0379075210173614,0,0,0,0,0,0,0,0,0,0,0,0,0,0,0,0,0,0,0,0,0,0,0,0,0,0,0,0,0,0.08831081428634,0,0,0,0,0,0,0,0,0
0,0,-0.363466276996404,0,0,0,0,0,0.118800244168129,0,-0.272730177513215,0,0,0,0,0,0,0,0,0,0,0,0,0,0,-1.57583504211719,0.121299391775929,0,0,-0.463156340521371,0,0,-0.360548547974478,0,0,0,0,0,0,0,0,0,0,0,0,0,-0.764499012130698,0,0,0,0,0,0,0,0,0,0,0,0,-0.0132855814018327,0,0,0.389928455778463,-0.574501458669726,0,0,0,0,0,0,0,0,0,0,0,0,0,0,0,-0.0160032055067256,0,0,-0.0415407584884813,0,0.323463397423529,0,0,0.770981268475905,0,0,0,-1.62096322312021,0,0,0,0,0,0,-0.0218289301247858,0,0,0,0,0,0,0,0,-0.789585169919205,0,0,0,0,0,-0.57366660620445,0,0,0,0,0,0,-0.224476428541418,0,0,0,0,0,0,-0.0852913040391725,0,0,0,0.67126200687761,0,0,0,0,0.118435333446443,0,0,-0.51866972739361,-1.24722400044727,-0.193112107300944,0,0,0,0,0,0,0,0,0,0,0,0,0,0,0,0,0,0,0.0172477177643851,0,0,0,0,0,0,1.02205942035327,0,0,0,0,0.166933943198226,0,0,-1.21988074214089,-0.78010589606055,0,0,0,0,0,0,0,0,0,0,0,0,0,0,0,0,0.74242909673895,0,0,0,0,0,0
0,0,-0.594508673951607,0,0.766693838263,-0.112537493331252,-0.974712871603016,0,0,-0.359707277129802,-1.11624804127073,0,0,0,0.063295099491544,0,0,0,0,0,0,0,0,-0.191896589592682,0,0,0.710629067949748,0,0,-0.468998780225628,0,-0.151475070683554,-0.0722275352836981,0,0,0,0,3.35603844884699,0,0,0,0,0,0,0,0,3.10915293751297,0,0,0,0,0,0,0,0,-0.831125729767451,0,0.0252012816226823,0,0,0.399575925686858,0,0,-0.753519949362379,-0.042952296059741,0,0,0,0,0,0,0,-0.206432234255062,0,0,0,-0.29022642779129,0,0,-0.0841274250762378,-0.18182942546706,0,-0.36148412564877,-0.943514639213331,0,0,0,0,0,0,0,-4.43157816783122,0,0,0,0,0,0,0,0,0,0,0,0,0,0,0,0,0,0,0,0.123933417954016,-0.0138114269885856,0,0,0.10548963371718,0,-0.536244168377307,0,0,0,0,1.19184319304258,0,0,0,0,-0.33199005450571,0,0,0,0.0243830671500498,0,0,0,0,0,0,0,0,0,-0.441117258916432,0,0,0,0,0,-0.0774722857593542,0,0.181640707022948,0,0,0,-1.87582940299774,0,0.171344608225277,0,0,0,0,0.0204185652924658,0.253014747396267,0,0,0,0,0,0,-0.415728588592868,0,0,0,0,0,0,-0.793362502148123,0,0,0,0.55026850931317,0.937199040548626,-0.275509575493172,0,-1.26730974523234,0,-0.920041778948062,0,0,0,0,0,0,0,0.21151030997067,0,0,0,0,0,-0.358736960936782
0,0,0,0,0,0,0,0,0,0,0,0,0,0,0,0,-0.198333902541703,0,0,0,0,0,0,0,0,0,0,0,0,0,0,-0.208671396979791,-0.217302977387112,0.405576640349635,0,0,0,0,0,0,0,0,0,0,0,0,0,0,0,0,0,0,0,0,0,-1.01190643905792,0,0,0,0,0,0,0,0,0,0,0,0,0,0,0,0,0,0,0,0,0,0,0,0,0,0,0,0,0.28372735357366,0,0,0,0,0.0200754260206701,0,-0.23861921246691,0,0,0,0.277395534740402,0,0,0,0,0,0,0,0,0,0,0,-0.0935326328875641,-0.232966965224646,0,0,0,0,0,0,0,0,0,0,0,0,0,0,-0.0840237722527373,0,0,0,-0.0930906913730394,0,0,0,0,0,0,0,0,0,0,0,-0.295856443445825,0,0,0,0.518134863707657,0,0,0,-0.804617041965342,0,0,0,0,0,0,0,0,0,0,0,0,0,0,-0.135855847070505,0.145413680389769,0,0,0,0,-0.739718772705473,0,0,0,0,0,0,0,0,0,0,0,0,-0.17970643929213,0,0,0,0,0,0,0,0,0.556276603864021,0,0,0,-0.437826797785343,0,0,0,0,0
0,0,0,0,0,0,0,0,0,0,0,0,0,0,0,0,0,0,0,0,0,0,0,0,0,0,1.00921243353354,0,0,0,0,0,-0.325637427423966,0,0,0,0,0,0,0,0,0,0,0,0,-0.247741624297791,0,0,0,0,0,0,0,0,0,-1.12180635538058,0,0,0,0,0,0,0,0,0,0,0,0,0,0,0,0,0,0,0,0,0,0,0,0,0,0.16913898789,0,0,0.996282817309614,0,-0.0260509445921657,0,0,0,0,-0.902956364292943,0,0,0,0,0,0,0,0,0,0,0,0,0,0.001243457081884,0,0,0,0,0,0,0,0,0,0,0,-0.620256467191767,0,0,0.55935772027898,0,0,0,0,0,0,0,0,0,0,0,0,0,0,0,0,0,0,-0.30003343003224,0,0,0,0,0,0,0,-0.136262947663654,0,0,0,0,0,0,0,0,0,0,0,0,0,0,0,0.18256588670596,0,0,0,0,0,0,0,0,0,0,0,0.4175865137384,0,0,0,0,0.146069012072416,0,0,0,0,0,0,0,0,0,0.0617421671296343,0,0,0,0,0,0,0,0,0
0,0,0,0,0,0,0,0,0,0,0,0,0,0,0,0,0,0,0,0,0,0,0,0,0,0,0.553845825347478,0,0,0,0,0,-0.0469150744975502,0,0,0,0,0,0,0,0,0,0,0,0,0,0,0,0,0,0,0,0,0,0,-0.989164735022241,0,0,0,0,0,0,0,0,0,0,0,0,0,0,0,0,0,0,0,0.228943717752404,0,0,0.136673726657824,0,0,0,0,0,1.63412463819188,0,-3.75851437588595,0,0,0,0,-0.978677430949934,0,0,0.500861181793508,0,0,0,0.132818254427443,0,0,0,0,0,0,0,0,0,0,0,0,0,0,0,0,0,0,-2.71939690842026,0,0,0,0,0.483208280139817,0,0,0,0,0,0,0,0,0,0,0,0,0,0,0,0,-0.63535917577464,0,0,0,0,0,0,0,0,0,0,0,0,0,0,-0.0460154715304133,0,0,0,0,0,0,0,0,0.540906831916225,0,0,0,0,0.558350729110321,0,0,0,0,0,0,0.0401730642412759,0,0,0,0,0,-0.21974152740659,0,0.377244823698265,0,0,0,-0.292435723870074,0,0,0.839525249697878,0,0,0,0,0,0,0,0,0
0,0,0,0,0,0,0,0,0,0,0,0,0,0,0,0,0,0,0,0,0,0,0,0,0,0,0,0,0,0,0,0,-0.319482636601484,0,0,0,0,0,0,0,0,0,0,0,0,0,0,0,0,0,0,0,0,0,0,-0.433867005964681,0,0,0,0,0,0,0,0,0,0,0,0,0,0,0,0,0,0,0,0,0,0,0,0,0,0,0,0,0,0,-0.215670183099983,0,0,0,0,-0.0457381182354104,0,0,0,0,0,0,0,0,0,0,0,0,0,0,0,0,0,0,0,0,0,0,0,0,0,-4.07175719553222,0,0,0,0,0,0,0,0,0,0,0,0,0,0,0,0,0,0,0,0,0,0,0,0,0,0,0,0,0,0,0,-0.110815799910185,0,0,0,0,0,0,0,0,0,0,0,0,0,0.557605463857327,0,0,0,0,0,0,0,0,0,0,0,0,0,0,0,0,0,0,0,0,0,0,0,0,0,0,0,0,0,0,-0.29868842363824,0,0,0,0,0
0,0,0,0,0,0,0,0,0,0,0,0,0.105113418255802,0,0,0,0,0,0,0,0,0,0,0,0,0,0,0,0,0,0,0,0,0,0,0,0,0,0,0,0,0,0,0,0,0,0,0,0,0,0,-1.05887794670756,0,0,0,0,0,0,0,0,0,1.39224335607943,0,0,0,0,0,0,0,0,0,0,0,0,0,0,0,0,0,0,0,0,0,0,0,0,0,0,0,0,0,0,-0.131224655632413,0,0,0,0,0,1.44031211085868,0,0,0,0,0,0,0,0,0,-0.743321545159802,0,0,0,0,0,0,0,1.12563173514293,0.005280219417511,0,0,0,0,0,0,0,0,0,0,0,0,0,-0.108573133987326,0,0,0,0,0,0,0,0,0,0,0,0,0,0,0,0,0,0,0,0,0,0,0,0,0,0,0,0,-0.54497785947296,0,0,0,0,0,0,0,0.669213808113263,0,0,0,0,0,0,0,0,0,0,0,0,0,0,0,-0.420556566843486,0,0,0,0,0,0.402311417131995,0,0,0,0,0,0,0,0,0
0,0,0,0,0,0,0,0,0,0,0,0,0,0,0,0,0,0,0,0,0,0,0,0,0,0,0,0,0,0,0,0,0,0,0,0,0,0,0,0,0,0,0,0,0,0,0,0,0,0,0,0,0,0,0,0,0,0,0,0,0,0,0,0,0,0,0,0,0,0,0,0,0,0,0,0,0,0,0,0,0,0,0,0,0,0,0,0,0,0,0,0,0,0,0,0,0,0,0,0,0,0,0,0,0,0,0,0,0,0,0,0,0,0,0,0,0,0,0,0,0,0,0,0,0,0,0,0,0,0,0,0,-0.0293480134013262,0,0,0,0,0,0,0,0,0,0,0,0,0,0,0,0,0,0,0,0,0,0,0,0,0,0,0,0,0,0,0,0,0,0,0,0,0,0,0,0,0,0,0,0,0,0,0,0,0,0,0,0,0,0,0,0,0,0,0,0,0,0,0,0,0,0,0
0,0,0,0,0,0,0,0,0,0,0,0,0,0,0,0,0,0,0,0.142697488438103,0,0,0,0,0,0,0.0173920319409342,0,0,0,0,0,0,0,0,0,0,0,0,0,0,0,0,0,0,0,0,0,0,0,0,0,0,0,0,0,0,0,0,0,0,0,0,0,0,0,0,0,0,0,0,0,0,0,0,0,0,0,0,0,0,0,0,0,0,0,0,0,0,0,0,0,0,0,0,0,0,0,0,-0.1212065063803,0,0,0,0,0,0,0,0,0,0,0,0,0,0,0,0,0,0,0,0,0,0,0,0,0,0,0,0,0,0,0,0,0,0,0,0,0,0,0,0,-0.62652168905291,0,0,0,0,0,0,0,0,0,0,0,0,0,0,0,0,0,0,0,0,3.1064536293653,0,0,0,0,0,0,0,0,0,0,0,0,0,0,0,0,0,0,0,0,0,0,-0.204078607687214,0,0,0,0,0,0,0,0,0,0,0,0,0,0,0
0,0,0,0,0,0,0.245732661574,0,0.29531239625469,0,0,0,0,0,0,0,0,0,0,0,0,0,0,0,0,0,0,0,0,0,0,0,0,0,0,0,0,0.270378757490057,0,0,0,0,0,0,0,0,0,-0.0512070970841285,0,0,0,0,0,-0.661531800959519,0,0,0,0,0,0,0,0,0,0,0,0,0,0,0,0,0,0,0,0,0,0,0,0,0,0,0,0,-0.633769769032331,0,0,0,0,0,0,0.105780097750286,0,-0.792916573263471,0,0,0,0,0,0,0,-0.533557684970418,0,0,0.532062424175878,0,0,0,0,0,0,0,0,0,0,0,0,0,0,0,0,0,0,0,0,0,0,0,0,0,0,0,0,0,0,0,0,0,0,0,0,0,-0.681539486469579,0,0,0,0,0,0,0,0,0,0,0,0,0,0,0,0,0,0,0,0,4.37777734270058,0,0,0,0,0,0,0,0,0,0,0,0,0,0,0,0,0,0,0,0,0,0,0,0,0,0,0,0,0,0,0,0,0,0,0,0,0,0
0,0,0.656552427213832,0,0,0,0,0,0,0,0,0,0,0,0,0,0,0,0,0,0,0,0,0,0,0,0,0,0,0,0,0,0,0,0,0,0,0,0,0,0,0,0,0,0,0,0,0,0,0,0,0,0,0,0,-0.789727497390059,0,0,0,0,0,0,0,-0.0136331351097354,0,0,0,0,-5.00585943003044,0,0,0,0,-0.333363990429996,0,0,0,0,0,0,0,0,0,0,0,0.53678991812766,0,0,0,0,0,0,0,0,0,0,0,0,0,0,0,0,0,0,0,0,0,0,0,0,0,0,0,0,0,0,0,0,0,0,0,0,0,0,0,0,0,0,0,0,0,0,-0.631804935326337,0,0,0,0,0,0,0,0,0,0,0,0,0,0,0,0,0,0,0,0,0,0,0,0,0,0,0.0445828806858806,0,0,0,0,0,0,0,0,0,0,0,0,0,0,0,0,0,0,0,0,0,0,0,0,0,0,0,0,0,0,0.309615493213857,0,0,0,0,0,0,0.480456468097718,0,0
0,0,0,0,0,0,0,0,0,0,0,0,0,0,0,0,0,0,0,0,0,0,0,0,0,0,0,0,0,0,0,0,0,0,0,0,0,0,0,0,0,0,0,0,0,0,0,0,0,0,0,0,0,0,0,0,0,0,0,0,0,0,0,0,0,0,0,0,-0.867531327165542,0,0,0,0,0,0,0,0,0,0,0,0,0,0,0,0,0.109428707705404,0,0,0,0,0,0,0,0,0,0,0,0,0,0,0,0,0,0,0,0,0,0,0,0,0,0,0,0,0,0,0,-1.20424054721222,0,0,0,0,0,0,0,0,0,0,0,0,0,0,0,0,0,0,0,0,0,0,0,0,0,0,0,0,0,0,0,0,0,0,0,0,0,0,0,0,0,0,0.458404093480719,0,0,0,0,0,0,0,0,0,0,0,0,0,0,0,0,0,0,0,0,0,0,0,0,0,0,0,0,0,0,0,0,0,0,0,0,0.0258743774963204,0,0
0,0,0,0,0,0,0,0,0,0,0,0,0,0,0,0,0,0,0,0,0,0,0,0,0,0,0,0,0,0,0,0,0,0,0,0,0,0,0,0,0,0,0,0,0,0,0,0,0,0,0,0,0,0,0,0,0,0,0,0,0,0,0,0,0,0,0,0,0,0,0,0,0,0,0,0,0,0,0,0,0,0,0,0,0,0,0,0,0,0,0,0,0,0,0,0,0,0,0,0,0,0,0,0,0,0,0,0,0,0,0,0,0,0,0,0,0,-2.508053637837,0,0,0,0,0,0,0,0,0,0,0,0,0,0,0,0,0,0,0,0,0,0,0,0,0,0,0,0,0,0,0,-0.052285749348979,0,0,0,0,0,0,0,0,0,0,0,0,0,0,0,0,0,0,0,0,0,0,0,0,0,0,0,0,0,0,0,0,0,0,0,0,0,0,0,0,0,0,0,0,0,0,0,0,0,0
0,0,0,0,0,0,0,0,0,0,0,0,0,-0.280493882920521,0,0,0,0,0,0,0,0,0,0,0,0,0,0,0,0,0.099823014214915,0,0,0,0,0,0,0,0,0,0,0,0,0,0,0,0,0,0,0,0,0,0,0,0,0,0,0,0,0,0,0,0,0,-0.266296227124695,-0.351370456872315,0,0,0,0,0,0,0,0,0,0,0,0,-0.188377223764177,0,0,0,0,0,-0.0115973908147577,0,0,0,0,0,0,0,0,0,0,0,0,0,0,0,0,0,0,-0.0884149049739387,0,0,0,0,0,0,0,0,0,0,0,-0.72056562287935,0,0,0,0.656722532794648,0.357432681512751,0,0,0,0,0,0,0,0,0,0,0,-0.0273804533137039,0,0,0,0,0,0,0,0,0,0,0,0,0,0,0,0,0,0,0,0,0,0,0,0,0,0,0,0.0339649693276411,0,0,0,0,0,0,0,0,0,0,0,0,0,0,0.20749873496163,0,0,0,0,0,0,0,0,0,0,0,0,0,0,0,0,0,0,0,0,0,0.120903119589081,0,0
0,0,0,0,0,0,0,0,0,0,0,0,0,0,0,0,0,0,0,0,0,0,0,0,0,0,0,0,0,0,0,0,0,0,0,0,0,0,0,0,0,0,0,0,0,0,0,0,0,0,0,0,0,0,0,0,0,0,0,0,0,0,0,-1.09127150553867,-0.0919355882847535,0,0,0,0,0,0,0,0,0,0,0,0,0,-0.779765972945313,0,0,0,0,0,0,0,0,0,0,0,0,0,0,0,0,0,0,0,0,0,0,0.657771890460664,0,0,0,0,0,0,0,0,0,0,0,0,0,0,0,-0.913455717063407,0,0,-0.338650977638077,0,0,0,0,0,0,0,0,0,0,0,0,0,0,0,0,0,0,0,-0.910804339579001,0,0,0,0,0,0,0,0,0,0,0,0.892216811972908,0,0,0,0,0,0,0,0,0,-0.0480122434403263,0,0,0,0,0,0.232776995507876,0,0,0,0,0,0.79524619905199,0,0,0,0,0,0,0,0,0,0,0,0,0,0,0,0,0,0,0,0,0,0,0,0,0
0,0,0.751157298884614,0,0,0,0,0,0,0,0,0,0,0,0,0,0,0,0,0.0149612310948435,0,0,0,0.995346696448513,0,0,0,0,0,-2.38444139667906,0,0,0,0,0,0,3.16512801239997,0,0,0,0,0,0,0,0,0,0,0,0,0,0,0,0,0,0,-0.130298584121519,0,0,0,0,0,0,0,0,0,0.287076260753511,0,0,0.0174247759630044,0,0,0,0,0,0,0,0,0,0,0,0,-0.660158145760143,-0.485405059487793,0,0,0,0,0,0,0,0,0,0,0,0,0,0,0,0,0,0,0,0,0,0,0,0,0.0644689968173746,0,0,0,-0.311224562995214,0,0,-0.580421793373223,0,0,0,0,0,0,0,0.579522225348722,-0.276942170315491,0,0,0,0,0,-0.0255097540591505,0,0,0,0,0,0,0,0,0,0,0,-0.493759297773438,0,1.18130954439722,0,0,0,0,0,0,0,0,0,0,0,0,0,0,0,0,0.158129881008428,0,-0.320797815844974,0,0,0,0,0,0,0,0,0,0,0,0,0,0,0,0,0,0,0,0,0.606251515840428,0,0.0340957257153756,0,0,0,0,0,0,0,0,0,0,0,0,0,0
0,0,0,0,0,0,-5.43703154788771,0,0.599170653939273,-1.16160923460633,0,0,-0.3785769457463,0,0,0,0.543295394995507,0,0,0.875757739517591,-2.15455371542174,0,3.78428023625005,0,1.23814091053031,-0.809180924409736,-0.314010736762249,0,0,0,0,0,0,0,0,0,0,-0.446228361745892,0,0,0,0,0,0,0,0,2.39518807339478,0,0,0,0,0,0,0,-0.454607576408636,0,-0.412783195673325,0,0,0,0,-0.37559116308385,0,0,-0.695207770263837,0.411326560993529,0,0,0,0,0,0,-0.352913208579628,0,0.404516369474997,-0.209388649513618,0,0,0,0,0,0,0,0,-0.29340944781424,0,0,0.90711002880669,0,0,0,0,0,0,-1.45181260224694,-0.683615555725075,0,0,0,0,0,0,0,-1.46199659751278,0,-1.3262598302556,0,0.0491881185886125,0,0,0,-0.234221614739041,0,0.0479863043646764,0.188522867614713,0,0,0,0,0,0,0,-0.34950392726285,0,0,0,0,0,0,-0.0789916265676855,0,0,0,-0.0394820674127894,0,0,0,0,0,0,0.443655502179489,-0.695127453761702,-11.9629642521008,0,0,0,0,0,0,0,0.494202125281243,0,0,0,0.603352593018643,0,0,0,0,0,0,0,-0.22007787690734,0,0,0,0,-0.28925023969091,0,0,0,0,0,-0.934162247632727,0,0,0,0,0,0,0,0,0,0,0,0,0,0.815178426142989,0,0,0,0,0,0,0,0,0.706967471024588,1.92980273197369,0,-0.77419503102916
0,0.00401912651285063,0,0,0,0,-4.28953844889614,0,0,0,0,0,-0.152432614514015,0,0,0,0,0,0.841846392117581,0,0,0,3.47582363399655,0,0,0,0,0,0,0,0.534137456618375,0,0,0,0,0,0,0,0,0,0,0,0,0,0,0,0,0,0,0,0,0.417767626719357,0,0,0,0,0.00900727664581735,0,0,0,-0.558490676371819,0,0,0,0,-0.192210851428918,0,0,0,0,0.356034282584371,0,0,0,0.382309476348469,0,0,0,0,0,0,0,0,0,0,0,0,0.937219241887833,0,0,0,0,0,0,0,0,0,0,0,-1.39696927209033,0,0,-0.534473736943157,0,0,0,0,0,0,0,0,0,0,0,0,-2.19667715693323,0,0,0,0,-0.476534909042816,0,0,0,0,0,0,0,0,0,0,0,-0.976506876354592,0,0,0,0,0,0,0,0,0,-9.19591690345419,0,0,0,0,0.851322218804657,0,0,0.388197112909176,0,0,0.735308311404275,0,0,0,0,0,0,0,0,0.865218381751944,0.284499284403569,0,0.290180604721485,0,-0.966726286042646,0,0,0,0,0,0,-1.36140843973353,0.00479246288141866,0,0,0,0,0,-0.849152757945665,0,0,0,0,0,0,0,0,0,0,-3.71193674682238,0,0,0.228072809852652,0,0,0,-1.09127242843701
0,0,0,0,0,0,-2.6234923517686,0,0,0,0,0,0,0,0,0,0,0,0.227945412058452,0,0,0,2.17266090531661,0,0.101578667355338,0,0,0,0,0,0,0,0,0.0324684165598388,0,0,0,0,0,-0.341199611253332,0,0,0,0,0,0,0,0,0,0,0,0,0,0,0,0,0,0,0,0,-0.088668512199181,0,0,0,0,0,0,0,0,0,0,0,0,0,0,0.704183178046936,0,-0.430380788541624,0,0,0,0,0,0,0,0,0,1.12996100277107,0,0,0,-0.0213637372991526,0,0,0,0,0.0224622721473016,0,0,-0.466936085635984,0,0,0,0,0,0,0,0,0,0,0,0,0,0,0,0,0,0,0,0,0.350879196480639,0,0,0,0,0,0,0,0,0,0,0,0,0,-0.0128432103052549,0.172002025937178,0.945343643028173,0,0,0,-0.407465410620339,0,-13.9038604810771,0,0,0,0,0,0,0.328110847082533,0,0,0,0,0,0,0,0,0,0,0,-0.330409969596812,0.146183699398036,0,0,0,0,0,0,0,0,0,0,0.454604633533958,0,0,0,0,0,0,0,0,0,0.269425547688055,0,0,0,0,0,0,0,0,0,0,0,0,0,0,0,0
0,0,0,0,0,0,0,0,0,0,0,0,0,0,0,0,0,0,0,0,-7.39953101319211,0,0,0,-0.0723719600632657,0,0,0,-0.704808933495236,0,0,0,0,0,0,0,0,0,0,0,0,0,0,0,0,0,0,0,0,0,0,0,0,0,0,0,0,0,0,0,0,0,0,0,0,0,0,0,0,0,0,0,0,0,0,0,0,0,0,0,0,0,0,0,0,0,0,0,0,0,0,0,0,0,0,0,0,0,0,0,0,0,0.335699715782021,0,0,0.277589238173741,0,0,0,0,0,0,0,0,0,0,0,0,0,0,0,0.0638247409526072,0,0,0,0,0,0,0,0,0,0,0,0,0,0,0,0,0,0,0,0,-10.0847322247643,0,0,0,0,0,0,0,0,0,0,0,0,0,0,0,0,0,0,0,0,0,0,0,0,0,0,0,0,0,0,0,0,0,0,0,0,0,0,0.592716864835073,0,0,0,0,0,0,0,0,0,0,0,0,0,0,0,0,0,0
0,0,0,0,0,-0.448389926342178,0.604745982703238,0,0,0,2.02988165392993,0,0,-0.376164076182214,-0.27308601787145,0,0,0,0,1.09180334860923,-9.8724288165644,0,0,0,-2.71756617760076,3.37757354160082,0,0,0,0,0,0,0,0,0,0.753502347520759,0,0,0,0,1.17044925234498,0,0,1.538977631702,0,-2.07091856030882,-0.56816870914546,0,0,0,0,0,0.371714520662944,0,0.449868850906683,0,0,0,-0.142907027051369,0,0,0.542243394545225,0,0,0.690818228750065,0,0,0,0,-1.0862309479884,0,0,0,0,0,0,0,0,-0.330100801504946,0,0,0,0,-0.424699254189991,0,0.749834819112953,0,0,0,0,0,-0.46105196826462,2.32543205562341,0,0,0,0,0,0,-0.287720323825736,0,0,0,0,0,0.485123318955304,0,-0.239902811427449,0.351378559592634,0.382227283463234,0,0,-0.0427340495853503,0,0,0,0,0,0,0.186346971505692,-1.58953464393212,-0.758046586891,0,0,0,0,0,0,0,0,0,0,0.47928147907641,0,0,0,0,0,0,0.834893472643266,0,0.233122438329808,-10.2066698672402,0,0,0,0,0,0,-0.291912821915657,0,0,-0.245852423419542,0.341044992188823,0,-0.614842101025548,0,0,0,0.0168984113668753,0,0,-0.311486210051124,0,0,0.184021638762875,0,-0.474327697465619,0,0,0,0,0,1.12019193609807,1.68681714309108,0,-0.19686085598209,0,-0.320567890047448,0,0,0,0,0,0,0.0327789061432515,0,0,0,0,0,0,0,0.0214379605214023,3.51834887512287,0,0,0,0.465338791545454,0
0,1.83857416775037,-1.41906142447995,0,1.12340894621737,0,0,0,0,0,-0.754680209597755,0,0,-0.722543121597656,0,0,0,0,-0.342129122622347,-0.571472680398277,-10.5917602280069,0,0,0,-1.38164799877806,0,0,0,2.3198335541366,0,0,1.31046942830871,0,0,0.0947843297043054,0,0,0.264940787156237,0,0,-0.0868617647865222,0,0,0,3.01882161898552,0,-1.54266598688187,0,-1.16109380027595,0,0,0.659534231275002,0,0,0.0267518813399639,0,2.59882487816635,0,0,0,0,0,-0.351235405255251,0,0,0,0,0,0,0,0,0,0,0,-1.11456908090899,1.56479762175848,0,1.34614257648517,0,0,-0.565068290347681,0,0,-8.52928754386226,0,0,0,-1.9025319625437,0,0,0,0,0.492738933616623,0.313335118854231,0.768518378511918,1.08662084352359,0,0,0,0,0,0,0,0,0,0,0,-0.733849322595392,0,0,0,0,0,0,0,-0.957175878640589,0,0,0,0,0,0.133191741999852,0,0,0,0,3.58890890458581,0,-2.16496118946709,0,0,0,-0.0257323139526286,0,0,0,-1.30930535615824,0,0,0.675663345969171,0,0,-0.837412968592693,0,0,0,0,0,0,0,0,0,0,0,0,0,-1.68944445934057,0,0,0,0.831646071047485,0,0,0,0,0,0,-1.14529267983729,0,0,0,0,0,0,0,1.43673281162533,0,1.81336378108915,0,0,0,1.64833567517989,0,0.503578029184169,-2.35255593932208,0,1.11724694424242,0,0,0.927649250138581,0,0,0,0,0,-0.779021255225396,0,0,0,2.7743108341539
0,0,0,0,0,0,0,0,0,0,0,0,-0.231050420262654,0,0,0,0,0.514538754061119,0,0,0,1.13074462402925,0,0,0,0,0,0,-1.14740671218034,0,0,0,0,0,0,0,0,0,0,0,-0.141203721624933,0,0,0,0,0,0,0,0,0,0,0,0,0,0.0593155817794886,0,0,0,0,0,0,0,0,0,0,1.09089954378403,-0.271680736599989,0,0,0,0,0,0,0,-0.348337242345805,0,0,0,-0.581270472312203,0,0,0,0,0,0,0,0,1.43114149622517,-0.658231211057719,0.718887039734207,-0.184015327682309,0,0,0.057687077492701,-0.330873094063612,-0.181687491788215,0,0,0,0,0,0,0,0,0,0,0,0,0,0,0,0,0,-0.0174302898548497,0,0,0,0,0,0,0,0,0,0,0,0,0,0,0,0,0,0,0,0,0,0,0,0,0,0,0,0,-26.799291973775,0,0,0,0,-1.71184125552721,0,0,-0.0279969054541809,0,0.323360048822486,-1.36878568364519,-0.023966001393309,0,0,0,0,-0.456085584937438,0,0,0,0,0,0,0,0,0,0,0,0,0,0,0,-1.33426413766621,0,0,0,0,-0.415784049921653,0.522219662269929,0,0,0,0,0,0,0,0,0,0,0,-0.00714436498377435,0,-0.945119088559146,0,0,0,-0.769326620693412
0,0,0,0,0,-1.68026414661922,0,0,0,0,0,0,0,0,0,0,0,0,0,-2.22847995753727,-14.9512459470761,0,0,0,-1.40184990422223,-1.52996155557593,1.66567983156777,0,0,-0.0487281735834886,0,0,0,0,0,-0.172469690079415,0,0,0,0,0,0,0,-1.05746878330217,-0.356609972060764,0,0.0195368830441018,0,0,0,0,0,0,1.10120245499857,0,0,0,0,0,0,0,0.365570299875334,0,0,0,0,0,0,0,0,0,0,-0.219694891222453,0,0,0,0.637824227260148,0,0.0351262592925141,0,0,0,0,0.5866621483111,0,0,0,-0.810338617126467,0,0,0.85671249923024,0,0,0,0,0,0,0,0,0.0833935087251578,0,0,0,0,0,-0.563661024535012,0,0,0.0554588930525404,0,0,0,0,0,0,0,0,0,0,0,-0.316709537399755,0,0,0,0,0,0,0,0,0.134301952149239,-0.758455049513853,0,0,0,0,0,0,0,0,0.0121850863694017,0,0,-9.99353123410847,0,0,0,0,0,0.00491669854622434,0,0,0,0,0,-0.366225147358028,0,0,0,0,0,0,0,0,0,0,0,0,0,0,0,0,0,-0.375272178124664,-1.01956242225009,0.703699544791862,0,0,0,0,0,-0.0238818567857282,0,0.252300495182106,0,0,0,0.504020289620859,0,0,0,0.537224320554323,0,0,0,0,0,0,-1.50821018479132,1.50436171982469,0.318193830142181
0,0,0,0,0,0,0,0,0,0,0,0,0,0,0,0,0,0,0,0,0,1.02118060532222,-0.0755483138522257,-0.0254623568808812,0,0.0414457345785546,0,0,-0.662671276051166,0,0,0,0,0,0,-0.00155163333587849,0,0,0,0,0,0,0,0,0,0,0,0,0,0,0,0,0,0,0,0,0,2.07263028928562,0,0,0,0,0,0,0,-0.10671146092664,-0.00691237440856729,0,0,0,0,0,0,0,0,0,0,0,0,0,0,0,0,0,0.808823078397807,0,0,0,0,0,0,0,0,0.388002406772976,0,0,0,0,0,0.0515585480199143,-0.955385156882788,-0.198647755520402,0,0,0,0,0,0,0,-0.0294297784367294,0,-0.495081211099763,0,0,0,0,0,0,0,0,0,0,0,0,0,0,0,0,0,0,0,0,0,0,0,0,0,0,0,0,0,0.0267062015960582,-22.2254955400733,0,0,0,0,0,0,0,0,0,0,-0.292084698400001,0,0,0,0,0,0,1.41784370909333,0,0,-0.155542670144635,0,0,0,0,-0.101185966227113,0,0,0,0,0,-0.240364123792355,0,0,0,0,0,0,0,0,0,0,0,0,0,0,0,0,0,0,0,-0.338387300082605,0,0,0,0,-0.179177890169254
0,0,0,0,0.133309292273128,0,0,0,0,0,0,0,0.829369670884226,0.288576713896505,1.98971095571666,0,0,0,0,-0.501444735638092,-20.6937898623825,0,0,0,0,0,0,0,0,0,0.700436894047811,1.03511120088488,0,6.43242999406002,0,0,0,0,0,-1.59338876706491,0,0,0,-1.89086141285356,1.90838512299373,0,0,0,0,0,0,0,1.29653877513859,0,-0.0131729270949317,0,2.37116431216483,0,0,0,0,0,1.66376284274884,0,0,-1.1198282188721,0,0.129259177032458,0,0,0.719045158175645,0,0,0,0,0,0,-1.06831954425181,0.219099683886074,0,0,0,0,2.1617383884723,0,0,0,0,0,0,0.212373828279485,0.600296042170853,0,0,0,-2.45034506489965,0,0,0,0.177910641146241,0,0,0,0,0,-0.028241532823853,0,0,0,0,0,0,0,0,0.406087765950841,0,0,0,0,0,0,-0.273380303926058,0,0,0,0,-1.18801045871267,0,0.871699573109399,0,0,-0.375577660256015,0,0,0.448230440849943,0,0.191037135122918,0,0,0,0,-0.745159350489301,-2.78273978682543,0,0,0,0,0,0,0.219869968061132,1.61533172084484,0,0.678146087009929,-0.0948860868809682,0,0,0,0,0,0,0,0,0,2.95657108542319,0,-0.000925486098106942,0,0,0,0,0,0,0,0,0,0,1.62498476832134,0,0,0,0,0,0,0,0,0,-0.722065382648997,0,0,0,0.404293986581721,0,0,0,0,0,0,0,2.34668355602516,0.0105194177941179
0,0,0,0,0.122248490923841,-1.53784097538436,0,0,0.0271615830456915,0,1.97330469551226,0,0.00641958646367602,0,0.00933603605580813,-0.125433261149294,0,0,-0.210016610612665,0,-12.1286596105703,0,0,0,0,0,0,0,0,0,0,0,0,0,0.00873204477560185,0,0,-0.107174088996428,0,0,0,0,0,0,0,0,0,0,-0.135279491550998,-0.038839943925562,0,0,0.385004802415546,0,0,0,0.922049430810786,0,0,0,0,0,-0.38511553455049,0,0,1.1418703540288,0,0,0,0,0,0,0,0,0,0,0,0,0,0.282474512268784,0,0,0,0,-0.939587643850917,0,0,-2.15980004835591,0,0,0,0,0,0,0,0,0,0,0,0,0.324773088380121,0,0,0,0,1.72854165542229,0,0,0,0,0,0,0,0,0,0.10292637365385,0,0,0,0,1.60105501275161,0,0,0,0,0,0,0,0,0,0,0,0,0,0,0,0,0,0,0,0,0,-3.51355732048751,0,0,0,0,0,0,0,0,0,0,0,0.0315838170113976,0,0,0,0,0.181394986230037,0,0,0,0.476204685449904,0,0,0,0,0,0,1.0844460978942,0,0,0,0.210777365401683,0.578547914782918,0,0,0,0,0,0,0,0,0.0724172174225897,0,0.436892632415182,0,0,0,0,0,0,0,0,0,0,0,2.63770961360683,0
0,0,0.0828639394059345,0,-0.0243820958491465,0,0,0,0,0,-2.75284768921409,0,1.2413501764436,1.70386577330394,0,0,0,-0.688016597299925,0,0,-14.300776509841,0,-0.163887539669011,0,0,2.09747537393243,0,-1.54594039154154,0.367779902513391,0,-3.37660581252405,0,0,-0.531969128232195,0,0,0,0,0,-0.0125065853357951,0,0,0,0,0,-0.143630638242665,-0.562052307240722,0,0,-0.0878798221326833,0,0,0,0,0,0,-1.76345723323214,0,0,0,0.306674414149212,0,0,0,0.0909814824491373,-0.620645979499511,0,0,0,0,0,0,0,0,0,0,0,0,0,0.454205723965559,0,0,0,0,0,0,-0.156995612783308,0,0,0,0.100766200670016,0,0,0,0,-0.225155573264725,0,0,0,0,0,0,0,-0.417122188121916,0,-0.195946701238586,0,0,0,0,0,0.102128524110996,0,0.444987346999192,0,0,0,0,0,0,0.995539656030232,0,0,0,0,0.64368940544009,-0.279142855749119,0,0,0,0,1.12617469303,0,0,0,0,0,0,0,0,0,1.04297871790113,-3.41358569504169,0,0,0,0,0,0,0.0881930062320269,0,0,0,0,0,0,-0.147600132668212,-0.222830141590314,0,1.17593519635058,0,0,-1.62639272696865,0.922783177148693,0,0,0,0,0,0,0,0,0,0,0,1.20434324914376,0,0,0,0,0,-0.405002774299836,0.899438266922068,0.0386854368317011,0,0,0,0,0,0,0,0,0,0,0,0,-0.204842423928804,0,0,-0.0500505072668005
0,0,0,0,0,0,0,0,0,0,0,0,0,0,0,0,0,0,0,0,-4.95618700068135,0,0,0,0,0,0,0,0,0,0,0,0,0,0,0,0,0,0,0,0,0,0,0,0,0,0,0,0,0,0,0,0,0,0,0,0,0,0,0,0,0,0,0,0,0,0,0,0,0,0,0,0,0,0,0,0,0,0,0,0,0,0,0,0,0,0,0,0,0,0,0,0,0,0,0,0,0,0,0,0,0,0,-1.23688063516903,0,0,0,0,0,0,0,0,0,0,-0.137830485882878,0,0,0,0,0,0,0,0,0,0,0,0,0,0,0,0,0,0,0,0,0,0,0,0,0,0,0,-0.452040293097159,0,0,0,0,0,0,0,-0.0884720287128071,0,0,0,0,0,0,0,0,0,0,0,0,0,0,0,0,0,0,0,0,0,0,0,0,0,0,0,0,0,0,0,0,0,0,0,0,0,0,0,0,0,0,0,-0.218349224794884,0,0,0,0,0
0,0.607187168425429,1.65291182464514,0,-0.359888930791303,0,0,0,0,0,0.970813271478112,0,0,0,1.00978346315492,0.133398698979638,0,0,0.202576760207447,0,-7.08872561877869,0,-1.05371828834322,0.141632703400267,0,0.460645104266809,-0.0172474060044181,0,2.06670385842497,0.00307320249366438,0,0,0,0,0,0,0,0,0,0.0318481339419399,0,0,0,-2.31438431596123,0.880919298020103,0,0,0,0.920917375250232,0,0,0,0,0,0,0,-3.07229176372905,0,0,0.451160108591125,0,-0.103787542354289,1.06168758279678,-0.668577894016982,0,0,0,0,-0.657265536941608,0,-4.04700607503495,0,0,0,-1.74421600945851,0,0,0,0,0,0.533420965417913,-2.28723960651808,0,0,0,0,0,0,0,0,0,0,0,0,0,0,0,0,0,0,-0.122098359174867,0,-0.0789031020353743,0,0,0,0,0.304688754365634,0,0,0,0,0,0,0,0,0,0,-0.543045330914292,0,-0.208296264519318,1.06855774887923,0,0,0,-0.141001312856485,1.84204526465143,0,0.196167972193738,0,0,0,0,0,0,0,0,0,0,-1.9144384578716,0,0,-0.442160902829728,0,0,0,0,0,0,0.368385087267385,0,0,0,0,3.90969501410398,0,0,-0.179189329346432,0,0,-0.330544527036855,0,0,0.876267491307459,0,0,0,0,0,0,0,0,1.36199437133643,0,0.35026570754211,0,0.186785160764604,2.09005057567547,0,0,0,0.341445567117317,0,0,-0.266313572058993,-0.457410148290585,0,0,0,0,0,0,0,0,0,0,0,0.263621924711755,-1.21611602390441,0
0,0,0,0,0,-0.844135574761264,0,0,0,0,0,0,0,0,0.102682591513902,0,0,0,0,0,-5.47661780001448,0,0,0,0,0,0,0,-1.7947852577018,0,-1.85582128201617,0,0,-0.927021658535562,0,0,-0.198597320001952,0,0,0,0,0,0,0,-0.871732024454557,0,3.36690545034436,0,0,0,0,0,0,0,0,0,-0.406890719337809,0,0,0,0,0,0,0,0,-1.02813757641159,0,0,0,-0.395146005299747,0,0,0,0,0,0,0,0,0,0.682954858208873,0.373090409940767,0,-0.210179644737605,-0.579632221344926,0.101442587170494,0,0,0,0,0,0,0,0,0,0,0,0,0,0,0,1.0522440384925,1.03978407975328,0,-1.21362825430251,0,0,0,0.163921206537942,-1.03357760821478,0,0,0,0,0,0,0,0,0,0,0,1.85255147628563,0.0831661395488279,0,0,0,0,0,0,-0.538560657732808,0,0,0,0,0,-0.381222830112744,0,-1.20339329233047,0,0,0,0,0,-3.49550458238746,0,0,0,0,0,0,0,0,0,0,0,0,0,0,0,0,0,0,0,0,0.466717046746305,0,0,0,0.600956578851041,0,0,0,0,0.589401074465804,0,0,0,0.290440240355187,0.209591761290636,0,0,0,0,0,0,0.051293760967049,0,0,0,0,0,0,0,0,0,0,0.0537144820859201,0,0,0,0
0,0,-0.584625042848996,0,0,0,0,0,0,0,-2.1082549357128,0,0,0,0,0,0,0,0,0,-4.3992595097355,0,0,0,0,0.643135253505309,0,0,0,0,0,0,0,0,0,0,0,0,0,0,0,0,0,0,0,-0.203217907048181,0,0,0,0,0,0,0,0,0,0,0,0,0,0,0,0,0,0,0.0813873969515435,0,0,0,0,0.353734539881301,0,0,0,0,0,0,0,0,0,0,0,0,0,0,0,0,0,0,0,0,0.263192892218169,0,0,0,0.128466054376263,0,0,0.411788354017872,0,0,0,0.163874429671385,-0.0213963713420315,0,0,0,0,0,0,0.468071559350617,0,0.717014209164388,0,0,0,0,0,0,0,0,0.116487604582644,0,0,0,0,0,0,0,0,0,0,0,0,0,0,0,0,0,0,0,0,0,-2.94138905802254,0,0,0,0,0,0,0,0,0,0,0,0,0,0,0,0,0,0,0,0,0,0,0,0,0,0,0,0,0,0,0,0,-0.58120321213186,0,0,0,0,0,0,0,0,0,0,0,0,0,0,0,0,0,0,0,0,0,0,-0.495284959332259,0.890574951145112
0,0,0,0,0,0,0,0,0,0,0,0,0,0,0,0,0,0,0,0,-4.91176539341745,0,0,0,0,0,0,0,0,0,-0.74072402515143,0,0,0,0,0,0,0.783139499627069,0,0,0,0.582512502560696,0,0,0,0,0,0,0,0,0,0,0,0,0,0,-1.07355117358715,0,0,0,0,0,-0.252758242255665,0,0,0,0,0,0,0,-0.116675547287694,0,0,0,0,0,0,-0.172921376860105,0,0,-0.225143011547368,0,0,0,0,0,0,-0.41645674692119,0,0,0,0,0,0,0,0,0,0,0,0,0,0,0,-0.762854639175731,0,0.420585335624132,0,0,0,0,0,0.701782683233517,0,0.10021269910422,0,0.34483718195785,0,0,-0.311775900999496,0.318257249355731,0,0,0,0,0,0,0,0,0,0,0,0,0,0,0,0,0,0,0,0,0,0.0638908535642864,-1.16860167234085,0,0,0,0,0,0,0,0,0,0,0,0,0,0,0,0,0,0,0,1.92177202236244,0,0,0,0,0,0,0,0,0,0,0,0,0,0,0,0,0,0,0,0,0,0,0,1.20345377772273,0,0,0,0,0,0,0,0,0,0,0,0,0
0,0,0,0,0,0,0,0,0,0,-1.49657074139594,0,0,-1.48397786806524,0,0,0,0,0,0,-1.72885901673989,0,0,0,0,2.19031486683882,-0.607611453994016,0,-1.35324316898993,0,0,0,0,0,0,0,0,0,0,0,0,0,0,0.368291933532064,-0.168956826697441,0,0,0,0,0,0,0,-0.272740401536507,0,0,0,-0.144324644681225,0,0,-0.430577154063132,-0.810143668503009,0,0.297950556739648,0,0,0,0,0,0,0,0,0,0,0,0.12324022065397,0,0,0,0,-0.260731209584017,0,0,-0.149760319990211,0,0,0,0,0,0,0,0,0,0,0,0,0,0,0,0,0,0,0,0,0.169498113537445,0,0,0,0,-0.0152452987377392,0,0,0,0,0,0,-0.0959493463730707,0,0,0,0,0,0.000665666120140074,0,0,0,-0.0891296834691369,0,0,0,0,0,0,0,0,0,0,-0.434059728373498,0,0,0,0,0,-2.19294339568084,0,0,0,0,0,0,0,0,0,0,0,0,0,0,0,0,0,0,0,0,0,0,0,0,0.918754462618762,0,0,0,0,0,0,0,1.23469061083813,0,0,0,0,0,0,0,0,0,0,0,0,0,0,0,0,0,0,0,0,0,0,0,0
0,0,-0.323177163908479,0,0,0,0,-0.113371233384337,-1.35816694394629,0,1.23773891699678,0,0,0.330052135572503,0,0,0,0,0.396803793159135,0,-2.0254331195435,0,0,0,0,0,0,0.827600805842494,0,0,0,-0.237815223997697,0,-0.901088410408573,0,0,0,0,0,0,0,1.26621774821004,0,1.74458760787703,0,0,3.93930221001195,0,0,0,0,0,0,0,0,-0.0156249869463709,0,0.945883319264246,0,0,0,0,0,-0.0184659107764658,0.697617117748087,-0.533280740999025,0,0,0,0.0467989955507291,0,0,0.558164578045283,0,0,0,0,0,0,0.0836917698079012,0,0,-0.32612697773341,0,0,0,0,0,-0.0120074185367962,0,0,0,0,0,0,0,0,0,0,0,0,0,0,0,-0.216917032435629,0,0,0,0,0,0,-0.549055071257255,0,0,0,-1.00740781597112,0,0,0,0,0,0.0125763518887512,0,0,0,-0.625877037504963,0,0.00149605347754567,0,-0.51807070003026,0,0,0,0,-0.483221140683759,0.216516006830934,0,0,0,0,0,0,-6.16490933352935,0,0,0,0,0,0,0,-1.50579026865389,0,0,0,0,0,0,0,0,0,0,0,0,0,0,0,0.635462891030459,0,0,0,0,0,0.566807041627907,0,-0.90867136125584,0,0.987891762756573,0,0,0,0,0,0,0,0,0,0,0,0,0,0,0,0,0.504630484560575,-0.108765545899561,0,0,0,-0.918194739113501,0
0.206205383021401,0,0,0,0,0,-0.383123402672069,-1.04588225426593,0,0,0,0,0.240957907972684,0,0,0,0,0,-0.359826469234409,0,0,-0.0839952009252924,0,0,0,0,0,-0.797773762236135,0,0,0,0,0,0,0,0,0.270790045096316,0,0,0,0,0,0,0,0,0.330910414720216,0.897396426772802,0,0,0,0,0,0,0,0,0,-0.247114048475186,0,0,0,0,0,0,0,0,0,0,-0.188795990548277,0,0,0,0,0,-0.0499027185653811,0,0,-0.133541109996288,0,0,1.21550760036099,0,0,0,0,1.68093352657392,0,0,1.5121362686133,0,0,0,0.667507893532244,-0.256524195790137,0,0,0,0,0,0,0,0.0876196680177219,0,0.2148618372319,0,0,0,0,0,-0.846727661855454,0,0,0,0,0,0,0,0,0,-0.081706334712691,0,0,0,1.58719342944649,0,0,0,0,0,-1.06677111799513,-0.259231413947154,-0.114487491290818,0.000652351307289578,0.663209619218362,0,0,0,0,0,0,0,0,0.0242861247672386,-3.92517941722678,0,0,0,0,0,0,0,-1.68930176171689,0,0,-0.172974712655172,0,0,0,0,0,0,0,0,0,0,0,0,0.26223626803117,0,-0.360737024356472,0,0,0,0,0,0,0,0,0,0,0,0,0,0,-0.961820492449141,0.663594655060919,0,0,0,0,0,0,0,0,0,0.718979625970656,0,1.02829136901724,0,0,0
0,0.142938958762194,0,0,0,0,0,-0.596866659775475,0,0,0,0,0,0,0,0,0,0,0,0,-0.829380679979966,0,0,0,0,0,0,0.0883488759665054,0,0,0,0,0,1.78199572402118,0,0,0,0,0,0,0,0,0,0,2.93314713672966,0,1.01723281852284,0,0,0,0,0,0,0,0.126438322288306,0,0.717484746350957,0.282030680327675,0,0,0,0,1.57584570099859,0,0,-0.217039155329125,0,-0.257955961224016,0,0,0,0,0,0,0,0,0,0,0,0,0,0,0.79208956897105,0,0,0,0,0.553595662344361,0,0,0,0,0,0,0,0,0,0,0,-0.380318291753538,-0.584839657439068,0,0,0,0,0,0,0,0,0,0,1.59727295096925,0,0,0.140975100432453,-0.711412645868726,0,0.275106742622584,0,0,0,0,0.220652139295707,0,0,0,0,0,0,0,0,0,0,0,0,-0.121911774508163,0,0,0,0,0,0,-1.60076092248298,0,0,0,0,0.174664310557724,0,0,0.524093762577628,0,0,0,0.152860464589081,0,-0.0199673769832058,0,0,0,0,0,0,0,0,0,0,0,0,0,0,0,0,0.291323990123043,0,0,0,0,0,0,0,0,0,0,0,0,-0.272825031226724,0,0,0,0,0,0,0,0.307172349269138,0,0,0,-0.196223967184044,0
0,0,0,0,0,0,0,-0.411617654443836,0,0,0,0,0,0,0,0,0,0,0,0,0,0,-0.113530857175461,0,0,0,-0.0702650986842477,0,1.07690763507185,0,0,0,0,0,0,0,0,0,0,0,0,0,0,0.746038249171732,-0.495037084221164,1.06912201015022,-0.320015946084552,0,0,0,0,0,0,0,0,0,0,0,0,0.288193426246009,0,0,1.50875015900313,0,0,0,0,0,0,0,0,0,0,0,0,0,0,0,0,0.317772780888186,0.399792318886519,0,0,0,0,0,0,0,0,0,0,0,0,0,0,0,0,0,0,0,0,0,0,-0.117318689629098,0,0,0,0,0,0,0,0,0,0,0,0,0,0,0,0,0,0,0,0,0,0,-0.528954218566194,0,0,0,0.795139316617508,0,0,0,0,0.670013872852873,0,0,0,0,0,0,-2.3996144687319,0.895327618938218,0,0,0,0,0,0,0,0,0,0,0,0,0,0,0,-0.0822214406838861,0,0,0.251005064387962,0,0,0,0,0.421738769097969,0,0,0,0,0,0,0,0,0,0,0,0,0,0,0,0,0,0,0,0,0,0,0,0,0,0,0,0,0,0.292076926382146,0,0
0,0,0,0,0,0,-2.45694426312676,-0.173244096199754,0,0,0,-0.15850039395696,0,-0.0358304414922384,0,0,0,0,0,-0.189431886853564,-0.660086539516217,0,0,0,0,0,0,0,0,0,0,0,0,0,0,0.14796230694554,0,1.23112521218129,0,0,0,0,0,0,0,0,0.310745372453801,0,0,0,0,0.157761612717436,0,0,0,0,0,0,0,0,0,0,0,0.0645730737855559,0,0,0,0,0,0,0,0,0,0,0,0,0,0,0,0,0,0,0,0,0,0,0,0,0,0,0,0,0,0,0,0.12686871860158,0,0,0,0.231718343955769,0,-0.325145601668178,0,0,0,0,0,0,0,0,0,0,0,0,0,-0.356092437558877,0,0,0,0,0.0313557829092364,0,0,0,0,0,-0.25959950848208,0,0,0,1.15706006943821,0,-0.113008081595567,0,0,0,0,0,0,0,0,0,-12.9123970871344,0.25870003190968,0,0,0,0,0,0,0,0,0,0,0,0,0,0,0,0,0.687937068337878,0,0,-0.33865658703975,0,0,0,0.241781262676861,0,0,0,0,0,0,0,0,0,0,0,0,0,0,0,0,0,0,-0.218030735953636,0,0,0,0,0,0,0,0.499233254604505,0,0,0,-0.211558952075646,0
0,-1.1017234226963,0,0,0,0,-0.0209826139420379,0.416303265444876,-1.53879156330028,0,0,-0.861105315407655,-2.76586386122007,0,0,0,0.211890103499019,0.274952446283772,0,0,0,0,3.92511374755237,0,-0.710992204251152,-0.484037751579351,0,1.46661394168653,-3.04409581965181,-0.328119032786603,0,0,0,0,0,0,-1.0736058670949,0,0,0,0,0.968483258704682,0,0,0,0,0.403410588921416,0.886183927975379,0,0,0,0,0,-0.195246313329674,0,0.124251202296773,0,0.0776255691410317,-0.0284742795537354,0,1.35587866321921,0,0.51022802825764,0,0,0,0,0,0,-0.189639963253923,0,0,0,0.17077695236762,0,0,0,-2.95482132788534,0,0,0,0,-2.26405236495442,0,1.97910341487113,0,0,1.32261981886945,0,0,0,0,0,0,0,0,0,-0.371824353157488,0.422564470330329,0,1.92629088412343,-0.48969871665596,-0.736965525510791,0,0,-0.422967277630069,0,0,0,-0.324763560662884,0,-0.887407018948318,0,0,0,0.454191493064875,0,0,0,0,2.14371382647941,0,0.926424130509922,-0.280859217870181,0,0,0,0,0,1.114235266481,0,0,2.4250144577722,0,0,0,0,0,0,0,0,0,4.12178673173068,0.358521205397001,0,0,0,0,0,0,2.14381727828769,0,0.418580390447897,0,0,-1.47191368037618,0,0,-0.240732186735568,-0.0487320364681016,0,7.49965342570688,0,0,0,0,-0.078424597530228,0,1.40948016471341,0,0,0,-1.10698462409252,-1.9695936191929,0,0,-0.892135093635337,-0.571722507072382,0.708189335764073,-3.01708377423403,0,0,0,0,0.287598894920737,0,0.299161819734628,-0.871026212770198,0,0,0,0,0,0,-2.05406854268805,0,0.332951846637508,4.12624902769363,0,0
-1.79636552119814,-0.0255400177177003,0.440796656634859,0,0,-0.00785157581007589,-2.81552042731031,0,1.13456684808395,0,0,0,0,0,0,0,-0.450643431318329,0,0,0,0,0,1.95779127455791,0,0,0,-0.879317063697933,0,0,0,-0.736854744856601,0,0,0,-0.279518124137235,0,0,0.785544646212364,0,0,0,-0.274974841056442,0,0,0,0,2.01586983127098,0,0,0.295340021461898,0,0,0.288858398222112,0,0,0,0,0,0,0.428657568424687,0,0,0,0,1.06389975507198,0,0,0.0980903650988436,0,0,0,0,0,-2.07652598324608,0,0,0,0,0,-0.659843252140782,-0.111607083542463,0,0.631864450221728,0,0,0,0,0,1.42792944884386,0,0,0,-0.335456247616741,0.416822232047281,0,-0.0361569913617281,0,0,-0.460531295675785,0,0,-1.43767372290113,0,-0.259930082222738,0,0,0,0,0.407171531600128,0,0,-0.942994912781203,-1.88649135008306,0,0,0,0,-0.518953328125945,0,2.02778278815297,0,0,-0.698452561404175,0,0,0,0,0,0,0,0.57860499262259,0,3.14966494806469,0,-2.12490174658869,0,0,0,0.347817350556289,2.10476427461517,0,0,-0.28173082750874,0.158301435678067,-0.124587554411748,0,0,0,0,0,0,0,0,0,0,0,0,0.365285285080628,0,0,2.29755310869037,0,0.521636569992623,0,0,1.04409416750654,-0.315260397538372,-2.23655544481886,0,0,0,0,0,0,1.76552907397943,0,-0.877389711756934,0,0,-0.750462362273623,0,-1.21133250046985,0,-1.32350230507582,0,0,0,0,0,-0.669098117060711,0,0,0.280199884458669,0,0,0,0,0,0,0
0,0,0.149721470029569,0,0,0,0,0,0,0,0,0,-0.257203792303223,0,0,0,0,0,0,0,0,0,0,0,0,0,0,0,-0.435179369180024,0,0,0,0,0,0,0,0,0.607881785002763,0,0,0,0,0,0,0,0,0,0,0,0,0,0,0,0,0,0,0,-0.555544055108791,0,0,0,0,0,0,0,-0.473167360909241,0.630931189756203,0,0,0,0,0,0,0,0,0,0,0,0,0,0,0,0.367052567912594,0,0,0,0,0,0,0,0,0,0,0,0,0,0,0,0,0,0,0,2.40682319309951,0.227861601269848,0,0.110479787117248,0,0,0,0,0,0,0,0,0,0,0,0,0,0,0,0,0,0,0,0,0,0,0,0,0,-0.00942141906710936,0,0,0,0,0,0,0,0,0,0,0,0,0,0,0,0,0.177080349229525,0,0,0,0,0,0,0,0,0,0,0,0,0,0,0.110387413072074,0,0,-1.65657573572228,0,0,0,0,0,0,0,0,0,0,0,0,0,0,0,0,0,0,0,0,1.89271982103914,0,0,0,0,0,0,0,0,0,0,0,0
0,0,0,0,0,0,0,0,0.743582136642952,0,0,0,-0.0174886956124738,0,0,0,0,0,-1.48977395640247,0.161650230059323,0,0.13371463520428,0,0,0,0,0.0338342007333252,0,0,-3.6189048682297,-0.216794206116416,0,0,0,0,0,0,0,0,0,0,0,0,0,0,0,0,0.593082303582763,0,0,0,0.0762849158644154,0,0,0.0686305011683346,0,0,-2.29331217965332,0,0,0,-0.114334655569279,-0.223284540961079,1.16723991244955,0,0,4.29364559559746,0,0,0,0,0.165708808481466,0,0,0,0,0,-0.625023625266849,0,0,0,0,0.855913644381507,0,0,0,0,1.52309602756148,0,0,0.0745679687401002,0,0,0,0,0.464618039785034,0,0,0,0,0,0,2.67242888512775,0,0,-0.319922396891901,0,0,0.0406597431288085,0,0,0.030475286090023,0,-0.41769878701444,0,0,0,0,0,0,0,0,0,0,0,0,0,0,0,-0.916001455298405,0,0,0,0,-1.328534079157,-0.0122659762721107,0,0,0,0,-0.924279250521104,1.54424423639498,0.0318497666461468,0,0,0,0,0,0,0,0,0,0,0.521102146045958,0,0,0,0,0,-0.206935442176462,0,0,0,0,0,0,0,0,0,0,0,0.3675812407175,0,0,0,0,-0.840021456188922,0,0,0,0,0,0,-0.707035881617931,-0.953141784761434,0,0,0,0,-0.460298051855901,0,0,0,0,0,0,0,0,0,0
0,0,0,0,-0.362544204765963,0,0,0,0,0,-1.20127432207715,0,0,0,0,0,-0.10148877416783,0,0,-0.0331089539171683,0,0,0,0,0,0,0,0,0,-2.04210608648564,0,0,-0.640779297680909,0,0,0,0,-0.287053819305618,0,0,0,0,0,0.451821127228775,0,-2.29904663500341,0,0,0,0.163725640294546,0,0,0,0,0.228379636730919,0.419900531660001,-0.342943863993683,0,0,0,0,0.387064655650345,-0.359222812898472,0,0.382747882832717,0,0,0,0,0,0,0,0,0,0,0,0,0,-0.203114436960589,0,0,0,0,0.250736147865499,-0.800937477229985,0,0,1.38049075552386,0,0,0,0,0.435739946773793,0,0,0,0,0,0,-0.364174489656325,-0.227997345094212,0,0,0,0,0,0,-0.624227272143174,0.188240416813234,0,0,0,0,0,0,0,0,0,0,0,0,0,0,0,0,0,-1.01702953738999,0,0,0,0,0,0,0,0,0,0.0058598677895938,0,0,0,0,0,0,0,-0.110147242319211,0,0,-0.646676812617992,0,0,0,0,0,-0.0883895826740526,0,0,0,0,0,0,0,-1.43612005760289,0,0,0,0,-0.245540985136683,0,0,0,0,0,0,0,0,-0.383503754262483,0,0,0,0,0,0,0,0,0,0,0,2.82140975178886,-0.307081306827418,0,0,0,0,0,0.389335536467009,-1.26566784697616,17.6059370022502,0.376479423612684,0,0
0,-0.00317598533992691,0.567105303041376,0,-0.382481787219773,0,-0.348260392518936,0,0,0,1.12302242927744,0,0,0,0,0,0,0,0,-0.520022238886259,0,0,0,0,0,0,0,0,0.480035893418365,-2.42963495246716,0,0,-0.483316908668368,0,0,0,0,0,0,0,0,0,0,0,-0.0374477774973336,-3.02504414931992,0,0,0,0,0,0,0,0,0,0,0,0,0,0,0,0,0,0,0,0,0,0,0,0,0,0,0,0,0,0,0,0,0,0,0,0,0,-0.406661921917724,0,0,0,0,0,0,0,0,0,0,0,0,0,0,0,0,0,0,0,0,0,0,-0.0828974845920216,0,0,0,0,0,0,0,0,0,0,0,0,0,0,0,0,0,0,0,0,0,0,0,0,0,0,0,0,0.200699087337028,0,0,0,-0.0073079281415902,0.0210401063520433,0,0,0,0,0,0,-0.0452637619725715,-0.101951443015426,0,0,0,0,0,0,0,0,0,0,0,0,-0.435743933458152,0,0,0,0,0,0,1.14033297073044,0,0,-0.046751978620821,0,-1.80231953360282,0,0,0,0,0,-1.07462726875418,0,0,0,0,0.0170659324660276,0,0,-0.467872747677488,0,0,0,0,0,0,-0.0535973426779173,0,18.9698823389189,1.13570685435481,0,-0.360981490585041
0,0.508072165339674,0,0,0,0,0,0,0,1.38784041684776,2.1329160346167,0,1.04901951825117,0,0,0,0,0,0,-0.377659660186269,0,0.0368832058306998,1.29431235497336,0,0.547580116691304,0,0,0,0,-1.13611613962585,0,0,0,0,0,0,0,1.05977665179956,0,-1.03999877808315,0,0,0,-1.06897854648289,0,0,-4.86483129685587,0,0,0,0,0,0,0,0,0,1.27377989450578,0,0,0,0,0,0,0,-0.445142001506469,0,0,0,0.0359859648682288,0,0.0342526095919793,0,0,0,0,0,0,0,0,0,0,0,0,0,0,0,0.429450722831484,0,0,0,0,0,0,0,0,0,0,0,0,0,0,0,-0.6266138415196,0,0,0,-0.184474200353838,0,0,0,0,0,0,0,0,0,0,0,0,0,-0.989392623981005,0,0,0,0,0,1.74278415985159,0,0,0,0,0,0,0,0,0,0,0,0,0,0,0,0,0,-0.208153847169532,0,0,0,0,0.895285665423077,0,0,0,0,0,0,0,0,0,0,0,0,0,0,0,0,0,-0.338946463581276,0,0,0,0,0,0,0,0,-0.0661768292790907,0,0,0,0,0,0,0,0,0.70257321924902,0,-0.328258236503696,0,0,0,0,0,0.0846459560055455,0,0,22.0695633540223,0,0,0
0,0.00929550537689572,0,0,0,0,0,0,0,-0.188775727743139,0,0,0,0,0,0,0,0,0,0,0,0,4.24242361816458,0,-0.116687832748303,-2.39567904925535,0,0.0989806905093378,0,-0.415320060365384,0,-0.0379835277713882,-0.019003441318135,-1.36367333621255,0,0,0,0,0,0,0,0,0,0,0.393513173259468,0,2.63323529526673,0,0,0,0,0,0.241422770481331,0,0,0,0,-0.923448239049445,0,0.821766699254806,0,0,0,0,0,0,0,0,0,0,2.54069479929174,0,0,0,0,0,0,0,0,-0.503898321813262,0,-0.202393216733765,0,0,0.491462583518366,-0.0413248350669733,0,0,0,0,0,0.412228111549573,0,0,-1.63949952362973,0,0,0,0,0,0,0,-0.305014649753868,0,0,0,-0.416373046917398,0.249069124059489,0,0,0,0,0,0,0,0,0,0,0,0,0,0,0,0,0,0,0,0,0,0,0,0,-0.569299008814925,0,0,0,0,0,0,0.864563406641519,0,0.993017347056083,0,0,0,0,0,0,0.174999504563878,0,0,0,0,0,0,-0.310833625834218,0,0,0,0,-0.932721662690089,0,0,0,0,0,0,0,0,-0.111183649139774,0,0,0,0,0,2.3167492261284,-0.414261214862317,0,0.753904377828944,0,0,0,0,0,0,0,0,0,0,0,0,0,0,-0.46692691848557,0,0,23.2606555900375,0,0,0
0,0,0.357806768165645,0,0,0,0,0,0,0,-0.268388573409052,0,0,0,0,0,0,0,0,0,0,0,0,0,0,0,0,0,0,0,0,0,0,0,0,0,0,0.185132395573941,0,0,0,0,0,0,0,-0.575893371032608,0,0,0,0.190232551345432,0,0,0,0,0,0,0,0,0,0,0,0,0,0,0,0,0,0,0,0,0,0.17613147031448,0,0,0,0,0,0,0,0,0,0,0,0,0.0789115717134368,0,0,0,0,0.388915528217518,0,0,0,0,0,0.2829601410541,0,0,0,0.693307034551763,0,0,0.218137623213867,0,0,-0.421942002906195,0,0,0.0149098497178848,0,0,0,0,0,0,0,0,0,0,-0.234303277644717,0,0,0,-0.150714556013189,0,0,0,0,0,0.24400051950707,-0.0712289651481857,0,0,0,0,0,0,0,0,0,0,0,0,0,0,0,0,0,0,0,0,0,0,0,0,0,0,0,0,-0.190578426527575,0,0,0,0,0,-0.0564839714586909,0,0,0,0,0,0,0,0,0,0,0,-0.538629368329182,0,0,0,-0.324029277159162,0,0,0,0,0,0,0,-0.159587429698623,0,0,0,0,0,-0.0394797697818163,4.4523086255734,0,0.397400904913429,0
0,0,0,0,0,0,0,0,-2.71157467723302,0,0,0,0,0,0,0,0,0,0,0,-1.53346984352362,0,0,0,0,0,0,0.543205900755988,0,1.08527604687663,0,0,0,0,0,0,0.552980724456695,0,0,0,0,0,0.603378564906586,0,0,0,0,0,0,0,0,0,0,0.0520890281299768,0,0,0.422473583026983,0.662801371180235,0,0,0,0,0,0,0,0,0,0,0,0,0,0,-1.00560388901548,0,-1.47391696137292,0,0,-0.126993233021323,-2.05814685884875,0,0,0,-0.778913724331936,-1.75161296074775,4.94312807625637,0,0,0,0,0,0,0,0,0,0,1.06355911176333,0,0,0,0.15393594995742,0.233248885989675,0,3.29808713658565,0,0,0.0771082137458772,0,0,1.01634264114509,-0.0493762599879619,0,0,0,0,0,0,0,-0.0175167028903551,1.72977247739954,0.362241109014602,0,0,0,0,0,0,0,-1.11157304195287,0,0,0,0,0,0,-0.131333422284389,0,0,8.12482978570526,0,-1.6678673751937,0,-0.761010211121742,0,0,0,0,0,0,0,0,0,0,0,0,0,0,0,0.81936023161567,0,0,-0.757268202261803,0,0,-2.81881348161218,0,0.283642192955238,-0.367941330746443,0.240997741865743,0,0,0,0,-1.42636189902261,0,0,-2.19816235601847,0,0,0,0.44237548139592,0,0,0,0.475363750218339,0,0.13508165195637,0,0.83058602252806,0.02062367575696,-0.0623646775485514,0,0,0,0,0,0,0.455656284526517,0,-0.426028851282718,-1.00786493211793
0,0,-1.24754788109451,0,0,0,0,0,-4.46576899865334,0,0,0,-0.753907509967769,-0.801288957316887,0,0,0,-0.410115447187911,0,1.6797834691219,-3.56138906534579,0,0,0,0,-0.625496888915183,0,1.33691032496985,0.925130361227418,2.5139984520727,0,-0.208594238617141,0.0522821356697303,0,0,0.238460573716977,0.577446681328951,0,0,0,0,0,1.68998945588413,0,0.3947837415391,0,0,0,0,0,0,0,0,1.48961245461366,0,0,1.37547903821727,0,0,0,0,0,0,0,0,0,0,0,0,0,0.47055174611923,0,-0.611266408297339,0,-2.93776954986579,0,0,0,-2.68684179888599,0,0,1.69761339343813,0,0,4.78414621109339,0,0,-0.105349347994713,0,-0.290922171904964,0,0,0,0,0,0,0,0,0,0.901206791668072,0,-1.65634149042504,2.63225505162065,0,0.0410909339498953,0.312891737406449,0,0,1.10771683873077,0,0,0.953552666580623,0,-0.232755200697119,0,0,0,0,0.981612246838023,0.46336775743779,0.297701573717099,0,0,0,0,0,0.382219798315689,-0.859453475773404,-0.309177578836503,0,1.0841730423165,1.63197543294522,0,0,-2.16013000267731,0,0,10.1935401916304,0,-0.622392665880928,0,0,0.0936450582135229,0,0,0,0,0,0,0,0,-0.152165404960715,0,0,0,0,0.248404997657167,0.780579226063723,0,0,-0.917704640684289,0,0,-1.94385940228966,0,0.916715293069723,-0.283703620753468,0,0,0,-0.906132487648223,0,-2.77917069327992,0.181782343689461,0,-3.18467088910571,-0.287903046231382,0,0,0,-0.0414753072026801,-0.09149015860176,0,0,0,0,0,0,0,-0.954940358493214,0,0,0,0,0,0.364700572236344,0.637813277144997,0,-0.817573768099322,-3.75250974973525
0,0,0,0,0,0,0.622573277708638,0,0.00315940158447869,0.171453580117383,0,0,0,0,0,0,0,-0.285423989013351,0,0,0,0,0,0,0,0,0,0,0,0,0,0,0,0,0,0,0,0,0,0,0,0,0,0,0,0,0,0,0,0,0,0,0,0.00240665181806321,0,0,0,0.238800767646176,0,0,0,0,0,0.0849205231738188,0,0,0,0,0,0,0,0,0,0,0,0,0,0,0,0,-0.493885298287168,0,0,0,0,0,0,0,0,0.663319862208492,0,0,0,0,0,0,0,0.312842599280421,0,0,0,0,1.72052247548279,0,0,0,0,0,0,0,0,0,0,0,0,0,0,0.125584985337472,0,0,0,0,0,0,0,0,0,0,0,0,0.255140602728336,0.1902602768737,-0.805028101242358,0,0,0,0,0,0,0,0,0,0,0,0,0,0,0,0,0,0,0,0,0,0,2.25931419528668,0,0,0,0,0,0,0,0,0,0,0.0856047048846729,0,0,-0.274489710417083,0.199832625138728,0,0,0,0,0,0,0,0,0,0,0,0,0,0,0,0,-0.066991115799006,0,0,0.114622833110211,0,0,0,0,0,0,0,0,0
0,0,0.252956624303709,0,0,0.280969631414682,0.599125473303019,0,0.193216222364959,0,0,0,0,0,0,0,0,0,0,0,0,0,0,0,0,0,0,0,0,0,0,0,0,0,0,0,0,0,0,0,0,0,0,0,0,0,0,0,0,0,0,0,0,0,0,0,0,0,0,0,0,0,0,0,0,0,0,0,0,0,0,0,0,0,0,0,0,0,0,0,0,0,0,0,0,0,0,0,0,0,0,0,0,0,0,0,0,0,0,0,0,0,2.0586354816353,0,0,0,0,0,0,0,0,0,0,0,0,0,0,0.173957393649619,0,0,0,0,0,0,0,0,0,0,0,0,0.62279367258092,0.0349522213606799,-0.338621608282261,0,0,0,0,0,0,0,0,0,0,0,0,0,0,0,0,0,0,0,0,0,0,0,0,0,0,0,0,0,0,0,0,0,0,0,0,0,0,0,0,0,0,0,0,0,0,0,0,0,0,0,0,0,0,0,0,0,0,0,0,0,0,0,0,0,0,0
0,0,0,0,0,0.997674767220543,0.20405559090168,0,0.289305507166044,0,0,0,0,0,0,0,0,0,0,0,0,0,0,0,0,0,0,-0.360781466112733,0,0,0,0,0,0,0,0,0,0,0,0,0,0,0,0,0,0,0,0,0,0,0,0,0,0,0,0,0,0,0,0,0,0,0,0,0,-0.656861382069349,0,0,0,0,0,0,0,0,0,0,0,0,0,0,0,0,0,0,0,0,0,0,0,0,0,0,0,0,0,0,0,0,0,0,0,0,1.44904131328326,0,0,0,0,0,0,0,0,0,0,0,0,0,0,0,0,0,0,0,-0.047317121774415,0,0,0,0,0,0,0,0.416795463206728,0,-0.673198231322468,0,0,0,0,0,0,0,0,0,0,0,0,0,0,0,0,0,0,0,0,0,0,0,0,0,0,0,0,0,0,0,0,0,0,0,0,0,0,0,0,0,0,0,0,0,0,0,0,0,0,0,0,0,0,0,0,0,0,0,0,0,0,0,0,0,0,0
0,0,0,0,0,0.0856920330444795,0,0,0.0152048914697136,-0.0395193740001201,0,0,0,0,0,0,0,0,0,0,0,0,0,0,0,0,0,0,0,0,0,0,0,0,0,0,0,-0.0485617313182354,0,0,0,0,0,0,0,-0.241012957356324,0,0,0,0,0,0,0,0,0,0,0,0,0,0,0,0,0,0,0,0,0,0,0,0,0,0,0,0,-0.221037078706654,0,0,-0.124388419549512,0.906704307505457,0,1.31840449184264,0,0,0,0,0.512396970146517,0,0,0,0,0,-0.764218960629552,0,0,0,-0.138884888821885,0,0,0,0,0,-0.396659912504802,3.25413304423612,-0.0860307585284397,0,0,0,0,0,0,0,0,0,0,-0.301106810405236,0,0,0,0,0.20404731974729,0,0,0,0,0,0,-0.343963824930352,0,0,0,0,0,0,0,0,0.496342495970994,-0.682411845145668,0,0,-0.190792365058681,0,0,0,0,0,0,0,0,0,-0.155203274415864,0,0,0,0,0,0,0,0,0,0,0,0,0,0,0,0,0.732804355803484,0,0,0,0,0,0,0,0,0,0,-0.237507266794909,0,0,0,0,0,-1.39132193823359,0,0,0,0,0,0,0,0,0,0,0,0,0,0,0,0
0,0.57509874656893,0,0,0,-0.3433244854369,-0.529193807406992,0,0,-0.0593719432605833,0,0,-0.801225310671367,0,0,0,0,0.659369539259635,0,0,0,0,0,0,0,0,0,0,0,0,0,0,0,0,0,0,0,2.48293360987021,0,0,0,0,0,0,0,0,0,0,0,0,0,0,0,0,0,0.965303772796929,0,0,0,0,0,0,0,0.517387420789996,0,0.77727821882299,-1.12802872174765,0,0,0,-0.235969226183794,0,0,0,0,0,0,-0.425445610897871,0,0,0,-0.657376620017506,0,0,0,0.230465416372535,0,0,0.0928363116535647,0.0732866781030557,0,0,0,0,0,0,0,-0.750796594806474,0,-0.0595747913064515,-1.26076848508258,0,0,0,-0.134697309830188,0,0,0,0,0,0,0,0,0,0.0117026531033784,0.593671264832679,0,0,0,0.160054160517132,0,0,0,0,0,0.768856366046173,0,0,0,0,0,0,0,0,0,0,-0.0221910272643688,0,0,0,0.215631912260856,0,0,0,0,0,0,0,0,0,-1.45858339329739,0,0,0,0,0,0,0,0,0,-1.44367565534721,0,-0.55432252867049,0,-11.5725169372182,0,0,0,0,0,0,0,-0.423245802263875,0,0,0,0,0,0,0,0,0,0,0,0,0,0,-2.17011890969073,0,0,0,0,0,0,0,0,0,0,0,0
0,0,0,0,0,0,0,0,0,0,0,0,0,0,0,0,0,0,0,0,0,0,0,0,0,0,0,0,0,0,0,0,0,0,0,0,0,0,0,0,0,0,0,0,0,0,0,0,0,0,0,0,0,0,0,0,0,0,0,0,0,0,0,0.0981914736334961,0,-1.55027525361274,0,0,0,0,0,0,0,0,0,0,0,0,0,0,0,-0.152827660463865,0,0.228467010827735,0,0.402026406717351,0,0,0,0,0,0.161859477037982,0,0,0,0,0,0,0,0,0,0,0,0,0,0,0,0,0,0,0,0,0,0,0,0,0,0,0,0,0,0,0,0,0,0,0,0,0,0,0,0,0,0,0,0,0,0,0,0,-0.729892177850559,0,0,0,0,0,0,0,0,0,0,0,0,0,0,0,0,0,0,0,-0.709878212692896,0,0,0,0,0,0,0,0,0,0,0,0,-0.231036296055339,0,0,0,-0.0198416133266275,0,0,0,0,0,0,0,0,0,0,0,0,0,0,0,0,0,0,0,0,0,0
0,0,0,0,0,0,0,0,0,0,0,0,0,0,0,0,0,0,0,0,0,0,0,0,0,0,-0.227464526783559,0,0,0,0,0,0,0,0,0,0,0,0,0,0,0,0,0,0,0,0,0,0,0,0,0,0,0,0,0,0,0,0,0,0,0,0,1.19558116153313,0,0,0,0,0,0,0,0,0,0,-0.150012041849681,0,0,0,0,0,-0.350364075252982,0,0,0,0,0.378110631577345,0,0,0,0,0,0,0,0,0,0,0,0,0,0,0,0,0,0,0,0,0,0,0,0,0,0,0,0,0,0,0,0,0,0,-0.256316285471336,0,0,0,0,0,0,0,0,0,0,0,0,0,0,0,0,-0.555820520675184,0,0,0,0,0,0,0,0,0,0,0,0,0,0,0,0,0,0,0,0,0,0,0,0,0,0,0,0,0,0,0,0,0,0,0,-0.360104773458828,0,0,0,0,0,0,0,0,0,0,0,0,0,0,0,0,0,0,0,0,0,0,0,0,0,0
0,0,0,0,0,0,0,0,0,0,0,0,0,0,0,0,0,0,0,0,0,0,0,0,0,0,0,0,0,0,0,0,0,0,0,0,0,0,0,0,0,0,0,0,0,0,0,0,0,0,0,0,0,0,0,0,0,0,0,0,0,0,0,0,0.596023360406128,0,0,0,0,0,0,0,0,0,0,0,0,0,0,0,0,0,0,0,0,0.236702556499375,0,0,0,0.0984352429974682,0,0,0,0,0,0.508484867709798,0,0,0,0,0,0,0,0,0,0,0,0,0,0,0,0,0,0,0.352812820354939,0,0,0,0,0,0.850026979251947,0,-0.0473326138738075,0,0,0,-0.0250040442834583,0,0,0,0,0,0,0,0,0,0,0,0,0,0,0,0,0,0,0,0,0,0,0,0,0,0,0,0,0,0,0,0,0.00859499176440925,0,7.21533332297408e-05,0,0,0,0,0.011021108322778,0,-0.579911099963071,0,0,0,0,0,0,0,0,-0.412780853045991,0,0,0,0,0,0,0,0,0,0,0,0,0,0,0,0,0,0,0,0,0,0
0,0,0.49773242729129,0,0.035421438792369,0,-0.999041115509653,-0.767925623955734,0,0,-0.528453473740652,0,0,0,0,0,0,0,0,0,0,0,0,0,0,0,0,0,0,0,2.16720888434532,0,0,0,0,0,-0.404857947052236,1.56216696242773,0,0,0,0,0,0,0,0,0,0,0,0,0,-0.951830034520714,0,0,0,0,1.03785010494823,0,0.190561052445382,0,0,0,0,0,0,0.616621267568916,0,0,0,0,0,0,0,1.41872579707875,0,-0.259712795215137,0,-0.318861727487088,0,0.28330974515761,0,0,-0.19037319886483,0,0,0.509888095304061,0,0,0,0.393049042210642,0,0,0,0,0.229396186366415,0,0,0,0,0,0,0,0.387144600761236,1.35718521918042,0,0,0,0,0,0,0,0,0,0,0.314625266617637,0,0,0,0,0,0,0,0,0,0,0,-1.28061019901293,0,0,0,0,-1.39582091769041,0,0,0.366898836610604,0,0,0,0,0,0,0,0,0,0,0,0,-0.426700545514507,0,0,0,0,0,0,0,0,0,0,0,-0.242789269263525,0,0,1.20954580745537,0,0,0,0,-0.110626269021582,-1.10620116854996,-1.21083859324642,0,0,0,2.12895724911223,0,0,0.668816222847556,0,0,-0.135935612929449,0,0,0,0,0,0,0,0,0,0,-1.06229658324891,0,0,-0.732730251354849,-1.04774395850691,0,0,0,0,0
0,0,0,0,0,-10.8051961439757,0,0,0.217472855659938,0,-0.166390136504404,0,0,0,-0.495978729410857,0,0,0,0,0,-2.91957233597373,0,0,0,0,0,0,0,0,0,-0.0951596720157022,0,0,1.23362176816962,0,0,0,0,0,0,0,0,0,0,0,0,0.803429708732307,0,0,0,0,0,0,0,0,0,0,0,0,0,0,0,0.035054460457054,0.410948808425568,0,0.283902585045709,0,0,0,0,0,0,0,0,-0.293810359468205,0,0,0,0,0,0,0,0,0,0,0,0,0,0,0,0,0,0,0,0,0,0,0,0.0358893527477366,0,0,0,0,0,0,0,0,0.293223866285052,0.0240324799633922,1.00047945592472,0,0.0911948495054631,0,0,0,0,0,0,0,0,0,0,0.224346445825751,0,0,0,0,0,0,-0.420736669061717,0,0,0,0,0,0,-0.0941329703230189,0,0,-0.0690327123984389,0,0,0,0,0,0,0,0,0.0590591408251766,0,0,0,0,0,0,-0.0596129989376013,0,0,0,0,0,-0.528886827792227,0,-0.151938576020792,0,0,0,0,0,0,0,0,0,0,0,0,0,0,0,-0.11754670270597,0,0,0,0,-0.280670328915757,-0.0751465669479743,0,0,0,0,0,0,0,0,0,0,0.0311500726655558,0,0,0
0,0,0,0,0,-8.72104355976174,0,0,0,0,0,0,0,0,0,0,0,0,0,0,-1.65602667526064,0,0,0,0,0,0,0,0,0,0,0,0,0,0,0,0,0,0,0,0,0,0,0,0.227570632666726,0,0,0,0,0,0,0,0,0,0,0,0,0,0,0,0,0,0,0,0,0,0,0,0,0,0,0,0,0,0,0,0,0,0,0,0,0,0,0,0,0,0,0,0,0,0,0,0,0,0,0,0,0,0,0,0,0,0,0,0,0,0,0,0,0,0,0,0,0,0,0,0,0,0,0,0,0,0,0,0,0,0,0,0,0,0,0,0,0,0,0,0,0,0,-0.241042807252533,0,0,0,0,0,0,0,0,0,0,0,0,0,0,0,0,0,0,0,0,0,0,0,-0.490811587635706,0,0,0,0,0,0,0,0,0,0,0,0.0443441019681083,0,0,0,0,0,0,0,0,-0.893608878935818,0,0,0.0559566309244057,0,0,0,0,0,0,0,0,0,0,0,0
0,0,0,0,0,0,0,0,0,0,0,0,0,0,0,0,0,0,0,0,0,0,0,0,0,0,0,0,0,0,0,0,0,0,0,0,0,-0.0736704972673234,0,0,0,-0.316768165802195,0,0,0,-0.248958601522824,0,0,0,0,0,-0.737307456624843,0,0,0,0,0,-0.583713354582124,0,0,0,0,0,0,-0.0471127065443702,0,0,0,0,0,0,0,0,0,0,0,0,0,2.84088427564863,0,0,0,0,0,0,0,0,0.357870609614271,0,0,0,0,0,0,0,0,0,0,0,0,0,0,0,0,0,0,0,0,0,0,0,0,0,0,-0.237234032795866,0,0,0,0,0,0,0,0,0,0,0,0.580300495976364,0,0,0,0,0,0,0,0,0,0,0,0,0,0,0,0,0.361302958318473,0,0,0,0,0,0,0,0,0,0,-0.165242217923923,0,0,0,0,0,-0.832493041846296,0,0,0,0,0,0,0,-0.513575778185462,0,0,0,0,0,0,0,0,0,0,0,0,0,0,0,0,0,0,0.68438050110753,0,0,0,0,0,0.0601711117582224,0,0.248137723355795,0,0,0,0
0,0,0,0,0,0,0,0,0.760659566423699,0,0,0,0,0,0,0,0,0,-1.87596162069193,0,0,0,0,0,0,0,0,0,0,0,0,0,0,0,0,0,0,0,0,0,0,0,0,0,0,0,0,0,0,0,0,0,0,0,0,0,0,0,0,0,0,-0.0767668184013697,0,0,0,0,0,0,0,0,0,0,0,0,0,0.490825633186788,0,0,0.390584841231669,0,0,0,0,0,0,0,0,0,0,0,0,0,0,0,0,0,0,0,0,0,0,0,0,0,0,0,0,0,0,0,0,0,0,0,0,0,0,0,0,0,0.239575265668795,0,0,0,0,0,0,0,0,0,0.251854927825584,0,0,0,0,0,0.615444175729818,0,0,0,0,0,0,0,0,0,0,0,0,0,0,0,0,-0.11387506783215,0,0,0,0,0,0,0,0,0,0,0,0,0,0,0,0.0428323123096999,0,0,0,0,0,0.330094299139794,0,0,0,0,0,-0.0951459895649673,0,0,0,0,0,0,0,0,0,0,0,0,0,0,0,0,0,0
0,0,0,0,0,0,0,0,0,0,0,0,0,0,0,0,0,0,0,0,0,0,0,0,0,0,0,0,0,0,0.389779966946597,0,0,-0.59596684555938,0,0,0,2.09032213768299,0,0,0,0,0,0,0,0,0,0,0,0,0,0,0,0,0,0,0,0,0,0,0,0,0,-0.0196279025015387,0,0,0,0,0,0,0,0,0,0,0,0,0,0,0.949113645131717,0,0,0,0,0,-1.47155511452756,0.104708402449062,0,0,0,0,0,0,0,0,0.412090798430726,0,0,0,0,0,0,0,0,0,0.541537388654068,0,0,0,0,0,0,-0.895671935012074,0,0,0,0,0,0,0,0,0,0,0.559119479270996,0,0,-0.629177546163023,0,0,0,0,0,-0.899080241741748,-0.374710042728275,0,-0.12697923795825,0,0,0,0,0,0,0,0,0,0,0,0,0.240490350453777,0,0,0,0,0,0,-0.78333825551184,-0.0443224142038492,0,0,0,0,-0.112534761000729,0,0,0,0,0,0,0,0,0,0,0,0,0,0,0,0,0,0,0,0,0.058854073604661,-0.251640817380669,0.0790098353693325,0,0,0,0.187663950396462,0,-0.424785207479802,0,0,0,0,0,0,0,0,0,0
0,0,0,0,0,0,0,0.62894457081623,-0.212083386147469,0,0,0,0,0,0,0,0,0,0,0,0,0,0,0,0,0,0,-0.0421207800196208,0,0,0,0,0,0,0,0,0,0.595868955073242,0,0,0,0,0,0,0,0,0,0,0,0,0,0.236304102751537,0,0,0,0,0,0,0,0,0,0,0,0,0.114602622766642,0,0.0916919395929745,0,0,0,0,0,0,0,-0.0667392724162454,0,0,0,0,-0.132888745203519,-0.150714294148205,0,0,0.336676829888664,0,0,0,0,0,0,0,0,0,0,0,0.0623612339427906,0,0,1.2777024856283,0,0.521284028300777,-0.533539381951449,-0.0409074747988194,0,0,0,0,0,0,0,0,0,0,0,-0.0241265209920447,0,0,0,0,0,-0.0814618485422858,0,0,0,0,0,0,0,0,0,-0.4630322105827,0,0,0,0,0,0,0,0,-0.15747978837576,0,0,0,0,0,7.21078976940453,0,0,0.162056059240576,0,-0.144370001468729,0,-0.66270909915058,0,0,0,0,0,0,0,0.992488988477293,0,0,0,0,0,0,0,0,0,0,0,0,0,0,0,0,0,0,0,0,0,0,0,0,0,0,0,0,0,0,0,-0.141879678833351,0,0,0,0,0,0,0
0,0,0,0,0,0.258885848816043,0,0,-2.79590806464201,4.18563650135577,0,0,0,-0.167264087172947,0,0,0,0,0,0,0,0,0,0,0,0,-0.581876213914671,0,0,-3.49917052269935,0.537517317936781,0,0,0,0,0,-0.346997843270325,0,0,-0.133476646954782,0,0,-0.151870691498619,0,0,0,0,0,0.360111818768253,0,0,0,0,0,-0.821286714801214,0,0,-0.1165418016417,0,0,0,0,0,0,0,0,-0.00650249197172559,0,0,0,0,8.28271369838635,0.571427572900186,-0.728495143945843,1.28789674755048,0,0,0,0,0,0,0,1.29703098216838,0,0,0,0,0,0,-0.0273478795268358,0,0,0,0,0,0,0,-0.998684868443545,0,-0.0882581656358894,-2.50454471642771,0,0,0,0,0,0,0,0,-1.54437918174187,0,0,0,0,0,0,0,0,0,0,0,0,-4.89621907393813,0,0,0,-0.206754475807359,0,0,0,-0.190696106727054,0,-0.300641565227365,0,0,0,0,0,0,0,0,0,0,0.724563194854698,0.124121128536014,0,0,0,0,-3.01632107417419,0,0,0.530311825642201,0,-0.0536611973113148,0,0,0,-0.526039147804118,0,0,0.0946781857648813,0,0,0,0,1.71735847135839,0,0,-1.31411563416587,0,0,-0.168451514478627,0.338541885398981,0,0,0,0.715875702222314,0.49911280815884,0,0,0,0,0,0,0,0,0,0,-0.6678972595068,0,0,0,0,0.923804076600618,0,-0.00514842070202248,0,0,2.51592302973837
0,0,0,0,0,0.0201931463604252,0,0,-2.48506802205267,4.06761540478015,0,0,0,0,0,0,0,0,0,0,0,0,0,0,0,0,-0.387279451608034,0,0,-2.53492529704433,0.992649961961108,0,0,0,0,0,0,0,0,0,0,0,-0.109903181123278,0,0,0,0,0,0.13178252091158,0,0,0,0,0,-1.20055222126066,0,0,-0.403774282501165,0,0,0,0,0,0,0,0,-0.405992361888059,0,0,0,0,8.60261933420804,0,-0.359025536752269,1.84591470134273,0,0,0,0,0,0,0,1.71249813780395,0,0,0,0,0,0,0,0,0,0,0,0,0,0,-0.870517498575042,0,0,-1.96883869657185,0,0,0,0,0,0,-0.536094337738652,0,-0.665973382750905,0,0,0,-0.0777001418683672,0,0,0,0,0,0,0,0,-5.10896706631472,0,0,0.0731785899621793,0,0,0,0,0,0,0,0,0,0,0,0,0,0,0,0,0,0.390033015754655,0,0,0,-0.0402804681215456,0,-2.86707307690092,0,0,0.830851552007684,0,0,0,0,0,-0.273952640548575,0,-0.218024976853772,0,0,0,0,0,1.76176188101582,0,0,-1.05872004164575,0,0,0,0.249693805364263,0.368088926832849,-0.472417836233995,0,0.363539674781906,0.938093617445837,0,0,0,0,0,0,0,0,0,0,-0.506712590077901,0,0,0,-0.0665189056252402,1.37256459843679,0,0,0,0,1.96462878294305
0,0,0,0,0,0,0,0.387020363895358,0,0,0,0,0,0,0,0,0,0,0.0572924541244788,0,0,0,0,0,-0.0137429219498773,0,0.475051210993678,0,0,0,0,-0.402993304606101,0,0,0,0,0,0,0,0,0,0,0,0,0,0,0,0,0,0,0,0,0,0,0,0,0,0,0,0,0,0,0,-0.0448761548496499,0,0,0,0,0,0,0,0,0,0,0,0,0,0,0.472572607305153,0,0,0,0,0,-0.177151989734304,-0.116468195011665,0,0,0,0,0,0,0,0,0,0,0,0,0,0,0,0,0,0,0,0,0,0,0,0,0,0,0,0,0,0.233856739249156,0,0,0,0,0,0.182159968529416,0,0,0,0,0,0,0,0,0.000186907193617802,0,0,0,0,0,0,0,0,0,0,0,0,0,0,0,0,0,0,0,0,0,0.662697655136833,0.045592812281831,0,0,0,0,0,0,0,0,0,0.109186037268245,0,0,0,0,0,0.239272615544044,0,0,0,0,0,0.634594079768285,0,0,0,0,0,0,0,-0.359833714172509,0,0,0,0,0,0,0,0,0,0.693792663867362,0,0,0,0,0,0
0,0,0,0,0,0,0,0,0,0,0,0,0,0,0,0,0,0,0,0,0,0,0,0,-0.0577232502414549,0,-0.0339809305717742,0,0,0,0,0,0,0,0,0,0,0,0,0,0,0,0,0,0,0,0,0,0,0,0,0,0,0,0,0,0,0,0,0,0,0,0,0,0.322372323316305,-0.347428870599365,0,0,0,0,0,0,0,0,0,0,0,0,0,0,0,0,0,0,0,0,0,0,0,0,0,0,0,0,0,0,0,0,0,0,0,0,0,0,0,0,0,0,0,0,0,0,0,-0.0320850866572113,0.116095317423213,0,0,0,0,0,0,0,0,0,0,0,0.00118309953019891,0,0,0,0,0,0,0,0,0,0.116487095294718,0,0,0,0,0,0,0,0,0,0,0,0,0,0,0,0,0,0,0,0,0,0,0,0,0,0,0,0,0,0,0,0,0,0,0,0,0,0,0,0,0,0,0,0,0,0,0,0,0,0,0,0,0,0,0,0,0,0,0,0,0,0,0
0,0,0,0,0,0,0,0,0,0,0,0,0,0,0,0,0,0,0,0,0,0,0,0,0,0,0,0,0,0,0,0,0,0,0,0,0,0,0,0,0,0,0,0,0,0,0,0,0,0,0,0,0,0,0,0,0,0,0,0,0,0,0,0,0.378895425158617,0,-0.0152278571687827,0,0,0,0,0,0,0,0,0,0,0,0,0,0,0,-0.488449849138114,0,0,0,0,0,0,0,0,0,0,0,0,0,0,0,0,0,0,0,0,0,0,0,0,0,0,0,0,0,0,0,0,0,0,-0.498210659393469,0,0,0,0,0,0,0,0,0,0,0,0,0,0,0,0,0,0,0,0,0,0,0,0,0,0,0,0,0,0,0,0,0,0,0,0,0,-0.0697347257590872,0,0,0,0,0,0,0,0,0,0,0,0,0,0,0,0,0,0,0,0,0,0,0,0,0,0,0,0,0,0,0,0.376343786238178,0,0,0,0,0,0,0,0,0,0,0,-0.00962145073237353
0,0,0,0,0,0,0,0,0,0,0,0,0,0,0,0,1.30780120884,0,0,0,0,0,0,0,0,-0.205203300187835,0,0,-0.614379688199677,-0.960577389241487,0,0,0,0.395740928532639,0,0,0,0,12.9322350536797,0,0,0,0,0,0,0,0,0,0,0,0,0,0,0,0,0,0,0,0,0,0,0,0,0,0,0,-1.06745956388902,0,0,0,0,0,0,0,0,0,0,0,0,0,0,0,-0.243392158682529,0,0.12459933933365,0,0,0,0,0,-0.490571806374751,0,-0.834310897887663,0,-0.257501386054559,0,0,0,0,0,0,0,0,0,0,0,0,0,-0.196738151558694,0,0,1.68395922225691,0,0,0,0,0,0,0,1.46405506914417,0,0,0,0,0,0,0,0,0,0,0,0,0,0,0,0,0,0,0,0.447634598219047,0.0265290728213987,0,0,0,0,0,0,0,0,0,0,0,0,-2.35989798844315,0,0,0,0,0,0,0,0,0,0,0,0,0.060929863862264,0,0,0,0.116011984546346,0,0,0,0,0,0,-0.106434083534469,0.464698399598836,-0.179554756489185,0,0,0,0,0,0,0,0,0,0,0,0,0,0,0,0,-0.464230918859385,1.27091358403408,0.155399825808034,0
0,0,0,0,0,0,0,0,0,0,0,-0.230209151126491,0,0,0,0,0.275589915437416,0,0,-0.859522631177055,0,0,0,0,0,-0.48543804695925,0,-0.640285992918545,0,0,0.20532291470747,-0.335438114771861,0,-0.105319753547063,0,0,0,0.894863811267193,0,0,0,0,0,0,0,0,0,-0.229122539597185,0,0,0,0.260025235971563,0,0,-0.0923282288232767,0,0.456636623798153,0,0,0,0,-0.447476470759586,-0.300652070300793,0,0.329154942696193,0,0,0,0,0.0863951673910166,0,0,0,0,0,0,0,0,3.74045535550981,0,0.648887486810417,0,0,0,1.38017995513932,0.728943274496532,0,0,0,0,0,-0.759889230689606,0,0,0,0.888167670683424,0,1.50056339248898,0.318054480178576,0,0.340166323958544,0.0423745661457327,0,0,0,0,0,0,0,0,0,-0.17260314148749,0,-0.118229587239831,0,0.882188664602704,0,0,0,0.534397001632056,0,0,0.0318614959360284,0,0,0,0,0.908960243584518,0,0,0,0,2.17388208284957,0,0,0,0,0,0,0,0.592850945877768,0,0,0.67232961969206,0,5.0243143445255,0,0,0.401466875086512,0,0,0,-0.182476729830583,0.151931114593384,0,0,0,0,0.0184577844148093,-1.40649006468059,0,0,0,0,0,0,0,0,0,0,0.843239888604672,0,0,0,0,-2.02458223303764,0,-0.25454347733606,0,1.75387661215803,0,-0.259808186335926,0,0,-0.368962276397595,0,0,0,0,-1.96987749024293,0,0,0,0,0,0,0,0,0,0
0,0.0833508773867842,0,0,0,0,0,0,0,0.947764803309077,0,0,0,0,0,0,0,0,0,0,0,0,0,0,-0.994537929897277,0,0,0,0,0,-0.728986704842525,0,0,0,-0.0336310996991074,-1.40860837780896,0,0.276889446683189,0,0,0,0,0,-0.386572958212568,0,-0.299264424610242,0,0,0,0,0,0.0357713480627331,0,0,0,0,-0.146952939851303,0.46442726436599,0,0,0,0,2.00958572530363,0,0,0,0.718301606594401,0,0,-0.738372993147002,0,0,0.912762882002276,0,0,0,0,0,0,0,0,0,0,0.249429667785026,0.00818231699608374,0.0368267394055031,0,0.0427437245146145,0,0,0,0,0,0,-0.156003376890852,1.16409890651723,0,0,0,0,0,0,1.54121173390475,0,0,-0.205779147640533,0,0,-0.315322855643632,0,0,0,0,0,0.097961757246299,0,0,0,0,0.900132390624424,-1.07230816926691,-1.2059330182649,0,0,0,0,0,0,0,0,0,0,0,0,0,-0.404974863053263,0.125649511475993,0,0,0,-0.0776218687314325,0,0,0,0,0,0,0.116320309504255,0,0,0,0,0,0,0,0,0,0,0,-0.883556892076273,0,0,0,0,0,0,0,0,0,0,0,0,0,-0.0914811475990125,0.529083841452179,0,0,-0.157236754885083,0,0,0,0,-0.382630012407994,0,-0.25299697303629,0,0,0,0,0,0,0,0,0,0,0,0,0.162513820851613,0,0.268183132401211
0,0,0,0,0,0,0,0,0,0,0,0,0.626156495890004,0,0,0,0,0,0,0,0,0,0,0,0,0,0,0,0,0,0,0,0,0,0,0,0,0,0,0,0,0,0,0,0,-0.714982113383235,0.0194143439039098,0,0,0,0,0,0,0,0,0,0,0,0,0,0,0,0,0,0,0,0,0,0,0,0,0,0.0394993282030058,0.499601593694425,0.551170617748333,0,0.152891693253192,-0.860492728719097,-0.384929919768272,0,0,0,0,0,0,0,0,0,0,0,0,-0.535291973817192,0.803102732175474,0,0.886391845551296,0,0,0,1.31135281292147,0,0,0,0.379225479024379,0,0,0,0,0,-0.435902225923466,0,0,0,0.179748486238689,0,0,0,0,0,0,2.16221090518541,0,0,0,0,0,0,0,0,-0.374190538775916,0,2.45523968482516,-1.1539439767074,0,0,0,0,0,0,0,0,0,0,0.701603518326861,0,0,2.86647175846291,0,0,0,0,0,0,0,0,0,0,0,0,0,0.510668304446386,0,0,0,0,0,0,0,0,0,-1.14607962060259,0,0,0,0,0,0,0,0,0.226932767054702,0.321248932589956,-1.08755772970044,0,0,0,0,0,0,-0.0968885940069559,0,0.308995436718823,-0.783965947579514,0,0,0,0,0,-0.386619444985769,0,0,0
0,0,0,0,0,0,0,0,0,0,0,0.365762476008875,1.53945040739007,-0.251508667597,0,0,0,0,0,0,0,0,0,-2.23186079745566,0,0,0,0,0,0,0,0,0,0,0,0,0,0,0,0.823771303160352,0,0.533829920941147,0,0,0,0,0,0,0,0,0,0,0,0,0,1.80466635171511,0,0,0,-5.97214570743576,1.48961905896468,1.14378838650335,0,-0.016659228607828,0,0,0,0,0,0,0,0,0,0.174608083960803,0,-0.436702720733719,0,-4.02849728140766,0,0,0,0,0,0,0,0,0,0,0,0,0,0,2.17978389853584,-0.973511907058884,0.237467337323075,-0.848303302130559,0,0,0,-0.462587872975735,0,0,0,0,0,0,0,-0.239724196057172,-9.52379461224688,0.867127613108527,0,0,0,0,0,0,0,-0.00171630339252427,0,0,0,0,0,-0.0675763145875834,0,0,0,-1.94512807417818,0,0,0,0,0,-1.96820230672163,-0.207810730580356,0,0,0,0,0,0,0,0,0,0,0,0,-0.277743425208494,0,0,0,0.266462395667567,-2.12672390788252,-0.354113469634004,0,0,0.764432664515096,0,0,-0.00362292051718205,0,0,0,0,0,0,0.0588931913003905,0,0,1.80573111982005,0,0,0,0,0,0,-0.0658808355468372,0,0,0,0,0,0.518661083458578,0,-5.74538854626233,-0.855839489842448,0,0.375189660755337,0,0.584697688674867,0,0,0,0,0.295830280608216,0,0,0,0,0
0,0,0,0,0,0,0,0,0,0,0,0.911257827059428,1.37568373869003,0,0,0,0,0,0,0,0,0,0,-2.40641073584189,0,0,0,0,0,0,0,0,0,0,0,0,0,0,0,1.9456333571137,0,0.122505407954437,0,0.0170775130922463,0,0,0,0,0,0,0,0,0,0,0,2.03445569182322,0,0,0,-6.37676265038168,0.911273319363938,0.628163062872073,0,0,0,0,0,0,0,0,0,0,0,0,0,0,0,-5.60779888656401,0,0,0,0,0,0,0,0,0,0,0,0,0,-0.469600841699956,1.97799353456852,-0.641185735514928,0,-0.979180133273267,0,0,0,0,0,0.21422945962869,0,0,0,0,0,0,-10.4390266539864,0,0,0,0,0,0,0,0,0,0,0,0,0,0,0,0,0,0,-1.98129112770585,0,0,0,0,0,-2.64539848056797,-0.106846312744586,0,0,0,0,0,-0.522332384495487,0,0,0,0,0,0,-1.03869735415046,0,0,0,0.45098692009205,-1.96061007641229,0,0,0,0.564758284463794,0,0,-0.118811825488691,0,0,0,0,0,0,0,0,-0.721039601888583,2.1387813331972,0,0,0,0,0,0,0,0,0,0,0,0,0.214056224619938,0.107601377431198,-6.4140544033178,-0.0947443056780339,0,0,0,0.746228351847731,0,0,0,0,0,0,0,0,0,0
0,0,0,0,0,0,0,0,0,0.772821292818519,0,0.620098450160524,0.8512308922935,0,0,0,0,0,0,0,0,0,0,-2.39135085620972,0,0,0,0,0,0,0,0,0,0,0,0,0,0,0,1.23456251017677,0,0.293019548548935,0,0,0,0.133692736414825,0,0,0,0,0,0,0,0,0,1.90932237790561,0,0,0,-5.99654697252033,1.28593623448364,0,0,-0.10220847555399,0,0,0,0,0,0,0,0,0,0,0,0,0,-5.2800078727917,0,0,0,0,0,-0.022157886457546,0,0,0.215796460739639,0,0,0,0,-1.66103718762731,2.1688642599808,-1.01426848033462,0,-1.30370411143914,-0.0141853824860947,0,0,-0.479040312200525,-0.719048200706605,0,0,0,0,0,0,0,-11.2729515099663,0,0,0,0,0,0,0,0,0,0,0,0,0,0,0,0,0,-0.198272620618633,-2.7003118138173,0,0,0.389521530339386,0,0,-2.5864258154084,0,0,0.135726366666546,0,0,0,0,0.221226418543711,0,0,0,0,0,0,0,0,0,0.626336158846996,-1.94722457120336,0,-0.134642345938577,0,0.589681415770188,0,0,-0.0883077814029458,0,0,0,0,0,0,0,0,-0.224996839648879,1.80234672521753,0,0.172404203961543,0,0,0,0,0,0,0,0,-0.632283510698016,0,0.239157473229318,0,-6.57510277683955,0,0,-0.230422525818534,0,0.659094308348839,0,0,-1.02191215966919,0,0,0,-0.303550228338989,0,0,0
0,0,0,0,0,0,0,0,0,0,0,0,0,0,0,0,0,0,0,0,0,0,0,0,0,0,0,0.00971295743957579,0,0,0,0,0,0,0,0,0,0.00879954006243655,0,0,0,0,0,0,0,0,0,-0.588548672032496,0,0,0,0,0,0,0,0,0,0,0,0,0,0,0,0,0,0,0,0,0,0,0,0,0,0,0,0,0,0,0,0,0,0,0,0,0,0,0,0,0,0,0,0,0,0,0,0,0,0.178914523006646,0,0,0,0,0,0.142599048402569,0,0,0,0,0,0,0,0,0,0,0,0,0,0,0,0,0,0,0,0,0,0,0,0,0,0,0.0815682543943892,0,0,0,0,0,0,0,0,0.00315484069254479,0,0,0,0,0,0,0,0,0,0,0,0,0,0,0,0,0,0,0.359483656788274,0,0,0,0,0,0,0,0,0,0,0,0,0,0,0,0,0,0,0,0,0,0,0,0,0,0,0,0,0,0,0,0,0,0,0,-0.146481667211108,0,0,0,0,0
-0.785459430496992,0,0,0,0,0,0,0,0,0,0,0,0,0,0,0,0,0,0,0,0,0,0,0,0.46772557760075,0,0,0,0,0.174445668520752,0,0,0,0,0,0,0,0,0,0,0,0,0,0,0,0,0,0,0,0,0,0,0,0,0,0,0,0,0,0,0,0,0,0.27674284831349,0,0,0,0,0,0,0,0,0,0,0,0,0,0,0,0,0,0,0,0,0,0,0,0,0,0,0,0,0,0,0,0,0,0,0,0,0,0,0.0300635858520875,0,0,0,0,0.172266566915208,0,0,0,-0.0730946697690766,0,0,0,0.246625563207284,0,0,0,0,0,0,0,0,0,0,0,0,0,0,0,0,0,0,0.117830498898236,0,0,0,0,0,0,0,0,0,0,0,0,0,0,0,0,0,0,0,0,0,0,0,0,0,0.85494359137571,0,0,0,0,0,0,0,0,0,0,0,0,0,0,0,0,0,0,0,0,0,0,0,-0.00470067353458936,0,0,0,0,0,0,0,0,0,0,0,0,0,0,0
0,0,0,0,0,0,0,0,0,0.195513462070007,0,0,0,0,0,0,0,0,0,0,0,0,0,0,-0.119671180541428,0,0,0,0,0,0,0,0,0,0,0,0,0,0,0,0,0,0,0,0,0,0,0,0,0,0,0,0,0,0,0,0,0,0,0,0,0,0,0,0,0,0,0,0,0,0,0,0,0,0,0,0,0,-0.983124551954379,0,0,0,0,0,0.110022247686185,0,0,0,0,0,0,0,0,0,0,0,0,0,0,0,0,0,0,0,0,0,0,0,0,0,0,0,0,0,0,0,0,-1.10629354986916,0,0,0,0,0,0,0,0,0,0,0,0,0,0,0,0,0,0,0,0,0,0,0,0,0,0,0,0,0,0,0,0,0,0,0,0,0,0,0,0,0,0,0,0,-0.0437193370042195,0,0,0,0,0,1.84195644076156,0,0,0,0,0,0,0,0,0,0,0,0,0,0,0,0,0,0,0,0,-0.290444641180096,0,0,0,0,0,0,0,0,0,0
0,0,0,0,0,0,0,0,0,0,0,0,0,0,0,0,0,0,0,0,0,0,0,0,0,0,0,0,0,0,0,0,0,0,0,0,0,0,0,0,0,0,0,0,0,0,0,0,0,0,0,0,0,0,0,0,0,0,0,0,0,0,0,0,0,0,0,0,0,0,0,0,0,0,0,0,0,0,0,0,-0.0201541693307563,0,0,0.39854707069629,0,0,0,0,0,0,0,0,0,0,0,0,0,0,0,0,0,0,0,0,0,0,0,0,0,0,0,0,0,0,0,0,0,-1.64272775785927,0,0.361945345040235,0,0,0,0,0,0,0,0,0,0,0,0,0,0,0,0,0,0,0,-0.603579505106101,0,0,0,0,0,0,0,0,0,0,0,0,0,0,0,0,0,0,0,0,-0.210641556370358,0,0,0,0,0,0,0,0.306349314087285,0,0,0,0,0,0,0,0,0,0,0,0,0,0,0,-0.49620343782564,0,0,0,0,0,0,0,0,0,0,0,0,0,0,0
0,0,-2.25652681794933,0,0,0,0,1.2713424446409,0,0,0,0,0,0,0,0,0,0,0.22387069143226,-0.325711781619257,0,0,-0.455210905225348,0,0.796940306497727,0,0,-1.38854677812496,0,0,0,-0.163139940833432,0,0,0,-1.30209029882552,0,0,0,0,-0.690262741672199,0,-2.05055826866002,0,0,0,0,0,0,0,0,0,0,0,0.321179825722129,0,0,0.0471886533678163,0,0,0,-1.94467623497604,0,0.548692088120855,0.802908590588412,1.62427589346892,0,0,0,0,0.1540927936706,0,0.0136366339404721,-0.0264404531727904,-0.32631491743989,0,0,0,2.95938281978593,0,0,0.569384060855407,0,0.297388040762621,0,0,0,0,0,0,0,0,-1.52858611678036,0,0,0.188882212240363,1.67379851896259,0,0,0,0.75590592914225,0,-0.257782540097932,-1.04221525591353,0,0.635478473261832,0,1.15533610520604,-1.35729305952515,-0.0845759899569296,0.250484006045507,0,0,0,-0.372201924854582,0,1.91938619537694,0.177992273002754,0,2.76046263480593,0,0,0,0,0,0,0.148333334963281,0,0,0,-3.67196831166048,0,0,0,0.447588696727893,0,0.875448035133841,0,0,0.164688738900258,0,-0.203345748469454,-0.00843042018231843,0,0,0,0,0,0,-1.5275903909029,0.377661515126782,0,0,0.0228628394704389,0,0,0,0,0,-0.783451017599668,1.12698413578426,0,0,0,0,0.241835163855196,0,0,0,-0.894534722959482,-0.166992544095077,0,0,0.00384561744102752,0,0,0,0,0,0.487648185411644,0,0,0,0,0,0,0,-0.230857405818207,0,-0.0576689903603322,0,0,-5.67619343434719,1.82071233274653,0,0,0,0,0,-0.167468633740705
0,0,0,0,0,0,0,0,0,0,0,0,0,0,0,0,0,0,0,-0.908706652533398,0,0,0,0,0,0,0,0,0.349483999582883,0,0,0,0,0,0,0,0,0,0,0,0,0,0,0,0,0,0,0,0,0,0,0,0,0,0,0,0,0,0,0,0,0,0,0,0,0,0,0,0,0,0,0,0,-0.0045158445768303,-0.367844856234038,-0.0939661309229993,0,0,0,-0.748418063750129,0,5.5729037018988,0,0,0,0,0,0,0,0,0,0,0,0,0,0,0,0,0,-0.112194199187506,0,0,0,0,0,0,0,0,0.892696038921628,0,0,-0.0853693443376833,0,0,0.168122754776953,0,0,0,0,0,0,0,0,0,0,0,0,0,-0.968416512280796,0,0,0,0,0,0,0,0,0,0,0,0,0,0,-1.53703699235348,0,0,0,0,0,0,0,0,0,0,0,0,0,0,0,0,0,0,0,0,0,0,0,0,0,0,0.000587505037857872,0,0,0,0,0,0,0.970740364225052,0,0,0,0,0,0,0,0,0,0.00109214446991146,0,0,0,0,0,0,0,0,0,0,0,0
0,0,0.500972021633136,0,0,0,0,0,0.274285429407581,0,0,0,0,0,0,0,0,0,0,0,0,0,0,0,0,0,0.0328205371082897,0,0,0,0,0,0.0928236788217527,0,0,0,0,0,0,0,0,0,0,0,0,0,0,0,0,0,0,0,0,0,0,0,0,0,0,0,0,0,0,0,0,0,0,0,-0.343773495502321,0,0,0,0,-0.147249473614133,0,0,0,0,0,0,0,0,0,0,0,0,0,0,0,0,0,0,0,0,0,0,0,0,0,0,0,0,0,0.537020047896783,0,0,0,0,0,0,0,0,0,0,0,0,0,-0.205578828072938,0,0,0,0,0,0,0,0,0,0,0,-0.246690941401096,0,0,0,0,0,0,0,0,0,0,0,0,0,0,0,0,0,0,0,0,-0.272483710553329,0,0,0,0,0,0,0,0,0,0,0,0,0,0,0,0,0,0,0,0,0,0,0,0,0,0,0,0,0,0,0,0,0,0,0,0,0,0,0,0,0,0,0,0,0,0,0,0,0
0,0,0,0,0,0,0,0,0,0,0,0,0,0,0,0,0,0,0,0,0,0,0,0,0,0,0,0,0,0,0,0,0,0,0,0,0,0,0,0,0,0,0,0,0,0,0,0,0,0,0,0,0,0,0,0,0,0,0,0,0,0,0,0,0,0.20418544195658,-0.177468536783866,0,0,0,0,0,0,0,0,0,0,0,0,0,0,0,0,0,0,0.914624098858476,0,0,0,-1.10950865349299,0,0,0,0,0,0,0,0,0,0,0,0,0,0,0,0,0,0,0,0,0,0,0,0,0,0,0,0,0,0,0,0,-0.0449598448077244,0,0,0,0,0,0,0,0,0,-0.481962207451666,0,0,0,-0.00157745464178771,0,0,0.0122495312017112,0,0,0,0,0,0,0,0,0,0,0,0,0,0,0,-2.9268831870232,0,0,0,0,0,0,0,0,0,0,0,0,0,0,0,0,0,0,0,0,0,0,0,0,0,0.240910145094262,0,0,0,0,0,0,0,0,0,0,0,0,0,0,0,0.251862362675777,0,0
0,0,0,0,0,0,0,0,0,0,0,0,0,0,0,0,0,0,0,0,0,0,0,0,-0.883967292495968,0,0,0,0,0,0,0,0,0,0,0,0,0,0,0,0,0,0,0,0,0,0,0,0,0,0,0,0,0,0,0,0,0,0,0,0,0,0,0,0,0,0,0,0,0,0,0,0,0,0,0,0,0,0,0,0,0,0,0,0,0,0,0,0,0,0,0,0,0,0,0,0,0,0,0,0,0,0,0,0,0,0,0,0,0,0,0,0,0,0,0,0,0,0,0,0,0,0,0,0,0,0,0,0,0,0,0,-0.387244216160872,0,0,0,0,0.0565357339656549,0,0,0,0,0,0,0,0,0,0,0,0,0,0,0,0,0,0,0,0,0,0,0,0,0,0.232923112860846,0,0,0,0,0,0,0,0,0,0,0,0,0,0,0,0,0,0,0,0,0,0,0,0,0,0,0,0,0,0,0,0,0,0,0,0
0,0,0,0,0,0,0,0,0,0,0,0,0.37239818105703,0,0,0,0,0,0,0,0,0,0,0,0.0411014329037016,0,0,0,0,0,0,0,0,0,0,0,0,-0.408972732449571,0,0,0,0,0,0,0,0,0,0,0,0,0,0.0702925233997862,0,0,0,0,0,0,0,0,0,0,0,-0.334989412769668,0,0,0,0,0,0,0,0,0,0,0,0,0,0,0,0,-0.239439584224569,0.0543414485902727,0,0,0,-0.394251555029268,0,0,0,0,0,0,-0.211723332457026,0,0,0,0,0,0,0,0,0,0,0,0,0,0,0,0,0,0,0,0,0,0,0,0,0,0,0,0,0,0,0,0,0,0,0,0,0,0,0,0,0,0,0,0,0,0,0,0,0,0,-0.112234037480999,0,0,0,0,0,0,0,0,0,0,0,0,0,0,0,0,0,0,0,-0.413158826723849,0,0,0,0,0,0,0,0,0,0,0,0,0,0,0,-0.272542984997017,0,0,0,0,0,0,0,0,0,0,0,0.065022476456092,0,0,0.55407998392312,0,0,0,0,0
0,0,0,0,0,0,0,0,0,0,0,0,0.699803930846618,0,0,0,0,0,0,0,0,0,0,0,0,0,0,0,0,0,0,0,0,0,0,0,0,-0.0841427283728011,0,0,0,0,0,0,0,0,0,0,0,0,0,0.0276504931678019,0,0,0,0,0,0,0,0,0,0,0,0,0,0,0,0,0,0,0,0,0,0,0,0,-0.0172260122885846,0,-0.460388082330523,0,0,0,0,0,-0.258623088863346,0,0,0,0,0,0,0,0,0,0,0,0,0,0,0,0,0,0,0,0,0,0,0,0,0,0,0,0,0,0,0,0,0,0,0,0,0,0,0,0,0,0,0,0,0,0,0,0,0,-0.483547215762811,0,0.237044722854936,0,0,0,0,0,0,-2.13911352264232,0,0,0,0,0,0,0,0,0,0,0,0,0,0,0,0,0,0.0627021788316466,0,0,0,0,0,0,0,0,0,0,0,0,0,0,0,0,0,0,0,0,0,0,0,0,0,0,0,0,0,0,0,0,0.498795974517013,0,0,0,0,0
0,0,0,0,0,0,0,0,0,0,0,0,0.333942558867117,0,0,0,-0.323567971813355,0,0,0,0,0,0,0,0,0,0,0,0,0,0,0,0,0,0,0,0,0,0,0,0.0450551800707106,0,0,0,0,0,0,0,0,-0.00335098350213459,0,0,0,0.00811296289251495,0,0,0,0,0,0,0,0,0,0,0,0.632027785988899,0,0,0,0,0,0,0,0,0,0,-0.288591795906568,0,0,0,0,0,0,0,0,0,0,0,0,0,0,0,0,0,0,0,0,0.0471578415934986,0,0,0,0,-0.0892927001173682,-0.792323340410597,0,0,0,0,0,0,0,0,0,0,0,0,0,0,0,0,0,0,0,0,0,0,0,0,0,0,0,0,0,0,0,0,0,0,0,0.157527526522013,0,0,0,-1.92573766650381,0,0,0,0,0,0,0,0,0,0,0,0,0,0,0,0,0.0552613482817075,0.0236595659134227,0,-0.0338036597358633,0,0,0,0,0,0,0,0,0,0,0,0,0,0.501261702064579,0,-0.0208807948698044,0,0,0,0,0,0,0,0,0,0,0,0,0,0,1.48654878372581,0,0,0,0,-0.126002117517973
0,0.124684094666831,0.211282064844823,0,-0.438617361581352,0,0.604820591204633,0,0,0,0,0,0.252812914625919,0,0,0,-0.0684227074989099,0,0,-0.0117803204989135,0,0,0,0,0,0,0,0,0,0,0.0995349165098145,0,0,-0.157181045047896,0,0,0,0,0,0,0,0,0,0.771824701103548,0,-1.81121418289192,0,0,0,0,0,0,0,0,0,0,0.287190697443845,0,0,0,0,0,0,-0.788971644035064,0,-0.511455908895794,0,0,0,0,0,0,0,0,0,0,0,0,0,0,0,0,-0.740500812131856,-2.12036411522602,0,-1.1095935734979,0,0.0204431778926335,0,0,0,0,0,0,0,0,0,0,0,0,0,0,0,0,0,0,0,0,0,-0.16907339898804,0,0,0,0,0,0,0,0,0,0,0.508895784095285,0,0.474636234531389,0,0,0,0,0,0,0,0,0,0,0,0,0,0,0,0,0,0,0,0,-0.997433340638955,0,0,0,0,0,0,0,0,0,0,0,-1.36261186438852,0,0,0,0.24551285830466,0,0,0,0,0,0,0,0,0,0,0,0,0,0,0,0,0,0,0,-0.304485796421414,0,0,0,0,-0.0757943779996195,0,0,-1.00294464397942,0,0,-0.100165473540515,0,0,0,0,0,0,0,0,0
0,0,0,0,0,0,0,0,0.109767925078232,0,0,0,0,0,0,0,0,0,0,0,0,0,0,0,0,0,-0.0463984659869354,0,0,0,0,0,0,0,0,0,0,0,0,0,0,0,0,0,0,0,0,0,0,0,0,0,0,0,0,0,0,0,0,0,0,0,0,0,0,-0.00552113635915963,0,0,0,0,0,0,0,0,0,0,0,0,0.431594089847466,0,0,0,0,0,0,0,0,0,0,0,0,0,0,0,0,0,0,0,0,0,0,0,0,0,0,0,-0.850851842308987,0,0,0,0,0,0,0,0,0,0,0,0,0,0,0,0,0,0,0,0,0,0,0,0,0,0,0,0,0,0,0,0,0,-0.0482286170739654,0,0,0,0,0,0,0,0,0,0,0,0,0,0,0,0,0,0,0,0,0,0,0,0,0,0,0,0,0,0,0,0,0,0,0,0,0,0,0,0,0,0,-0.422381615027713,-0.154820490184463,0,0,0,0,0,0,0,0,0,0,0,0,0,0,0
0,0,0,0,0,0,0,0,0,0,0,0,0.0218765012329571,0,0,0,0,0,0,0,0,0,0,0,0,0,0,0,0,0,0,0,0,0,0,0,0,0,0,0,0,0,0,0,0,0,0,0,0,0,0,0,0,0,0,0,0,0,0,0,0,0,0,0,0,0,0,0,0,0,0,0,0,0,0,0,0,0,0,0,-0.0383558713347436,0,0,0,0,0,0,0,0,0,0,0,0,0,0,0,0,0,0,0,0,0,0,0,0,0,-0.806673667112006,0,0,0,0,0,0,0,0,0,0,0,0,0,0.149035835310618,0,0,0,0,0,0,0,0,-0.337760774796004,0,0,0,0,0,0,0,0,0,0,0,0,0,0,0,0,0,0,0,0,0,0,0,0,0,0,0,0,0,0,0,0,0,0,0,0,0,0,0,0,0,0,0,0,0,0,0,0,0,0,0,0,0,0,0,0,0,0,0,0,0,0,0,0,0,0,0,0,0,0
0,0,0,0,0,0,0,0,0,0,0,0,0,0,0,0,0,0,0,0,0,0,0,0,0,0,-0.0828086064516518,0,0,0,0,0,0,0,0,0,0.0236150281312697,0,0,0,0,0,8.07127764025183,0,0,0,0,0,0,0,0,0,0,0.369940186556216,0,0,0,-0.317700699295399,0,0,0,0,0,0,0,0,0,0,0,0,0,0,0,0,-1.06098848429436,1.03169694009493,-0.596149763046236,0,1.22525133454095,0.873774824055219,-0.139248015917216,0,0,0,0,0,0,0,0,0,0,0,0,0,0,0,0,0,0,-0.305538386311235,0,0,2.909225238988,0,0,0,0,-0.360858223141008,-0.247757944249672,0,0,0.282599114968224,0,0,-0.163969769697024,0,0,-0.0770351842823731,0,0,0,0,0.0467990318313278,0,0,0,0,0,-0.0135118034495825,0,0.586945000973863,-0.202727517594943,0,0,0,0,-0.972840009549711,0,0,0,0,0,0,-0.439894142381727,0,0,0,0,0.573566817644278,0,0,-0.0184808649860588,0,0,0,0,0,0,0,0,0,1.24431943153166,0,0,0,0,0,0,0,0,0,0,0,0,0,0,0,0,0,-0.576140065048244,0,0,0,0,0,0,0,0,0,0,0,0,0,0,0.796913812841726,0,0,0,0,0
0,0.420867170160411,-0.160955927213263,0,0,0,0,0,-0.573294752149786,0,0,0,0,0,0,0,0.818726862488891,0,0,-0.089464667763105,0,0,0,0,0,0,0,0,0,0,0,0,0,-0.103329601267454,0,0,0,0,0,-1.19321800478161,0,0,0,4.44671492969562e-05,0,0,0,0,0,0,0,0.104723673116078,0,0,0,0,0,-0.198257818680426,0,0,0,0,0,0,0.216226378998907,0,0,0,0,0,0,0,0,0,0,0,0,0,-0.560690549167739,0.376608380474645,0,0,0,-0.184776459821457,-0.180518728259138,0.363656936312781,0,0,0,0,0,0,0,0,0.405570857323797,0,0,0,0.864526782202526,0,0,-1.39891116020665,3.56048703612849,0,0,0.54758178847428,0,0,0,0,0,0,0,-0.211723503726256,0,0,0,0,0,1.38353432187735,0,0,0,0,0,0,-1.21945881034115,0,0,0,0,-1.2661582204567,0,0,0,0,0,0,0,0,0,0,0,0,0,1.52205071325793,0,0.379609676437197,1.09448783087322,0,0.0645171372140978,0,0,0,0,0,0,0,0,0,0,0,0,0.0376104484950104,0,0,0,0,0,0,0.459923925117483,0,0,0,0,0,0,0,0,0,0,-0.500507283095147,0,0,0,0,0,0,0,0.314789583725847,0.313129728483426,0,0.265253551783244,0,0,-0.34929841504644,0,0,0,0
0,0,0,0,-0.0373898438464613,0,0,0,0,-0.356789484071467,0,0,0,0,0,0,0,0,0,0,0,0,0,0,0,0,0,0,-0.414490134505585,0,0,0,0,0,0,0,0,0,0,0,0,0,0,0,0,0,0,0,0,0,0,0,-0.049014399073585,0.0946310987600243,0,0,0,0,0,0,0.071351857473825,0,0,0.360511156690399,0,0,0,0,0,0,0,-0.0961469702987474,0,0,0,0,0,0,0,0.17668917173471,0,0,0,0,-0.56267306579225,0,0,0,0,0,0,0,0,0,0,0,0,0,3.51646203083348,0,0,-0.174429399681259,0.731633345813102,0,0,0,-1.30757852993192,0,0.0398653689291235,0,0,0,0,0,0.272426771176314,0,0,0,0,0.966835108449725,0,0,0,0,0,0,0,0,0,0.231219953726155,0,0,0,0,0,0,0,0,0,0,0,0,0.0653433169221191,0,0,0,0,0,0,0.182433007557793,0,0,0,0,-0.370253694199272,0,0,-0.521008951657645,0,0,0,-0.691200226596565,0,0,0,0,0,0,-0.249563794522792,0.132048345516035,0,0,0,0,0,0,0,0,0,0,0,0,0,0,0.0380946663675366,0,0,0.842612686419801,0,0,0,0,0,0,0,0,0,0,0,0
0,0,0,0,0,0,0,0,0,0.19902944642859,-0.658013260735059,0,0,0,0,0,0,0,0,0,0,0,0,0,0,0.0132909538035866,0,0,0,0,0,0,0,0.694830338651763,0,0,0,0,0,0,0,0,0,0.117401634328999,0,0,0,0,0,0,0,0,0,-1.68490695206761,0,0.403925678092755,0,-0.316971931518355,0,0,0,0,0,0,0,0,0,0,0,0,-0.108669853597582,0,0,0,0,0,0,0,0,0,0.744439799715827,0,0,0,0.0914360049005056,1.71751735237816,0,0,0,0,0,0,0,0,0,0,0,0.011971188700207,-0.229510387978124,0,0,0,0,0,0,0,0,0,0,0,0,-0.750978178757658,0,0,0,-0.377911463140211,0,0,0,0,0.0295290191573783,0,0,0,0,0,0,0,0,0,0,0,0,0,0,0,0,0,0,0,0,0.0705811075427987,0,0,0,0,0,0,0,0,0,0,0,0,0,0,0,0,0,0,-1.69404507754806,0,0,-0.648657603893918,0,0,0,0,0,0,0,0,0,0.287697614663369,0,0,0,0,0,0,0,0,0,0,-0.570268195059663,0,0,0,0,0,0,0,-1.3077632420676,0,0,0,0,2.35545854047131,0,0
0,0,0,0,0,0,0,0,0,0,0,0,0,0,0,0,0,0,0,0,0,0,0,0,0,0,0,0,0,0,0,0,0,0,0,0,0.0250589411237403,0,0,0,0,0,0,0,0,-0.0172474300756658,0,0,0,0,-0.639806130812302,0,0,0.181412421083994,0,0,0,0,0,0,0,0,0,-0.597061490391493,0,0,0,0,0,0,0,0,0,0,0,0,0,0,0,2.50999345652544,0.443411801585668,0,0,0,-1.39899732157086,0,0,0,0,0,0,0.586385634553374,0,0,0,0,0,0,0,0,0,0,0,0,0,0,0,0,0,0,0,0,0,0,0,0,0,0,0,0.227488154194871,0,0,-0.0172335944396138,0,0,0,0,0,0,0,0,0,0,0,0,0,0,0,0,0,-0.211620971303154,0.55649110156906,0,0,0,0,0,0,0,0,0,0,0,0,0,0,0,0,0,0,0,0,0,0,0,0,0,0,0,0,0,0,0,0,0,0.34714301238394,0,0,0,-0.0360084985541829,0,0,0,0,0,0,0,0,0,0,0.370040303673981,0,0,0,0.361835962947218,0,0,0.33187594959999,0,0
0,0,0,0,0,0,0,0,0,-0.154395231615052,0,0,0,-0.0945912846172696,0,0,0,0,0,0,0,0,0,0,0,0.0386396817972408,0,0,0,0,0,0,0,0,0,0,0,0,0,0,0.590619571014866,0,0,0,0,0,0,0,0,0,0,0,0,0,0,0,0,0,0.25009489049034,0,0,0,0,0.623678222614054,0,0.365696861767414,0,0,0,0,0,0,0,0,0,0.197655649658045,0,0,-0.174621342423697,0,0,0,0,0,0,0,1.15074407988695,0,0,0.238027341826894,0,-0.429121137998968,0,0,-0.558627861075507,0,0,0,0,-0.0524321071814768,0,0,0,0,0,0,0,0,0,0,0,0.255640188275873,0,0,0,0,0,0,0,0,-0.0946792438787536,0,0,0,0,0,0,0,0,0,0,0,0,0,0.517511191302074,0,0,0,0,0,0,0,0,-0.88351008488363,0,0,0,-0.0862042141959749,0,0,0,0,0,0,0,0,0,0,0,0,0,0,0,0,0,0,0,0,0,0,0,0,0,0,0,0,0,0.0374057544562432,0,0,0,0,0,0,0,0,0,0,0,0,0,0,0,0,0.0184219412622597,0,0,0,0,0
0,0,0,0,0,0,0,0,0.094939295406701,0,0,0,0,0,0,0,0,0,0,0,0,0,0,0,0,0.441623340331589,0,0,0,0,0,0,0,0,0,0,0,-0.162349215712049,0,0,0.693312034848158,0,0,0,0,0,0,0,0,0,0,-0.311929472284309,0,0,0,0,0,0,0,0,0,0,0,0,0,0,0,0,0,0,0,0,0,0,0,0,0,0,-0.0231172959153474,0,0,0,0,0,0,0,0,0,-0.0631442834337026,0,0,0,0,0,0,0,0,0,0,0,0,0,0,0,0,0,0,0,0,0,0,0,0,0,0,0,0,0,0,0,0,0,0,0,0,0,0,0,0,0,0,0,0,0,0,0,0,0,0,0,0,0,0,-0.623177541305282,0,0,0,0,0,0,0,0,0,0,0,0,0,0,0,0,0,0,0,0,0,0,0,0,0,0,0,0,0,0,0,0,0,0,0,0,0,0,0,0,0,0,0,0,0,0,0,0,0,0,0.195343305487798,0,0,0,0,0
0,0,0,0,1.70072722385922,0,0,0,0,0,0,0,0,0,0.644712828763659,0,-1.61192086303322,0,0,0,0,0,0,0,0,0,0,0,0,0,0,-0.310439790225431,0,0,0,0,0,0,0,0,17.8386358035667,0,0,0,0,0,-0.487853306496933,0,0,0,0,0,0,-0.0637251628766924,0,0,0,0,1.83412414471968,0,0,0,0,0,0,0,0,0,0,0,0,0,-2.37902460998457,0,0,0.0940901824446221,0,-0.452986526796147,0,0,0.916592074995601,0,0,0,0,0,0.942018990302633,0,-2.10513620438637,0.335756287022388,0,0,-0.199248617509415,0,-1.6595888719622,0,0,2.38244547570622,0,0,0,0,-0.50738930569523,-1.2440792582183,0,0,0,0.674403819251818,0.299626276326371,0,0,0,0.159964317019785,0,0,0,6.89949982968563,0,0,0,-1.40804821238318,0,0,-0.414411198257098,0,0.284214774539255,0,0,0,0,0,0,0,0,0.0781059866264167,0,-0.220422682533329,0,0,-1.59811050813549,0,0,0,0,0,0,0,0,0,0,0,0,-0.309009253853559,0,0,0,0,0,0,-0.994453170285003,0,0,0,0,0,0,0,0,0,0,0,0,0,-0.284539667554234,0,0,0,0,0,-5.77489603316217,0,0.602153394197009,0,0,0,0,0,0,0,0,0,0,0.283320864269156,0,0.531351208009319,0,0,0,0,0
0,0,0,0,0,0,0,-0.208729030453892,0,0,0.307749384629467,0,0,0,0.748555854293618,0,-0.00109567086438478,0,0,0,0,0.647834093866886,0,0,0,-0.307518202802002,-0.612677532685768,0,0,0,0,0,0,0,0,0,0.190465907517986,0,0,0,17.7689525898821,0,0,0,0,0,0,0,0,0,0,-0.506907397041759,0,0,0,0,0,0,1.34938513455163,0,0,0.528628764036451,0,0,0,0.36210606126104,0,0,0,0,0,0,0,0,0,0.226210711357742,0,0,0,0,0,0,0,0,0,0,0,0,-0.505848783498571,0,0,0,0,0,-0.529146384957231,0,0.460202876303123,0,0,0,-0.850738333187828,0,0,0,0,0,0,0,0.425493015275628,0,0,0,0,0,0,0,4.29341304551328,0,0,0,0,0,0,0,0,0,0,0,0,0.0218319982980786,0,0,-0.261106939128639,0,-0.0624229497027362,0,0,0,0,-1.34377939328887,0,0,0,0,0,0,0,0,1.2137993341337,0,0,0,0,0,0,0,0,0,0,0,1.88392235961682,0,0,-0.356045618223748,0,0,0,0,0,0,0.361245005645984,0,0,0,0,0,0,0,0,-4.18863457094653,0,0,0,0,0,0,0,0,0,0,0,0,0.549000348376365,0,0,0,0,0,0,0
0,0,0,0,0,0,0,0,0,0,0,0,0,0,0,0,0,0,0,0,0,0,0,0,0,0,0,0.107853394978754,0.296258703376359,-0.52455811788341,0,0,0,0,0,0,0,0,0,-1.45844403275765,14.4727127037775,0,0,-0.177402460577682,0,0.288234490021386,-1.33573831922452,0,0,0,0,0,0,0,0,0.561683873028581,0,0,6.45979319598973,0,0,2.28252328441295,0,0,0,0,0,0,0,0,0,0,0,0,0,0.200995214849994,0,0,0,0,0,0,0,0.179643619686849,0,0,0,0,0.198737661629507,0,0,0,0,0,0,0,0,0,0,0,0,0,0,0,0,0,0,0,0,0,0,0,0,0,0.652909415633462,0,0,-0.182619738482505,0,0,0,0,0,0,0,0,-1.19956778408581,0,0,0,0,0,0,0,0,0,0,-0.60889766236586,0,0,0,0,0,-0.772603849520306,0,0,0,0,0,0,0,0,0,-0.297579152109737,0,0,0,0,0,0,0,0,0,0,0,0,0,0,0,0,0,0,0,0,0,0,0,0,0,2.03208045658936,0,0,0,0,0,0,0,0,0,0,0,0,0,0,0,0,0,0,0,0
0,0,0,0,0,0,0,0,0,0,0,-0.242797740055704,0,0,0,0,0,0,0,0,0,0,0,0,0,0,0,0,-0.0105155713473699,-0.489376179948477,0,0,0,0,0,0,0,0,0,-1.31635229915902,14.2640432619116,0,0,0,1.58245997764602,1.3340141468469,-0.116011608907576,0,0,0,0,0,0,0.257095122718193,0,0.43579381050585,0,-0.391824408365891,6.9402082777612,0,0,0,0,0,0,0,0,0,0,0,0,0,0,0,-0.954380457324634,0,0,-0.5114532775753,0,0,0,0,0,0,1.2234218591825,0,0,0.656062321771445,0.781707754607767,0,0,0,0,0,0,0,0,0,0,0,0,0,0,0,0,0,0,0.780603214491012,0,0,0,0,0,0,1.16076986359541,0,0,-0.00382892375883359,0,0.167564310648503,0,0,0,0,0,0,0,0,0,0,0,0,0,0,0,0,0,-0.636233875581037,0,0,0,0,0,0,0,0,0,0,0,0,0,0,0,0,0,0.0810266975192342,0,0,0,0,0,0,0,0.0308162746196801,0,0,0,0,0,0,0,0,0,0,0,0,0,0.14285257442854,0,4.34583151186256,0,0,0,0,0,0,0,0,0,0,0,0,0,0,0,0,-0.154255292804359,0,0,0
0,0,0.697516971535342,0,0,-0.185849099326904,0,0.870575993731182,0,0,0,0,0,0,0,0.0463225986680504,-0.068987563908758,0,0,0,0,0,0,0,0,0,0,0,0,-0.38662670157794,0,0,0,0,0,0,-1.20577997203483,0,0,-1.07220674976248,13.6065321162134,0,0,0,0,1.11076619973597,0,0,0,-0.06295242472409,0,0,0,0,0,1.36308582291808,0,0,7.21512108096424,0,0,0,-0.0602532639342546,0,0,0,0,0,0,0,0,0,0,-0.0827484559484102,-1.65398655959327,0,0,0,0.0798488509865496,0,0,0,0,0,0.307568448069553,0,0,2.25638101305145,0.618437824371583,0,0,0.0883885967839388,0,0,0,0,0,0,0,0,0,0,0,0,0,-0.640184196924922,0,0,0,0,0,0,0,0,1.30825696047655,0,0,0,0,0,0,0,0,0,0,0,0,0,0,0,-1.1789873502667,0,0,0,0.596828797117491,0,0,-0.240433964250915,0,0.109257570304018,0,0,0,0,0,0,0,0,0,0,0,0,0,0,0,0.209118526505614,0,0,0,0,-0.160721490645818,0,0,0,0,0,0,0,0,0,0,0,0.542926642003913,0,0,0,0,0,0,4.7204120535198,1.37486260719542,0,0,0,0,0,0,0,0,-0.251433451631356,0.653048115970842,0,0,0,0,0,-0.298657085568074,0.563268251047318,0,0
0,0,0,0,0,0,0,0,0,0,0,0,-0.694662752898419,0,0.0634179545769997,0,0,-1.55674012274692,0,0,0,0,0,0,-1.74639331549554,0,0,1.68545213650248,0.259665920569259,0,0,0,0,2.88913586666875,0.0037644548712672,0,-0.362765807350213,0,0,0,1.93294133201573,0,0,0,0,-0.119828087156286,0,0,0,-0.374844555829308,0,0,-1.7913534958171,0,0.0997818132322552,0,0,0,0.983049459280776,0,0,0,0.231883756608455,0,0,0,0,0,0,0,0,0,0,0,0,0,0,0,0.217703409259747,0,0,0,0,0,1.40747350913732,1.72408486130464,0,0,0,0,1.12218058053458,0,0,0,-1.06823525056788,0,0,0,0.256121171002564,0,0,0.707939600384557,0,-0.195315287584166,0,0,0,-0.000991126049063151,0,-1.43109601132743,0,0,0,0,0,0,0,0,0,0,0,1.69627205974722,-0.886668695430564,0,0,-0.110875752498412,0,0,0,0,0,0,-0.119716744526262,0,0,0.411671945318514,0,0,0,0,0,0,0,0,0,0,0,0.28657652450281,0,0,-0.160313783418305,0,0,-0.0633614057075691,0,0,0,0,0,0,0,0,0,0,0,0,0,0,0,0,0,0,0,0,0,0,0,0,0,1.51593369293428,0,0,0,0,0,0,0,0,0,0,0,0,0,0,0,0,0,0,4.56202310027163,1.71042280949902
0,0,0,0,0,0,0,0,0,0.770593974036725,0,0,0,0,0,0,0,0,0,0,0,0,0,0,0,0,0.209317811122869,0,0,0,0,0,0,0,0,0,0,0,0,0,0,0,0,0,0,0.447476169216506,0,0,0,0,0,0,0,0,0,0,0,0,0,0,0,0,0,0,0,0,0,0,0,0,0,0,0,0,0,0,0,0,0,0.531428600811659,0,0,0,0,0,0,0,0,0,0,0,-0.213489834939526,0,0,0,0,0,0,0,0,0,0,1.60954372869002,0,0,0,0,0,0,0.283484243060545,0,-0.678355308703708,0,0,0,0,0,0,0,0,0,0,0,0,0,0,0.829879155636665,0,0,0,0.821481703824798,0,-0.475834040967557,0,0,0,0,0,0,-0.623634780187477,0,0,0,0,0,0,0,0,0,0,0,0,0,0,0,0,0,0,0,0,-0.300708899029719,0,0,0.582596275526644,0,0,0,0,0,0,0,0,0,0,0,0,0,0,0,0,0,0,0,0,-0.25900066354745,0,0,0,0,0,0,0,0,0,0,0,0.150132067100429,0,0,-0.441576319566183
0,0,0,0,0,0,0,0,0,0,0,0,0,0,0,0,0,0,0,0,0,0,0,0,0,0,0,0,0,0,0,0,0,0,0,0,0,0,0,0,0,0,0,0,0,0,0,0,0,0,0,0,0,0,0,0,0,0,0,0,0,0,0,0,0,-0.716254607481388,0,0,0,0,0,0,0,0,0,0,0,0,0.288967219719424,0,0,0,0,0,0,0,0,0,0,0,0,0,0,0,0,0,0,0,0,0,0,0,0.620782311716779,0,0,0,0,0,0,0,0,0,0,0,0,0,0,0,0,0,0,0,0,0,0,0,0,0,0,0,0,0,-0.224749107900973,0,0,0,0,0,0,-0.352696619940084,0,0,0,0,0,0,0,0,0,0,0,0,0,0,0,-0.928347804581608,0,0,0,0,-0.664646818601319,0,0,0,0,0,0,0,0,0,0,0,0,0,0,0,0,0,0,0,0,0,0,0,0,0,0,0,0,0,0,0,0,0,0,0,0,0,0,0
0,0,0,0,0,0,0,0,0.574275187680412,0,0,0,0,0,0,0,0,0,0,0,0,0,0,0,0,0,0,0,0,0,0,0,0,0,0,0,0,0,0,0,0,0,0,0,0,0,0,0,0,0,0,0,0,0,0,0,0,0,0,0,0,0,0,0,0,0,0,0,0,0,0,0,0,0,0,0,0,0,0,0,0,0,0,0,0,0,0,0,0,0,0,0,0,0,0,0,0,0,0.72903213918046,0,0,0,0.265389555761065,0,0,0,0,0,0,0,0,0,0,0,0,0,0,0,0,0,0,0,-0.156253651891667,0,0,0,0,0,0,0,0,0,0,0,0,0,0,0,0,0,-0.0275522985618804,0,0,0,0,0,0,0,0,0,-0.858332624446297,0,0,0,0,0,0,0,0,0,0,0,0,0,0,0,0,0,0,0,0,0,0,0,0,0,0,-0.128010295813414,0,0,0,0,0,0,0,0,0,0.385239872001353,0,0,0,0,0,0,0,0,0,0,0,0
0,0,0,0,0,0,0,0,0.443038356924892,0,0,0,0,0,0,0,0,0,0,0,0,0,0,0,0,0,0,0.282592837489491,0,0,0,0,0,0,0,0,0,0.226211332352413,0,0,0,0,0,0,0,0,0,0,0,0,0,0,0,0,0,0,0,0,0,0,0,0,0,0,0,0,0,0,0,0,0,0,0,0,0,0,0,0,0,0,0,0,0,0,-0.271739186250749,0,0,0,0,0,0,0,0,0,0,0,0,0,0.111152176867225,0,0,0,0.260446194722465,0,0,0,0,0,0,0,0,0,0,0,0,-0.262456881536848,0,0,0,0,0,0,0,0,0,0,0,0,0,0,0,0,0,0,0,0,0,0.325273638781975,0,0,0,0,0,0,0,0.350092099375384,0,0,0,0,0,0,0,0,0,0,0,0,0,0,0,0,0,0,0,0,0,0,0.0382959617728953,0,0,0,0,0,0,0,0,0,0,0,0,0,0,0,0,0,0,0,0,0,0,0,0,0,0,0,0,0,0,0
0,0,0,0,0,0,0,0,0,0,0,0,0,0,0,0,0,0,0,0,0,0,0,0,-0.129246250800516,0,0,0,0,0,0,0,0,0,0,0,0,1.10529860843781,0,0,0,0,0,0,0,0,0,0,0,0,-0.133283032467409,0,0,0,0,0,0,0,0,-0.0199991967417936,0,0,0,0,0,0,0,0,0,0,0,0,0,0,0,-0.492996464996623,0,0,0,0.492882686424954,0,0,0,0,0,0,0,0,0,0.397747805420636,0,0,0,0,0,0,0,0,0,0,0,0,1.2686883509728,0,0,0,0,0,0,0,0,0,0,0,0,0,0,0,0,0,0,0,0,0,0,0,-0.321022279728437,0,0,0,0,0,0,0,0,0,0,0.96391438099998,0,0,0,0,0,0,0,0,0,0,0,0,0,0,0,0,0,0,0,0,0,0,0,0.088656797377012,0,0,0,0,0,0.190926559312649,0.2121185621997,0,0,0,0,0,0,0,0,0.811385707319604,0,0,0,0,0,0,0,0,0,0,0,0,0,0,0,0,0,0,0,0,0,0
0,0,0,0,0,0.316241919990827,-0.694667732877054,0,0,0.491238695060052,0,0,0,0,0,0,0,0,0,0,0,0,0,0,0,0,0,0,0,0,0,-0.224523280560881,0,0,0,0,-0.272544873117903,0,0,0,0,0,0,0,0,0,0,0,0,0.131957887240482,0,0,0,-0.0412788806246265,0,0,0,0,0,0,0,0,0,0,0,0,0,0,0,0,0,0,0,0,1.06457245424496,0,0,0,0,0,0,-0.0235494291255784,0,0,0,0,0,-0.345482598983282,0,0.769500430674331,0.303705693562403,0,0,0,0,0,0,0.0997519367314526,0,-0.151649619974292,0,0,-1.1400598495874,0,0,0,0,0,0,0,0,0,0,0.0893385799402295,0,0,0,0,0,0,-0.51953899717737,0,0.216237685933498,0,0,0,0,-0.0813689474467463,0,0,-1.5657258244982,0,0,0,0,0,0.559053132635591,0,0,0,0.142427369357295,0,0,0,0,0,0,0,0,0,0.034979872041492,0,-1.51429939990586,0,0,0,0,0,0,0,-1.33838044421798,0,0,0,0,0,0,0,0,0,0,0,0,0,0,0,-0.325641809858008,0,0,0,0,0.372889333897084,0,0,0.81064893850286,0,0,0,0,0,0,0,0.583725584189288,0,0,0,-0.790356810419282,0,0,0
0,0,0,0,-1.25387199777955,0,0,0,0,0,0,0,-0.00371280041299826,0,0.484739990040892,0,0,0,0,0,0,0,0,0,0,0,-0.993120398136325,0,0,0,0,0,0,0,0,0,0,0,0,0,0.307510477271621,0,0,0.0541657451940467,0,0.101827653196231,0,0,0,0,0,-0.377805583877239,0,0,0,0,0,0,-0.470747323877297,0,0,0,0,0.399973201034317,0,0,0,0,0,0,0,-0.47046104971688,0,0,0,0.187769935645882,0,0,0,0,-0.192175017868323,-0.100225561875662,0,0,0,0,0,-0.262043948163771,0,0.370015988302023,0,-0.074062109786778,0.385530280432782,0,0,0,0,0,0,0,-0.51943453958381,0,1.337274222954,0,0,0,0,0,0,0,0,0,0,0,0,0,0,-1.33546472277039,0,0.371122288032286,0,-0.648677201090726,0.502943351900799,0,0,-0.224880443116884,0,0,0,0,0,0,0,0,0,0,0,0,0,0,0,0,0,0,0,0,0,-0.380333160356335,0,0,0,0,0,0,0,-0.0309293681608491,0,0,0,0.369750861002435,-2.6730666872172,0,-0.448143888671622,0,0,0,2.03703119031332,0,0,0,0,0,0,0,0,0,0.582925750794203,-0.993006452498341,0,0,7.53647020798657,0,0,0,0,0,0,0,0,0,0,0,0,0,-0.26316015322581,0,0,0,0,0
0,0,0.57908043398827,0,0,0,0.16628387468737,-0.356266253353599,0,-4.16835442233213,0,0,0.777512526718763,0,0,0,0,0,0,-1.29289161291677,0.356603818161287,0,0,-6.252385414645,0,0,-0.879403119933162,0.412198334197706,0,0.260351115351814,-0.238119856873474,0,-0.298481164133373,-1.01447205898878,0,0.12798331516073,0.213411758653048,0,0,0,-1.4973640109106,1.03907066309525,-0.74041311338339,0,0,0,0,0,0,0,0,0,0,0,0,0,-0.483558087683973,1.25562947932894,-0.0237056747530506,0,0,0,0,0,1.17994770744851,0,0,0,0,0,0,-1.52260252251448,0,0,0,0,-0.117295897082168,0,0,0,0,0,0.698413323498381,0,0,0,0,0,-0.333942687790683,0,-0.752026787943531,0,0,0,0,0,1.85768499862837,0,0,0,-0.959067729602116,0,0,0,0,-0.774305885168523,0,0,-0.0599234382517642,0,0,0.188439738196045,0,0,0,0,0.64173555880958,0,0,0,0,0,-0.0301022120236842,0,0,0,0,0.721049856207256,0,1.09746647079875,0,0.398543025123562,-0.490590029956566,0,0,0,0,0,0,0.180433861483448,0,0,0,1.32981681980688,0,0,0,0,0,0.347326503050594,0,0,0,0,0,0,0.219222332297311,0,-0.727314850587143,0,0,0,0,1.04107626912573,0,0,0,0,0,0,0,0,0.184601281701669,0,2.07236961705415,0,0.398250186991177,-0.506335985461398,0,0,16.1156970186377,0,0,0,0,0,0,1.03113041584567,0,0,-0.149291841822517,0,0,1.75931247241029,0,0,0,0,0,1.02665133496882
0,0,0,0,0,0,0,0,0,0,0,0,0,0,0,0,0,0,0,-0.931624000985123,0.0392608349106456,0,0,-0.674530649769882,0,0,-1.75188090660644,0,0,0,0.797147326231962,0,0,0,0,0,0.0739033126856858,0,0,0,0,0,-0.316390490809413,0,0,0,0,0,0,0,0,-0.0110743458738167,0,0,0,0,0,0,0,0,0,-0.336146797481789,0,0,0,-1.69074601613901,0.296469281340119,0,0,-0.136407424324857,0,0.575352179052592,0,0,0,0,0,0,0,0,0,1.40732213442758,0,0,0,0,0,0,0,0,0,0,0,0,0,0,0,0,0,0,0,0,0,0,0,0,0,0,0,-0.0421610123754805,0,0,0,0,0,0,0,0,0,0,0,0,0,0,0,0,0,0,0,-0.765831714401766,0,0,0,0,0,0,0,0,0,0,0,0,0,0,0,0,0,0,0,0,0,0,0,0,0,0,0,0,0,0,0,0,0,0,0,0,0.311963151759613,0,0,0,0,0,0,0,0,0,0,0,0,0,9.7581813176062,0,0,-0.978462031604791,0,0,0,0,0,-0.582460276350048,0,0,0,0,0,0,0,0,0,0.683511331499264
0,0,0,0,0,0,0,0,0,0,0,0,0,0,0,0,0,0,0,0,0,0,0,0,0,0,0,0,0,0,0,0,0,0,0,0,0,0,0,0,0,0,0,0,0,0,0,0,0,0,0,0,0,0,0,0,0,0,0,0,0,0,0,0,-0.190811338399119,0,0,0,0,0,0,0.0717602781600457,0,0,0,0,0,0,0,0,0,0,-0.597006749359518,0,0,0,0,0,0,0,0,0,0,0,0,0,0,0,0,0,0,0,0,0,0,0,0,0,0,0,0,0,0,0,0,0,0,0,0,0,0,0,0,0,0,0,0,0,0,0,0,0,0,0,0,0,0.51293164698589,0,0,0,0,0,0,0,0,0,0,0,0,0,0,0,0,0,0,0,0,0,0,0,0,0,0,0,0,0,0,0,0,0,0,0,0,0,0,0,-1.34330726262923,0,0,0,22.8923044741595,0,0,-0.146929034656926,0,0,0,0,0,0,0,0,0,0,0,0,0,0,0,0
0,0,0,0,0,0,-0.748413100866228,0,0,0.904025862553148,0,0,0,0,0,0,0.0625029968244557,0,0,0,0,0,0,0,0,0,0.30660854626679,0,0,0,0,0,0,0,0,0,0,0,0,0,0,0,0,0,0,0,0,0,0,0,0,0,0,0,0,0,0,0,0,0,0,0,0,0,0,0,0,0,0,0,0,2.41209899085393,0,1.48627939752617,0,0,0,0,0.43987422322272,0,0,0,0,0,0,0,0,0,0,0,0,0,0,0,0,0,0,0,0,0,0,0,0,0,0,0.524961133666671,0,0,0,0,0,0,0,0,0,0,0,0,0,0,0,0,0,0,0,0,0,0,0,0,0.0787874546090654,0,0,0,-0.0891856613589346,0,0,0,0,0,0,0,0,0,0,0,0,0,0,0,0,0,0,0,0,0,0,0,0,0,0,0,0,0,0,0,0,0,0,0,0,0,0,0,0,0,-0.521121831086347,0,0,0,18.781192621338,0,0,0,0,0,0,-1.41045209129632,0,0,0,0,0,0,0,0,0,0,0,0
0,0,0,0,0,0,-0.614716521032783,0,0,0.942151847224851,0,0,0,0,0,0,0,0,0,0,0,0,0,0,0,0,0.966253599492624,0,0,0,0,0,0,0,0,0,-0.1833851658495,0,0,0,0,0,0,0,0,0,0,0,0,0,0,0,0,0,0,0,0,0,0,0,0,0,0,0,0,0,0,0,0,0,0,2.20570091361527,0,1.17804413428322,-0.0601053582160074,0,0,0,0,0,0,0,0,0,0,0,0,0,0,0,0,0,0,0,0,0,0,0,0,0,0,0,0,0,0,0,0,0,0,0,0,0,0,0,0,0,0,0,0,0,0,0,0,0,0,0,0,0,0,0,0,0,0,0,0,0,0,0,0,0,0,-0.0718859007408412,0,0,0,0,0,0,0,0,0,0,0,0,0,0,0,0,0,0,0,0,0,0,0,0,0,0,0,0,0,0,0,0,0,0,-0.166607410582141,0,0,0,17.5374745176872,0,0,0,0,0,0,0,0,0,0,0,0,0,0,0,0,0,0,0
0,0,0,0,0,0,-0.0422853729066888,0,0,0.883118367410469,0,0,0,0,0,0,0,0,0,0,0,0,0,0,0,0,0.56357486063795,0,0,0,0,0,0,0,0,0,-0.974947724120907,0,0,0,0,0,0,0,0,0,0,0,0,0,0,0,0,0,0,0,0,0,0,0,0,0,0,0,0,0,0,0,0,0,0,1.86667341066011,0,0.275084915494965,-0.0571888020176792,0,0,0,0,0,0,0,0,0,0,0,0,0,0,0,0,0,0,0,0,0,0,0,0,0,0,0,0,0,0,0,0,0,0,0,0,0,0,0,0,0,0,0,0,0,0,0,0,0,0,0,0,0,0,0,0,0,0,0,0,0,0,0,0,0,0,0,0,0,0,0,0,0,0,0,0,0,0,0,0,0,0,0,0,0,0,0,0,0,0,0,0,0,0,0,0,0,0,0,0,0,0,0,0,0,17.8610635301856,0,0,0,-0.408925559148418,0,0,0,0,0,0,0,0,0,0,0,0,0,0,0
0,0,0,0,0,0,0,0,0,0.913784434863928,0,0,0,0,0,0,0,0,0,0,0,0,0,0,0,0,0.508014857109243,0,0,0,0,0,0,0,0,0,-1.22709284001494,0,0,0,0,0,0,0,0,0,0,0,0,0,0,0,0,0,0,0,0,0,0,0,0,0,0,0,0,0,-0.127204681575954,0,0,0,-0.0676090589074245,1.47544380171866,0,0,0,0,0,0,0.0348292296953718,0,0,0,0,0,0,0.318851570542617,0,0,0,0,0,0,0,0,0,0,0,0,0,0,0,0,0,0,0,0,0,0,0,0,0,0,0,0,0,0,0,0,0,0,0,0,-0.250638004259476,0,0,0,0,0,0,0,0,0,0.592236672212679,0,0,0,0,0,0,0.6080415723732,0,0,0,0,0,0,0,0,0,0,0.153162245386935,0,0,0,0,0,0,0,0,0,0,0,0.746510658947372,0,0,0,0,0,0,0,0,0,0,0,0,0,0,0,0,0,17.7569311707495,0,0,0,-1.13099275870712,0,0,0,0,0,0,0,0,0,0,0,0,0,0,-0.190975963278024
0,0,0,0,0,0,0,0,-0.608582207718709,-0.299726742575656,0,0,0,-0.048473572565118,0,0,-0.264807279016125,0,0,0,0,0,0.138004406476125,0,0,0,0,0,0,0,-0.115434577040981,0,0,-0.639230729447453,0,0.453148116362924,0.812678346482093,0,0,-0.61187967850531,0.171024930375401,0,0,0,0,0,0,0,0,0,0,0,-0.393048730734375,0,0,0,0,0,0,0,0,0,0,0,1.75703104096839,0,0,0,0,0,0,-0.646630882635145,0,0,0,0,0,0,0,0,0.303603920361469,0,0,0,0,0.972404489961739,0,0,0,-1.16845543129838,0,0,0,0,-0.0608229537451717,0,0,0,0,0,0,0,0,0.289063856648081,0,0,0,0,0,0,0,0,0,0,0,0,0,0,0,0,0.0489508513899684,0,0,0,0,-0.181036327646477,0,0,0,0,0,0,-0.0580317763533209,0,0,-0.234286188363529,0,0,0,0,1.58352853093695,0.145275503504391,0,0,0,0,0,0,0,0,0,0,0,0,0,0,0,0,0.0497018978668939,0,-1.33875187872248,0.945919974216784,0,0,0,0,0,0,0,0,0,0,0,0,0,0,0,0,0,0,4.93199240473652,0,0,0,0,0,0,0,0,0,0,0,0,0,0,0,0,0.756084905656348,0,0
0,0,0,0,0,0,0.143769668550727,0,0,0,0,0,0,0,0,0,0,0,0,0,0,0,0,0,0,0.0082087273521525,0,0,0,0,0,0,0,0,0,0,0,0,0,0,0,0,0,0,0,0,0,0,0,0,0,0,0,0,0,0,0,-0.00893204692650307,0,0,0,0,0,0,0,0,0,0,0,0,0,0,0,0,0,0,0.0484390861993254,0,0,0,0,0,0,0,0,0,0,0,0,0,0,0,0,0,0,0,0,0,0,0,0,0,0,0,0,0,0,0,0,0,0,0,0,0,0,0,0,0,0,0,0,0,0,0,0,0,0,0,0,0,0,-0.339360185814915,0,0,0,0,0.381428225384131,0,0,0,0,0,0,0,0,0,0,0,0,0,0,0,0,0,0,0,0,0,0,0,0,0,0,0,0,0,0,0,0,0,0,0,0,0,0,0,0,0,0,0,0,0,0,0,0,0,0,0,0,0,0,0,0,0,0,0,0,0,0,0
0,0,0,0,0,0,0,1.16693559062079,0.0154637455109492,0,0,0,0,0,0,0,0,0,0,0,0,0,0,0,0,0,0.874235689827861,0,0,0,0,0,0,0,1.5928943190195,0,0,0,0,0,0,0,0,-0.0983122527780143,0,0,0,0,0,0,0,0,0,0,0,0,0,0,0,0,0,0,0,0,0,0,0,0,0,0,0,0,0,0,0,0,0,0,0,0,0,0,0,0,0,0,0,0,0,0,0,0,0,0,0,0,0,0,0,0,0,0,1.9939461964589,0,0,0,0,0,0,0,0,0,0,0,0,0,0,0,0,0.109069521458401,0,0,0,0,0,0,0,0,0,0,0.206290507729797,0,0,0,0,0,0,0,0,0,0,0,0,0,0,0,0,0,0,0,0,0,0,0,0,0,0,0,0.127900514334012,0,0,0,0,0,0,0,0,-0.215305341068044,0.711863721276715,0,0,0,0,0,0,0,0,0,0,0,0,0,0,0,0,0,0,0,0,0,0,0,0,0,0,0,0,0,0,-0.174509425958955
0.0265414243231996,0,0.292491099239975,0,0,0,0,0.391360831595249,0,0,0,0,0,0,0,0,0,0,0,0,0,0,0,0,0,0,0,0.399961258978121,0,0,0,0,0,0,0,0,0,0,0,0,0,0,0,0,0,0,0,0,0,0,0,0,0,0,0,0.0642804886173889,0,0,0,0,0,0,0,1.85505549050884,0.550950421471525,0,-0.113347131818571,0,0,0,0.128030831880965,0,0.0848292274618685,0,0,0,0,0.085337927248857,0.192606839262335,0,0,0,0,0,0,0,0,0,0,0,0,0,0,0,0,0,0,0,0,0,0,0,0,0,0,0,0,0,0,0,0,0.0538850847548362,0,-0.0779388759274429,0,0,0,0,0,0,0,0,1.560483225591,0,0,0,0,-0.137114764855809,0,0,0,0,0,0,0,0,0,0,0,-0.0283349993861945,0,0,0,0,0,0,0,-0.07795624187103,0,0.322471232408109,0,0,0.137388006613442,0,0,0,0,0,0,0,-1.07478572031353,0,0,0,0,0,0,0,0,0,0,0,0,0,0,-0.201936894179416,0,0,0,0,0,0,0,0,0,0,0.0882356691691981,0,0,0,0.728115346809332,0,0,0,0.0623786011464944,-0.376531743425827,-0.240210332933643,0,0,0
9.84427276839417,0,0,0,0,0,0,0,0,0,0,0,0,0,0,0,0,0,0,0,0,0,0,0,1.05236105927291,0,0,0,0,0,0,0,0,0,0,0,0,0,0,0,0,0,0,0,0,0,0,0,0,0,0,0,0,0,0,0,0,0,0,0,0,0,0,0,0,0,0,0,0,0,0,0,0,0,-0.676403018913363,0,0,0,0,0,0,0,0,0,0,0,0,0,0,0,0,-0.0616872961458343,0,0,0,0,0,0,0,0,0,0,0,0,0,0,0,0,0,0,0,0,0,0.329368131190206,0,0,0,0,0,0,1.44144169562903,0,0,0,0,0,-0.234861489024605,0,0,0,0.0579356047672499,0,0,0,0.097880247589796,0,0,0,0,0,0,0,0,0.488924862924594,0,0,0,0,0,0,0,0,0,0,0,0,0,0,0,0,0,0,0,-0.363944536222774,0,0,0,0,0,0,0,0,0,0,0,0,0,0,0,0,0,0.430206200292071,0,-0.221175596433524,0,0,0,0,0,0,0,0,0,0,0,0,0,0,0,0
0,0,-0.328319602448341,0,0,0,0,-0.200841171830263,0,0,0.0770054142999061,0,0,0,0,0,0,0,0,0,0,0,0,0,0,0,0,-0.46417320265949,0,0,0.636614544772475,0,0,-0.0208110998852931,0,0.144555509241884,0,-1.74647662687969,0,0,0,0,0,0,0,0,0,0,0,0,0,0,0,0,0,0,0,0,0,0,0,0,0,0,0,0,0,0,0,0,0,0,0,0,0,-0.20180870553314,0,0,0,0,0,0,0,0,-0.414338462688318,1.05542684163681,0,0,0,0,0,0,0,0,0,0,0,0,0,0,0,0,0,0,0,0,0,0,0,0,0,0,0,0,0,0,0,-1.51667098926486,0,0,0,0,0,0,0,0,0,0,0,0,0.15715831393838,0,0,0,0,-0.0223260801410263,-0.595449825981521,0,0,0,0,0,0,0,0,0,0,0,0,0,0,0,0,0,0,0,0,0,0,0,-2.05548071852849,0,0,0,0,0,0,0,0,0,0,0,0,0,0,0,0,0,0,-0.0665126324506908,0,0,0,0,0,0,0,0,0,0,0,0,0,0,0,0,0,0,0,0
0,0,0,0,0,0,0,0,0,0,0,0,0,0,0,0,0,0,0,0,0,0,0,0,-0.0393735393212193,0,0,0,0,0,0,0,0,0,0,0,0.450476010857261,1.11869706803131,0,0,0,0,0,0,0,0,0,0,0,0,0,0,0,0,0,-0.108561196322395,0,0,0,-0.0398477294970252,0,0,0,0,0,0,0,0,0,0,0,0,0,0,0,0,0,0,0.695835125860408,0,0,0,0,0,0,0,0,0.219199342181157,0,0,0,0,0,0,0,0,0,0,0,0,0,0,0,0,0,0,0,0,0,0,0,0,0.0757414968951327,0,0,0,0,0,0,0,0,0,0,0,0,0.0366412341801674,0,0,0,0,0,0,0,0,0,0,0,0,0,0,0,0,0,0,0,0,0,0,0,0,0,0,0,0,0,-0.524697528122125,0,0,0,0,0,0,0,0,0,0,0,0,0.0105240622032186,0,0,0,0,0,0,0,0,0,0,0,0,0,0,0,0,0,0,0,0,0,0,0,0,0,0,0,-0.0109043020272188,0.238140210020987,0,0
0,0,0,0,0,0,0,0,0,0,0,0,0,0,0,0,0,0,0,0,0,0,0,0,0,0,-0.330856648898859,0,0,0,0,0,0,0,0,0,0,0,0,0,0,0,0.223222794092515,0,0,-0.436408581568555,0,0,0,0,0,0,0,0,0,0,0,0,0,0,0,0,0,0,0,-0.355905267833858,0,0,0,0,0,0,0,0,0,0,0,0,0.337553285840815,0,0,0,0,0,0,0,0,0,0,0,0,0,0,0,0,0,0,0,0,0,0,0,0,0,0,0,0,0,0,0,0,0,0,0,0.0189871125296637,0,0,0,0,0,0,0,0,0,0,0,0,0,0,0,0,0,0,0,0,0,0,0,0,0,0,0,0,0,0,0,0,0,0,0,0,0,0,0,0,-0.127559647613039,0,0,0,0,0,0,0,0,0,0,0,0,0,0,0,0,0,0,0,0,0,0,0,0,0,0,0,0,0,0,0,0,0,0,0,0,0,0,0,0,-0.00407656107218779,0,0,0
0,0,0,0,0,0,0,0,3.29371983105263,0,0,0,0,0,0,0,-2.75504153949617,0,0.0996764102992813,0.118273326126949,0,0,0,0,0,-0.368865438795025,-0.000925013113262985,0,0,-2.94790234860482,0,0,0,0,0,0,0,0,0,-0.451479533315983,-4.72014255730505,0,0,0,0,0,0,0,0,0,0,8.58147203574563,0.263312511577901,0,0,0,0,0,0.420895633265433,0,-0.145859086906424,2.89377044332009,0,0,0,0,0,0,0,0,0.270613253220543,0,0,0,-0.177515234420858,0,0,0,1.71434469867009,0,0,0,0,0,0,0,-4.05146609919059,0,0.42113581167619,0,0,0,0,0,-0.0905409552029901,1.12788212853414,0,0,0,0.258286741782378,-0.429488546873946,0,0,0,0,0,0,0,-0.620564518806239,0,0,0.255708213608624,0,-3.28130370428969,-0.896426858447024,0,12.6052748280657,0,0,0.988561974809953,0,-0.413892854942424,0,0,0,0,0,-1.74487389187815,0.667405542795408,0.15762217959321,0,0,0,0,0,0,0,0,0,1.24915719521261,0,0,0,0,0,0,0,0,0,0,-1.61365552007889,0,0,0.673139695899551,1.48904525152355,0,0,0,0,0,0,-0.199513423921026,0,0,0,0,0,0.343364677291375,0,0,0,0,0,0,-0.15493371047681,0,2.92806671719683,0,0,2.3200629474507,0,0,0,0,1.06680748918309,-1.20375997934171,0,-3.66119627004795,0,0,0,0,-1.53574577656921,0,0,0.243649838848585,0,-0.304186931676111,0,0
0,0,0.291348438993617,0,0,0,-0.803555127469971,0,0,0.0615875149232483,0,0,0,0,0,0,0,0,0,0,0,0,0.0552739002099041,0,0,0,0,0,-0.267821315239448,0,0,0,0,0,0,0,0,-0.61129760600462,0,0,0,0,0.375772468890269,0,0,0,0,0.716408177258119,0,0,0,0,0,0.528975157674426,0.677770963501984,0,0,0,0,0,0.477475413528822,2.27728602343217,0,0,0.747417323024254,0.794631208061749,0,0,0,0,0,0,0,0,0,0,0,0,0,0,0,0,0,0,0,0,0,0.288214293719675,0,0,0,0,0,0,0,0,0,0,0.469386285791788,0,0,0,0,0,0.20794958873771,0,0,0,0,0,0,0,0,0,0,0,0,0,0,8.59884808078444,0,-0.0765922448245293,0,0,0,0,0,0,0,0.614416068991502,0,0,-0.457259274398202,0,0,0,0,0,0,1.04407602923693,0,0,0,0,0,0,0,0,0,-0.294378274959503,0,0,0,0,0,0,0,0,-1.77170558839993,0,0,0,-0.953883052838215,0,0,0,0,0,1.22313002770688,0,0,0,0,0.0736146088390577,0,0,0,-0.0893110050969022,0,1.39093281134301,-0.711053424518341,0,0,-2.92079772091952,0,0,0,0,-0.0268106180919205,0.240347963101394,0,0,0,0,-0.619597192204684,0,0.526293373752262,0,0,0
0,0,0,0,-0.0438731908798595,0,0,0.31371715989685,0,0,0,-0.0984763591320803,0,0,0,0,0,0,0,0,0,0,0,0,0,0,0.77803736093654,0,-1.68324137959921,0,0,0,0,0,0.385261268389346,0,0,0,0,-0.133273580733136,0,0,1.83673982603832,0,0,0,0,0.917103737849944,0,0,0,0,0,0,0.50744349200149,0,0,0,0,-0.563554750945951,0,1.767345416049,0,0,1.07157333008527,0,0,0,0,0,1.05076931762257,0,0.215239693532518,0,0.0665265520338256,0,0,0,-0.460029290963251,0,0,0,-2.23618672275729,0,0,0.37355722979205,0,0,0.152245943254495,0,0.739073593915323,0,0.296105039116597,0,0,0,0,-0.173895311574528,0,0,0,0,0,0,0.0643540033490873,0,0,0,0,0,0,0,0,0,-0.0621044729018931,0,0,0,0,9.58205386158581,0,0,0,0,0,0,0,-1.14515763485586,0,0.443107957142154,0,0,0,0,-0.257758379470691,0,0,0,0,0,0,0,0,-0.0565553561283521,0,1.64657540500559,0,0,0.293836254984728,-0.535022662777179,0,0,0,0,0,0,0,0,-2.12873187052685,1.66217026295736,0,0,0,0,0,0,0,0,0,0,0,0,0,0,0,0,0,0,0,2.08172002212947,-0.595405785206461,0,0,-0.798058942451472,0,0,0,0,-0.125862488005058,1.2272877768608,0,0,0,0.59435743350218,0,0,1.090696164589,0,0,0
0,0.950326910786619,0,0,0,0,0,-1.44848147654662,0,0,0,0,0,0,0,0,0,0,0,0,0,0,-1.16849170053253,0,0,0,0,0,0,0,1.99148908033179,0.662928016451905,0,0,0.0575975227195926,1.7078512908057,0,0,0,0,0.321200709696931,0,0,0.202641995386109,-0.761124525895428,0,-0.455273186905042,0,0,0,0,0.0263105262252623,0,0,0,0,0.256374394971388,0,0,0,0,1.22150357644085,0.511825469244191,0,0,0,0,0,0,0,0,0,0,0,0,0,0,0.856089701095516,0,0,0,0,-1.80536185365122,1.95721751701355,0,0,0,-1.16380331385844,0,0,0,0,0.132987756022596,0,0,0,0,0,0,0,0,0,0,0,0,0,0,0,0,0,0,0,0.66882113609643,0,0,1.92275474570034,0,0,0,11.5428736429908,0,0.0487018557760157,0,0,0,0,0,0,0,0,0,0,0,0,0,0,0,0,0,0,0,0,0,0,0,6.16445545840173,0,0.154555502002928,0,0,1.03117335678428,0,0,0,0,0,0,0,-0.340149217092583,0,0,0,4.07132151048948,0,0,0,0,0,-1.77537528884408,0,0,0,0,0,0,0,0,0,0,0,-0.494853555904488,0,0,0,0,1.76822814593032,-0.940796081598906,0,0,0,0,0,-0.473041098742645,0,1.19520112107892,-3.16462372638347,0,0,0,0
0,-0.474584815647629,0,0,0,0,0,0.376384793206878,0,0,0,0,0,0,0,0,0,0,0,0,0,0.0323384379525209,0,0,0,0,0,0,0,0,-0.611654161105923,0,0,0,0,0,0,0,0,0,-0.0364090373270611,0,0,0,0,0,0,0,0,0,0,0,0,0,0,0,0,0,0,0,0,0,0,0,0.182743227187443,0,0,0,0,0,0,0,0,0,0,0,0,0,0,0,0,0,0,0,0,0,0,0,0,0,0,0.645874828563939,0,0,0,0,0,0,0,0,0,0,0,0,0,0,0,0,0,0,0,0,0,0,0,0,0,0,0,0,0,0,-0.436092039785787,0,0,0,0.100273332412,0,0,0.643403539840141,0,0,0,0,0,0,0,0,0,0,0,0,0,0,0,0,0,0,0,0,0,-0.0453525185828667,0,0,0,0,0,0,-13.6079008005025,0,0,0,0.268608492689055,0,0,0,0,0,0,0,0,0,0,0,0,0,0,0,0,0,0,0,0,0,0,0,0,0,0,0,0.451999571070257,0,0,0,0,0,0,0,0,0
0,0,0,0,0,0,0,0.475119577552727,0,0,0,0,0,0,0,0,0,0,0,0,0,0,0,0,0,0,0,0,0,0,0,0,0,0,0,0,0,0,0,0,0,0,0,0,0,0,0,0,0,0,0,0,0,0,0,0,0,0,0,0,0,0,0,0,0.168716462666541,0,0,0,0,0,0,0,0,0.268627970727779,0,0,0,0,-0.247999978211314,0,0,0,0,0,0,0,0,0,0,0,0,0.504849264049015,0,0,0,0,0,0,0,0,0,0,0,0,0,0,0,0,0,0,0,0,0,0,0,0,0,0,0,0,0,0,-0.2849056461712,0,0,0,0.477699503855668,0,-0.235949356390283,0.652116815889632,0,0,0,0,0,0,0,0,0,0,0,0,0,0,0,0,0,0,-0.449640344350043,0,0,0,0,0,0,0,0,0,-13.7221537294561,0,0,0,0,0,0,0,0,0,0,0,0,0,0,0,0,0,0,0,0,0,0,0,0,0,0,0,0,0,0,0,0.258390080848976,0,0,-0.0730354992322089,0.23026847610431,0,0,0,0,0
0,0,0,0,0,0,0,0,0,0,0,0,0,0,0,0,0,0,0,0,0,0.0123791116801537,0,0,0,0,0,0,0,0,0,0,0,0,0,0,0,0,0,0,0,0,0,0,0,0,0,0,0,0,0,0,0,0,0,0,0,0,0,0,0,0,0,0,0.220079105899369,0,0,0,0,0,0,0,0,0.169999544678939,0,0,0,0,0,0,0,0,0,0,0,0,-0.663064197067609,0,0,0,0,0,0,0,0,0,0,0,0,0,0,0,0,0,0,0,0,0,0,0,0,0,0,0,0,0,0,0,0,0,0,0,0,0,0,0,0.666936829907555,0,0,0.212135747424558,0,0,0,0,0,0,0,0,0,0,0,0,0,0,0,0,0,0,-0.753941914276866,0,0,0,0,0,0,0,0,0,-14.5391354838923,0,0,0,0,0,0,0,0,0,0,0,0,0,0,0,0,0,0,0,0,0,0,0,0,0,0,0,0,0,0,0,0,0,0,-0.439269824451034,0.0986051693258163,0,0,0,0,0
0,0,0,0,0,0,0,0,0,0,0,0,0,0,0,0,0,0,0,0,0,0,0,0,0,0,0,0,0,0,0,0,0,0,0,0,0,0,0,0,0,0,0,0,0,0,0,0,0,0,0,0,0,0,0,0,0,0,0,0,0,0,0,0,0,0,0,0,0,0,0,-0.188615995512643,0,1.05389297805345,0,0,0,0,0,0,-0.132603694019531,0,0,0,0,0,0,0,0,0,0,0,0,0,0,0,0,0,0,0,0,0,0,0,-0.151121046774267,0,0,0,0,0,0,0,0,0,0,0,0,0,0,0,0,0,0,0,0,0,0,0,0,0,0,0,0,0,0,0,0,0,0,0,0,0,0,0,0,0,0,0,-0.571269209925518,0,0,0,0,0,0,0,0,0,-20.126679875672,0,0,0,0,0,0,0,0,0,0,-0.230965845527837,0.00795376670324521,0,0,0,0,0,0,0,0,0,0,0,0,0,0,0,0,0,0,0,0,0,0,-0.8615104289033,0,0,0,0,0,0
0,0,0,0,0,0,0,0,0,-0.15247927190666,0,0,0,0,0,0,0,0,0,0,0,0,0,0,-0.0344684084009395,0,-0.237154724811288,0,0,0,0,0,0,0,0,0,0,0,0,0,0,0,0,0,0,0,0,0,0,0,0,0,0,0,0,0,0,0,0,0,-0.330920972935593,0,0,0,0,0,0,0,0,0,0,0,0,1.13203592945811,0,0,0,0,0,0,0,0.51255053363191,0,0,0,0,0,0,0.0356574069374307,0,0,0,0,0,0,0,0,0,0,0,0,0,0,0,0,0,0,0,0,0,0,0,0,0,0,0,0,0,0,0,0,0,0,0,0,0,0,0,0,-0.285153625208081,0,0,0,0,0,0,0,0,0,0,0,0,0,0,0,0,0,0,0,0,0,0,0,0,0,0,0,0,-22.1519124462939,0,0,0,0,0,0,0,0,0,0,0,0,0,0,0,0,0,0,0,0,0,0,0,0,0,0.908921553497249,0,0,0,0,0,0,0,0,-0.578891433183669,-0.140148224006954,0,0,0.0388333790554531,0,0
0,0,0,0,0,0,0,0,0,0,0,0,0,0,0,0,0,0,0,0,0,0,0,0,0,0,0,0,0,0,0,0,0,0,0,0,0,0,0,0,0,0,0,0,0,0,0,0,0,0,0,0,0,0,0,0,0,0,0,0,0,0,0,0,0,0,0,0,0,0,0,0,0,0,0,0,0,0,-0.453308712699913,0,0,0,0,0,0,0.135631254394714,0,0,0,0,0,0,0,0,0,0,0,0,0,0,0,0,0,0,0,0,0,0,0,0,0,0,0,0,0,0,0,0,0,0.117927265987943,0,0,0,0,0,0,0,0,0,0,0,0,0,0,0,0,0,0,0,0,0,0,0,0,0,0,0,0,0,0,0,0,0,0,0,0,0,0,0,0,0,0,0,0,0,0,0,0,0,0,0,0,0,0,0,0,0,0,0,0,0,0,0,0,0,0,0,-1.4427909934244,0,0,0,0,0,0,0,0,0,0,0,0
0,0,0,0,0,0,0,0,0,0,0,0,0,0,0,0,0,0,0,0,0,0,0,0,0,0,0,0,0,0,0,0,0,-0.00278191399536309,0,0,0,0,0,0,0,0,0,0,0,0,0.0345164778219216,0,0,0,0,0,0,0,0,0,-0.0387817753270399,-0.620987408998275,0,0,0,0,0,0,0,0,0,0,0,0,0,0,0,0,0,0,0,0,0,0,0,0,0,0,0,0.93792048614474,0,0.523829504101489,0,0,0,0,0,0,0,0,0,0,0,0,0,0,0,0,0,0.057158901287953,0,0,0,0,0,0,0,0,0,0,0,0,0,0,0,0,0,0,0,0,0,0,0,0,0,0,0,0,0,0,0,0,0,0,0,0,0,0,0,0,0,0,0,0,0,0,0,0,0,0,0,0,0,0,0,0,0,0,0,0,0,0,0,0,0,0,0,0,0,0,0,0,0,0,0,0,0,0,-0.0619768637345779,0,0,0,0,0,0,0,0,0,0,0,0,0,0,0
0,0,0,0,0,0,0,0,0,0,0,0,0,0,0,0,0,0,0,0,0,0,-0.0920400516116295,0,0,0,0,0,0,0,0,0,0,-0.174978479770316,0,0,0,0,0,0,0,0,0,0,0,0,0,0,0,0,0,0,0,0,0,0,0,0,0,0,0,0,0,0,0,0,0,0,0,0,0,0,0,0,0,0,0,0,0.556341856750222,0,0,0,0,-0.635384919017045,0,0,0,0.495995031606066,0,0,0,0,0,0,0,0,0,0,0,0,0,0,0,0,0,0,0,0,0,0,0,0,0,0,0,0,0,0,0,0,0,0,0,0,0,0,0,0,0,0,0,0,0,0,0,0,0,0,0,0,0,0,0,0,0,0,0,0,0,0,0,0,0,0,0,1.92873719723795,0,0,0,0,0,0,0,0,0,0,0,0,0,0,0,0,0,0,0,0,0,0,0,0,0,0,0,0,0,0,0,0,0,0,0,0,0,0,0.0865785997624542,0,0,0,0,0
0,0,0,0,0,-0.0274814834002359,0,0,0,0,0,0,0,0.0241140324298368,0,0,0,0,0,0,0,0,0,0,0,0,0,0,0,0,0,0,0,0,0,0,0,0,0,0,0,0,0,0,0,0,0,0,0,0,0,0,0,0,0,-1.43542941484679,0,-0.218693164647822,0,0,0,0,0,0,0,0,0,0,0,0,0,0,0,0,0,0,0,0,0,0,0,0,0,0,0,0,0,0,0,0,0,0,0,0,0,0,0,0,0,0,0,0,0,0,0,0,0,0,0,0,0,0,0,0,0,0,0,-3.30864293892312,0,0,0,0,0,0,0,0,0,0,0,0,-0.116705277439445,0,0.768422865921231,0,0,0,0,0,0,0,0,0,0,0,0,0,0,0,0,0,0,0,0,0,0,0,0,0,0,0,0,0,0,0,0,0,-0.14764787040407,0,0,0,0,0,0,0.244310689230833,0,0,0,0,0,0,0,-0.40530256858942,0,0,0,0,0,0,0,-1.41702892821281,0,0,-0.0445070009419335,0,-0.148974792446421,0,0,0,0,0
0,0,0,0,0,0,0,0,0,0,0,0,0,0,0.458640493448593,0,0,0,0,0,0,0,0,0,0,0,0,0,0,0,0,0,0,0,0,0,0,0.0471972552538362,0,0,0,0,0,0,0,0,0,0,0,0,0,0,0,0,0,0,0,0,0,0,0,0,0,0,0,0,0,0,0,0,0,0,0,0,0,0,0,0,0,0,0,0,-0.532315228592326,0,-0.986462295418555,0,0,0,0,0,0,0,0,0,0,0,0,0,0,0,0,0,0,0,0,0,0,0,0,0,0,0,0,0,0,0,0,0,0,-0.0197810934666394,0,0,0,0,0,0,0,0,0,0,0,0,0,0,-0.0356153244022321,0,0,0,0,0,0,0,0,0,0,0,0,0,0,0,0,0,0,0.105018411763417,0,0,0,0,0,0,0,0,0,0,0,0,0,0,0,0,0,0,0,0,0,0,0,0,0,0,0,0.544907166783083,0,0,0,0,0,0,0,-0.374872254707688,0,0,0,0,0,0,0,0,0,0
0,0,0,0,0.27204990637874,0,0,0,0,0,0,0,0,0,0,0,0,0,0,0,0,0,0,0,0,0,0,-0.257128600248309,0,0,0,0,0,0,0,0,0,0,0,0,0,0,0,0,0,0,0,0,0,0,0,0,0,0,0,0,0,0,0,0,0,0,0,0,0,-0.0375938720723024,0,0,0,0,0,0,0,0,0,0,0,0,0,0,0,0,-0.832190464783767,0,0,0,0,0,0,0,0,0,0,0,0,0,0,0,0,0,0,0,0,0.219296447012707,0,0,0,0,0,0,0,0,0,0,0,0,0,0,0,-0.00496553534117039,0,0,0,0,0,0,0,0,0,0,0,0,0,0,0,0,0,0,0,0,0,0,0,0.109991495368303,0,0,0,0,0,0,0,0,0,0.370495452172709,0,0,0,0,0,0,0,0.270965472923056,0,0,0,0,0,0,0,0,0,0,0,0,0,0,0,0,0,0,0,0.456780974898837,0,0,0.19816368352727,0,0,0,0,-0.137990323394122,0,0,0,0,0,0,0,0,0,0
0,0,0,0,0,0,0,0,0,0,0,0,0,0,0,0,0,0,0,0,0,0,0,0,0,0,0,0,0,0,0,0,0,0,0,0,0,0,0,0,0,0,0,0,0,0.0792542551602495,0,0,0,0,0,0,0,0,0,0,0,0,0,0,0,0,0,0,0,0,0,0,0,0,0,0,0,0,0,-0.113269447549672,0,0,0,0,2.43315082013776,0,0,0,0,0,0,0,0,0,0,0.399311075976476,0,0,0,0,0,0,0,0,0,0,0,0,0,0,0,0,0,0,0,0,0,0,0,0.325336813153134,0,0,0,0,0,0,0,0,0,0,0,0,0,0,0,0,0,0,0,0,0,0,0,0,0,0,0,0,0,0,0,0,0,0,0,0,0,0,0,0,0,0,0,0,0,0,-0.159776738662556,0,0,0,0,0,0,0,0,0,0,0,0,0,0,0,0,0,0,0,0,0,0,0,0,0,0,0,0,0,0,0,0,0,0,0,0,0
0,0,0,0,-0.378303291529749,0,0,0,0,0,0,0,0,0,0,0,0,0,0.369565175261555,0,0,0,0,0,0,0,0,0,0,0,0,0,0,0,0,0,0,0.349402973018093,0,0,0,0,0,0,0,0,0,0,0,0,0,0,0,0,0,0,0,1.44040531119582,0,0,0,0,0,0,0,0,0,0,0,0,0,0.147626684498302,0,0,0,0,0,0.0354877643399112,0,0,0,0,0,0,0,1.54576383024362,0,0,0,0,0,0,0,0,0,0,0,0.496252275270189,0,0,0,0,0,0,0,0,0,0,0,0,0,0,0,0,0,0,0,0,0,0,0,0.142854761212297,0.198903778606686,0,0,0,0,0,0,0,0,0,0,0,0,0,0,0,0,0,0.464942625507655,0,0,0.245643643579856,0,0,0,0.447609171070035,0,0,0,0,0,0,0,0,0,0,0,0,0,0,0,0,0,0,0,0,0,0,0,0,0,0,0,0,0,0,0,0,0,0,0,0,-0.197243956873953,0,0,0,0,0,0,0,0,0,0,-0.969239410532503,0,0,0,-0.612298200608003
0,0,0,0,0,0,0,-0.348897561107177,0,0,0,0,0,0,0,0,0,0,0,0,0,0,0,0,0,0,0,0,0,0,0,0,0,0,0,0,0,0,0,0,0,0,0,0,0,0,0,-1.61653258435408,0,0,0,0,0,0,0,-0.135101684652374,0,0,0,0,0,0,0,0,0,0,0,0,0,0,0,0,0,0,0,0,0,0,0,0,0,0,0,0,0,0,0,0,0,0,0,0,0,0,0,0,0,0,0,0,0,0,0,0.279842888187439,0,0,0,0,0,0,0,0,0,0,0,0,0,0,0,0,0,0,0,0,0,0,0,0,0,0,0,0,0,0,0,0.0115081199858771,0,0,0,0,0,0,0,0,0,0,0,0,0,0,0,0,0,0,0,0,0,0,0,0,0,0,0,0,0,0,0,0,0,0,0,0,0,0,0,0,0,0,0,0,0,0,0,0,0,0,0,0,0,0,0,0,0,0,0,0,0,0,0,0
0,0,0,0,0,-0.375077939186673,0,0,0,0,0,0,0,0,0,0,0,-0.0407081300327927,0,0,0,0,0,0,-0.10886045123719,0,0,0,0,0,0,0,0,0,0,0,0,0,0,-0.0271919614227969,0,0,0,0,0,0,0,0,0,-0.508911481052805,0,0,0,0,0,0,0,0,0,0,0,0,0,0,0,0,0,0,0,0,0,0,0.129676635266841,0,0,0,0,0,0,0,-0.589647010350721,0,0,0.155586193035217,0,0,0,0,0,0.0875822255914356,0,3.30380434998409,0,0.161359929560322,0,0,0,0,0,-0.623101050478856,0,0,0.0566903530195848,0,0,0,0,0,0,0,-1.33045034696277,0,0,0,0,0,0,-0.159325153409162,0,0,0.113377135594812,0,0,0,0,0,0,0,0,1.09506907129078,0,0,0,0,1.57221591990668,0,0.20729400768583,0,0,0,-0.316631214706837,-0.392956531526104,0,0,0,0,0,-0.149164000544568,0,0,0,0,0,0,-0.277143505154456,0,0,0,0.546088513549122,0,0,0,0,0,0,0,0,0,0.726737102909057,0,0,0,0,0.0617488542880478,-0.0805016792869411,0,0,0.262622924269068,0,0,0,0,0,0,0,0,0,0,0,0,0,0,0,0,-0.0282211057699273,0,0,-0.111909364531549,0,0
0,0,0.341729828797313,0,0,0,0,0.383047985235037,0.480622332224394,0,0,0,0.0873407857011173,0,0,0,0.114396997471976,0,0,0,0,0,0,0,0,0,0,0,0,-1.91475425406926,0,0,0,0,0,0,1.64957055265155,0,0,0,0,0,0,0,0,0,0,0,0,0,0,0,0,0,0,0,0,0,0,0,0,0,0,-0.300700371468607,0,0.00564855801078235,0,0,0,0,0,0,0,0,0,0,-0.655150754274909,0,0.131609819805024,0,0,0,0,0,0,0,0,0,0,0,0,0,0,0,0,0,-0.0229732272017935,0,1.34533309092895,0,0,0,0,0,0,0,-4.88499465832739,0,0,0,0,0,0,0,0,-0.152851111042674,0,0,-0.124547163191771,0.774586346763745,0,0,-0.913140390397204,0,0,0,-0.0441373056939676,-0.479674845193958,0,0,-0.203278616455234,0,0.44085838817746,0,0,0,0.13882508426008,0,0,0,-0.254317318752304,-0.402153019789916,0,-0.3487760241104,0,0,0,0,0,0,0,0,0,0,0,0.207528042515774,0,0.00931430398302413,0,-0.0337079148288411,0,0,0,-0.785097758931617,0,0,0,0,0,0,0,0,0,0,0,0,0,0,0,0,0,-0.326530581187968,0,0,0,0,0,-1.26717161074097,0,0,0,0,0.0338859032776342,0,0,0,0,0,0,0
0,0,0,0,0,0,0,0,0,0,0,0,0,0,0,0,0,0,0,0,0,0,0,0,0,0,0,0,0,0,0,0,0,0,0,0,0,0,0,0,0,0,0,0,0,0,0,0,0,0,0,0,0,0,0,0,0,0,0,0,0,0,0,0,0,-0.122192579809434,0,0,0,0,-0.208335721865007,0,0,0,0,0,0,0,0,0,-0.00776261192903505,0,-0.0100579279781592,0,0,0,0,0,0,0,0,0,0,0,0,0,0,0,0,0,0,0,0,0,0,0,-5.29282298118289,0,0,0,0,0,0,0,0,0,0,0,0,0,0,0,0,0,0,0,0,0,0,0,0,0,-0.633050099871311,0,0,0,0,0,0,0,0,0,0,0,0,0,0,0,0,0,0,0,0,0,0,0,0,0,0,0,-1.22400461375848,0,0,0,0,0,0,0,0,0,0,0,0,0,0,0,0,0,0,0,0,0,0,0,0,0,0,0,0,0,0,0,0,0,0,0,0,0,0,0
0,0,0,0,0,0,0,0,0,0,0,0,0,0,0,0,0,0,0,0,0,0,0,0,0,0.135526786517146,0,0,0,0,0,0,0,0,0,0,0,0,0,0,0,0,0,0,0,0,0,0,0,0,0,0,0,0,0,0,0,-0.172417095495082,0,0,0,0,0,-0.132957416841126,0,0,0,0,0,0,0,0,0,0,0,0,0,0,0,-0.0339937291340953,0,0,0,0,0,0,0,0,0,0,0,0,0,0,0,0,0,0,0,0,0,0,0,0,0,0,0,0,0,0,0,0,0,0,0,-0.0109466227587844,0,0,0,0,0,0,0,0,0,0,0,0,0,0,0,0,0,0,0,0,0,0,0,0,0.0693505354442634,0,0,0,0,0,0,0,0,0,0,0,0,0,0,0,0,0,0,0,0,0,0,0,0,0,0,0,0.447708072466174,0,0,0,0,0,0,0,0,0,0,0,0,0,0,0,0,0,0,0,0,0,0,0,0,0,0,0,0,0,0,0
0,0,0,0,0,0,0,0,0,0,0,0,0,0,0,0,0,0,0,0,0,0,0,0,0,0,0,0,0,0,0,0,0,0,0,0,0,0,0,0,0,0,0,0,0,0,0,-0.379052794698958,0,0,0,0,0,0,0,0,0,0,0,0,0,0,0,0,0,0,0,0,0,0,0,0,0,0,0,0,0,0.091888648164266,0,0,0,0,0,0,0,-0.69363786070754,0.345504867672471,0,0,0,0,0,0,0,0,0,0,0,0,0,0,0,0,0.0300934335523784,0,0,0,0,0,0,0,0,0,0,0,0,0,0,0,0,0,0,0,0,0,0,0.117774963535217,0,0,0,0,0,0,0,0,0,0,0,0,0,0,0,0,0,0,0,0,0,0,0,0,0,0,0,0,0,0,0,0,0,0,0,0,0,0,0,0,0,0,0,0,0,0,0,0,0,0,0,0,-0.286172485366656,0,0,0,0,0,0,0,0,0,0,0,0,0,0,0,-0.5009805640983,0,0,0,0
0,0,0,0,0,0,0,0,0,0,0,0,0,0,0,0,0,0,0,0,0,0,0,0,0,0,0,0,0,0,0,0,0,0,0,0,0,0,0,0,0,0,0,0,0,0,0,-0.844163330611494,0,0,0,0,0,0,0,0,0,0,0,0,0,0,0,0,0,0,0,0,0,0,0,0,0,0,0,0,0,0,0,0,0,0,0,0,0,0,0,0,0,0,0,0.862882896251289,0,0,0,0,0,0,0,0,0,0,0,0,0,0,0,0,0,0,0,0,0,0,0,0,0,0,0,0,0,0,0,0,0,0,0,0,0,0,0,0,0,0,0,0,0,0,0,0,0,0,0,0,0,0,0,0,0,0,0,0,0,0,0,0,0,0,0,0,0,0,0,0,0,0,0,0,0,0,0,0,0,0,0,0,0,0,0,-0.0370150044837916,0,0,0,0,0,0,0,0,0,0,0,0,0,0,0,0,0,0,0,0
0,0,0,0,0,0,0,0,0,0,0,0,0,0,0,0,0,0,0,0,0,0,0,0,0,0,0,0,0,0,0,0,2.85101596501687,0,0,0,0.574072409538182,0,0,0,0,0,0,0,0,0,0,0,0,0,0,0,0,0,0,0,0,-0.0194031378060548,0,0,0,0,0,0,0,0,0,0,0,0,0,0,0,0,0,0,0,0,0,0,0,0,0,0,0,-0.55262080470354,0,0,0,0.348426753189732,0,0,0,0,0,0,0,0,0,0,0,0,0,0,0,0,0,0,0,0,0,0,0,0,0,0,0,-2.33331527717792,0,0,-0.561286696253762,0,0,0,0,0,0,0,0,0,0,0,0,0,0,0,0,0,0,0,1.11300248005547,0,0,0,0,0,0,0,0,0,0,0,0,0,0,0,0,0,0,0,0,0,0,0,0,0,0,0,0,0,0,0,0,0,0,0,0,0,0,0,0,0,0,0,0,0,0,0,0,0,0,0,0,0,0,0,0,0,0,0
0,0,0,0,0,0,0,0,0,-0.0886415821209698,0,0,0,0,0,0,0,0,0,0,0,0,0,0,0,0,0,0.905401613283149,0,0,0,0,2.34455732538933,0,0,0,0.892333666263785,-0.243031199156296,0,0,0,0,0,0,0,0,0,0,0,0,0,0,0,0.745562212689799,0,0,0,0,0,0,0,0,0,0.775841924677223,0,-0.656258476408938,0,0,0,0,0,0,0,0,0,0,0,0,0,0,0.48123403704482,0,0,-0.236035713102711,1.02926540226046,-0.0175406272234107,0,0,0,0,0,0,-0.523952311034998,0,0,0,0,0,0,0,0,0,0,0,0,0.00817240709733702,0,0,0,0,0,0,0,0.19745396173991,0,0.124377918077252,0,-1.9540942214087,0,0.0143562473912573,0,0,0,0,0,0,0,0,0,0,0,0,0,0,0,0,0,0,0,0,1.78681274239404,0,0,0,0,0,0,0,-0.783698408118391,0,0,0,0,0,-0.363900291821921,0.193772825607829,0,0,0,0.342540978531726,0,0,0,0,0,0,0,0,0,0,0,0,0,0,0,0,0,0,0,0.58009150268827,0,0,0,0,0,0,0,0,0,0,0,0,0,0,0,0,0,0,0,0
0,0,0,0,0,0,0,0.666314202486443,-4.36768744059037,0,-0.457064633496497,0.00610604976482332,0,-1.13285003338568,0,0,0,0,0,0,0.654280458774412,0,0,0,1.18713786912138,0,0,-0.0557062051619708,0,0,0,0.630963242629047,0,-3.12885811978185,0,1.71099800912488,-2.48485545508954,2.82389272629845,0,0,0,0,0.157358528416763,0,0,-0.00341191973282817,0,0.029500524198294,0,0,0,0,0,-0.316740178496506,-0.0457661603943231,0,-0.230794994630158,3.23315851563015,0.212177376185584,1.78612273759127,0.204935862167117,0,0,0,0,0,0,0,0,0,1.23241228986735,0,0,0.373992277493283,0,0,0,0,0,0,1.56538682387668,0,0,0,0.76899921157428,0,0,0,-0.42148634264642,-0.223910581489591,-0.647382118493238,0,0,0,0,1.50357929499207,0,0,0,-1.84746527924203,0,0,0,0,0,0,0,0.0397924338867377,0,0,0,0,0,0,0,0,0,0,0,0.722100130362303,0,0,0,0,0,0,0.167445384222614,0,0.542821545351237,0,0,-0.320736981927075,-1.20106817304128,0,0,0,0,15.2014685559913,0,0,0,0,0,0.0622413511872324,-0.0614237762373377,0,0,0,0,0,0,0,0,0,0,0,0,0,0,0,1.49270211240628,-0.239895898604049,0.292249317112631,0,0,0,0,0,0,0,0.116862292448698,0,0,2.77730468590663,0,0,0.7347170633436,0.756131527398003,0,0,0,-0.00405821065321144,0,0,0,0,-0.497574625604355,0,0,0,0,0,0,0,-1.3452988762522,0,0,-1.82790921045448,0,0.647375449551949
0,0,0,0,0,0,-0.570835002733981,-0.30817615128506,0,1.05495375723569,0,0,0,-0.348781822821095,0,0,-0.0112082805931799,0,-0.352461551667097,0,0,0,0,0,0,0,0,0,0,0,0,0,0,0,0,0,0,0.0428960793711379,0,0,0,0,0,0,0.300585685819169,0.549533086086628,0,0,0,0,0,0.449031727985175,0,-0.23625948028742,0,0.228124536181667,0,0,0,0,0,0,0,0,0,-0.340528147155043,0,0,0,0,0,0,0,0,0,0,0,0,0,0,0,0,0,0,-0.0136983622314264,0,0,0,0,0,0,0.374960528353428,0,0,0.567750871252325,0,0,-0.309198486801104,0,0,0,0,0,0,0,0.225361169852444,0,0,0,0,0,0,0,0,0,0,0,0,0,-0.163724219691123,0,0,-0.855677604603066,0,0,0,-0.499259569578852,0,0,0,0,0,0,0,0,0,0,0,0,0,-0.188054076258965,0,0,0,0,0,0,0,0.116087891052147,-1.20164052760999,0,0,0,0,0,0,0,0,0,0,-0.363056957305599,0,0,-0.200519411423447,0,0,0,0,-1.01744387425408,0,0,0,0,0,0,0.416142751013153,0,0.874703848792731,0,0,0,0,0,0,0,0,0,0.0266130677738641,0,0,0.269798134335013,0,0,0,0,0,0,0,0,0
0,0,0,0,0,0,1.00338320850877,0,0,0,0,0,0,0,0,0,0,-0.781443039954641,0,0,0,0,0,0,0,0,0.646363102743946,0,0,0,0,0,0,0,0,0,0,0,0,0,0,0,0,0,0,0,0,0,0,0,0,0,0,-0.557959571587503,0,0,0,0,0,0,0,-0.107171637465843,-0.0352088959102708,0,0.0662515147950589,0,0,0,0,0,0,0,0,0,0,0,0,0,0,0,0,0,-2.14173540447687,0,0,0,0.345758087080223,0,0,0,0,-1.33963750848346,0,0,0,0,0,-0.0986649588673656,0,0,0,0,0,0.434512967410768,0,-0.256243905404743,0,0.619299387595602,-0.250841809735499,0,0,0,0,0,0.717315724863361,0,0,0,0,0,0,0,1.71035362819238,0,0,0,0,0,0,0,0,0,0.896820005441054,0,0,0,0,0,0,0,0,0,0,-1.22454996026314,0,1.03389834332123,0,-0.986304374911889,0,0.505382995260799,0,0,0.25425045675612,0,0,0,0,0,0,0.161062641830942,0,1.44359516124372,0,0,0,0,0,0,0.105531668707818,-1.12437792463768,0.622260537619985,0,-0.194502937218698,0,0,0,0,0,0,-0.0722945323064581,0,0,0,0,0,-0.235663289377023,0.213258225337534,0,0,-0.0662208719465842,0,0,0,-0.446380338884031,0,0,0,0,0,0
0,0,0,0,0,0,0,0,0,0,0,0,0,0,0,0,0.321676024710404,0,0,0,0,0,0,0,0,0,0.700649999405832,0,0,0,0,0,0,0,0,0,0,0,0,0,0,0,0,0,0,0.473912354175027,0,0,0,-0.305186115966269,0,0,0,0,0,0,0,0,0,0,0,0,0,0,0,0,0,0,0,0,0,0,0,0,0,0,0,0.0891784969743892,0,0,-0.0604380259664765,0,0,0,0,0,0,0,0,0,0,0,0,0,0,0,0,0,0,0,0,0,0,0,0,0,0,0.439038599741303,0,0,-0.486050668595335,0.216052654384724,0,0,0,0,0,0,0,0.17220443174379,0,0,0,0,0,0,0,0,0,0,0,0,0,0,0.506732632306204,0,0,0,0,0,-0.439471002763383,0,0,0,0,0,0,0,0,0,0,0,0,0,-0.170318075083095,0,0,0,0,0,0,0,0,-0.107029476537799,0,0,0,0,0,0,0,0,0,0,0,0.483324402937305,0,0,0,0,0,0,0,0,0,0,0,0,0,0,0,0,0,0,0,0,0,0,0,0
0,0,0,0,0.699510956397017,0,0,0,0,-1.28237791035063,0,0,0,0,0,0,0.7597506525772,0,0,0,0,0,0,0,0,0,0.758584019950232,0,0,0,0,0,0,0,0,0.0260404669801051,0,0,0,0,0,0,0,0,0,0,0,0.120689418398435,0,-1.97921526446475,0,0,0,0,0,0,0,0,0,0,0,0,0,0,0,0,0,0,0,0,0,0,0,0,0,0,0,0,0,0,0,0,0,0,-0.109314765214647,0,0.156514324764843,0,0,0,0,0,0,0,0,0,0,0,0,0,0,0,-0.466401477570184,0,0,0,0,0.363364042781186,0,0,-8.33384526316781,0,0,0,0,0,0,0,0,1.44140784915331,0,0,0,0,0,0,0,0,0,0,0,0,0,0,4.74164618142912,0,0.714083293469065,0,0,0,0,0,0,0,0,0,0,0,0,0,-0.229840374948581,0,0,0,0,0,0,0,0,0,0.348393525947798,0,0,0,0,-0.768257146274657,-0.36959633589024,0,0,0,0,0,0,0.121226091977545,0,0,0,0,0,0,0,0,0,0,0,0.0793692182425851,0,0,0,0,0,0,0,0.0336300299330481,0,0,0,0,0,0
0,0,0.419471590277771,0,0,0,0,0,0,0,0,0,0,0,0,0,0,0,0,0,0,0,0,0,-0.613218074472431,0,0,0,0,0,0,0,0,0.0318460294327896,0,0,0,0,0,0,0,0,0,0,0,0,0,0,0,0,0,0,0,0,0,0,0,0,0,0,0,0,0,0,0,0,0,0,0,0,0,0,0,0,0,0,0,0,0,0,0,0,0,0,0.314080733943177,0,0,0,0,0,0,0,0.0712644960381461,0,0,0,0,0,0,0,0,0,0,0,0,0,0,0,0,0,0,-0.862743868250393,0,0,0,0,0,0,0,0.392904747807414,0,0,0,0,0,0,0,0,0,0,0,0,-0.266101005604686,0,0,0,0,0,0,0,0,0,0,0,0,0,0,0,0,0,0,0,0,0,0,0,0,0,0,0,-0.447703562525595,0,0,0,0,0,0,0,0,0,0,0,0,0,0.261890044416082,0,0,0,0,0,0,0,0,0.0815162070385689,0,0,0,0,0,0,0,0,0,0,0,0,0,0,0,0
0,0,-0.53604928849989,0,0,0,0.102638783869813,0,0,0,0.862678853400111,0,0,0,0,0,0,0,0,0,0,0,0.393146050951528,0,0,0,0.328679181158943,0,0,0,0.034859260723435,0,0,-0.0745642152806361,0,0,0,0,0,0,0.144098926316673,0,0,-0.203291849305252,0,0,0,0,0,0,0,0,0,0,0,0,0,0,0,0,0,0,0,0,0,0,0,-0.138758879679274,0,0,0,0,0,0,0,0,0,0,0,0,1.21580055812108,0,0,0,0,0,0.964760137105796,0,0,0,0,0,0,0,0,0,0,0,0,0,0,0,0,0,0,-0.706809073799419,0,0,0.417303718140616,0,0,0,0,0,0,0,0,0,0,0,0,0,-0.316646460797295,0,0,0,0.14287461697529,0.116755166480005,0,0,-0.124088215770297,-0.981228726580909,0,0,0,0,0,0,0,-0.108272579308452,0,-0.732130744739381,0,-3.01739478847738,0.320314045498497,0,0,0,0,0,-0.0325712523528063,0,0.23812800812368,0,0.0191958026693799,0,0,0,0,0,0,0,0,0,0,0,0.464106021482859,0,0,-0.232607699643717,0,0,0,0,0,0,0,0,0,0,0,0.199450788347393,0,0,-0.431094414197719,0,0,0,0,0,0,0,0,0,0,0.564867840721037,0,0,0,-0.168105405176091
0,0,0,0,0,0,0,0,0,0,0,0,0,0,0,0,0,0,0,0,0,0,0,0,0,0,2.0073149221229,0,0,0,0,0,0,0,0,0,0,0,0,0,0,0,0,0,0,0,0,0,0,0,0,0,0,0,0,0,0,0,-0.0767694621895703,0,0,0,0,0,0,0,0,0,0,0,0,0,0,0,0,0,0,0,0,0,0,0,0,0,0,0,0.183571219787247,0,0,0,0,0,0,0,0,0.181419822264556,0,0,0,0,0,0,0,0,0,0,0,0,0,0,0,0,0,0,0,0,0,0,0,0,0,0,-0.137234548074671,0,0,0,0,0,0,0,0,0,0,0,0,0,0,0,0,0,0,-0.141528948274587,0,0,0,0,0,0,0,0,0,0,0,0,0,0,0,0,0,0,0,0,0,0,0,0,0,0,0,0,0,0,0,0,0,0,0,0,0,0,0,0,0,0,-0.37228572718104,0,0,0,0,0,0,0,0,0,0,0,0,0,0,0
0,0,0,0,0,0,0,0,0,0,0,0,0,0,0,0,0,0,0,0,0,0,0,0,0,0,1.91013188741249,0,0,0,0,0,0,0,0,0,0,0,0,0,0,0,0,0,0,0,0,0,0,0,0,0,0,0,0,0,0,0,0,0,0,0,0,0,0,0,0,0,0,0,0,0,0,0,0,0,0,0,0,0,0,0,0,0,0,0,0,0,0,0,0,0,0,0,-0.0457923263255569,0,0,0,0,0,0,0,0,0,0,0,0,0,0,0,0,0,0,0,0.222218164458294,0,0,0,0,0,0,0,0,0,0,0,0,0,0,0,-0.118538794977347,0,0,0,0,0,0,0,0,0,0,0,0,0,0,0,0,0,0,0,0,0,0,0,0,0,0,0,0,0,0,0,0,0,0,0,0,0,0,0,0,0,0,0,0,0,0,0,0,0,0,0,0,0,-0.152558528506467,0,0,0,0,0,0,0,0,0,0,0,0,0,0,0
0,0,0,0,0,0,0,0,0,0,0,0,0,0,0,0,0,0,0,0,0,0,0,0,0,0,0.737952940134712,0,0,0,0,0,0,0,0,0,0,0,0,0,0,0,0,0,0,0,0,0,0,0,0,0,0,0,0,0,0,0,0,0,0,0,0,0,0,0,0,0,0,0,0,0,0,0,0,0,0,0,0.272417438416644,0,0,0,0,0.451092586007626,0,0,0,0,0,0.224475737559391,0,0,0,0,-0.151756301477998,0,0,0,0,0,0,0,0,0,0,0,0,0,0,0,0,0,0,0,0.425370493091664,0,0,0,0,0,0,0,0,0,0,0,0,0,0,0,0,0,0,0,0,0,0,0,0,0,0,0,0,0,0,0,0,0,0,0,0,0,0,0,0,0,0,0,0,0,0,0,0,0,0,0,0,0,0,0,0,0,0,0,0,0,0,0,0,0,0,0,0,0,-0.058130312606147,0,0,0,0,0,0,0,0,0,0.371338232189907,0,0,0,0,0
0,0,0,0,0,0,0,0,0,0,0,0,0,0,0,0,0,0,0,0,0.286479170669179,0,0,0,0,0,1.14983074409522,0,0,0,0,0,0,0,0,0,0,0,0,0,0,0,0,0,0,0,0,0,0,0,0,0,0,0.178401196512614,0,0,0,0,0,0,0,0,0,0,0,0,0,0,0,0,0,0,0,0,0,0,0,0,0.192453617207578,0,0,0,0,0,0,0,0,0,0,0.47955007118694,0,0,0,0,0,0,0,0,0,0,0,0,0,0,0,0,0,0,0,0,0,0,0,0,0,0,0,0,0,0.000213553492925955,0,0,0,0,0,0,0,0,0,0,0,0,0,0,0,0,0,0,0,0,0,0,0,0,0,0,0,0,0,0,0,0,0,0,0,0,0,0,0,0,0,0,0,0,0,0,0,0,0,0,0,0,0,0,0,0,0,0,0,0,0,0,0,0.194255555755325,0,0,0,0,0,0,0,0,0,0,0,0,0,0,0,0
0,0,0,0,0,0,0,0,0,0,0,0,0,0,0,0,0,0,0,0,0.0890390287942679,0,0,0,0,0,0,0,0,0,0,0,0,0,0,0,0,0,0,0,0,0,0,0,0,0,0,0,0,0,0,0,0,0,0,0,0,0,0,0,0,0,0,0,0,0,0,0,0,0,0,0,0,0,0,0,0,0,0,0,0,0,0,0,0,0.0690981751025115,0,0,0,0,0,0,0,0,0,0,0,0,0,0,0,0,0,0,0,0,0,0,0,0,0,0,0,0,0.0457337280755705,0,0,0,0,0,0,0,0,0,0,0,0,0,0,0,0,0,0,0,0,0,0,0,0,0,0,0,0,0,0,0,0,0,0,0,0,0,0,0,0,0,0,0,0,0,0,0,0,0,0,0,0,0,0,0,0,0,0,0,0,0,0,0,0,0,0,0,0,0,0,0,0,0,0,0,0,0,0,0,0,0,0,0,0,0
0,0,0,0,0,0,0,0,0,-0.261201705463982,0,0,0,0,0,0,0,0,0,0,0,0,0,0,0,0,0,0,0,0,0,0,0,-0.0573313517874021,0,0.102708329961341,0,1.29948782050112,0,0,0,0,0,0,0,0,0,0,0,0,0,0,0,0,0,0,0,0,0,0,0,0,0,0,0,0,0,0,0,0,0,0,0,0,0,0,0,0.437076906236889,0,0,0,0,0,0,0,0,0,0,0,0,0,0,0,0,0,0,0,0,0,0,0,0,-0.0167168868046343,0,0,-0.284105312586182,0,0,0,0,0,0,0,0,0,-0.193332755742337,0,-0.312382758069591,0,0,0.0228599577457547,0,0,0,0,0,0,0,0,0,0,0,0,0,0,0,0.24749522860305,0,0,0,-1.61203418387498,0,0,0,0,0,0,-0.355996465953481,0,0,0,0,0,0,0,-0.784270923203221,0,0,0,0,0,0,0,-0.227824523572824,0,0,0,0,-0.55792674258686,0,0,0,0,-0.601222351460746,0,0,0,0,0,0,0,0,0,0,0,0,0,0,0,0,0,0,0,0,0.485309465777428,-0.19193036339731,0,0,0,0
0,0,0,0,0,0,0,-0.574647303527374,0,0,0,0,0,0,0,0,0,0,0,0,0,0,0,0,0,0,0.0818001681810436,0,0,0,0,0,0,0,0,0.108629237724635,0,0,0,0,0,0,0,0,0,0,0,0,0,0,0,0,0,0,-0.360910025329826,0,0,-0.216519399563873,0,0,-0.603216172860849,-0.227130871126927,0,0,0,0,0,0,0,0,0,0,0,0,0,0,0,0,0.908144356390379,0,0,0,0,0,0,0,0,0.170310148815023,0,0,0,0,0,0,0,0,0,0,0,0,0,0,0,0.236434197198536,0,0,0,0,0,0,0,0,0,0,0,0,0,0,0,-0.0678518812321167,0,0,0,0,0,0,0.0922320789009692,0,0,0,0,0,0,0,0,0,-0.155054196483605,0,0,0,0,0,0,0,0,0,0,0,0,0,0,0,0,0,-0.151601263944006,0,0,0,0,0,0,0,0,0,0,0,0,0,0,0,0,14.1515795845944,0,0,0,0,0,0,0,0,0,0,0,-0.554454355647611,0,0,0,0,0,0,0,0,0,0,0,0,-0.1217834796453,0,0,0
0,0,0,0,0,0,0,-0.0469292989648689,0,0,0,0,0,0,0,0,0,0,0,0,0,0,0,0,0,0,0,0.485936950754555,0,-3.34810325276113,0,0,0,0,0,0,0,0,0,0,0,0,0,0,0,0,0,0,0,0,0,0,0,0,0,0,0,0,0,0,0,0,0,0,0,0,0.65302943098758,0,0,0,0,0,0,0,0,0,0.448159235528237,0,0,0,0,0,0,0,0,0,0.712901335965159,0,0,0,0,0.0396807877002412,0,0,0,0,0,0,0,0.367218225335186,0,0,0,0,0,0,0,0,0,0,0,0,0,0,0,0,0,0,0,0,0,0,0.240636299189372,0,0,0,-0.0584423479597884,0,0,0,0,0,0,0,0,0,0,0,0,0,0,0,0,0.594073585573223,-0.0519893611486362,0,0,0,0,0,0,0,0,0,0,0,0,0,0,0.741517208315115,0,0,0,0,0,0,0,0,0,0,0,18.9740488805703,0,0,0,0,0,0,0,0,0,0.91815009326936,0,0,0,0,0,0,0,0,0,0,0,0,-1.43876691680836,0,0,0,0,0
0,0,0,0,0,0,0,0,0,0,0,0,0,0,-0.0213511499811845,0,0,0,0,0,0,0,0,0,0,0,0,0,-0.375141074807069,-4.34709113563611,0,0,0,0,0,0,-1.07088046905991,-0.318760973150805,0,0,0,0,-0.293907640082669,0.208481338629156,0,0.368036642819301,0,0,0,0.0380715216501522,0,0,0,0.178039239099309,0,0,0,0.876347291149024,0,0,0,0,0,0,0,0,0,0,0,0,0,0,0,0,0,0,0,0,0,0,0,0,0,0,0,0,0,0,0,0.222309064551161,0,0,0,0,0,-0.0304934626634208,0,0,0,0,0,-0.0321518296756211,0,0,0,0,0,-0.229791744947001,0.832615135552274,0,0,0,0,-0.233973447900818,0.374637121779982,0,0,0,0,0,0,0,0.161631842946803,0,0,0,1.39766297364262,0,0,0,0,0,0,0,-1.31670024290293,0,0,0,0,0,0,1.24051382070453,0,1.41772572592822,0,0,0,0,0,0,0,0,0,-0.217407714846214,0,-0.414323736439028,0,0,0,0,0,0,0,0.265830994697566,0,0,0,0,0,0,0.00969786249754945,18.0172884637133,0,0,0,0,0,0,0,0,-0.282130602881346,0,0,0,0,0,0,-0.766630411574178,0,0,0,0,0.661309531083169,0,0,0,0,0,0,0
0,0,0,0,0,0,0,0,0,0.684709672353403,0,0,0,0,0,0,0,0,0,0,0,0,0,0,0,0,0,0,0,-0.727404271227859,0,0,0,0,0,0,0,0,0,0,0,0,0,0,0,0.389242820412246,0,0,0,0,0,0,0,0,0,0,0,0,0,0,0,0,0,0.181272574967192,0,0,0,0,0,0,0,0,0,0,0,0,0,0,0,0,0,0,0,0,0,0,0,0,0,0,0,0,0,0,0,0,0,0,0,0,0,0,0,0,0,0,0,0,0,0,0,0,0,0,0,-0.431026394064985,0,0,0,0,0,0,0,0,0,0,0,0,0,0,0,0,0,0,0,0,0,0,0,0,0,0.576717429024165,0,0,0,0,0,0,0,0,0,0,0,0,0,0,0,0,0,0,0,0,0,0,0,0,0,0,0,0,0,12.6216755678334,0,0,0,0,0,0,0,0.161829599864935,-0.812413930582214,0,0,0,0,0,0,0,0,0,0,0,0,0,0,0,-0.735060555898786,0,0,0
0,0,0,0,0,0,0,0,0,0,0,0,0,0,0,0,0,0,0,0,0,0,0,0,0,0,-0.194335774639761,0,0,0,0,0,0,0,0,0,0,0,0,0,0,0,0,0,0,0,0,0,0,0,0,0,0,0,0,0,0,0,0,0,0,0,0,0,0,0.0379604332073966,0,0,0,0,0,0,0,0,0,0,0,0,0,0,0,0,0,0,0,0,0,0,0,0,0.244448654367983,0,0,0,0,0,0,0,0,0,0,0,0,0,0,0,0,0.13267602326003,0,0,0,0,0,0,-1.13324792562229,0,0,0,0,0,0,0,0,0,0,0,0,0,0,0,0,0,0,0,0,0.531377365860233,0,0,0,0,0,0,0,-2.07472241487345,0,0,0,0,0,0,0,0,0,0,0,0,0,0,0,0,0,0,0,0,0,0,0,0,0,0,0,20.2288471670911,0,0,0,0,0,0,0,0,0,0,0,0,0,0,0,0,0,0,0,0,0,-0.0845154644546315,0,0,0,0,0,0
0,0,0,0,0,0.0659532619850227,0,0.401601121318074,0,0,0,0,0,0,0,0,0,0,0,0,0,0,0,0,0,0,-0.286456009079909,0,0,0.336880347430733,0,-0.00133818375637129,0,0,0,0,0,0,0,0,0,0,0,0,0,0,0,0,0,0,0,0,0,0,0,0,0,0,0,0,0,0,0,0,0,0,0,0,0,0,0,0,0,0,0,0,0,0,0,0,0,0,0,0,0,0,0,0,0,0,0.125695594118021,0,0,0,0.258281609632424,0,0,0,0,0,0,0,0,0,0,0,0,0.0598584028101192,0,0,0,0,0,0,-1.37402422137047,0,0,0,0,0.0659034748234339,0,0,0,0,0,0,0,0,0,0,0,0,0,0,0,0.580835601531134,0,0,0,0,0,0,0,-2.38762148773075,0,0,0,0,0,0,0,0,0,0,0,0,0,0,0,-0.493368678013408,0,-0.329387859419837,0,0,0,0,0,0,0,0,0,19.9933445601213,0,0,0,0,0,0,0,0,0,0,0,0,0,0,0.128275218138487,0,0,0,0,0,0,0,0,0,0,0,0,0.272091896336875
0,0,0,0,0,0.0400439219283348,0,0.0349313771053819,0,0,0,0,0,0,0,0,0,0,0,0,0,0,0,0,0,0,0,0,0,0.607387434965425,0,0,0,0,0,0,0,0,0,0,0,0,0,0,0,-0.0703817029632412,0,0,0,0,0,0,0,0,0,0,0,0,0,0,0,0,0,0,0,0,-0.239698373272994,0,0,0,0,0,0,0,0,0,0,0,0,0,0,0,0,0,0,0,-1.30882407099222,0,0,0,0,0,0,0,0,0,0,0,0,0,-0.205597413145788,0,0,0,0,0,0,0,0,0,0,0,0,1.34541641627396,-2.75639548533981,0,0,0,0,0,0,0,0,0,0,0,0,0,0,0,0,0,0,0,0.36225795009483,0.205307882841426,0,0,0,0,0,0,-0.163359175634764,-2.66347676558583,0,0,0,0,-0.108598587502903,0,0,0,0,0,0,0,0,0,0,0,0,0,0,-0.509017416255877,0,0,0,0,0,0,0,18.4687886325779,0,0,0,0,0,0,0,0,0,-0.0413343142012281,0,0,0,0,0,0,0,0,0,0,0,-1.00888129281834,0,0,0,0,0,0
0,0,0,0,0,0,0,0.219851928248675,0,0,0,0,0,0,0,0,0,0,0,0,0,0,0,0,0,0,0,0,0,0,0,0,0,0,0,0,0,0,0,0,0,0,0,0,0,0,0,0,0,0,0,0,0,0,0,0,0,0,-0.0476639752054775,0,0,0.0237575716825238,0,0,0,0,0,0,0,0,0,0,0,0,0.708742118336487,0,0,0.337119954366327,0,0,0,0,0,0.315202172682013,0,0,0,0,0,0,0,0,0,0,0,0,0,0,0,0,0,0,0,0,0,0,0,0,0,0,0,0.148128755195738,0,0,0,0.457122567460567,0,0.173918336936389,0,0,0,0,0,0,0,0,0,0,0,0,0,0,0.0413281592317429,0,0,0,0,0,0,0.648964897053422,0,0,0,0,0,0,0,0,0,0,0,0,0,0,0,0,0,0,0,0,0,0,0,0,0,0,0,0,0.024503330969224,0.470161498638157,0,0,0,0,0,0,0,0,0,0,0,0,0,0,0,0,0,0,0,0,0,0,0,0,-0.0244975190068895,0,0,0,0,0
0,0,0,0,0,0,-0.130531437318254,0,0,-2.25686961300451,0,0,0,0,0,0,0,0,0,0.804674614619595,0,0,0,0,0,0,0,0,0,0,0,0.586792384945328,0,1.22129555510205,0,-0.811521367036933,0,-7.08628859650093,0,0,0,0,1.22977261034806,0.219673219331931,0,0,0.257912488015139,0,0,-0.0311351023529542,0,0,0,-2.41858397238278,0,0,0,1.25236604359249,0,0,0,0,0,1.41107904717915,0,0.0663803816832635,0,0,0,0,0,0,0,0,0.208501870068007,0,0,0.830544487749232,0,0,0,0,0,0,0,0.295861195215387,0,0,0.613193699233977,0,0,0,0,0,0.894048980381891,0,0,0,0,0.132763201510238,0,0,0,0.0684400688974811,0,0,0,0,0,0,0,0,0,0,0,0,0,0,0,0.0968496921638415,0,0,0,0,0,0,0,0,0,0.138075517840676,-0.088063071111518,0,-1.73070837675595,0,-0.624905713726803,0,0,0,0,0,2.04694024130037,0.516228863373301,0,0,0,0,0,0,0,0,0,0,0.284112522115806,0,0,0,0,0,0,0,-0.962798196442504,0,-1.12462783533798,0,0,0,0,0,0,-1.49731711429844,0,0,0,0,0,0,0,0,0,0,0,-0.0282005087239472,-0.619615685845135,0,-0.593314896609749,-0.143272993688477,0,0.171782599798335,0,0,0,0,0.181132440248357,0,0,0,0,0,0,0.3313745422763
0,0,0,0,0,0,-0.0679700524451927,0,0,-0.799695024071553,0,0,0,0,0,0,0,0,0,0,0,0,0,0,-0.160656355033552,0,0,0,-0.0597095854453922,0,0,0,0,0.546344654064219,0,0,0,-5.35404591687282,0,0,0,0,0.484342847991498,0.602494023464504,0,0,0.276254576780602,0,0,0,0,0,0,-1.26298224716437,0,0,0,0,0,0,0,0,-0.0881371710462728,2.22313855946608,0,0,0,0,0,0,0,0,0.415683455697911,0,1.02432590429497,0,0,0,0,0,0,0,0,0.0104834148220916,0.202104020004827,0,0,0,0,0,0,0,0,0,0,0,0,0,0.169801457691693,0.0874700155124564,0,0.109382295459654,0,0.160742739200794,0,0,0,0,0,0,0,0,0,-0.156330441491928,0,-0.922814775916393,0,0,0,0,0.066312937261972,0,0,0,0,0,0,0,0,0,-0.0808810966957945,0.00261059918428663,0,0,0,0,0,0,0,0,1.57114908818499,0,0,0,0,0,0,-1.03443150775878,0,-0.612847356440784,0.10392642619078,0,0,0,0,0,0,0,0,0,0,-0.33421525045572,0,0.21154904362379,0,0,0,-0.881426222199421,0,0,0,0,0,0,0,0,0,0,0,0,0,-0.564074512438488,0,0.888073402323375,-0.765494294059225,0,0.479221845031921,0,0,0,-0.537070978443531,0,0,0,0.123378305446245,0,-0.150779576962052,0,0,0
0,0,0,0,0,0,0,0,0,-0.0252374424727859,0,0,0,0,0,0,0,0,0,0,0,0,0,0,0,0.175721371730679,0,0,0,0,0,0,0,0,0,0,0.110206311550726,-4.52027934653554,0,0,0,0,0.535094112253267,0,0,0,0,0,0,0,0,0,0,-1.8181049402379,0,0,0,0.527419704092468,0,0,0,0,0,1.11288955419316,0,0.42968147222059,0,0,0,0,0,0,0,0,0,0,0,0.413325478636275,0.644819998408682,0,0,0,0,0,0,0,0,0,0.0918743045205224,0,0,0,0,0,0,0,0,0,0,1.02487306072889,0.139998683657039,0.0851935528867416,0,0,0,0,0,0,0,0,0,0,0,0,0,0,0,0,0,0,-0.0602944484642181,0,0,0,0,0,0,0,0,0,-0.0366164837560869,0,0,0,0,0,0,0,0,0,0.954981428000804,0,0,0,0,0,0,-0.0431320419930081,0,-0.0229757818382548,0.806286650136536,0,0,0,0,0,0,0,0,0,0,0,0,0,0,0,0,0,0,0,0,0,0,0,0.790240284424872,0,0,0,0,0,0,0,0,0.171380483834173,-0.0859136682038184,0,0,0,0,0,-0.810209468428302,0,0.36788865003072,0,0,0,0,0,0,0
0,0,0,0,0,-1.38172550736049,0,0,0,0,0,0,0,0,0,0,0,0,0,0,0,0,0,0,-0.15634793822555,0,0,0,0,0,0,0,0,-1.22650170773915,0,0,0,-7.10763000499703,0,0,0,0,0.0817668630723105,0,0,0,0,0,0,0,0,0.00308750566267602,0,-1.06394892112631,0,0,-2.09394451214781,0.0360791591495853,0,0,0,0,0,0.719360319471224,0,0,0,0,0,0,0,0,0,0,0.408014148948204,0,0,0,0.348210741082328,0,0.151629337917258,0,0,1.27095120080594,0,1.87505746188774,0,0.0488288905810468,0,0,0.144908643970557,0.607395497632679,0,0,0,0,0,0.39736657287784,0.0246113487521844,0,0,0,0,0,0,0,0,-0.120652750466488,0,0,0,0,0,0,0,0,0,0,0,0,0,0,0,0,0,0.115511526598426,0,0,0,0,0,0,-0.833610053652577,0,0,0,0,0,0,0,1.0618314675312,0,0,0.247882953929733,0,0,0,0,0,-0.484637532107543,0.388685531538436,0,0,0.162997997750985,0,0.384913301374965,0,0,0,-0.145592859441387,0,0,0,0,0,0,0,0,0,0,0,0,0,-0.0677251575958555,0,0,0,0,0,0,0,0,0,0,-0.247625400418519,0,0,0,0,0,0,0,0.520580578385843,0,0,0,0,0,0,0
0,0,0,0,0,0,0,0,0,0,0,0,0,0,0,0,0,0,0,0,0,0,0,0,-0.0738911146778372,0,-0.639256389954635,0,0,0,0,0.290124649966709,0,0,0,-0.57236012682265,0,0,0,0,0,0,0,0,0,0,0,0,0,0,0,1.25444140412218,-0.600482040886233,-2.27094969422076,0,0,0,0,0,0,0,0,-0.00284598741581821,0,0,1.79584914963269,0,0,0,0,0,0,0,0,-0.468034946941327,0,0,0,0,0,0,0,0,0,0,0,0,0,0,0,0,0.259587856723948,0,0,0,0,0.808055413723342,0,0,0,0,0,0,0,0,0.523210008356304,0,0,0,0,0,-1.17793631961552,0,0,0,0,0,0,0,0,0,0,0.153810652151373,0,0,0,0,0,0,0,0,-0.883627098933884,0,0,0,0,0,0,0,0,0,0,0,0,0,0,0,0,0,0,0,0,0,0,2.49206140473538,0,0,0,0,0,-1.97277918477405,0,0,0,0,0,0,0,0.545867930453823,-0.402769310901259,0,0,0,0,0,0,0,0,0,0,0,0,0,0,0,0,0,-0.336538457011757,0,0,0,0,-2.57585117578235,0,-0.142695810164238,0,-1.54254890111943,0,0,0
0,0,0,0,0,0,0,0,0,0,0.525818145889773,0,0,0,0,0,0,0,-0.0537470923798518,0,0.213123569744824,0,0,0,0,0,0,0,0,0,0,0,0,0,0,0.352407155745305,0,-0.670300005334373,0,0.177824076765889,0,0,0,0.0200943167366727,0,-0.614477825569384,0,0,0,0,0,0,0,0,0,0,0,0,0,0,0,0,0,0,0,0,0,0,0,0,0,0,0,0,0,0.061291920964001,0,0,0,0,0,0,0,0,0,0,0,0,0,0,0,0,0,0,0,0,0,0,-0.611789091459613,0,0,0,0,0,0,0,0,0,0,0,0,0,0,0,0,0,0,0,0,0,-0.0983685855871264,0,0,0,0,0,0,-0.245386678612215,0,0,0,0,0,0,0,-0.398668985252591,0,0,0,0,0,0,0,0,0,0,0,0,0,0,0,0,0,0,0.0491710911293055,0,0,0,0,0,0,0,0,0,0,0,0,0,0,0,0,0,18.7110818735348,0,0,0,0,0,0,0,0,0,0,0,0,0,0,0,0,0,-0.0397227798942625,0,0,0,0,0,0,0,0,-0.465232729259901
0,0,0,0,0,0,0,0,0,0,0,0,0,0.446602738886189,0,0,0,0,0,0,0,0,0,0,0,0,0,0,0,0,-0.186504395427266,0,0,0,0,0,0,0,0,0.0971731445930197,0,0,0,0,0.250382714735468,0,0,0,0,0,0,0,0,0,0,0,0,0,0,0,0,0,0,0,-0.400072683833241,0,0,0,0,0,0.65373273541665,0,0,0,0,0,0,0,0,0,0,0,0.0161975881364917,0,0,0,0,0,0,0,0,0,0,0,0,0,-0.000314914512397735,0,0,0,0,0,0,0,0,0,0,0,0,0,0,0,0,0,0.0952366047285964,0,0,0,0,0,0,0,0.13931392009752,0,0,0,0,0,0,0.431902224052632,0,0,0,0,0,0,0,0,0,0,0,0,0,0,0,0,0,0,0,0,0,0,0,0,0,0,0,0,0,0,0,0,0,0,0,0,0,0,0,0,0,0,15.8887014920298,0,0,0,0,0,0,0,0,-0.0708295612928165,0,0,0,0,0,0,0,0,0,0,0,0,0,0,0,0,0,-0.112851362258265
0,0,0,0,0,0,0,0,0,0,0,0,0,0.194132984644465,0,0,0,0,0,0,0,0,0,0,0,0,0,0,0,0,0,0,0,0,0,0,0,0,0,0,0,0,0,0,0,0,0,0,0,0,0,0,0,0,0,0,0,-0.0052119794225578,0,0,0,0,0,0,-0.0308687559528491,0,0,0,0,0,0,0,0,0,0,0,0,0,0,0,0,0,0,0,0,0,0,0,0,0,0,0,0,0,0,0,0,0,0,0,0,0,0,0,0,0.411166557804039,0,0,0,0,0,0,0,0,0.0293514713616063,0,0,0,0,0,-0.993124841738664,0,0,0,0,0,0,0,0,0,0,0,0,0,0,0,0,0,0,0,0,0,0,0,0,0,0,0,0,0,0,0,0,0,-0.387802476322263,0,0,0,0,0,0,0,0,0,0,0,0,0,0,0,0,0,12.039227178162,0,0,0,0,0,0,0,0,0,0,0,0,0,0,0,0,0,0,0,0,0,0,0,0,0,0,0
0,0,0,0,0,0,0,0,0,0,-1.37694194692969,0,0,0,0,0,0,0,0,0,0,0,0,0,0,0,0,0,0,0,-0.4028359408598,0,0,-0.0547298829903635,0,0,0,0,0,0,0,0,0,0,0,0,-0.777445630851588,0,0,0,0,0,0,0,0,0,0.291353753659075,0,0,0,0,0,0,0,0,0,0,0,0,0,0,0,-0.146755609390237,0,0,0,0,0,0,0,0,0,0,0,0,0,0,0,0,0,0,0,0,0,0.0873620559661521,0,0,0,0,0,0.0596682324254958,0,0,0,0,0,0,0,0,0,0,0,0,0,0.360471150933088,0,0,0,0,0,0,0,0,0,0,0.121830647852834,0,0,0,0,0,0.332266873209474,0,0,0,0,0,0,0,0.0325598313724687,0,0,0,0,0,0,0,0,0,0,0,0,0,0,0,0,0,0,0,0,0,0,0,0,0,0,0,0,0,0,0,0,12.225776298991,0,0,0,0,0,0,0,0,0,0,0,0,0,0,0,0,0,0.450924578105735,0,0,0,0,0,0,0,0,0
0,0,0,0,0,0,0,0,0,0,0,0,0,0,0,0,0,0,0,0,0,0,0,0,0,0,0,0,0,0,0,0,0,0,0,0,0,0,0,0,0,0,0,0,0,0,0,0,0,0,0,0,0,0,0,0,0,0,0,0,0,0,0,0,0,0,0,0,0,0,0,0,0,0,0,0,0,0,0,0,0,0,0,0,0,0,-0.27374784445037,0,0,0,0,0,0,0,0,0,0,0,0,0,0,0,0,0,0,0,0,0,0,0,0,0,0,0,0,0,0,0,0,0,0,0,0,0,0,0,0,0,0,0,0,0.0409054692735378,0,0,0,0,0,0,0,0,0,0,0,0,0,0,0,0,0,0,0,0,0,0,0,0,0,0,0,0,0,0,0,0,0,0,0,0,0,0,0,0,11.0305258234124,0,0,0,0,0,0,0,0,0,0,0,0,0,0,0,0,0,0,0,0,0,0,0,0,0,0,0
0,0,0,0,0,0,0,0,0,0,0,0,0,0,0,0,0,0,0,0,0,0,0,0,0,0,0,0,0,0,0,0,0,-0.119855675506124,0,0,0,0.0876540348619603,0,0,0,-0.341500163437012,0,0,0,0.292409044196556,-0.408346534999243,0,0,0,0,0,0.134102846925871,0,-0.110866138207187,0,0,0,0,0,0,0,0,0,0,0,0,0,0,0,0,0,0,0,0,0,0,0,0,0,0,0,0,0,-0.114629623269294,0,0,0,0,0,0,0,0,0,0,0,0,0,0,0,0,0,0,0,0,0,0,0,0,0,0,0,0,0,0,0,0,0,0,0,0,0,0,0,0,0,0,0,0,0,0.17146615312098,0.333852585739323,0,0,0,0.025536609875916,0,0,0,0,0,0,0,0,0,0,0,0,-0.321609969875411,0,0,0,0.375358580382245,0,0,0,0,0,0,0,0,0,0,0,0,0,0,0,0,0,0,0,11.9782256176656,0,0,-0.194925761504425,0,0,0,0,0,0,0,0,0,0,0,0,0,0,0,0,0,0,0,0,0,0,0,0
0,0,0,0,0,0,0,0,0,0,0,0,0,0,0,0,0.020492131138198,0,0,0,0,0,0,0,0,0,0,0,0.0405479065696066,0,0,0,0,0,0,0,0,0,0,0,0,0,0,0,0,0,1.10233865620923,0,0,0,0,0,0,0,0,0,0,0,0,0,0,0,0,0,0,0,0,0,0,0,0,0,0,0,0,0,0,0,0,0,0,0,0,0,0,-0.305097548658761,0,0.0747367073165084,0,0,0,0,0,0,0,0,0,0,0,0,0,0,0,0,0,0,0,0,0,0,0,0,0,0,0,0,0,0,0,0,0,0,0,0,0,0,0,0,0,0,0,0,0,0,0,0,0,0,0,0,0,0,0,0,0,0,0,0,0,0,0,0,0,0,0,0,0,0,0,0,0,0,0,0,0,0,0,0,0,0,0,0,9.54788873050458,0,0,0,0,0,0,0,0,0,0,0,0,0,0.50332516177412,-0.167177370806115,0,0,0,0,0,0,-0.115249485654835,0,0,0,0,0
0,0,0,0,0,0,0,0,0,0,0,0,0,0,0,0,0,0,0,0,0,0,0,0,0,0,0,0,0,0,0,0,0,0,0,0,0,0,0,0,0,0,0,0,0,0,0,0,0,0,0,0,0,0,0,0,0,0,0,0,0,0,0,0,0,0,0,0,0,0,0,0,0,0,0,0,0,0,0,0,0,0,0,0,0,0,-0.0255013653418088,0,0,0,0,0,0,0,0,0,0,0,0,0,0,0,0,0,0,0,0,0,0,0,0,0,0,0,0,0,0,0,0,0,0,0,0,0,0,0,0,0,0,0,0,0,0,0,0,0,0,0,0,0,0,0,0,0,0,0,0,0,0,0,0,0,0,0,0,0,0,0,0,0,0,0,0,0,0,0,0,0,0,0.00385870650007591,0,0,7.83369765710363,0,0,0,0,0,0,0,0,0,0,0,0,0,0,0,0,0,0,0,0,0,0,0,0,0,0,0
0,0,0,0,0.151596008025834,0,0,0,0,0,0,0,0,0,0,0,0,-0.129220467500221,-0.427929247462155,0,0,0,0,0,0,0,0,-0.164079706971624,0,0,-0.781931956876923,0,0,0,0,0,0,-0.0847222887456864,0,0,0,0.779800491085522,0,0,0,0,0.221707542942798,0,0,0.0326546418346609,0,0,-1.31698168731725,0,0,0,0,0,0,0,0,0,-0.0885890007470462,0,0,0,0,0,-0.105598776564952,0,0,0,-0.513208628340313,0,0,0,0,0,0,0,0,0,0,0,0,0,0,0,0,0,0,0,0,0,0,0,0,0.0404170468432636,0,0,0,0,-0.0209816957851836,0,0,0,0,0,0,0,0,-0.0734182873653177,0,0,0,0,0,0,0,0,0,0,-0.126959685801089,0,0,0,0,0,0,0,0,0,0,0,0,0,0,0,0,0,0.00290020413296266,0,0,0,0,0,0,0,0,0,0,0,0,0,0,0,0,0,0,0,0,0,0.508589979964013,0,0,0,0,0,0,0,0,0,10.6852256349295,0,0,0,0,0,0,0,0,0,0,0,0,0,0,0,0,0,0,0,0,0,0,0,0,0,0,0.193711257098193
0,0,0,0,0,0,0,0,0,0,0,0,0,-0.0306867678775109,0,0,0,0,0,0,0,0,0,0,0,-0.748126634920675,0,0.237937988267073,0,0,0,0,0,0,0,0,0,0,0,0,0,0.323415632335696,0,-0.529162675289711,0,0,0,0,0,0,0,0,-0.231819123211547,0,0,0,-0.378147990857421,0,0,0,0,0,0,0,0,0,0,0,0,0,0,0,0,0,0,0,0,0,0,0,0,0,0,0,0,0,0,0,0,0,0,0,0,0,0,0,0,0,0,0,0.717813402348428,0,0,0,0,0,0,0,0,-0.0871654561735884,0,0,0,0,0,0,0,0,0,0,0,0,0,0,0,0,0,0,0,0,0,0,0,0,0,0,0,0,0,0,0,0,0,0,0,0,0,0,0,0,0,0,0,0,0,0,0,0,0,-0.356909382702315,0,0,0,0,0,0,0,0,0,0,0,0,12.097653377991,0,0,0,0,0,0,0,0,0,0,0,0,0,0.463132083277465,0,0,0,0,0,0,0,0,0,0,0,0,-0.229933793024276
0,0.00199059836884574,0,0,0,0,0,0.837046852843444,0,0,0,0,0,0,0,0,0,0,0,0,-0.110047853233472,0,0,0,0,0,0,0,0,0,0,-0.253311671364732,0,-0.107141227723244,0,0,0.0541293047399576,0,0,0,0,0,0,0.337827617352946,0,0,-1.03663982696406,0,0,0,0,0,0,0,0,0,0,-0.00471150266403542,0,0,0,0,0,0,0,0,0,0,0,0,0,0,0,0,0,0,0,0,0,0,0,0,-0.0435289075842091,0,0,0,0,0,0,0.191931735884126,0,0,0,0,0,0,0,-0.14184973402217,0,0,0,0,0,0,0,0,0,0,0,0,0,0,0,0,0,0,0,0,0,0,0.610132803915069,0,0,0,0,0,0,0,0,0,0,0,0,0,0,0,0,0,0,0,0,0,0,0.316017057677742,0,0,0,0,0,0,0,0,0,0,0,0,0,0,0,0,0,0,2.97944151837214,0,0,0,0,0,0,0,0,0,10.2620941644126,0,-0.16368867329793,0,0.504314413326681,0,0,0,0,0,0,0,-0.108169443139746,0,0,0,0,0,0,0,0,0,0,0,0,0,0,0
0,-0.0659051564479181,0,0,0,0,-0.53423242630045,0,0,0,0,0,0,0,0,0,0,0,0,0,0,0,0,0,0.360460787756074,0,0,0,0.324902806665402,0,0,0,0,0,0,0,0,0,0,0,0,0,0,0,0,0,0,0,0,0,0,0,0,0,0,0,0,0,0,0,0,0,0,0.483500714331585,0,0,-0.614076410574576,0,0,0,0,0,0,0,0,-0.0783253288165049,0,0,0,0,-1.49168714073439,0,0,0,-0.248332135718911,0,0,0,0,0,0,0,0,0,-0.278307555498233,0,0,0,0,0,0,0,0,0,0,0,0,0,0,0,0,0,0,0,0,0,0,-1.67442735229715,0,0,-0.869068956335886,0,0,0,0,-0.135837799738285,0,0,0,0,0,0,0,0,0,0,0.721973668110163,0,0,0,0,0,0,0,0,0,0,-0.497486682767059,0,0.180216310662782,0,0,0,0,0,0,0,0,0,0,0,0,0,0,0,0,0,0,0.120643214624875,0,0,0,-5.89441904796733,0,0,-0.42289548122109,0,0,0,0,0,0.604450103123201,0,0,0,0,0,0,0,0,0,0,0,0,0,0,0,0,0,0
0,0,0,0,0,0,0,0,0,0,0,0,0,0,0,0,0,0.303877959280127,0,0,0,0,0,0,0,0,0,0,0,0,0,0,0,0,0,0,0,-0.0592576936827922,0,0,0,0,0,0,0,0,0,-9.85531258818333,0,0,0,0,0,0,0,0,0,0,0,0,0,0,0,0,0,0,0,0,0,0,0,0,0,0,0,0,0,0,0,0,0,0,0,0,0,0,0,0,0,0,0,0,0,0,0,0,0,0,0,0,0,0,0,0,0,0,0,0,0,0,0,0,0,0,0.0613378101277022,0,0,0,0,0,0,0.109935280083133,0,0,0,0,0,0,0,0,0,0,0,0,0,0,0,0,0,0,0,-0.100147849443964,0,0.41097787492682,0,0,0,0,0,0,0,0,0,0,0,0,0,0,0,0,0,0,0,0,0,0,0,0,0,0,0,0,0,0,0,0,0,0,0,0,0,0,0,0,0,0,0,0,0,0,0,0,0,0,0,0,0,0,0,0
0,0,-0.0298428784601679,0,0,0,0,0,0,0,0,0,0,0,0,0,0,0,0,0,0,0,0,0,0,0,0,0,0,0,0.906901216665669,0,0,0,0,0,0,0,0,0,0,0,0,0,0,0,0,-8.98467053376141,0,0,0,0,0,0.170862378314086,0,0,0,0,0,0,0,0,0,0,0,0,0,0,0,0,0,0,0,0,0,0,0,0,0,0,0,0,0,0,-0.0312968295884719,0,0,0,0,0,0,0,0,0,0,0,0,0,0,0,0,0,0,0,0,0,0,0,0,0,0,0,0,0,0.031436694696483,0,0,0,0,0,0,0,0,0,0,0,0,0,0,0,0,0,0,0,0,0,0,0,0,0,0,0,0,0,0,0,0,0,0,0,0,0,0,0,0,0,0,0,0,0,0,0,0,0,0,0,0,0,0,0,0,0,0,0,0,0,0,0,0,0,0,0,0,0,0,0,0,0,0,0,0,0,0,0,0,0,0,0,0,0
0,0,0,0,0,0,0,0,0,0,0,0,0,0,0,0,0,0,0,0,0,0,0,0,0,0,0,0,0,0,0,0,0,0,0,0,0,0,0,0,0,0,0,0,0,0,0,0,0,0,0,0,0,0,0,0,0,-0.151699984780227,0,0,0,0,0,0,0,0,0,0,0,0,0,0,0,0,0,0,0,0,0,0,0,0,0,0,0,0,0,0,0,0,0,0,0,0,0,0,0,0.187898718294237,0,0,0,0,0,0,0,0,0,0,0,0,0,0,0,0,0,0,0,0,0,0,0,0,0,0,0,0,0,0,0,0,0,0,0,0,0,0,0,0,0,0,0,0,0,0,0,0,0,0,0,0,0,0,0,0,0,0,0,0,0,0,0,0,0,0,0,0,0,0,0,0,0,0,0,0,0,0,0,0,0,0,0,0,0,0,0,0,0,0,0,0,0,0,0,0,0,0,0,0,0,0
0,0,0,0,0,0,0,0,0,0,0,0,0,0,0,0,0,0,0,0,0,0.117233900546598,0,0,0,0,0,0,0,-0.818664010023476,0,0,0,0.574354833778534,0,0,0.744569859484136,1.07327299615704,0,0,0,0,0,0,0,0,0,0,0,0,0,0,0,-0.964919305462835,0,0,0,0,0,0,0,0,0,0,-0.247601705091649,0,0,0,0,0,0,0,0,-0.181686316287523,0,0,-0.141801123172177,0,0,0.207510567790356,0,0,0,0,0,0,0,0,0,0,0,0,0.0434294778159581,0,0,0,-0.0181887116270063,0,0,0,0,0.549806409984429,0,0.0866301874975659,0,0,0,0,0,0,0,0,0,0,0,0,0,0,0,0,0,0,0,0,0,0,0,0,0,0,0,0,-0.0631973672327681,0,0,0,-1.11595585098036,0,0,0,0,0.365881343174618,0,0,0,0,0,0,0,0,-0.38910684464139,0,0,0,0,0,0,0,0,0,-0.0111844150341001,0,0,0,0,0,0,0,0,0,0,0,0,0,0,-0.310136804921232,0,0,0,0,0,0,0,0,0.353302382232482,0,0,-0.851698574933678,0,0,0,0,0,0,0,0,0,0,0,0
0,0,-0.173209814354728,0,0,0,0,0,0,0,0,0,0,0,0,0,0,0,0,-1.07573558079756,0,0,0,0,0,0,0,0,0,0,0,0,0,0,0,0,0,0,0,0,0,0,0,0,0,-0.223425619987985,0,0,0,0,0,0,0,0,0,0,0,-0.1653290896582,0,0,0,0,0,0,0,0,0,0,0,0,0,0,0,0,0,0,0,0,0,0,0.0340865677945186,0,0,0,-0.149661512177677,0,0,0,0,0,0,0,0,0,0,0,0,0,0,0,0,0,0,0,0,0,0,0,0,0,0,0,0,0,0,0,0,0,0,0,0,0,0,0,0,0,0,0,0,0,0,0,0,0,0,0,0,0,0,0,0,0,0,0,0,0,0,0,0,0,0,0,0,0,0,0,0,0,0,0,0,0,0,0,0,0,0,0,0,0,0,0,0,0,0,0,0,0,0,0,0,0,0,0,0,0,0,0,0,0,0,0,0,0,0,0,0,0,0,0
0,0,0,0,0,0,0.282221775002584,0,0,0,0,0,0,0,0,0,0,0,0,0,0,0,0,0,0,0,0,0,0,0,0,0,0,0,0,0,0,0,0,0,0,-0.502191012442169,0,0,0,0,0,0,0,0,0,0,0,0,0,0,0,-0.820682597958831,0,0,0,0,0,0,0,0,0,0,0,0,0,0,0,0,0,0,0,0,0,0,0,0,0,0,0,0,0,0,0,0,0,-0.511870530222908,0,0,0,0,0,-0.249528198122157,0,0,0,0,0,0,0,-0.234425533062714,0,0,0,0,0,0,0,0,0,0,0,0,0,0,0,0,0,0,0,0,0,0,0,0,0,0,0,0,0,0,0.102697861027695,0,0,0,0,0,0,0,0,0,0,0,0,0,0,0,0,0,0,0,0,0,0,0,0,0,0.199448376786214,0,0,0,0,0,0,0,0,0,0,0,0,0,0,0,0,0,0,0,0,0,0,0,0,0,0,0,0,0,0,0,0,0,0,0,0,0
0,0,0,0,0,0,0,0,0,0,0,0,0,0,0,0,0,0,0,0,0,0,0,0,0,0,0,0,0,0,0,0,0,0,0,0,0.173059402063121,0.407736919062899,0,0,0,0,0,0,0,0,0,0,0,0,0,0,0,0,0,0,0,0,0,0,0,0,0,0,0,0,0,0,0,0,0,0,0,0,0,0,0,0,0,0,0,0,0,0,-0.604642815457526,0,0,0,0,0,0,0,0,0,0,0,0,0,0.11181133312124,0,0,0,0,0,0,0,0,0,0,0,0,0,0,0,0,0,0,0,0,0.776139466059306,0,0,0,0,0,0,0,0,0,0,0,0,0,0,0,0,0,0,0,-0.169252254064319,0,0,0,-0.294119706513921,0,0,0,0,0,0,0,0,0,0,0,0,0,0,0,0,0,-0.334904083315667,0,0,0,0,0,0,0,0,0,0,0,0,0,0,0,0,-0.422911947764075,0,0,0,0,0,0,0,0,0,0,0,0,0,0.23690519544818,0,0,0,0,0,0,0
0,0,0,0,0,0,0,0,0,0,0,0,0,0,0,0,-0.108065273471195,0,0,0,-0.126157644018662,0,0,0,0,0,0,0,0,0,0,0,0,-0.0140311598561627,0,0,0,0,0,0,0,0,0,0,0,0,0,0,0,0,0,0,0,0,0,0,0,0,0,0,0,0,0,0,0,0,0,0,0,0,0,0,0.717145241524302,0,0,0,0,0,0,0,0,0,0,0,0,0,0,0,0,0,0,0,0,0.0777236990262964,0,0,0,0,0,-0.55469059669022,0,0,0.141840297211355,0,0,0,0,0,0,0,0,0,0,0,0,0,0,0,0,0,0,0,0,0,0,0,0,0,0,0,0,0,0,0,0,0,0,0,0,0,0,-0.206542742259727,0,0,0,0,0,0,0,0,0,0,0,0,0,0,0,0,0.202492755053765,0,0,0,0,0,0,0,0,0,0,0,0,0,0,0,0,0,0,0,0,0,0,0,0,0,0,0,0,0,0,0,0,0,0,0,0,0,0,0,0,0
0,0,-0.235806603507735,0,0,0,0,0,0,0,0,0,0,0,0,0,0,0,0,0,0,0,0,0,0,0,0,0,0,0,0,0,0,0,0,0,-0.511757621513755,0,0,0,0,0,0,0,0,-0.925030238820162,0,0,0,0,0,0,0,0,0,0,0,0,0,0,0,0,-0.376215784382089,0.317956843651385,0,0,0,0,0,0,0,0,0,0,0,0,0,0,0,0,0,0,0,0,0,0,0,0.0656089504067665,0,0,0,0,0,0,0,0,0,0,0,0,0,0,3.0557848988958,0,0,0,0,0,0,0,0,0,0,0.251213351311355,0,0,0,-0.164325043177291,0,0,-0.0296453776693739,0,0,0,0,0,0,0,0,0.417468996050365,0.932943272826592,0,0,0,0,0,0.975995991572244,0,0,0,0,0,0,0.646639211820283,0,0,0,0,0,0,0,0,0,0,-0.19257599220499,0,0,0,0,0,0,0,0,0,0,0,0,0,0,-1.39161009733165,0,0,0,0,0,0,0,0,0,0,0,0,0,0,0,0,0,0,0,0.420632305995337,0,0,0,0,0,0,0,-0.198204152914305,0,0
0,0,0,0,0,0,0,0,0,0.323240469269474,0,0,0,0,0,0,0.110085784559659,0,0,0,0,0,0.86785781311765,0,0,0.678641832947674,0,0,0,0,0,0,0,0,0,0,-1.25232725977683,-0.117792512340656,0,0,0,0.296083926516028,0.0109620788032532,0,0,-0.652620492104639,0.229642821733113,0,0,0,0,0,0,0,0,0,0.00374480147837852,2.17958027245684,0,0,0,0,-0.370994784486554,0,0,0,0,0,0,0,0,0,0,0,1.30068237973241,0,0,0,0,0,-0.199727992257078,0,0,0,0,-0.583141085065075,0,0,0,0.0988534562833636,0,0,0,0,0,0,0,0.929444888867919,0,0,0,-0.299005359812009,0.611878157852279,0,0,0,0,0,0,0,0,0.241941368447841,0,0.333325154118594,0,0,0,0,0,0,0,0,0,0,0,0,0,0,0,0,0.209790252192827,0.46343869118026,0,0,-0.679299484049363,0,0,0,0,-0.204693302174923,0,0,0,2.04986894638345,0,0,0,0,0,0,0,0,0,0,0,0,0,0,0,-0.115543161058054,0,0,-0.265625553335371,0,0,0,-0.666107169954265,0,0,0,0,0,0,0,-1.01068038456632,0,0,0,-0.108952065413586,0,0,0,0,0.875052975817292,0,0,0,0,0,0,0,0,0,0,0,0,0,0,0,0
0,0,0,0,0,0,0,0,0,0,0,0,0,0,0,0,0,0,0,0,0,-0.160205097578538,0,0,0,0,0,0,0,0,0,0,0,0,0,0,0.011540196752748,0,0,0,0,0,0,0,-0.855400081530205,0,0,0,0,0,0,0,0,0,0,0,0,0,0,-0.179428591906299,0,0,0,0,0,0.448399912784365,0,0,0,0,-0.685650966774974,0,0,0,0,0,0,0,0,0,0,0,0,0,0,0,0,0,0,0,0,-0.0664233243794221,0,0,0,0,0,0,0,0,0,0,0,0,0,0,0,0,0.0444154816773079,0,0,0,0,0,0,0.376628011571827,0,0,0,0,0,0,0,0,0,0,0,0,0,0,0,0,0,0,0,0,0,0,0,0,0,0,0,0,0,0,12.493868006928,0,0,0,0,0,0,0,0,9.59510159559979,0,0,0,0.348126768646098,0,0,0,0,0,0,-0.0260262359056909,0,0,0,0,0,0,0.148994353158785,0,0,0,0,0,0,0,0,0,0,0,0,0,-0.14703008741108,0,-0.332929524993149,0,0,0,0,0,0,0,0,0,0
0,0,0,0,0,0,0,0.457990554991896,0,0,0,0,0,0,0,0,0,0,0,0,0,-0.607574926276955,0,0,0.963714649835728,0,0,0,0,-3.4418001603042,0,0,0,0,0,0,0,0,0,0,0,0,0,0,0,0,0,0,0,0,0,0,0,0,0,0,0,0,0,0,0,0,0,0,0,0,0,0,0,0,0,0,0,0,0,0,0,0,0,0,0,0,0,1.62672748661452,1.06101659830679,-2.1157528301529,0,0,0,-0.128681649332727,0,0,0,0,0,0,0,0,0,-0.0580495948304764,0,0,0,0,0,0,0,0,0,0,0,0,0,0,0,0,0,0.145452920515839,0,0,1.21428089656994,0,0,0,0,0,0.0559874723994809,0,0,0,0,0,0,0,0,0.00255872017818981,0,0,0,0,0.884732173378637,0.248303674648062,0.390473910648829,0,0,0,0,0,0,0,0,0,0,0,0,0,0,0,0,0,-0.86031046774341,0,0,0,0,0,-2.08164560923392,0,1.39524389828155,0.119576621338401,0,0,0,0,0,0.530088418500946,0,0,-0.287673524098586,0,-0.191162551871198,0,0,0,0,0,0,-0.140364084519923,0,-0.302091841381465,0,0,0,0,1.96889378857589,-2.61192109491744,0,0,0,0
0,0,0,0,0,0,0,0,0,0,0,0,0,0,0,0,0,0,0,0,0,-0.653516177273923,0,0,0,0,0,0.338889324561678,0,0,0,0,0,0,0,0,0,0,0,0,0,0,0,0,0,0,0,0,0,0,0,0,0,0,0,0,0,0,0,0,0,0,0,0,0,0,0,0,0,0,0,0,0,0,0,0,0,0,0,0,0,0,0,0,0,0,0,0,0,0,0,0,0,0,0,0,0,0,0,0,0,0.195745189732405,0,0,0,-0.20585881195264,0,0,0,0,0,0,0,0,0,0,0,0,0,0,0,0.177052480903347,0,0,0,0,0,0,0,0,-1.76933234811737,0,0,0,-0.21431778064799,0,0,0,0,0,0,0,0,0,0,0,0,0,0,0,0,0,0,0,0,0,0,0,0,0,0,0,0,0,0,0,-1.53107021079891,0,0,0,0,0,0,0,-0.00503495194993131,0,0,0,0,0,0,0,0,-0.0525105535741712,0,0,0,0,0,0,0.135115346690678,0,0,0,0,0,0,0,0,0
0,0,0,0,0,0,0,0,0,0,0,0,0,0,0,0,0,0,0,0,0,-1.22913671430224,0,0,0.0954101346595142,0,0,0,0,0,0,0,0,0,0,0,0,0,0,0,0,0,0,0,0,0,0,0,0,0,0,2.72608280086314,0,0,0,0,0,0,0,0,0,0,0,-0.524274473408687,0,0,0,0,0,0,0,0,0,0,0,0,0,0,0,0,0,0,0,0,0,0,0,0,0,0,0,0,0,0,0,0,0,0,0,0,0,0,0,0,0,0,0,0,0,0,0,0,0,1.07362124108307,0,0,-0.256637494977906,0,0,0,0,0,0,0,0,0,0,0,0,0,-0.284638595282094,0,0,0,0,0,0,0,0,0,0,0,0,0,0,0,0,0,0,0,0,0,0,0,0,0,0,0,0,0,0,0,0,0,0,0,-3.52195733953293,0,0,0,0,0,0,0,0,0,0,0,0,0,0,0,0,0,0,0,0,0,0,0,0,0,0,0,0,0,0,-0.41459976643816,0,0
0,0,0,0,0,0.230538377107847,0,0,0,0,0,0,0,0,0,0,0,0,0,0,0,-1.04420349935409,0,0,0,0,0,0,0,0,0,0,0,0,0,0,0,0.452420500357305,0,0,1.35295177279252,0,0,0,0,-0.751482063417711,0,0,0,0,0,0,0,0,0,0,0.934665248644169,0,0,0,0,-0.0549861811472281,0,0,0,0,0,0,0,0,0,0,0,0,0,0,0,0,0,0,0,0,0,0,0,0,0,0,0,0,0,0,0,0,0,0,0,0,0,0,0,0,0,0,0,0,0,-1.4168504661663,0,0,0,0,0,0,0,0,0,0,0,0,0,0,0,0,0,0,0,0,0,0,0,0,0,0,0,0,0,0,0,0,0,0,0,0,0,0,0,0,0,0,0,0,0,0,0,0,0,0,0,0.159951152154099,0.0343467677834375,0,0,-0.220429901493917,0,0,-0.600422601719138,0,0,0,0,0,0,-0.137163368904048,0,0,0,0,0,0,0,0,0,0,0,0,0,0,0,0,0,0,0.466214807974743,-0.455344501329656,0,0,0,-0.831862749259163,0,0
0,0,0,0,0,0,0,0,0,0,0,0,0,0,0,0,0,0,0,0,0,-0.41034647546261,0,0,0,0,0,0,0,0,0,0,0,0,0,0,0,0,0,0,0,0,0,0,0.467857371186363,0,0,0,0,0,0,0,0,0,0,0,0,0,0,0,0,0,0,0,0,0,0,0,0,0,0,0,0,0,0,0,0,0,0.0334711428848165,0,0,0,0,0,0,0,0,0,0,0,0,0,0,0,0,0,0,0,0,0,0,0,0,0.0192234269819358,0,0,0,0,0,0,0,0,0,0,0,0,0,0,0,0,0,0,0,0,0,0,0,0,0,0,0,0,0,0,0,0,0,0,0,0,0,0,0,0,0,0,0,0,0,0,0,0,0,0,0,0,0,0,0,0,0,0,0,0,0,0,0,0,0,0,0,0,0,0,0,0,0,0,0,0,0,0,0,0,0,0,0,0,0,0,0,0,0,0,0,0,0,0,0,0
0,0,0,0,0,0,0,0,0,0,0,0,0,0,0,0,0,0,0,0,0,-0.454024235735276,0,0,0,0,0,0,0,0,0,0,0,0,0,0,0,0,0,0,0,0.0819361129542493,0,0,0,0,0,0,0,0,0,0,-0.0791566604070004,0,0,0,0,0,0,0,0,0,0,0,0,0,0,0,0,0,0,0,0,0,0,0,0,0,0,0,0,0,0,0,0,0,-1.52932342331382,0,0,0,-1.10572301384825,0,0,0,0,0,0,0,0,0,0,0,0,0,0,0,0,-0.00437738552191669,0,0,0,0.176981428005439,0,0,0,0,0,0,0,0,0,0,0,0,0,0,0,-0.342184307713964,0,0,0,0,0,0,-0.150084415407057,0,0,0,0,0,0,0,0,0,0,0,0,0,0,0,0,0,0,0,0,0,0,0,0,0,0,0,0,0,0,0,0,0,0,0,0,0,0,0,0,0,0,0,0,0,0,0,0,0,0,0,0,0,0,0,0,0,0,0,0,0,0,0,0.610438337304602,0
0,0,0,0,0,0,0,0.793803275784233,0,0,0,0,0.420528797206305,0,0,0,0,0,0,0,0,-0.259961382820016,0,0,0,0,0,0,0,0,0,0,0,0,0,0,0,0,0,0,0,0.166888203661758,0,0,0,0,0,0,0,0,0,0,0,0,0,0,0,0,0,0,0,0,0,0,0,0,0,-0.0234643542896686,0,0,0,0,0,0,0,0,0,0,0,0,0,0,0,0,0,0,-1.79303183030276,0,0,0,-1.48756984626101,0,0,0,0,0,0,0,0,0,0,0,-0.0112895025276132,0,0,0,0,0,0,0,0,0.213412967440864,0,0,0,0,0,0,0,0,0,0,0,0,0,1.18535775637345,0,-1.61173114576861,0,0,0,0,0.125746384795154,0,0,0,0,0,0,-0.0662352930418,0,0,0,0,0,0,0,0,0,-0.182356774376308,0,0,0,0,0,0,0,-0.556124995849213,0,0,0,0,0,0.655099548821165,0,0,0,0,0,0,0,0,0,0,0,0,0,0,0,0,0,0,0,0,0,0,0,0,0,-0.258966995587095,0,0,0,0,0,0,0,0,0,1.40608695855292
0,0,-0.0180513523145416,0,0,0.0974904985158798,0,0,0,0,0,0,0,0,0,0,0,0,0,-0.0564634897821543,0,-0.711006502955785,0,0,0,0,0,0,0,0,0,0,0,0,0,0,0,0,0,0,0,0,0,0,0,0,0,0,0,0,0,0,0,0,0,0,0,0,0,0,0,0,0,0.110620119450158,0,0,0,0,-0.397164020590155,0,0,0,0.202718099061733,0,0,0,-1.50512720979533,0,0,0,0,0,0,0.0540532356282641,0,0,0,0,0,0,-2.94685529561271,0,0,0,0,0,0,0,0,0,0,0,0,0,0.447988096066535,0,0,0,0,0,0,0,0,0,0,0,0,0,0,0,0,0,0,0,0,5.63485200337372,0,-2.74331373105741,0,0,0,0,0,0,0,0,0,0,0,0,0,0,0,0,0,0,0,0,0,0,0,0,0,0,0,0,0,-1.48960553583698,0,0,0,0,0,0,0,0,0,0,0.317920225562459,0,0,0,0,0,0,0,0,0,0,0,0,0,0,0,0,0,0,0,0,-0.146731901753369,0,0,-0.676536636780555,0,0,0,0,0,0,0
0,0,0,0,0,0,0,0.0146924943999209,0,0,0,0,0,0,0,0,-0.274013106096704,0,0,-0.0284001184206562,0,-1.26233382058858,0,0,0,0,-0.88956322769589,-0.0789147714140717,0,0,0,0,0,0,0,0,0,-1.24151628858456,0,0,0,0,0,0,0,0,0,0,0,0,0,0,0,0,0,0,0,0.437856240907762,0,0,0,0,0,0,0,0,0,0,0,0,0,0,0,0,-0.339294658915669,0,0,0,0,0,0,0,0,0,0,0,0,0,0,0,-2.32784135639981,0,0,0,0,0,0,0,0,0,0,0,0,0,0,0,0,0,0,0,0,0,0,-0.793865798409688,0,0.353910180907371,0,-0.746438078069655,0,0,0,0,0,0,0,0,0,0,0,0,-0.27051329459962,0,0.179518605347423,0,0,0,-0.532103533697885,0,0,0,0,0,0,0,0,0,0,0,0,0,0,0,0,0,0,0,0,0,0,0,0.0616234460035991,0,0,0,0,0,-0.404433706051434,0,0,0,0,0,0,0,0,0,0,0,0,-0.308369040914851,0,0,0,0,0,0,0,0,0,0,0,0,0,0,-0.23569137075842,0,0,0,0,0
0,0,0.347059222972541,0,0,0,0,0,0,0,0,0,0,-0.173134474289146,0,0,0,0,0,0,0,-0.526110567462535,0,0,0,0,0.611849791946418,0,0,0,0,0,0,-0.175017553843789,0,0,0,0,0,0,0,0,-0.264273172312821,0,0,0,0,-0.199767729738739,0,0,0,0,0,0,0,0,-0.093659630589275,0,0,0,0,0,0,0,0,0,0,0,0,0,0,0,0,0,0.101028374557488,0,0,0,0,0,0,0,0.699369297096973,0,0,0,0,0,0,0,-3.90028591474938,0,0,0,0,0,0,0,0,0,0,0,0.446031102846196,0.161541654958645,0,1.02603303363126,0,0,0,-0.0856442412673635,0,0,0,0,0,-0.577140833598531,0,-0.378304054058309,0,-1.33391876139144,0,0,0,0,0,0,0,0,0,0,0,0,-0.858285307703214,0,0,0,0,-1.58100664203439,0,0,-0.243941567406451,0,0,0,0,4.8840611351567,0,0,0.00417812691729136,0.77361918595042,0,0,0,0,0,0,0,0,0,0,0,0,0.137758985890722,0,0,0,0,0,0,0,0,0,0,0,0,0,0,0,0,0,0,0,0,0,0,0,-0.214513317941817,0,0,0,0,0,0,0,0,0,0,0,0,0
0,0,0,0,0,0,0,0,0,0,0,0,0,0,0,0,0,0,0,0,0,-0.91244572833013,0,0,0,0,0,0,0,0,0,0,0,0,0,0,0,0,0,0,0,0,0,0,0,0,0,0,0,0,0,0,0,0,0,0,0,0,0,0,0,0,0,0,0,0,-0.305598175768731,0,0,0,0,0,0,0,0,0,0,0,0,0,0.845592405686524,0,0,0,0,0,0,0,0,0,-2.91091839420848,0,0,0,0,0,0,0,0,0,0,0,0,0,0,0,0,0,0,0,0,0,0,0,0,0,0,0,0,0,0,0,0,0,0,0,1.5466286181255,0,0,0.00233516330266226,0,0,0,0,0,0,0,0,0,0,0,0,0,0,0,0,0,0,0,0,0,0,0,0,0.197845809332003,0,0,0,0,0,0.0679381559359764,0,0,0.236838506760858,0,0,-0.342669396687259,0,0,0,0,0,0,0,0,0,0,0,0,0,0,-0.0713175388511857,0,0,0,0,0,0,0,0,0,0,0,0,-0.670615731150698,0,0,-0.275925897894468,0,0
0,0,0,0,0,0,0,0,0,0,0,0,0,0,0,0,0,0,0,0,0,-0.0555586549720828,0,0,0,0,0.341892060222621,0.214347963897606,0,0,0,0,0,0,0,-0.76128970640097,0,0,0,0,0,0,0,0,0,0,0,0,0,0,0,0,0,0,0,0,0,-0.547455913208339,0,0,0,0,0,0,0,0,0,0,0,0,0,0,0,0,0,0,0,0,0,0,0,0,0,0,0,0,0,9.13920991658657e-05,0,0,-2.75518283008092,0,0,0,0.155812367503546,0,0,0,0,0,0,0,0,0,0,0.592738775066016,0,0,0,0,0,0,0,0,0,0,0,-1.30127106317476,0,0.54377649461348,0,0,0,0,0,0,0,0,0,0,0,0,0,0,0,0,0,0,0,-0.0618396890287727,0,0,0,0,0,0,0,0.0122360872098433,0,0,0,0,0,0,0,0,0,0,0,0,0,-0.144869411832224,0,0,0,0,-1.77775531305765,0,0,0,0,0,0,0,0,0,0,-0.196538576083967,0,0,0,0,0,0,0,0,0,0,0,0,0,0,0,0,0,0,0,0,0,0
0,0,0,0,0,0,0,0,0,0,0,0,0,0,0,0,0,0,0,0,0,-1.13388091640724,0,0,0,0,0,0,0,0,0,0,0,0,0,0,0,0,0,0,0,0,0,0,0,0,0,0,0,0,0,0,0,0,0,0,0,0,0,0,0,0,0,0,0,0,0,0,0,0,0,0,0,0,0,0,0,0,0,0.0328498087820974,0,0,0,0,0,0,0,0,0,0,-3.95520133196314,0,0,0,0,0,0,0,0,0,0,0,0,0,0,0,0,0,0,0,0,0,0,0,0,0,0,-0.372326096229282,0,0,0,0,0,0,0,0,0,0,0,0,0,0,0,0,0,0,0,0,0,0,0,0,0,0,0,0,0,0,0,0,0,0,-0.223187699534156,0,0,0,0,0,0,0,-0.65351152603578,0,0,0,0,0,-2.32446830724784,0,0,0,0,0,0,0,0,0,0,0,0,0,0,0,0,0,0,0,0,0,0,0,0,0,0,0.0406121069950074,-0.0291585617089725,0,0,0,0,0
0,0,0,0,0.0911930034211292,0,-0.31400722325194,0,0,-0.711642185121533,0,0,0,0,0,0,0,0,0,0,0,-0.209944033355013,0,0,0,0.422179056682149,0,0,0,0,0,0,0,0,0,-1.0918821837312,0,0,0,0,0,0,0,0,0,0.504691556192536,0,0,0,0,0,0,0,0,0,0,0,0,0,0,0.104342148608125,0,0.200859528001414,0,0,0,0,0,0,0,-0.484303857182509,0,0,0,0,0,0,0,0,-3.44199590996981,0,0,-0.353178636639502,0,0,0.390261774671154,0,0,0,0,-3.70594609333544,0,0,0,0,0,0,0,0,0,-0.732254455173798,0,0,0,0,0,0,0,0,0,0,0,0.215564994601002,0,0.331176140502449,0,0,0,0,0,0,-0.549468437950182,0,0,0,0,0.383289639309614,0,0,0,-0.293614446806799,0,-0.0191575236554473,0,0,0,-0.940935970585834,0,0,0.495391623050849,0,0,0,-0.143540624942267,0,0,0,0,0,0,0,0,0,0,0,-1.33094664770363,0,0,0,0.488936812586433,0,0,0,0,0,0,0,0,-0.49615416051488,0,0,0,0,0,0,0.420018258921743,-0.145526350900777,0,0,0,0,0,0,0,-0.00750221567931364,0,0,0,0,0,0,0,0.516463469760284,0.231054326761101,-0.641751860636335,0,0,-0.602740481851612,0,0
-0.000538297957963119,1.10217710860788,1.93442401542823,0,-0.100546357640253,0.174699860452658,-3.32150152809911,-1.00119664869137,0.596689571181912,-0.292257730388545,0,0,0,0.427836123101726,0,0,0,0,0,0,0,0,0,0,0,0,0,0.342669896792868,0,0.460221460252872,0.260094714295556,-0.0898754292940911,0,0,0,-0.0051196573579313,-0.433419974011851,3.50412676053005,0,0.847881185177549,0,0,0,0.186718474911962,0,5.19666031331579,0,-0.0980503277982887,0,-0.255957655610653,-0.408375705858899,0,0,0,0,0,0,0,0,-0.444777497168977,0,0,0,0,0.245254606183369,0,0,0,0,-0.100674102485435,0,0,0,0,0,0,0,0.783364592937547,0.288112808082751,-0.711171525458338,0.692092517782781,0,0,-0.362435795323802,0.417776028329566,1.94565416437299,0,-4.00606465775608,0,0,-0.544548512491293,0.594517664810405,0,-0.0325957096695779,0,0.243979680790054,0,0,0,0,0,0.961988241494928,0,-0.38259527609256,0,0,0,0,0.341111245643495,0,0,0,0,-1.67468940234872,0,3.47481676340868,0,0,-0.260008239177435,0,0,-0.656910578894048,0,0,0,-0.258216926941961,0,0,0,0,-0.921509394341129,0,0,0,0,0,-1.65484548333336,0,0,0,-0.542790674931531,0,0,-0.382463875079915,0.226676519793601,0,0,0,0,0,0,0,0,0,0,0,-0.0509552024163491,0,0,0.558247536987692,0,0,0,-0.772240287268838,0,0,0,0,0,0,0,-0.264563571434052,0,0.41287822579319,0.262400762754812,0,0,0,0,0,0,-0.218978389515463,0.927539558663402,0,-1.98386699843754,0,1.11172620219274,0,1.00925503800286,0,0,0,0.479420790512949,-0.253828709144324,-0.918985858479331,0.0280705443516291,0,-2.0059051847944,0,1.24636267979203
0,0,0,0,0,1.01415355497188,-6.24667966702086,0,0,0,0,0,0,0.300155020239863,0,0,0,0,0,0,-0.18832738628198,0,0,0,1.84218104244715,1.35134837912593,0,0.174910792631693,-1.0614376438099,0.229095098587061,0,0,0,0,0,-0.169972374919361,0,-0.967459473611409,0,1.25982518910129,0.318162156944158,0,0,1.44216858410746,0.700743115933277,0.446674350941284,-3.08634564671348,0,-0.279484072538263,0,0,0,0,0,-0.249825712019108,0,0.563338055446041,0,0,0,0,0,0.691206864211507,0,0,0,-2.48035646917812,0,0,0,-0.0413960843228256,0,0,0,0,-0.231578283869437,0,0,0.131009598323883,0,-1.1494730951752,0,0,0,0,0,0,0,0,1.80388916183472,-1.85668181097214,0,0,-0.907327626713088,0.318129309613632,0,0,0,0,0,-0.701067803807781,0,-0.93083215859984,0,0,0.907839510787576,0,0.433918331586118,0,0,0,-0.749825396926848,0,-0.380994273994393,0,1.03164161184966,0,0,0,-0.452310084633625,0,3.66232262820128,0,0,0,0,0,0,-0.810146799840261,-1.97141652040159,0,0,0,0,-0.536073067617953,0,0,0,0,0,1.15784900537914,0.204948290639701,0,0,0,0,0,0,0,0,-0.354069854426025,2.32912553955919,0.614850723570601,0.142614733866582,0,0,0,0,0,1.98712697471566,1.34029271126421,0,0,0,0,0,0,0,0,0,0,0,0,0,0,1.17858232502715,0,0,0,0.763010029848359,0,-0.211039539924364,0,0,0,0,0,0,0,0,0,0,1.86145265911485,0,0,0,1.92023485842275,0,0,-1.44068363052741
0,0,1.51388121628061,0,0,0,-3.49988975585427,0,0,-0.200471699353399,0.804481868098127,-1.05805336099211,0,0,0,0,0,0.348913447322164,0,0,-0.816516129140757,0,0,0.321694953730261,0,0,0,0,-1.04859402574956,0,0,0,0,-1.20313634230462,0,0,0,0,0,0,0,0,0,0,-0.619485567231018,0,0,0,0,0,0,0,0,0,0,0,0,0,0,0,0,0,0,0,-0.645658759440388,0,0,0.386417022815934,0,0,0,0,0,-0.31548289074931,0,-0.128347815716045,0,0.976600481248236,0,-0.228369544816973,0,-0.66157604216257,-3.04026551858434,0,0,0,0,-4.74256938416347,0,0,-1.68356040151199,0.764156411836837,0,0,-0.339556614171562,0,0,-1.22812903343759,0,0,1.4901947783182,0,0,0.851658780581892,-0.0319022311426158,0,0,1.01073133850967,-1.53367971675684,0,0,0,0,-1.07368026934094,1.958504338818,0,0,0,0,0,2.47903451332401,0.62633706079546,-0.684256142366261,0,0,0,-0.980671368080183,-0.625118874607086,0,0,0,0,0,0,0,0,-1.9363066263985,0,0,0,1.028268889134,0,0,0,0,0,0,0,0,0,0,1.89415776793852,0.326523035996689,0,0,0,0,0,0,0,0,0,0.453951883568646,0,0,0,0.137853349510776,2.11575985980471,0,0,0,0,0,0.725298422651273,0.689255642251636,0,0,0,-0.0770856623455942,0,0.8001673210723,0,0,2.23984098686497,0,0,-0.438698304244084,0,0,-0.208947081550478,0,0,0.324055222592393,0,0,0,0.134192276684784,-0.215765088304215,0,-1.21655292208568
0,0,0,0,0,0,-0.31227977737882,0,0,0,0,0,0,0,0,0,0,0,0,0,0,0,0,0,0,1.00412091899527,0,0,0,0,-0.345239977847867,0,0,0,0,0,0,0.169712506500494,0,0,0,0,0,0,0,0,0,0,0,0,0,0,0,0,0,0,0,0,0,0,0.437380095168847,0,0,0,0,0,0,0,0,0,0,0,-0.0701559218668792,-0.0394191143360774,0,0,0,0,0,-3.21893742447355,-0.045754779220931,0,0,0,0,0,0,-0.694444248907432,0,0.188626113436281,-3.77072065361013,0,0,0,0,0,0,0,0,0,0,0,0,0,0,0,0,0,0,0,0,0,0,0,0,0.284817769039129,0,0,0,0,0,0,0,0,0,0,0,0,0,0,0,0,0,0,0,0,0,0,0,0,0,0,0,0,0,0,0,0,0,0,0,0.133898167115086,0,0,0,0,0,0,0,0,0,0,0,0,0,0,0,0,0,0,0,0,0,0,0,0,0,0,0,0,0,0,0,0,0,0,0,0,0,-0.0247777283479556,0,0,0,0,-0.670772140531669,0,0.236274582590529,0,0,0
0,0,1.19021061526925,0,0,0,-0.0472631241730108,0,0,0,0,0,0,0,0,0,0,0,0,0,-0.0420472671239516,0,0,0,0,0,0,0,0,0,0,0,0,0,0,0,0,0,0,0,0,0,0,0,0,0,0,0,0,0,0,0,0,0,0,0,0,0,0,0,0,0,0,0,0,0,0,0,0,0,0.188891454389212,0,0,0,0,0,0,0,0,-2.1658815585416,0,0,0,0.448073364714047,0,0,0,0,0,0,-1.69870500583201,0,0,0,0,0,0,0,0,0,0,0,0,0,0,0,0,0,0,0,0,0,0,0,0,0,0,0,0,0,0,0.255633463761126,0,0,0,0,0,0,0,0,0,0,0,0,0,0,0,0,0,0,0,0,0,0,0,0,0,0,0,0,0,1.50030797307156,0,0,0,0,0,0,0,0,0,0,0,0,0,0,0,0,0,0,0,0,0,0.284757424608869,0,0.157967292325874,0,-0.101690647730326,0,0,0,0,0,0,0,0,0,0,0,0,0,0,0,0,-0.32839560698427,0,0.0904931448024715,0,0,0
0,-0.404737861208341,5.65674465502304,0,0,1.65659576259293,0,0,-0.040465848640362,0,0,0,0,0,-0.551896601218141,0,1.45203475263075,0,0,0,-1.72131675705371,0,0,0,0,0,0,0,1.37238001134323,0,0,-0.217308310268244,0,0,0,-0.389118179564217,0,0,0,0,0.470597341050004,0,0,0,0,0.630395934989364,0,0.516748562257966,0,-0.4381115688587,0,-0.770251769466807,0,0,0,0,0,0,0,0,0,-1.84517034545657,1.23351355628393,0,0,0,0,-1.16011914798756,0,0,0.571753314508945,0.068053191308886,0.36468500744087,-0.200117329716961,0,-0.0610074360422739,0,0,0,-0.890536430847019,0,0,0,0,0,0.168125580759203,0,-3.08160212386855,0,0.963309477023112,-1.94850117551099,0,0,0,-0.269959567907451,1.63938557910042,0,0,0,-1.67302571644289,0,0,-0.787300832729924,0,0,0,0,1.87322922291713,0,0,0,0,0,0,0,0,0,0,0,0,0,4.54384136596965,0,0,0,-0.0643334581693664,0.367533783920179,0.804921381847351,0.0791710275329429,-1.57557654743893,0,0,0,0,-1.33522880712488,0,0.315287544485315,0,0,0.63507321353775,0,0,0,-0.424358766472975,0,0,0,0,0,-0.613442029164139,0,2.74998701910746,0,0,0.00157860167887325,0,0,0.0550870983022427,0,0,-0.54104419854127,0,0,-0.674742835496592,0,0,0,0,0,0,0,0,0,0,0,0,0,0,0,0.866692378501397,0,0.564871138968754,0,-0.382804690953637,0,0,0,0.0956971752605433,0,0.161263592120133,-1.31177083758996,0,0,0,0,0,1.14412903541954,0.565106297151023,0,0
0,0,0,0,0.159321223248597,0,-2.97236634286283,2.51920268127155,0,0,-1.9944874559502,0,0.554220477891088,0,0,-0.529627052289116,0,0,0,0,-0.249627180858824,0,-0.120236413142342,0.577488024325731,0,-2.66433179751756,-0.438888164118218,0,0,0,0.211914623185176,0,0,1.17437638709097,0,0,0,0,0,-0.673165382903538,0,-0.322174086804673,0,0.146614156903125,0,0.291829689290761,0,0,0,0,0,-4.31329962321745,0.507906461095468,0.601508231860905,0,0,0,0,0,0,0,-0.350084551806723,0.907490337771303,0,-1.69296886830017,0,0,1.54353619023346,0.0583469931573313,0,1.11591059139067,0,0,0,0,0,0,-0.305785478060622,0,-4.25604342810348,-1.11698443847398,0,0,0,0,0,0,-3.46821026296256,0.35155978018163,0,-0.0252487855151866,-0.0213047103312909,0,0,0,0,0,0,0,-1.10818550638394,0,-0.00840141385611903,0,0,0.356148793079063,0,0,0,0.516988103858821,1.24647932642556,0,0.0972745456777435,0,-1.43042780146125,0,0,0,0,0,0,2.23924868898374,0,0,0,0,0,-0.904361888847888,0,0,0,0,1.03928211997982,0.554554815506423,0,0,0,0,0,0,-0.869093196992428,0,0.793344998858146,0,0,0,0,0,0,-1.48851711685426,0,0,2.19427180494027,0,0,0,0,0,0,0,0.851704795641864,0,-0.710155540352903,-1.12295499465212,0,0,0,0,0,0,0,-0.845563625131481,0,0,3.61681513665505,0,2.48058278687593,-1.51156878869928,-0.323375688514786,0.63423313304674,0.538348423637102,0,0,0,0,0,0.421535692987887,0,0,0,0,-1.14947220769006,0,0,0,-0.907848262593345,0,0,0.817324422334608,-0.870736513317286,0.495027691398908
-0.644905411091622,0,0,0,0,0,-0.630229610358901,0,0,0,0.259847633542722,0,0,0,0.178405638891637,0,0,0,0,0,0,-0.289775524232387,3.8349409087364,0,0,0,0.151520952929117,0,0,0,0,-0.181291943433521,0,-0.892842763137458,0,0,0.124039733104816,0,0,0,0,0.552638606174112,0,0,-1.29521060966313,0,0,0,0,0,0,0,0,0,0,0,0,0,0,0,0.116490316060008,0,0,0,0,0,-1.09525831892971,0,0,0,0.415761620659482,0,0.0836376546904045,0,0,0.817787885729174,-0.186495981426711,0,1.17768051906508,-0.517164733431543,-0.89734840526345,0,-1.06867266666537,0,0,0,0,-0.0721516496826589,0,0,-1.44773561046522,0,0,0,0,0,0,-0.21649306008467,0,-0.246994736574018,-1.31047341764721,-0.304325510729369,0,-0.88712406052947,0,0,0,-0.0480788730241275,0,0,0,0,0,0,0,0,0,0,0,0,2.39481926471641,0,-0.507879303225975,0,0,0,1.57819861502517,0,0.154277986644444,-0.055678296834726,0,0,0,0,0,-1.87307474982188,0,0,0,1.09836414250866,0,-0.00460800226331326,0,0,0,0,0,0,0,0,0,0,0,0,0,0,0,0,0,0,-0.816520030490509,-0.307366854554578,0,0,0,0,0,0,0,0,0,0,0,0,0,0,0,0,0,0.0257928583617599,0,0,0,1.12546745653492,0,0,0,1.96667744225438,0,0,-0.489315798955801,0,0,0,0,0,0,0,0,0
0,0,-0.162299730979633,0,0,-2.67509603118396,2.88480257137167,9.04156050661559,0.705959906138463,0,0.693250307051619,-0.642285352241494,0,2.44738158313299,0,0,2.90240147181527,0,0,-1.12798254214773,0,0,0,0,0,0,0,0,0.247450814837872,0.0941454826002353,0,0,0,0,0,0,0,0,0,0.677096940420448,0.0133189573431223,0,0,0,-4.38673798174641,0,0,0.133568700957309,0,0,0,0.749228133971561,0,-1.32186280539717,0,1.74288327761082,0,-2.41471284709287,0,-0.0959405917749478,0.623233825399003,-0.416384264867045,0.0477370689542485,0,-0.082575488604538,0,1.6492544965511,0,0,0,0,0,0,0,0,0,0.47846984398279,0.410570988404131,0,-5.27368117484357,0,-0.696596903679705,4.00529088396946,0,-2.73137920485704,0,0,-15.67483028305,0,0,-0.704871817533439,-2.72934230748686,-2.75189588037594,0,0,2.1792745455915,0,0,0.571531109350236,-2.12252951043465,0,0,-0.303997711032554,0,0.466950202298145,0,0,0,0,-5.57694672864341,0,0,0,0,0.91092719873122,-4.85065450503408,0,0,-0.983632651244945,0,0,0,0,0,0,-2.0948565849879,-0.799316094960999,0,0,0,0,-1.18785203087461,0,0,0,0,0,0.817549513714652,0,0,0,0,0,0,0,0,0,-0.819087583980675,0,0,0,4.66803388128658,1.43519399897089,0,1.9853225743203,0,0,0,0,0,0,0.223722305614232,0,-4.98074023555323,0,-0.405470648082248,0,-2.25596697897701,0,0,0.0462278734068322,0,0,0,-0.300092125546936,0,0,0,0,0,0,0,0,0,4.44139927588425,0,0,0,0,2.53958618374484,-0.970345636854611,0,0,0,-3.94910800774155,0,0.0275168670394637,0,0,-1.87236223865747
0,0.0521707401543079,0,0,0,0,0,0,0,-0.161842189448873,0,0,0,0,1.12166866179013,0,0,0.0686173349853016,0,0,0,0,0,0,0.499668397475195,0,0,0,0,0,0,0,0,0,0,0,0,0.442713038361884,0,0,0,0,0,0,0,0,0,0,0,0,0,0,0,0,0,0.124839712497367,0.00147266287381043,0,0,0,1.15367427102124,0,0,0,0,0,0,0,0,0,0,0,0,0,0,0.959969488298157,0,0,0,-8.80047753064271,0,0,-0.264787517611911,0,0,0,0,0,0,0,-3.94581725453443,0.00793841457262312,0,0,1.24283797672512,0,0,-1.0855402403768,0,0,-0.547853641574068,0,0,0,0,0,0,0,0,0,0,0,0,0,0,1.0829422895474,0,0,0,0,0,0,0,0,0,0,0,0,0,0,0,-0.117315139540285,-2.29400666054405,0,0,0,-1.8116217677406,0,0,0.810053667653951,0.387652761756951,0,0,0,0,0,0,-0.751197680728922,0,0,0,0,0,0,0,0.255322204709595,0,0,0,0,0,0,0,0,0,0,-0.815062773085007,0,0.232865631978478,0,0,0,0,0,0.247607717002854,0,0,0,0,0,0,0,0,0,0.185390952525681,0,0,-0.799688419276795,0,0,0,0,0,0,0,-0.454090170839915,0,0,0,0
0,0,0,0,0,0,0,0.0135198112965484,0,0,-3.54713436470227,0,0.0931488342154698,-0.00573180168235354,0,0,0,0,0,-0.271107364473758,0,0,-0.137487370597471,0,0,-0.546799377168051,0,0,4.06972744196812,0,0,0,0,0,0,0,0,0,0,-0.248522168401083,0,0,0,-1.62756966626012,0,0.224760723428318,0,0,0,0,0,0,0,0,0,0,-0.539366883342084,0,0,-0.0615674778050159,0.433060847144643,0.0942431456705803,0.533717810834438,0,0,0,0,1.43787813748221,0,0,0,0,-0.650188660756618,0,0.688665230190679,0,0,-0.690294095042508,0,-4.18917099023959,0,0,0,0.0655982037780256,0,0,0,-2.49488588079362,0,0,-3.1505515915117,0.489597262804083,0,0,0,0,0,0,0,0,0,0,0,0,0,0,0,0,0,0,0,0,0,0,0.746459013017162,0,0,0,0,0,0,1.51513569590964,0,0,0,0,0,0,0,-0.112492954820997,0,0,-0.737925888340281,0,0,-0.515481805127767,0,0,0,1.30720249171056,0,0,0,0,0,0,0,0,0.196650589900998,0,0,2.19006329613681,0,-2.53063307261813,0,-0.995043090327163,0,0,0,1.15028342461601,0,0,-0.645095906840411,-0.37553513952306,0,0,0,0,0,0,0,0,-0.513086079480275,2.77133208181084,0,0,0,-1.79681726699787,0,-0.368296570703043,0,0,0,0,0,0,0,-0.450626495541238,0,0,0,0,0,0,0,0,0.718266862748165,0.248821736687012,0,0.405794105750686
0,0,0,0,0.665567170019024,0,0,0,0,0,-0.777717031765637,-0.0197040187633823,0,0,0,0,0,0,0,0.106449731203862,0,0,0,0,0,-1.20866361663174,0,0,2.76482065620292,0,0,0.25053175907404,0,0,0,-0.108274694186771,0,0.119654815493909,0,0,0,0,0,-1.49128853851608,0,0.315504929039041,-1.66634862510928,0,0,0,0,0,0,0,0,0,0,0,0,0,0,0,0,0,0,0,0,0,0,0,0,0,0,0,0,0,0,0,0,0,0,0,0,0,0,0,0,-0.971476075622745,0,0,-2.69528925845015,0.0971489245162231,0,0,0,0,0,0,0,0,0,0,0,0,0,0,0,0.00575564109861593,-0.93401812336196,-0.395639921775784,0,0,0,0,0,0.298785701857938,0,0,0.00598085820089755,0,0,0,0,0,0,0,0,0,0,0,0,-0.400745595844612,0,0,0,0,0,0,0,2.88360123050544,0,0,0,0,0,0,0,0,0,0,0,1.48429340453817,0.412060670332549,0,0,0.0183982792204433,0,0,0,0.822073978820532,-0.215606262551875,-0.626693295932735,0,0,0,0,0,-0.788048663441183,0,0,0,0,0,-0.105301086172215,0.164120829456882,0,0,0,0,0,0,0,0,0,0,0,0.193123176331924,-0.320399834990668,-0.45090867556116,0,-0.807526727146455,0,0,0,0.156795664928379,0,0,0,0,0
0,0,0,0,0.692356020173556,0,0,0,0,0,0,0,0,0,0,0,0,0,0,0,0,0,0,0,0,0,0,0,1.86635860117523,0,0.221760402412386,0,0,0,0,0,0,0,0,0,0,0,0,0,0,0,-0.000557509784828714,0,0,0,0,0,0,0,0,0,0,0,0,0,0,0,0.397658922494613,0,0,0,0,0,0,0,0,0,0,0,0,0,0,0,0,-2.18023681849963,0,0,0,0.62386189487608,0,0,0,-0.377098690363826,0,0,-2.25692499352557,0,0,0,0,0,0,0,0,-0.370815141989476,0,0,0,0,0,0,0,0,0,-0.245335407336093,0,0,0.146069216841117,0.580452269426568,0,0,0,0,0,0,0.542635031923715,0,0,0,0,0,0,0,0,0,0,0,-0.179636309811646,0,0,0,0,0,0,0,-0.04063738938225,0,0,0,0,0,0,0,0,0,-0.361998580274775,0.245368801810316,0,0,0,0.137162866463963,0,0,0,0,0,-0.149428375024536,0,0,0,0,0,-1.05282335988926,0,0,0,0,0,1.0477192037624,0,0,0,0,0,0,0,0,0,0,0,0,0,0,0,0,0,0,0.17860614272443,0,0,0,0,0,0,0.0257272890096893
0,0.389247604945811,0,0,0,0.144749657062028,0,0,0,0,-0.612919991866426,0,0,-0.447548964190835,0,0,0.312625861935604,0,0,0,0,-0.0250889548812898,0,0,0,0.833768634514619,0,0,1.83985763514313,0,0,0,0,0.320399370108683,0,0,0,0,0,0,0,0,0,0,0,0,0,0,0,0,0,0,0,0.0208088779225597,0,0,-0.178053341927875,0,0,0,0,0,0,0,0.3363980176184,0.295285772626531,0,0,0,0,0,0,0,0,0,-0.0573818842532783,0,0,0,-1.77707919422742,0.269360876543049,0,0,0.668605505918608,0,0,0,0.0110256057002511,0,0.465363060808341,-0.703430283490917,0,0,0,0,0,0,0,0,0,0,0,0,0,0,0,0,0,0,0,0,0,0,0,0,-0.415225070686926,0,0,0,0,0.343235990763171,0,0,0,0,0,0,0,0,0,0,0.459104429223117,0,0,-0.436130942708787,0,0,0,0,0,0,0,0,0,0,0,0,0.0559318346570827,0,0,0,0.0844140777350286,0,0,0,0,0,0,0,0,0,0,0,0,0,0,0,0,0.165095131287114,0,0,0,0,0.20445702602754,0,0,0,0,0,0,0,0,0,0,0,0,0,0,0,0,0,0,0,0,-0.0946510362630453,0,0,0,0,0
0,0,0,0,0,0,0,0,0.687017867890328,0,0,0,0.522946131851056,0,0.000694396165089817,0,0,1.23405005849435,0,0,0,0,0,0,0,0,0,0,0,0,0,0,0,0,0,0,0,0,0,0,0,0,0,-0.702349211508896,0,0,0,0,0,0,0,0,0,0,0,0,0,0,0,0,0,0,0,0,0,0,0,0,0,0,0,0,0,0,0,0,0,0,-0.776393495328417,-2.30833766720311,0,0,0,0,0,0,0,0,0,0,-3.91824708153343,0,0,0,0,0.421030529501887,0,-0.231011395700508,0,0,0,0,0,0,0,0.235133436209871,0,0,0,0,0,0.201462396285894,0,0,0,0,0,0,0,0,0,0,0,0,0,0,0,0,0,0,0,0,0,0,0,0,0,0,0,0,0,0,0,0,0,0,0,-0.0389161542772047,0,0,0,0.1401805028172,0,0,0,0,0,0,0,0.140233773123962,0,0,-1.24021535876012,0,0,0,0,0,0,0,0,0,0,0.352157555256845,0,0,0,0,0,0,0,0,0,0,0,0,0.4456025088267,0,0,0,0,0,0,0,0,0,0,0,0,0.00331684088818318
0,0,0,0,0,0,0,0,0,0,0,0,0,0,-0.554775832768708,0,0,0,0,-0.238102294343034,0,-0.684216279987977,0,-0.0328214119255552,0,3.29611878079592,0.372675213037226,0,1.42823591665421,0,-1.88183880999279,-0.201419362883448,0,0,0,0,0,-0.427860623467744,0,0,0.15476125177167,0,0,0,-0.790343814384422,0,0.544945468078636,0,0,0,0,0,0,0,0,0,-2.30927878312109,0,0,0,0.120618500557205,0,0,0,0,0.465082607423543,0,0,0,0,0,0,0,0,0,0,0,0,0,-0.102760775698831,0,0,-1.05424255137671,0.982637299992316,0,0,0,0,0,0,-0.500930600803248,0,0,0,0,0,0,0,0,0.306588180091715,0.341273086932461,0,0,0,0,0,0,0,0,0,0,-0.314136739092489,0,0,0.519474419460582,0,-0.448238347853031,0,0,1.14172022862483,0,0.619799918817137,0.271300968045881,0,0,0,-0.821916657189453,0,0.174281138973906,0,0,0,0,0,0,0,-0.95756902760069,0,0,-1.04668068596476,0.902332188126252,0,0,0,0,0,0,0,0,0,-0.895259944889259,0,1.05812361624858,0,0,0,0,0,0,0,0,1.21346378502422,0,-0.288656280371743,0,0,0,0,-1.17360364544589,0,0,0,0.301114257653234,0,0,1.9139641923933,0,0,0,-1.78788381062025,0,0,0,0,0,-0.379261200799812,0.29674632123544,0.182259020034054,0,0,0,-0.0313143488015379,0,0,0,0,0,-1.440763698027,2.32530637308977,-0.016290330535456
0,0,0,0,0,0,-2.90745190178529,0,0,0,0,0,0,0,0.505412729058172,0,0,0,0,0,0,-0.0227879268637015,2.67835147790975,0,0,0,1.13925643861428,0,0,0,0,0,0,0,0,0,0,0,0,0,0,0.312607432088406,0,0,0,0,0,0,0,0,0,0,0,0,0,0,0,0,0,0,0.023929782882927,0,0,0,0,-0.465507821745054,0,0,0,0,0,0,0,0,0,0,0,0,1.22754395522626,-4.58479851269556,0,0,-0.033445090613613,0.576185357952292,0,0,0,0,0,0,-2.61459591395641,0,0,0,0.028003178549898,0,0,0,0,0,0,0,0,0,0,0,0,0,0,0,0,0,0,0,0,0,0,0,0,0,0,0,0,0,0,0,0,0,0,0,0,0,-0.555282402938902,0,-0.579516452457636,-0.356661558602603,-0.231493296199856,0,0,0,0,0,0,0,0,0,0,0,0,0,0,0,0,0,0,0,0,0,0,0,0,0,0,0,0,0,0,0,0,0,0,0,0,0,0,0,0,0,0,0,0,0,0,0,0,-0.0978939375492482,0,-0.157942544724021,0,0,0,0,0,0,0,0,0,0,0,0
0,0,-0.0058588963606927,0,0,-0.220900657944038,-4.50532646488297,0,0,0,0,0,0,0,1.64289249438474,0,0,0,-0.273997966688966,0.00181456402674329,0.999381934911137,0,0,0,0,0,0.637816974376498,0,-0.180098030550605,0,0,0,0,-0.400966051931241,0,0,0,0,0,0,0,-0.162444606343552,0,1.34173158169874,-0.541841802567794,-0.321015500962575,3.06050544852278,0,0,0,0,0.00667433277704266,1.03378442495492,0,0,0.298164793531489,-3.357895745538,0,0,-0.0408459304834212,0.30448461833245,0,0,0,0.88140465071553,0,0.074045477353325,0.190595482476672,-0.0924574221579411,-0.420924827503043,0,0,0,0,0,0,0,0.899558019148604,-1.07585305365359,-0.910553475046172,0,0.0732864284694963,0,0,1.69579483932145,0,0,0,0,0,-0.799137624555622,0,-0.377165235011051,0,0,0,0,0,0,-2.0939873972555,0,1.21242301103309,0,0,0,0,0,0,-0.285887409491126,-0.425181362885987,0,0,0.141202001084554,0,0,0,0,0,0,0,0.0391484400673228,0,0,0,0,0,0,0,-0.0465593789165271,0,-0.140336410571139,0.686396256683488,0,0,0,0.0574250860867322,0,0,0,-1.37287991163382,0,0,0,0.305621778546158,0,-0.371888616228285,0,0,0,0,-0.157280502935091,0,0,0.432127470926846,0,0.884121178891611,-0.925716910882945,0,0.278302463850801,0,0,-0.366882471017922,0,0,0,0,0,0,0,0,0,0,0,-3.26651264610609,0,0,0,0,0,-0.230042897896435,0,0,0,0,0,0,1.43588930299428,0,0,0,0,0.554185773644234,0,-0.102021611695861,0.288623226866402,0,0,0,-0.390009836230383,1.05713727921635
0,-0.905568396675152,0,0,-1.12697133082641,0.515905553487464,-2.69311160034713,0,2.03382486814044,0,0.339266693993348,0,0.102964996480574,-0.040575716985761,0,0,0,-3.15884992015794,0,0,0,0,-1.10991312009831,0,0,0,0,0.153031896741623,0,0,1.1866102207051,0,0,-0.227120586609457,0,0,-0.143552523733746,0,0,0,0,0,0,-1.14775444255773,-0.348961251617676,0,0,0,0,0,0,0,0,-0.222350733466233,0,0,0,0,0,0,0,0.188024894672301,0.103886540189872,0,0,0,0,0,0,0,0,0,0,0,0,0,0,0,0,-5.03669799317304,0.915321822846314,0,0,0,0,0,-0.10015224588078,0,0,-0.452023426660609,-0.281871096455422,0,0,0,0,0,0,0,0,0,0,0,0,0,0.207820179047181,0,0,0,0,0,0,0,0,0,0.543055525939847,0,0,0,0,0,0,-0.409898580722253,0,-0.107092866902713,0,0,0,-0.0368405014083442,0,0,0,2.33549137751179,0,0,0,0,0,0,0,-1.21233515635297,0,0,0,0,0,0,0,0,0.457456168676733,0,0,0,0,0,0,0,0,0,0,0.162539441843777,0.12730513729599,0.153920675004453,-0.800872344976969,0,0,0,0,0,0,0,0.08754525114816,0,0,1.51229999253099,0,0.643073946700904,0,0,0,0,0,0,0,0,0,0,0,0,0,0,0,0,0,0.302831072112786,0,0,0,0,0,-0.204403177464846
0,0,0,0,0,0,-0.275763406484486,0,0,0,2.58647652830489,0,0,0,0,0,0,0,0,-0.0114334717543429,0,-0.612279675357789,0,0,0,0.903532473543944,0,0,0,0,0,0,0,0,0,0,0,0.969970332242364,0,0,0,0,0,0,0,0.0551062727958063,0.163563266940327,0,0,0,0,0,-0.365466902176089,0,0,0,0,0,0,0,0,0,0,0,0,0,0,0,0,0,-0.106247943248574,0,0,0,0,0,0,0.315721078248768,0,-0.898400989108065,0,0,0,0,0,0,0,0,0,0,-2.27837365669062,0,0,0,0,0,0,0,0,0,0,0,1.61148167818514,0,0,0,0,0,0,0,0,0,0,0,0,0,0,0,0,0,0,0,0,0,0,0,0,0,0,0,0,0,0.258368782675416,0,0,0,0,0,0,0,0,0,0,0,0,0,0,0,0,0,0,0,0,0,0,0,0,0,0,0,0,0,0,0,0,0,0,0,0,0,0,0,0,0,0,0,0,0,0,0,0,0,0,0,0,0,0,0,0,-0.308192363913857,0,0,0,0,0,0,0,0,0,0
0,0,0,0,0,0,0,0,0,0,0,0,0,0,0,0,0,0,0,0,0,-0.236057412876141,0,-0.0254118760272,-0.482862273789178,0,0,-0.323689147491869,0,0,0.150057744122003,0,0,0,0,0,0,0,0,0,0,0,0,0,0,0,1.7535395449457,0,0,0,0,0,0,0,0,0,0,0,0,0,0,0,0,0,0,0,0,0,0,0,0,0,0,0,0,0,0,0,-0.201968663469033,-0.647581534435529,0,0,0,0,1.60086095337555,0,0,0,0,0,0,0,0,0,0,0,0,0,-0.264294861332506,0,0,0,0,-0.198097259030434,0,0,0,0,0,0,0,0,0,0,0,0,0,0,0,0,0,0,0,-0.0536370413988996,0,0,0,0,0,0,0,0.239719159666843,0,0,0,0,0,0,0,0,0,0,0,0.124118956965568,0,0,0,0.0575775693225615,0.00445243249809568,0,-3.33147379919378,0,0,0,0,1.32968092535319,0,-0.315406495052811,0,0,0.895471504878482,0,0,0,0,0,0,0,0,0,0,0,0,0,0,0,0,0,0,0.480277083579408,0,0,0,0.312374113713642,0,0,0,0,0,0,0,0,-0.0496414144368895,0,-0.683949007847397,0,0,0,0,0
0,0,0,0,0,0,0,0,0,0,0,0,0,0,0,0,0,0,0,0,0,-0.00194887499219831,0,0,0,0,0,0,0,0,0,0,0,0,0,0,0,0,0,0,0,0,0,0,0,0,0,0,0,0,0,0,0,0,0,0,0,0,0,0,0,0,0,0,0,0,0,0,0,0,0,0,0,0,0,0,0,0,0,-0.336562832847652,0,0,0,0,0,0,0,0,0,0,-1.47083536575228,0,0,0,0,0,0,0,0,0,0,0,0,0,0,0,0,0,0,0,0,0,0,0,0,0,0,0,0,0,0,0,0,0,0,0,0,0,0,0,0,0,0,0,0,0,0,0,0,0,0,0,0,0,0,0,0,0,0,0,0,0,0,0,0,0,0,0,0,0,0,0,0,0,0,0,0,0,0,0,0,0,0,0,0,0,0,0,0,0,0,0,0,0,0,0,0,0,0,0,0,0,0,0,0,0,0,0,0,0
0,0,0,0,0,0,0,0,0,0,0,0,0,0,0,0,0,0,0,0,0,0,0,0,0,0,0,0,0,0,0,0,0,0,0,0,0,0,0,0,0,0,0,0,0,0,0,0,0,0,0,0,0,0,0,0,0,0,0,0,0,0,0,0,0,0,0,0,0,0,0,0,0,0,0,0,0,0,0,0,0,0,0,0,0,0,0,0,0,0,0,0,0,0,0,0,0,0,0,0,0,0,0,0,0,0,0,0,0,0,0,0,0,0,0,0,0,0,0,0,0,0,0,0,0,0,0,0,0,0,0,0,0,0,0,0,0,0,0,0,0,0,0,0,0,0,4.14867686238495,0,0,0,0,0,0,0,0,0.681743551982124,0,0,0,0,0,0,0,0,0,0,0,0,0,0,0,0,0,0,0,0,0,0,0,0,0,0,0,0,0,0,0,0,0,0,0,0,0,0,0,0,0,0,0,0
0,0,0,0,-0.882984412142364,-0.117992738966598,-0.453565733087858,0,0,-0.0587280565032955,0,0,0,0,0,0,0,0,-0.843002353927098,0,0,-0.178311303092088,-0.130591738761258,0,0,0,0,0,0,0,0,0,0,0,0,0,0,0,0,0,0,0,0.288027949474217,0,0,0,0,0,0,0,0,0,0,0,0,0,0,0,0,0,-0.503430820099918,0,0,-1.29411659245017,1.01149596186404,0,4.61983800188175,0,0,0,0,0,0,0,1.74368949285904,0,0,0,0,-0.311736948278543,0,0,0,0,0,0,0,0,0,0.049335272586934,0,0,0,0,0,0,0,0,0,0,0,0,2.40892967561369,0,0,-0.00873145107269524,0.270120286814653,0,0,0,0,-0.0298548875517011,0,0,0,0,0,0,0,0.475831824880762,0,0.662055646933357,0.442421087727049,0,0,0,0,0,0,0,0.173086738280253,0,3.17996253959639,0,0,0,0.160254461877141,0,0,0,0,0.0397774590991153,0,1.33594785929116,0,0,-6.53718777385328,0,0,0,0,0,0,0,0,0.518986303680766,0,0,0,0,0.7626376897274,0,0,0,0,0,0,0,0,0,0,0,0,0.292031576566641,0,0,-0.605951297390634,0,0.0829483034183913,0,0,0,0,0,0,0,0,0,0,-0.0335703065636235,-0.875811417956192,0,0,0,0,0,0,0,0,0
0,0,0,0,0,-1.03180915401142,-1.77213777167699,-1.57836327549696,-0.513823268572301,-0.776816575272925,0,0,0,0,0.393639690883267,0,0,0,-0.645484804883702,0.796228575983692,0,-0.718808115528078,0.0449695012689748,0,0,0,0,0,0,0,0,0,0,0,0,0,-0.924634889220526,0,0,0,0,0,0,0,0,0,0,0,0,0,0.0606372544530418,0,0,0,0,0,0.580335269154038,0,0,0,0,0,1.10861081144661,0,0.711801188621263,0,9.99314007998845,0,0,0,0,0.232248222279184,0,0,0,0,0,0,0,0,0,0,0.462484927742765,0,-1.23514512342582,1.17000204742779,-0.239562255662662,0,0,0,0,-0.232130757902067,0,0,0,0,0,0,0,0,-0.430110151024201,0,0,0,0,-2.30808605554742,0.775778732034598,0,-0.221952655284223,0,0,-0.0365686534798053,0.00539150277666889,0.0873889087123729,0,0,0,0,0,0,0,0,0,0,0,0,0,0,0,-0.234932094924827,0,0,-1.43152621664362,0,0,0,0.456795765882503,0,0,0,0.424186536527531,0,0,0.362035630654217,0,0,-7.48847066399417,-1.66892007599155,0,0,0.542444436159154,0,0,0,1.22503432669791,1.9639039378437,0,0,0,0,0,0,0,0,0,0,0,0.911054207321418,0.341067683348326,0,0,0,0,0,0,0,-0.634995462077359,0,-0.557315598560068,0,0,1.22161568630413,0,-1.06920977914249,0,0,0,0,0,0,0,0.215322981946882,0,0,0,0,0.151605985240829,0,0,1.42320950947706
0,-0.358430834967442,0,0,0,0,0,0,0.155264909745185,-0.986348241096592,0,0,0,0,-0.157202998771411,0,-0.156396417291759,0,0,0,0,-0.456161509010647,0,0,-1.96529213708777,0,0,-0.0213004162061214,0,0,0,-0.167913858125649,0,0,0,-0.174183102758059,0,0,0,0,-0.532882234490916,0,0,0,0,0,0,0,0,0,0,-1.9192153264469,0,0,0,0,0,0,0,0,0,0,0,0,0,1.82005128397723,0,0,0,0,0,-0.883021631763393,0,-0.225845855538946,0,0,0,-0.295195244002689,0,0,-0.0654747037925378,0,0,0,-0.480431209162252,0,0.216753993282917,0.162464898044242,0,0,-4.42851801661491,0,0,0,0,0,0.584683474416339,0,-0.221747543805435,0,-0.765543431005268,0.299050120877238,1.7241825572314,0,0,0,0,0,0.176929168364432,0,0,0,0,0,0,0,1.50465330389509,0,0,0,0.306370279359423,0,0,0,0,0,0.472477849189457,0,0,-0.523679201469603,-2.06315130225268,-0.396651376833635,0.669763688102898,0,0,0,1.35322060186241,0,0,0,0.463512259853679,0,0,0,0,0,0,-0.105423792734562,0,0,0,0,0,0,0,0,0,0,0,-0.697081901526739,0,0,0,0,0,0,0,0,0,0,0,0,0,0,0,-0.0991386824261506,-1.90854764001454,0,0,1.69613351715033,0,0,0,0,0.566530229070007,0,0,0,0,0,0,0,-0.191951228567139,-0.0592899744113811,0,0,0,0,0,0
0,0,0,0,0.0887547171516088,0,-0.689282289401132,0,-0.45581365142384,0,0,0,0,0,0,0.210298241816015,0.326285930141714,-0.706648665453676,0,0,0,0,0,0,0.747220125011973,-0.488419594860457,0,0,-1.32151055447402,0,0,-0.438142379644777,0,-0.294089752059827,0,0.289662720542307,0,-0.331429004277667,0,0,0,-0.111263192793905,0,0,0,0,0,0,0,0,0,0,0,0,0,0,-0.361977564560822,0,-0.0513058943380376,0,0,0.725445725352666,0,0,0,0.24528345412128,0,0,0,0,-1.58547158547591,0,0,0,-0.322867162712948,0,0,0,0,-1.91978322665795,0,0,0,-0.867153128760134,1.50263032030799,0,0,-1.61578326624976,0,0,-0.527706965937702,0.333978481273429,0,0,0,0,0,0,0,0,0,0,0,0.780496177737142,0,0,-7.94997476153199,-0.399414962865198,0.0733427414854391,0,0,0,0,0.831777043472897,-0.383247926747285,-0.669622959238644,0,0,0,1.04270093011786,0,0,0,0,0,-0.244896962037309,0,0,-0.344898396026159,0.0487939115011247,0,0,1.76953572902276,0,0,0,0,0,0,0,0,1.61909875595662,0,0,0,0,0,0,0.138337180691085,0,0.423740174170303,0,0,0,-0.958047209059892,0,0,0,0,0,0,0,0,0,0,0,0,0,0,0,0,0,0,0,0,0,0,0,0,0,0,0.179205880877721,0,0.524984458164631,1.45167894461181,-0.348243255791199,0,0,0,0,0,0,0,0,0,0,-0.0752136819041818,0,0,0
0,0.523041894715596,0,0,0.323457996032698,0,0,0,0,0,0,0,-1.3727789591115,0,0.286379798001437,0,1.84609309651786,0,0,0,0.32257564585399,-0.527469443404281,0,0,-1.53101221791144,0,0,0,0,0,0,0,0,0,0,0,0,0,0,-0.180673453636461,0,0,0,0,0,0,0,0,-0.49272081063223,0,0,-0.0537483148690894,0,0,0,-0.0442019020778577,0,0,0,0,0,0,0,0,0,0,0,0,0,0,0.8439226331183,0,0,0,-0.275795138174924,0,1.4511112730295,0,0,0,0,0,0,0,0,0,0,0,0,-0.650514198395121,-3.24502322998293,-1.35037748407894,0.58408929927826,0,0,0,0,-0.724522574917575,-0.37198340027227,0,0,0,0,0,0,-1.40599239995369,-11.7178725581198,0,-0.624478496331087,0,0,-0.843860494835486,-1.14414377616785,0,0.00720859168919352,0,0,0,0,0,0,0,-0.165510825396628,0,0,0,0,0,1.01738727855604,0,0,0,2.49674648647611,0,0,0,0,0,0,0,-0.545426598198171,0,0,0,0,0,0,0,-0.159647365507275,0,0,0,0,0,0,0,0,0,-0.497259056881837,0,1.19461349085426,0,0,0,0,0,-2.52210254574638,0,0.120129247307349,0,0,-0.283326584668315,0,0,0,0.320891141644895,0,0,0,-0.337623148092161,0,0,0,0.173758084764724,0,0,0,0,0,0,0,0,0,0,0,0,0.37529824079265,0,0,0
-0.427450575135371,0,0,0,0.093165253024502,0,0,0,-0.12990213353545,0,0.0392900393397331,0,-3.57275935246954,0,0.031925066254868,0,0,0,0,0,0,-0.257518270108527,0,0.0927580662301011,0,0,0,0,0,0,0,0,0,0,0,0,0,0,0,0,0,0,0,0,0,0,-0.12751163998563,-0.621986459289009,0,0,0,0,0,0,-0.175817227617015,0,0,1.09554134424624,0,0,0,0,0,0,0,-0.0177142083975304,0,0,0,0,0,0,0,0,0,-0.221694879013143,0,0,0,0.0211367360462866,0,0,0,0,0.305089168247513,0,-0.0503912119820364,0,0,0,-5.88342364826737,0.447357388507754,0,0,0,0,0,0,0,0,0,0,-0.0704175003133272,0,0,0,0,0,0,0,0,0,0,0,0,0,0,0,0,0,-1.20579693308415,0,0.111813948744207,0,0,0,0,0,0,0,0,0,0,0,0,0,0,9.97130486138476,0,0,0,0,0,-0.354352212510307,0,0,0,0,0,0,0.362330142260708,0,0,0,0,0,0,0,0,0,-1.26470226198958,0,0,0,0,0,0,-0.237538778141748,0.0474328782996132,0,0,0,-0.446358648333141,0,0,0,0,0,0,0,0.691419664892528,0,0,0,0,0,0,0,0,0,0,0,0,0,0,0.0896516226354667,0,0,0.886194670514912,0
-0.00197616133094236,0.590871850065027,0,0,0.994299907525001,0,0,0,0,0,0,0,-5.20632182809992,0,0.190358676236847,0,0,-0.834849893621613,0,0,0,-0.0686680123681818,0,0,0,0,0,0,0,0,0,0,0,0,0,0,-0.410273613408475,0,0,0,0,0.0650462537835923,-0.239739528691495,0,0,0,0,-2.25195116591685,0,0,0,0,0,0,-3.07577774975483,0,0,0,0,0,0,0,0,0,0,0.198228342483749,0,0,0,0,0,0,0.7666314154418,-0.292826299101162,-0.356772537313077,0,0,-0.0555155449605043,0.477217920362258,0,0,0,-0.226304412113115,0,0,0,-7.93896899930554,0.245715697914444,0,0,-3.23768607272099,0,0,0,0.0444136056214592,0,0,-0.148191019720108,0,0,0,0.170047136793175,0,1.14808654248422,0,0,0,-1.50504823702419,0,0,0,0,0,0,0,-1.17175229137677,0,0.100961203437839,0,0,0,-0.233678873935521,1.80507142902684,0,0,0,-2.46610763564512,0,0,0,0,0,0,0,0,0,0,0.239980963582372,0,0,0,0,0,0,0,0,0,0,0,1.06534831647615,0,0,0.252252848963749,0,0,0,0,0,0,-0.971500988157091,-0.424773498560918,0,0,0,0,0,-0.259715554067493,0,0,0,0.747103297546581,0,0,0,0,-0.620676830205015,0,0.240455675475466,0,0,1.16664429250861,1.06958796742467,0,0,0.147975658527174,0,0,0,0,-1.33071600728594,0,0,0,0.0670927074282597,0,0,0,-2.10182928409959,0,-0.718338691461051
0,0,0,0,0,0,0,0,0,0.309391648156209,0,0,0,0,0,0,0,0,0,0,0,-0.761530288191523,0,0,0,0,0.633876589319597,0,0,0,0,0,0,0,0,0,0,0,0,0,0,0,0,0,0,0,0,0,0,0,0,0,0,0,0,0,0,0,0,0,0,0,0,0,0,0.117425224440371,0,0,0,0,0,0,0,0,0,0,0,0,0,0,0,0,0,0.151769091005483,0,0,0,0,0,0,-2.72344910691932,0,0,0,0,0,0,0,0,0,0,-0.205135142060601,0,0,0,-0.157605293078419,0,0,0,0,0,0,0,0,0,0,0,0,0,0,0,0,0,0,0,0,0,0,0,0,0,0,0,0,0,0,0,0,0,0,0,0,0,0,0,0,0,0,0,0,0,0,0,0,0,0,0,0,0,0,0,0,0,0,0,0,-0.10657535906348,0,0,0,0,0,0,0,0,0,0,0,0,0,0,0,0,0,0,0,0,0,0,0,0,0,0,0,0,0,0,0,0,0
-0.174963125036619,0,0,0,0,0,-1.12821609065086,0,0,0,0.378214800280434,0,0,0,0,0,-0.0217104394683343,0,0,0,0,0,0,0,-0.00907638492180984,0.693280711720506,1.13799769663854,0,0,0,0,0,0,0,0,0,0,0,0,0,0,0,0,0,0,0,0,0,0,0,0,0,0,0,0,0,0,2.13278745597656,0,-0.192484208923681,0,0,0,0,0,-0.0505684467918417,0,0,0,0,0,0,0,0,0,0.0767017871228468,0,0,0,-0.886192592539067,0.197447741790305,0,0,0,0,0,0,-0.788878323567717,0,1.04590165295743,-4.3109802403736,0,0,0,0,0,0,0,0,0,0,0,0,0,-0.146819410161558,0,0,0,0,0,0,0,0,0,0,0.982677449156596,0,0,0,0,0,0,0,0,0,0,0,0,0,0,0,0,0,0,0,0,0,0,0.129414771021207,0,0,0,0,0.271333720236969,0,0,0,0,0,0,0.0836762219809672,0,0,0,-0.30850656400891,0.158291508838167,0,0,0,0,0,0,0,-0.27642562778843,0,0,0,-0.243662341095086,0,0,0,0,0,0,0,-2.74329148887666,0,0,0,-0.0393792024787518,0,-0.175788921845157,0,1.31668005458764,0,0,0,0,0,-0.40854573694626,0,0,0,0,0,-1.17541789320149,0,0,0,0
0,0,0,0,0,0,-1.5644992808978,0,0,0,0,0,-0.364707692910693,0,0,0,0,0,0,0,0,-0.178945565535381,-0.626165336387362,0,0,0.984545700314748,1.23367149031833,0.189448988550331,0,0,0,0,0,0,0,0,0,-0.0280466614898578,0,0,0,0,0,0,0,0,0,0,0,0,0,0,0,0,0,0,0,0.622011660491332,0,0,0,0,0,0,0,0,0.0867859181262105,0,0,0,0,0,0,0,0,0,0,0,0,0,2.43782453426255,0,0,1.02485684252733,0,0,0,0,0,0,-2.89421380486443,0,0,0,0,0,0,0,0,-0.216119811269175,0,-0.0239460265877027,0,0,0,-1.00573677021292,0,0,0,0,0,0,0,0,0,0,0,0,0,0,0.967535684909524,0,0,0,0,0,0,0,0,0,0,0.338469941671453,0,0,0,0,0,0,0,0,0.353889491064914,0,0,0,0,0,0,0,-0.0789538048949878,0,0,0,0,0,0,0,0,0,0,0,0,0,0,0,0,0,0,0,0,0,0,0,0,0,0,0,0,0,0,0,0,0,0,0,0,0,0,0,0,0,0,0,0,0,0,0,0,0,0,0
0,0,0,0,0,0,0,0,0,0,0,0,-0.0825833974644694,0,-0.595298277728677,0,-0.417307044580458,0,0,0,0,0,0,0,0,0,0,-0.444471769983697,-0.0429081812839964,-3.37487373589956,-0.451050030802721,0,0,0,0,0,0,0,0,0,0,0,0,0,0,0,0,0,0,0,0,0,0,0.182487769544138,0.0312717824159614,0,0,0,0,0,0,0,0,0.693012250024348,0,0,0,0,0,0,0,0,0.159287417965839,0,0,0,0,0,0,0,-0.154911126511927,0,0.0223313931186127,0,0,0.0752981793113641,0,0,0,0,-3.57430404880551,0,0,0,0,0,0,0,0,0.168576087896462,-0.852539445164133,0,0,0,0,0,0,-0.543480881168555,0.802866321155615,0,0,0,0,0,0,0,0,0,0,0,0,0,0,0,0,4.78613793093973,0,0,0,0,0,0,0,0,-0.362508596065383,0,1.62657164118201,0,0,0,0,0,0,0,0,0,0,0,0,0,0,0,0,0,-1.31959440033322,0,0,0,0,0,0,0,0,0,0,0,0,0,0,0,-0.88799790868145,0,0,0,0,-1.12576129133641,-0.88816622996103,0,0,0,0,0,-0.718117163198832,0,0,0,0,0,0,0,0,0,-1.58430004605223,0,0,0,0,0,0,0
0,0,-0.532677642953282,0,0,0,0,0,0,0,0,0,0,0,0,0,0,0,0,0,0,-0.920530368196495,0,0,0,0,0,0,0,-1.39932776567589,0,0,0,0,0,0,0,-0.00893615632039202,0,0,0,0,0,0,0,0,0,0,0,0,0,0,0,0,0,0,0,-0.00857084336939096,0,0,0,0,0,0,0,0,0,0,0,0,0,0,0,0,0,0,0,0,0,0,0,0,0,0,0,0,0,0,0,0,-3.94890343188914,0,0,0,0,0,0,0,0,0,0,0,0,0,0,-0.0489467075884291,-0.10935061293897,0,0,0,0,0,0,0,0,0,0,0,0,0,-0.399493857212353,0,0,0,0,0,0,0,0,0,0,0,0,0,-0.365204366594395,0,0,0,0,0,0,0,0,0,0,0,0,0,0,0,0,0,0,0,-0.411035332553007,0,0,0,0,0,0,0,0,0,0,0,0,0,0,0,0,0,0,0,0,0,0,0,0,0,0,0,0,0,0,0,0,0,0,0,0,0,0,0,0,0,0,0,0,0
0,0,0,0,0,0,0,0,0,0,0,0,0,0,0,0,0,0,0,0,0,-0.587203788214488,0,0,0,0,0,0,0,0,0,0,0,0,0,0,0,0,0,0,0,0,0,0,0,0,0,0,0,0,0,0,0,0,0,0,0,0,0,0,0,0,0,0,0,0,0,0,0,0,0,0,0,0,0,0,0,0,0,0,0,0,0,0.250784377505947,0,0,0,0,0,0,-3.00954516055794,0,0,0,0,0,0,0,0,0,0,0,-0.28157401281569,0,0,-0.0996039064503111,0,-0.0245062495096686,0,0,0,0,0,0,0,0,0,0,0,0,0,0,0,0,0,0,-0.125698441596119,0,0,0,0,0,0,0,0,0,0,0,0,0,0,0,0,0,0,0,0,0,0,0,0,0,0,0,0,0,0,0,0,0,0,0,0,0,0,0,0,0,0,0,0,0,0,0,0,0,0,0,0,0,0,0,0,0.578063726457141,0,0,0,0,0,0,0,0,0,0,0,0,0,0,0,0
0,0,0,0,0,0,0,0,0,0,0,0,0,0,0,0,0,0,0,0,0,-0.229460852578636,0,0,0,0,0,0,0,0,0,0,0,0,0,0,0,0,0,0,0,0,0,0,0,0,0,0,0,0,0,0,0,0,0,0,0,0,0,0,0,0,0,0,0,0,0,0,0,0,0,0,0,0,0,0,0,0,0,0,0,0,0,0,0,0,0,0,0,0,0,0,0,0,0,-7.17467732514465,0,0,0,0,0,0,0,0,0,0,0,0,0,0,0,0,0,0,0,0,0,0,0,0,0,0,0,0,0,0,0,0,0,-0.171075166109521,0,0,0,0,0,0,0,0,0,0,0,0,0,0,0,0,0,0,0,0,0,0,0,0,0,0,0,0,0,0.195723523543802,0,0,0,0,0,0,0,0,0,0,0,0,0,0.007737422266066,0,0,0,0,0,0,0,0,0,0,0,0,0,0,0,-0.13480998705948,0,0,0,0,0,0,0,0,0,0
0,-0.516090316163627,0.241619560007178,0,0,0,0,0,0,0,0,0,0,0,0,0,-0.338067956104448,0,0,0,0,-0.767256275156755,-0.0385808847562186,0,0,0,0,0,0,0,0,0,0,0,0,0,-0.968822383272861,0,0,0,0,0,0,0,-0.0676997285612384,0,0,0,0,0,0,0,0,0,0,0,0,0,0,0,0,0,0,0,0,0,0,0,0,0,0,0,0,0,0,0,0,0,0,-0.465758489258982,0,0,0,0,0,0,0,0,0,0,0,0.402632166016589,0,0,0,-12.7351217344374,0,0,0,0,0,0,0,0,0,0,0,0,0,-0.506388213840822,0,-0.316561647104723,0,0,0,0,0,0,-0.20790587224072,0,0,-0.439464008338961,0,0,0,0.262223228454333,0,-0.0715978307890137,0,0,0,0,0,0,0,-0.0203822957557933,0,0,0,0,0,0,-0.031912648340342,0,0,0,0,0,0,0,0,0,0,0,0,0,0,0,-0.510713339231912,0,0,0,0,0,0,0,0,0,0.297321006983118,0,0,0,0,0,0,0,-0.0171248372897572,0,0,0,0,0,0,0,0,0,0,0.00312272390992696,0,0,0,0,0,0,0,0,0,0,0,0
0,0.639683755338743,0,0,0,0,0.433450052579521,-0.597372706492929,-0.585463518096192,0,0,0,0,0,0,0,0,0,0,-0.995804844592806,-0.320212866710383,-0.890309027192028,-0.548401319837549,0,-0.00666922737936737,0,0,0,-0.775688825441091,0,-1.19479378592328,0,0,0,0,0,0,0,0,0,0,0,0,-1.0707880875085,0.45078363461412,-1.87991136574921,0,0,0,0,0,0.326419136482345,0,0.00155548653437076,0,0,0,0,0,0,-0.203268950125692,0,3.21248777347143,0,0,0,0,0,0,0,3.28071747668438,0,0,0,0,0,0,0,0.284892711244242,-1.05377927087622,0,0,-0.0993155130184695,0,0,0,0.163399234188513,0.690399247815771,0,0,-0.831293612639613,0,0,0,1.18967666266528,-14.7864565621636,0,0,0,1.16312089278442,-0.746050193246652,0,0,0,0,0,0,0,0,0,0,0,0,0.0263486435672493,0,0,0,0,0,0,0,0,0,0,0,-0.108193992284999,0,0,0,0,0.0404012745699165,0,0,0,0,0,0,0,0,1.18998674822553,0,0,0,-1.32353826539725,0,0,0,0,0,0.647097889076479,0,0,0,0,-0.81432028984401,0,0,0,0,0,0,0,-0.108345643682782,0,0,0,0,0.101830004993738,0,-0.137319935310876,0,-0.167173843988533,0,0.166785123967298,-0.707874864507183,0,0,0,0,0,0,0,0,0,0,0,0.226474780664747,0,0.0233521677622253,0,0,0,0,0.98927340284899,0,0,0.53307298855107,0.565630034957214,-0.174750493261813,0
0,0,0,0,0,0,0,0,0,0,0,0,0,0,0,0,0,0,0,0,-0.0522257503716264,-0.199291205946403,-0.470783154919311,0,0,-1.98254991303923,0,0,0.628212892750791,0,0,0,0,0,0,0,0,-0.0959248911554749,0,0,0,0,0,0.052869738939548,0,-0.59938766735872,0,0,0,0,0,0,0,0,0,0,0,0,0,0,0,0,0,0,0,0,0,0,0.00796232103917061,0,0,0,0,0,0,0,0,0,0,0,0,0,0,0,0,0,0,0,0.0806428780323094,0.0700684720655675,0,0,0,0,0,-11.367424315009,0,0,0.0510223409072894,0,0,0,0,0,0,0,0,0,0,0,0,0,0.0940409382517358,-0.0446381311141737,-0.0118609130506733,0,0,0,0,0,0,-0.0399627414546599,0,0,0,0,0,0,0,-0.0739152393347922,0,0,0,0,0,0,0,0,0,0,0,0,0,0,0,0,0,0,0,0,0,0,0,0,0,0,0,0,-0.254743695914647,0.0682753598924393,0,0,-1.17326377235975,0,0,0,0,0,0,0,0.409319525278539,0,0,0,0,0,-0.0113911012515959,0,0,0,0,0,0,0,0,0,0,0,0,0,0,0,0,0,0,0,0,-0.550138474328743,0,0
0,0,0,0,0,0,0,0,-0.213068875874592,0,0,0,0,0,0,0,0,0,0,0,-0.192582607849556,-0.632437262751443,0,0,0,3.25079956408476,0,0,1.69159477308957,0,0,0,0,0,0,-0.12859167302156,0,0,0,0,0,0,0,1.33405235513999,-1.29503237485203,0,-2.81451779969989,0,0,0,0,0,0,0,0,0,-0.689516583421747,0,0,0,0,0,0,0,0.000123490154456007,0,0,-0.433123025394424,0,0.208791970528629,-0.969634299596351,0,0,0.253491300558656,0,0,0,0,-0.0702341771889652,0.034853812220355,0,0,0,0,0,0,0,-0.162190205478513,0,0,-0.376233645898504,0,0,0,-0.0169688582713245,-13.0078817808496,0,0.27143980675489,0.513367042674566,0,0,0,0,0,0,-0.896060862401031,0,0,0,0,0,0,0,0,0,0,0,0,0,0,0,0,0,0,0,0,0,0,0,-0.415241464759676,0,0,0,0,0,0,0,0,0,0,0.651384964685551,0,0,0,0,0,0,0,0,0,0.53976375687364,0,0,0,0,0,0.119324624677994,0,0,0,0,0,0,-0.100590549615585,0,0,0,0.717778314023615,0,0,0.357690768258396,0,0,0,0,0,0,0,0,0,0,0,0,0.410020507022959,0.542894664675452,0,0,0,0,0,0,0,0,1.21207578126229,0,0,0,0,0,1.15982052975979
0,0,0,0,0,0,0,0,0,0.533729361301751,0,0,0,0,0,0,0,0,0,0,0,-0.639613302866288,0,0,0,0,0,0,0.108186661701907,0,0,0,0,0,0,0,0,0,0,0,0,0,0,0,0,0,0,0,0,0,0,0,0,0,0,0,0,0,0,0,0,0,0.720652898792524,0.210864071211689,0,0,0,0,0,0,0,0,0,0,0,0,0,0,0,0,0,0,0,0,0,0,0,0,0,0,-1.24210409503454,0,0,0,0,-9.3336377068183,0,0,0,0,0,0,0,0,0,0,0,0,0,0,0,-0.116730843201445,0,0,-0.548346504543161,0,0,0,0,0,0,0,0,0,0,0,0,0,0,0,0,0,0,0,0,0,0,0,0,0.346755210109415,0,0,0,0,0,0,0,0,0,0,0,0,0,0,0,0,0,0,0,0,0,0,0,0,0,0,0,0,0,0,0,0,0,0,0,0,0,-0.258767127775261,0,0,0,0,0,0,0,-0.0781047687097978,0,0,0,0,0,0,0,0,0,0,0,0,0,0
0,0,0,0,0,0,0,0,0,0,1.06436662887453,0,0,0,0,0,0,0,0,0,-0.098935821394164,-0.654992501917652,0,0,0,-1.82283867892407,0,0,0.193781376256807,0,0,0,-0.290161268621599,0,0,0,0,-0.237910024140713,0,0,0,0,0,-0.840188442405354,-0.933866367803226,0,-0.552718284950091,0,0,0,0,-0.35365556049463,0,0,0,0,0,0,0,0,0,0,0,0,0,0,0,-0.652205196808695,0,0,0,0,0,0,0,0,0,0,0,0,0,0,-0.170955516071681,0,0,0,0,0,0,0,-1.29985171403807,0,0,0,0,-7.30328125046054,0,0,0,0,0,0,0,0,0,0,0,0,0,0,0,0,0,0,0,0,0,0,0,0,0,0,0,0,0,0,0,0,0.318653245712628,0,0,0,0,0,0,0,0,0,0,0,0,0,0,0,0,0,0,0,0,0,0,0,0,0,0,0,0,0,0,-0.485668004461603,0,0,0,0,0,0,0,0,0,0,1.17832769551586,0,0,0,0,0.294498998428723,0,0,0,0,0,0,0,0,0,0,0,0,0,0,0,0,0,0,0,0,0,0,0,0
0,0,-1.2188024730121,0,0,0,0,0,0,0.237018658816442,-0.0399767017617514,0,0,0,0,0,0,0,0,0,0,-0.869907273767149,0,0,0,0,0,0,-0.691335185479971,0,-0.131630021013158,0,0,0,0,0,0,0,0,0,0,0,0,0,0,0,1.38791950843675,0,0,0,0,0,0,0.0527260894204462,0,0,-0.137316986532877,0,0,0,0,0,0,0,0,0,0,0,0,0,0.190807018880862,0,0,0,0,0,0,0,-0.30437398409503,0,0,0,0,0.806946997871173,0,0,-1.09465623867298,0,0,1.16901491555981,-1.41145051869474,0,0,0,0,-6.82525231263831,0,0,0,0,0,0,-0.285365495908922,0.0940570739072213,0,0,0,0,0,0,0,0,0,0.323581143727485,-0.20055538038817,0,0,0,0,0,0,0,0,0,0,0,0,0,0,0,0,0,0,0,0,0,0,0,0,0,0,0,0,0,0,0,0,0,0,0,0,0,0,0.690016874123927,0,0,0,0,0,0,0,0,0,0,0,0,0,0,0,0,0,0,0,0,0,0,0,0,0,0,0,-0.646784913698221,0,0,-0.125303255401358,-0.21717516270075,0,0,0,0,0,0,0,0,0,0,0,0,0,0.0811150551332838
0,0,0,0,0,0,0,0,0,0,-0.578585862295677,0,0,0,0,0,0,0,0,0,0,-0.659469779986559,0,0,0.206558190422148,0,0,0,0,0,0,0,0,0,0,0,0,0,0,0,0,0,0,0,0,-0.0761700075270888,0,0,0,0,0,0,0,0,0,0,0,0,0,0,0,0,0,0,0,0,0,0,0,0,0,0,0,0,0,0,0,0,0,0,0,0,0,0,0,0,0,0,0,0,-1.92578942957077,0,0,0,0,-3.61416875795238,0,0,0,0,0,0,-0.364360750286541,0,0,0,0,0,0,0,0,0,0,0,0,0,0,0,0,0,0,0,0,0,0,0,-0.118071105179538,0,0,0,0,-0.0848374695190706,0,0,0,0,0,0,0,0,0,0,0,0,0,0,0,0,0.0233058626804634,0,0,0,0,0,0,0,0,0,0,0,0,0,0,0,0,0,0,0,0,0,0.116633487658867,0,0,0,0,0,0,-0.40037438456265,0,0,0,0,0,0,0,0,0,0,0,0,0,0,0,0,0,0,0,0,0,0
0,0,-1.41176754864656,0,0,0,0,0.282406071546566,0,0.611383040810463,2.86438995392194,0,0,0,0,0,1.38047063039646,0,0,0,0,-1.04847281921188,0,0,0,0,0,0,0,0,0,0,0,0,0,0,0,0.943139889454489,0,0,0,0,0,0,0,0,0,0,0,0,0,0,0,0.0813223294474639,0,0,0,0,0,0,0,0,0,0,-0.454159931154271,0,0,0,0,0,0,0,0,0,-0.766257966427118,0,0,0,0,0,-0.61074053248152,0,0,0,0,0,0,0,0,0,-2.1328279580351,0,0,0,0,-2.75356798225572,0,0,0,0,0,0,-0.131813207967569,0,0,0,0,0,0,0,0,-1.5717062743573,0,0,-0.652320530088717,0.923629158955777,0,0,0,0,0,0,0,0,0,0,-0.591811964899745,0,0,0,0,0,0,0,0,0,0,0,0,0,-0.0324000381765079,0,0,0,0,0,0,0,0.0334620200864799,0,0.213231039483554,0,0,0.473213794535866,0,0,0,0,0,0,0,0,0,0,0,0,0,0,0,0,0,0,0,0,0,0,0,0,0,0,0,0,0,0,0,0,0,-0.0767516699376816,0,0,0,0,0.144123375597814,0,0,0,0,0,0,0
0,0,-0.937884913928086,0,0,0,0,0,0,0,0,0,0,0,0,0,0,0,0,0,0,-1.20154850953949,0,0,0,0,0,0,0,-1.66942529351498,0,0,0,0.295209750977849,0,0,0,0,0,0,0,0,0,0,0,0,0,0,0,0,0,0,0,0,0,0,0,0,0,0,-1.36394663912254,0,-0.368124953525813,0,0,0,0,0,0,0,0,0,0,0,0,0,0,-0.0351165465752477,0,0,-0.332362753511648,0,0,0,0,0.00603945672478545,0,0,0,0,-3.94319536104037,0.81959795877311,0,0,0,-1.18541108805835,0,0,0,0,0,0,0,0,0,0,0,0,0.662844251791826,0,0,-0.34337855823552,0,0,0,0,0,0,0,0,0,0,0,0,0,0,0,0,0,0,0,0,0,0,0,0,0.0501412264430583,0,0,0,0,0,0,0,0,0,0,0,0.20212353021153,0,0,0,0,0,0,0,0,0,0,0,0,0,0,0,0,0,0,-0.0598412950872147,0,0,0,0,0,0,0,0,0,0,0,0,-0.0130980458690964,0,0,0,0,0,0,0,0,0,0,0,0,0,0,0,0,0,0,0
0,0,-0.021710611337856,0,0,0,0,-0.0521770525556733,0,0,0,0,0,0,0,0,0,0,0,0,0,-0.715502814640943,0,0,0,0,0,0,0,-1.11484253997728,0,0,0,0,0,0,0,0,0,0,0,0,0,0,0,0,0,0,0,0,0,0,0,0,0,0,0,0,0,0,-1.65390452874584,0,0,0,0,0,0,0,0,0,0,0,0,0,0,0,0,0,0,0,0,0,0,0,0,0,0,0,0,0,-3.73873857707084,0.210118421150667,0,0,0,-1.07924021579674,0,0,0,0,0,0,0,0,0,0,0,0,0.2500850195267,0,0,-0.228875593815409,0,0,0,0,0,0,0,0,0,0,0,0,0,0,0,0,0,0,0,0,0,0,0,0,0,0,0,0,0,0.187506277813953,0,-0.189776723013446,0,0,0,0,0,0,0,0,0,0,0,0,0,0,0,0,0,0,0,0,0,0,0,0,0,0,0,0.00766045185799191,0,0,0,0,-0.10747111089595,0,0,0,0,0,0,0,0,0,0,0,0,0,0,0,0,0,0,0,0,0,0,0
0,0,-0.506617479260708,0,0,0,0,0,0,0,0.0634130374110733,0,0,0,0,0,0,0,0,0,0,-0.214181694492941,0,0,0,0,0,0,0,0,0,0,0,0,0,-0.357465125158624,0,0,0,0,0,0,0,0,0,0,0,0,0,0,0,0,0,0,0,0,0,0,0,0,0,0,0,0,-0.461580348886738,0,0,0,0,0,0,0,0,0,0,0,0,0.0973828062417235,0.474592723753572,0,0.2630480244451,0,0,0,0,0.328350725379343,0,0,0,0,-3.54645256085441,0,0,0,0,-0.878824674638633,0,0,0,0,0,0,-0.245522812519765,0,0,0,0,0,0,0,0,-0.176441220676129,0,0,0,0,0,0,0,0,0,0,0,0,0,0,0,0,0,0,0,0,0.203138665106256,0,0,0,0,0,0,0,0,0,0,0,0,0,0,0,0,0,0,0,0,0,0,0,0,0,0,0,0,0,-0.856271218308871,0,0,0,0,0,0,0,0,0,0,0,0,0,0,-0.213598070800543,0,0,0,0,0,0,0,0,-0.687998182266583,0,0,0,0,0,0,0,0,0,0,0,0,0
0,0,-0.155945351317255,0,0,0,0,0,0,0,0,0,-0.130174362044362,0,0,0,0,0,0,0,0.0147833009805971,0,0,0,0,0.733719484958021,0,0.25790632403672,0,0,0,0,0,0,0,-0.0171628817501484,0,0,0,0,0,0,0,0,0.361075103062675,0,0,0,0,0,0,0,0,0,0,0,0,0,0,0,0,0,0,0,0,0,0,0,0,0,0,0,0,0,0,0,0,0,0,0,0,0,0,0,0,0,0.196061136809636,0,0,0,-3.17429409203843,0,0,0,0,-0.329600448969368,0,0,0,0,0,0,-0.302339477517034,0,0,0,0,0,0,0,0,-0.887263510291095,0,0,0,-0.66545449251553,0,0,0,0,0.445174410734331,0,0,0,0,0,0,0,0,0,-1.1034488520257,0,0.320224677440615,0,0,0,0,0,0,0,0,0,0,0,0,0,0,0,0.465032232969018,0,0,0,0,0,0,0,0,0,0,0,0,0,0,-0.0226662566645572,0,0,0,0,-1.03588659519133,0,0,0,0,0,0,0,0,-0.0957361087323876,0,0,0,0,0,0,0,0,0,0,0,0,0,0,0,0,0,0,0,0,0,0
0,0,0,0,0,0,0,0,0,0,0,0,0,0,0,0,0,0,0,0,0,0,0,0,0.73289063138845,0,0,0,0,0,0,0,0,0,0,0,0,0,0,0,0,0,0,0,0,0,0,0,0,0,0,0,0,0,0,0,0,-0.279036315744017,0,0.272324113396464,0,0,0,0,0,0,0,0,0,0,0,0,0,0,0,0,0,0,0,0,0,0,0,0,0,0,0,0,0,0,0,0,0,0,0,0,0,0,0,0,0,0,0,0,0,0,0,0,0,0,0,0,0,0,0,-0.0652138347164508,0,0,0,0,0,0,0,0,0,0,0,0,0,0,0,0,0,0,0,0,0,0,0,0,0,0,0,0,0,0,-7.15809079121332,0,0,0,0,0,0,0,0,5.16319282122974,0,0,0,0,0,0,0,0,0,0,0,0,0,0,0,0,0,-0.266452301771841,0,0,0,0,0,0,0,0,0,0,0,0,0,0,0,0,0,0,0,0,0,0,0,0,0,0
0,0,0,0,0,0,0,0,0,0,0,0,0,0,0,0,0,0,0,0,0,0,0,0,0.900176522990279,0,0,0,0,0,0,0,0,0,0,0,0,1.94955274059015,0,0,0,0,0,0,0,0,0,0,0,0,0,0,0,0,0,0,0,0,0,0.674952837621162,0,0,0,0,-0.0966477006094062,0,0,0,0,0,0,0,0,0,0,0,0,0,0,0,0,0,-0.737301676029252,0,0,0,0,0,0,0,0,0,0,0,0,0,0,0,0,0,0,0,0,0,0,0,0,0,0,-0.191211026522387,0,0,0,0,0,0,0,0,0,0,0,0,0,0,0,0,0,0,0,0,0,0,0,0,0,0,0,0,0,0,0,0,0,0,0,0,-9.87253827668066,0,0,0,0,0,0,0,0,5.02627155742091,0,0,0,0,0,0,0,0,0,0,0,0,0,0,0,0,0,0,-0.361491334800523,0,0,0,0,0,0,0,0,0,0,0,0,0,0,0,0,0,0,0,0,0,0,0,0.143221304504279,0
0,0,0,0,0,0,0,0,0,-0.177845710462737,0.98809134344022,0,0,0,0,0,0,0,0,-0.189771674912017,0,0,0,0,0,0,0,0,0,0,0,0,0,0.568056448208224,0,0,0,-1.1142441569338,0,0,0,0,0,0,0,0,0.277914132505963,0,0,0,0,0,0,0,0,0,-0.0259907678796703,0,0,0,0,0,0,0,0,0,0,0,0,0,0,0,0,0.0352609946523794,0,0,0,0,0,0,0,0,0,1.44040499343434,0,0,0,0,0,0,-0.922176386086428,0,0,0,0,0,0,0,0,0,-0.265312371252217,0,0,-1.02801224983985,0,-0.606082794180888,0,0,0,-0.359190667135961,0,0,0,0,0.881566642831587,0,0,0,0,0,0.00687079762070542,0,0,0,0,0,0,0,0,0,0,0,-0.316205244093919,0,0,0,0,0,0,0,0,-0.286569684320432,0,0,0,0,6.80562283721982,0,0.159096453414949,0,0,0,0,0,0.0959650750993313,0.460570194623685,0,0,0,0,0,0,0,0,0,0,0,-0.608541367619694,0,0,0,0,0,0,0,0,0,0,0,0,0,0,0,0,0,0,0,0,0,0,0,0,0,0,0,0,0,0,2.00140829991768,0
-0.0447654633673304,0,0,0,0,0,0,0,0,0,0,0,0,0,0,0,0,0,0,0,0,0,0,0,0,0,0,0,-0.0763819678383348,0,0,0,0,0,0,0.355519469158846,0,0,0,0,0,0,0,0,0,0,0,0,0,0,0,0,0,0,0,0,0,0,0,0,0,0,0,0,0,0,0,0,0,0,0,0,0,0,0,0,0,0,0,0,0.573079710230735,0,0,-0.542831624366269,0,0,0,0,0,0,-4.05061663918,0,0,0,0,-0.350662151042971,0,0,0,0,0.399632110610254,0.519618748974795,0,0,0,-0.263827841802491,0,0,-0.14537334797362,0,0,-0.493507670459846,0,0,-0.379763494955153,0,0,0,0,0,0,0,0,0,0,0,0,0,0,0.734782100906081,0,0,0,0,0,0,0,0,0,0,-0.559113151523941,0,0,0.069528840073251,0,0.207820667043794,0,0,0.551573265106431,0,0,0,0,0,0.938623980279061,0,0,0,0,0,0,0,0,0,0,0,0,0,0.124315076614866,0,0,0,0,0,0,0,0,0,0,0,0,0,0,0.993027172727343,0,0,-0.155126600553029,0,0,0,0,0,-1.51163888977535,0,0,0,0,-0.454947410656983,0,0
0,0,0,0,0,0,-1.1075785908496,0,0,0,0,0,0,0,0,0,0,0,0,0,0,0,-0.0771728581595843,0,0,0,0,0,0,0,0,0,0,0,0,0,0,0,0,0,0,0,0,0,0,0,0,0,0,0,0,0,0,0,0,0,0,0,0,0,0,0,0.824325724537846,0,0,0,0,0,0,0,0,0,0,0,0,0,0,0,0,0,0,0,0,0,0,0,0,0,0,0,-2.40243642429552,0,0,0,0,0,0,0,0,0,0,0,0,0,0,0,0,0,0,0,0,0,0,0,-0.744688223032746,0,0,0,0,0,0,0,0,0,0,0,0,0,0,0,0,0.0628415590059572,0,0,0,0,0,0,0,0,0,0,0,0,0,0,0,0,0,0,0,0,0,0,0,0,0,0,0,0,0,0,0,0,0,0,0.158981025775017,0,0,0,0,0,0,0,0,0,0,0,0,0,0,0,0,0.409330300054273,0,0,0,0,0,0,0,0,0,0,0,0,0,0,0,0
0,-0.0388886348905932,0,0,0,0,0,0,0,0,0,0,0,0,0,0,0,0,0,0,0,0,0,0,0,-0.360441127650305,0,0,0,0,0,0,0,0,0,0,0,0,0,0,0,0,0,0,0,0,0,0,0,0,0,0,0,0.173958598561145,0,0,-0.922494604139038,0,0,0,0,0,0.837234356831464,0,0,0,0,0,0,0,0,0,0,0,0,0,0,0,0,0,0,0,0,0,0,0,0,0,0,0,-0.606938208931852,0,0,0,0,0,0,0,0,0,0,0,0,0.381465382223332,0,-0.184157746014416,0,0,0,0,0,-0.640387646736809,0,0,0,0,0,0,0,0,0,0,0,0,0,0,0,0,0,0,0,0.207463145855425,0,0,0,0,0,0,0,-0.248477374058796,0,0,0,0,0,0,0,0,0,0,0,0,0,0,0,0,0,0,0,0,0,0,1.72210753212826,0,0,0,0,0,0,0,0,0,0,0,0,0,0,0,0,0,0,0.13163789695668,0,0,0,0,0,0,0,0,0,0,0,0,0,0,0,0,0,0
0,0,0,0,0,0,0,0,0,0,0,0,0,0,0,0,0,0,0,0,0,0,0,0,0,-0.326838134140205,0,0.455050936028311,0,0,0,0,0,0,0,0,0,0,0,0,0,0.498319817725065,0,0,0,0,0,0,0,0,0,0,0,0,0,0,0,0,0,0,0,0,1.3957855792991,0,0,0,0,0,0,0,0,0,0,0,0,0,0,0.163008473670692,0,0,0,0,0,0,0,0,0,0,0,0,0,0,0,0,0,0,0,0,0,0,0.11302133874686,0,0,0,0,0,0,0,0,0,0,0,0,0,0,0,0,0,0,0,0,0,0,0,0,0,0,0,0,0,0,0,0,0,0,0,0,0,0,0,0,0,0,0,0,0,0,0,0,0,0,0,-0.104227810174419,0,0,0,0,0,0,0,0,0,0,0,0,0,0,0,0,0,0,0,0,0,0,0,0,0,0,0,0,0,0,0,0,0,0,0,0,0,0,0,0,0,0,0,0,0,-0.00626014525139174,0
-0.437348587517589,0,-0.338679514045626,0,0,0,0,0,0,0,0.956697868355207,0,0,0,0,0,0,0,0,0,0,0,0,0,0,0.338993653236571,0,0,0,0,0,0,0,0,0,0,0,0,0,0,0,0,0,0,0,0,0,0,0,0,0,0,0,0,0,0,0,0,0,0,0,0,0,0,0,0,0,0,0,0,0,0,0,0,0,0,0,0,0,0,0,0,0,0,0,0,0,0,0,0,-2.81435401033085,0,0,0,0,0,0,0,0,0,0,0,0,0,0,0,0,0,0,0,0,0,0,0,0,0,0,0,0,0,0,0,0,0,0,0,0,0,0,0,0,0,0,0,0,0,0,0,0,0,0,0,0,0,0,0,0,0,0,0,0,0,0,0,0,0,0,0,0,0,0,0,0.571327315314975,0,0,0,0,0,0,0,0,0,0,0,0,0,0,0,0,0,0,0,0,0.179605791287435,0,0,0,0,0,0,0,0,0,0,0,0,0,0,0,0
-0.233641387751256,0,0,0,0,0,0,-0.249371625945653,0,0,0,0,0,0,0,0,0,0,0,0,0,0,0,0,0,0,0,0,0,0,0,0,0,0,0,0.253326651357611,0,0,0,0,0,0,0,0,0,0,0,0,0,0,0,0,0,0.136113844367935,0,0,0,0,0,0,0,0,0,0,0,0,0,0,0,0,0,0,0,0,0,0,0,0,0,0,0.325254238300652,0,0,0,0,0,0,0,0,0,-2.81785846632518,0,0,0,0,0,0,0,0,0,0,-0.320845091316444,0,-0.0618377816225355,0,0,0,0,0,0,0,0,0,0,0,0,0,0,0,0,0,0,-0.110161267060739,0,0,0,0,0,0,0,0,0,0,0,0,0,0,0,0,0,0,0,0,0,0,0,0,0,0,0,0,0,0,0,0,0,0,0,0,0,0,0,0,0,0,0,0,0,-0.111650159260572,0,0,0,0,0,0,0,0,0,0,0,0,0,0,0.323447808921674,0,0,0,0,0,0,0,0,0,0,0,0,0,0,0,0
0,0,-0.917013990659711,0,-0.1315489918096,0,0,0,0,0.347575231964099,0,0,0,0,0,0,0.16770238321232,-0.642252428627497,0,0,-0.191258950740115,0,0,0,0,0,0.223123527912321,0,0,0,0,0,0,0,0,0.392526416370607,0,3.05501600963912,0,0,0,0,0,0,0,0,0,0,0,0,0,-0.147865127489401,0,-0.845163239673987,0,0.0710291188866239,0,0,0,0,-0.0553269900317754,0,0,0,0,0,0,0,0,0,0,0,0,-0.268821295324329,0,-0.588803515818732,0,0,0,0,-1.57724554317002,0,0.209231773500963,0,0,0,-0.813197400946788,0,0,0,-2.71823634804186,0,0,0,-2.74099960397577,0,0,0,0,0,0,0,0,0.639579175705447,0,0,0,0,0,0,0,0,0,-0.0923945284711964,-0.0949313996519532,-0.122803679906976,0,0,0,0,0,0,0,0,0,-0.114472157980059,0,0,0,0,-0.861700951241184,1.9374818309736,0,0,0,0,-0.22769656353964,0,0,0,0.131571540064065,0,0,0,0,0,0,0,0,-1.7839649055918,0.278656278967254,0,0.117843742282263,0,0,0,0,0,0,0,-1.28069109501143,0.136217789449037,0,0,0,0,-0.172171078679138,0.0553529405610393,0,0,0.761352527162515,0,0,0,0,0,0,0,0,0,0,-0.754702000079699,-0.0681035394843243,0.138772602875488,0.211545267506423,0,0,-2.22860412473809,0,-1.32862238850033,0,0,0.148376911488821,0,0,0,0,-0.0653432796845164,0,0
0,0,-0.0889503735737043,0,0,0,0,0,0,0,0,0,0,0,0,0,0,0,0,0,0,0,0,0,0,0,0,0,0,0,0,0,0,0,0,0,0,0,0,0,0,0,0,0,0,0,0,0,0,0,0,0,0,0,0,0,0,0,0,0,0,0,0,0,0,0,0,0,0,0,0,0,0,0,0,0,0,0,0,0,0,0,0,0,0,0,0,0,0,0,-4.04993989985364,0,0,0,0,0,0,0,0,0,0,0,0,0,0,0,0,0,0,0,0,-0.585158547726842,0,0,0,0,0,0,0,0,0,0,0,0,0,0,0,0,0,0,0,0,0,0,0,0,0,0,0,0,0,0,0,0,0,0,0,0.0390000484369688,0,0,0,0,0,0,-0.0608163928114549,0,0,0,0,0,0,0,0,0,0,0,-1.3061896262614,0,0,0,0,0,0,0,0,0,0,0,0,0,0,0,0,0,0,0,0,0,0,0,0,0,0,0,0,0,0,0,0,0
-0.387113307280039,0,0,0,0,0,0,0,0,0,0,0,0,0,0,0,0,0,0,0,0,0,0,0,0,0,0,0,0,0,0,0,0,0,0,0,0,0,0,0,0,0,0,0,0,0,0,0,0,0,0,0,0,0.809082234496983,0,0,0,0.157410822785889,-0.0181285067019905,-0.342958349308969,0,0,0,0,0,0,0,0,0,0,0,0,0,0,-0.361163361665643,0,0,0,0,0.09597787739687,-0.486874848866262,0,0,0,0,0,0,0,0,0,-4.52430054827108,0,0,0,0,0,0,0,0,0,0,0,0,0,0,-1.89382983430114,0,0,0,0,0,0,0.0125498576845609,0,0,0,0,0,0,0,-0.757898261279796,0,-0.0468010181917136,0,0,0,0,0,0,0,-0.330520135393313,0.130537947220881,0,0,0,0,0,2.8462981863672,0,0,0,0,0,0.640125614097545,0,0,0,-0.266870007995865,0,0,0,0,0,0,0,0,0,0,0,0,0,0.294295351034663,0,0,0,0,-0.273666817663279,0,0,0,0,0,0,0,0,0,0,0.923226297644766,0,0,0,0,0,1.23256062954281,0,0,0,0,0,0,0,0,0,0,0,0,0,0,0,0
-0.13347588655843,0,0,0,0,-0.80680552842756,0,0.844099348799804,-0.96263989595674,0,0,0,0,0,0.715846654028531,0,0,0,-0.364067854033922,0,2.57127112906417,-0.509239001560709,0,0,0,0,0,-2.36723263719106,0,-3.13595419123149,0,0,0,0.529651582671296,0,0,0.932219627334389,0,0,0.269967099746457,0,0,0,0,0,0.532185294477578,0,0,0,0,0,0,0,0,0,0,0,0,0,0,0.751616853627921,-1.37380243961554,0,8.33126320168129,-1.48646192335257,-1.40688793629035,1.31548894976066,0,-0.498720083568043,0,0,0,0,0,0.68739580445747,0,0,0,0.429286299554598,0,1.26358487334975,0,0.711593164542232,0,0,0,-0.208043736279762,-0.107878717565486,0,0,-4.43592001755487,0,1.01549183242747,-1.69151281400162,-0.410004063049916,0,4.13891061625149,0,-1.33406573956636,0,0,4.32958608440742,0,0,0,-3.80576414797075,0,0,0,0,0,-0.622308561355023,0.00637944653642797,0.331863952015697,0,1.21196018035163,0,0,0,0,0,0,0,0,0,0,0,-3.27685558084681,-0.170318519722233,0,0.470803331678975,-0.527375922087821,-0.797521821845267,0,-0.399238224491405,0.865138735632202,0,0,0,1.24915628888303,0.964757596822131,0,-0.970209788452964,0,0,0,0,0.288105211454752,0,0,1.29273666348684,2.09272738792917,0,0,0,0,0,0,0,0,0.888177897412938,0.20347321137343,0,0.99280622521558,0,0,0.290205675171249,0,0,0,-0.164847769014834,0,0.0971072423795616,0,0,0.222410708399936,-2.27083074315236,0,-1.3790833283898,-0.15071093670523,-0.895110505487871,-0.240561272485356,0,0,0,0,0,0,0,0,0.912023064888598,0,0,0.0145048646579637,0,0,0.831460348683587,0.182663645586291,0,0
0,0,-0.369531417254371,0,0,0.237562206029018,0,0,0,0,0,0,0,0,0,0,0,0,0,-0.184867747946803,0,0,0,0,0,0,0,0,0,-0.770916446479102,0,0,0,0.106924242332242,0,0,0,0.40291723768794,0,-0.322542072067023,0,0,0,0,0,0,0,0,0,0,0,0,0,-0.108861156790782,0,0,0,0,0,0,0,0,0,0.0300954167696847,0,0,0,0,0,0,0,0,0,0,0,0,0,0,0,0,0,0,0,0,0,0,0,0,0,0,-3.91933825665087,0,0,0.391288608934117,0,0,0,0,0,0,0,0,1.02180551499677,0,0,0,0,0,0,0,0,0,0,0,0,0,0,0,0,-0.400286081413147,0,0,-0.134148201280181,0,0,0,0,0,0,0,0.264789178197895,0.0334789221614653,0.398444259598655,0,0,0,0,0,0,-0.0307340331741621,0,0,0,0,0,0,0,0,0,-0.771850813850804,0,0,0,0,0.218915500706894,0,0,0,0,0,-0.0834119748497684,0,0,0,0,0,-0.508853438749429,0,0,0,0,0,0.046302320434729,0,-0.161337597004166,0,0,0,0,0,0.189802643297379,0,0,0,0,0,0,0,0,0,0,0,0,-0.299688425083966,0,0,0,0,0,0
0,0,-1.79276319896502,0,0,0,0,0,-0.394572945016736,0,0,-0.210562547235911,0,0,0,0,0,0,0,0,0,0,0,0,-0.560452239993781,0,0,0,-0.279790654727156,0,0,0,0,0,0,-0.728967682870242,-0.434753389612263,0.684188164371447,0,0,0,0,0,0,-0.560373470682587,0,0.474668735426108,0,0,0,0,-0.996592625374269,0,-0.350337328482049,0,0,0,0,0,0,0,0,0,0.247198283188666,0,0,0,0,0,0,0,0,0,0,0,0,0,0,0,0,0,-0.643279427401457,0,0,0.0797641963756881,0,0,0,0,0,-4.54427087952043,0,0,0,0,0.512824153367904,0,0,-1.12367122862926,0,0,0,0.89361562288272,0.292630590590126,0,0,0,0,0,0,0,0,0,0,0,-1.39034481777903,0,0,0,0,0,0,0,0,0,0,-0.208037433218957,0,0,0,1.75516212287021,0.588617196165519,1.78304869801634,0,-0.747692092076235,-0.74523013014958,0,0,0,0,0,0,0,0,0,0,0,0,0,0,-0.399988661703289,0,0,0,0,0,0,0,0,0,0,0,0,-0.433886400988954,0,0.101112123817986,0,0.294520898919048,0.368314622523124,0,0,0,0,0,0,0,0,0,0,0.628558808188971,0.860992173795537,0,0,0.0108755715161495,0,-0.235290714961193,0,-0.0859679005758089,0,0,0,0,0,-0.573727159591237,0,-0.698543652023318,0,0,0,0
0,0,0,0,0,0.395517171158053,0,0,-0.277206495599546,0,0,0,0.140140510731752,0,-0.327837545849915,0,0,0,-1.68285362116179,0,0,0,0,0,1.20113643379397,0,0,0,-0.992004276598769,0,0,0,0,0,0,-1.19464366080924,-0.0197803769658127,-0.0886137829125888,0,0,0,0,0,0,-0.827127067353994,0,0,0,0,0,0,0,0,0.371391374215135,0,0,0.148611589257128,0,0,0,0,0,0,0,0,0,0,0,0,0.830244721193241,0,-0.00853780673574378,0,-0.475169289251286,0,0,0,0,0,0,0,-2.07841831025387,0,3.47913120655144,1.09639442579564,0,1.31351555038807,0,0,-12.2121894185149,-5.40338457741402,0,0,0,0,0.317098016313357,0,0,-0.0496390325161493,0,0,1.14805125705964,0.787555861609462,-1.77031666335324,0,0,0,0,1.10890174886962,0,0,-0.967302663203369,0,0,0,0,0,0,0,0,-1.55118708346336,0,0,0,0,0,-0.0693389408625171,0,0,-0.0746190777056901,0,0,-4.27923781739738,0,0,0.223189203842312,0.011015476582602,0.349587499161123,0,0,0,0,0,0,0,0,0,0.392298360589097,0,0,0,0,0,0,0,-4.86410782131004,0,0,0.308504102663249,-0.224887211544075,0,0.290277367460906,0,0,0,0,0,0,0.166835793107226,0,-2.33636421060046,0,0,0,0,0.402348539704688,0,0,0,1.44952991389432,0.59247875223486,0,0,0,0.673312251868081,0,0,0,0,0,0,0,0,-0.00657847544926438,-1.19044651958772,-0.00266120445950913,0,-2.32580329448071,0,0
-1.50985604874648,0,0,0,0,-0.692807152422724,0,0,0,-0.297708964529753,0.726613435593542,0,0,0,0.459922648046849,0,0.105293604441059,0,0,0,0.252749216036997,0.678956239369913,0,0,0,0,-0.277845555466688,-2.06547723655896,0,-0.890659502716561,0,0,0,0,0,0,0,0,5.51969441662171,-0.43021558331392,-0.511835918246186,0,0,0,0,0,0,0,-0.0810040957228975,0,0,0,-0.040448058326142,0.826255289954864,0,0,0,0,0,0,0,0,0,-1.10226470756878,0,0.252766432647945,0,0.025165366298691,0,0,0,0.67375666163519,-0.198150883536972,0,0,0,0,0,0,0,0,0,0,0,0,0,0,0,0,-0.866908478897437,-1.89472957526418,0,0,0,-0.700210645916545,0.824586548925485,0,-0.730110328293261,0,0,0,0.137994618187797,0.498711236767413,-0.618369950643195,0,0,0,0,0.746305676500198,2.21970019945081,0,0,-0.0654870248918888,0,-0.54456281343808,0,0,0,0,0.375655263785828,0,0,1.52394907467498,0,0.0957815476829982,0,-0.616221951213793,0,0,0,0,0,0,0,-1.45894295680588,0,0,0,0,0,0,0.796994351092552,0,0,-0.192926090575133,0,0,0,0,0,0.461250154427092,-0.10899112732244,0,0.0816024420297223,-2.7333445328077,0,0,0,0,0.158975060995617,0,0,0,0,0,0,0.770830987935424,0,-0.0540059212668926,0,0,0,0,-0.536308419833118,0,0,0,0,0,-0.357877538246504,0.566828079053331,0,0,2.04596407955372,0,-0.45729798480418,0.692759808271772,0,0,0,0.585574870882402,0,0,1.36454547818,0,0,0,-0.57841506738324,0,-0.881515795201364
0,0,0,0,0,0,0,0,0.78458757640541,0,0,0,0,0,0,-0.526886731695014,0,0,0,0,0,0,0,0,0,0,0,-0.902106517152687,0,-10.9182476061769,0,0,0,-0.360769261218712,0,0,-0.62879282568284,-0.101785724439418,0,0,0.14827749138734,0,0,0,0,-1.5807198527537,0,0,0,0,0,0,0,0.668801269615652,0,0,0,-1.18848806911479,0.26510941729182,0,0,0,-1.02872186158176,1.98399103898434,-0.645008835745827,0,0,0,0,0,0.867608007284929,0,-0.0643696024242277,0,0.083881527626152,0,0,0,0,0,0,0,0.274059351202591,0,0,0,0,0,0,0,-4.11453410137762,0,0,0,0,-0.564529990695736,0,0,0,0,0,0,0,0,0,-0.683275129284503,0,1.20510387161539,0,0,0,-0.265513166691385,0,0,0,1.27224358209869,-0.139310388501378,0,0,-0.158348951111323,0,0,4.31082092563269,0,0,0,0,0,-2.35212825733224,0,-0.348258501702225,0,0,0,0.159490435212664,0,0,0,0,-0.125185456643013,0,0,0,0,0,0,0,0,0,0,0,0,0,0,0,0,0,0,0,1.50861793123008,0,0,0,0,0,0,0,0,0,0.217929064796784,0,0,0.828782400723649,0,0,0,-1.05502516182813,0.409744778070612,-1.89883215166256,0,0.478494084889719,0,0.0210377171905667,0.389190587946015,0,0,-1.27956627869461,0,0.467678826474132,0,0,0,-0.00984392117363586,0,0,0,0.0630069509829818,0,0,0
0,0,0,0,0,0,0,0,-0.0979155591144492,0,0,0,0,0,0,0,0,0,0,0,0.670174350431166,0,0,0,0,0,0,0,0,-1.11301097126757,0,0,0,0,0,0,-0.252141532822634,0,0,0,0,0,0,0,0,0,0,0,0,0,0,0,0.317839345338156,0,0,0,0,0,0,0,0,0,0,0,0,0,0,0,0,0,0,0,0,0,0,0,0.858148883459126,0,0,0.15206266914486,0,0,0,0,0,0,0,0,0,0,-4.22980807262094,-0.148508973154143,0,0,-0.38535908181201,-0.461888161146066,0,0,0,2.44127327603603,0,0.0779711706828232,0,-0.295282082514311,0,-0.0852366572253112,0,0,0,0,0,0,0,-0.493187442604059,0,-0.73911566194087,0,0,0,0,0,-0.259066005538877,0,0,0,0,0,0,0,0,-0.131002804362784,-6.26718075335827,0,0,-1.20097072316019,0,1.44165230774796,0,0,0,0.128357770443948,0,0,0,0,0.00895084758724352,0,0,0,0.133916346956707,0,0,0,0,-1.70690148292102,0,0,0,0,0,0,0,0.137649844789177,0.800748935516906,0,0,0.245699503133083,0,0,0,0,0,0,0,0,1.21077006731812,0,0,0,0,0,0,0,0,0,0,0,0,0,0,0,0,-2.09067780564436,0,0,0,0,-0.3993818780493,0,0
0,0,0,0,0,0,0,0,0,0,0,0,0,0,0,0,0,0,0,0,0,0,0,0,0,0,0,0,0,0,0,0,0,0,0,0,0,0,0,0,0,0,1.29607930687069,0,0,0,0,0,0,0,0,0,0,0,0,0,0,0,0,0,0,0,0,0,0,0,0,0,0,0,0,0,0,0,-0.259811497350009,0,0,0,0,0,-0.173798189909096,0,0,0.221985300849729,0,0,0,0,0,0,-3.6308504164408,0,0,0,0,-0.345432562084767,0,0,0,0,0,0,0,0,0,-0.241662238817881,0,0,0,0,0,0,0,0,0,0,0,0,0,0,0,0,0,0,0,0,0,0,0,0,0.02265203447285,0,-0.0147000085047377,0,0,0,0,0,0,0,0,0,0,0,0,0,0,0,0,0,0,0,0,0,0,0,0,0,0,0,0,0,0,0,0,0,-0.840025743904552,0,0,0,0,0,0,0,0,0,0,0,0,0,0,0,0,0,0,0,0,0,0,0,0,0,0,0,0,0,0,0,0,0
0,1.13401359136038,-0.755387981371418,0,0,0,1.33173933060253,0.0618780029439334,0,0,0,0,0,0,0,0,0.0655020811516731,0,0.180618752342188,0,1.30303145873613,0,0.021617819407556,0,0,-0.539014059431306,0,0,0,0,0,0,0,0,0,0,0,0.242143321013591,0,0,-0.232774211306405,0,0.0114823047646393,-0.00266565545827846,0.674832697456191,-1.72352880994293,0.394468213529126,0,0,-0.273112509701469,0,0,0.0517834969119395,0,0,0,0,0,0,0,0,0,0,0,0,1.57148843962618,-0.34154912598777,0,0,0,0,0,0,0,0,0,0,0,0,0,0,0,0,0,0,1.48966664200471,-0.00725210207761284,-0.640896715975405,0,0,-5.05206589442865,0,0,0,0,0,5.95386997969784,0,0,0,0,0,-0.774790830023933,1.49595989726658,0,0,0,0,0,0,0,-0.624702229080629,0,-0.618620288108472,0,0,0,0,-0.0420678495424913,-1.72292098112962,1.73001359356621,2.2305369217294,0.984783560821051,0,0,0,-0.995581988823983,-3.43273520221376,0,-1.97817568946507,0,0,0,0,0,0,-1.49245132531959,0.138490487652505,0,0,2.95755863525748,0,0,0,0,0,-0.234756036188696,0,0,0,0,0,1.91231014000283,-1.32165345202098,1.16790976508314,0.762471082098384,0,0,0.0535699945925763,0,0,-0.859066858476777,0,0,0,0.783612631090488,0,0,0,0.0633589798896339,0,0,0,0,0,-0.968258223043006,0.920046464283377,-0.042463704259267,0,2.40734960270079,0,0.0493772330783624,0,-1.40672615697882,0,0,0,0,-0.0490963746444768,0,1.55470663997698,0,-6.72662170109313,0,0,-0.909570957770256,0,0,0,-0.12636707490913
-0.0350880638422038,0,0,0,0,0,0,0,0,-0.0736622411481924,0,0,0,0,0,0,0,0,0,0,0,0,0,0,0,0,0,0.035463285094107,0,0,0,0,0,0,0,0,0,0,0,0,0,0,0,0,0,0,0,0,0,0,0,0,0,0,0,0,0,0,0,0,0,0,0,0,-0.659755979659503,0,0,0,0,0,0,0,0,0,0,0,0,0,0,0,0,0,-0.0642423713410882,0,0,-0.272300141185548,0,0,0,0.317985367332646,-4.95895981602323,0,0,0,0,0,0,0,0,0,0,0,0,0,0,0,0,0,0,0,0,0,0,0,0,0,0,0,0,0,0,0,0,0,0,0,0,0,-0.275131864391963,0,0,0,-0.217938605255523,0,0,0,0,0,0,0,0,0,0,0,0,0,0,0,0,0,0,0,0,0,0,0,0,0,0,0,0,0,0,0,0,0,0,-0.155830675209373,0,0,0,0,0,0,0,0,0,0,0,0,0,0,0,-0.187660219929442,-0.484359458170901,0,0,0,0,0,0,0,-2.71088780643713,0,0,0,0,0,0,0
0,0,0,0,0,0,0,0,0,-0.164392235978331,0,0,0,-0.057193821307908,0,0,0,0.319008296601415,0,0,0,0,0,0,0,0,0,0,0,0,0,0,0,0,0,0,0,0,0,-0.0675273658606022,0,0,0,0,0,0,0,0,0,0,0,0,0,0,0,0,0,0,0,0,0,0,0,0,0,0,0,0,0,0,0,0,0,0,0,0,0,0.835021725348067,0,0,0,0,0,-0.185947443582966,0,0,0,0,0,0,-3.64835613313319,0,0,0,0,0,0,0,-0.162277753577846,0,0,0,0,0,0,0,0,0,0,0,0,0,0,0,0,-0.559130497427878,0,0,0,0,0,0,0,0,0,0,0,0,0,0,-1.75229730106208,0,0,0,0,0,0,0,0,0,0,0,0,0,0,1.61081787552176,0,0,0,0,0,0,0,0,0,0,0,0,0,0,0,0,-0.271513486467504,0,0,0,0,0,0,0,0,0,0,-0.51118049495763,0,0,0,0,0,0,0,0,0,0,0,0,0,0,0,0,0,0,0,0,0,0,0,-0.354881762229373,0,0
-0.00229607610229166,0,0,0,0,0,0,0,0,0,0,0,0,0,0,0,0.0904099554297775,0,0,0,0,0,0,0,0,0,0,0,0,0,0,0,0,0,0,0,0,0,0,0,0,0,0,0,0,0,0,0,0,0,0,0,0,0,0,0,0,0,0,0,0,0,0,0,0,-0.531703061933078,0,0,0,0,0,0,0,0,0,0,0,0,1.23184688293806,0,0,0,0,0,0,0,0,0,0.0908745419006447,0,-3.62007704943689,0,0,0,0,0,0,0,0,0,0,-0.105229188738749,0,0,0,-0.0350462667504197,0,-3.20678445381829,0,0,0,0,0,0,0,0,0,0,0,0,0,0,0,0,0,0,0,0,0,0,0,0,0,0,0,0,0,0,0,0,0,0,0,0,0,0,0,0,0,0,0,0,0,0,0,0,0,0,0,0,0,0,0,0,0,0,0,0,0,0,0,0,0,0,0,0,0,0,0,0,0,0,0,0,0,0,0,0.705337429815428,0,0,0,0,0,0,0,0,0,-0.627602405034533,0,0
0,0,0.291843795493095,0,0,0,0,0,0,0,0,0,0,0,0,0,0,0,0,0,0.316068870446077,0,0,0,0,0,0,0,0,0,-0.172307296587958,0,0,0.138167249747101,0,0,0,0,0,0,0,0,0,0,0,0,0,0,0,0,0,0,0,-0.332928712226828,0,0,0,-0.303275272840823,0,0,0,0,0,0,0,0.226078922691151,0,0,0,0,0,0,0,0,0,0,0,0,0,0,0,0,0,0,0,0,0,0,0.497012140535718,0,-4.29666119400819,0,0,0,0,0,0,0,0,0,0,-0.551591347276981,0,0,0,0,0,-4.09761865380642,0,0,0,0,0,0,0,0,0,0,0,0,0.735867871275236,0,0,0,0,0,0,0,0,0,0,0,0,0,0,0,0,0,0,0,0,0,0,0,0,0,0,0,0,0,0,0,0.0520101764497654,0,0,0,0,0,0,0,0,0,0,0,0,0,-1.38015000927316,0,0,0,0.114761214673316,0,0,0,0,0,0,0,0,0,0,0,0,0,0,0,0,0,0,0,0,0,0,0,0,0,0,-0.120413868111475,0,0
0,0,0,0,0,0,0,0,0,0,0,0,0,0,0,0,0,0,-1.4178764600353,0,0,0.131556882542555,0.254226400550033,0,0,0,0,0,0,0,0,0,0,0,0,0.543338494177914,0,0,0,0,0,0,0,0,0,0,0,0,0,0,0,0,0,0,0,0,0,0,0,0,0,0,0,0,0,0,0,0,0,0,0,0,0,0,0,0,0,0,0,0,0,0,0,0,0.775927957805479,-0.907865717206705,0,0,0,0,-4.21196986927931,0.0761719918470005,0,0,0,0,0,0,0,0,-0.549416641037866,0.193437495427571,2.37621492556293,0,0,0,-1.64434734471961,0,0,0,0,0,0,0,0.00727117626946527,0,0,0,-0.154872211323607,0,0,0,0,0,0,0,0,0,0,0,0,0,0,0,0,0,0,0,0,0,0,0,0,0,0,0.0675762328156224,0,0.116870234840199,0,0,-0.110766264223557,0,0,0.0213118739603635,0,0,0,0,0,0,-0.727116888170742,0,0,-0.590322929816764,0,0,-0.667557401233497,0,0,0,-0.418309827403695,0,0,0.0843437176977757,0,-0.0208554684214748,0,-0.492426140475476,0,0,0,0,0,-2.28994048908109,-0.0888829455411315,0,0,0,0,0,-1.37212279777578,0,0,0,0.780977217780623,0,0,0,0,0
0,0.505873196154317,0,0,0,0,0,0,0,0,0,0,0,0,-0.44079272510579,0,0,0,0,0,0,0,0,0,0,0,0,0,-0.201580399447019,0,0,0,0,0,0,0,0,0.200689461343309,0,0,0,0,0,0,0,0,0,0,0,0,0,0,0,0,0,0,0,0,0,0,0,0,0,0,0,0.181274716039005,0,0,0,0,0,0,0,0,0,0,0,0,0,0,0,0,0,0,0,0,0,0,0,0,-2.97195757184869,0,0,0,0,0,0,0,0,0,0,0,0,0,0,0,0,0,0,0,0,0,0,0,0,0,0,0,0,0,0,0,0,0,0,0,0,0,0,0,0,0,0,0,0,0,0,0,0,0,0,0,0,0,0,0,0,0,0,0,0,0.252602227674875,0,0,0,0,0,0,0,0,0,0,0,0.0498859874670761,0,0,-0.460135987758502,0,0,0,0,0,0,0,0,0,0,0,0,0,0,0,0,0,0,0,0,0,0,0,0,0,0,0,0,0,-0.398510869735222,0,0,0
0,0,0,0,0,-0.246039039005367,0,0,0,0,-1.00002522794866,0,0,0,0,0,0,0,0.386413102629033,0,0,0,0,0,0,0,0,0.0572108740867334,0,0,0,0.125509556385103,0,0,0,0,0,0,0,0,0,0,-0.371287995549846,0,0,0,0,0,0,0,0,0,0,0,0,0,0.169983707329709,0,0,0,0.601407523668741,0,0,0,0.948463781907823,-0.429285169036665,0,0,0,0,-0.590977557722161,-0.401688280198526,0,0,0,0.273991633597902,0,-0.555397673602779,0.101912832285748,0,0,0,-1.04661109016788,0,0,1.0450022731964,0,0,0,0,-3.7934132699447,0,0,0,0,-1.23863566271443,0,0.895774419103887,0,0,0,0.194121104921623,-0.161170665150985,0,0,0,0,0,0,0,-0.18640237717322,-0.818106226298224,0,0,0,0,0,-0.112792355512921,0,0,0,0,0,0,0,0,0,0,-0.305545494413334,2.00717223207718,0,0.524500904142604,0,0,0.101518723701206,0,0.315583711699724,0,0,0,0.370759237882401,-1.38986032207619,0,0,-0.230711927305923,0,0,0,0,0,0,0,0,0,0.0985164299787702,0,0,0,0,0,0,1.21117248223859,0,0,0.147252807996189,-0.606186072106066,0,0,0,0,0,-0.430543440772644,0,0,0,0,1.41747820554282,0,0,0,0,0,0,0,0,0,0,0.895803791744876,0,0,-0.707715791688619,0,0,0,0,0,0,0,0,0
0,0,0,0,0,0,0,0,0,0,-0.852978745924109,0,0,0.0136601075689382,0,0,0,0,0,0,0,0,0,0,0,0,0,0,0,0,0,0,0,0,0,0,0,0,0,0,0,0,0,0,0.0129092022404897,0,0,0,0,0,0,0.00533121992721086,0,0,0,0,0.0131832361788617,0.0680676118367054,0,0,0,0,0,0,0.101604623257332,0,0,0,0,0,-0.00860015548771975,0,0,0,0,0,0,0,0,0,0,0,0,-0.672200368297107,0,1.49127208450333,0.403629892170724,0,0,0,-4.85650257735975,0,0,0,0,0,0,0,0,0,0,0,-0.163726179208469,0,0,0,0,0,0,0,-0.0481206787245949,-0.0719816332196395,0,0,0,0,0,0,0,0,-0.0836897921884123,0,0,0,0,0,0,0,0,1.22530441116612,0,1.00762987494938,0,0,0.217232599147329,0,0.334814377833649,0,0,0,0.67245833428446,0,0,0,0,0,0,0,0,0,0,0,0,0,0,-0.0104897836635798,0,0,0,0,0,0,0,0,0,0,-1.029206186042,0,-0.204252984820699,0,0,0,0,0.549923793750325,0,0,0.736267437156472,0,0,0,0,0,0,0,0,0.326656317317624,0,0.0575588048908295,0,0,0,0,0,0,0,0,0,0,0,0
0,0,0,0,0,0,0,0,0,0,0,0,0,0,0,0,0,0,0,0,0,0,0,0,0,0,0,0,0,0,0,0,0,0,0,0,0,0,0,0,0,0,0,0,0,0,0,0,0,0,0,0,0,0.364844612106762,0,0,0,0,0,0,0,0,0,0,0,0,0,0,0,0,0,0,0,0,0,-0.523092850800499,0,0,0,0,0,0,0,0,0,0,0,0,0,0,-2.90181416547768,0,0,0,0,0,0,0,0.00763431351732469,0,0,-0.187568659601304,0,0,0,0,0,0,0,0,0,0,0,0,0,0,0,-1.2295158763952,0,0,0,0,0,0,0,0,0,0,0,0,0,0,0,0,0,0,0,0,0,0,0.121636065622583,0,0,0,0,0,0,0,0,0,0,0,0,0,0,0,0,0,0,0,0,0,0,0,0,0,-1.78021292691457,0,0,0,0,0,0,0,0,0,0,0,0,0,0,0,0,0,0,0,0,0,0,0,0,0,0,0,0,0,0,0,0,0
0.470641487588821,0,0,0,0.179676540039215,0,0,0,-0.544005861282237,0,0,0,0.138627103963008,0,0,0,0,0,0,0.617131427890843,0.617528960836494,0,0,0,1.60154589927767,-0.479227040593867,0,2.54836169724492,0.290401086356658,0,0.512117417879339,0.239275489493296,0,0.000902910408503654,0,0,0,-1.66447904884386,0,0,0,1.49212659086931,13.5750220563427,0,0.421142141265155,0,0,0,0,1.23865586327587,0,-1.63597575843764,0,-1.51298357955057,-0.0612617565303,0.563949592346588,4.0607882628924,1.09092771226493,0,-1.3139849920939,0,0,-1.27881647227355,0,0,0,0,0,0,0,0.520298002645562,0,0,0,-0.630828207362025,0,0,0,0,-0.914105151488878,2.15713134926475,0,-0.265224732990653,0,0,0.543725506645218,0,0,0,-0.556246117328379,-3.35066628815709,0,0,0,-2.98233525773946,0,0,0.178504009039537,0,0,1.51836216709145,0,0,0,0,0,0,0.549039889170743,0,0,0,1.1882600609999,0,0,0,0,0,0,0,0,-0.964565710897796,-2.61247057802985,0,0,0,0,-1.44554000065288,0.292488379564656,-0.0915869372877598,1.79754017651336,0,0,0,0,0,0,0,0,0,0,0,-0.358320832837226,0,0,0,0,0,-0.591511005819235,0,0,-0.955217754388685,0,0,0,-3.24540874666887,0,0,0,0,0,-1.90506688017715,0,1.51092272113077,0,0,0,0,-0.432522675622489,0,0.463300848430734,0,0,-0.489043546663463,0,0,2.52327107186826,0,0,0,0,0,0,0,0,-0.893063145095107,-1.6098029172219,0,2.65644211707473,0,0,0,0,0,0,0,0,0,0,0,0
0,0,0,0,0,0,0,-0.766753362296448,0,0,0,0,0,0,-0.0428444172138494,0,0,0,0,0,0,0,0,0,0,0,0,0,0,0,0,0,0,0,0,0,0,0,0,0,0,0,0,0,0,0,0,0,0,0,0,0,0,0,0,0,0,0,0,0,0,0,0,0,0,-1.39683398254072,0,0,0,0,0,0,0,0,0,0,0,0,0,0,0,0,-0.445125854922087,0,0,0,0,0,0,0,-3.99512349212054,0.180948514752209,0,0,0,0,0,0,0,0,0,0,0,0,0,0,-0.633022091837041,0,0,0,0,0,0,0,0,0.288451440616212,0,0,0,0,0,0,0,0,0,0,0,0,0,-0.0193723973986624,0,0,0,0,0,0,0,0,0,0,0,0,0,0,0,0,0,0,0,0,0,0,0,0,0,0,0,0,0,0,0,0,0,0.162408311845695,0,0,0,0,0.2644342283074,0,0,0,0,0,0,-0.211416557734251,0,0,0,0.490072002149492,0,0,0,0,0,0,0,0,0,0,0,0,0,0,0,0,0,0.521776282745657,0,0
0,0,0,0,0,0,0,0,0,0,0,0,0,0,0,0,0,0,0,0,0,0,0,0,0,0,0,0,0,0,0,0,0,0,0,0,0,0,0,0,0,0,0,0,0,0,0,0,0,0,0,0,0,0,0,0,0,0,0,0,0,0,0,0,0,0,0,0,0,0,0,0,0,0,0,0,0,0,0,0,0,0,0,0,0,0,0,0,0,0,-3.02294485904592,0,0,0,0,0,0,0,0,0,0,0,0,0,0,0,-0.0476180809191749,0,0,0,0,0,0,0,0,0,0,0,0,0,0,0,0,0,0,0,0,0,0,0,0,0,0.176994521623837,0,0,0,0,0,0,0,0,0,0,0,0,0,0,0,0,0,0,0,0,0,0,0,0,0,0,0,0,0,0,0,0,0,-0.292496776243574,0,0,0,0,0,0,0,0,0,0,0,0,0,0,0,0,0,0,0,0,0,0,0,0,0,0,0,0,0,0,0,0,0
0,0,0,0,0,0,0,0,-0.585748156098323,0,0,0,0,0,0,0,0,0,0,0,0,0,0,0,-0.0243369600084737,0,0,0,0,0,0,0,0,0,0,0,-0.370880898679551,0,0,0,0,0,0,0,0,0,0,0,0,0,0,0,0,0,0,0,0,0,0,0,0,0,0,0,0,0,0,0,0,0,0,0,0,0,0,-0.207213903065463,0,0,0,0,0,0,0,-0.489284623997951,0,-0.26516362519892,0,0,0,0,-4.66042690692682,0,0,0,0,0,0,0,0,0.580024080310839,0,0.926246950565501,0,0,0,0,0,0,0,0,0,0,0,0,0,0,-0.132829086762996,0,0,0,0.841512511887289,0,0,0,0,6.91554272347245,0,0,0,0.167535815729412,0,-8.19249341358465,0.163974663756039,0,1.24613779550107,0,0.175353578310607,0,0,0,0,0,0,0,0,1.88398842306696,0,0.117802671363602,0,0,0,0,0,0,0,0,0,-0.669742268290797,0,0,0,0,0,0,0,0,0,0,-0.183651673609588,0,0,0,0,0,0,0,0,0,0,0,0,0,0,0,0,0,0,0,0,0,0,0,-2.70829295193709,0,-0.65769911733644,0.260160440699257,0,0,0,0
0.123486702695072,0,0,0,0,0,0,-0.239530507120831,0,0,0,0,0,0,0,0,0,0,0,0.0260910940562684,0,0,0,-0.118369459933368,0,0,0,0,0,0,0,0,0,0,0,0,-0.97421052360763,0,0,0,0,0,0,0,0,-0.319903381908756,0,0,0,0,0,0,0,0,0,0,0,0,0,0,0,0,0,0,0,0,0,0,0,0,0.424483435230039,0,0,0,0,0,0,0,0,0,0,0,0,-0.00145835979921727,0,-0.318419832408795,0,0,0,0,-4.40544675943882,0,0,0,0,0,0,0,0,0.978696891999349,0,1.05876528601477,0,0,0,0,0,0,0,0,0,0,0,0,0,0,0,0,0,0,0,0,0,0,0,6.57766110258587,0,0,0,0,0.0564017700136599,-8.13590022398798,0,0,0.877716605612144,0,0,0,0,0,0,-0.377341734455525,0,0,0,1.24409329858439,0,0.110495628601508,-0.301731941786161,0,0,0,0,0,0,0,0,-0.182889433269456,0,0,0,0,0,0,0,0,0.0437963201150364,0,0,0,0,0,0,0,0,0,0,0,0,0,0,0,0,0,0.19415490563785,0,0,0,0,0,0,0,0,0,0,0,0,0,0,0
0,0,0,0,0,-0.0695612235920964,0,-1.2674296222742,0,0,-0.114544367780536,0,0,0,0,0,0,0,0,0,0,0,0,0,0,0,0,0,0,0,0,0,0,0,0,0,-0.689478283273647,0,0,0,0,0,0,0,0,0,0,0,0,0,0,0,0,0,0,0,0,0,0,0,0,0,0,0,0,0,0,0,0,0,0,0,0,0,0,0,0,0,0,0,0,0,0,0,0.0163548806810752,0,0,0,0,0,-4.6029822675765,0,0,0,0,0,0,0,0,1.09656138132845,0.0181899142983857,0.461268853695529,0,0,0,0.390268407608493,0,0.514438489362064,0,0,0,0,0.602121346316384,0,0,0.138510403747484,0,0,0,0,0,0,0,0,0,5.7280377749005,0.0485112827432201,0,0,0,0,-7.47938801470679,0,0,0,0,0,0,0,0,0,0,0,0,0,0,0,0,0,0.344845981086894,0,0,0,0,0,0,0,0,0,0,0,0,0,0,0,0,0,0,0,0,0,0,0,0,0,0,0,0,0,0,0,0,0,0,0,0,0,0,0,0,0,0,0,-0.128592047801876,0,0,0,0,0,0
0,0,0,0,0,0,0,0,0,0,-0.476536389291616,0,0,0.982744488908543,0,0,0,0,0,0,0,0,0,0,0,0,0,0,-0.463463494218508,0.118477053288952,-0.297755790280369,0,0,0,0,0,-2.32771941494702,0,0,0,0,0,0,0,0,0,0,0,0,0,0,0,0,0,0,0,-0.321553581526353,0,0,0,0,0,0,0,0,0,0,0,0,0,0,0,0,0,0,0,0,-0.406540658425261,0,0,0,0,0,0.362080642492739,0,0,-2.5042295024122,0,0,0,-3.76477295801658,0,0,0,0,0,0,0,0,1.01233075694409,0,1.80812869710934,0,0,0,0,0,0,0,0,0,0,0.2106892612433,0.527913527454685,-0.239764310492366,0,0,0,0,0,0.736019281999074,0,0,0,0,6.14621751908275,0,0,0,0,0,-5.42509435302128,0,0,0,0,-0.573188210314691,0,0,0,0,-0.451633364009876,0,0,0,0.281546287797672,0,0,0,0,0.0259767277358627,0,0,0,0,0,0,0,0,0,0,0,0,0,0,0,0,0,0,0,-1.37220203259933,0,0,0.749402447274777,0,0,0,0,0,0,0,0,0,0,0,0,0,0,0,0,0,0,0,0,0,0,0,0.164858953504501,0,0
0,0,0.689853121335283,0,0,0,0.398333005586954,0,0,0,0,0,0,0.456200285102853,0,0,0,0,0,0,0,0,0,0,0,0,0,0,0,0.0984516641363533,0,0,0,0,0,0,-2.41317362993642,0,0,0,0,0,0,0,0,0,0,0,0,0,0,0,0,0,0,0,0,0,0,0,0,0,0,0,0,0.220061916084233,0,0,0,0,0,0,0,0,0,0,0,0,-0.404861448502279,0,0,0,0,0,0,0,-2.63841386717378,0,0,0,-4.28099988924956,0,0,0,0,0,0,0,0,1.22809691172332,0,2.21392971020072,0,0,0,0,0,0,0.380069355558545,0,0,0,0,0,0,-0.284119637990682,0,0,0,0,0.981232909177511,0,0,0,0,5.52549566820536,0,0,0,0,0,-4.91431102179946,0,0,0,0,-0.303667677433551,0,0,-0.345103926262289,0,-0.11536724768836,0,0,0,0,0,0,0,0.125889082127336,0,0,0,0,-0.570959782024168,0,0,0,0,0,0,0,0,0,0,0,0,0,0,0,-0.973792349950002,0,0,0,0,0,0,0.185299055237064,0,0,0,0,0,0,0,0,0,-0.0491942434470045,0,0,0,0,0,0,-0.275301864654016,0,0,0,0,0
0.882244581646673,0,0,0,0,0,0.118702450057262,1.3447845976117,0,0,0,-0.26313292254433,0,0,0,0,0,0,-0.247428380052067,0,0,0,0,0,0,0,0,-0.295599435193824,0.694708163087605,0,0.842561154088102,0,0.390332439508064,-0.78812209044628,0,0.274029494232222,0,0,0,-0.172194393724775,0.938659083240959,0.770147866679276,0,0,-1.60768503092796,-1.44068519436461,1.05314152988891,0,0,0,0,-0.981164862352333,0,0,0,0,0,1.21248165965662,0,0,0.361344995620323,0,1.27275382350547,0,-0.420720130594437,0.965708824790712,0,0,0,0,-0.583934844231569,0,0,0,0,0,0,0,0.502900005047339,0,0,0,-1.04307217641754,0,0,0,0,2.43709118054192,0,0,-4.30401765682864,0,0,0,0,3.00463099613094,1.39904600180647,0,0,0.169664201439589,0,0,0,0,0,0,0,0,0,0.495408686882905,0,0,0,0,-0.282742421172656,0,-2.87914200731455,-0.809312882494455,0.773751752328027,-2.52304207791774,0,-1.15641774793861,0,0,0,0,0,1.01832720590112,0,-0.713700904245317,0,0,0,0,-0.103911522625991,0,0,-0.0904459301135241,0,0,0,0,0,-1.71159245297167,0,0,0,0,2.27908089291697,0.75393542670475,0,0,0,0,0,-1.12664945957979,0,0,0,0,0,0,0,-1.23476146859397,0,0,-0.615883293811857,0,0,0,1.4573101954043,-0.497641061212117,0.693875675041393,0,0,0,0,0,0,0,0,0,0.0756749922731497,-2.48470602220969,0,0,0,0,0,0,0.187394185648281,0.216535786688984,0,-0.163615661731485,0,-0.957750683472938,0,0.137092992163125,0,0
0,0,0,0,0,0,0,0,-0.685370927860816,0,0,-0.564079820633953,0,-0.593052621715519,-0.0948967884663039,0,0,0,0.21493148161513,0,0,0,0,-0.0537704535396861,0,0,0,0,0,0,0,0,0,0,0,0,0,0,0,0,0,0,0,0,0,0,0,0,0,0,0,0,0,0,0,0,0,0.655541606819664,0,0,0,0,0,0,0,-0.445557674945359,-0.591693766678528,0,0,0,-0.146823894152307,0,0.180514654660117,0,0,0,0,0,0,0,0,-0.541296858296822,0,0,0,0,0,0,0,0,-4.21526119594439,0,0.716803895727122,0,0,0,0,0,0,0,-0.47998145478961,-0.201357585660602,0,0.268212350495511,0,0,0,0.481224632625832,0,0,0,0,0,0,0,0,0,0,0,0,0,0,0,0,0,-1.09704886463805,0,0,0,0,-1.44101182170888,0,0,0,0,0,0,0,0,0,0.190828439284523,0,0,0,0,0,0,0,0,0,0,0,0,0,0.0887977136716118,0,0,0,0,0,-0.705344395523608,0,0,0,0,0,-1.98980833231426,0,-0.543568130435231,0,0.260358391199942,0,0.175711161179472,0,0,0,0,0,0,0,0,0,0,0,0,0,0,1.731978471021,0,0,1.08204051340779,0,0,0,0,-1.11328821296397,0,0,0,0.0614049860860222
0,0,0,0,-0.385908509481759,0,0,0,0,0.00625569409493965,0,0,-0.223906753478682,0,0,0,0,-0.0055413959153412,0,0.209284218488111,0,0,0,0,-0.0991184510054317,0,0,0,0,0,0,0,0,0,0,0.416888195100393,0,0,0,0,0,0,0,0,0,0,0,0,0,0,0,0,-0.0395634804211575,0,0,0,0,-1.61834313455872,0,0,-0.60933101915128,0,0,0,0.809164183334483,0,0.0228829195366105,0,0.390028677958411,0,0,0,0.826317189622392,0,0,0,0,-0.0128675329343304,0.173439040572984,-0.0583105157212751,0,0,-0.388200038230037,-1.58051247758343,0,0,0,0,0.450105782887803,0,-2.41196481577526,-0.417879295867057,0,0,0,0,0,0,0,0.411855142285194,0,0,0,0,0,0,0,0,0,0,0,0,0,0,0,0,0,0,0,-1.53093718503113,0,0,0,0.00159775706182819,0,0,0,0,0,0,0,0,0,0,-1.5185170458194,0,0,0,0,0,0,0,0,0,0,0,0,0,0,0,0,0,0,0,0.192117352960998,0.478411308077578,0,0,0,0,0,0,0,0,0,-2.01575207505543,0,0,0,0,0,0,0,0,0,0,0,0.0804722888935336,0,0,0,0,0,0.327867901293728,0,0,0,0,0,0,0,0,0,0,0.538174906451446,0,0,0,0.505595089901756,0
0,0,-0.159297444506106,0,0,0,0,0,0,0,0,0,-0.393664109568577,0,0,0,0,0,0,0,0,0,0,0,0,0,0,0,0,0,0,0,0,0.298246170045976,0,0,0,0,0,0,0,0,0,0,0,0,0,0,0,0,0,0,0,0,0,0,0,-1.96664159265944,0,0,0,0,-0.0815656863696212,0,0.656673826625154,0,0,0,0,0,0,0,0.62953333992796,0,0.0223575224186388,-0.385493797165703,0,0,0,0,0,0,-0.812890606594306,0,-0.127501205839228,0,0,0,0.770268760872568,0,-3.23238654066265,0,0,0,0,0,0,0,0,0.0649101473875771,0,-0.86918008666055,0,-0.786627544759336,0,0,0,0.126426486130139,0,0,0,0,0,0,0,0,0,0.154909094889422,0,-0.79335956005435,0,0,0,0,0,0,0.0494104447237089,0,0,0,0,0,0,0,-0.396114600381708,0,0,0,0,0,0,0,0,0,0,0,0,0,0,0,0,0,0,0,0,0,0,0,0,0,0,0,0,0,0,-1.89014626533245,0,0,0,0,0,0,0,0,0,0,0,0,0,0,0,0,0,0,-0.247447563393761,0.848369900607052,0,0,0,0,0,0,0,0,0,0,0,0,0,0
0,0,0,0,0,0,0,0,0,0,-0.304624180245549,0,0,0,0,0,0,0,0,0,0,0,0,0,0,0,0,0,0,0,0,0,0,0,0,0,0,0,0,0,0,0,0,0,0,0,0,0,0,0,0,0,0,0,0,0,0,-0.363124303813208,0,0,0,0,0,0,0,0,0,0,0,0,0,0,0,0,0,0,0,0,0,0,2.82696263709924,0,0,-0.263819450366376,0,-1.07865429361314,-0.0910472092107677,0,0,0,-2.5265221114177,0,0,0,0,0,0,0,0,0,0,-0.0109662896172991,0,0,0,0,0,0,-0.762772635627734,0,0,0,0,0,-0.136273817620385,0,0,0,0,0.340450653897347,0,0,0,0,0,0,0,0,0,0,0,0,0,0,0,0,-0.204365285835317,0,0,0,0,0,0,0,0,2.24995545312115,0,0,0,0,0,0,0,0,0.482052595264778,0,0,0,0,0,0,0,0,0,0,0,0,0.0201673244921512,0,0,0,0,0,0,0,0,0,0,0,0,0,0,0,0,0,0,-0.133909105788802,-0.253978698562502,0,-0.0624881932278121,0,0,0,0,0,0,0,0,0,0
0,0,0,0,0,0,-1.80993298034072,0.520339148485125,0,0,0,0,0,0,0,0,0,0,0,0,0,0,0,0,0,0,0,0,0,0,0,0,0,0,0,0,0,0,0,0,0,0,0,0,0,-0.314246246071487,0,0,0,0,0,0,0,0,0,0,-0.0587580180463121,0,0,0,0,0,-0.677394654968368,0.151131465862765,0,0,0.905847411551568,0,0,0,-0.251039892829572,0,0,0,0,0,0,0,0,0.235821316705639,0,0,0,0,0,0,0,-0.0812483450822834,0,-0.0109817998144921,-2.36585552848116,0,0,0,0,0,0,0,0.0415064680699211,0.362152500554616,0.556132901929524,0,0.614568060177303,0,0,0,0,0.567264834727219,-0.0205255123606627,0,0,0,0,0,0,-0.361780795980192,0,-0.220951558383524,0,0,0,0,0,0,0,0,0,0,0,0.828118052806647,0,0.340133291111407,0,0,0,0,0,0,0,-0.177208691116201,-0.27446491558316,0,0,0,0,1.80980790509208,0,0,0,0,0,0,-0.110397577295695,0,1.16492001222494,0,0,0,0,0,-0.251960820045008,0,0,0,0,0,2.01077515329275,0,0.0846633892454105,0,0,0,0,0,0,0,0,-0.234668442764684,0,0,0,0,0,0,0,0,0,0.168477746091529,0,0,0,0,0,0,0,0,0,0,0,0
0,0,0,0,-0.18986271494158,0,-0.0496736041667085,0,0,0,0,-0.205210482109971,0,0,0,0,0,0,0,0,0,0,0,0,0,0,0.451591977224874,0,0,-1.88858734807284,0,0,0,0,0,-0.318788839327303,0,0,0,0,0,0,0,0,0,0,0,0,0,0,0,0,0,0,0,0,0,0,0,0,0,0,0,1.90956772282218,0,0,0,0,0,0,0,0,0,0,0,0,0,0,0,2.44675260677203,0,0,0.811774630844988,0,0,0,0,-0.641817813354287,0,0,-2.36703669353613,-0.253306025807239,0,0,0.57692426836368,0,0,0,0,0,0,0,0,0,0,0,-3.41789465299036,1.47404590843704,-0.210089381317698,0,0,0,0,0,0,0,0,0,0,0,0,0,0,0,0,0,0,0,0,0,0,0,0,0,1.05049433065139,-0.402572999107984,0,0,0,0,0,0,0,0,0,0,0,0,0,0,0,0,0,0,0,0,0,0,0,0,0.0230821929018186,0,0.406247312998101,0,0,0,-1.1649498033078,0,0,0,0,0,0,0,0,0,-0.172513109925023,0,0,0,0,0,0,-1.54869401146039,-0.0133951244753887,0,0,0.79203348698183,0,0,0,0,0,0,0,0,0,0,0,0
7.8146817134315,0,0,0,0,0,0,0,-0.315089453286284,0,0,0,0,0,0,0,-1.43254485574577,0,0,0.759779351416302,0,0.00502798790898473,0,0,0,0,-0.0136689684565894,0,0,-0.029671952433685,0,0,0,-0.399258123048486,0,-0.0875085146269103,0.70856314355999,0,0,0,-0.11652744504921,-0.577392581788121,0.0462699504474091,0,0,0,0,0,0,0,0,0,0,-0.71827360682456,0,0,0,-0.576830138355356,1.51765674549191,0,0,-0.468459153040061,0,4.26331543382984,-0.126661857751035,0.492147543923176,0,0,0,0,0,0,0,0,0.317925911366977,0.661783671319236,0,0,-0.342943687227107,0,0,0.166887315135851,0,-0.0199923073026027,1.20522064764024,0,0,0,0,0,-4.49923835620987,0,0,0,1.80926809041154,0,0,0,0,0,0,0,0,0.781776707841512,0,0,0,0,-0.0859495811817244,0,0,0.0636999835916823,0,0.619944439352448,0,0,0,0,0,0,0,0,0,0,0,0,0.292071739611521,0,-0.301798048943173,0,1.16949276415087,0,0,0,0.361092256417962,0,0,0,3.16322930379413,0,-0.220726059053161,1.92831547386627,0,0,0,0,0,0,0,0,0,0,0,-0.266166412993908,1.38414239091457,0,0,0,0,0,-0.305219605945442,0,0,2.53412383778787,0,0,-1.21143718937596,0,0,0,0,0,0,0,0,0,-0.879648332315311,0,-0.0990395366641863,1.89210096005424,0,0,0,-0.49593675570755,0,0,-0.0895531352167218,0,0,0,0,0,0,0,0,0,-0.461815498676502,0,0,0
0,0,-0.690299746279048,0,0,-0.137760915833726,0,0,0.128131526468733,0,0,0,0,0,0,0,0,0,0,0,0,0,0,0,0,0,0,0,0,0,0.145687664177194,0,0.0298857494483324,0,0,-0.837156813968437,0.355462816477328,0,0,0,0,0,0.0177002581633492,0,0,0,-0.41656503269173,0,0,-0.215067272914031,0,0,0,0,0,0,0,0,0,0,0,0,0,0,0,0,0,0,0,0,0,0,0,0,0,1.27851184608057,0.00794718657092197,0,1.15002475564405,0,0,0,-0.828803959358943,0,0,0,0,0,0,0,-2.50680283629985,0,0,0,0.386804444314211,0,0,0.442107655018797,0,0,0,0,0,0,0,0,0,0,0,0,-0.192376549808573,0,0,0,0,0,0,-0.387888020452725,0,0,0,0,0,0,0,0,0,0,0,0,0.223796353726907,0.177786625742328,0,0,0,0.716384198873189,-0.45275726180785,0,0,0,0,-0.364355557570928,0,0,0,0,0,0,0,-0.211974503258954,0,0,0,0,0,0,0,0,0,0,0,0,0.741605996352755,0,0,0,-1.23802902768994,0,0,0,0,0,0,0,0,0,0,0,0,0,0,0,0,-0.736068071004024,0,0,0,0,0,0.127751498070533,-0.135546727203662,0,0,0,0,0,0,0,0,0
0,0,0,0,0,0,0,0,0,0.0775368030510095,0.603332935703171,0,0,0,0,0,0,0,0,0,0,0,0,0,0,0,0,0,0,0,0,0,0,0,0,0,-0.141321477707399,0,0,0,0,0,0,0,0.527374528240649,0,0,0,0,0,0,0,0,0,0,-0.00870531681863262,0,0,0,0,0,0,0,0,0,0,0,0,0,0,0,0,0,0,-0.239253807666529,0,0,0,0,0,0.616553422544145,0,0,0,0,0,0,0,0,0,-3.17689999172138,0,0,0,0,0,0,0,0,0.113637974016682,0,0,-0.15939801394856,0,0,0,0,0,0,0,0,0,0,0,0,-0.0261959934965823,0,0,0,0,0,0,0,0,0,0,0,0,0,0,-0.912102556872448,0,0,0,0,-0.0150348704929999,-0.264561857922596,0,0,0,0,0,0,0,0,2.13199940332636,0,0,0,0,0,0,0.839150068798308,0,0,0,0,0,0,0,0,0,0,0.834401831785381,0,0,0.0508570921897462,0,0,0,0,0,0,0,0,0,0,0,0,0,-0.000901788111090651,-0.0612319256437901,0,0,0,0,0,0,0,0,0,0,0,0,0,0,0,0,0,0
0,0,0,0,0,0,0,0,0,0,0,0,0,0,0,0,0,0,0,0,0,0,0,0,0,0,0,0,-0.75099033824393,0,0,0,0,0,0,0,0,-0.691254480391069,0,0,0,0.238590810687161,0,0,0,0,0,0,0,0,0,0,0,0,0,0,0.108554950554957,0,0,0,0,0,0.0987414497566967,0,0,0,0,0,0,0,0,0,0,0,0,0,0,0,-0.532044294441723,0.28390813524352,0,0,0,0,0,0,0,0,0,0,-0.345187163628826,0,0,0,0,0,0,0,0,0,0,0,-0.173276741378339,0,0,0,0,0,0,0,0,0,0,0,0,0,0,0,0,0,0,0,0,0,0,0,0,0,0,0,0,0,0,0,0,0,0,0,0,0,0,0,0,0,0,0,0,0,0,0,0,0,0,0,0,0,0,0,0,0,0,0,0,0,0,0,0,0,0,0,0,0,0,0,0,0,0,0,0,0,0,0,0,0,0,0,0,0.0846817501142376,0,0,0,0,0,0,0,0,0,0,0,0
0,0,0,0,0,0.439171923575551,-2.28820803143598,0,-0.14275402508395,0,0,0,0,0.600025326713928,0,0,0,0,0,0,0,0,8.2304551818947,0,0,0,0,0,0,0.571718230059344,0.640577285428274,0,0,0,0,-0.0446286843145427,0,0,0,0,0,0,0,0,0,0,-2.002858059578,0,0,0,0,0,0,0.172955560840783,0,0.667993840665675,-0.947835973403992,0,0,0,0,0,0,0,0,-0.948022097762595,0,0,0,0,0,0,0,0,0,0,0,0.0804828730022655,-0.0538864574056415,0,1.37753797420537,0,0,0.682348774090118,0,-0.62268188013975,0,0,0,0,-1.61626210560155,0,0.670530827466862,0,0,0,0,0,0,0,0,0,-0.967666843586062,0,0,0,0.0785986198622326,0,0,0,0,0,0,0,0,0,0,0,0,-0.437681601291945,1.51628845348405,0,0,0,0,0,-0.801690530696714,0,0,-0.176899110096772,0,0.0949729867603342,0,0,0,0,-0.855515725112915,0,0,0,0,0,0,0,0,0,0,1.16904043025504,0,0,0,0,0,0,0,0,0,0,0,-0.172146504595122,0,0,0,0,0,0,0,0,0,0,0,0,0,0,-0.869667369291851,0,0,0,0,0,0,0,0,0,0,-0.360885401153476,0,-1.33619597616226,0,0,0,0,0,0,0,0,0,-1.20863899226848,0,0
0,0,0,0,0,0,-3.89452566592084,0,0,0,-0.0683314820127097,0,0,0,0,0,0,0,0,0,0,0,0,0,0,-1.03359177669765,-0.58805510752793,0,0,0,0.337717148225752,0,0,0.976048089331973,0,0,0,0,0,0,0,0,0,0,0.182141078282222,0,-0.216966944067019,0,0,0,0,0,0,0.0823293318865919,0,0,-0.152920529017628,0,0,0,0,0,0.0891719318627739,0,0,0,0,0,0,0,0,0,0.580871557896001,0,0,0,0,0,0,0,0.249250190164334,0,0,0,0,0,0,0,0,0,-1.68715983470887,0,0,0,0,0,0,0,0,0,0,0,-1.38611844900787,0,0,-0.567496224118035,0,0.508093641058781,0,0,0,0,0,0,0,0,0,0,0,0,0,-0.939023768490264,0,0,0,0,0,-1.15762708593998,0,0,0,0.416491148654627,0.0635939482659633,0,0,0.224026426081388,0,0,0,-0.0286095832425333,0,0,0,0,0,0,0,0,0,0,0,0,0,0.047857110649101,0,0,0,0,0,0,0,0,0,0.0444382555877159,0,0,0,0,0,0,0,0,0,0,0,0,0,0,0,0,0,0,0,-0.485501455253543,-0.488758087234782,0,0,1.28140705621265,0,0,0.124256504178087,0,0,0,0,0,0,0,-0.238587087896533,0
0,0,0,0,-0.10445854751767,0,-0.12423594145747,0,0,0,0,0,0,0,0,0,0,0,0,0,0,0,-0.319348751731172,0,0,-0.530931880218794,0,0,0,0,0,0,0,0,0,0,0,0,0,0,0,0,0,0,0,0,-0.138642057413707,0,0,0,0,0,0,0,0,0,0,0,0,0,0,0,1.54914453665368,0,0,0,0,0,0,0,0,0,0,0,0,0,0,0,-0.0702143062789229,0,0,0,0,-0.0606248674768213,0,0,0,-0.178456220754281,0,0,0,0,0.302200222101448,0,0,0,0,0,0,0,0,0,0,0.516635179330983,0,0,0,0,0,0,0,0,0,0,0,0,0,0,0,0,0,0,0,0,0,0,0,0,0,0,0,0,0.803194010493221,0,0.0258185340154837,0,0,0,0,0,0,0,0,0,0,0,0,0,0,0,0,0,0,0,0,0,0,0.128858206223191,0,0,0,0,0,0,0,0,0,0,0,0,0,0,0,0,0,0,0,0,0,0,0,0,0,0,0,0,0,0,0,-0.333436127151238,0,0,0,0,0,0,0,0,0,0
0,0,0,0,0,0,0,0,0,0,0,0,0,0,0,0,0,0,1.17329183575252,0,0,0.0541855042934398,0,0,0.731078771392112,0,0,0.376173984231355,0,0,0,0,0,0,0,0,0,0,0,0,0,0,0,0,0,0,0,0,0,0,0,0.413220154531311,0,0,0,0,0,0,0,0,0,0,0,0,0,0.187318916273253,0,0,0,0,0,0,0,0,0,1.12899107713314,0,0,-1.68631617654617,0,-0.182343577507695,0,0,0,0,0,0,0.456560105613441,0,0,-4.17330904099352,0,0,0,0,0,0,0,0,0,0,0,0,0,0,1.1579680724847,-2.82316772227939,0,0,0,0,0.206421291493435,0,0,0,-0.266376793572355,0,0,0.296441762269664,-0.493940084408454,0,0,0,0,0,0,1.37581128679568,0,0,0,0,0,0,0,0,0,0,0,0,0,0.461062958382229,0,0,0,0,0,0,-0.967750610838868,0,0,0,0,0,0,-0.230665548601146,-1.65800150079208,0,0,0,0,-0.717183568951354,0,0,0,0,0,0,0,0,0,0,0,0,0,0,0,0,0,0,0,0,0,0,0,0,0,0,0,0,0,0,0,0,0,1.47597182632198,-0.27075238936225,0,0,0,0
0,0,0,0,0,0,0,0,0,0,0,0,0,0,0,0,0,0,0,0,0,0,0,0,0,0,0,0,0,0,-0.599726342602508,0,0,0,0,0,0,0,0,0,0,0,0,-1.20088406906933,0,-0.0911632168753256,0,0,0,0,0,0,0,0.155951106680652,0,0,-0.0122971853643283,-0.177625503837306,0,0,0,0,0,0,0,0,0,0,0,0,0,0,0,0,0,0,0,0,0.289408015007212,0,1.86416487066536,0,0,-0.884872694062826,-0.183119153429638,0,0,0,0,0,-3.23679977819611,0,0,0,-0.454710280617722,0,0,0,0,0,0,0.968485193675243,0,0,0,0.361612445279849,0,0,-0.584728778130277,0,0,0,0,-0.486668253336337,0,0,0,0,0,0,0,0,0,0,0,0,0,0,0,0.0740169121484577,0,0,0,0,0,0,0,0,0,0,0,0,0,0.65574522449366,0,0.188945205248056,0,0,0,0,0,0,0,0,0.256075208677297,0,0,0,0,0,0,0,-0.178637728048807,0,0,0,0,0,0,0,0,0,0,0,0,0,0,0,0,0,0,0,0,0,0,0,0,0,0,-0.0555178447520364,0,0,-1.89863271778453,0,0,0,0,0,1.72410029794295,0
0,0,0,0,0,0,0,0,0,0,0.329053590518724,0,0,0,0,0,0,0,0,0,0,0,0,0,0,0,0,0,0,0,-0.05817694354744,0,0,0,0,0,-0.644490760885564,0,0,0,0,0,0,0,0,1.02268022683562,0,0,0,0,0,0,0,-0.190413798727548,0,0,0,-0.713098577339832,0,0,0,-0.313010056218153,0,0,0,-0.406046865551344,0,0,0,0,0,0,0,0,0,0,0,0,0,0,0.159741509518164,0,0,-0.433062889886469,0,0,-1.23123463999236,0,0,0.689528271384994,-2.91743967663662,0,0,0,0,0,0,0,0,0,0,0,0,-0.341039282770456,0,0,-10.7917146939144,0,0,0,0,0,0,0,0,0,0,0,0,-0.730027228237094,0,0,0,0,0,0,0.458602303587749,0,0,0.433958305464265,0,0,0,0,0,0,0,0,0,0,0,0,0,0,0,0,0,0,0,-0.0415135060974146,0.0442505827723714,0,0,0,0,0,0,0,0,0,0,0,0,0,0,0,0,0,0,0,0,0,0,0,0,0,0,0,0,0,0,0,0,0,0,0,0,0,0,0,0,0,0,0,0,0,0,0,0,0
0,0,0.291873704871323,0,0,0,0,0,0,0,0,0,0,0,0,0,0,0,0,0,0,0,0,0,0,0,0,0,0,0,0,0,0,0,0,0,0,0,0,0,0,0,0,0,0,0,0,0,0,0,0,0,0,0,0,0,0,-0.462326920427641,0,0,0,0,0,0,0,0,0,0,0,0,0,0,0,0,0,0,0,0,0,0,0,0,0,0,0,0,0,0,0,0,-2.64903374348234,0,0,0,0,0,0,0,0,0,0,0,0,0,0,0,0,0,0,0,0,0,0,0,0,0,0,0,0,0,0,0,0,0,0,0,0,0,0,0,0,0,0,0,0,0,0,0,0,0,0,0.0163268602666573,0,0,0,0,0,0,0,0,0,0,0,0,0,0,0,0,0,0,0,0,0,0.0100720936936338,0,0,-1.92000132597966,0,0,0,0,0,0,0,0,0,0,0.106877241356071,0,0,0,0,0,0,-0.506298638956824,0,0,0,0,0,0,0,0,0,0,0,0,0,0,0
0,0,0,0,0,0,0,1.27531146019185,-0.267605030941364,0.185214763065908,0,0,0,0,0,0,0,0,0,0.102016026453047,0,0,0,0,0,0,0,0,-0.396968003514475,0,0,0,0,0,0,0.0124995164483861,-4.00201804257068,0,0,0,1.47041397859095,0,0,0,0,0,0,0,0,0.101092515012464,0,0,0,3.99273853958806,0,0,0,0,-0.254959940602138,0,0,0,0,0,0,0,0,0,0,0,0,0,0,0,0,0,0,0,0.00822743349978539,0,0,0,0,0,0,-0.614889601034329,0,0,0,0,-2.24891114917998,0,0,0,0,0,0,0,0,1.26421693910925,0,0,0,1.08270245344524,0,0.149850494261494,0,0,0,0,0,0,0,0,0,0,0,0,0,0,0,0,0,0,0,-1.37929327286196,-0.125790320696014,0,0,0,0,0,0,0,0,0,-1.65173858169412,0,0,-1.04633198789367,0,-0.260118943038628,0,0,0,0,0,0,0,0,0,0,-1.73259207309849,0,0,0,0,0,0,0,0,0,-1.54806720132635,0,0,0,0,0,0,0,0,0,0,0,0,0,0,0,0.191898966687304,0,0,0,0,0,0,0,0,0,-0.74115081609971,0,-0.298129152632202,0,0,0.484040918916801,0,0,0,-0.106756040699637,0,0
0,0,0,0,0,0,0,0.115700848779266,0,0,0,0,0,0,0,0,0,0,-1.26566799493736,0,0,0,0,0,0,0,0,-0.311396449758025,0,0,0,0,0,0,0,0.149365854060716,-3.5138067180616,0,0,0,1.69130222771701,0,0,0,0,0,0,0,0,0.433477095690303,0,0,0,5.62723299557964,0,0,0,0,-0.0475094720971934,0,-0.698813711133147,0,0,0,0,0,0,0,0,0,0,0,0,0,0,0.151768209538413,0,0,0,0,0,0,0,-1.18682307918303,0,0,0,0,0,0.393149255571551,-2.55293201334383,0,0,0,0,0,0,0,0,1.78849870075811,0,0,0,0,0,0,0,0,-0.30178947302852,0.0365226979503472,0,0,0,0,0,0,0,0,0,0,0,0,-0.302281794570682,0,0,-1.501734504314,0,0,0,0,0,-0.548171685835018,0,0,0,0.0401678350678676,0,0,0,-1.3684279250363,0,-1.82403828647442,0,0,0,0,0,0,0,-0.721566692555558,0,0,-2.34066673998438,0,0,0,0,0,0,-0.541298331772383,0,0,0,0,0,0,0,0,0,0,0,0,-0.286868104014866,0,0,0,0.507946626512054,0,1.57056291437932,0,0,0,0,0,0,0,0,0,-1.70913673916391,0,-2.18945272300094,0,0,0,0,0,0,0.259569552552154,0,0
0,0,0,0,0.0102479954016328,0,0,0,0,0,0,0,0,0,0,0,0,0,-1.22934422452572,0,0,0,0,0,0,0,0,-0.0956383889198011,0,0,0,0,0,0,0,0.308739686592594,-4.33564704641109,0,0,0,1.71863090404543,0,0,0,0,0,0,0,0,0.399439743295923,0,0,0,4.60098483296812,0,0,0,0.0341655683002353,0,0,-0.721601241148649,0,0,0,0,0,0,0,0,0,0,0,0,0,0,0.115661958570266,0,0,0,0,0,0,0,-0.00664174001039175,-0.180550944117418,0,0,0,0,0,-2.40382488665227,0,0,0,0,0,0,0,0,1.47780910874989,0,0,0,0,0,0,0,0,0,0,0,0,0,0,0,0,0,0,0,0,0,0,0,0,0,-1.1132119933906,0,0,0,0,0,0,0,0,0,0,-0.110818806748134,0,0,-2.0421995421856,0,-1.22254923574865,0,0,0,0,0,0,0.0736837895519542,0,0,0,-2.78114471342387,0,0,0,0,0,0,0,0,0,-0.00806079900386059,0,0,0,0,0,0,0,0,0,-0.139110445513341,0,0,0,1.126414431647,0.157052425995192,0.599483203154953,0,0,0,0,0,0,0,0,0,-1.17802973776048,0,-1.48745721442935,0,0,0.544719198792229,0,0,0,0,0,0
0,0,0,0,0,0,0,0,0,0,0,0,0,0,0,0,0,0,-1.78179092034356,0,0,0,0,0,0,0,0,0,0,0,0,0,0,0,0,0,-4.07101690203257,0,0,0,1.90546090310245,0,0,0,0,0,0,0,0,0,0,0,0,4.59307057983708,0,0,0,0,0,0,-0.473679073437075,0,0,0,0,0,0,0,0,0,0,0,0.253913443341141,0,0,0.251148387811867,0,0,0,0,-0.0151830181172747,0,0,-0.370909169255118,0,0,0,0,0,0,-2.01809852745916,0,0,0,0,0,0,0,0.0540871728895358,1.00712662510751,0,0.290029021683693,0,0,0,0,0,0,-0.57581272806362,0,0,0,0,0,0,0,0,0,0,0,0,0,0,0,0,-1.08185674296325,0,0,0,0,0,0,0,0,0,0,0,0,0,-2.00706539771968,0,-0.77061793443128,0,-0.00211849169441591,0,0,0,0,0,0,0,0,-2.64354802831096,0,0,0,0,0,0,0,0,0,0,0,0,0,0,0,0,0,0,0,0,0,0,0,1.04266901335037,0,0.249225344937254,0,0,-0.15699139884188,0,0,0,0,0,0,-1.5168728105064,0,-1.33335438919901,0,0,0,0,0,0,0,0,0
0,0,0,0,0.251815982161972,0,0,1.18383595540767,0,0.32543621227477,0,0,0,0,0,-0.21580789200336,0.0859173963808213,0,-3.5236188788686,0.520186406179554,0,0,0,0,-1.33724731514942,0,0,0,0,0,0,0,0,0,0,0.954827105491335,-4.85585778655356,0,0,0.104161977813231,2.49594140459476,0,0,0,0,0,0,0,0,0,0,0.504213999269268,0,5.32476262954637,0,0.336347804906946,0,0,0,0,-0.184881974346769,0,0,1.16979669100602,0,0,0,0,0,0,0,0,0,0,0,0,0,0,0,0,-1.29678870218538,0,0,-1.58454456374238,-0.956570339361164,-0.371042261353141,0,0,0,1.3164496626412,-1.8876708570731,0,0,0,0,0,0,0,1.2204624166869,1.94472725022798,0,0,0,-0.151478760543558,0,0,0.0304150619597523,0,0,0,0.0445637952490945,0,0.0951164320737099,0,0,-0.0512771007474926,0.0119153281237416,0.0178878019499655,0,0.219363904059437,0,0,0,0,0,-2.02476059866211,0,0.191984537035016,0,0,0,0,0,0,0,0,0,0,0,-5.26934320814333,0,-0.481678308174533,0,-0.0105896510080783,0.716027894753859,0.115584532607234,0,0,0.649357624837435,0,-0.920358319462394,0,-3.65928310897353,0,0,0,0,0,0,0,0,0,0,0,0,0.593526568491269,0,0.16828082679925,-0.234039733282582,0,0,-1.71371158784841,-0.314257073158748,0,0,0,0.81866086486288,0,0,-1.24769530111224,0,-1.37882725181911,0,-0.377828677653839,0,0,0,0,-2.05825429729111,0,-1.99175041114598,0,0,0.597148220834585,0,0,0,0,0.677791075644853,0
0,0,0,0,0,0,0,0.888524672956876,0,0,-1.68923031278221,0,0,0,0,0,0,0,0,0,0,0,0.540186727273693,0,0.017463184479396,0,0,0,0,0.40097819522793,-0.923159907021306,0,0,0,0,0,0,0,0,0,0,0,0,-0.299835051506236,0,0,0.412107980466135,0,0,0,0,0,0,0,0,0,0,0,0,0,-0.714477735746786,0,1.4946948032156,0,0,0,0,0,0,0,0,0,0,0,0,0,0,0,0,0,0,0,0,0,0,0,0,0,0,0,0,0,0,0,0,0,0,0,0,0,0,0,0,0.450270808894775,0,0,0,0,0,0,0,0,0,0,0,0.487371681084292,0,0,0,0,0,0,0,0,0,0,-0.260782961672229,0,0,0,0,0,0,0,0,0,0,0,0,0,0,0,0,0,0,0,0,1.81617330433461,0,0,0,0,0,0,-2.06492396159885,0,0,0,0,0,0,0,0,0,0,0,0,0,0,0,0,0,0.775904471204778,0,0,0,0,0,0,0,0,0,0,0,0,0,0,0,0,0,0,0,0,0,0,0,0,0,0,0
0,0,0,0,0,0,0,0,0,0,-0.122790495505903,0,0,0,0,0,0,0,0,0,0,0,0,0,0,0,0,0,0,0,0,0,0,0,0,0,0,0,0,0,0,0,0,0,0,0,0,0,0,0,0,0,0,0,0,0,0,0,0,0,0,0,1.722910479567,0,0,0,0,0,0,0,0,0,0,0,0,0,0,0,0,0,0,0,0,0,0,0,0,0,0,0,0,0,0,0,0,0,0,0,0,0,0,0,0,0,0,0,0,0,0,0,0,0,0,0,0,0,0,0,0,0,0,0,0,0,0,0,0,0,0,0,0,0,0,0,0,0,0,0,0,0,0,0,0,0,0,0,0,0,0,0,0,0,0,0,0,0,0,0,0,0,0,0,0,0,0,0,0,0,0,0,0,0,0,0,0,0,0,0,0,0,0,0,0,0,0,0,0,0,0,0,0,0,0,0,0,0,0,-0.211260259409654,0,0
0,0,0,0,-0.256362129913706,0,0,0,0,0,0,0,0,0,0,0,0,0,0,0,0.398726660692564,0,0,0,0,-0.363330849328797,0,0,0,0,0.0308645052733445,0,0,0,0,0,0,0.0995890219798024,0,0,0,0,0,0,0,0.0599930577873176,0,0,0,0,0,0,0,0,0,0,0,0,0,0,0,0,1.73545529170769,0,0,0,0,0,0,0,0,0,0,0,0,0,0,0,0,0,0,0,0.27846506073685,0,0,0.417225669097994,0,-0.112561841796342,0,0,0,-0.426775223283661,0.0416824647042562,0,0,0,-0.160150316826072,0,0,0,0,0,0,0.84255078976816,0,0,0,0,0,-0.24752059899987,0,0,0,0,0,0,0,0,0,0,0,0,-0.37655842415232,0,0,0,0.0612901557140246,0,0,0,0,0,0,0,0,0,0,0,0,0,0,0.393100001739055,-0.0709091251263654,0.222648313044404,0,0,0,0,0,0,0,0,0,0,0,0,0,0,0,0,0,0,0,0,0,0,0,0,0,0,0,0,0,0,0,0,0,0,0.0331870007179684,0,0,0,0,0,0,0,0,0,0,0,0,0,0,0,0,0,0,0,0,0
0,0,0,0,0,0,0,0,0,0,-0.0493548734737186,0,0,0,0,0,0,0,0,0,0,0,0,0,0,0,0,0,0,0,0,0,0,0,0,0,0,0,0,0,0,0,0,0,0,0,0,0,0,0,0,-0.536379275269563,0,0,0,0,0,0,0,0,0,0,0,1.35331812747114,0.11290272725426,0,0,0,0,0,0,0,0,0,0,0.39024023007935,0,0.0976789477375941,0.608778313438141,0,0,0,0,-0.147230834195665,-0.102190610235993,0,0,0,0,0,-2.31164693689923,0,0,0,0,0,0,0,0,0,0,0,0,0,0,0.0221655915979637,0,0,-0.330679494772807,0,0,0,0,0,0,0,0.143340560971938,-0.443922085845774,0,0,0,0,0,0,0,0,0,0,0,0,0.80797865398221,-0.120051061460656,0,0,0,0,0,0,0,0,0,0,0,0,0,0,0,-0.0835222203217678,0,0,0,0,0,0,0,0,0,0,0,0,0,0,0,0,0,0,0,0,0,0.190092059113522,0,0,0,0,0,0,0,0,0,0,0,0,0,0,0,0,0,0,0,0,0,0,0,0,0,0,0,0,0,0
0,0,0,0,0,-0.240853318571572,0,0,0,0,0,0,-0.452059250558559,0,0,0,0,0,0,-0.170791858612269,0,0,0,0,0,0,0.256888056318971,-0.136501681917286,0,0.733431273286543,-0.761647057704361,0,0,-0.164554850811951,0,0,0,0,0,0,7.77646326062058,0,0,0,0,0,0,0,0,0,0,0,0,0,0,0,0,0,0,0,0,0.53751704333908,0,0,0,0,0,0,0,0,1.50736146126769,0,0,0,0.882284604689842,0,0,4.3773441032853,0,0,0,0,0,0,0,0,0,0,0,-0.348133108315603,-1.00751174879318,0,0,0,0,0,0,0,0,0,0,0,0,-0.0540797995057141,0,0,0,-2.82652837798397,-0.0469960485344698,0,0.443881796146881,0,0,0,0,-0.663853235940424,4.03453104556012,0,0,0,0,0,0,0,0,0,0,0,0,0,0.805002332518751,0,0,-0.416322650285363,0,0,0,0,0,0,0.199361929162923,0,0,0,0,0,0,0,-1.23087721931973,0,-0.713876815924546,0,0,0,-0.066891048440026,0,0,0,0,3.59026939314996,0,0,0,0,0,0,0,0,0,0,0,0,0,0,0,0,0,0,0,0,-0.366156587234822,0,0,0,0,0,0,0,0,0,0,0,0,0,0,0,0,0,0,0.447975306877763
0,0,0,0,0,-0.000724195471128342,0.377346948106208,-0.39085236075082,0,-0.0874662725123507,0.928141852196299,0,0,0,0,0,0,0,0,0,0,0,0,0,0,0.593325822525292,0,0,0,0,0,0,0,0,0,0,-0.444353773174066,0.178487558582554,0,0,5.90320594039664,0,0,0,0,0,0.309198430892903,0,0,-0.468757685761664,0,0,0,0,0,0,0,0,0.0772798881164121,0,0,0.553412405655282,0,0.0172512572925771,0.0450923781401744,0,0,0,0,-0.109836375818509,0.845031999670552,0,0,-0.350716047280864,0.823247510416581,0,0,4.16408619711564,0,0.850544875386315,0,0.199048130251484,0,0,0,0,0,0,1.58722818816126,-1.10766622167051,-1.38556612071909,0,0,0,0,0,0,0,0,0,0.584877846360121,0,0,0,0,0,0,-2.98899436429304,-0.499970678788398,0,0.454260027751446,0,0,0.260961155395194,-0.137873164810293,0,0,0,0,0,0.853772617803342,0,-0.931221609251923,0,0,0,0,-0.208701301507524,0,0.477417825829474,0,0.540686275775595,-0.0703863689973405,-0.845774843168774,0.936992918999863,0,0.274648022396808,0,0,0,0.53841083296349,0,0,0.855114152239381,0,0,0,0,-1.54973352976011,0,-0.437577900875458,0,0,0,0,0,0,0,0,2.93077620132434,0.383361522783798,0.449032230421269,0,0,0,0,0,0,0,0.0168773058054814,0,0,0,0,0,-0.395396626146652,0.339975075396855,0,0.015210402363093,0.19358738081164,0,-0.0482123237610121,0,-0.582816870488121,0,0.497742668807673,0,0,0,0.290716103568494,0,0,0,0,0,0,0,0.988292688507962,0,0
0,0,0,0,0,0,0,0,0.287417877175528,0,0,0,0,0,0,0,0,0,0,0,0,0.014217952452215,0,0,0,0.570771183105717,0,1.59908139420175,0,0,-0.0472975411701537,0,0,-0.21732956601625,0,0,-0.222844091489062,0.0680870858447817,0,0,5.36392910359904,0,0.109502447131638,0.000955914682994718,0,0,0,0,0,0,0,0,0,0,0,0,0,0,0,0,0,0,0,0.540610492589413,0.710604035546714,0,0,0,0,-0.108867158573581,0,0,0,0,0.60995677994517,-0.192944227611683,0,5.16955894091676,0,0,0,0.0709597359747225,0,0,0,0,0,0,1.48083690652032,-3.32783573087406,-3.35245070610983,-1.18481256918336,0,0,0,0,0,0,0,0,0,-0.0325220026697333,0,0,0,0,0,-2.76779724632239,-0.448731802215073,0,0,0,0,0,0,-1.83289415089143,-0.06540087733069,0,0,0,0,0,-0.207514315177787,0,0,0,0.000887366383499621,-0.570081377657501,0.350291642870508,0.818191472538394,0,1.90874833739426,0,0,0.398809466761125,0,0,0,0,0,0,0,0,0,0,0,0,0,-1.11606036839858,0,0,0,-0.0563237465724844,0,0,0,0,0,0,0.772074863978706,0,0,0,0,0,0,0,0,-0.0966851971172864,0,-0.606748173367247,0,0,0,0,0,0.461982963213002,-0.566218676430936,0,1.4777728339155,0,0,0,-1.34738712159019,0,0,0,0,0,0.981339115877064,0,0,0,0,0,0,-0.19191747198068,0,0,0
0,-0.033002404011883,0,0,0,0,0,-1.00609775317185,0.371872332691809,0,0,0,0,0,0,0,0,0,0,-0.379104813673002,0,0,0,0,0,0.0586271469149058,0,0,0,0,0.505608970764625,0,0,0.0308760654482985,0,-0.0802315378281275,0,1.06465585361533,0,0,0.247496284554484,0,0,0,0,0,0,0,0,0,0,0,0,0,0,0,0,0,0,0,0,0.0548637594952746,0,0,0,-0.327153401139433,0,0,0,-0.0398748942954101,0,0,0,0,0,0,0,0,0,0,0,0,0,0.702497785925779,0,0,-0.124991467282307,-0.245697773228923,0,0,-3.44187979756206,0,0,0,0,0,0,0,0,0,0,0,0,0,0,0,0,1.22380859160211,0,0,0,-0.125311393231591,0,1.46287065243962,0,0,0,0,0,0,-0.862439104725194,0,0,0,0,0,-1.53485828315972,0.296696187199342,0,0,0,0,0,0,0,0,0,0,0,0,0,0,0,0,0,0,0,0.444520493508124,0.295096210263394,0,0,0,-0.960782708308965,0,-0.403113108307249,0,0,0,0,-0.525139612921347,0,0,0,0,0,0,0,0,0,0,0,0,0,0,0,-0.356014087253298,0,0,0,0.117191784273275,0,0,0,0,0,0,0,0,0,0,0,0,0,0,0,0,0,0.647561648466788,0,0
0.123286826851635,0,0,0,0,0,0.812064497993293,0,0,0,0,0,0,0,0,0,0,-0.8386000794712,0,-0.211491782221759,0,0,0,0,0,0,0,0,0,0,0,0,0,0,0,1.32353321769538,0.163614376786392,0,0,0,0,0.133110873383125,0,0,0,0,0,0,0,0,0,0,0,-1.55876953271496,0,0,0,-2.17959330490167,0,0,0,0,0,0.0283572382980257,0,0,0,0,0,0,0,0,0,0,0.0329679005755195,0,0,0,0,0,0,0,0,0,0,-1.12933329137602,0,0,0,0.0644583760249378,-4.06986555812876,0,0,0,0,0,-0.0427186603771257,0,0,0,-0.419160565995202,0,0,0,0,0,0,0.0362838563072128,-0.268781873293469,0,0,0.990674739344459,0,0,-0.92406888055811,-0.26887996502313,0,0,0,1.24128873021314,0,0,0,0,0,0,0,0,0,0,0.576510403873986,0,0,0,0,0.55665568185758,0,0,0,0,0,0,0,-0.246445587098763,0,4.00837895467613,0,0,0,0,0,0,0,0,0,0,0,0,0,-0.453421888306051,0.494575628240999,0,0,0,0,0,0,0,0,0,0,-0.0385342305929759,0,0,0,0,0,0,0,0,0,0,0,0,-0.344776197023887,0,0,0,0,0,0,0,0,0,0,0,0,-1.15983474279883,0,0
0,0,1.1868192527054,0,0,0,0,0,0,-1.21255822039341,0,0,-0.0216098832593625,0,0,0,0,0,0.124833290947328,0,0,0.123021351926091,0,0,0,0,0.332367153552646,-0.0369817671268651,0,0,0,0,0,0.422350453857442,0,0,0,-0.557365437237815,0,0,0,0,0,0,0,0,0,0,0,0,0,0,0,0,0,-0.023981805277008,0,-0.00348495461382625,0,0,0,0,0,0,-0.24216333456975,0,0,0,0,0,0,0,0,-0.167661828526635,0,0,0,-0.0941241366882062,0,0.143041817695369,0,0,0,0,0,0,0,0,0,-0.0421353034214993,-3.47147313365784,0,0,0,0,0,0,0,0,0,0,0,1.14825585470678,0,0,0,0,0,0.231049823123682,0.217933465780179,0,0,0,0,0,0,0,0,0,0,0,0,-0.00595612473575091,0,0,0,0,0,0,0,0,0.444487125796985,0,0,0,0,0,0,0,0,-1.04589542893529,0,0,0,0,0,0,0,0,0,0,0,0,0,0,0,0,0,0,0,0,1.93536346565252,0,0,0,0,0,0,0,0,0,0,0,0,0,0,0,0.677461356291371,0,0,0,0,0,0,0,0,0,0.225395505561274,0,-0.204909292469656,0,0,0,0,0,0,0,0,0,0.252966204188238
0,0,0.833510553944552,0,0,0,0,-0.0908095035055909,0,-0.224322467119071,-0.549734423419717,0,-0.235072680590542,0,0,0,0,-1.78980554126984,0,0,0,0.157117741953912,0,0,0,1.19377396378359,0,0,0,0,0.574032769086154,0,0,0,0,0,0.440129363096065,0,0,0,0,0.501562542622915,0,-0.186577815674322,0,0,0,0,0,0,0,0.359494733392304,0,-0.4790435703868,0,0,-0.820762085418364,-0.30069388350145,0,0,0,0,0,3.98420013275914,0,0,0,0,0,0,0,0,0,0,0,1.85424611649546,0.125251870447132,0,0,-0.0869806450912454,0,0,0,0,0,0.761861767558104,1.94537904658443,1.91491978358038,0,0,-4.0421937124733,0,-1.03671884704093,0,0,0,0,0,0.772405372018123,0.0416834874443817,0,-2.26182026251887,0,0,0,0,0,0,0,-0.145430762545314,0,0,0,0,-0.98647680749183,0.593635340395902,0,0,0.548334574826464,0.579957743865736,0.8209029206367,1.23360224616793,-0.029658737927162,0,0,1.37214661747636,0,0,0,-1.03517957939223,0,0,0,0,0,0,0,0,0,0,0,0,0,0,0,2.89745583675346,0,-0.0891412028247829,0,0,1.261487762112,0.0202592276563374,0.405324216870051,0.120753751580942,0,0,0,0,0,-0.863844212663854,0,0,0,0,0,0,0,0,0,0,0,0,0,2.30286039272554,0,0,0,0,0,1.08485863538825,0,0.588524091580988,0,0,0,0,0,0,0,0,0,0,0,0,0,-6.25624478120136,0.903026102066504,-0.319704225688387,0,0
0,0,1.14649442323529,0.40328434990912,0,1.46230022000322,0,0,0,-3.52230427700037,0,0,-0.620173333192908,-1.35681776998642,-1.18372745194918,0,0,-0.778423549184093,0,0,-2.36262941926393,0,0,0,0,0,0,0,0,0,0,0,2.25233214418174,0,0,0,0,-0.972247285358876,0.191509421844639,0,-1.30436911636346,0.097364438624834,0,0,0,0,1.08182156206192,0,0,1.06970101732622,0,-0.503245861253177,0,0,0,0,0,-1.89554079521197,0,1.9259548751349,1.44702063357703,0,0,-1.36743216446338,-0.87212375973842,0,0,0,0,0,0.769463057502358,0,0,-1.0958552930588,0,6.03930563054295,-0.757320994773831,-1.20151711580139,0,-1.61746312693734,0.0269011719466292,0.264800894706564,0,0,0,-0.443526865519184,0,0,0,0,-0.807009455387346,0,0,0,1.99059146722504,0,0,-4.14580601587462,0,0.605234115883894,0,0,0,0,0,0,0,0.462872396392804,-0.0209752224047699,0,0,0,0.18311117849814,-0.0474499626476728,0,0,0,0.306786531108453,0,6.5168014369181,0.994400450577174,0,-0.0041664625151947,0,0,0.736050598589596,-1.43007444308639,-0.366492495238284,0,-1.25658106328485,0,0.798532922317311,0,0,0,-0.384460997406264,0,12.4277798438902,0,0,-1.85020734512615,0,0,0,0,0,0,0,0.61296773916109,0,-0.495351679942452,0.142246658751864,0,0.981671610637346,0.858543348398597,0,0,0,0,0,0,0,0,0,0.299152457502575,0,0,0,0,0.231627689711561,0,0.345579957153378,0,0,0.93785079415326,0,-0.828844460042079,0,-0.716537193327535,0,0,-3.05199671641704,0,3.46487037088807,0,0,0,-2.35924603891402,0,0,0,0,0,0,0,-0.345712028057766,1.87443331957542,1.24955073824216,0,0
0,0,2.1159889545547,0,0.318541043167748,0,0,0,0,0,-0.0345075162338837,0,0,0,0.664676301741314,0,0,0,0,0,0,0,0,0,0,0,0,0,0,0,0,0,0,0,0,0,0,1.80896998303566,0,0,0.548040822000826,0,0,0,0,0,0,0,0,0,0,0,0,-1.26340339111235,0,0,0.126736685824981,0,0,0,0,0,0,1.87428082850681,0.0286786043440197,0.180323401293971,0,0,0,0,0,0,0,0,0,1.76398096217837,0,0,-0.126305330610484,0,0,0,0,0,0,-2.74799429082831,0,0,0,0,-3.43028023864356,0,0,0,0,0,0,0,0,0,0,-0.118213410078866,0,0,0,0,0,0.118060644119415,0,0,0,0,0.146856953146433,0,-0.112351083479801,0,0,0,0,0,0,0,-0.381408903686872,0,0,0,0,0,0,-0.446988839595532,-0.0969453571331647,0,0,0,0,0.179165126516463,0,1.76910414566556,0,0,0,0,0,0,0,2.96911692023666,0,0.213743077517707,0,0,-0.1012647377493,0,0,0.84274211292867,0,-0.00869537599699788,0,0,0,0,0,0,0,0,0,0,0,0,0,0,0,0,0,0,0,0,0,0.327379424192704,0,0.0570470756404955,0,0,0,0,0,0.237554832333537,0,0,0,0,0,0,0,0,0,0,0,-0.287329307919785,0,0
0,-0.252862186316926,0,0,0,0,0,0,0,0,0,0,0,0,0,0,0,0,0,0,0.385144886637958,0,0,0,0,0,0,-1.44354106176338,-0.159502613484534,0.224752624738392,0,0,0,0,0,0,-1.08604702495419,0,0,0,0,0,0,0,0,0,0,0,0,0,0,0,-0.149233441515786,0,0,0,0,0,0,0,0,0,0,0,0,0.0600942058893441,0,0,0,0,0,0,0,0,0,0,0,0,0,0,0,0,0,0,0,0,0,0,0,0,-3.45978673519544,0,0.122384433213543,0.156288180081228,0,0,0,0,7.05395500273744,0.355683904319574,0,0,0,0,0,0,0,0,0,0,0,0,-2.13515755651673,0,-1.27034182162812,-1.27634962819849,0,0,0,0,0,0,0,0,0,0,0,0,0,0,0,-0.260005312867,0,0,0,0,0,0,0,0,0,0,0,0,0,0,0,0,0,0,0,0,0,0,0,0,0,-2.25675719823063,0,-1.22363090052131,0,0,0,0,0,0,0,0,-0.0714694048768434,0,0,-0.270224839014209,0,0,0,0,0,0.37907952338018,0,0,0,0,0,0,0,0,0,0,0,0,0,0,0,-0.113250430682997,0,0,0,0,0.778557893293239,0
0,0,0,0,0,0,0,0,0,-0.4369975219482,0,0,0,0,0,0,0,0,0,0,0,0,0,0,0.118908769382579,0,0,-0.0181616311828026,0,0,0,0,0,0,0,0,-0.986448250837619,0,0,0,0,0,0,0,0,0,0,0,0,0,0,0,0,0,0,0,0,0,0,0,0,0,0,0,-0.498545174410428,0,0,0,0,0,0,0,0,0,0,0,0,0,0,0,0,0,0,0,0,0,0,0,0,0,-2.39946692575067,0,0,0,0,0,0,0,7.77721159075667,0,0,0,0,0.214734791715937,0,0,0,0,0,0,0,0,-2.18289248643546,0,-1.42931064036165,0,0,0,0,0,0,0,0,0,0,0,0,0,0,0,0,-0.900405523842621,0,0,0,0,-0.313267770334525,0,0,0,-0.336471818004397,0,0,0,0,0,0,0,0,0,0,0,0,0,0,0,0,-2.68340997126895,0,-0.586380166722275,0.022760543192677,0,0,0,0,0,0,0,0,0,0,-0.235345585059226,0,0,0,0,0,0,0,0,0,0,0,0,0,0,0,0,0,0,0,0,0,0,0,0,-0.282691445522282,0,0,0
0,0,0,0,0,0,0,0,0,0,0,0,0,0,0,0,0,0,0,0,0,0,0,0,0,0,0,-0.615337690434932,0,0,0,0,0,0,0,0,-1.03477699749463,0,0,0,0,0,0,0,0,0,0,0,0,0,0,0,0,0,0,0,0,0,0,0,0,0,0,0,-0.194721192890781,0,0,0,0,0,0,0,0,0,0,0,0,0,0,0,0,0,0,-0.767670583914298,0,0,0,0,0,0,-2.65272804731702,0,0,0,0,-0.539449003164825,0,0,7.31956295480604,0.359701777577117,0,-0.72486145948035,0,0,0,0.382575489730671,0,0,0,0,0,0,-2.04780933247113,0,-0.314828268378929,0,0,0.0489351128306306,0,0,0,0,0,0,0,0,0,0,0,0,0,-0.293370484385653,0,0,0,0,-0.165680846106404,0,0,0,0,0,0,0,0,0,0,0,0,0,0,0,0,0,0,0,0,-2.44847111657668,0,-2.21113143079609,0,0,0,0,0,0,0,0,0,0,0,0,0,0,0,0,0,0,0,0,0,0,0,0,0,0,0,0,0,-0.293378151699287,0,0,0,0,0,0,0,0,0,0
0,0,0,0,0,0,0,0,0,0,0,0,0,0,0,0,0,0,0,0,0,0,0,0,0,0,0,-0.140836085212986,0,0,0,0,0,0,0,0,-0.60089008698018,0,0,0,0,0,0,0,0,0,0,0,0,0,0,0,-0.41944290492544,0,0,0,0,0,0,0,0,0,0,0,-0.591663179858512,0,0,0,0,0,0,0,0,0,0,-0.116609017919989,0,0.518419276374954,0,0,0,0,0,0,0,0,0,0,0,0,-2.54067307848181,-0.0759802892703649,0,0,0.33203432204524,-0.543925121340082,0,0,9.6838780547388,0.0600592385300343,0,0,0,0,0,0,0,-0.0770301605070998,0,0,0,0,-2.93326321557016,0,-0.0402399021859214,0,0,0,0,0.0157987599170097,0,0,0,0,0,0,0,0,0,0,0.078505306539588,0,0,0,0,0,-0.880434009083118,0,0,0,0,0,0,0,0,0,0,-0.13109196641795,0,0,0,0,0,0,0,0,0,-2.96542835399774,0,-1.81471587327001,0,0,0,0,0,0,0,0,0,0,0,0,0,-0.803741480855135,0,0,0,0,0,0,0,-1.19534010835051,0,0,0,0,0,0,0,0,0,0,0,0,0,0,0,0,0,0.240651500220029
0,0,0,0,0,0,0,0,0.0489577646851409,0,0,0,0,0,0,0,0,0,-0.122357409524987,0,0,0,0,0,0,0,0,-0.813056182426121,0,0,0,0,-0.233317938406503,0,0,0,0,0,0,0,0,0,0,0,0,0,0,0,0,0,0,0,0,0,0,0,0,0,0,0,0,0,0,0,-0.362096507905935,0,0,0,0,0,0,0,0,0,0,0,0,0,0,0,0,0,0,0,0,0.506727638775887,0,0,0,0,-3.52996193323832,0,0,0,0.0207279179800606,0,0,0,10.7528872261651,0,-0.392469015954436,0,0,0,0,0,0,-0.251752918491191,0,0,0,0,-4.59867564733236,0,-0.0536963356937503,-0.0866535754071538,0,0,0,0.441355774310372,0,0,0,0,0,0,0,0,0,0,0.338396543847137,0,0,0,0,0,-0.796628325655841,0,0,0,0,0,0,0,0,0,0,-0.58506681076181,0,0,0,0,0,0,0,0,0,-3.59565063319164,0,-2.27645335243127,0,0,0,0,0,0,0,0,0,-0.421058441061724,-0.608296337419462,-0.249697068087786,0,0,0,0,0,0,0,0,0,0,0,0,0.0489641225894977,0,0,0,0,-0.099867962921695,0,0,0,0,0,0,0,0,0,0
0.204342671223212,0,0,0,0,0,0,0,0,0,0,0,0,0,0,0,0,0,-0.22724546120385,0.325638970508368,0,0,0,0,-0.491266697080052,0,0,0,1.84485404630907,-0.496216209464134,-0.215121047634269,-0.168779939781651,-0.115294024728449,0.242308089414084,0,0,0,0,0,0,0,0,0,0.0467467941071247,0,0,0,0,0,0,0,-0.451308869068906,0,0,0,0,-0.504670367818252,0,0,0,0,0,-0.21368223046792,0,0,-1.18204346238776,0,0,0,0,0,0,0.439251153843688,0,0,0,0,0.536892028875951,-0.872460124819962,0,0,0,0,0,0,0,0,0,0,0,-3.76028184311977,-1.82071279641611,0,0,0,0,0,0,12.3005954887873,0,0,0,0,0,0,0,0,0,0,0,0,0,-7.45021720387598,0,0,0,0,0,0,0.784574626546733,0,0,0,0,0,0,1.0183309778436,0,0,0,0,0,0,0,-0.0959576360919301,0,-0.000733026611549059,0,-0.106098579031915,0.829170202807084,0,0,0,0,0,0,0,0,0,0,0,0,0,0,0,0,0,-3.1143520386417,0,-1.73852147270153,0,0,0,0,0,0,0,0.0696791213688686,0,-0.534763891142103,0,-0.512640525069006,0,-2.08810124730182,0,0,0,0,0,0,-0.0532647153456525,0,0,0,0,0,0,0,0,0,0,0,0,0,0,0,0,0.276125066768523,0,0
0,0,0,0,0.76941846064824,0,0,0,0,0,0,0,0,0,0,0,0,0,0,-1.1383918107605,0.0680814064643016,0,0,0,0,0,3.23434618276281,0,0,0,0,0,-0.140056183355689,0,0,0,0,0,0,-0.0947452446923465,0,0,0,0,0,0,0,0,0,-1.01820562722895,0,0,0,0,0,0,0,-0.0675790363600719,-0.188211955639854,0,0,0,0,0,0,1.31717365075825,0,0,0,0,0,0,0,0,0,-0.356059371358182,0,-0.0450890865804616,0,0,0,0,0,0.0336891771075456,0,0,0,0,0,0,-1.21576515653487,0,0,0,0,0,-0.099185739314134,0,1.64429241809386,0,0,0,1.8228725227026,0,0,0,0,0,0,0,-0.536119624598472,0,0,0,0,0,0,-0.0803548491773243,0,0.0789152332543455,0,0,-1.45108189979301,0,0,0,0,0,0,0,0,0,0,0,0,0,0,0,0,0,0,0,0,0,0,0,0,1.00754581802047,0,0,0,0,0,0,0,0,0,0,0,0,0,0,0.723684718699017,0,0,0,0,0,0.688501048660955,0,0,0,0,0.33508743242202,0,0,0,-0.212225314987543,0,0,0,0,0,0,0,0,0.0206907072929978,0,0,0,0,0,0,0,0,0,-0.262001528555956,0,0,0
0,0,0,0,0.669444195355345,0,0,0,0,0,0,0,0,0,0,0,0,0,-0.075663024655825,-1.27587575952171,0.471264133157195,0,0,0,0,0,1.29062043012105,0,0,0,-0.0162759332514368,0,-0.0497174600209673,0,0,0,0,0.149471887307361,0.0966054975424908,0,0,0,0,0,0,-1.06206268018301,0,0,0,0,0,0,0,0,0,0,0,-0.346236086051048,0,0,0,0,0,0,0.0380611743204016,0,0,0,0,0,0.677256108455435,0,0,0,0,0,0,0,0,-0.165055664450388,0,0,0,0.87503400409886,0,0,0,0,0,0,-3.09221555477534,0,0.0975299843059678,0,0,0,0,0,0.907133901843796,0,0,-0.151697710895184,3.75077087136553,0,0,0,0,0,0,0,-0.959283192724644,0,0,0,0,0,0,0,0,0,-0.0248048424973897,0,-1.59846762143258,0,0,0,0,0,0,0,0,0,0,0,0.337404560030862,0,0,0,0,-0.344499162938214,0,0,0,0,0,0,0,0,0,0,0,0,0,1.01590493605506,0,0,0,0,0,0,0,-0.773204633823894,0.103142674830916,0,0,0,0,0,1.04988565012768,0,0,0,0,0.502764389747616,0,0,0,0,0,0,0,0,0,0,0,0,0,0,0,0,-0.381779619516671,0,0,0,0,0,0,-0.32935128731601,0,0
0,0,0,0,0,0,0,0,0,0,0,0,0,0,0,0,0,0,0,0,0,0,0,0,0,0,0,-0.168249472646011,0,0,0,0,0,0,0,0,0,0,0,0,0,0,0,0,0,0,0,0,0,0,0,0,0,0,0,0,0,0.0107998528109321,0,0,0,0,0,0.471586053477301,0,1.40826249800866,0,0,0,0,0,0,0,0,0.338419100109196,-1.32237669752146,0,0,0,0,0,0,0,0,0,0,0,-0.196753114821133,0,0,-2.91942135425613,0,0,0,-0.00430858420127778,0,0,0,0,0,0,0,0.173668126361495,0,0,-1.00699386374214,0,0,0,0,0,0.578448846686859,0,0,0,0.284879161289831,0,-1.17399303596786,0,0,-0.586329792403536,0,0,0,0,0,0,0,0,0,0,1.16891462633899,0,0,0,0,0,0,0,-0.174344749523326,0,0,0,0,0,0,0,0,0,0.417341415408273,0,0,0,-0.0486181683916178,0,0,0,0,0,0,0,0.261226578335849,0,0,0,0,0,0,0,0,0,0,0,0,0,0,0,0,0,0.0104295340259244,0,0,0,0,0,0,0,0,0,0,0,0,0,0,-0.466785923284896,0,0,0,0,0
0,0,0,0,0,-0.620635580808145,0,0,0,0,0,0,0,0,0,0,0,0,-1.69529454130742,0,0,0,0,0,0,0,0,0,0,0,0,0,0,0,16.745324971288,0,0,0,0,0,0,0,0,0,0,0,0,0,0,0,0,0,0,0,0,0,0,0,0,0,0,0,0,0,0,0.545766206125231,0,0,0,0,0,0,0,0,0,-0.00521772451121993,0,0,0.972320098122637,0,0,0,0,0,0,0,0,0,0,0,-1.56275372787453,0,0,0,0,0,0,0,0,0,-0.472525562248019,-0.00523290901241324,0,0,0,0,0,0,0,0,0,0,0,0,0,0,-0.102862822540507,0,0,0,0,0,0,0,0,0,0,0,0,0,-0.62261783140216,0,0,0,0,0,0,0,0,0,0,0,0,-1.45790964847981,0,0,0,-0.248833662569422,-0.701944217640364,0,0,0,0,0,0,0,0,0.301318715980303,0,0,0,0.215738177601443,-0.112752045644833,0,0,0,0,0,0,0,0,0.0760516154020863,0,0.829441830704595,-0.370568450939706,0,-0.300826431218633,0,-0.106041361315452,0,0,-0.715480953992102,0,0,0.235783559253215,0,0.250284851886106,0,0,0,0,0,0,-0.260112117553407,-1.02651079774194,0,-0.226650081837601,0,0,0.148066393010771
0,0,0,0,0,0,0,0,0,0,0,0,0.119326761902008,0,0,0,0.0748038024016564,0,-1.06051220229246,0,0,0,0,0,0,0,0,0,0,0,0,0,0,0,18.5952273377938,0,0,0,0,0,0,0,0,0,0,0,0,0,0,0,0,0,0,0,0,0,0,-0.471524162347932,0,0.00579339798504774,0,0,0,0,0,0,0,0,0,0,0,0,0,0,0,0,0,0,0,0,0,0,0,0,0,0,0,0,0,0,-0.701096198527284,0,0.0983465238555805,0,0,0,0,0,0,0,-0.708724174120246,0,0,0,-0.0459040780588678,0,0,0,0,0,0,0,0,0,0,0,0,0,0,0,0,0,0,0,0,0,0,0,0,0,0,0,0,0,0,-0.185087066072378,0,0,0,0,0,0,0,0,0,0,0,0,0,0,0,0,0,0,-0.202997019644179,0,0,0,0,0,0.960489740696804,0,0,0,0,0,0,0,0,0,0,0,0,0,0,0,0,0,0,0,0,-0.551376521672342,0,0,0,0,0,0,0,-0.148276831345022,0,0,0,0,-1.94615501166054,0,-0.425255703926557,0,0,0
0,-0.148248280999966,1.05514397831202,0,0,0,-4.452392849516,1.81825710934513,0,0,0,-0.82594983586537,0,0,0,0,0,0,-6.21404966164794,0,0,0.303075345416253,0,0,0,0,0,-0.174018322093863,1.25022022825513,0,-0.0645985567152179,0,0,0,0,0,0,0,0,0,-0.0181511430726187,0,0,0,0,0,0,0,0,0,0,0,0,-0.62898982180345,0,0,0,0,0,0,0,0,0,0,0.258709863560028,0,0,0,0,0,0,0,0.0739675758490042,0,-1.0765919860174,0,0,-0.0475377749030319,0,3.73729707447022,0,0,0,0,0.266058759118756,0,0,0,0,0,-2.4867495929883,0,0.103047342233154,0,0.215271782202506,0.0468988686804288,0,0,0,0,0,0,0.189951284414144,-5.27367757868106,0,0,0,0,0,0,0,-0.419619462958807,0,0,0,0,0,0.248310446643901,0,0,0,0,-0.148725721279641,0,0,0,0,0,0,0,0,0,0,0,0,0,-0.204400052552908,0,1.70267653905615,0,-0.557926863373049,1.70845850690725,0,0,0,0,0,0,0,0,-0.440123203324494,0,0,0,0,0,0,0,0,0.216351234841651,0,0,-0.306760908361413,0,0,-1.23490977440554,0.0603475663842621,-0.131180209652647,0,0,0.363604253504611,0,0,0,0,0,0,0,0,0,0,0,0,0,0.158637747502349,0,0,0,0,0,0,0,0,0.0889523981082043,0,0,0,0,0,0
0.7700585217475,0,1.97820227242564,0,0,0,-5.01548202517225,2.03722071580478,0,-0.247200304498819,0,-0.64897215084088,0,-0.76651537855108,0,0,0,0,-7.69075555006889,0.125728206983533,0,0,0,0,0,0,0.596494587916267,0,0.111776081940761,0,-0.536080213186998,0,0,0,0,0,0,0.0794289076873342,0,0,-0.710647149769329,0,0,-0.664738929233352,0,0,0.275723317975822,0,0,0,0,0,0,-0.778278637145058,-0.0196642951009098,0,0,0,0,0,0,0,0,0,0.149878018880976,0,0,0,0,0,0,0,0.385099114755252,0,-1.39699994133761,0,0,0,0,3.55484425905137,0,0,0,0,0,0,0,0,0,0,-2.03653474124526,-0.713256073994939,0,0,0.223980238539937,0,0,0,0,0,0,0,0,-5.87686537519918,0,0,0,0,0,0,0,0,0,0,0,0,0,0.468808032812861,0,-0.304071417809803,0,0,0,0,0,0,0,0,0,0,0,0,0,0,-0.730080613546309,0,-2.1397779951963,0,2.16262838349692,0,-1.52041250086673,1.95596004645349,0,0,0,0,0,0,0,0,0,0,0,-0.700832277894896,0.19346824453714,0,0,0,0,0.790287225995692,0,0,-0.221188067574742,0,0,-2.64066986684159,0.456290653670577,0,0,0,0.734311023673052,0,0,0,0,0,0,0,0,-1.2935948606331,0,0,0,0,0,0,0,0,0,0.264879669097112,-0.545680135827188,0,0,0,0,0,0,0,0,0
3.47501403218904,0,0.0123423949951753,0,-0.0272758227547807,0,-3.57267584280606,1.93003227231538,0,-0.879314487020495,0,-0.312517660291426,0,-0.00965747242774673,0,0,0,0,-7.48238919494963,0,0,0,0,0,0,0,0,0,0.27355265763798,0,-1.31024734007543,0,0,0,0,0,0,0.392217706288957,0,-0.040846525716741,-0.0548878093566882,0,0,-0.297528974629101,0,0,0.891324851782916,0,0,0,0,0,0,-0.921694089700423,-0.0928107412374068,0,0.645625688101835,0,0,0,-0.0865608413971066,0,0,0,1.13949272865435,0,0,0,0,0,1.30565473929393,0.118746960811524,0.509212819223545,0,0,0,0,0,0,2.64327279360114,0,-0.122977802537471,0,0,0,0,0,0,0,0,-1.88494612517649,-1.85740275147517,0,0,0.837961872684004,0,0,0.0194508621097853,0,0,0,0,0,-5.84316199943891,0,0,0,0,0,0,0,-0.53171776282145,0,0,0,0,0,0,0,0,0,0,0,0,0,0,0.276380954753734,0,0,0,0.811886678132754,0,0,0,-1.42240080351996,-0.4031166819351,-2.61455060226658,0,0.767606790713585,0,-0.44970110991849,1.84628849779683,0,0,0,0,0,0,0,0,0,0,0,-0.0978826094312719,1.19250051160723,0,0,0,0,0,0,0.835468784640534,0,0,0,-2.74991221646905,0,-0.842323753462205,0,0,0.670754215935503,0,0,0,0,0,0,0,0,-2.1777742730844,0.383406123053887,0.708866406954014,0,-0.215588505034041,0,0,0,0,0,0.153456431011835,-0.190791973664455,0,0,0,0,0,0,0,0,0
0,0,0,0,0,0,0,-0.173803149435241,0.207602290077161,0,0,0,0,0,-11.8258157219548,0,0,0,0,0,0,0,0.359686587566103,0.073355473179147,0,-0.423367561501375,0,0,0,0,0,0.325801901672667,0,0,0,0,0,0,0,0,0,0,0,0,0,0,0,0,0,0,0,0,0,0,-0.165478383000662,0,0,0.149509805533931,0,0,-0.484276901507212,0.0986635837471483,0.81902755032338,0,0,0,0,0,0,0,0,0,0,0,0,0,0,0,0,0,0,0.130759791129891,0,-0.974875940237543,0,0,0,0,0,0.148874927782587,-1.33070277818994,0,0,-0.849762009324719,0,0,0,-0.135252081548916,0,0,0,0,0,0,0,0,0,0,0,0,0,0,0,0,0,0,0,0,0,0,-0.204338710544265,0,0,0,0,0,0,0,0,0,0.648123597100338,0,-0.873231612439212,0,0,-1.50424019662219,0,0,0,0,0,0,0,0,0,0,0,0,0,0,0,0,0,0,0,0,0,0,0,0,0,-1.11888567588739,0,0,0,0,0,0,0,0,0,0,0,0,0,2.32430627348059,0.50417424993092,0,0,0,0,0,0,0,0,0,0,0,0,0,0,0,0,0,0,0,0,0,0,0
0,0.135038176773057,0.692457329500395,0,0,0,0,0,0,0,0,0,0,0,-16.9805587391013,0,0.286579687039483,0,0,0,0,0,0.0825445676927454,0.393395047695745,-1.14858424388806,-1.11593422758859,0,-1.20626245718247,0,-0.342901650025393,0,0.357999775543523,0,0.666423574859993,0,-0.28396087823178,-0.598724258786056,0,0,0,0,0,0,0,0,0,0,0,0,0,0,0.20469850561451,0,0,0,0,0,1.05851055419786,0,-0.00601227533057069,-0.503414797102681,0.616098274615131,0,0,0.311611018797616,0,0,0,0,0,0,0,-0.601808162812048,0,0,0.231117757176937,0,0,0,0,0,0,0,0,0,0,0,0.68163237312052,-0.310006209434847,0,-2.69405473947436,0,0,-1.4278745444291,0,0,1.60754213410239,0,0,0,0,0,0,0,0,0,0,0,0,0,0,0,0,0,0,0,0,0,0,0,0,0,0,0,0,0,0,0,0,-0.0576560498640961,0,0,0,0,0,-1.05885874019059,0,0,0,0,0,0,0,0,0,0,0,0,0.232309131765988,0,0,0,0.436393353512803,0,0,0,0,0,0,0,0,-2.03857709168228,0,0,0,0,0,0,0,0,0,0,0,0,0,0.507919330385927,1.45520644934565,0,0.135994107078371,-0.039990378644678,0,0,0,0,1.93316286719814,0,0.00130966825893508,0,0,-0.0756875348713097,0,0,-0.707163330752294,0,-1.66038211436903,0,0,0,0,-0.0572476081684479
0,0,0,0,0,0,0,0,0,0,-0.581656725857759,0,0,0,0,0,0,0,0,0,0,0,0,0,0,0,0,0,0,0,0,0,0,0.846732906134231,0,0,0,-0.0294046679063968,0,0,0,0,0,0.255311760330993,0,0,1.08447484520585,0,0,0,0,0,0,0,0,0,0,0,0,0,0,0,0.427818592660735,0,0,0,0,0,0,0,-0.773461321181907,0,0,0,0,0,0,0,0,0,0,0,0,0,0,0,0.334732519460278,0,0,0,-0.686050966882049,0,0,0,0,0,0,0,0,0,-0.520806414436206,0,0,0,0,0,0,0.312926886416302,0,0,0,0,0,0,0,0.988193850774358,0,0,0,0,-0.0572985386930727,0,0,0,0,0,0,-0.196874120446493,0,0,0,0,0,0,0,0,0,0,0,0,0,0,0,0,0,0,0,0,0,0,0,0,0,0,0,0,0,0,0,0,0,0,0,0,0,0,0,0,0.502389222984041,0,0,0,0,-0.696326671743678,0,0,0,0,0,0,0,0,0,0,0,0,0,0,-15.1650120346775,0,0,0,0,-0.0353413240047593,0,0,0,0,0,0
0,0,0,0,0,0,1.32596085459809,-1.01599638854959,0,0,0,0,0,0,-0.808747429547604,0,0,0.450482379529066,0,0,0,0,0.567103996613384,0,-0.343070590315311,0,0,0.334217359589843,0.512940466868226,0,0,0,0,0,0,0,0,0,0,0,0,0,0,-1.38537308889624,0.657942695491202,0,0,0,0,0,0,0,0,0,0,0,0,0,0,0,0.6818933636177,0,1.71343784423136,0,0,0.206440831786315,0,0,0,-1.32190150932482,0,0,0,0.285358058252256,0,0,0,0,0,-1.14631268406286,-0.00912831613665555,-0.097407202406212,-0.119406442294589,0.770276277580641,0.249114694079678,0,0,0,0,0,0,0,0.36069804484145,0,0,0,0,0,0,0.0715066488264506,0,0,0,0,-0.101103827023809,0,0,0,0,-0.46337258727615,0,-0.599984508441527,0,0,0.478788540919234,2.24795535855544,0,0,0,0,0,-0.536083338614543,-1.05974262934303,0,0,0,0.632131570288197,-0.298324609839027,0,0,0,-0.246537729918626,-0.757585381575829,0,0,0,-0.436444683787534,0,0,0,0,0,0.0673313818675396,0,0,0,0,0,0,0.216872406022872,0,0,0,0,0,0,0,0,0.665712494209166,0,0,0,0,0,0,0,0,0,0,0,0.878509609418781,0,0,0,0,0,0,0,0,0,0,0,0,2.76770685672279,0,0,0,0.17250205356083,-12.3290608884834,0,0,-0.0441458674896025,0,0.551123515350018,0,0,0,0,0,-0.894752227206666
0,0,0,0,0,0,0,0,0,0,0,0,0,-0.248141359473919,0,0,0,0,0,0,0,0,0,0,0,0.0838883892028959,0,-0.0865273225856396,0,0,0,0,0,0.350179942083676,0,0.159742028425776,0,0,0,0,0,0,0,0,0,0,0,-0.232103296607817,0,0,0,0,0,0,0,0,0,0,0,0,0,0,0,0,0,0.100490259347403,0,0,0,0,0,0,0,0,0,0,0,0,0,0,0,0,0,0,0,0,0,0,0,0,0,0,0,0,0,0,0,0,0,0,0,0,0,0,0,0,0,0,0,0,0,0,0,0,0,0,-0.04500620272916,0,0,0,0,0,0,0,0,0,0,0,0,0,0,0,0,0,0,0,0,0,0,0,0,0,0,0,0,0,0,0,0,0,0,0,0,0,0,0,0,0,0,0,0,0,-0.0409707174223493,0,0,0,0,0,0,0,0,0,0,0,0,0,0,0,0,0,0,0,0,0,0,0,0,0,-10.7269824493762,0,0,0,0,0,-0.29947448720309,0,0,0,0,0
0,0,0,0,0,0,-0.776450024934811,0,-0.190582281060806,0,0,0,0,0,0,0,0,0,0,0,-0.224590285656388,0,0,0,0,0,0,0,0,0,0,0,0,0,0,0,0,0,0,0,0,0,0,1.34604953343694,0,0,0.828940465037611,0,0,0,0,0,0,0,0,0,-1.00462786764257,0,0,0,0,0,0,0,0,0,0,0,0,0,0,0,0,0,0,0,0,0,0,0.16989317312858,0,0,0,0,0,0,0,0,0,0,0,0,0,0,0,0.0881217791312978,0,0,0,-0.047735253335121,0,0.109602284501011,0,0,0,0,0,0,0,0,0,0.954282748362466,0,0,0,0,0,0,0,0,0,0,0,0,0,0.185864799819484,0,0,-0.368172986069133,0,0,-0.927259823871507,0,0,0,0,0,0,0,0.0173640817705147,0,0,0,0,0,0,0,0,0,0,0,0,0,0,-0.062046014900534,0,0,0,0,0,0,1.05743563097319,0,-0.541996597483066,0,0,0,0,0,0,0,0,0,0,0,0,0,0,0,0,0,0,0,0.130165533292734,0,0,0,0,0,0,0,0,0,0,0,0,0,0,0,0
0,0,0,0,-0.757983159747475,-0.57566148791739,-0.397466117300674,0,-0.0767077612721283,0,0,0,0,0,0,0,0,0,0,0,-0.748349627872883,0,0,0,0,0,0,0.00995963493295493,0,0,0.790409406660447,0,-0.0932880097253239,0,0,0.528634087256735,0,0,0,0,-0.181708153229156,0,0.642187086284169,0,-0.174879007497774,0,0,0,0,0.327477854724032,0,-0.124521746489505,0,-0.170814722316223,-0.227576873981794,0,-2.11116532253944,0,0,0,0,0,0.254418995187524,0,0,0.0711056278741153,0,-0.0914117546915654,0,0,-0.795397041363689,0,0,0,0,0.074787716489394,0,0,0,0,0,0,0,0,0,0,0,0,0,-1.18335314819846,0.0760526495165752,0,-0.108399631610381,0,0,0,0,0,0,0,0.24788905780329,0,0,0,0,0,0,0,0,-0.108286220110797,0,0,0,0,0,0,0,0,0,0,0,0,0,0,0,1.0843776421199,0,0,0,0,0,-0.0451340788378183,0,0,0,0,-1.10861186408762,0,0,0,0,0,0.125572954734264,0,0,0,0,0,0,0,0,0,0,0,0,0,0,0,0,0,0,3.6764718821504,-0.254732774542842,-0.0216878982534543,0,0,0,0,0,0,0.113617127994821,0,0.784325429901844,0,-0.824530961571888,0,0,0,0,0,0,0.651454861741287,0,0,0,0,0,0,0,0,0,0,0,0,0,0.0986711121702486,0,0,0,0
0,0,0,0,0,0,0,0,0,0,-0.391332086402878,0,0,0,0,0,0,0,0,0,-0.249421433995294,0,0,0,0,0,0,0,0,0,0,0,0,-0.699891643276274,0,0,0,0,0,0,0,0,1.85329277575616,0,0,0,0,0,0,0,0,0,0,0,0,0.152722434129817,1.0133006605245,0.55733503576843,0,0,0,0,1.19978522962056,0,0,0.577154683501539,0,0,0,0,0.854868560297469,0,0,0,0,0,0,0,0,0,0,0,0,0.107898809301445,0.0864826691829002,0,0,0,0,0,0,0,0,0,0,0,0,0,0,0,0,0,0,0,0,0,0,0,0,0,0,0,0,0,0,0,0,0,0,0,0,0,-0.591043620511029,0,0,0.0452914073876811,0,0,0,-0.106043844670926,0.865183115183778,0,0,0,0,-0.111650054462481,0,0,0,0.361549497355709,0,0,0,0,0,0,0,0,0,0,0,0,0,0,0,0,0,0,0,0.916770687060065,0,5.59394250719788,0,0,0,0,0,0,0,0,0,0,0,0,0,-0.93615503558178,0,0,0.303727490437422,0,0,0,0,0,0,0,0,0,0,0,0,0,0,0,-0.171768772178478,0,0,0,0,0
0,-0.564838512175935,0,-0.0236903807957951,0,0,-0.606686071858715,-2.20395331202782,0,-0.415448238888842,0,0,0,-0.758841590555533,2.16959246631201,0,0,0.46896540812403,0,0,0,0,-0.407529676552162,0,1.3973990932397,0,0,0,-1.19818575286676,0,0,0,0,-5.12046073192318,0,-0.639892371415933,0,0,0,0,0,0,0,0,1.87902299768894,0,0.581532675217352,0,0,0,0,0,0,0,0,0,0,0,-0.624660453944392,0,-1.55509441013594,-0.716568156479287,0.37040099452225,-0.53171322844898,0,0,0,1.25027186364844,0,-0.0998609344919181,-0.513075747619721,0,0,0,0,0,0,0,0,0,0,0,0,0,0,-0.027478888477368,0,-0.833995467605087,1.11795182431913,0.375207365150525,0,-1.05860315305495,0,0,0,0,0,0,-0.0615716441695995,0.0207247863380702,-0.171183144626998,0,0,0,0,-0.391074896488063,0,0,-0.407409128191174,1.66538935379627,0,-1.41220349043725,0,0,0,0,0,0,0,0,0,4.72071402413841,-1.56806868170152,0,0,0.631643633068594,0.239553810330077,0,0.241145606289255,0,0.843353222845437,0,0,0,0,0.153123219017696,6.36100885434508,0,0,-0.419105906307109,0,0,0,0.456348597574867,0,0,0,0,0,1.14792145601613,-0.802142018865518,0,0,0,0,0.256230569315093,0,0,0,1.05768234238298,0,0,4.76066887464761,1.74345568093737,0,0,0,-3.38269790665001,0,0,0,0,-0.925849804859863,0,0,0,0,0,0,0,0,0,0,-1.21880485997747,0,0,0,0,0,0,-1.23989322924676,0,0,0.418160428568063,0,0,0,0,0,0
0,0,0,0,0,0,0,0,0,0,0,0,0,0,0,0,0,0,0,0,0,0,0,0,0,0,0,0,0,0,0,0,0,0,0,0,0,0,0,0,0,0,0,0,0,0,0,0,0,0,0,0,0,0,0,0,0,0.11782540332939,0,0,0,0,0,0,0,0.0830234826113683,-0.206487623070059,0,0,0,0,0,0,0,0,0,0,0,0,0,0,0,0,0,0,0,0,0,0,0,0,0,0,0,0,0,0,0,0,0,0,0,0,0.0619620772605294,0,0,0,0,0,0,0,0,0,0,0,0,0,0,0,0,0,0,0,0,0,0,0.404810025378135,0,0,0,0,0,0,0,0,0,0,0,0,0,0,0,0,0,0,0,0,-0.689221435867093,0,0,0,0,0,0,0,0,0,0,0,0,0,0,0,0,0,0,-0.33264128535884,0,0,0,0,0,0,0,0,0,0,0,0,0,0,0,0,0,0,0,0,0,0,0,0,0,0,0,0,0,0,0,0,0
0,0,0,0,0,0.120246552483882,0,0,0,0,1.43088138272612,0,0,0,0,0,0,0,0,0,0,0,0,0,0,0,0,0,0,0,0,0,0,0,0,0,0,0,0,0,0,0,0,0,0,0,0,0,0,0,0,0,0,0,0,0,0,0.60939848157287,-0.0190717136089977,0,0,0,0,-1.13835102087009,0,0,-1.48168946849557,0,0,0,0,0,0,0,0,0,0,0,-0.600232358874408,0,0,0,0,0,0,0,0,0,0,0,0,0,0,0,0.116440215385461,0,0,0,0,0,0,0,0,1.03846894281166,0,0,0,0,0,0,0,0,0,0,0,0,0,0,0,0.451818094349722,0,0,0,0,0,0,0.634017275644224,0,0,0,0,0,0,0,0,0.484294769485011,0,0,0,0,0.596236273984343,0,0,0,0,0,0,-1.05423955270755,0,0,0,0,0,0,0,0,0,0,0,0,0,0,0,0,0,0,-0.297939075781664,0,0.887598904650712,0,0,0,0,0.0440957337867722,0,0,-0.424507537007263,0,0,0,0,0,0,0,0,0,0,0,0,0,0,0,0,0,0,0,0,0,0,0
0,0,0,0,0,0,0.150708199404298,0,0,0,0,0,0,-0.659222351222687,-0.622520583632616,0.892021676043156,0,-0.616318685625604,-0.161648248299979,0,0,0,0.32597874330605,0,0,0.39049612803852,0,0,0.275367379805331,0,1.23012524147822,0,0,0,0,0,0.649981847987142,0,0,0,0,0.016960840409054,0,0,0,-0.0177213751357546,0,0,0,0,0,0,0,0,0,0,0.17433165166856,0,0,0,0.989649083843331,0,-0.694743061465861,0,0,0,0,-20.879075530985,0,0,-0.990687185584488,0,0,-0.207640890060317,0,0,0,0.125823687321684,0,0,0,0,0.248114098967667,0,0,0,0,-2.53223972339526,0,0,0,-0.0448836333927114,0.0540204528622901,0,0,0,-0.0176913704006396,0.10392363005975,0,0,0,0,0,1.20321265877655,0,0,0,0,0,0,0,0.793631919665171,0,0,-0.744015132438979,0,0,0,0.398511643444037,0,0,0,0,0,0,0,0,0,-0.328557418009125,0,0,0,0,0,0,-0.278737156171065,0,0,0,0,0,0,0,0,0,0,0,0,0,0,0,0,-0.30432300189398,0,0,0,0,0.170032833546901,0,0,0,0.133597446168619,-0.118144015552073,0,0,0,0,0,0,0,0,0,0,0,-0.00766740054063519,-0.559906187525257,-1.2074322770264,0,-0.14121284037812,0,0,-0.623573278722396,0,0,0,0,0,0,0,0,0,0,0,0,0,0,0,0,0,0
0,0,0,0,0,0,0,-4.40759048794515,0,1.03430419972378,0,0,0.434105151258997,-4.2129524301495,0,-0.117578477294799,0,-0.943305618023769,0,-0.234860571586461,0,0,0,0,0,0,0,0,0,0,0,0.421452389542823,0,0,0,2.30475999756088,0.34877129262145,0,0,0,0,0,0,0,0,0,0.200643374455168,0,0,0,0,0,0,0,0.53215294188194,0,0.626542077713293,0,0,0.505843493206019,0,0,0,1.44573056915641,0,0,0,11.3348807529488,0,0,-1.90786457902125,-0.838386709762271,-0.602550484660747,0,0,0.13935014254088,0,-0.198619678914069,0,0,2.20118830564699,0,0,0,0,0,0,-2.28047344144319,1.3193839169057,0.598009893968579,0,0,0.638144522499522,0.470238376554642,0,0,0,0.417861439535097,2.22880292763208,0,0,0,0,0.685552771669911,0,-5.27207490633869,0,-0.0510953310662343,0.0398020357378392,0,0,0,0,0,0,2.45770189604457,0,0,1.05160952808467,0,0,-3.20250672893423,-1.28729693783827,0,0,0,0,0,0,0,-1.13051713576341,0,0,0,0,0,0.169491752440347,0.266803345610086,0,0,0,0,0,0,0,-0.752133439154181,0,0.393142072137862,0,0.0961285860322927,0,0,0,0,1.20175238851958,0,0,0,0,0,0,0,0,0,0,0.979372366581328,0,0,0,-3.25279012529459,-1.14497435175001,-0.959524382802723,0,5.54194195519599,0,0,-0.0345636831991532,0,0,0,0,-0.101884914953646,0,0,0,0,0,0,0,1.66810075669683,0,0,-0.638172998518675,0,0,0,0,0,0,0
0,0,0,0,0,0,0,0,0,0,0,0,0,0,0,0,0,0,0,0,0,0,0,0,0,0,0,0,0.295274549595405,0,0,0,0,0,0,0,0,0,0,0,0,0,0,0,0,0,0,0,0,0,0,0,0,0,0,0,0,0,0,0,0,0,0,0,0,0,0,-19.1902658194811,0,0,0,0,0,0,0,0,0,0,0,0,0,0,0,0,0,0,0,0,0.121198763087609,-0.0815144362706948,0,0,0,0,-1.25521503347782,0,0,0.0644386272217279,0,0,0,0,0,0,0,-0.442713810100819,0,0,0,0,0,0,0,0,0,0.0504921538696668,0,0,0,0,0,-0.824762442444946,0,0,0,0,0,0,0,0,0,0,0,0,0,0,0,0,0,0,0,0,0,0,0,0,0,0,0,0,0,0,0,0,0,0,0,0,0,0,0,0,0.0421468053494234,0,0,0,0,0,0,-1.37504659877638,0,0,0,0,0,0,0,0,0,0,0,0,0,0,0,0,0,0,0,0,0,0,-1.63152791154315,0,0,0,0,0,0,0
0,0,0,0,0,0,0,0,0,0,0,0,0,0,0,0,0,0,0,0,0,0,0,0,0,0,0,0,0,0,0,0,0,0,0,0,0,0,0,0,0,0,0,0,0,0,0,0,0,0,0,0,0,0,0,0,0,0,0,0,0,0,0.603101351116625,0,0,0,0,-17.587694372642,0,0,0,0,0,0,0,0,0,0,0,0,0,0,0,0,0,-0.252583512842653,0,0,0,0,0,0,0,0,0,0,0,0,0,0.124824322643233,0,0,0,0,0,0,0,0,0,0,0,-0.339069167487062,0,0,0,0,0,0,0,0,-0.00699932445910623,0,0,0,0,0,0,0,0,0,0,0,0,0,0,0,0,0,0,0,0,0,0,0,0,0,0,0,0,0,0,0,0,0,0,0,0,0,0,0.243658372801188,0,0,0,0,0,0,0,0,0,-0.409227249071159,0,0,0,0,0,0,0,0,0,0,0,0,0,0,0,0,0,0,0,0,0,0,0,0,0,0,0,0,0,0
0,0,0,0,0,0,0,0,0,0,0,0,0,0,0,0,0,0,0,0,0,0,0,0,0,0,0,0,0,0,0,0,0,0,0,0,0,0,0,0,0,0,0,0,0.200504152385352,0,0,0,0,0,0,0,0,0,0,0,-0.220691739673758,0,0,0,0,0,0,0,0,0,0,-17.9589049626578,0,0,0,0,0,0,0,0,0,0,0,0,-0.297934138578108,0.175708096070785,0,0,0,0,0,0,0,0,0,0,0,0.0844526110546613,0,0,0,0,0.150291315486487,0,0,0,0,0,0,0,0,0,0,0,0,0,0,0,0,0,0,0,0,0,0,0,0,0,0,0,0,0,0,0,0,0,0,0,0,0,0,0,0,-0.690718055728127,0,0,0,0,0,0,0,0,0,0,0,0,0,0,0,0,0,0,0,0,0,0,0,0,0,0,0,-0.216398114699116,0,-0.0545922935592567,0,0,0,0,0.0550177412366559,0,0,0,0,0,0,0,0,0,0,0,0,0,0,0,0,0,0,0,0,0,0,0,0,0
0,0,0,0,0,0.014335303951136,0,0,0,0,0,0,0,0,0,-0.24487984065178,0,0,0,0,0,0,0,0,0,0,0,0,-0.110474190620145,0,-0.00714402825586924,0.783650930943963,0,0,0,0,0.0844069492998052,0,0,0,0,0,0,1.6002609559441,15.0136964971106,0.00399557054616273,-0.429617925523955,0,0,0,0,0,0,0,0,0,0,0,0.373233312750186,0,0,0,0,0.410636853145308,0,0,0,-20.7780730772208,0,0,0,0,0,0,0,0,0,0,0,0,0,0,0,0,0,0,0,1.39860552463736,0,0,0,0,0,0,0,0,0,0,0.72764073920109,0,0,0.249438604811008,0,0,0,0,0,0,0.319501407800227,0,0,0,0,0,0,0,0,0,0,-0.260183625606203,0,-0.182616481703323,0,0,0,0,0,0,0,-0.230566541551567,0,0,0,0,0,0,0,0,0,0,0,0,0,0,0,0,0,0,0,0,0,0,0,0,-0.260653660799492,0,0,0.152459050107955,0,0,0,0,0,0,0,0,0,0,0.0701043138180601,0,0,0,0,0,0,0,0,0,0,0.159744912225657,0,0,0,0,0,0,0,0,0,0,0,0,0,0,0,0,0,0,-0.184914603722584,0
0,0,0,0,0,0,0,0,0,0,0,0,0,0,0,1.07705186257145,0,0,0,0,0,0,0,-0.0335926226612799,0,0,0,0,0,0,0,0,0,0,0,0.248756142501109,-0.797373668596974,0,0,0,0,0,0,-2.61178823076269,-11.0694628032449,0,0.980275763559407,0,0,0,0,0,0,0,0,0,0,0,0,0,0,0,0,0,0,0,0,-16.396312706524,0,0,0,0,0,0,0,0,0,0,0,0,0,0,0,0,0,0,0,0,0,0,0,1.26880635844782,0,0,0,0,0.364863785482749,0,-0.332127538062999,0,0,0,0,0,0,0,0,0,0,0,0,0,0,0,0,0,0,0,-0.050788295773571,0,0,0,0,0,0,0,0,-0.666856284560687,0,0,0,0,0,0,0,0,0,0,0,0,0,0,0,0,0,0,0,0,0,0,0,0,0,0,0,0,0,0,0,0,0,0,0,0,0,0,0,-1.51060881138837,0,1.2963658789122,-1.76545019860301,0,0,0.128357297218051,0,0,0.292215117043609,0,0,0,0,0.128602197881703,0,0,0,0.0645790947496541,0,0,0,0,0,0,0,0,0,0,0,0,0,0
0,0,0,0,0,0,0,0,0,0,0,0,0,0,0,1.27654696452178,0,0,0,0,0,0,0,0,0,0,0,0,-2.17317778654296,0,0.647149547858703,0,0,0,0,0.419929678779114,0,0,0,0,0,-0.0994320024462616,0,-5.32799192346858,-14.1391878711227,0,0.169496491273714,0,0,0,0,0,0,0,0,0,0,0,0,0,0,0,0,0,0,0,0,-16.4234935093008,0,0,0,0,-0.432100373875394,0,-0.124100212779195,0,0,0,0,0,0,-0.14208908815206,0,0,0,0.165600305045535,0,0,-0.672863078438396,0,0,2.58381229244744,0,0,0,0,0.582025699283298,0,0,0,0,0,0.0725056368630532,0,0,0,0,-0.522593171320497,0,0,0,0,0,0,0,0,0,0,-0.191526444002487,0.144966691903872,0,0,0.688568432425888,0,0,0,0,-0.0650309723295586,0,0,0,-1.05463836079009,0,0,0,0,0,0,0,0,0,0,0,0,0,0,0,0,-0.18229690805024,0,0,0,0,0,0,0,0,0,0,-0.474952018361435,0,0,0,0,0,0,0,-0.506096025285516,0,1.18219959418209,-0.710825639199683,0,0,0,0,0.599842752372825,0,0,0,0,0,0.573755399199809,0,0,0,0,-0.117510241399337,0,0,0,0,0,0,0,0,0,0,0,0,0
0,0,0,0,0,0.548566951995054,0,0,0,0,0,0,0,0,0,0,0,0,0,0,0,0,0,0,0,0,0,0,0,0,0,0,0,0,0,0,0,0,0,0,0,0,0,-0.642857494663832,-2.73710081285718,0,0,0,0,0,0,0,0,0,0,0,0,0,0,0,0,0,0,0,0,-0.518019046871261,0,-3.8784173650354,0,0,0,0,0,0,0,0,0,0,0,0,0,0,0,0,0,0,0,0,0,0,0,0,0,0,0,0,0,-0.119739033338636,-0.116535963868017,0,0,0.644746690498131,0,0,0,0,0,0,0,0,0,0,0,0,0,0,0,0,0,0,-0.728656898904037,0,0,0,0,0,0,0,0,0,0,0,0,0,0,0,0,0,0,0,0,0,0,0,0,2.96148314561059,0,0,0,0,0,0,0,0,0,0,0,0,0,0.0436511413535055,0,0,0,0,0,0,0,0,0,0,0,0,0,0,0,0,0,-0.283613638310722,0,0,0,0,0,0,0,0,0,0,0,0,0,0,0,0,-0.00372846773549651,0,0,0,0,0
0,0,0,0,0,0,0,0,-0.10095685045009,0,0,0,0,0,0,0,-0.114246217707532,0,0,0,0,0,-0.00283588257637613,0,0.519787334717126,0,0.443813074852597,0,0,0,0,0,0,0,0,0,0,0,0,0,0,0,0,0,0,0,0,0,0,0,0,0,0,0,0,0.564155679913674,0.139071337885838,0,0,0,0,0,0.0248835319857466,0,0,-0.0749331838754785,0,0,0,0,0,0,0,0,0,0,0,-0.124163219613485,0,0,-0.0323307891828035,0,0,0,0,0,0,0,0,0,0,-0.0957024315907304,0,0,0.0212452828153575,0,0,0.665434652084062,0,0,0,0,0,0,0,0,0,0,0,0,0,0,0,0,0,0,0,-1.70807843103062,0,0,0,0,0,0,0,0,0,8.43650831759249,0,0,0.266002610497531,0,0,0,-0.714717570273363,0,-0.102141310301313,0,0,0,0,0,0,0,0,0,0,-0.0473522496868866,0.275847811492841,0,0,0,1.66467380254418,0,0,0,0,0,0,0,0,-0.584049166287872,0,-0.285471236909004,0,0,-0.868842373748142,0,0,0,0,0,0,0,0,0,0,0,0,0,0,0,0,0,0,0,0.250885774780658,0,0,0,0,0,0,0,0,0,0,0,0,0
0,0,0,0,0,0,0,0,0.767744155864639,0,0.539374878751142,0.278887247895456,0,0,0,0,0,0,0,0,0,0,0,0,0,0,0,0,0,0,0,0,0.0603648136085171,0,0,0,0,0,0,-0.190601402247317,0,0,0,0,0,0,0,0,0,0,0,0,0,0,0,-0.086552665662547,0,0,0.457476358082489,0,1.08143187966981,1.2225360741667,0,0,0,0,0.686644223830543,0,0,0,0,0,0,0,0,0,0,0,0,-0.317179525507731,0,0,-0.359340287182874,0,0,0,0,0,0,0,0,0,0,0,0,0,0,0,0,0,0,0,0,0,0,0,0,0,0,0,0,0,0,0,0,0,0,0,0,0.609651328911627,0,3.99955693773753,1.04927029682937,0,0,0,0,0,0,1.05589347904699,0,0,0.735636975823012,0,0,0,0,0,0,-1.19354701054147,0,0.398623535180232,0,0,0,0,0,0,0,0,0,7.98759750763091,0,0,-2.37881161481716,0,0,0,0,0,0,0.0445471590027537,0,0,0,0,0,0,0,0,0,0,0,0,0,0,0,0,0,0,0,0,0,0.0172855130186389,0,-0.0494023938611328,0.332275287365722,0,0,0.0764151757354976,0,0,0,0,0,0,0,0,0,0
0,0,0,0,0,-0.0551219345586889,0,0,0,0,0,0,0,0,0.0603442674491665,0,0,0,0,0,0,0,0,0,1.1316945537355,0,0,0,0,0,0,0,0,0,0,0,0.279899315027194,0,0,0,0,0,0,0,0,0,0,0,0,0,0,0,0,0,0,0,0,0,0,0,0,0,0,-0.161642785252551,0,0.111179212153421,1.89458943509607,0,0,0,0,0,0,0,0,0,0,0,0,0,0,0,0,0,0,-0.296754867653518,0,0,0,0,0,0,0,0,0,0,0,0,0,0,0,0,0,0,0,0,0,-0.0441767679060825,0,0,0,0,0,0,0,0,0,0,0,0,0,0,0,0,0,0,0,0,-0.450636632280251,0,0,0,0,0,0,0,-0.560152556364516,0,0,0,0,0,0,0,0,0,0,-0.486548596605173,0,0,0,0,0,0,0,0,0,0,0,0,0,0,0,0,0,0,0,0,0,0,0,0,0,0,0,0.824821896493009,0,0,0,0,0,0,0,0,0,0,0,0.655630108497729,0,0,0,0,0,0,0,0,0,-0.0911164530820927,0,0
0,0,0,0,0,0,-0.0563349366658645,0,0,0,0,0,0,0,0,0,0,0.128521122593943,0,0,0,0,0,0,0,0,0,0,0,0,0,0,0,0,0,0,0.171687710770554,0,0,0,0,0,0,0,0,0,0,0,0,0,0,0,0,0.809256073771778,0,0,0,0,0,0,0,0,0,0,0,-0.826849617901272,0,0,0,0,0,0,0,0,0,-0.106138559014874,0,0,0,0,0,0,0,0,0.0694899329502672,0,0,0,0,0,0,0,0,0,0,0,0,0,0,0.379617566953609,0,-0.950463389089418,0,-0.352735461665929,0,0,0,0,0,0,0,0,0,0,0.527618592836119,0,0,-0.868622439333798,0,0,0,0,0,0,0,0,0,0,0,0,0,0.351836773006832,-0.918777096614401,0,0,0,0,0,0,-0.183557104919833,-0.0631755326647501,0,0,0,0,0,0,0,0,0,0.206926622835374,0,0,0,0,0,0,0,0,0,0,0,-0.28171679818218,0,0,0,-1.13570323479193,0,0,0,0,0,0,0,0,0,0,0,0,0,0,0,0,0.697378543014046,0,0,0,0,0,0,0,0,0,0,0,0.140127496113026,0,0,2.22811161026568,0
0,0,0,0,0,0,0,0,0,0,0,0,0,0,0,0,0,0.976597218339996,0,0,0,0,0,0,0.2107042835245,0,0,0,0,0,0,0,0,-0.0998024077187212,0,0,0,0,0,0,0,0,0,0,0,0,0,0,0,0,0,0,0,0,0,0,0,0,0,0,0,0,0,0,0,0,0,0,0,0,0,0,0,0,0,0,0,0,0,0,0,0.100737640952443,0,0,0,0,0,0,0,0,0,0,0.131226756403183,0,0,0,0,0,0,0.666412615487823,0,0,0,0,0,0,0,0,0,0,0,0,0,0,0,0,0,-0.123583815388828,0,0,0,0,0,0,0,0,0,0,-0.33999067769242,0,0,0,0,0,0,0,0,0,0,0,0,0,0,0,0,0,0,0,0,0,0,0,0,0,0,0,0,0,0,0,0,0,-0.0994510565494384,0.432525950941662,0,0,-1.57579716002701,0,0,0,0,0,0,0,0,0,0,0,0,0,0,0,0,0.620867766127011,0,0,0,0,0,0,0,0,0,0,0,0,-0.414542634197234,0,0,0
0,0,0,0,0,0,0,0,0,-0.909164518176786,0,0,0,-0.0421970517284453,0,0,-0.277299267473772,2.14551385552637,0,0,0,-0.279323758481932,-0.0597506810921757,0,0,-0.0489834848466639,0,0,0,-0.0392132479535579,0,0.0777308273314108,0,0,0,0,0,-0.787216935264717,0,0,0,-0.0965211995349282,0,0,0,0,0,0,0,0,0,0,0,0,0,0,0,0,0,0,0,0,0.482671466456598,0,0,0.211940042712082,0,0,0,0,0,0,0,0,-0.422512469213123,-0.272626485736717,0,0,0,0,0.955066127760983,0.735478076912,0,0,0.290152128942514,0,0,0,0.730656742859064,0.122959285203521,0,-0.0022472859950371,1.077525808758,0,0.094463205686564,0,0,0,0,2.22259446628329,0,0,0,0,0,-0.853044385455217,0,0,0,0,0,0,0,0,0,0,0,0,0.304739643539889,0,0,0,-0.578860414394366,0,0,0,0,0,-3.07576009710066,0,0.0723878176914401,0,-1.14122845076518,0,0,-0.594601345132306,0,0,0,0.0437937036468647,0,0,0,0.67834906453549,0,0,0,0,0,0,0,0,0,0,0,0,0,-0.0991678425804063,0,0,0,-0.441796618728673,-0.643184413000317,2.08908404650862,0,0,0,0,0,0,0,0,-0.532758609657588,0,0,0,0,0.825075423669242,0,0,0,0.254174868619032,0,1.22447673715915,0.33502235259934,0,0.0580593112185133,0,0,0,0,0,0,0,0.590331576178554,0,-0.568721451568251,0,0,0
0,0,0,0,-0.0506754405486063,0,0,0,0,0,0,0,0,0,0,0,0,0,0,0,0,0,0,0,0,0,0,0,-0.203290449732031,0,0,0,0,-0.462566691321718,0,0,0,0,0,0,0,0,0,0,0,0,0,-0.261445225830937,0,0,0,0,0,0,0,0,0,0,0,0,0,0,0,0,0,0,0,0,0,0,0,0,0,0,0,0,0,0,0,0,0,0,0,0,0,0,0,0,0,0,0,0,0,0,0,0,0,0,0,0,0,0,0,0,0,-0.125090566029041,0,0,0,0,0,0,0,0,0,0,0,0,0,0,0.366868675821837,0,0,0,0,0,0,0,0,0,0.354378034516061,0,0,0,0,0,0,0,0,0,-0.254854247830012,0,0,0.408307740325185,0,0,0,0,0,0,0,0,0,0,0,0,0,0,0,0,0,0,0,0,0,0,-0.167722846881133,0,0,0,0,0,0,0,0,0,0,0,0,0,0,0,0,0.653204829188135,0.521163329018703,0,0,0,0,0.176598159056797,0,0,0,0,0,0,0,0,0,0
0,0,0,0,0,0,-0.818249139471455,0,0,0,0,0,0,0,0,0,0,0,0,0,0,0,0,0,0,0,0,0,0,0,0,0,0,0,0,0,0,0,0,0,0,0,0,0,0,-0.0308937760265309,0,0,0,0,0,0,0,-0.169653220910636,0,0,0,0,0,0,0,0,0.922932944883155,0,0,0,0,0,0,0,0,0,0,0,0,0,0,0,0,0,0,0,0,0,0,0,0,0,0,0,0,0,0,0,0,0,0,0,0,0,0,0,0,0.26943753826231,0,-0.731557442925792,0,0,0,0,0,0.495140129634329,0,0,0,0,0,0,0,0,0,0,0,0,0,0,0,0,-0.214570526155141,0,0,0,0,0,0,0,0,0,0,0.142678699069736,0,0,0,0,0,0,0,0,0,0,0,0,0,0,-0.106548901999728,0,0,0,0,0,0,0,0,0,0,0,0,0,0,0,0,0,0,-0.460258693130977,0,-0.104947816495409,0,0,0,0,0,0,0,0,0,0,0,0,0,0,0,0,0,0,0,0,0,0,0,-0.104548186544142
0,0,0,0,0,0,0,0,0,0.106614630761463,0,0,0,0,0,0,0,0,0,0,0,0,0,0,0,0,0,0,0,0,0,0,0,0,0,0,0,0,0,0,0,0,0,0,0,0,0,0,0,0,0,0,0,0,0,0,0,0,0,0,0,0,0,0,0,0,0,0,0,0,0,0,0,0,0,0,0,0,0,0,0,0,0,0,0,0,-0.31787212171255,0,0,0.2306116498494,0,0,0,0,0,0,0,0,0,0,0,0,0,0,0,0.0648790657296374,0,0,0,0,0,0,0,0,0,0,0,0,0,0,0.248571165313675,0,0,0,0,0,1.4483481913418,9.04878501997791,0,-0.192927217690159,0,0,0,0,0,0,0,0,0,0,0,0,0,0,0,0,0,0,0,0,0,0,0,0,0,0,0,0,-0.0350483947577085,0,0,0,0,0,0,0,-0.654113577543495,0.0870078402308936,0,0,0,0,0,0,0,0,0,0.39862439040849,0,0,0,0,0,0,0,0,0,-0.445907657347284,0,0,0,0,0.475659696085466,0,0,0,0,-0.170625399711104,0,0
0,0,0,0,0,0,0,0,0,0,1.04754470069471,0,0,0,0,0,0,0,0,0,0,0,0,0,0,0,0,0,0,0,0,0,0,0,0,0,0,0,0,0,0,0,0,0,0,-0.408165054580887,0,0,0,0,0,0,0,0,0,0,0,0,0,0,0,0,0,0,-0.0418388962971317,0,0,0,0,0,0,0,0,0,0,0,0,0,0.528754755779535,0.0259118836147818,0,0,0,0,0,0,0,0,0,0,0,0,0,0,0,0,0,0,0,0,0,0.220439883286158,-0.0653383621864252,0,0,0,0,0,0,0,0,0,0,0,0,0,0,0,0,0,0,0,0,0,0,0,0,0,0,0,0,0,0,0,0,0,0,0,0,0,0,0,0,0,0,0,0,0.0134503178069454,0,0,0,0,0,0,0,0,0,0,0,0,0,0,0,0,0,0,-0.882480127212554,0,0,0,0,0,0,0,0,0,0,-0.371112658750916,0,0,0,0,0,0,0,0,0,0,0,0,0,0,0,0,0,0,0,0,0,0
0,0,0,0,-8.79789428702986,-2.59176886939169,-0.207504242291185,0,0,0,0,0,0,0,0,0,0,0,-1.56506570736736,0,0,-0.322196790423934,0,0,0,0,0,-2.05219526993605,0,0,0,0,0,0,0,0,0,0.0126092090066596,0,0,0,0,0,0,0,0,0,0,0,0,0,0.231132049188773,0.367533849615481,0,0,0,0,0.255930896428277,-0.182020259151301,0,0,0,0,0,0,0.737716672820044,0,0,0,0,0,0,0,0,0,0,-0.303687891785931,0,0,0,0,0,0,0,-0.265387206206789,1.10017137813416,0,0,0,0,0,0,0,0,-0.346426011573416,0,-0.158921136820654,0,0,0,0,0,0,0,0,0,-0.378753465774792,0,0,0,0,0,0,0,0,0,0,-0.891602578357367,0,0,0.0143290022355178,0,0,0,0,0,0,0,0,0,0,0,0.0596756837582664,0,0,0,0,0,0,0,0,0,0,0,0,0,0,0,0,0,0,0,0.0933178991173074,0,0,-0.986228527369913,0,0,0,0,-0.456977696403016,-0.423798912918238,0,0,0,0,-3.01046822488861,0,0,0,0.15830909747082,0,0,0,0,0,0,0,0,0,0,0,0,0,0,0,0.0320105361951348,0,0,0,0,0,0,0,0,0,0,0,0,0
0,0,0,0,-9.47110985924362,-3.3962964914785,-0.034396600318777,0,-0.336711431334862,0,0,0,0,0,0,0,0.21904538077798,0,-1.14163470508907,0,0,-0.0621994489597855,0,0,0,0,0,-0.530747926698213,0,0,0.176544734331796,0,0,0,0,0,0,0,0,0,0,0.269989602148003,0,0.180114768704402,0,0,0,0,0,0,0,1.02941547781836,0,0,0,0,0,1.71334376512407,0,0,0,0,0,0,0,0,-0.57783570398635,0,0,0,0,0,0,0,0,-0.203687324687281,-0.323146028250557,0,0,0,-0.71036839124723,0,0,0,-0.486653427761884,0.182523244996482,0.0797965582833657,0,0,0,0,0,0,0,0,0,-0.202173094629235,-0.505823296916599,0.038369061043122,0,0,0,0.043393938312029,-0.321992289587839,0,0,-0.26579674389429,0,0,0,0,0,0,0,0,0,0,0,0,0,0,0,-0.229200714554181,0,0,0,-0.467765518543021,0,0,-0.2553422538391,0,0,0,0,0,0,0,0,0,-0.3328972480115,0,-0.284123615320791,0,0,0,0,0,-0.222275792348735,0,0,0,0,0,0,-0.488475346412706,0,0,0,0,0,0,0,-0.115286848436388,0,0,0,-3.23612547780161,0,0,0,0,0,0,0,0,0,0.00825559864309455,0,0,0,0,0,0,0,0,0,0,0,0,0,0.256755916871327,0,0,0,0,0,1.16989161745564,0,0,0
0,0,0,0,-9.6241892116769,-2.42547961501485,0,0,0,0,0,0,0,0,0,0,0,0,-1.3353614877683,-0.0400993691395553,0,-0.499043363614623,0,0,0,-0.675767279538187,0,0,-0.97302044841822,0,0,0,0,-0.697636810404457,0,0,0,0,0,0,0,0,0,0,0,0,0,0,0,0,0,0,0,0,0,-0.288505726433424,0,4.99672598221321,0,0,0,-0.484127315135048,-0.994448790504598,0,0,0,-0.414544297593195,-0.0286343778114535,0,0,0,0,0,0,0,0,-0.883624388200254,0,1.16145926321766,0,-2.1841113802981,0,0,0,0,0,0,0,0,0,0,0,0,0,0,0,-0.261159204183198,0,0.599437406115385,0,0,-0.0095201002369576,0,0,0,0,-0.0148468335837446,0,-0.956743186663743,0,0,0,0,0,0,0,0,0,0,0,0,0.920111174196097,-0.0433950431275925,0,0,0,0,0,0,-0.0222477382249593,0,0.290771516162423,0,0,0,0,-0.173388176342287,0,0,-1.65752209040388,0,-0.930313940568959,0,0,0.792618894628015,0,0,0,0,0.23771064229964,0,0,0,0,0,0.648446031958769,-0.274686228354632,0,0,0,0,0,0,0.806346989479291,0,0,-2.12378474901079,0,-1.34611832687247,0,0,0,0,-0.267598561551095,0,0,1.13069859626479,0,0,-1.40303370444182,0,0,0,0,0,0,0,0,0,0,0.918957826506568,0,0,0,0,-0.529415275547607,0.427957357565521,0,1.5896789025632,0
0,0,0,0,0,0.434394626019906,0,0,0,0,0,0,0,0,0,0,-0.244971372913132,0,0,0,-0.197935192524871,0,0,0,0.19953387059695,0,0,0,0,-0.848860376766361,0,0,0,0,0,0,0,-0.689223376220406,0,0,0,0,0,0,0,0,0,0,0,0,0,0.807118769804651,0,0.0147180808131404,0,0,0,-0.203232215269771,0,0,0,0,0,0,0,0,0.849733941716847,0,0,0,0,0,0,0,0,0,0,0,0,0,1.57509076637609,0,0.0864239328654182,0,0.395756366418703,0,-0.138759871645948,0,0,0,0,0,0,0,0,0,0,0,0,0,0,0,0,0.273692551576182,0,0,-4.0157209614304,0,0,0,0,0.591839640812873,0,0,0,0,0,0,0,0,0,0,0,0,0,0,0.135461931654586,0,0,0,0,0,0,0,-0.153453383706662,0,0,0,0,0,0,0,0,0,0,0,0,0,0,0,0,0,0,0,0,0,0,0,0,0,0,0,0,0,0,0,0,0,0,0,0,0.435833775973747,0,0,0,0,0,-0.503587330887201,0,0,0,0,0,0,0,-0.0482328994767909,0,0,0,0,0,0,0,0,0,0,-0.33209997677796,0,0,0
0,0,0,0,0.0730971642232585,1.24949920078317,0,-0.0368838022222937,0,3.15909215166901,0,0,0,0,0,0,0,0,0,-0.107237529917142,0,0,0,0,0,0.00986844986175761,0,0,0,-0.321899198861084,0,0,0,0,0,0,0,0,0,0,0,0,0,0,0,0,0,0,0,0,0,0.193193678848483,0,0,0,0,0,-0.195023919360534,0,0,0,0,0,0,0,0,1.51238576526354,0,0,0,0,3.36694944560592,0.795881280256945,0,0,0,0,0,0.257542641408174,0.00341373776699982,0,0,0.536918285167566,0,0,0,0,0.299643452903034,0,0,0,0,0,0,0,0,0,-0.647137254029936,0,0,0,0,0,0,0,0,-4.4219050379908,0,0,0,0,0,0,0,0,0,0,0,0,0,0,0,0,0,0,0,0,0,0,0,0.0326655155381395,0,0,0,-0.443390172978758,0,0.228130253071429,0,0,0,0,0,0,0,0,0,0,0,0,0,0,0,0,0,0,0,0,0.263092959821317,0,0,0,0,0,0,0,0,0,0,0,0,0,0,0,0,0,0,0,0,0,0,0,0,0,0,0,0,0,0,0,0,0,0,0,0,0,0,0,0,0,0
0,0,0,0,-1.29680219915048,0,0,0,-2.68868973638306,0,0,0,0,0,0,0,0,0,0,0,0,0,0,0,2.97135409506542,0,0,1.90654735733519,0,0,0,0,0,0,0,-0.220371521216255,0,-0.184574788692103,0,0,0,0,10.6442441170302,0,0,0,0,0,0,0,0,0,-0.310172112593405,0,0,0,0.648527441607908,-0.446391091077311,0,0,0,0,0,0,0,0,0,0,0,0,0,0.750127820685533,0,0,0,0,0,0,0,-0.605422897801383,0,0,0,0,-2.11695436349996,0,0,0,0,0,0,0,0,0,-1.44956688699917,0,0,0,0,0,0,-0.167851430856887,3.03378045766453,0,0,0,0,0.152775264461772,0,0,0,0,0,0,0,-0.509539893312493,0,-1.13987769810999,0,0.760251885160805,0,-0.24057684604492,0,0,0,0,0,0,0,0,-0.70846994239367,0.713368490463988,0,0,0,0,0.958824018996986,0,0,0,0,0,0,0,0,0,0,0,0,0,0,0,0,-0.370560137690258,0,0,0,0,0,-0.644360679609891,0,0.0780836067627559,0,0,0,0,0.262517733455489,0,0,-0.937637242798512,0,0,0,0,0,0,-0.0236628385097277,0,0,0,0.261999695526521,1.87347665367681,0,0,0,0,0.381177468257506,0,0,0,0,0,0.568772322741436,-0.309268683050302,0,0,0,-0.12822085113912,0,0
0,0,0,0,0,0,0,0,-1.1408445549838,0,0,0,0,0,0,0,0,0,0,0,0,0,0,0,0,-0.348684586042206,0,0,0,0,0.927436375653905,0,0,0,0.0838373743737517,0,0,0.483189309917924,0,0,0,-0.841643959797842,0,0.696377337767539,0,0,0,0,0,0,-0.551334790903032,0,0,0,0,0,0,0,0,0,-0.717994994420537,0,0,0,0,0,0,0,0,0,0,0.608633240537087,0.0723977264315101,0,0,0,0,0,0.531654544418387,0,0,0,0,-1.20698219231204,0,0,0,-0.378347095716712,0,0,0.188265830319684,0,0,0,0.437946289737147,0,0,0,0,0,0,0,0,0,-0.314915961711682,0,0,0,0,0,0,-0.533279608774571,0,0,0.38539615517331,0,0,0,0,4.86791740033884,0,0,0,0,0,0,0,0,0,0,0,0,0,0,0,0,0,2.84638901460314,0,0,1.26017388523744,0.0529554344415466,0,0,0,2.16555466688418,0,0,0,-0.678780085637547,0,0,0,0,0,0,0,0,0,0,0,0,0.669257200229884,0,0,0,0,0,0,0,0,0,0,0,0,0,0,0,0,0,0,0,0,0,0,1.3011452613072,0,0,0,0.087251526006487,0,0,0,0,0.354311678028644,0.266578181724944,0,-0.463480480569925,0,0
0,0,0,0,0,0,-0.299942578939099,0,0,0.839320388810446,0,0,0,0,0,0,0,0,0,0,0,0,0,0,0,0,-1.23810620999587,0,0,0,2.10715187789892,0,0,0.446996914084311,0,0,0,0,0,0,0,0,0,0,0,0,-0.168652472117204,0,0,0,0,0,0,0,0,0,0,0,0,-0.306346778277789,0,0,0,0.608965597972654,0,0,0,0,0,0,0,0,0,0,0,0.208653514262785,0,0,0,0,0,0,0,0,0,0,0,0,0,0,0,0,0.565465647075502,0,0,0,0,0,0.767389917102268,0,1.05296266849958,0,0,0,0,0,0,0,0,0,0,0,0,0,0,0,0,0,0,4.42842818473828,0,0,0.217924101684053,0,0,-0.176270146218208,0,0,0.510414736063845,0,0,0,-0.495639513830628,0,0,0,1.36574843504956,2.47481938569855,0,0,0,0,0,0,0,0,0,0,0,0,0,0,0,0,0,0,0,0,0,0,0,-0.65032173025344,0,0,0,0,0,0.360172601464745,1.57123976342897,0,0,0,0.329719584709675,0,0,0,0,-0.786178978290986,0,0,0,0.325762583864436,0,0,0,0,0,1.30469410201155,0,0,0,0,0,0,0,0,0,-0.562205699238812,0.117546654707207,0
0,0,0.151925023344395,0,0,0,0,0,0,0,0,0,0,0,0,0,0.317244615606808,0,0,0,0,0,0,0,0,0,0,0,0,0,0,0,0,0,0,0,0.141650288699141,-0.169443551797368,0,0,0,0,0,0,0,0,0,0,0,0,0,0,0,0,0,0,0,0,0,0,0,0,0,0,0,0,0,0,0,0,0,0,0,0,0,0,0,0,0,0.0326230537153041,0,0,0,0,0,0,-0.32452608233218,0,0,0,0,-0.266113656201736,0,0,0,0,0,0,0,0,0,0,0,0,0,0,-0.163018426443938,0,0,0,0,0,0,0,0,0,0,0,0,0,0,0,0,0,0,0,0,0,0,0,0.0719820772490738,0,0,0,0,0,0,0,0,0,0,0,0,0,0,0,0,0,0,0,0,0,0,0,0,0,0,0,0,0,0,0,-0.143551098807638,0,0,0,0,0,0,0,0,0,0,0,0,0,0,0,0,0,0,0,0,0,0,0,0,0,0,0,0,0,0,0,0,0,0,0,0,0
0,0,0,0,0,0,0,0,0,0,0,0,0,0,0,0,0,0,0,0,0,0,0,0,0,0,0,0,0,0,0,0,0,0,0,-0.141585979909083,0,0,0,0,0,0,0,0,0,0,0,0,0,0,0,0,0,0,0,0,0,0,0,0,0,0,0,0.306562622363663,0,0,0,0,0,0,0,0,0,0,0,0,0,0,0,-0.453391823335555,0,0,0,-0.781368360915453,0,0,0,0,0,0,0,-0.249930566071504,0,0,0,0,0,0,0,0,0,-0.821996350992385,0,0,0,0,0,0,0,0,0,0,0,0.00714952490816101,0,0,0,0.262351538739299,0,0,0,0,0,0,0,0.198598146043389,0,0,0,0,0,0,0,0,0,0,0,0,0,0,0,0,0,0,0,0,0,0,0,0,0.0664345004621503,0,0,0,0,0,0,0,0,0,-1.56404395240299,0,0,-0.136230501368162,0,0,0,0,0.252028235098589,0.237778576838306,0,0,0,0,0,0,0,0,0,0,0,0,0,0,0,0,0,0,0,0,0,0,0,0,0,0,0,0,0,0
0,0,0,0,0,0,0,0,0,0,0,0,0,0,0,0,0,0,0,0,0,0,0,0,0.267528830753215,0,0,0,0,0,0,0,0,0,0,0,0,0,0,0,0,0,0,0,0,0,0,0,0,0,0,0,0,0,0,0,0,0,0,0,0,0,0,-0.14508975760147,0,0,0.65161173513629,0,0,0,0,0,0,0,0,0,0,0,0,0,-0.174203143011108,0,0,0,0,0,0,0,0,0,0,0,0,0,0,0,0,0,0,0,0,0,0,0,0,0,0,0,0,0,0,0,0,0,0,0,0,0,0,0,0,0,0,0,0,0,0,0,0,0,0,0,0,0,0,0,0,0,0,0,0,0,0,0,0,0,0,0,0,0,0,0,0,0,0,0,0,0,0,-0.5055652332979,-0.017183179450506,0,0,0,0,0,-2.08350484807346,0,0,0,0,0,0,0,0,0,0,0,0,-0.165652170494558,0,0,0,0,0,0,0,0,0,0,0,0,0,0,0,0,0,0,0,0
0,0,0,0,0,0,0,-1.00003570338338,-2.60980364435497,0,3.43359910517492,0,-1.67514609791394,0.881176981953179,0,0,0,0,0,0,0.403958935833224,0,0.150863713399736,0,0,0,0,0,1.20263058550938,0,-0.306991979129914,0,0,0,0,-1.19168461158978,-0.662625157173974,0,0,0,0,-0.143398784958986,0,0,0,0,0.766018756328883,0,0,0,0,9.03249833835323,0.929050520628889,0,0,0.754946131487717,0,0.0531821873776603,1.35219080732454,0,0,0.691030152552717,0,-0.242082757613077,-0.190776755241495,0,-0.00410493174592741,0.129496081144762,0,-1.22990593573526,0,0,0,-1.34737598675048,0,0,0.216319896288185,0,0,0,0,0,0,0,2.27614982168076,0,0,0,0.379114273742662,0,0,0,-1.32716033518798,0.392895687057,0,-2.37231902032099,0,0,0,0,5.22595281264948,0,0,-0.370277651160614,0,-0.825965733682162,0,0,0,0,0,0,0,0,0,-0.806854153813181,11.9242435674212,0,0,0,3.94882131687642,0.821016162838086,0,0,0,0,3.06819335190955,1.20848400385927,1.65833645066437,0,0,0,0,0,0,-1.02889908194739,0,-0.468074106048694,0,0,0,0,0,0,0,0,0,-0.848186435825715,1.0752684297454,0,0,0,2.97521239769312,0,0,0,0,0.176660910184489,0.145682204867813,0,0,0,0,0,0,0,0,0,-7.29618781388608,0,0,0,0,-0.012349412016464,0.649674368799773,0,0,-1.86313260664612,-0.0278759643106774,4.25073127971947,2.21352533624443,0,0,-2.14111920756205,-0.0857391521201665,-1.37225046678041,-0.421158058614055,0,0,0,0,0,1.2759995608009,0,0,0,0,0,0,0
0,0,0,0,0,0,0,0,0,0,0,0,0,0,0,0,0,0,0,0,0,0,0,0,0,0,-0.526140295473882,0,0,0,0,0,0,0,0,0,0,0,0,0,0,0,0,0,0,0,0,0,0,0,0,0,0,0,0,0,0,0,0,0,0,0,0,0,0,0,0,0,0,0,0,0,0,0,0,0,0,0,0,0,0,0,0,0,0,0,0,0,0,0,0,0,0.143953825533272,0,0,0,0,0,0,0,0,0,0.478299130557851,0,0,0,0,0,0,0,0,0,0,0,0,0,0,0,0,0,0,0,0,0,0,0,0,0,0,0,0,0,0,0,0,0,0,0,0,0,0,0,0,0,0,0,0,0,0,0,0,0,0,0,0,0,0,0,0,0,0,0,0,0,0,0,0,0,0,0,0,0,0,0.190060210114716,-0.0614827529535635,0,0,0,0,0,0,0,0,0,0,0,0,0,0,0,0,0,0,0,0,0,0,0,0,0
0,0,0,0,0,0,0,-0.350983120040069,0,0,0,0,0,0,0,0,0,0,0,0,-0.669207427135162,0,0,0,0,0,-0.982754545682056,0,0,0,0,0,0,0,0,0,0,0,0,0,0,0,0,0.671690565694703,0,0,0,0,0,0,0,0,0,0,0,0,0,0,0,0,0,0,0,0,0,0,0,0,0,0,0,0,0,0,0,0,0,0,0,0,0,0,0,-0.245277191120987,0,0,0,0,0,0,-0.0941153616572539,0,0,0,0,0,0,0,0,0,0,0,0,0,0,0,0,0,0,0,0,0,0,0,0,0,0,0,0,0,0,0,0.360582721615906,0,0,0,0,0,0,0,0,0,0.200427852089457,0,0,0,0,0,0,0,0,0,0,0,0,0,0,0.855603999096919,0,0,0,0,0,0,0,0,0,0,0,0,0,0,0,0,0,0,0,0,0,0,0,0,0,0,0,-0.501582301079195,0,0,0,0,0,0,0,0.100240130253736,0,0,0,0,0,0,0,0,0,0,0,0,0,-0.088713223572833,0.0796205064562061,0
0,0.0234169622893896,0.377688695806454,0,0,-0.669597875816737,0,0,0.654315679679729,0,-2.08977937686748,0,0,0.786110926124709,0,0,0,0,0,0,0,0,0.261542148385325,0,0,0,0,0,-4.02353806283703,0,-0.169220540342812,0,0,-1.56990694617081,0,0,0,-1.15076856025738,0,0,0,0,0,-1.73038690024668,1.95418054656955,0,1.81837369522669,0,0,0,0,0,0,0,0,0,0,0,-0.590468661071043,0,-0.935749892925465,0,0,-1.72897897399974,0,0,0.643419755290695,1.11712298460269,0,0,0,0.843305552028186,0,0.758622515466176,0.846173543631205,0,0,0,-0.367826590966667,0,0,0,-0.14996966092109,0.122678825052454,-0.85706583609262,0,0,0,0.562261425103092,0,0,0,0,0,0.741409503164747,0,0,1.06654049933951,-0.38320392687976,0,0,0,0.918665391981621,0,0,-1.07499253784013,0,0,0,0,0,0,0,0,-0.675700222862759,0,0,0,0,0.482737591920189,0,0,0.0829461390481805,0,0,0,0,0,-0.310279409292633,0.142068419726417,0,0,0,0,0,0.119591397698739,0,0,0,-0.134750029893863,0,0,0,0.0350445152986043,0,0,6.52964139335188,0,0,0,5.03598539839495,0,0,-0.261150353345538,0,0,0,0,0,-1.77579876159812,0.988612529190024,0.239651284493491,0,0,0,0,-0.239998485829438,0,0,0,-1.0724414161552,0,0,0.735922241523209,0,0,-0.26911626519298,0,0,0,0,0.0935078618827896,0,0,0,-0.795664957887368,0,0,0,0,0,0,0,0,0,0,0,-2.00290439979454,-0.57112872070651,-0.64334788319996
0,0,0,0,0,0,0,-0.121335019106769,0,0,0,0,0,0,0,0,0,0,0,0,0,0,0,0,0,0,0,0,0,0,0,0,0,0,0,0,0,0,0,0,0,0,0,0,0,0,0,0,0,0,0,0,0,0,0,0,-0.3079039088808,0,0,0,0,0,-0.189238476003766,0,0,0,0,0,0,0,0,0,0,0,0,0,0,0,0,0,0,0,0,0.305988626588818,0,0,0,0,0,0,0,0,0,0,0,0,0,0,0,0,0,0,0,0,0,0,0,0,0,0,0,0,0,0,0,0,0,0,0,0,0,0,0,0,0,0,0,0,0.168019355807671,0,0,0,0,0,0,0,0.32203279816776,0,0,0,0,0,0,0,0,0,5.82975176895939,0,0,0,0.0747814216990104,0,0,0,0,0,0,0,0,0,0.028413854881739,0,0,0,0,0,0,0,0,0,0,0,0,0,0,0,0,0,0,0,0,0,0,0.0022602405216352,-0.0296678501522403,0,0,0,0,0,0,0,0,0,0,0,0,0,2.15895433169611,0
0,0,0,0,-0.00991944032664049,0,0,0,0,0,1.93037827517512,0,0,0,0,0,0,0,0,0,0,-0.154605070232229,0,0,0,0,0,0.0290570083448525,0,0,-0.23676166789637,0,0,0,0,0,0,0,0,0,0,0,0,-0.4479070897632,0,0,0,0,0,0,0,0,0,0,0,0,0,0.312192372584632,0,0,0,0,0,0,0,0,0,0,0,0,0,0,0,0,0,0,0,0,0,-1.31535553583352,0,0.160586965121009,0,0,0,0,0,0,0,0,0,0,0,0,0,0,0,0,0,0,0,0,0,0,0,0,0,-0.460660994188438,0,0,0,0,0,0,0,-0.297925617486346,0,0,0,0,0,0,0,0,0,0,0,0,0,0,0,-0.350106364446488,0,0,0,0,0,0,0,0,0,0,0,0,0,0,-4.17407967950188,0,0,0,0,0,0,0,0,0.473145005344116,0,0,0,0,0,0,0,0,0,0,0,0,0,0,0,0,0,0,0,0,0,0,0,0,0,0,0,0,0,0,0,0,0,0,0,0,0,0,0,0,0,0,0,0
0,0,0,0,0,0,0,0,0,0,0,0,0,0,0,0,0,0,0,0,0,0,0,0,0,1.03689418504111,0,0,0,0,0,0,0,0,0,0,0.240344206479158,0,0,0,0,0,0,-0.107076070222038,0.918019121805635,0.204680788962767,0,0,0,0,0,0,0,0,0,0,-0.132105103077949,0,0,0,0,0,0,0,0,0,0,0,0,0,0,0,0.175081524253127,0,0,0,0,0,0,-0.242240295802701,0,0,0,0,0.314712659974905,0,0,0,0,0,0,0,0,0,0,0,0,0,0,0,0,0,0,-0.797519652188212,0,0,0,-0.549055583766224,0,0,0,0.0509775124918508,0,0,0,0,0,0,0,0,0,0,0,0,0,0,0.0688016233406252,0,0,0,0,0,0,0,0,0,0,0,0,0,0,0,0,0,0,0,0,0,0.110182841108861,0,0,0,0,0,-0.480438226269244,0,0,0,0,0,0,0,0.286222896459748,0,0,0,0,0,0,0,0,0,0,0,0,0,0,0,0,0,0,0,0,0,-0.0908476150981086,0,0,0,0,0,0,0,0,0,0,0,0,0,0,0
0,0,0,0,0,0,-0.497644637083123,0,0,0,-2.92462952231982,-0.079823231422913,0,0.0339562220893936,0,0,0,0,0,0,0,0,0,0,0,0.669553382161219,0,0,-0.618130781784184,0,0,0,0,0,0,0,0.245715831773469,0,0,0,0,0,0,-1.15362751860699,0.264010382461338,0,0,0,0,0,0,0,0,0,0,0,0,0,0,0,0,0,0,0,0,0,0,0,0,0,-0.312697676310338,0,0,0,0,0,0,0,-0.306739521299223,0,0.521023864280298,0,0,0,0,0,0,-1.05164020158138,0,0,0,0,-0.477803034198581,0,0,0,0,0,0,0,0.231659904585238,0,0,0,0,0,0,0,0,0.0698633030512414,0,0,0,0,0,0,0,0,0,0,1.54368114217244,0,0,0,0,0,0,0,0,0,0,0,1.03513256231457,0,0.729492847717154,0,1.04279495267304,0,0,0,0,0,0,0,0,0,-0.708988716846689,0.379870457672887,0.559899007472688,0,0,0,0,0,-0.678903743931265,-0.248250204344504,0,0,0,-0.144732053173394,0,0,0,0,0,0,0,0,0.140734104177434,0,0,0,0,0,0,0,0,0,0,0,0,0,0,0.14954035834003,0,0,0,0,0,0,0,0,0,0,0,0,0,0.785299338335532,0,0
0,0,0,0,0,0,0,0,0,0,0,0,0,0,0.486764554014985,0,0,0,0,0,0,0,3.94902837342222,0,1.05001476043937,0.30750582027463,0,-0.451969671956114,0,0.755073584012344,-2.83064595181127,0,-0.561480406189805,0.298789237835328,0,-0.115372277575191,0,0,0,-0.43046051946135,0,0,0,0,0,0,0,0,0,0,0,0,2.53792236387901,0,0,0,0,0,0,0,0,0,2.0147638857296,0,0,0,0,0.767284644989967,0,0,0.431769430222712,0,0,0,0,0.491027703944465,0,0,0,0.428254060729761,0,0,0,0,-1.64151275680441,0,0,0,0,0.232190056216382,0,0,0,0,-0.0510042227721648,0,0,0.103947267577712,0,0,0,-1.52396706339011,0,0,0,0.392324517861764,0,0,0.137181764244545,0,0,-0.844295882422584,0,0,0,-2.84566770060065,2.69147493008894,-1.93168795289117,0,0,0,0,0,0,0,0.671171485273858,0,0,-0.00662652401366604,-1.55732653650945,0,0,-0.262387881246576,0,-1.05172842851583,0,0,0,0,2.33772612995645,1.31292690357833,0,0,0,0,0,0,0.554986466180138,0,0,0,0,-0.67434729174932,0,-0.891420268258223,0,0,0,0,0,1.05045508135998,0,0,0,0,0,-0.0391920864330531,0.49649440223026,0,0,0,0,0,0,0,-3.31575048763024,0,0,0,0,0,0.318710276434768,0,0,0,0,0,-0.429668368116848,0,0,0,0,0,0,0,0,0,0,0,0
0,0,0,0,0,0,-1.06561957305048,0,0,0,0,0.00872907810776735,0,-1.99134046174763,0,0,0,0,0.321946996476031,1.04307085359858,0,0,11.9628179560347,0.375661382289836,-0.43002507316318,0.302725727302344,-2.08871027383179,0.633584466910264,0.122171442068396,0,0,0,0,0,0,0.975731864193653,0,0,0,0,0,-0.301607842239175,0,-1.69372681633439,1.69713481743489,0,0,0,0,0,-0.70126288995867,0,0,0,0,0,0,0,0,0.294103690212724,-0.655113425330548,-0.847532460200516,-1.98406982948159,0,-0.0764658997074277,0,0,0,-0.065987917630532,0,0,0.0562356499071515,0,0,1.9778559952397,0,0,0,-1.32996308750093,0,0.522280114640468,0,0.583597037836167,2.57159252752394,0,0,0,-0.381567018250454,-0.390394128708835,0,0,0,0,0.0335388886174837,-0.442995439855985,0,0,-0.859545981861143,-0.262774515133649,0,0,0,0,0,0,0,0,-2.30676001662897,0,0,0,0,0,0,0,0,0,0.6308858702472,0,0,0,0,0.199167000595815,0,0,0,0,0,0,0.46309092158254,6.12898178636478,1.45571648499886,1.50059152909865,0,-1.08983440074206,0,0,0,0,0,4.47436109046943,0,0,0,0,0.187723951810666,0,2.4606258824766,0.311173594766716,0,0,0,0,0,0,0,0,0,0,0,0.68160158986901,0,0,0,0,0,-0.0362286324629335,0,0.188211048994777,0,0,0,0,0.144403607635101,0,-0.111298706980366,0,0,0,0,0,-0.213994269064465,0,0,0,0.632192326113701,0,0,0,0,0,0,0,-0.664143115868304,0.335304441327121,-5.87085334788241,0,0,0,0
0,0,0,0,0,0,1.11016278838254,0,0,0,0,0,0,0,0,0,0,-0.68757914925963,-0.422915141516437,0,0,0,-0.22727244894768,0,0,-0.947931221579902,0,0,0,0,0,0,0,3.23572350557733,0,0,-0.233921381803061,0,0,0,0,0,0,2.28771417134253,2.97478772827863,2.01127839029337,0,0,0,0,0,0.684222896619472,0,0,0,-0.032779396895338,0.618573064461351,-0.282431379107558,0,0,0,0,4.55026530946671,0,0,0,9.08991527098179,-1.11175280498475,0,0,0.516752907553601,0,0.734592791283571,0,0,0,0,-3.39875398474824,0,0,0,-0.444628782693808,0.626430675828945,0,0,0,0,-1.84635086463154,0,0,0.750339418019126,1.24058334179277,0,0,0,0,0,0,0,0,0,-0.315008437861115,0,0,0,0,0,0,0,-1.32338370246068,0,-2.1959148451855,0.119228784949442,1.7255562310191,-0.322327555031327,0,0,0,0.170570343461975,0,0,0,-0.514010504740658,0,0,0,0,0,0.539255861845032,0,0,0,6.64441621690535,0,0,0,0,0.560254820900913,0,0,-2.14852509657283,-0.625651217804302,0,1.24511228205414,0,0,0,0.0875790650293105,0,0,0.74333089686505,0,0.173493329202138,0,-0.874393271642226,0,0,0,0,0,0,-2.18271658431942,0,2.29369497872979,0,0,0,-1.44596094245442,0,1.11621090958005,0,0,0,0,0,0,0,0,0,0.424291148333279,0,0,0,0,1.91146676878417,-1.05917245940283,-0.580081346744065,-0.99404548380704,0,0,0,0,0,0,0,0,0,0.260419748472102,0,-1.09639867559463
0,0,0,0,0,0,0,0,-0.848666616960348,0,0,-1.09394597528134,-0.502231436665604,0.764745595561865,0,0,-0.512149653202804,0,0.206256290899023,-1.14247814268863,0,0,1.10394835098918,0,-1.16486668967795,0,0,0,0.544077228069193,0,0,0,0,0,0,0,0,-0.469752361844101,0,0,0,0,2.46526553221727,0,-0.471058726244785,0,0,0,0,0,0,0,0,0,-0.0880459095476835,0,0,0,0,-1.29553970602454,-2.3533537971995,0,0,-3.34911277422133,1.37933551217495,0,12.4771458610738,0.589251033927386,0,0,0,0,0,0,0,0,0,0.863315828127873,0,-0.731498845411104,0,0,-1.02172452676998,0.956057736694838,0,-0.156885310451882,0,0,0.168169749518871,0,0,0,0,0.331053035815125,0,0,0,0,0,0,2.52628534411907,-1.99449964790454,0,0.0415686598721132,0,0,0,2.17065797115952,-0.756901901502113,-0.277370944862576,0,0.556369901159012,0,0.489869272698512,-0.847903695679808,1.57569928650881,0,0,0,0,1.41765736313867,0,-0.591838949176624,0,0,-2.04293542217008,0,0,0,0,0,-3.4382726866401,0,0,0,0.399354892413075,0,0,0,-2.06246870431609,-1.4855629517829,0,0,0,0,0,0,0,0.878540585627734,0,0,-0.446414483851601,0,0,0,-0.626328944633097,0,-0.46103965428506,0,0,0,0,-1.06350336562488,0,0,-0.213089921479364,1.89771609149903,0,1.06754591313414,0,0,0,0.509211344071336,2.35235420745559,0,0,0,0.116531586608294,0,0.0501630170090748,0,0.220441141660693,0,0.665923546078256,-2.83852041066873,0,0,-0.704024661548307,0,0,0,0,0,0,-1.1771941175749,0,0,0,0,-1.03354843538957
0,0,2.29298808901198,0,0,0,0,0.974889763700886,0,-0.430514194882445,0,0,0,0,0,0,0,0,0,-0.331366312931256,0.236197196615014,0,-0.303665043327717,0,0,-0.243446692412802,-0.00220339332038622,0.104806580067603,0.359972265354884,-0.0772254705658364,0,0,0,0,0,0,0,0,0,-0.228629079367203,-0.313364567630954,0,0,0,0,0,0,0,0,0,0,0,0,0,0,0,0,-0.561787979269748,0,0,0,0,0,0.0580355370757235,-1.04925171345309,-0.435168619179069,0.87571474262993,-0.142115143964069,0,0,0,0,0,0,1.31129968600108,0,0,0,0,0,0,0,0,0,1.05527295115932,0,0.0405839878373524,0,0,0,0,0,0,0,0,-0.73200885006543,0,-0.0358226581844616,0,-0.10952164469738,0,-0.887481141941909,-0.288345429250513,-0.0181455309020049,0,0.337118989412462,0,0,0.199414725684068,0.490701403980614,0,0,0,0,0,0,0,-1.36418197342178,0,-0.166042239841439,0,0,1.2345912226403,0,0,0,0,0,0,0,-0.728514750949234,0,4.9975538782771,0,0,0,0,0,0,0,0,0,0,0,0,0,0,0,0.307794617138652,0,0,0,0,0,-1.53897948465315,0,0,0,0,0,0.655058045198707,0,0,0.31646318545133,0,0,0,0,0,0,0,0,0,0,0,-0.766478417986434,0,0,0.827123764495117,0,0,0,0,0,0,0,0,0,0,0,0,0,0,0,0,0,0,0,-0.178215145711801,0
0,0,0.0597359307679619,0,0,0,0,0,0,0,1.61392349465598,0,0,0,0,0,0,0,0,0,0,0,-1.33551533665577,0,0,-1.80645769405436,0,0,0,0,-0.854639755208115,0,0,0,0,0.170705001030064,0.810692754816873,0,0,0,0,0,0,0,0,0,0.156625951030674,0,0,0,0,0,0,0,0,-0.80850462375771,0.317777289350523,-1.53374046625243,0,0,0,0,0.805286678029863,0,0,0,1.68033699729406,0.00191444951332653,-0.63911940067219,0,0,0,0,0,0.5005590862939,0,0,-1.17596367861406,0,0,0.136329148665201,0.23896785630453,-0.209486322976177,0,0,0.308803476445611,0.365747311252994,0,0,0,0,0.0598116739518424,0.320100480836716,0,0,0,0,0,0,0,-1.28708376636464,0,0,0,0,0,0,0,0,0,0,0,0,0.735299694218684,0,0,0,0,1.15278329970108,0,-0.916145354976587,1.97222494139398,0.13677052166354,0,0,0,0,0,0,0,0,0.00363110928662835,5.87762633735414,0,0,-0.765810259638611,0,0,0,0,0,0,0,-0.7168757875255,0,0,0,0,0.103226856739474,0,0,0,0,0,0,0,0,0,0.466012565960018,0,0,0,-1.75887964144097,0,0,0,0,-0.573947176299272,-0.118044642479732,0,0,0,0,1.7747785912936,0,0,0,0,0,-0.715819010904927,-0.25949937159862,0,0,0,0,0,0,-0.0790240920574803,0,0,0,0,0,0,0.144575179493651,0,0,0,0,0
0,0,0,0,0.170127199574161,0,-1.05160082907062,-0.0709834033434935,-0.776878317653276,0,4.13724071941636,0,0,0,0,0,0,0,0,-0.22001636220506,0,0,-0.60554857944389,0,1.28141162138186,0,0,-1.05166165366856,0,0,0,0,0,0.805638189305435,0,0,1.48470675525363,0,0,-0.996875593555782,-0.496512804148687,0,0,0,-1.13643590264396,-0.269172972205784,-2.14333007300508,0,0,0,0,0,0.177864638206447,-0.231176659876148,0,-1.44870404336195,1.26795677137066,0,0,0,0,-0.272050254900403,0,-1.57914910137987,0,-2.55563993296464,1.8863801720571,0,-0.0122582188329707,0,0,0,0,0,0,0,0,-1.18021068651128,0,0,0,0,0,1.07325143496799,0,0.0746411053752154,0.747488260012954,-0.77260649182925,0,-0.203280727723914,0,0,0.683471205667876,0,0.00786065199029906,-1.47352346554792,0,0,0,0,-0.470742147385873,-1.74593530479817,0,0,0,0,0,0,0,0,0,0,0,0.783883249684847,1.21389200403855,0,0,0,0,-0.244040518581436,-0.434611872373858,2.63692124915305,0,0,0,0,0,0,0,0,0,0,7.35656886491426,0,-0.791697675148668,0,0,0,0,0,0,0,0,0,0,0,0,0,0,0,0,0.115980460787498,0.246445020100599,0,0,0,0,0,0,0,0,0,0,0.497227611613143,0,0,0,0,1.55389866079239,0,0,0,0,1.71246692495442,0,0,0,0.834277437884445,0.10852954794388,-0.415641536828458,0,-0.0148555418124221,0,0.0553688409986051,0,0,0,0,0,0,0,0,0,0,0,0,0,0,0,0
0,0.845658132530603,-1.86812267795324,0,0,0,0,0,0,0,0,0,-0.00170655253568208,-1.09889037097689,0,0,0,1.06261138569075,0,0.134670873483193,0,0,-0.42189852385629,-0.0543319509572244,-2.27118352853349,0,0,0,4.39894053346124,0,0,0,0,0,0,0,1.37488379437469,0,0,0,0,0,0,0,0.717817231388275,-0.853545793016482,-2.94907866037115,0,0,0,0,0,0,0,0.641415441332077,0,0,0,0,0,0,0,0.716239037892438,0,0,-1.16842407645891,5.70519990930399,0,0,0,-0.00657074383825829,-0.481882315944444,0,0,-0.0277351103366501,0,0,0,0,0,0,-0.275105614557961,2.92790665589591,0,1.84142692788805,0.208756111628686,0.525025311755927,0,0,0,-0.374363547480338,0,3.12978177709197,0.0267237150662143,-0.0530834657365036,0,0,0,-0.154675541853465,-0.557659585206134,0,0.200595929007483,0,0,-0.172381779583747,0,0,0,0.0598673744319831,0,0,0,0,0,0,-1.34297211244445,0,0,0,1.37367902852658,0,0,0,0,0,0,-0.914276078961341,0,0,0,0,0,6.55667115434187,0,0,-2.25881391333291,0,0,0,-0.496410191122489,0,0.46657779489126,0,0,0.277466397826746,0,0,0,0,-1.24971976141733,0,0,0,0.541061111870001,-0.205561716640965,0,0,0,1.35494935099261,0,0,0,0,0,0,0,0,0,0.320587838851058,0,0,0,0,0,0,0,1.59619719649619,0,1.23187679345564,0,0,-0.827137221943644,0,0,0,0,-0.00164004785745986,0,0,0,0,0,0,-0.835140932169978,0,0,-0.268602199199554,0,0,0
0,0.867736238730349,0,0,1.05361976975284,0,0,0.390225547299201,0,0,0,0,0,0.646068339167237,0,0,-0.632565885195261,0,0,0,0,0,5.44059632379538,-0.199075342152141,1.69603495556029,0,-0.122704462406175,0,-0.330679707615793,0.510791598729715,0.181574628353567,0,0,-0.0317198720616327,0,0.16645662070155,0,0,0,0,-0.783794684771673,-1.95974100239147,0,0.204341644088393,0,0,0,0,0,0,0,0,0,0,0,0,0,0,0,2.08316601303343,0,-0.368911143243531,0,0,0,3.25305726431194,14.8278961788094,0,0,0,0.0667441865768716,0,0,0,0,1.19542886689939,0,0.310974586883044,0,0.826467844315419,0,0,-2.03759421682099,0,0,0,0,0,-0.596152199246177,-1.49214195583944,0,0,0,0,-0.335210078664375,-0.290237426502072,0,0,0,0,0,0,-0.792532426808961,0,0,0,0,0.0872252092972106,0,0.37101474966571,0,0.347724724242196,0,0,0,0,0,0,-0.441847037661912,-1.92789784530627,0,0,0,0,0,0,0,0,0,0,0,0,0,0,0,0.434379816719382,0,0,0,0,0.231356318102293,-0.33895197204508,0,0,0,0,0,0,-0.499084714493554,0,-0.961880128991492,-0.0129117131471435,0,0.355227598788127,0,0,0,0,0,0,0,0,-0.464188267589532,0,0,2.47732832652092,0,-0.0294477550029295,0,0,0,0,0,0,1.06343641497884,0,0,0,0,0.554406272918025,0,0,0,0,0,2.63158864730944,0,4.87686014220281,0,0,3.22919312194755,0,0,0,0,0,0,0,0,0
0,0.91243717424609,0,0,2.52817216404791,0,0,0,-1.44098826078918,0,0,-0.597796525086967,0,-0.413856922336595,-0.0292843306251378,0,0,-0.0848607355552371,0,0,-0.0586468774302051,0.934843295120163,0,0,2.77652205821033,0,0,0,0,0,-1.70639983969915,0,0,-0.449159975947738,0,-0.917557085246094,0.769617616463747,0.0714689772076529,0,-0.672041225274179,-1.24036636220106,0,0,0,0,0,0,0,0,0,0,0,0,2.08672866687615,0,0,0,1.14225993455324,0.0768048796641894,0,0,0,0.815629259309544,1.16379659032406,0,0,7.25698582198405,0,0,0,0,0,0,-0.0556568581659298,0.303231603382742,0,0,0,0,-2.48743842409702,0,0,0,-1.50483768221577,0,0,0,0,0,0,0,0,0,0,0,0,0,0.124229749517885,0,0,-1.17547046695114,0,0,-1.84005501961332,-0.998313066085182,-0.580379715796724,0,0,0,0,0,0,0,0,-1.21163337528971,-0.135246394423594,0,-4.9679116774797,0,-0.420873627510676,0,0,0,0,0,0,0,0,0,0,0,1.48822639433443,0,0,0.207694048148998,0,0,0,0,0,-0.686041772337343,0,0,0,0,0,0,0,-2.55108086110823,0,0,0,0,0,0,-0.298738706352751,0,0,0.850277356327406,0,0.545104254733215,0.449010758727043,0.171172908402943,-0.736537447618852,0,0.962013644182433,0,0,0,0,0,0,0.174784823968401,-2.65220320504252,0,-1.15837422829959,0,0,0,0,0,0,0,-0.533134171363379,-2.1039624425297,0,0,0,-0.061769654403385,0,0,0,0,0,0,0,0,0,0.631277668763656,0
0,0,0,0,0,0,0,0,0,0,0,0,0,0,0,0,0,0.467434049654313,0,0,0,0,0,0,0,0,0,0,-0.441953127267957,0,0,0,0,0,0,0,0,0,0,0,0,0,0,0,0,-0.922459206647526,-0.412211438747468,0,0,0,0,0,0,0,0,0,0.606725090929507,-0.224559920720721,0.268994110896539,0.132941909255849,-0.653289177594947,0,0.0730896686880003,0,0,0,0,0,0,0,0,0,0,0,0,0,0.140755166535553,0,0,0,4.13695782094685,0,0,0,-0.529424052163492,0,0,0,0,0,-0.451733609012978,0,0,0,0,0,0,0,0,0,0,-1.6244260840991,0,0,0,0.0118526282756475,0,0,0,0,0,0.458097754889188,0,1.36467343492472,0,0.997582990413203,0,0,0,0,0,0,0,0,0,0,0,0,0,0,0,0,0,0,0,0,0,0,0,0,0,0,0,0,0,0,0,0,0,0,0,0,0,0,0,0,0,0,0,0,0,0,0,0,0,0,0,0,-0.125678820303455,0,0,0,0,0,1.10050346248231,0,0,0,0,0,0,0,0,0,0,0,0,0,0,0,0,0,0,0,0,0,0,0,0,0
0,0,-0.724631933724076,0,0,0,0,0.0829969552048648,0,0,0,0,-0.0524591471778209,0,0,0,0,0,0,0,0,0,0,0,0,-0.803200280421074,-0.158777845045992,0,0,0,-1.54946806847557,0,0,0,0,0,0,-1.21681727542058,0,0,-0.261824111470022,0.278635092015472,0,0,0.00483635952592021,0,0,0,0,0,0,0,0,0,0,0,0,0,0,0,0,0,-0.589805884588864,0,0,0,0.389112019891804,0,0,0,0,0,0,0,0,0,0,0,0,0,0,0,0,0,0,0,0,0,0,0,0,0,0,0,0,-0.212072263995676,0,0,0,0,0,0,0,0,0,0,0,0,0,0,0,0,0,0,0,0,0,-0.46954986516034,0,0,0,-0.260922066982691,0,0,0,0,-0.493253483499873,0,0,0,0.25474510204174,0,0.407329844522991,0,0,0,0,0,0,0,0,0,0,0,0,0,0,0,0,-0.0429577830559165,0,0,0,0,-0.261121532428849,0,0,0,0,0,0,0,0,0,0,0,0,0,0,0,0,0,0,0,0,0.0835867816231941,0,0,0,0,0,0,0,0,0,0,0,0,0,0,0,0,0,0,0,0,0,0,0,0
0,0.562533725953039,0,0,0,0,0,-1.07733969287914,0,0,0,0,0,0,0,0,0,0,0,0,0,0,0,0,0,0,-0.739804521597747,-1.63455193249455,0.938837357482486,0,0,0,-0.050350324605688,0,0,0,0,0,0,-0.115262432007597,0,0,0,0,0,0,-0.0381115006175852,0,0,0,0,0,1.43122860765363,0,0,0,0,1.73259665198942,0,0,0,0,2.6009309527393,0,0,-0.24415199769921,0,0,-0.00622709992725312,0,0,0,0,0,0,0,-0.437377432794515,0,0.880129365269385,0,2.03399254708205,0,0,-1.36550095932952,0,-1.19041881338505,0.924834433940497,0,0,0,0,0,0,0,0,0.523512499270869,0,0,0,0,0,0,0,1.12505129062637,0,0,0,0,0,0.279122992089608,0,-0.309964624482446,0,0,0,0,0,0,0,0,-1.14781682821303,1.4504593747372,0,-0.362452052472146,0,0,-2.7726538109571,0.250424775006122,0,0,0,0,0,0,0,-1.18684051200191,0,0,0,0,0.38118659689487,0.778363582581391,0,0,0,0,0,0,0.530443567099598,0.734319995957251,0,0,0,0,0,0,0,0,-0.180239663553158,0,0.693092765488621,0,-2.21947577874166,0,0,0,0,0,0,0,0,0,0,-1.25685565686355,-0.0334815591891218,0,0,0,0.731730264667112,0,-0.229765744845824,0,0,0.232368497365837,0,0,0,0.405095225046533,0,0.267165066268472,0,0,0,-0.154291852072538,0,-0.0652630761735611,-0.617317888013709,0,0,-0.440335309469883
0,0,0,0,0,0,0,0,0,0,0,0,0,-0.292060946691726,0,0,0,-0.788105625076233,0,0,0,0,-0.00146310010488526,0,0,-0.313318374407395,0,0,0,0,0,0,0,-0.259538430342749,0,0.116801165024382,0,-1.40871858933301,0,0,0,0,0,-0.862052208278044,0,0.717045728567755,0,0,0,0,0,0,0,0,0,0,0,0,0,0,0,0,0,0,0,0.217875473662106,0,0,0,0,0,0,0,0,0,0,0,-0.55702703595345,-1.18871067684812,0,0,0,0,-0.263349877407193,0,0.785666134724825,0,0,0,-2.41196132261653,0,0.787454919557532,0,0,1.19101708370225,0,0,0,0,-0.589765818959658,0,0,0,1.08244432932095,0,-0.0463774045942429,0,0,0,0,0,-0.676420107549523,0,0,0.727033809528207,0,0,0,0,0,0,0.940713850943125,0,0,0,0,0.495944784852562,0.112256243574067,0,0,-0.168043390910423,0,-0.813933241938634,0,-0.632468890289368,0,0,0,0,0,1.19317646419479,0,0,0,0,0,0,0,0.114816524620443,0,0,0,0,0,-0.31294361124149,0,0,0,0,0,0,0,0,0.0972619486812432,0,0,0,0,0,0,0,0,0,0.00138396033466037,0,0,0,0,0,0,0,0,0,0,1.23643427817541,0,0,0.84427306143437,0,0.50192421458969,0,0,0,-0.18741521902475,0.280195172685101,-1.86988879860107,1.39178069103638,0,0,0
0,0,0,0,0,0,0,-0.129902400916916,0,0,0,0,0,0,0,0,0,0,0,0,0,0,0,0,0,0,0,0,0,0,0,0,0,0,0,0,0.0355157378556397,0,0,0,0,0,0,0,0,0,0,0,0,0,0,0,0,0,0,0,0,0.380962241294361,0,0,0,0,0,0,0,1.48535591775385,0,0,0,0,0,0,0,0,0,0,0,0,0,0,0.116103664830981,0,0,0,0,0,0,0,0,0,0,0.216819598478262,0,0,0.809881308933631,0,0,0,0,-0.173841233484719,0,0,0,0.269598012671748,0,0,0,0,0,0,0,0,0,0,0,0,0,0,0,0,0,0.0688669515834213,0,0,0,0,0,0,0,0,-0.0190324187268405,0,0,0,-0.240548605133875,0,0,0,0,0,0,0,0,0,0,0,0,0,0,0,0,0,0,0,0,0.0699084416135523,0,0,0,0,0,0,-0.566710954724399,0,0,0,-0.791267810449578,0,0.357803067486235,0,0,0,0,0,0,0,0,0,0,0,0,0,0,0.128179782820372,0,0,0,0,0,0,0,0,0,0,0.34898304455624,0,0,0,0,0
0,0,0,0,0,0,0,0,0,0,0,0,0,0,0,0,0,0,0,0,0,0,0,0,0,0,-0.414471037501487,0,0,0,0,0,0,0,0,0,0,0,0,0,0,0,0,0,0,0,0,0,0,0,0,0,0,0,0,0,0,0.656778643887176,0,0,-0.0245557027032375,0,0,0,0,0,0,0,0,0,0,0,0,0,0,0,0,0,0,0,0,0,0,0,-0.436608497399097,-1.54551944457919,0,-0.34960895949734,0,0.563180307331169,0,0.0470487540492093,0,0,0,0,0,0,0,-0.0180599364877168,0,0.0954555232993326,0,0.146983121539687,0,0,0,0,0,0,0,0,0,0,0,0,0,0,0,0,0,0.00199723850115174,0,0,0,0,0,0.139849867968566,0,0,-0.451551226616987,0,0,0,-0.0275551098825948,0,0,0,0,0,0,0,0,0,0,0,0,-0.313924267295082,0,0,1.17977628635527,0,0,0,0,-1.49604873814073,0,0,0,0,0,0,-0.749289574368332,0,0,0,-0.823318536709986,0,0,0,0,0,0,0,0,-0.185385985708213,0,0,0,0,0,0,0,0.57753197280852,0,0.238968904617891,0,0,0,0,0,0,0,0,0,0,0,0,0,0
-0.410258070476286,0,0,0,0,0,0,0,0,0,0.885380752669105,0,0,0,0,0,0,0,0,-0.533656005235495,0,0,0,0,0,-1.27443482413119,0,0,0,0,2.86578193697061,0,0,0,0,0.745961480465393,0,-3.36439312776143,0,0,0,0,0,0.343405194685745,0,0,0,0,0,0,0,0,0.108549286411094,0,0,0,-0.153605289055895,-0.961840120123428,0,0,0,0,-0.780872141574715,0,0,0.452134863159404,0.181507786033833,-0.108893928750435,0,0,-0.463707648972291,0,0,0,-0.641546939862979,-0.0686313584101372,0,0,0,0,0,0,0,0,0,-0.059047472011025,0,0,0,2.10872425919285,0,0,0,-0.103849605167281,1.21456717299914,0,0,0,-0.309012902754171,0,-0.0519173265260564,-0.562833067046777,0,0,0,0,0,0,0.61683511054779,0.014136939185839,0,0,0.0956161332306351,0,0,-1.65613343018839,0,0,0,0,0,3.98060165860566,0,0,0,0,0,0,0,0,-0.293582054200473,2.29851984490417,0,0,0,0,0,0,0,-0.116632843551936,0,0,0,0,0,0,0,0,0,0,-1.71510531846408,0,0,0,0,0,0,0,0,0.20064270311434,0,0.181843823827746,-0.00259173746434138,0,0,0,0.116726427009545,0,0,0,0,-0.349338136923316,0,0,-0.0407066001291356,-2.54388677288099,0,0,0,-1.7178635685971,0,0,0,-0.195406799222557,0,0,0,0,0.341174934246471,0.191585955763113,0.412334790786211,0,0,0,0,0,0,-0.703211857071585,6.29148830128857,0
0,0,0,0,0,0,-1.57511866944355,-0.975686638512633,-0.210636556001591,0,0,0,0,-0.490091890805219,0.452473668741868,0,0,0,-0.613212020628417,0,0,0,0,0,0,0,-2.19592854950191,0,0,0,0,0,0,0,0,-0.213769631463089,0,0,10.1836690835326,0,-0.781997594922946,0,0,-1.30789696660714,0,0.337806882725537,-1.60645461280521,0,0,0.104447284020196,0,0,0,0,0,0,1.66657259496432,0,0.696551543882269,0.163021001344044,0,0,0,-0.403751711018612,-1.78984898921668,0,0,0,0,0,0,0,0,0,0,0,0,0,-0.387929620110214,0,0.0129199807665372,0,0,0,0,1.45313049687946,1.56974022139478,0,0,0,0,0.0730043401728291,0,0,0.494547024727379,0,0,0,0,0,0,0,1.59189362713555,0,0,0,0,0,-0.0502263279979596,0.985014913695234,0,0,0,0.343356106911284,0,0,0,-0.0881823256994478,-0.0560198417978977,0,0,0,1.44568160972119,0,0.025942187853617,0.127339768187541,0,-0.313094083239458,0,0,0,1.94303625342943,1.0096036480083,0,0,0.716948419847115,0.708787584839239,0,0,0,0.037595357100944,0.649073894731197,0,0,0,0.716460720690101,0,0,0,0,0,0,-0.114045425090053,1.84625011286147,-1.62730936776278,1.16977052930162,0.148001698322324,0,0,0,0,0,0,0,0,0,0,0,0,0,0,0,0,0,0,0.0448440642743146,0,0,0.426339536850866,0,0,0.451140214676661,0,-0.857145534669831,0,0,0.0911714568666451,0,0,0,0.96730123955482,0,0,0,-1.5607303628975,0,0,0,0,-0.211269651280441
0,0,1.28548407208212,0,0,3.16783982357669,0,-0.889604696318324,0,0,3.61034576900288,0.339934346654447,0,-1.32778396416874,0,0.290926847652466,0.870721894971935,3.94825650704763,0,0,-0.450514003640209,-0.619988578589268,0.121292015944759,0,0,0,-0.650840622492683,-0.34018646656359,17.6118956972098,0.123959265694759,0,0,0,0,0,0,1.71492193907137,0,0,0.388180364874679,0,0.0200094229252681,0,0.594877456795189,0,0,3.78431258638706,0,0,0,0,0,-2.88990813653998,0,0,0.864644480850929,0,0,0.23066915756904,0,0,0,-1.0410210848585,0,0,0,0,0,0,0.0343784249837489,0,0,-0.0745706121588536,0,0,0.138999640485094,0,1.89092061598772,3.0610404459158,0,0,0,0,0,0.655856474489971,0,0,0,0,1.26206324384422,0.681310733734149,0,0,1.47164356710268,0.512879779435038,0,0,0,0,0.0303520206857981,0,0,0,0,0,-2.53739622438047,0,0,0,0.8335720702817,0,-0.796891359618867,0,0,0,0,0,-0.310875080157052,2.17956913613574,0,0,0,-0.20343390520606,0,0,0,-3.19757411196155,0,0,-0.754489539208926,0,0,0,0,0,0,0,0,-0.103147974480426,1.9663251307832,0,0,0,0.78951980228487,0.251337666196406,0,0,0,0,0,0,0.389176379282075,-0.40881170949188,0,0,1.98974884801611,0,0,0,0,0,0,-2.30956973736412,0.522755463684314,-0.702645772614058,0,0,-0.59882774065941,-2.36304635214182,0,0,0.205399243571418,0.794395752557336,2.86465806753416,0,0.880039010345588,0,0,0,0,0,0,-0.275218780005082,-3.09326168975375,0,0,1.28581994842801,3.77339017081592,0,1.00487501377581,0,0.0449429759007669,0,-0.207190749657234,0,0,0,-1.46307073418742,0.113748491090452,1.68966090772534
0,0,0,0,0,0.0868227559716324,-0.873710632590311,0,0.0470395198888072,1.00545147855988,1.44800056186103,0,-0.788980954202194,0,0,0,0,0,0.509565208753828,0,0,0,0,0,0,0,-0.35579889742239,0,0,0,0,0,0,0,0,0.550821561310933,0,0,0,-0.203714444128205,0,1.79502939994766,0,0.863789912292535,0,-0.211270151686139,3.18068435340258,0.261111747402744,0,0,0,0,0,-0.316910723850902,0,-0.539218758532536,-0.3270386292104,0,0,0,0,0,-1.08092888792937,0,0,0,0,0,-0.492472785085373,0,0,0,-0.0165912122221616,0.455509203343496,0,0,0,0.402114180573446,0,0,1.34956216928908,-0.807277766512235,-0.877023595217059,-0.0309085139852472,0,0,0,-6.85844768949488,0,0,-0.167301347136483,0,0,0,0,-0.302965411309289,0,0,0,0,0,-1.25117707293557,0,0,0,0,0,0,0,0,0,0.249348341970601,-0.315710924968703,0,0.71931827035849,0,0,0,0,0,0,0,0,0,0,0,0,0,0,0,0,0.244315334798001,0,0,0,-0.428369963179986,0,-0.511556256117956,-0.00218469723183357,0,3.11371196275998,0,0,0,0,0,0,0,0,0,0,0,0,0.0778647966086576,0,0,0,0,0,-0.0397908184983349,0,0,-2.72084139507428,0,0,0,0,-1.70277193444953,0.622558317573881,-0.290081959065411,0,0,-0.0132566322454681,0.100600471562811,0,0,0,0,-0.374385001565912,-1.78302285133476,0,0,0,0,0,0.0829429531989141,0,-0.671009918321933,0,0,0,0,0,0,-1.23850315734327,0,0,0,0,0
0,0.0556997025013661,0,0,0,-0.862553266098285,0,0.398717929776239,0,0.479244346074437,0,0,0,0,0,0,0,0,0,0,0,0,0,0,0,0,0,0.487155786518068,3.62223816953781,-0.314373533225416,0,0,0,0,0,0,0,0.337884722230055,0,-0.652557834972266,-0.398348633712915,0,0,0,3.43603661906409,4.83030355413729,0,0.289028818310878,0.0806128912032531,0,0,0,0,0,0,0,-1.86214025024385,0,0.285782192453077,-0.900611045332085,0,0,1.00258716324607,0.317424628895789,0,0,0.125452241846438,0,-0.230732039776184,0,-1.35895916059356,0,0.820897396588665,0,0,-0.294908612606139,0,-0.707426787248498,-1.545132899789,1.06208973883854,1.87851214470767,0.035446779773741,-1.22022281217012,0.978219181121089,0,0,0.0203923878830945,-3.98741796481693,0,1.1674670905629,0,0,0,0,0,0,0,0,0,0,0.575531358330368,0,0,0,0,0,0,0,0,-1.71607091220074,0,0.838397662946485,0,0,0,0,0,0,0.414196199921086,0.281126653730422,0,-1.77465165661856,0,0,0,0.264898100432013,0,0,0,0.618433150523878,0.380458977563504,1.01648394311781,0,0.00690289766338492,0,0.197208204041355,0,-0.311356140942819,0,0,0,-0.172178213400068,0,1.43974114989273,0,0,0,0,0,0,0.805701378971228,-0.761540854820189,0,0,0,0,0,0,0.259093149221536,-0.135650230241484,0,0.0789488757030261,0,3.27199013415071,0,0,0.144117289085853,0,0,0,0,0,0,0,0,0.524129090585567,0.244869989018709,0,0,-2.602653317534,0,0,0,0,0,0,0.551647104848101,-0.548644354714766,0,-1.34469069946017,0,0.303369059567959,-0.514924180808206,-0.204104798475268,0.48863402577171,0,0,0,0,0
0,0,0,0,0,0,0,0,0,0,0,0,0,0,0,0,0,0,0,0,0,0,0,0,0.252589069465746,0,0,-0.459343613902557,0,0,0,0,0,0.552454451589065,0,0,0.527048740165826,0,0,0,0,0,0,0,0,0,0,0,0,0,0,0.203177304155732,0,0,0,0,0,0,0,0,0,0.10367542089369,0,0,0,0,0,0,0,0,0,0,0,0,0,0,0,0,0,0,0,0,-1.09459537576041,0,0,0.176156777269961,0,0,0,0,0,0,0,0,0,0,0,0,-0.156605792321997,0,0,0,0,0,0,0,0,-0.822495533349404,0,0,0,0,0,0,0,0,0,0,0,0,0.221232188428188,0,0,0,0,0,-0.483525520452348,0,0,0,0,0,-1.1183569607361,0,0,0,0,0,0,0,0,0,0,0,0,0,0,-0.220557480942748,0,0,0,0,0,0,0,0,0,0,0,0,0,0,0,0,0,0,0.262729380266001,0,0,0,0,0,0,0,0,0,0,0,0,0,0,0,0,0,0,0,0,0,0,0.1459165722261,0,0,0,0,3.46028968567502e-05,-0.517652030765209,-0.599667802008628,0,0,0
-0.647151186929346,-0.505216081843367,1.31436644514559,0,-0.693586398304487,0,0,-6.87898484065865,-4.12574403880646,-1.89266816496317,-7.28713592790249,0,0,0,0.297387219114585,0,0.138260063906488,2.16683223047222,0,-0.469294504576281,0,0,0,0,0,0.834929282024159,0,-1.27132078399713,-0.599404899193628,0,0,0,0,0.252182992494554,-0.361810067500121,1.81837106462883,0,0,0,-0.176278584444403,0,0,0,-6.27950108110714,5.13871558722741,0,0,0,0,0,0,0,0,0,0,0,-6.10843794447787,0,0,-1.26884103837939,0,0,4.23326251970624,0,0,0,0,0,0,0,2.14591540766332,0,-0.0376381913160686,0,0,0,0,0.206282108790219,0,0,-0.111795549635766,-0.101884613647676,0,0,2.7803964759108,0,0,-0.902093465258327,-0.119198919813021,0,0,-0.944569989323661,0,0,-0.179837902432469,-2.77788017266105,0,1.34028038461212,0.427932641148888,0,0,0,0,-2.112727401152,0,0,0,0,0,0,0,-1.22369479184737,0,0,0,0,0,-3.25273187666566,0,0,0.540344548331076,0.228963421671318,0.11162510720824,0.0634697269556475,0,0.639617958577197,0,0,-0.347822218279159,0,-3.26724863113804,0,0,-0.00312618561721445,0,0,0,0,0,-0.0498707047583338,0,0,0,0,0.0291842331165901,0,0,0,0,0,0,0,0,0,0,-0.199982490037608,0,0.475809853719497,0.578165358566031,0,0,0,-2.79178964753969,0,0,0,0,0,0,0,-0.255384073486834,0,-1.39195896910304,-4.12481848825964,0,0,0,1.98965515617724,0.108911428959439,-0.419017330811912,0,0,0,-0.774209398860907,-0.601314294904711,0,1.8027964376408,0.746718321333996,0,2.77636549037642,0,0.615806670659262,1.36618939310135,0,0,0,0,0,0,0
0,0,-2.00959234261514,0,0,0,0,0,-2.72401957946174,-2.0782687007418,0,0,0,0.551088579902087,0.703327730294643,0.226279311331244,0,0,0,0,0,0.345555687717031,0.235121600869943,0,0,0,0,0,0,0,-0.136298068214732,0.925740508009349,0,0,-0.214097665168678,0.151736671313442,0,0,0,-0.0347555647495574,0,0,0,2.94443578189069,2.76325773482811,-1.39619217734277,-4.54702062291971,0,0,0,0,0,0,0,0,0,1.98125796807034,0,0,0,0.627737141022073,0,-0.199893312233283,1.56361156041508,0.973889942276386,-2.40895757319542,0,0,0,0,1.35369528717691,0,0,0,0,-0.0472622958535205,0,-0.160953642518378,0,1.04896066687013,0,0,0,0,3.82660448511052,0,0,-9.37892397993493,0,0.460132846773193,0,0,0,0,0,0,0,-0.261059848723291,1.23095897798133,0,3.7067977212911,0,0,0,0,0,0,0,0,0.452543233377579,0,0.581911648660992,0,0.200890674776786,-0.157546415809094,0,0,0,0,-0.73930437097369,1.02947006142942,0,-2.52996153259821,0,0,0,0,0,0,0,-0.836160092420016,0,0,0,0,0.251642586751879,0.629185462469334,0,0,0,0,0,0,0,0,0,0,0,0,0,0,0,0,0,-1.73997351824138,0.853819389736305,0,0,0.10206160602922,0,0,0,-8.49474941511977,0,0,0,1.5608374114776,-3.01010307581641,0,0,0.391006357101559,-1.02610820085087,0,0,0,0,0,-1.16769330552767,0,-0.0473537203068948,0,0,0,-1.68057876328839,0,0,0.334384446512869,0,0.546915775063794,0.489121818651576,-0.642439322063935,0.580785758515676,0,0,0,-0.508676402936464,0,0,0,0
0,0.603720768200488,0,0,0,0,0,-1.50103850412779,0,0,-0.732756319731848,0,0.753658853144799,2.24879714969723,0,0,0.984057823079229,0.00356336723297268,0.252088772436818,-0.82472478108873,1.97436987969389,0,-0.477112122100376,0,0,0,0,0,2.11026640447989,0,-2.68039281212054,0,0,0,0,0,0,0.920192009182596,0,0,0,0,0,-0.393179256592112,0.0137231097736066,0,0.801848665792075,0,0,0,0,1.07813044603006,0,0,0,0,0,0,0,0,0.640764127651108,0,2.55806926855377,0.591114054124991,0,0,0.221435890937866,-0.642623695681423,0,0,0,0.0852695717837493,0,0,0.706969295542685,0,0.342438163376886,0,0,0,0,0,0,0,0,0,0,-5.31338657143976,-0.261388609932111,0,0,0,0,0,0,0,0,-1.26050909288638,-1.05661958473074,0,-1.1720593519481,0,0,0,0.398827241308044,1.29571450750498,0,0,0,0,0,-1.37692152691707,0,0,0,0.228539965154562,0,0,0,0,-0.809898543268867,0,1.60271640485294,0,0,0,0,0,0.378915548502159,0,0,1.11246431475338,0,0,0.0148257926345812,0,0,0,0,0,0,-0.0529120625497805,0,0,-0.210710839429247,0,0,0,0.23324226904079,0,0,0,0,0,0,0.446477770045168,0,-0.621992882830479,-0.0582836996077294,0,-3.34985268580794,0,-5.03842332454774,-0.841394735299038,0,0,0.0853687440686373,0,0,0,0,-0.183507399216188,0,0,0,0,-0.17578892671285,0,-1.54063283428872,0.311036104450284,0,0.0450416813814736,0,0,-0.185944209930449,0.278440172215241,0,0,0,1.74050598544287,0,0,0,0,0,0,0,0,0.997991522286901,0
0,0.688679455363559,2.31831753780561,0,0,0,0,0,-1.84556959597368,0,-3.08241098924693,0,0.499346211300202,0,0,-0.545244794364364,0,0.493152705590319,0,-0.488627798186712,0,0,0.41842711812161,0,0,0,0,-3.38367274554958,-0.548926071194419,0,0,0,0,-1.37427928495838,0,0,1.22143488384864,0.819700877509524,0,-0.144128796315136,-1.28818755615143,-0.00430178621147959,0,0.0970329739560192,0,-3.86992384250266,0,0,-0.0227431994848848,-1.48299430262775,0,1.28227619863208,0,0,0,0,0,0,0,0,-2.32268150505071,0.132352999062127,2.00695421627984,0,1.37552681433502,0,0,0,0,0,0,0,-0.602091914151638,-0.477497114675958,0,0,0,0,0,0,-0.0863214194410693,0.0669739034609356,-3.3586001376993,1.3406070512709,0,0,0,-7.8686148835113,-0.101805328625888,1.6648115429132,0,0,0,0,1.47018715790476,-0.095525215232946,0,0,-0.478295318950816,0.655906675463278,0,-0.785430401590191,0,0,0,0,0,0,0,0,0.413346361476802,-2.87471593195211,0,0.259362708390556,0,0,0,-0.324809044807922,0,0,0,0.249744558912046,0.0929948509138809,0.984731141238112,0,0,0,0,0,0,0,0,0,0,0,0,0,0,0,0,0,0,0.641109287762715,-0.354324816126477,0,0,0,1.21726142789664,0,0,0,0,0,0,0,-2.32694538597647,0,0,0,-0.28480088852122,0,0,0,0,0,0,0,0,0,0.13110926331726,0,0,0,0,1.15622429254815,-0.762897335087764,0,0.266069267185561,0,0,0,0,0,0,0,0.558945747530657,1.32718700573949,0,0,2.27080099150698,0,0.162397814807413,0,0,0,0,0.250516748889125,0,0,0.751011915991702
0,0,1.91959611254674,0,-0.277576530075101,0,0,0,-0.723385939028535,0,0.0690979354194319,0,1.25250771385972,-0.951999474603586,0,0,0,0,0,0,0,0.0342074574987563,0,0,0,0,0,0,0,0,-1.30079691304969,0,0,0,0,0.807916320888044,0,0,0,0,0,0,0,0,0,-0.326830197678909,0,0,0,0,0,0,0,0,0,0,0,0,0,-0.0640755929223689,0,0,0,0,0,0,0,0,0,0,0,0,0,-0.437897011204397,0,0,0,0,0,0,0,0,0,0,0,-0.0328330887199284,0,-4.79162660369554,0,0,0,0,0,0,0,0,0,0,0,-0.301597141127366,0.626582800588052,0,0,0,0,0,0,0,0,0,0,0,0.00281416262032819,0,0,0,0,-0.377754394219428,0,0,0,0,0,0,0,0,0,0,0,0,-0.369066819773589,0,0,0,0,-0.0178355359575455,0,0,0,-0.309430674299109,0,-0.391612966462655,0,0,0,0,0,0,1.62732665458028,0,0,0,0,0,0,0,0,0,0,0,0,0.490465415609201,-0.512571350380738,0,0,0,0,0,0.503369823613961,0,0,0,0,0,0,0,0,0,0,0,0.535193473579879,0.372217528303036,0,0,0.22202933461297,0.136952653170289,0,0,0,0,0,0,0,0,0,0,0.763273334752155,0,0,0.414239841257784
0,0,0,0,0,0,0,0,0,0,0,0,0.112588995373248,0,0,0,0,0,0,0,0,0,0,0,0,0,0,0,0.115574947223482,0,0,0,0,0.825922242037813,0,0,0,0,0,0,0,-0.964605149795378,0,0,0,0,0,0,0,0,0,0,0,0,0,0,-0.145560010530953,-0.410486656560265,0,0,0,0,0,0,0,0,0,0,0,0,0,0,0,0,0,0,0,0,0,0.552745471686307,0,0.353210513934561,0,0.152023491498649,0,0,0,-0.597118389672177,0,0,0,0,0,0,-0.417702638105657,0,0,0,0,0,0,0,0,0,0,0,0,0.23725116592953,0,-0.257569677725578,0,0,0,0,0,0,0,0,0,0,0,0,0,0,0,0,0,0,0,0,0,0,0,0,0,0,0,0,0,0,0,0,0,0,0,0,4.41942021978999,0,0.0186252229149952,0,0,0,0,0,0,3.84453502863689,0,0,0,0,0,0,0,0,0,0,0,0,0,0,0,0,0,0,0,0,0,0,0,0,0,0,0,0,0,0,0,0,0,0,0,0,0,0,0,0,0,-0.490129786272169,4.3331262145364,0
0,0,0,0,0,0,0,0,0,0,0,0,0.58139639644154,0,0,0,0,0,0,0,0,0,0,0,0,0,0,0,0.154485219002438,0,0,0,0,0,0,0,0,0,0,0,0,0,0,0,0,-0.314525191522975,0.982080711499556,0,0,0,0,0,0,0,0,0,0,0,0,0.187454964307598,0,0,1.29659314279465,0,0,0,0,0,0,0,0,0,0,0,0,0,0,0,0,0,0,0,0,0,0,0,0,0,0,0,0,0.181261320961048,0,0,0,0.0270644307904295,0,0,0,0,0,0,0.684853785908943,0.0931270946989491,0,-0.691851692732346,0,0,0,0,0,0.446918232186577,0,0,-0.0241474857022814,0,0,0,0,0,0,0,0,0,0,0,0,0,0,0,0,0,0,0,0,0,0,0,0,0,0,0,0,0,0,0,0,0,0,0,0,0,0,0,0,0,0,0,0,0.0778105600428334,0,0,0,-0.178631839795199,0,0,0,0,0,0,0,0,0,-0.029254431369695,0,0,0,0,0,0,0.16356164176946,0,0,0,0,0,0.129581638334989,0,0,0,0,0,0,0,0,0,0,0,0.834428027832631,0.174130704577047
0,0,0.29474338677614,0,0,0,0,-0.843559075083451,0,0,0.886531491653143,0,1.6363918907573,0,0,0,-0.123568487896478,0,0,0,0,-1.48886030907379,0,0,0,-1.65657458641259,-0.473911891854419,-0.491280178937534,0,0,-0.0637238907217104,0,0,0,0,0,0.210447750707749,0,0,0,0,0,0,0,0,-0.090002491589058,-1.61568505823294,0,0.201365920364257,0,0,0,0,-0.433073135153501,0,0,0,0,0,0,3.6799132731861,0,0,0.419899931942843,0.571939075289851,-0.284904225247234,0,0,0,0,0,0,0,0,-2.3730207861597,1.57080447413517,0,0,0,0,0.57567832556387,-0.311451776734351,0,-0.217272523898846,0,-0.0589910122483057,0,0,-0.361261478620301,0,0,2.15370556731448,0,0.986919334268107,0,-1.82478305286626,0.188545421576569,0,0,0,0,1.20116582012273,0,0,0,0.464765103885364,1.21782138538024,-1.53727797840105,0,-0.506341470763215,0,-1.19037639631497,0,-0.525178702395672,-0.234840747629026,0.211001984783978,0,0,0,0,0,2.40913582774892,1.35761599355817,0,0,0,0,0,0,0,0,0,-1.65846013535297,0,0,0,0,0,0,-0.736107979884171,0.564607734428159,-1.47983385000753,0,0,0,0,0,0,0.132058599706833,0,0.455345238423591,1.25236727957806,0,0.857501335005242,-6.8948765697129,0,0,0,0,0,0,0,0,0,0,0,0,0,0,0,0,0,0,0,0,0,0,0,0,0.619631159134418,0.0324588356145425,0,0.217479643381576,-0.401897380093092,0,-3.36323041390399,0.293455979866387,0.0295314477713822,0,1.48604491147299,0,0,0,0,0,0,0,0,0.130718468715832,0
-0.382966046174974,-0.556344942514949,0,0,0.108244060587377,0,0,0,0,-0.081602233379888,0,0,2.28486071218715,0,0,0,-0.88348850526217,0,0,0,0,-1.13020430511314,0,0,0,-0.961940018793469,-0.149127392409234,-0.398935263029376,0,0,-2.08773792849533,0,0,0,0,0,0,0,0,0,0,0,0.0389553490955585,0,0.0121693740640225,0,0,0,0.236418542080654,0,0,0,0,-0.480711815821391,0.0468569993962464,0,0,0,0,0,4.74756421231456,0,0,0.394990330126876,1.36545523948467,0,0,0,0,0,-0.273816975906023,0,0,0,-2.02019304386236,0.50967448723442,0,0,0,-0.83702808663379,0.435274332070454,0,0.180935116599904,-0.424428100431908,0,-0.234113874414061,0,0.989345486136829,0,0,0,1.67256982366818,0,1.17259327908204,0,-1.81560518666312,0.466225013236493,0,0,0,0,1.20246886661658,0,0,0,0,0.905702873547681,-2.04855838207378,0.228743412871556,-1.98290013674561,0,-0.424087350664891,-0.044055987582627,-0.566225564449134,0,0,0,0,0,0,0,1.64730015311221,1.88725557387328,0,0,0,1.25537672584531,0,0.0243274023434012,0,0.264375622749166,0,-1.12658046345715,0,0,0,0,0,0.0153399450092231,-0.430989581585892,0,-2.36615165009484,0,0,0,0,0,-1.07838430659341,2.14792180147962,0,1.26787471833072,1.11112010912299,0,1.18716797212611,-6.82225157589716,-0.938205549822593,0,0,0,0,0,0,0,0.937130474847411,0,-0.113634524390194,0,0,0,0,0,0,-0.345811709084025,0,0,0,0,0,0,0.421100802208958,0,0,0,0,0,-2.58794122429515,0.344391547989435,1.17136505955196,0,0,0,0,0,0,-0.127100203613873,0,0.810333285910988,0,0,0
0,0,0,0,0,0,0,0,-0.474804044559928,0,0.553456677082119,0,0,-0.0480195494274023,0,0,0,-0.0272399307193878,0,-0.0473781952000192,0,0,0,0,0,0,0,0,-0.37301737105168,0,0,0,0,-0.209163010061895,0,0,0,0,0,0,0,-0.0984340223175333,0,0,0.256184138713007,0.0627828416516563,0,0,0,0,0,0,0.0689979002425858,0,0,0,0.21433917111949,0,0,0,0,0,0,0,0,0,0,-0.239861133597078,0,0.0527400357505756,0,0,0,0,0,0,0,0,0,0,3.05209983461863,0,0,0.0696518211022992,0,0.223815778632653,0,0,0,0,0,0,0,0,0,0,0,0,0,0,0,0,0,0,0,0,0,-0.273741485448836,0,0,0,0,0,-0.805917672780861,0.129444374404619,-0.242880614628025,0,0,0,0,0,0,0,0,0,0,1.17533981211189,0,0,0,0,0,0,0,0,0,0,0,0,0,0,0,0,0,0,0,0,0,0,0,-0.362477793614301,0,0,0,0,0,0,0,0,0,0,0,0,0,0,0,0,0,0,0,0,0,0,0,0,-0.221945227448167,0,0,0,-0.181664692958779,0,0,0,0,0,0,0,0,0,0,0,0,0,0,0,0,0,0,0,0
0,0,0,0,0,0,0,0,0,0,0,0,0,0,0,0,0,0,0,0,0,0,0,0,0,0,0,0,0,0,0,0,0,0,0,0,0,0.221359821722582,0,0,0,0,0,0,0,0,0,0,0,0,0,0,0,-0.556288553668257,0,0,0,0,0,0,0,0,0,0,0,0.579403780767416,0,0,0,0,0,0,0,0,0,0,0,0,-0.922806948546429,0,0,0,0,0,0,0.356393491540765,0,0,0,0,0,0,0,0,0,0,0,0,0,0,0,0,0.328292239758875,0,0,0,0,0,0.0385629393884264,0,0,0,0,0,0,0,0,0,0,0,0,0,0,0,0,0,0,0,0,0,0,0,0,0,0,0,0,0,0,0,0,0,0,0,0,0,0,0,0,0,0,0,0,0,0,0,0,0,0,0,0,0.95906860275666,0,0,0,0,-1.73136321904185,0,0,0,0,0,0,0,0,0,0,0,0,0,0,0,0,0,0,0,0,0,0,0,-0.0823570902934221,0,0,0,0,0,0,0,0,0
0,0,0,0,0,0,0,0,0,0,0,0,0,0,0,0,0,0,0,0,0,0,0,0,0,0,0,0,0,0,0,0,0,0,0,0,0,0,0,0,0,0,0,0,0,0,0,0,0,0,0,0,0,0,0,0,0,0.586192892583205,0,0,0,0,0,0,-0.20031745105051,0,0,0,0,0,0,0,0,0,0,0,0,0,0.068558799571379,0,-0.0462254671302058,0,0,0,0,0,0,0,0,0,0,0.155582330525287,0,0,0,0,0,0,0,0,0,0,0.172083363355234,0,0,0,0,0,0,0,0,0,0,0,0,0,0,0,0,0,0,0,0,0,0,0,0,0,0,0,0,0,0,0,0,0,0,0,0,0,0,0,0,0,0,0,0,0,0,0,0,0,0,0,0,0,0,0,0,0,0,1.86678584553016,0,0.451751217880128,0,0,-0.980894923407712,0,0,0,0,0,0,0,0,-0.053581403128393,0,0,0,0,0,0,0,0,0,0,0,0,0,0,0,0,0,0,0,0,0,0,0,0
0,0,0,0,0,0,0,0,0,0,0,0,0,0,0,0,0,0,0,-0.03680443843544,0,0,0,0,0,0,0,0,0,0,0,0,0,0,0,-0.0604922770314726,0,0,0,0,0,0,0,0,0,0,0,0,0,0,0,0,0,0,0,0,0,0,0,0,0,0,0,0,0,-0.393395901965705,0,0,0,0,0,0,0,0,0,0,0,0,0,0,0,0,0,0.106835270253435,0,0,0,0,0,0.0509764801503889,0,0,0,0,0,0,0,0,0,0,0,0,0,0,0,0,0,0,0,0,0,0,0,0,0,0,0,0,0,0,0,0,0,0,0,0,0,0,0,0,0,0,0,0,0,0,0,0,0,0,0,0,0,0,0,0,0,0,0,0,0,0,0,0,0,0,0,0,0,0,0,0,0,0,0,0,0,-0.368927318033313,1.05489204650433,0,0,0,0,0,0,0,0,-0.15247400396219,0,0,0,0,0,0,0,0,0,0,0,0,0,0,0,0,0,0,0,0,0,0
0,0,0,0,1.93708502425171,0,0,0.402138642126046,0,0,-0.670078714575054,0,0,0,0.706613772252051,0,0,0,0,0,0,0.0741018384872942,0,0,-2.86900887418519,0,-0.00495489956446304,0,0,0,0,0,0,0,0,-1.40953934874986,-0.0188486248951245,1.7653708322283,0,0,0,0,2.49261538956002,0,0,0.0542174232709505,0,0,0,0,0,0,0,0,0.0502037262017567,0.625814455613287,-1.23458410054055,0,-0.1710119036323,0,0,0,0,0,0,0,0,0,-0.123378075411666,0,0,0,0,0,0,0.0733386104612512,0,0,-0.719024515326266,0,0,0,0,-0.85696504814026,0.354231385779012,0,0,0.979648600546059,0,0.848828783163482,0,0,0.176523474375929,0,0,0,0,0,0,0,-0.384615527761296,0,0,0,0,0,0,-1.2522245121113,0,0,0,0,0,0,0.731584898477792,0,0,0,0,0,0,0,0,0,0,0,0,0,0,0,-2.40711769768219,0,0,0,0,0,0,-0.0125528369465076,0,0.801518736767526,1.57723190703708,-0.738559750643387,0,-0.187825324238497,0,0.324949864748537,0,0,0,0,-1.17135674895402,0,0,0,0,-0.573128770552405,0,0,0,0,-0.875952217741014,0,0,0,0,-7.73651357000027e-06,0,0,0,0,0,0,0,0.24789590621182,0,0,0,0,0,-0.318594487842351,0,-0.509127114617162,0,0,0,-0.425695847136147,0,0,0,0,-1.29636432726113,0,-0.606960619423611,-0.52463156790511,0,0,0,0,0,0
0,0,0,0,0,0,0,0,0,0,0,0,0.657985601873525,-0.737611547197127,0,0.0254820933212516,0,0,0,-0.342713297258892,0.331797545203529,0,0,0,1.02470019508961,0,0.44699118750526,0.728328077897007,0,0,0,-0.322285030984983,0,0,0,0.86925468242326,0,0,0,0,-3.94435698075334,0,0.907574635230538,0,0,0,0,0,0,0,0,-2.0555152387931,0,0,0,0,0,0,-2.34949736947676,0,0,5.89818965008686,0,0,0,0,0,0,0,0,0.595241296114733,0,0,0,0,0,0,1.64372381112816,0,0,0,0,0,0,0.394437797437153,0,-0.885878270288944,-0.450704760419617,0.202197083860188,0,0,0,0,-0.250482592173629,0,0,0,0,0,0,-0.49184327912842,0,-0.283166663820094,0,0,0,0,-0.622944605497818,0,0,0,0,0,0,0,0,5.07406335993235,0,0,0.169008493337711,0,0,0,0,0,0,0,0,0,0.348582580061737,0,-0.980111606660426,0,0,-0.961205073555532,0,2.95427697842368,0,0,0.0185690039035986,0,0,0,-0.466818922609413,0,0,0,0,0,0,0,0,0,0,-0.456792635028229,0,0,0,-0.231915811694522,-1.3842484184404,-0.142694435057136,0,0,0,0,0,0,0,0,0,0,0,0,0,0,0,0.554432538686654,0,0,0.484455738890109,0,0,0,0,0,0,0,0,0,0,-0.462714779134588,0,0,0,0,0,0,0,1.73780639183127,0
0,0,0,0,0,0,0,0,-0.58110810735903,0,0,0,0,-1.44695244783155,0,0,0,0,0,0,0,0,0,0,0,0,3.28348056632451,0,0,-0.454708344286243,0,0,0,0,0,0.365781131598544,-1.84108559222525,0,0,0,-1.23222961991345,0,0,0,0,0,0,0,0,0,0,0,0,0,0,0,0.00680935031893415,0.303694087948071,0,0,0,6.51129555440351,0,0,0.149080205255187,0,0,0,0,0,1.05979300068219,0,0,0.742242053368296,0,0,0,2.03796930455283,0,0,0,0,-0.652084097923529,0,0,0,0,-0.998777691492962,0,0,0,0,0,0,0,0,0,0,0,0,0,-0.229032073775866,-0.178852326450211,0,0,-0.855827930747181,0,0,0,0,0,0,0,0,0.559089632621289,0,0.676066699957677,0,0,0,0,0,0,0,0,0,0,0,0,0,0,-0.160735014863173,0,0,-1.68061756425836,0,1.85072954599776,0,0,0,0,0,0,-0.519182647641546,0,0,0,0,-0.237563409308811,0,-0.403071392079728,0,0,0,-2.21477483749784,0,0,0,0,0,0,0,0,0,0,0,0,0,0,0,0,0,0,0,0,0,0.616496090946965,0,0,2.45447777910065,0,0,0,0,0,0,0,0,0,0,0,0,0,0,0,0,0,0,0,0
-0.497014889691916,0,0,0,0,0,0,0.124108545083186,-0.628605480565054,0,0,0,0,-1.43660945262824,0,0,0,0,0,0,0,0,0,0.179407367357101,0,0.233528474855209,2.49062083392485,0,0,-0.328635557339916,0,0,0,0,0,0,-3.35446581419703,0,0,0,-0.478532387269072,0,0,-0.704060322626631,-0.642437525840324,0,0,0,0,0,0,0.321942705313493,0,0,0,0,0,0,0,-0.31525161867375,-0.0563664115087716,3.57024474788733,0.0210812069872484,0,0,0,0,0,0,0,0.556659761458065,0,0,0.0849644201976549,0,0,0,1.74601315419586,0.245194228765721,0,0,0,-0.682854228641679,0,0,0,0,-1.14465945330919,0,0,0,0,0,0,0,-0.168885906565687,0,0,-0.122874677491312,0,-0.704953260230473,-0.952738670887953,-1.07751402935831,0,0,0,0,0,0,0,0,0,0,0,1.90736493155095,0,1.00061351212576,0,0,0,0,0,0,0,0,0,0,0,-0.237561567184307,-0.626718502045347,0,0,0,0,-0.611674811973906,0,2.09309448120757,0,0,0.273177344538873,0,0,0,0,0,0,0,0,0,0,-0.514440107343368,0,0,0,-3.15104123936441,0,0,0,0,0,0,0,0,0.171870502866953,0,0,0,0,-0.66171561059966,0,0,0,0,0,0,0,0.432757820330576,0,0,3.49991980920506,0.115137235423171,0,0,0,0,0,0,0,0,0,0,0,0.191526326845364,0,0,0,0,0,0,0
-0.183186765920299,0,0,0,0,0,0,0,0,0,0,0,0,-0.293842962304407,0,0,0,0,0,0,0,0,0,0.165761842080254,0,0.149112158086705,0.338934102318581,0,0,0,0,0,0,0,0,0,-2.08478580896761,-0.619010239167943,0,0,0,0,0,0,0,0,0,0,0,0,0,0,0,0,0,0,0,0,-0.0637427796063881,0,0,1.42662862154954,0,0,0,0,0,0,0,0,0,0,0.201060072994798,0,0,0,0,0.306844236975855,0.865104610545677,0,0,0,-0.202980237423825,0,0,0,0,-0.201492479551952,0,0,0,0,0,0,0,0,0,0,0,-0.393912248323767,-0.198895174496184,-0.263864151948227,-0.388147128629517,0,0,0,0,0,0,0,0,0,0,0,0.804472629843003,0,0.488428676498578,0,0,0,-0.218358329876811,0,0,0,0,0,0,0,0,0,0,0,0,0,-0.637470105869646,0,0.401824995317195,0,0,0,0,0,0,0,0.0330395309864884,0,0,0,0,0,0,0,0,0,-2.65101466600563,-2.09393208164875,0,0,0,0,0,0,0,0,0,0,0,0,-0.438297706497177,0,0,0,0,-0.0388702154741631,0,0,0.85941708266612,0,0,2.97120498324344,0,0,0,0,0,0,0,-0.0754488968208915,0,0,0,0,0.322745234939973,0,0,0,0,0,0,0
0,0,0,0,0,0,0,0,0,0,0,0,0,0,0,0,0,0,0,0,0,0,0,0,0,0,0,0,0,0,0,0,0,0,0,0,0,0,0,0,0,0,0,0,0,0,0,0,0,0,0,0,0,0,0,0,0,0,0,0,0,0,0,0,0,0,0,0,0,0,0,0,0,0,0,0,0,0,0.876472981358182,0,0,0,0,0.0843529607020272,0,0,0,0,0,0,0,0.226234735556927,0,0,0,0,0,0,0,0,0,0,0,0,0,0,0,0,0,0,0,0,0,0,0,0,0,0,0,0,-0.684546949492165,0,0,0,0,0,0.52110385484912,0,0,0,0,0,0,0,0,0,0,0,0,0,0,0,0,0,0,0,0,0,0,0,0,0,0,0,-0.535229907822558,0,0,0,0,0,-0.176917435117806,0,0,0,0,0,0,0,0,0,0,0,0,0,0,0,0.0149850707998074,0,0,0.370425720567275,0,0,0,0,0,0,0,0,0,0,0,0,0,0,0,0,0,0,0,0
0,0,0,0,-0.507507680860209,0,0,0,0,0,0,0,0,0,0,0,0.0358955542526547,0,0,0,0,0,0,0,0,0,0,0,0,0,0,0,0,0,0,0,0,0,0,0,0,0,0,0,0,0,0.809886705719858,0,0,0,0,0,0,-0.115912544366424,0,0.446194192930112,0,0,0,0,0,0,0,0,0,0,0,0,0,0,0,0,0,0,0,0,0,0,0.0350787001642128,0,0,0,0,0,0,0,0,0,0,0,0,0,0.143447766883879,0,0.34365308336125,0,0,0,0,0,0,0,0,0,0,0,0,0,0,0,0,0,0,0,0,0,0,-0.948871941476878,0,0,0,0,0,0,0,0,0,0,0,0,0,0.0473093526769723,0,0,0,0,0,0,0,0,0,0,0,0,0,0,0,0,0,0,0,0,0,0,0,-0.263076451796645,0,0,0,0,0,0,0,0,0,0,0,0.0621905066094224,0,0.162292599037595,0,0,0.0948054452718214,0,0,0,0,0,0,0,0,0,0,0,0,0,0,0,0,0,0,0,0,0,0,0,0,-0.217779677825092,0,0
0,-0.255804775899302,-0.385769408136411,0,0,0,0,0,0,0,0,0,0.0891031459327762,0,0,0,-0.285087760267486,0,0,0,0,0,0,0,0,0,0.0930543323757569,0,0,0,0,0,0,0,0,0,0,0,0,0,0,0,0,0,0,0,0,-0.0984518028869577,0,0,0,0,0,0,0,0,0,0,-1.35516125708052,0,0,0,0,0,0,0,0,0,0,0,0.886186018000533,0,0,0,0,0,0,0,0,0,0.38222540685686,0,0,0,0,0,0,0,0,0,0,0,0,0,0,0,0,0,0,0,0,0,0,0.229306827616657,0,0,0,0,0,0,0,0,0,0,0.686501792859465,0,11.6196557970854,0,0,0,0,0,0,0,0,0,-0.0733679553269333,0,0,0,0,0,0,0,0.467811354961835,0,-0.175846471703943,0,0,-0.682362427922149,0,0,0,0,0,0,0,0,0,0,0,0,0,0,0,0,0,0,0,0,0,0,0,0,0,0,0.117416369102956,-0.0870858062217303,0,-0.0206423986839297,0,0,0,0,-0.975164646657424,0,0,0,0,0,0,0,0,0,0,0,0,0,0,0,0,0,0,0,0,0,0,0,0,0
0,0,0,0,0,0,0,0,0,0,0,0,0,0,0,0,0,0,0,0,0,0,0,0,0,0,0,-0.341812371456505,0,0,0,0,0,0,0,0,0,0,0,0,0,-0.447547476733605,0,0,0,0,0,-0.983637065472776,0,0,0,0,0,0,0,0,0,0,0,0,0,0,0,0,0,0,0,0,0,0,0,0,0.364467209847652,0,0,0,0,0,0,0,0.991491867832618,0,0,0,0,0,-0.431166960419899,0.0901780741795299,0,0,0,0,0,-0.818748053354672,-0.132175523959222,0,0,0,0,0,0,0,0,0,0,0.409543965300726,0,0,-3.02632382227269,-0.187440252852617,0,0.791928930822378,0,0,0,0,0,0,0,0,0,0,0,0,0,0,0,0,0,0,0,0,0,0,0,0,0,0,0,0,0,0,0,0,0,0,0,0,0,0,0,0,0,0,0,0,0,0,0.000171232738022553,0,0,0,0,0,0,0,0,0,0,-0.768773654759668,0,0,0,0,0,0,0,0,0,-0.229909265366191,0,0,0,0,0.148810183175253,0,0,0,0,0,0,0,-1.44532429816811,0,0,0,0,0,0,0
0,0,0,0,0,0,0,0,0,0,-0.522310597781949,0,0,0,0,0,0,0,0,0,0,0,0,0,0,0,0,0,0,0,0,0,0,0,0,0,0,1.07313790038015,0,0,0,0,0,0,0,0,0,-0.0917477644234592,0,0,0,0,0,0,0,0,0,0,0,0,0,0,0,0,0,0,0,0,0,-0.00940137384546436,0,0,0,0,0,0,0,0,0,0,0,0,0,0,0,0,0,0,0,0,0,0,0,0,0,0,0,0,0,0,0.263808322309195,0,0,0,0,0,0,0,0,0,0,0,0,0,0,0,0,0,0,0.370270392860205,-0.855038177699492,0,0,0,0,0,0,0,0,0.281021981011796,0,0,0,0,0,0,0,0,0,0,0,0,0,0,0,0,0,0,0,0,0,0,0,0,0,0,0,0,0,0,0,0,0,0,0,0,0,0,0,0,0,0,0,0,0,0,0,0,0,0,0,0,0,0,0,0,0,0,0,0,0,0,0,0,0,0,0,0,0,0
0,-0.745743767204725,0,0,0,0.0612158275535135,0,0,0.765221110612341,0,0,0,-0.0125101968130685,0,0,0,0,6.36038196880074,0,0,-2.1774081169906,0,0,0,0,0,-0.338547973748065,0,0,0,2.54235100033432,0,0.730900557053931,1.51476991016558,0,-0.342494029187374,0,0,0,0,0,-1.65745983835528,0.0827071159471477,0,0,0,-0.874397705614824,0,-2.21467314086295,-0.589980178576789,0,0,0,0,0,0,0,0,0,-0.813756913416891,0.450068745704642,1.42572111399073,-0.328433693030386,0,0,0,0.138491146888496,0,0.0837636159734263,0,0,0,0.0756943155211933,-0.806157747155376,-0.517981089609128,0,0,0,0.761288193276789,0,0,1.86358350269943,0,0,0,0,0.190076441384895,0,0,0,0,0,0,0,0,0,0,0,3.81897607252934,0,-8.89219527237707,0,0,0,0,0,0,0,0,-1.48859822562604,0,1.37847843710631,-3.53914924067566,1.39963445325072,7.27365158093447,0.452162861514801,0,0,-0.522495913252994,0,0,2.83840941135968,-3.55676065769682,0,0,-0.69228315403675,0.502837568265155,-0.730494346731612,-2.46983728390329,-0.619941247356548,-2.29470687029562,-0.122020282932459,-4.81383205322887,0,0,0,0,-0.309670152361784,0,0,-0.866622534831507,1.75647032950111,0,0,0,0,0,0,0,0,0,0,0.931334491665212,0,0,0,0,-0.765721901081793,0,0,0,0,0,0,0,0,0,0.523463911228308,0,1.21848739261793,0,0,9.23067383455244,0,0,0,0,0.134746623025114,0.0840605273683834,-2.91954296956225,0.101284771244054,1.37939536598507,0,0,0,5.64845641331966,0,0,0.00425639969745473,0,0.901229622886455,0,0,0,1.99800776840575,0,2.11435558047015,4.01147013342414,0.326289129139248,0
0,-1.41725680466353,-2.09037887464857,0,4.75485139735402,0,0,0,0,0,0,-3.71740980098793,-0.904157952091117,0,0,0,0,0.0116302689453498,-0.380380730624412,0,0,0,0,0,4.24178015840606,0,0,0,0,0,0,0.676273407154726,-0.14135384500662,0,0.424556497860243,0,0,0,0,0,1.4964725516035,0,-1.30772374495318,-0.655038501396958,0,0,0,0,0,-0.789530132813429,0,0,3.18865940709913,-27.7234198717589,0.386911724508647,0,0,0,0,0,0,1.9453922256083,1.05044240759659,0,0.391254096433046,-1.22681888280033,0,0,-1.65868128630518,0.319372058639147,0,0,0,0,0,0,0,-3.53783778119079,0,0,0,0,0,-0.640147567899381,0,0,1.19636766520084,0,0,0,0,-3.37154694036432,0,0,0,0,0.510410374383098,0,1.09754998651086,6.96466640528766,-0.816760102283055,0,0,0,0,0,0,0,0,3.3156113851845,0,0,0,0,0,0,0,0,0,0,0,0,-5.51100654371236,0,0,0,0,0,7.1430209096372,-1.80432458954621,0,0,0,0,0,-1.04036023554955,0,0,0,-1.53157123811146,0,-5.92299316345439,0,0,0,0,0,3.85085484929867,0.312305935830616,0,1.24705761505647,0,0,0,0,0.496747010836772,0,-0.0091416289463071,1.0845325838645,0,-0.0387278657473007,4.45156596321006,-4.38746626295334,0,0,0,0,0,0,7.08975336993575,0,-0.187807873897228,0.56774516593579,0,-1.23717483445313,0,0,0,0,0,0,0,0,0,0,0,0,0,-11.4597013040188,0,0,0,0,0,0,0,0,0,0,0
0,0,0,0,0,0,0,0,0,0,0,0,0,0,0,0,0,0,0,0,0,0,0,0,0,0,0,0.981902850765049,0,0,-0.952606680353551,0,0,0,0,-0.530050631742784,0,0,0,0,0,0,0,0,0,0,0,0,0,0,0,0,0,-4.13975201971365,0,0,0,0,0,0,0,0,0,0,0.165195761146425,0,0,0,0,0,0,0,0,0,0,0,0,0,0.703938824000159,0,0,0,0,0,0.286244123376535,0,0,0,0,0,0,0,0,0,0,0,0,0,0,0.334034379295099,0,-0.141979963016159,0,0,0,0,0,0,0,0,0,0,0,0,0,0,0,0,0,0,0,0,0,0,0,0,0,0,0.0964745337533781,0,0,0,-0.0102918196567001,0,0,0,0.312126816829269,0,0,0,0,0,0,-0.0818663145765439,0,0.348120001105363,0,0,0,0,0.346022038421509,0,0,0,0,0,0,0,0,0,0,0,0,0,0,0,0,0,0.138133200745751,0.673446937324761,0,0,0,0,0,0,0,-0.300203338595567,0,0,0,0,0,0.0899836551920523,0,0,0,0,0,0,-0.441695446204369,0,0,0,-0.829667595576639,0,0,0,0,0
0,0,0,0,0,0,1.08825379586986,-0.289886973484361,0,-2.29088100443933,0,0.471802863762727,0,-0.865815912347161,-0.758609417145693,0,0,-0.525837536282368,0.391295365667123,0,-2.74520122562662,0,0,0,-3.60535263669171,0,0,0.292478946170214,-1.79901347835434,0,0,0,-0.0344953834149111,0,-0.505952993061004,0,0,0,0,0,0,0.0836805545259145,5.21444013709825,0,0,4.55498007747488,-1.92385096715579,0,0,0,0,0,-0.11562869057527,0,0,0,0,0,0,0.315673998721284,0,0,0.0835795093337381,-0.3939625314194,-1.27547095795481,0,0,0,0,0,-1.43219277045736,0,0.72841207497391,0,5.80195994787165,0,0.115055981913111,0,0,0,0,0,0,0,0,0,0,-0.0177913348268408,0,0,-0.007248056319199,0,0,0,0,0,0,0,0,0,0,0,0.645434804259062,-4.78029634712139,-0.578711979301743,0,0,0,0,-1.24069657307269,0,0,0,-1.70431835892939,0.322116584621124,0.783886994308765,0,-1.45341097273468,0,0,-0.235200494478705,0,-0.885691423999209,0,0,0.833805148617157,0,0,0,-0.299712118579303,0,-1.4954324823992,0,0,0,0,0,0,0.406173546646088,0,-1.36941819382819,0,0,0,0,0,0,0,0,0,0,0,0,0,0,0,0.972215058043046,0,0,0.903682241576275,0,-1.68203232907979,0,-3.66183692384642,0,0,0,0.864321410683014,0,0,0,1.81011625629998,0,0,0,0,2.53854706935045,0,0,0,0,-1.04213240352808,0,0,10.5192798404075,0.287058553031424,0,0,0,0,0,0,0.0889521575783556,0,3.27306855248243,0,0,0,0,-0.657374640628474
0,0,-0.556349089089184,0,0,0,0.08323824579147,0,0,-2.01686997188557,-1.97007942284777,0,-0.304534133790913,-0.332663310027112,0,0,0,0,0.709952780710935,-0.460627693842807,-1.85921735072447,0,0,0.212723441478402,-3.24483310869364,0,0,0,-1.22058730857362,0,-0.257302673984731,0,-1.38231367124061,0,-1.25357514186659,0,0,0,0,0,0,0,6.15938045491048,0,0,2.77123321770068,0,0,0,0.301599613115424,0,0,0.525511830608583,0,0,0,0,0.00405046551024202,0,0,0.750507921265553,0,2.06815745223528,-0.911265480556616,-1.39224166553251,0,0,0,0,0,0,0,0.825985700549585,0,7.53261776069527,0,0,1.31692106804306,0,0,0,0,-0.738481525768073,0,0,0,0,0,0,-0.10683243081418,-0.67196771870234,0,0,0,0,0,0.146590260640483,0,0,0.261209537207464,-2.12299896310223,0,0.932631075712866,-7.01016228367993,-0.284080308597598,0.184358729325034,0,0,0,0,0,0,0,-1.51725521192061,0,0.831997881486444,0,-2.74464802688709,-0.0260086279682268,0,0,0,0,0,0,0,0,0,0,0,0,-3.34184409854883,-0.866290028774614,0,0,0,0,0,0,-1.19581011997515,-1.94744270819191,0,-0.0777419227437588,-0.91104801624681,0,0,0,-0.37796893012442,0,0,0.146271211602052,0,0,0,0,0,0,0,0,0.47364519913184,0,-3.12273003961928,0.30791284515349,-2.95751108593588,0,0,0,0,0,0,0,1.42394481844298,0,0,0.0756950339587825,0,3.93787905211243,0,0,0,0,0,0,0,7.43467722472472,0,0,0,0,0,0.282335024609832,0,0.907306804968452,0,2.54706551852211,0.19849863076373,0,0,-0.688812873784177,0
0,0,0,0,-0.347922321078162,0,0,0.441944159478973,-1.18438626760506,0,0,0,0,0,0.220161818622508,0,0,0,0,0,0,0,0,0,0,0,0,0,0,0,1.10590068755764,0,0,0,0,0,0,0,0,0,-0.796093297590751,0,4.13273542601708,0,0,0.3653454647215,0.300621707403315,0,0,0,0,-1.34597929342416,0,0,0,0.00685501716069159,0,0,0,0,0,0,0,0,-0.120648981660911,0,0,0,0,0,0,0,0,0,0.236733796009963,0,0,0,0,0.127649519141804,0,0,0,0,0,0,0,0,0,0,0,0,0,0,-0.0736234692492117,0,0,0,0,0,0,0,0.202123087696646,0,0,0,0,0,0,0.0556015434624191,0,0,0,0,0,1.54471966098487,0,0,0,0,0,0,-0.73558333649333,0,0,0,0,0,-0.0826258575492982,0,0,0,0,0,0.227007050483364,0,0,0,0,0,0,0,0,0,0,0,0,0,0,0,0,0,0,0,0,0,0,0,0,0.000124711903565,0.21578942328811,1.63845080648254,0,-0.46500805665326,0,0,0,0,0,0,0,0,0,0,0,0,0,0,0,0,0,0.0530077878530437,0,0,0.588531891197822,0,0,0,0,0,0.457414384978075,0,0,0,0.304293368870353,0,0,0,0.0505932852951105,0
0,0,0,0,0,0,0,0,0,0,0,0,0,0,0.275218401940775,0,0,-0.0617319739922941,0,0,0,0,0,0,0,0,0,0.624674257793418,0,0,0,0,0,0,0,0,0.586971265060757,0,0,0.260423923545653,0,-0.00987980108868469,0,0,0,0.173057726419727,0,0,0,0,0,-0.20762144095362,0,0,0,0,0,0.721571648004631,0,0.390223705696025,0,-1.59034128679821,0,0,0,0.804405831072867,0,0,0,0,0,-3.48104962182347,0,-0.240309551047545,0,0,0,0,0,0,0,0,0.268161077811145,0.352995913911237,0.715592776555571,0,0,0,0.870447648672704,0.185008630880434,0,-0.0557546288500717,0,0,0,-0.433643822142362,0,0,0,0,-0.0674285745023055,0,0,0,0,0,0,0,0,0,0,0,0,0,0,0,0,0,0,0,0,0,0,0,0,-1.70686908034953,0,0.534646071706353,0,0,0.612494038816037,0,0,0,0,-0.986896863755387,1.6488535474493,0,0,0,0,0.369802843429916,0,0,0,0,0,0,0,0,0,0,0,-0.0496947405195247,0,0,0,0,0,0,0,0,-0.825236956934783,0,0,0,0,0,0,0,0,0,0,0,0.294334860234107,0.116002184820248,0,0,0,0,0,-0.0738302707111191,0,0,0,0,0,0,0,0,0,0,0,0,0,0,-0.31040656433354,0,0,0
0,0,0,0,0,0,0,0,0,0,0,0,0,0,0,0,0,0,0,0,0,0,0,0,0,0,0,0.0518526202950216,0,0,0,0,0,0,0,0,0,-0.138470678068903,0,0,0,-0.0378819424246157,0,0,0,0,0,0,0,0,0,0,0,0,0,0,0,0.271606349897119,0,0.00291764532570582,0,-1.06270766401648,0,0.0532647478233981,0.915510768273774,0,0,0,0,0,0,-3.56225507249587,-0.102284117004972,0,0,0.0382018065181284,0,0,0,-0.282982417064812,0,0,0,0.536039783898829,1.36302605673563,0,0,0,0.739944202434866,0,0,-0.333481421948695,0,0,0,-0.344211605252199,0,0,0,0,0,0,0,0,0,0,0,0,0,0,0,0,0,0,0,0,0,0,0,0,0,0,-0.0770359938793397,0,0,-1.7858366291397,0,0.0769893508302117,0,0,0.854912877402256,0,0,0,0,-1.02435953762681,1.58600389615006,0,0,0,0,0,0,0,0,0,0,0,0,0,0,0,0,0,0,0,0,0,0,0,-0.301711705940277,0,-0.819404311484328,0,0,0,0,0,0,0,0,0,0,0,0,0,0,0,0,0,0,0,0,0,0,0,0,0,0,0,0,0,0,0,0,0,0,-0.40022543019704,0,0
0,0,0.996916262811984,0,0,0,0,0.358696492301236,0,0,0,0,0,0,0,0,0,0,-0.136023303104775,0,0,0,0,0,0,0,0,0,0,0,0,0,0,0,0,0,0,0,0,0,0,0,0,-0.0471909461809004,0,0,0,0,0,0,0,0,0,0,0,0,0,0,0,0,0,0,0,0,0,1.0739760645791,0,0,0,0,0,0,0,0,0,0,0,0,0,0,0,0,0,0,0,0,-2.67694067593892,0,0,0,0,0,0,0,0,0,0,0,0,0,0,0,0,0,0,0,0,0,0,0,0,0,0,0,0,0.37098985651084,0,0,0,0,0,0,0,0,0,0,0.326456870286687,0,0,0,0.911371313952098,0,0,0,0.556605423317113,0,0.190565269523059,0,0,0,0,0,0,0,0,0,0,0,0,0,0,0,0,0,0,0,0,0,0,0,-0.139264077417252,0,0,0,0,0,0,0,0,0,0,0,0,0,0,0,0,0,0,0,0,0,0,0,0,0,0,0,0,0,0,0,0,0,0.447590741250375,0,0,0,0,-0.152019833056956
0,0,-0.0588959351487965,0,0,0,0,0,0,0.178356625059343,0,0,0,-0.240566314042773,0,0,0,0,0,0,0,0,0,0,0,0,-0.00854959989613446,0,0,0,0,0,-0.1421959573132,0,0,0,0,0,0,0,0,0,0,0,0,0,0,0,0.0549121308165057,0,0,0,0,0,0,0,0,0,0,0,0,0,-0.194686367312731,0,0,0,0,0,0,0,0,3.44440622998553,0,0,0,0,0,0,0,0.166103178431186,0,0,0,-0.246333573982331,0,-0.0555045183469332,0,0,0,0,0,0,1.49657996094778,0,0,1.672305360484,0,0,0,-1.0714261609373,0,0,0,0,0,0,0,0,0,-0.0498056813542513,0,0,0,0,0,0,0,-0.803425294244493,0,0,0,0,0,0,0,0.00274715674834169,0,0,0,0,0,0,0,0,-0.444773883770783,0,0,0,0,0,0,0,0,0.481936734247804,0,0,0,0,0,0,0,0,0,0,0,0,0,0,0,0,0,0,0,0,0,0,0.00203792517037238,0,-0.154761518434842,0,0,0,0,0,0,0.198075344200223,0,0,0,0,0,0,0,0,0,0,0,0,0,-0.889818969602775,0,1.35252394998251,0,0,0,0,0,0,0,0
0,0,0,0,1.29904815748953,0,0,0,0,0,0,0,0,0,0,0,0,0,0,0,0,0,0,0,0.0232057311292249,0,0,0,0,0,0,0,0,0,0,0,0,0,0,0,0,0,0,0,0,0,0,0,0,0,0,0,0,0,0,0,0,0,0,0,0,0,0,0,0,-0.412136139858805,0,0,0,0,0,0.217759568123748,0,0,0,0,0,0,0,0,0,0,0,0,0,0,0,0.642213580389012,0,0,0,0,0,0,0,0.308126115258875,0,0,0,-1.00296767472768,0,0,0,0.00591710982850913,0,0,0,0,-0.261592709269262,0,0,0,0,0,0,0,0,0,0,0,0,0,0,0,0,0,0,0,0,-0.670471620537975,0,0,0,0,0,0.346283938434772,0.138567829512614,0,0,0,0,0,0,0,0,0,0,0,0,0,0,-0.00213895465578817,0,0,0,0,0,0,0,0,0,0,0,0,0,0,0,0,0,0,0,0,0,0,0,0,-0.141208348897279,0,0,0,0,0,0,0,0,-0.119467585648346,0,0,0,0,0,0,0,0,0,0,0,0,0,0
0,0,-0.0636272824590565,0,0.45299864939167,0,0,0,0,0,0,0,0,0,0,0,0,0,0,-0.145281801909982,0,0,0,0,0,0,0,0,0,-3.42838909488411,0.167164395042782,0,0,0,0,0,0,0.949757038719202,0,0,0,0,0,0,-0.891978778049926,0,0,0,0,0,0,0,0,0,0,0,0,0,0,0,0,0,0,-0.0414451616502058,0,-0.309586090714005,0,0,0,0,0,0,0,0,0,0,0,0,1.85748708717518,0,0,0,-0.386414100060626,0,0,0,0,0,0,0,0,0,0,0,0,0,0,0,0,0,0,0,0.272150531449559,0,0,0,0,0,0,0,0,0,0,0.776668223130506,0,0,0,0,0,0,0,0,0,0,0,0,0,0,0,0,0,0,0,0,0,0,0,0,0,0,0,0,0,0,0,0,0,0,0,0,0.0652462103217801,0,0,0,0,-0.219551760736713,0,0,0,0,-0.120519516576825,-1.73498314323788,0,0,0,0,0,0,0,0,0,0,0,0,0,0.130813446957007,0.109192184952393,0,0,0,0,0,0,0,0,0,0,0,0,0,0,0,0,0,0,-0.102908507817006,0,0,0,0
0,0,0,0,0.135410326989502,0,0,0,0,0,0,-0.107880579898299,0,0,0,0,0,0,0,0,0,0,0,0,0,0,0,0,0,0,0,0,-0.118306114016228,0,0,0,0,0,0,0,0,0,0,0,0,0,0,0,0,0,0,0,0,-0.0437766146038596,0,0,0,-0.158531793452866,0,0,0,0,0,0,0,0,0,0,0,0,0,0,0,0,0,0,0,0,0,0,0,0,0,0,-0.649646074832481,0.814579290221668,0,0,0,0,0,0,0,0,0,0,0,0,0,0,0,0,0,0,0,0,0,0,0,0.0143836241856801,0,0,0,0,0,0.0635819067375791,0,0,0,-0.254094335545358,0,0,0,0,0,0,0,0,0,0,0,0,0,0,0,0,0,0,0,0,-1.01575215959901,0,0,0,0,0,0,0,0,0,0,0,0,0,0,0,0,-0.130456054931547,0,0,-0.190547632184009,9.48214967933643,0,0,0,0,0.352340714266091,0,-0.229375750631315,0,0,0,0,0,0,0,0,-0.167816460750505,0,-0.194759772460494,0,0,0,0,0.0105453952638699,0,0,0,0,0.00179712762887552,-0.689201218793062,0,0,0,0,0,0,0,0,0
0,0,0,0,0,0,0,0,0,0,0,0,0,0,0,0,0,0.103811299165955,0,0,0,0,0,0,0,0,1.07839086712335,0,0,0,0,0.0739863156202736,-0.207240834030804,0,0,0,0,0,0,0,0,0,0,0,0,0,0,0,0,0,0,0,0,0,0,0,0,0,0,0,0,0,0,0,0.344525624819182,0,0,0,0,0,0,0,0,0,0,0,0,0,0,0,0,0,0,0,0,0,0,0,0,0,0,0,0,0,0,0,0,0,0,0,0,0,0,0,0,0,0,0,0,0.066307506909685,0,0,0,0,0,0,0,0,0,0,0,0,0,0,0,0,0.0405265489926188,0,0,0,0,0,0,0,0,0,0,0,0,0,0,0,0,0,0,0,0,0,0,0,0,0,0,0,0,0,0,0,-0.143977719427478,0,0,8.80583510058093,0,0,0,0,0.665329511074708,0,0,0,0,0,0,0,0,0,0,0,0,0,0,0,0,1.30784124399542,0.217990476255187,0,0,0,0,0,0,0,-0.113302270046199,0,0,0,0,0,0,0
0,0,0.312518883315969,0,0,-0.0339881336143977,0,0,0,0,0,0,0,0,0,0,0,0,0,0,0,0,0,0,0,0,0,0,0,0,0,0,0,0,0,0,0,0,0,0,0,0,0,0,0,0,0,0,0,0,0,0,0,0,0,0,0,0,0,0,0,0,0,0,0,0,0,0,0,0,0,0,0,0,0,0,0,0.106307346105347,0,0,0,0,0,0,0,0,0,0,0,0,0,0,0,0,0,0,0,0,0,0,0,0,0,0.141755469539634,0,0,0,0,0,0,0,0,0,0,0,0.491747322140585,0,0,0,0.787067429675318,0,0,0,0,0,0,0,0,0,0,0,0,0,0,0,0,0,0,0,0,0,0,0,0,0,0,0,0,0,0,0,0,0,0,0,0,0,0,0,0,0,1.18885413225604,0,0,0,0,0,0,0.556930972825883,0,0,0,0,0,0,0,0,0,0,0,0,0,0,0,0,0,0,0,0,0,0,0,0,0,0,0,0,0,0,0
0,0,0,0,-2.4506237534785,0,0,-0.822412510179217,0.314728770272649,1.56299548186434,-0.132608983469218,0,0.0756747071783384,0.731548915735554,0,0,0.775502467704064,0,-1.30823605980352,0.449118999906891,0,0,0,0,-0.104667941756223,0,0,0,0,-2.82457648489753,0,0.151466049504371,0,0,0,0,0,0,0,0,0,0.0261915872982263,0,0,0,0,0,0,0,0,0,0,0,-0.727423287768158,0,0,0,0,0,-0.129685835227028,0,0,0,-0.531753518584463,0,0,0,0,0,0,0,0,0,0,0,0,0,0,-0.118447137671255,0,0,-0.470886653624677,0,0,-0.102903939617674,0,-0.667382237735351,-1.08854120306509,0,0,0,0,-0.0181346469138679,0,0,0.239100693604303,0,0,0.00230867036916926,0,0,0,0,-0.122230747839936,0,-0.372171977442716,-11.8583451435095,0,0.430127627716397,0,0,-0.740464515042921,0,-0.624765818922579,0,0,0,0,-0.209835149878223,-0.541422627843734,-0.625123673543725,0,0,0,0,0,0,0,0,-0.0367958886338953,0,0,0,0,0,0,-0.0610244559202051,0,0,-0.0186487097213237,0,-0.743143881025102,0,0,0,0,0,0,0,0,0,0,-0.132421447805746,0,0,0,0,0,0,0,0,0,0,-0.327650630130544,0,0,0,0,0,0,0,0,0.27937341661486,0,0,0,0,0,0,0,0,0,0,0,-0.558620568245613,-0.0144572909692986,0,0,0,0,0,0,0,0,0,0,0.10271801339937,-0.192111372915958,0,0
0.296748118319149,0,0,0,0,0,0,-0.167393720602999,0.0355722155024105,0,0,0,0,0.335389318841284,0,0,1.47647345718552,0,0,0,0.207441527977254,0,0,0,0,0,0,-0.714891936352073,0,-4.47791931381144,0,0,0,0,0,-0.172569322834297,0.289210985598032,0,0,0,0,0,0,0,0,0,0,0,0,0,0,0,0,0,0,0,0,0,0,0,0,0,0.500130754473993,0,0,0,0,0,0,0,0,0,0,0,0,0,0,0,0,0,0,0,0,0,0,0,0,0,0,0,0,0,0,0,0,0,0,0,0,0,0,0,0,0,0,-0.23652243952418,0,0,0.441128210880054,0,0,0,0,0,0.070074969269343,0,0.353575752346153,0,0,0,0,0,0,0,0,0,0,-0.0912224037146188,0,0,0,0.516282348718518,0,0,0,0,-0.553399676667246,0,-0.408610855912714,0,0,-1.7056622679673,0,0,0,0,0,0,0.0221664432695201,-0.72374657322354,0,0,0,0,0.0618297022731122,0,0,0,0,0,0,-0.536343016497744,0,-1.22788756873294,0,0,0,0,0,-0.13887730106142,0,0,0,0,0,0,0,0,0,0,0,-1.61096094503294,0,0.310725525889544,0,0,0,0,0,0,0.439923761653633,0,0,0,0,0,0,0,0,0
0,0,0,0,0,0,0,0,0,0,0,0,0,0,0,0,0,0,0,0,0,0,0,0,0,0,0,0,0,0,0,0,0,0,0,0,0,0,0,0,0,0,0,0,0,0,0,0,0,0,0,0,0,0,0,0,0,0,0,-0.188052980241666,0,0,0,0,0,0,0,0,0,0,0,0.932249580983358,0,0,0,0,0,0,0,0,0,0,0,0,0,0,0,0,0,0,0,0,0,0,0,0,0,0,0,-0.0333323571155268,0,0,0,0,0,0,0,0,0,0,0,0,0,0,0,0.771470032993574,0,0,0,0,0,0,0,0,0,0,0,0,0,0,0,0,-0.232429909540027,0,0,0,0,0.570259325032869,0,0,0,0,0,0,0,0,0,0,0,0,0,0,0.0573886831393129,0,0,0,0,0,0,0,-1.43507570257581,0,0,0,0,0,0,0,0,0,0,0,0,0.302477241405215,0,0,0,0.657373335264474,0,0,0,0,0,0,0.0235032531653372,0,0,0,0,0,0,0,0,0,0,0.374937199612573,0,0,0,0
0,0,0,0,0.00313067437334635,0,0,0,0,0,0,0,0,0,0,0,0,0,0,0,0,0,0,0,0,0,0,0,0,0,0,0,0,0,0,-0.541314097233005,0,0.339173314170822,0,0,0,0,0,0,0,0,0,0,0,0,0,0,0,0,0,-0.590693227827341,0,0,0,0,0,0,0,0,0,0,0,0,0,0,0,0,0,0,0,0,0,0,0,-0.385087089172264,0,0,0,0,0,0,0,0,0,0,0,0,0,0,0,0,0,0,0,0,0,-0.258433004201877,0,0,0,0,0,0,0,0,0,-0.647890948590148,0,0.143663923406302,0,0,0,0,0,0,0,0,0,0,0,0,0,0,0,0,0,0,0,0,0,0,0.207815984805481,0,0,0,0,0,0,0,0,0.314074086020074,0,0,0,0,0,0,0,0,0,0,0,0,0,0,0,0.12724904006889,0,0,0,0,0,0,0,0,0,0,0,0,0,0,0,0,0,0,0,0,0,0,0,0,0.211207483504876,-0.274149668927296,0,0,-0.0676098011284734,0,0,0,0,0,0,0,0,0
0,0,0,0,0,0,-0.200421893640841,0,-0.074525917260015,0,0,0,0,0,0,0,0,0,0,0,0,0,0,0,0,0,0,2.00308659662134,0,0,0,0,0,0,0,0.566459379318364,0.790627737275782,0,0,0,0,-0.0673955590336657,0,0,0,0,-0.802840665855315,0,0,0,0,0,0,-0.275983454824097,0,0,0,0,0,0,0,0,0.786673125994679,0,-0.885210914079138,0,0,0,0,0,0,0,0,0,0,0,0,1.70825670928834,0,0,0,0,0,0,0,0,0,0,0,0,0,0,0,0,0,0,-0.200267889384327,-0.260287748680068,0.490226542843331,0,0,-0.798352224632215,0,0,0,0,0,0,0,0,0,0,0.392024840720697,0,0,0,0,0,0,0,0,-0.908212124895869,0,0,0,0,0,0,0,1.11613235925139,0,0,0,0,0,0,-0.182269858828171,0,0,0,-0.0125377359921528,0,0,0,0,0,0,0,0,-0.133184696710204,0,0,0,-0.193750426798242,0.678608995477093,0,0,0,-0.511604041462321,0,0,0,0,0,0,0,0,0,0,-6.27252732860612,0,0,0,0.636303133463966,0,0,0,0,0,0.330413696751945,0,0,0,0,0,0,0,0,0,0,0,0,0.317736064973496,0,0,0,0,-0.131061200582901,0,0.560706225775459
0,0,0.122698398130229,0,0,0,0,0,0,-0.409573168280413,0,0,0,0,0,0,0,0,0,0,0,0,0,0,0,0,0,0.1298054646314,0,0,0,0,0,-0.231218802535784,0,0.0477335699724657,0,-0.351577911002162,0,0,0,0,0,0,0,0,0,0,0,0,0,0,0,0,0,0,0.194037119904431,0,0,0,0,0,-0.0731040373052263,-0.305606732162377,-0.772408694466265,-0.0994039344408988,0,0,0,0,0,0,0,0,0,0,0,0,0.194572921070375,0,0,0,0,-0.448580316063595,0,0,0,0,0,0,0,0.733782191091473,0,0,0,0,-0.679667855266922,0,0,0,0.0095102230314843,-1.14616458368008,0,0,0,0,0,0,0,0,0,0,0,0,0,0,0,0,0,0,0,0,-0.0703207351722424,0,0,0,0,0,0,0.613955479136075,0,0,0.00452108983736776,0,0,0,0,0,0,0,0,0,0,0,0,0,0,0,0,0,0,0,0,0,0,0,0,0,-0.194078957261364,0,0,0,0,0,0,0,0,0,0,-6.00300771942126,0,-0.116906822435159,0,2.14539155307226,0,0,0,0,0,0,0,0,0,0,0,0.223415217825313,0,-0.321251686460446,0,0,0,0,0,0.711319538532939,0,0,0,0,0,0.359666951536203
0,0,0,0,0,-0.247823776069237,0,0,-0.444615072277902,-1.15239665073959,0,0,0,0,0,0,0,0,0,0,0,0,0,-0.304509958201248,0,0,0,0,0,0,-1.20928550642365,0,0,-0.17534590924396,0,0,0,0,0,0,0,0,0,0,0,-0.0511530466521051,0,0,0,0,0,0,0,0,0,0,0,0,0,0,0,0,0,0,-0.0445566301117204,0,0,0,0,0,-0.101156064860316,0,0,0,0,0,0,0,0,0,0,0,0,0,0,0,0,0,0,0,0,0.806612224035407,0,0,0,0,-0.339004788767236,0,0,0,0,-0.535072212528361,0,0,0,0,0,0,0.0802841520673465,0,0,0,0,0,0,0.380054919202542,0,0,0,0.40231861987676,0,0,0,0,0,0,-0.0139025391406367,0.269691082981668,0,0.742074461192109,0,0,0.1556770239742,0,0,0.220206780550008,0,0,0,0,0,0,0,0,0,0,0,0,0,0,0,0,0,0,0,0,0,0,-0.131798083286487,0,0,0,0,0,0,0,0,0,0,-6.91054096250596,0,0,0,0,0,0,0,0,0,0,0,0,0,0,0,0,0,0,0,0,0,0,0,0.454473982574252,0,0,0,0,0,0
0,0,0,0,0,0,0,0,0,0,0,0,0,0,0,0,0,0,0,0,0,0,0,0,0,0,0,0,0,0,0,0,0,0.135091273051262,0,0,0,0,0,0,0,0,0,0,0,0,0,0,0,0,0,0,0,0,0,0,0,0,0,0,0,0,0,-2.49324485489043,-0.132073230131582,0,0,0,0,0,0,0,0,0,0,0,0,0,0.845102366466862,0,0,0,0,0,0,0.163537653425622,0,0,0,-0.182463457111888,0,0,0,0,0.684542340351957,0,0,0,0,0,0,-0.0994608150740115,0,0,0,0,0,0,0,0,0,0,0,0,0,0,0,0,0,0,0.0979550484805449,0,0,0,0,0,0,0,0,0,-0.328414541545226,0,-0.230770047387455,0,0,0,0.336158967442857,0,0,0,-0.533561152788456,0,0,0,0,0,0,0,0,0,0,0,0,0,0,0,0,0,0,0,0,0,0,-0.0425050075722579,0,0,0,0,0,-1.81104878646227,0,0,0,0,0,0,0,0,0,0.387887236799129,0,0,0,0,0,0,0,0,0,0,0,0,-0.284867737118861,0,0,0,0,0,0,0
0,0,0,0,0,0,0,-0.792730405590159,0,0,0,0,0,0,0,0,-0.543407489644439,0,0,0,0,0,0,0,0.589488032466764,0,-0.407496865222585,0,0,0,0.201072702352607,0,0,0,0,0,0,0,0,0,0,0,0,0,0,0,0,0,0,0,0,0,0,0,0,0,0,1.83595867184933,0,0,0,0,0,0.372803452151846,0,0.327444070456677,0,0,0,0,0,0,0,0,1.24455202473902,0.422543973145403,3.02722266466753,0,0,0,0,0,0,0,0,0,0,0,0,-0.15570315901233,0,0,0,0.182760994868913,0,0,0,0,0,0,0,-1.16750258133058,1.96734160061344,0,0,0,0,0,-0.206947875660494,0,0,0,0.208127359223401,0,0,0,0,0.0802645547064107,0,1.07989076735833,0,0,0,0,0,0,0,0,0,0,0,-0.326243030624059,0.0834271094060215,0,0,0,-0.704998294062815,0,0,-0.655782427801455,-0.570350637953182,0,0,0,0,0.368734122946618,0,0,0,0,0,0,0,0,0,0,0,0,0,0,-0.345783243492527,0,0,0,0,0,0.190526343180992,0,0,0,0,0,0,0,0,0,0,0,0,0,0,0,0.051704482805504,0.303116020176446,-0.095318044477531,-0.987510150791501,0,0,0,0,-2.49435292935303,0,0,0,0,0,0,-0.925860126075549,0,0
0,0,0,0,0,0,0,0,0,-0.0758556055274973,0,0,0,-0.314246245406371,0,0,0,0,0,0,0,0,0,0,0,0,0,0,0,0,0,0,0,0,0,0,0,0,0,0,0,0,0,0,0,0,0,0,0,0,0,0,0,0,0,0,0,0,0,0,0.132553679040415,-0.0238005058882491,0,0,0,0,0,0,0,0,0,0,0,0,0,-0.067884146348639,0,0,0,0,0.39298684240118,0,0,0,0,0,0,0,0,0,0,0.291970728366214,0,0.0194210446752903,0,0,0,0,0,0,0,0,0,0,0,0,0,0,-1.67495911502201,0,0,0,0,0,0,0,0,0,0,0,0,0.479478047309936,0,0,0,0,0,-0.21824535525134,0,0.0260952516831918,0,0,0,0,0,0,0,0,0,0,0,0,0,0,0,0,0,0,0,0,0,0,0,0,0,0,0,0,0,0,0,0,0,0,0,0,0,0,0,0,0,0,0,0,-0.103117536400451,0.0981634130805167,0,0.673802066863771,0,0,0,0,0,0,0,0,0,0,0,0,0,0,-2.43765141794041,0,0,0,0,0,0,0
0,0,0,0,0,0,0,0,0,0,0,0,0,0,0,0,0,0,0,0,0,0,0,0,0,0,-0.00115455277172827,-0.243655810347523,0,0,0,0,0,0,0,0,0,0,0,0,0,-0.0782148682334349,0,0,0.214696549522746,0,0,0,0,0,0,0,0,0,0,0,0,0,0,0,0,0,0,-0.00510712717590445,0,0,0,0,0,0,-0.836989720860564,0,0,0,0,-0.671023488226035,0,0,0,0,-0.178246092169104,0,0,0,0,0,0,0,0,0,0,2.38011081897924,0,0,-0.0833369668905375,-1.94711142267937,0,0,0,0,0,0,0,0.0473677525066092,0,1.26315928967661,0,0,-0.212283880803594,0,0,0,0,0,0,0,0,0,0,0,0,-0.310228361148198,0,0,0,0,0,0.0534503468097363,0,1.00182250648337,0.253525194142531,0,0,0,1.0026776774794,0,0,0,0,0,0,0,0,0,0,0,0,0,0,0,0,0,-0.0973833951729,0,0,0,0,0,0,0,0,0.120020732860637,0,0,0,0,0,0,-0.125656937806154,0,0,0,0,0,0,-0.327810706581451,0,0,0,0,0,0,0,0.54410510367868,0,0,0,0,0,0,0,0,-1.3262761595274,0,0,0,0,-0.480606435153853,0.372822969941965,0
0,0,0,0,0.0765419402593319,0,8.18625283875996e-05,0,0,0,0,0,0,0,0,0,0,-0.175751210717888,0,0,0,0,0,0,0,0,0,0,0,0,0,0,0,0,0,0,0,0,0,0,0,0,0,0,0,0,0,0,0,0,0,0,0,0,0,0,0,0,0,0,0,0,0,0,0,0.0877779672530052,0,0,0,0,0,0,0,0,0,-0.217908885649169,0,0,0.485343925207171,0,-0.062974595404987,0,0,0,0,0,0,0,0,0,0,0.896982318903548,0,0,0,-0.320537454579336,0,0,0,0,0,0,0,0,0,0,0,0,0,0,0,0,0,0,0,0,0,0,0,0,0,0,0,0,0,0,0,0,0,0,0,0,0,0,0,0,0,0,0,0,0,0,0,0,0,0,0,-0.165359891863476,0,0,0,0,0,0,0,0,0,0,0,0,0,0,0,0,0,0,0,0,0,0,0,0,0,0,0,0,0,0,0,0,0,0,0,0.0190726911341104,0,0,0,0,0,0,0,0,0,0,0,0,0,-0.888652367627296,0,0
0,0.274923861268142,0,0,1.15087144714402,0,0,-0.370777535207862,0,-1.48587335700893,0,0.141569954020198,1.39191870197317,0,0.40525374373659,0,0,0.0409191022677196,0,0,0,0,0,0.311920498531588,0.120848665055384,0,0,0,0,0,0,0,1.26774228715166,0.10208687097623,0,0,0,1.56643212381225,0,-0.71277835407728,0,0,0,0,0,0,0,0,0,-0.71576278469621,0,0.0812242417217304,-0.241835972593463,0.810721416813907,0,0,1.29791950277873,-0.0929553527682963,0,0,-0.00845923601544074,0.407016314865461,0,2.39306561149432,-1.53787817002168,0,0,0,8.07740792493437,0,1.1742206063404,0.155666359224854,1.46601413964431,0,-3.43879844672168,0,0,0.00494035984859442,0,-1.884531051082,0,0,0,0,0,0,0,0,0,0,1.10853111162407,0.17338108237043,0,0,-0.387839379087448,-0.307453982410797,-0.178754611977403,0,0,0.194287282037406,0,2.14346294579543,0,0,0,0,0,0,-0.503630960613302,0,0,0,0,-0.889804931403346,0.0544683336934328,2.79319120008867,0,0,-1.07824299552113,0.261092239160599,0,0,0.211094523520636,0,0,0,0,0,0.895524188980554,0,0,0,-0.53596064294464,0,0,0,0,0,0,-0.220359877169035,0,0,0,0,0,0,0,0,0,0,0,0,0,-2.0559760146549,-1.69767039324957,0,-0.529540910186851,0,0,0.529410894607021,0.623723273659393,0.755418094603713,-0.694606428123389,0.562079586272931,0,0,0,-0.0150384716942462,0,0,0,0,0,0,-1.99981983735851,0,0.0777922291663904,0,0,0,0,-0.826929761393574,0,-0.496028517831412,0.654961109482346,0,0,0.976740526942601,0.0768873395041461,0,0,0,-0.164698666163048,0,0,-0.00225762699936238,0,0,0,0
0,0,0,0,0,0,0,0,0,0,0,0,0,0,0,0,0,0,0,0,-0.362796821439456,0,0,0,0,0,0,0,0,0,0,0,0,0,0,0,0,0,0,0,0.102493397585407,0,0,0,0,0,0,0,0,0,0,0,0,0,0,0,0,0,0,0,0,-0.194167434900958,-0.0275863433242973,0,0.193873456075366,-0.19355118847462,0,0,0,0,0,0,0,0,0,0,0,0,0,-0.184629744679138,0,0,0,0,0,0,0,0,0,0,0,0,0,0,0,0,0,0,0,0,0,0,0,0.198063443004842,0,-0.369300779784664,0,0,0,0,0,0,0,0,0,0,0,0,0,0,0,0,0,0,0,0,0,0,0,0,0,0,0,0,0,0,0,0,0,-0.177872771276768,-0.0180447044016374,0,0,0,0,0,0,0,0,0,0,0,0,0,0,0,0,0,0,0,0,0,0,0,0,0,0,0,0,0,0,0,0,0,0,-0.651336475662051,0,0,0,0,0,0,0,0,0,0,0,0,0,0,0,0,0,0,0,0,0,0,0,0
0,0,0,0,0,0.609303936543976,0,0,0,0,-0.24976195742427,0,0,0,0,0,0,0,0,0,-0.968223139425498,0,1.82902226370778,0,0,0.144932675266017,-2.25607758806775,0,0,0,-0.431059585102949,0,-0.536940456788063,-1.05871001228296,1.67368256455463,0,-1.39874277905483,0,0,0,2.67098146901828,0,0,0,0,0,0,-0.326984579625155,0,0,0,-3.00662361712632,0,0.924682860621882,0,0,0,0,0,0,0,-0.592893484074717,0,0,1.2777793925438,0,0,-0.00551652389559276,0,-0.979550340279324,0.445262255521457,0,0,0,1.4897674639691,0,0,0,0,0,0,0.207480178036804,0,0,0,2.67921341725793,0.427708261899201,1.85794522837364,-0.889153777473059,0.552583646845572,0,0,0,0,0,1.17817747464081,0,-1.23848189713092,0,0,0,1.01724250944858,2.41571246966448,0,0.383899209330551,-0.491918658113794,0,0,-0.0516893860391938,0,0,0,0,0,0,1.10936641117548,0,0,0,0,1.68311517978081,0,-0.00176742549486408,0,0,0.523125894916925,0,0,1.29671413215098,0.160310241802735,0,0,0,0,0,0,0,0,0,0,-0.42073437094852,-0.216077477153526,0,-1.00564850683692,0,-0.349779135930546,0.376148121329647,0.838920905796933,1.72432663355091,0,0,0,0,1.24272993090161,-1.63184327710673,-0.955832090035714,0,0,0,0,-1.17835240096643,0,-0.0723419828844316,0,0,0,0.794184663012077,0,0,0.474645475734347,0,-0.186945648757024,0,0,0,0,0,0,-0.108250258054427,-2.41575988911364,0,0,0,-2.6757596847,0,0,0,0,0,0,1.02644414560967,0,0,0,0,0,-1.16560096913672,1.15476457954764,0,0
0,0,0,0,0,0,0,0,0,0,0,0,0,0.824223914491776,0,0,0,0,0,-0.085990879791523,0,0,0,0,0,0,-1.15320159508997,0,0,0,0,0,-0.366755094997877,0,0,-0.217094000507301,0,-1.17727910617619,0,0,0.895332060421882,0,0,0,-0.49843781033283,0,0,0,0,0,0,-0.377219911024657,0,0,0,0,0,0.4023937148287,0,0,0,0,0,0,0,0,0,0,0,0,0,0,0,0,0,0,0,0,0.655095117938846,0,-0.512530662924533,0,0,0,0,0,0,0,0,0,0,0,0,0,0,0,0,-0.471044255080144,0,0,0,0.608894214074368,1.19409388186589,0,0,0,0,0,0,0,0,0,0,0,0,0,0,-2.54363939292987,0,0,0,0,0,0,0,0,0,0,0,0.212998714285799,0,0.275003042125038,0,0,0,0,0,0,0,0,-0.119350812805181,0,0,0,0,0,0,0,0,0,0,0,0,0,0,0,0,0,0,0,0,0,0,0,0,0,0.132963437672805,0,-0.901528197685986,0,0,0,0,0,0,0,0,0,0,-1.02308871846187,0,0,0,-2.27255971844612,0,0,0,-0.00130376620249884,0,0,0.717052686119154,0,0,0,0,0,0,0,0,0
0,-0.222819690346038,0,0,0,0,0,0,0,0,0,0,0,0,0,0,0,0,0,0,0,0,0,0,0,0,0,0,0,0,0,0,0,0,0,0,0,0,0,0,0,0,0,0,0,0,0,0,0,0,0,0,0,0,0,0,0,0,-0.0638837799618572,0,0,0,0,-0.683332240108447,0,0,0,0,0,0,0,0,0,0,0,0,0,0,0.66539486165516,0,0,0,0,0.188460372654712,0,0,0,0,0,0,0,0,0.35289832503244,0,0,0,0,0,0,0,0,0,0.455718998465357,0,0,0,0,0,0,0,0,0,0,0,0,0,0,-2.77900431025855,0,0,0,0,0,0,0,0,0.125033156111957,0,0,0,0.192573271880376,0,0,0,0,0,0,0,0,0,0,0,0,0,0,0,0,0,0,0,0.0414590638670549,0,0.0194086233037258,0,0,0,0,0,0,0,0,-0.206215379664103,0,0,0,0,0,0,0,0,0,0,0,0,0,0,0,0,0,-0.677808574438294,0,0,0,-0.91348297536091,0,0,0,0,0,0,0,0,0,0,0,0,0,0.185173344921069,0,0
0,0,0,0,0,0,0,0,-0.27230922762217,0,0,0,0,0.281245854248769,0,0,0.817959199617209,0.210409962847795,0,0,0,0,0,0,-0.388285101860576,0.813246835905271,0,0,-0.490602373140324,0,0,0,0,0,0,0,0,0,0,0,0.0998069708831346,0,0,0,-0.376564426148588,0,0,0,0,0,0,0,0,0,0,0,0,0,0,0,0,0,-0.00526912292371073,0,0.476665029497045,-0.0629622290836593,0,0,0,0,0,0,0,0,-0.666229150661953,0,0,0,0,0,0,0,0,0.926537119575777,0,0,0,0,-0.0276560986296905,0,0,0,0.0607685839711192,0,0,0,0,0,0,0,0,0,0.23392830124577,0,0,0,0,0,0,0,0,-0.530371482308231,0,0,0,0,0,-1.53559976822759,0,0,0,0,0,0,0,0,0,0,0,0,0,0,0,0,0,0.24303276988409,0,0,0,-1.0401622928049,-0.0102396804055631,0.480361386670397,0,0,0,0,0,0.0741352277687342,0,0,0.337999749715582,0,0,0,0,0,0,0,0,0,0,0,-0.0779086417931407,0,0,0,0,0,-0.810008605872691,0,0,0,0,0,0,0,0,0,0,0,0,-0.557440740223256,0,0,0,0,0,1.23188769597928,0,0,0,0,0,0,0,0,0,0,0,0
0,0,0,0,0,0,0,0,0,0,0,0,0,0,0,0,0.336549133320405,0.00852560255487234,0,0,0,0,0,0,0,0,1.20237142519785,0,0,0,0,0,0,0,0,0,0,0,0,0,0,0,0,0,0,0,0.266024579304803,0,0,0,0,0,0,0,0,0,0,0,0,0,0,0,0,-0.222734685258438,0,0,0,0,0,0,0,0,0,0,-0.24049380824547,0,0,0,-0.550183595336543,0,0,0,0,0,0,0,0,0,0,0,0,0,0,0,0,0,0,-0.0872927122604998,0,0,-0.441209751788856,0,0,0,0,0,0,0,0,0,0,-0.522882821091302,0,0,0,0,0,-0.207237908030292,0,0,0,0,0,0,0,0,0,0,0,0,0,0,0,0,0,0.253845042132841,0,0,0,0,0,0.329714518983129,0,0,0,0,0,0.582230598891074,0,0,0,0,0,0,-0.500999740980645,0,0,0,0,0,0,0,0,0,0,0,0,0,0,0,0,0,0,0,0,0,0,0,0,0,0,0,0,0,0,0.582860007945585,0,0,0,0,0.0613273525224447,0,-0.166664781272977,0,0,0,0,0,0,0
0,0,0,0,0,0,0,0,0,0,0,0,0,0,0,0,0,0,0,0,0,0,0,0,0,0,1.99159814445769,0,0,0,0,0,0,0,0,0,-0.181213245855049,0.365950528299892,0,0,0,0,0,0,0,0,0,0,0,0,0,0,0,0,0,-0.520624249681181,0,0,0,0,0,0,0,-0.865191187085805,0,0,0,0,0,0,0,0,0,0,0,0,0,0,0,0,0,0,0,0,0.411815823258774,0,0,0,0,0,0,0,0.516725717353727,0,0,0,0,-0.196780246218411,0,0,-0.93419059768181,0,0,0,0,0,0,0,0,0,0,0,0,0,0,0.469462318309678,0,0,0,-0.175580681922962,0,0,0,0,0,0,0,0,0,0,0,0.0213551017737972,0,0,0.281934556274413,0.484560170638172,0,0,0,0,0,0,0,0,0,0,0,0,0,0,0,0,0,0,0,0,0,0,0,0,0.224174624579722,0,0,0,0,0,0,0,-0.709060443104708,0,0,0,0,0,0,0,0,0,0,0,0,0,0,0,0,0.533526426592569,0,0,0,0,0,0,-0.0508078714198483,0,0,0,0,0,0,0
0,0,0,0,0,0,0,0,0,0,0,0,0,0,0,0,0,0,0,0,0,0,0,0,0,0,2.28241469724095,0,0,0,0,0,0,0,0,0,0,0,0,0,0,0,0,0,0,0,0,0,0,0,0,0,0,0,0,-1.03853642439554,0,0,0,0,0,0,0,-1.2311391997495,0,0,0,0,0,0,0,0,0,0,0,0,0,0,0,0,0,0,0,0,0.233846081682585,0,0,0,0,0,0,0,0.131310382917124,0,0,0,0,-0.281186539394956,0,0,-0.791163683873093,0,0,0,0,0,0,0,0,0,0,-0.846332066450212,0,0,0,0.162482657871084,0,0,0,0,0,0,0,0,0,0,0,0,0,0,0,0,0,0,0,0.692453385209257,-0.140160788415852,0,0,0,0,0,0,0,0,0,0,0,0,0,0,0,0,0,0,0,0,0,0,0,0,0,0,0,0,0,0,0,-1.41020799145244,0,0,0,0,0,0,0,0,0,0,0,0,0,0,0,0,0.48386767562659,0,0,0,0,0,0,-0.156741315655437,0,0,0,0,0,0,0
0,0,0,0,0,0,0,0,0,0,0,0,0,0,0,0,0,0,0,0,0,0,0,0,0,0,1.83679982606754,-0.297306907345619,-0.43422684311911,0,0,0,0,0,0,0,-0.285116240627885,0.668518708485164,0,0,0.108659231518976,0,0,0,-0.377284178644877,0,0,0,0,0,0,0,0,0,0,-1.64254720739274,0,0,0,0,0,0,0,-1.24005195250849,0,0,0,0,0,0,0,0,0,0,0,0,0,0,0,0,0,0,0,0,0,0,0,0,0,0.241252399515212,0,0,1.06718959429581,0,-0.389435629803603,0,0,0,0,0,0,0.183965823122315,0,0,0,0,0,0,0,0,0,-0.228177882419803,0,0,0,0,0,0,0,0,0,0,-0.248728680273116,0,0,0,0,0,0,0,0,0.211969990623573,0,0,0,0,0,0,0,0,0,0,0,0,0,0,0,0,0,0,0,0,0,0,0,0,0,0,0,0,0,-0.139886611457785,0,0,0,0,0,0,-1.13395172205848,0,0,0,0,0,0,-1.0889518023785,0,0,0,0,0,0,0,0,0,0.914091549790621,0,0,0,0,0,0,0,0,-0.0980433249334125,0,0,0,0,0
0,0,0,0,0,0,0,0,0,0,-0.098134727776338,0,0,0,0,0,0,0.713385227254019,0,0,0,0,0,0,0,0,1.49661627266322,0,0,0,0,0,0,0,0,0,0,1.05668264600438,0,0,0,0,0,0,0,0.490135612241545,0,0,0,0,0,0,0,0,0,-1.08064891167081,0,0,0,0,0,0,0,-0.673260723772538,0,0,0,0,0,0,0,0,0,0,0,0,0,0,0,0,0,0,0,0,0,0,0,0,0,0.0928596784688474,0,0,0.437516163719881,0,-0.627860874004273,0,0,0,0,0,0,0.787282150285579,0.137740061181147,0,0,0,0,0,0,0,0,-1.51144301802312,0,0,0,0,0,0,0,0,0,0,0,0,0,0,-0.169295184048891,0,0,0,0.0797895884206139,0,0,0,0,0,0,0,0,-0.125834939582333,0,0,0,0,0,0,0,-0.524430635709969,0,0,0,0,0,0,0,0,0,0,0,0,0,0,0,0,0,0,0,0,0,0,0,0,0,0,0,0,-0.421730152159244,0,0,0,0,0,0,-0.13763439182506,0,0.426860946183819,0,0,0,0,0.558524107092662,0,0,0,0,0,0,0,0,0
0,0,0,0,0,0,0,-0.463244930309004,0.11278912086957,0.808155443394823,0,0,0,0,-7.19228181684886,0,0,1.13402417940631,0,0,0,0,0,0,0,0,0,-1.72172213757133,0,1.42300340109886,0,0.687127298953138,0,0,0,0,0,0,0,0,-0.0117308161598455,-0.617144548706009,0,0.586697457716202,0.357346695785379,0,0,0,0,0,0,0,0,-0.543267230189063,0.372832571910734,0,0,-0.482560003376471,0,0,0,0,0,0.875592336894542,0,0,0,0,0,0,0,7.48711002453316,0,0.691097403963048,0,0,0,0,0.0256594511988868,0,0,0.247310431164632,0,0,-0.108139185040267,0,0,0,0,0,0,0.475176859208802,0.665991355562964,0,1.47110083720844,-0.423706988774374,0,0,-1.51574173407669,0,0,0,0,0,0,0,0.513362484044718,0,-0.141416525319928,0,0,0,0,0,1.36678453213475,0,0,-0.453310568094494,0,0,0,0,1.47877159564688,0,0,0.212417360013672,0,0,-0.266221800028918,0,0,2.86169068052828,0,0,0,1.01394489396103,0,0,0,-1.57331881721597,-1.68245080516454,-0.346214964669731,0,-1.45974791827867,0,0,0,0,-1.434577257139,0,0,0,-2.28066282140169,0,0,0,0,0,0,-0.206214290256429,0,0,0,0,0,0,0,0,-2.48894292554875,0,0,0,0,0,-0.427066724542161,0,-1.94859576107753,0.835697583987628,0,0,0,1.72697255619676,0.461173872293754,0,0,0,0,0,0,-0.00875331185800299,0.216636806520919,0,0,0,-0.28053758424108,0,0.594674352929151,0,0,0
0,0,0,0,0,0,0.554247458081882,0,0,0,0,0,0,0,0,0,0,0,0,0,0,0,0,0,0,0,0,0,0,0,0,0,0,0,0,0,0,0.106509154768144,0,0,0,0,0,0,0,0,0,0,0,0,0,0.0780926801274673,0,0,0,0.302132087682648,0,0,0,0,0,0,0,0,0,0,0,0,0,0,0,0,0,0,0,0,0,0,0,0,0,0,-0.304897620612127,0,0,0,0,0,0,0,0,0,0,0,0,0,0,0,0,0,0,0,0,0,0,0,0,0,0,0,0,0,0,0,0,0,0,0,0,0,0,0,-0.20095496980808,0,0,0,0,0,0,0,-0.0366817605249665,0,0,0,0,0,0.456359575615877,0,0,0,0,0,0,0,0,0,0,0,0,0,-0.0746370241110712,0,0,0,0,0,0,0,0,0,0,0,0,0,0,0,0,0,0,0.474274234894904,0,0,0,0,0,0,0,0,0,0,0,0,0,0,0.748458803747975,0,0,0,0,0,0,0,0,0,0,0,-0.0490070392008271,0,0,0
0,0,0,0,0.477783932705945,0,0,0,-0.534084334432817,0,0,0,0,0,0,0,0,0,0,0,0,0,0,0,-0.869937173068631,0,0.236150239425533,0,0,0,0.306922789578875,0,0,0,0,-0.571031990431444,0,0,0,-0.124509967377482,0,0,0,0,0,0.0507289577435326,0,0,0,0,0,-0.0755238182215296,0,0,0,0,0,0,0,0,0,0,0,0,0,0,-0.262107070974814,0,0,0,0,0,0,0,0.221996059118144,-0.133984506500178,0,0.0783384550447328,0,0,0,0,1.35565916786709,0,0,0,-0.797201512485185,0,0,0,0,0,0,0,0,0,0,0,0,0,0,0,-0.364623720042244,0,0,0,0,0.289596288130132,0,0,0,0,-0.00965955630622295,0,0,0.880819568752924,0,0,0,0,0,0.0700213414854003,0,0,0,0,0,0,0,0,0,0.442600487819675,0,0,0,0,0,0,0,0,0,0,0,0,0,0,0,-0.183283076828631,0,1.98772083974524,0,0,0,0,0,0,0,0,0,0,0,0,0,0,0,0,0,0,0,0,0,0,0,0,0.659988072775273,0.691452154259711,0,0.0211397864715515,0,0,0.599624371224081,0,0,0,0.669326915149541,0,0.134697433522363,-0.575387872789895,0,0,0,0,0,0,0.742288670307249,0,0,0,0,0
0,0,0,0,0,0,0,0,0,0,0,0,0,0,0,0,0,0,0,0,0,0,0,0,-0.0255635588895822,0,0,0,0,0,0,0,0,0,0,0,0,0,0,0,0,0,0,0,0,0,0,0,0,0,0,0,0,0,0,0,0,0,0,0,0,0,0,0,0,0,0,0,0,0,0,0,0,0,0,0,0,0,0,0,0,0,0,0,0,0,-1.14504847660514,0,0,0,0,0,0,0,0,0,0,0,0,0,0,0,0,0,0,0,0,0,-0.0369134975047152,0,0,0,0,0,0,0,0,0,0,0,0,0,0,0,0,0,0,0,0,0,0,0,0,0,0,0,0,0,0,0,-0.0672537544123073,0,0,0,0,0,0,-0.354903857321137,0,0,0,0,0,0,0,0,0,0,0,0,0,0,0,0,0,0,0,0,0,0,0,0,0,0,0,0.0877475747579688,0,0,0,0,0,0,0,0,0,0,0,0,0,0,0,0,0,0,0,0,0,0,0,0
0,0,0,0,0,0,0,0,0,0,0,0,0,0,0,0,0,0,0,0,0,0,0,0,0,0,0,0,0,0,0,0,0,0,0,0,0,0,0,0,0,0,0,0,0,0,0,0,0,0,0,0,0,0,0,0,0,0,0,0,0,0,0,0,0,0,0,0,0,0,0,0,0,0,0.0280074361732943,-0.397282737661922,0,0,0,0,-0.0651221000841746,0,0,0,-0.226370457472018,0,-0.288760429055726,0,0,0,0,0,0,0,0,0,0,0,0,0,0,0,0,-0.00609748969221502,0,0,0,0,0,0,0,0,0,0,0,0,0,0,0,0,0,0,0,0,0,0,0,0,0,0,0,0,0,0,0.343689700157919,0,0,0,0,0,0,0,0,0,0,0,0,0,0,0,0,0,0,0,0,0,0,0,0,0,0,0,0,0,0,0,0,0,0,0.0269973227097537,0,0,0,0,0,0,0,0,0,0,0,0,0,0,0,0,0,-0.10204933874099,0,0,0,0,0,0,0,0,0,0,0,0
0,0,0,0,0,0,0,-0.720893959068603,0,0,0.287349775867166,0,0,0,0,0,0,0,0,0,0,0,0,0,0,0,0,0,0,0,0,0,0,0,0,0,0,-0.740145232345065,0,0,0,0,0,0,0,0,0.566015278946524,0,0,0,0,0,0,0,0,0,0,0,0,0,0,0,0,0,0,0,0,0,0,0,0,0,0,0,0,0,0,0,0,0.411795634086931,-0.389880038644095,-0.506921762550044,0,0,0,0,0,0,0,0.175877100215983,0,0,0,0,0,0,0,0,0,0,0,0,0,0,0,0,0,0,0,0,0,-0.160353223467494,0,0,0,0,0,0,0,0,0,0,0,0,0,0,0,0,0,0,0,0,0,0,0,0,0,8.52055877259977,0,0,0,0,0,0.0372278675920557,0,0,0,0,0,0,0,0,0,0,-0.28513817072292,0,0,0,0,0,0,0,0,0,0,0,0,-0.0317377876012672,0.588780707377193,0,0,0,0,0,0,0,0,0,0,0,0,0,0,0.487294905786214,0,0,0,-0.361146971715111,0,0,0,0,0,0,0,0,0,0,0,0
0,0,0,0,0,-0.0283044679781506,0.255669033165569,-0.166340299503375,0,0,0,0,0,0,0,0,0,0,0,0,0,0,0,0,0,0,0,0,0,0,0,0,0,0.153922228971205,0,0,0,0,0,0,0,0,0,0,0,0,0,0,0,0,0,0,0,0,0,0,0,0,0,-0.0755027953083713,0,0,0.137000758713516,0,0,0,0,0,0,0,0,0,0,0,0,0,0,0,0,0,0,0,0,0,0,0,0,0,0,0,0,0,0,0,0,0,0,0,0,0,0,0,0,0,0,0,0,0,0,0,0,0.182528218761254,0,0,0,0,0,0,0,0,0,0,0,0,0,0,0,0,0,0,0,0,0.0234375853615825,0,0,0,0,0,0,0,0,0,0,0.148451705481951,0,0,0,0,0,0,0,0,0,0,0,0,0,0,0,0,0,0,0,0,0,0,0,0,0,0,0,0,0,0,0,0.135890346169483,0,0.438730560643138,0,0,0,0.156284917467338,0,0,0,0,0,0,0,-0.0391204478645788,0,0,0,0,0,0,0,0,0,0
0,0,0,0,0,0,0,0,0,0,0,-0.260010396346305,0,0,0,0,0,0,0,0,0,0,0,0,0,0,0,-0.817377639688671,0,0,0,0,0,0,0,0,0,0,0,0,0,0,0,0,0,-0.343028551580152,0,0,0,0,0,0,0,-0.706590196199794,0,0,0,0,0,0,0,0,0,0,0,0,0,0,0,0,0,0,0,0,0,0,0,0,1.24685402903123,0,0.157381036310151,0,0,0,0,0,0,0,0,0,0,0,0,0,0,0,0,0,0,0,0,0,0,0,0,0,0,0,0,0,0,0,0,0,0,0,0,0,0,0,0,0,-0.0676110670217636,0,0,0,1.922330301047,0,0,0,0,0,0,0,-0.205894050181876,0,0,0,0,0,-0.182819485966529,0,0.162216499525153,0,0,0,0,0,0,0,0,0,0,0,0,0,0,0,0,0,-3.43826105050015,5.59261635333373,0,0,0,0,0,0,0,0,0,0,0,0,0,0,0,0,0,0,0,0,0,0,0,0,0,0,0,0,0,0,0,0,-0.0623301323414809,0,0,0,0,0
0,0,0,0,0,0,0,0,0.031981239932285,0,0,0,0,0,0,0,0.391242151009555,0,0,0,0,0,0,0,0,0,0,0,0,0,0,0,0,0,0,0,0,0,0,0,0,0,0,0,0,-0.024523181680369,0,0,0,0,0,0,0,0,0,0,0,0,0,0,0,0,0,0,0,0,0,0,0,0,0,0,0,0,0,0,0,0,0,0.383675807266134,0,0,0,0,0,0.498314911777343,0,0,0,0,0,0.541501726018507,0,0,0,0,0,0,0,-0.39136569069177,0,-0.0742807562768695,0,0,0,0,0,0,0,0,0,0,0,0.506119174077452,0,0,0,0,0,0,0,0,0,0,0,0,0,0,0,0,-0.187066747388411,0,0,0,0,0,0.105157297841772,0,0,0,0,0.793466027105197,0,0,0,0,0,0,0.0609347226232375,0.132077979948745,0,0,-0.40857471064064,0,0,0,0,0,0,0,-2.59736002741115,-0.40891288449067,0,0,0,0,0,0,0,0,0,0,0,0,0,0,0,0.583026861712574,0,0,0,0,0,0,0,0,0,-0.963434259074802,0,0,0,0,0,0,0,0,0,0,0,0
0,0.223752415097,0,0,-2.35706863689359,0,0,0.670301810155149,0.294537076738571,0,0,0,0.163647699443239,0,0,0,-0.379764800896583,0,-0.0258704067454159,0,-0.885029243667725,0,0.272758283755681,0,0,0,0.275996236654463,0,0.616969097163876,0,0,0,0,0,0,0,0,0,0,0,-0.806675623643572,-0.332541585212804,0,0.125297572514977,0,0,0,0,0,0,0,-0.900483890670459,0,-0.197076758208654,0,0,0,0,0,0.00720735271116379,0,0,0,-0.20861468719095,0,0,0,0,0,0,0,0,0,0.0319740336958951,0,0,0,0,0,-0.383218188306035,-0.275030544322073,-0.321657418241007,0,0.356298496018661,0,0,0,-0.952076404680945,0,3.25487048563317,0,0,0.585004215445272,0,0.707997332466292,-1.02446938911307,0,-0.315454702254753,0,0,0,0,0,0,0,-0.0293264481695523,0,0,0.349525044394397,0,0,0.175959830681034,0.196055504659565,0,0,-0.0198582922624069,0,0,0,0,0,0,0,0,0,0,0,0,0,0,0,0,0,0,0,0,0,0,0,0,0,0,0,0,-0.0847558261385228,0,0,0,0,0,0,0,0,0,0,0.20201507769245,0,0,0,0,0,0,0,0,0,0,0.667178199439959,1.27765910394031,0,0,0,0,0,0,0,-0.434147761943648,0,0,0,0,0,-1.3991921057813,0,0,0.732664683401347,0,0,0,0,0,0,0,0,0.684839321869765,1.27854503542979,-1.60587941401933,0,0,0,-0.750152430245385
0,0,0,0,-2.80750875940069,0,0,0.794454631093106,0,0,-0.576212883428234,0,0,0,0,0,-0.402615211118118,0,0,0,0,0,0,0,0,0,0.275695614851917,0,0,0,0,0,0,0,0,0,0.261686589319078,0,0,0,-0.164410874843003,0,0,0,0,0,0,0,0,0,0,0,0,-0.0978648986590624,0,0,0,0,0,0,0,0,0,-0.352300242767225,0,0,0,0,0,0,0,0,0,0,0,0,0,0,0,0,0,0,0,0,0,-0.282699305337099,0,0,0,1.04341822844357,0,0.528140379194759,0,0,0,0,0,0,0,0,0,0,0,0,0,-1.16847208109161,0,-0.194980766912663,0,0,0,0,0,0,-0.0879145998897035,0,0,0,0,0,0,0,0,0,0,0,0,0,0,0,0,0,0,0,0,0,0,0,0,0,0,0,0,0,0,0,0,0,0,0,0.0360405742581498,0,-0.682987743101193,0,0,0,0,0,0,0.0842902566993551,0,0,0,0,0,0,0.100836131071388,0,-0.0988142984243967,0,0,0,0,0,0,0,0,0,0,0,0,0,0,0,0,-0.448561194217904,0,0,0,0,0,0,0,0,0,0,0,0,0,0
0,0,0,0,-1.32231065230208,0,0,0,0,0,0,0,0.0904314812497102,0,0,0,-0.0614230731674466,0,0,0,0,0,0,0,0,0,1.51521647820473,0,0,0,0,0,0,0,0,0,0,0,0,0,0,0,0,0,-0.178617059818122,0,0,0,0,0,0,0,0,0,0,0,0,0,0,0,0,0,0,0,0,0,0,0,0,0,0,0,0,0,0,0,0,0,0,0,0,0,0,0,0,0,0,0,0,0,0,0,0,0,0,-0.0670809810735049,0,0,0,0,0,0,0,0,0,0,0,0,0,0,0,0,0,0,0,0,0,0,0,0,0,0,0,0,0,0,0,0,0,0,0,0,0,0,0,0,0,0,0,0,0,0,0,0,0,0,0,0,0,0,0,0,0,0,0,0,0,0,0,0,0,0,0.0626034055438545,0,0,0,0,0,0,0,0,0,0,0,0,0,0,0,0,0,0,0,0,0,0,-0.0579753663135834,0,0,0,0,0,0,0,0,0.0276781867437375,0,0,0,0,0
0,0,0,0,0.429151191539333,0,0,0,0,-0.0106185989899903,0,0,0,0,0,0,0,0,0,0,0,0,0,0,0,0,0,-0.507520388359977,0,0,0,0,0,0,0,0,0,1.18022897266409,0,0,0,0,0,0,0,-0.877519663768248,0,0,0,0,0,0,0,0,0,0,0,0,0,0,0,0,0,0,0,0,0,0,0,0,0,0,0,0,0,0.175667486166589,0,0,0,0,0,0,-0.339301486104254,0,0,0,0,0,0,0,0,0,0,0,0,0,0,0,0,0,0,0,0,0,0,-0.0856606574521881,0,0,0,0,0,0,0,0,0,0,0,0,0,1.36843007158072,0,0,0,0,0,0,0,0,0,0,-0.281495457268552,0,0,0,0,-0.239734737237471,0,0,0,0,0,0,0,-0.0287350183108996,0,1.78962974802574,0,0,0,0,0,0,0,0,0,0,0,0,0,0,0,0,0,0,0,0,0,0,0,0,0,0,0,0.642172792475911,0,0,0,0,0,0,0,0.0449182547520732,0,0,-0.161551842643613,0,0,-0.236212680322456,0,0,0,0,0,0,0,0,0,-1.05410097274115,0,0
0,-0.0637584815291417,0,0,0,0,0,0,0,0,0,0,0,0,0,0,0,0,0,0,0,0,0,0,0,0,0,0,0,0,0,0,0,0,0,0,0,0,0,0,0,0,0,0,0,0,0,0,0,0,0,0,0,0,0,0,0,0,0,0,0,0,0,0,0,0,0,0,0,0,0,0,0,0,0,0,0,0,0,0,0,0,0,0,0,0,0,0,0,0,0,0,0,0,0,0,0,0,0,0,0,0,0,0,0,0,0,0,0,0,0,0,0,0,0,0,0,0,0,0,0,0,0,0,0,0,0,0,0,0.0511201960596555,0,0,0,0,0,0,0,0,0,0,0,0,0,0,0,0,0,0,0,0,0,0,0,0,0,0,0,0,0,0,-0.584464544669375,0,0,0,0,0,0,0,0,0,0,0,0,0,0,0,0,0,0,0,0,0,0,0,0,0,0,0,0,0,0,0,0,0,0,0,0,-0.607563157777893,0,0
0,0,0,0,0,0,0,0,0,0,0.134937923843319,0,0,0,0,0,0,0.0967198145561707,0,0,0,0,0,0,0.0247493545174078,0,0,0,-0.0397729646196272,0.251788025155143,0,0,0,0,0,-1.40009203074878,0,0,0,0,0,0,0,-0.174208022602263,0,0,0,0,0,0,0,0.143368403329883,0,0,0,0,0,0,0,0,0,0,0,0,0,-3.51869969483492,0,0,0,0,0,0,0,0,0,0,0,0,0,0,0,0,0,0,1.62220577609099,0,0.681160455762051,0,0,0,0,-0.464110102826684,0,0,0,0,0,0,0,0,0,0,0,0,0,0,0,0,0,0,0,0,0,0,0,0,0,0,0,0,-2.16764188719736,-0.376467411613611,0,0,0,0,0,0,0,0.00920710457095875,0,0,0,0,0,0,0,0,0,0,0,0,0,0,0,0.143666874713144,0,0,0,0,0,-0.0959461846353362,0,0,0,-0.0307845558456101,0,0,0,0,-0.214122223045786,-0.128566509171194,-0.549773310142327,0,0,0,0,0,0,0,0,0,0,0,0,0,0,0,0,1.41279320751997,0,0,0,1.11121933910777,-0.401007807965984,0,0.052238472974004,0,0,0,0,0,0,0,0,0,0,-1.08923609726312,0,0
0,0,0,0,0,-1.18183631450691,-0.892386469901633,0,0,0,0,0,0.472329447171404,0,-6.49903628921056,0,0.204875748915615,0,0,0,0.123415700652258,0,0,0,0.0486548765324042,0,0,0,0,0,0,-0.0319357164020815,0,0,0,0,0,0,0,0,0,1.64616411826511,0,0,0,0,0,-0.28365360488129,0,-0.474969432574393,0,0.28131909775939,0.933066670869671,1.30374776414924,0.597003369817241,0.319617162486669,0,0,0,0.44100384215249,0.34150425360601,0,-0.668950378057242,-0.473802612433108,0,0,0,0,0,-0.345699598388723,2.75555118840783,0,0,-0.13183742210605,0,0,0,0.877357981948154,-0.0317470424222215,-0.65423944840074,0,0.235215019264928,0,0,0,1.10483196546305,0,0,0,0,1.13002745886627,0,0,0,0,0,0,0.0957997979672831,0,0,0,1.33183534233004,0,-1.07953401257756,0,0,0,0.266934680996824,-0.432012625142701,0,0,0,0,0,0,-0.00368929459457723,0,0,0,-0.102045343207256,-0.390634399748817,0.187640802741649,0,0,0,0,0,0,0.677979582647968,0,0,0,0,0,0,0,0,0.160007626939439,0,0.595848260956637,0,0,0,-0.940183006439997,0,0,0,0,-2.43769590704664,0.50633842368798,0,0,0,0.164551935993124,0,0,0,0,0,0,-1.33267054084222,0,0,0,0,-0.165325941020704,0,1.04621412685534,0,0,0,-0.387174065653357,0,0,0,0,-0.349333987128322,-0.0625848970320695,0,0,0,0,0,0,0,0,0,0,0,0,-1.28386409192079,0,0,0,0,0,-0.632785760224993,0,0,0
0,0,0,0,0,-1.19649544505818,-1.23203505278379,0,-0.0862152104775507,0,0,0,0.969055594366225,0,-5.59640455500445,0,0,0,0,0,0,0,0,0,0,0,0,0,0,0,0,0,0,0,0,0,0,0,0,0.185239330446539,0,2.31400100374863,0,0,0,0,0,0,0,0,0,0,1.24600853701585,0.644485759501075,0.749720530972522,0,0,-0.563288470069153,0,0.852685309513301,0,0,-0.355246625044032,0,0,0.610044505028436,0,0,0,0,2.53752731567938,0,0,-0.51560822855355,0,0,0,0,0,-1.34609865424552,0.415916631245173,0,0,0,0,0.755907933118698,0,0,0,0,0.817398619186726,0,0,0,0,0,0,0.140838397125706,0,0,0,1.28014284138787,0,0,0,-0.609528904167052,0,0,-0.6944300178759,0,0,0,0,0,0,-0.737255791803349,0,0.758293472951491,0,-0.356764671067136,0,0,0,0,0,0,0,0,0,0,0.623359540748158,0,0,0,0,0,0,0.85348888126393,0,0.317500436386705,-0.276593805448444,0,0,-1.57908449000144,0,0,0,0,-2.27296495776495,1.18176413575156,0,0,0,0,0,0,0,0,0,0,0,0,0,0,0,-0.355832320999454,0,0.304376378746428,0,0,0.146617265985001,0,0,0,0,0,0,0,0,0,0,0,0,0,0,0,0,0,0,0,0,0,0,0,0.202845377195753,0,0,0,0,0.464643116618852
0,0,0,0,0,-0.441268584945887,-0.186091369165815,0.50135203561455,0,0,0,0,0,0,-2.18533906804066,0,0,0,0,0,0,0,0,0,0,0,-0.0945417528112413,0,0,0,0,0,0,0.049880387277343,0,-0.485185414453909,0,0.176101007381898,0,0,0,0.53874902472182,0,0,0,0,0,0,0,0,0,0,0.470286573537016,0,0,0,0,0,0,0,0,0,-0.732919518054809,0,0,0,0,0,0,0,0.532137177432839,0,0,0,0,0,0,0,0,0,1.01382699553183,0,0,0.381833183250282,0,0,0,0,0,0,0,0,0,0,-0.12099058687888,0,0,0,0,-0.966320632200949,0,0,0,0,0,0,0,0,0,0,0,0,0,0,0,0,0,0,0,0,0,0,-0.0501281810026983,0,0,0,0,0,0,0,0,0,0,0,0,0,0,0,0,0.496252842181487,-0.288424342701294,0,0,-0.117661632320159,0,0,0,0,0,0.65329711823159,0,0,0,0,0,0,0,0,0,0,-2.03399987558227,0,0,0,0,0,0,0,0,0,0,0,0,0,0,0,0,0,0,0,0,0,0,0,0,0,0,-0.224975877228987,0,0,0,0,0,0,0,0,0,0,0,0
0,0,0,0,0,0,0,0,0,0,0,0,0,0,0,0,0,0,0,0,0,0,0,0,0,0,0,0.0439299404297269,0,0,0,0,0,0,0,0,0,0,0,0,0,0,0,0,0,0,0,0,0,0,0,0,0,0,0,0,0,0,0,0,0,0,-0.11243133697247,0,0,-0.00115310909834521,0,0,0,0,0,0,0,0,0,0,0,0,0,0,0,0,0,0,0,0.147531325267297,0,0,0,0,0,0,0,0,0,0,0,0,0,0,0,0,0,0,0,0,0,0,0,0,0,0,0,0,0,0,0,-1.35584150382735,0,0,0,0,0,0,0,0,0,0,0,0,0,0,-0.072295104960046,0,0,0,0,0,0,0,-0.793836561164759,0,0,-0.387468117077918,0,0,0,0,0,0.0624836790012604,0,0,0,0,0,0,0,0,0,0,0,0,0,0,0,0,0,0,0,0,0,0,0,0,0,0,0,0,0,0,0,0,0,0,0,0,0,0,0,0,0,0,0,0,0,0,0,0,0,0
0,0,0,0,0,-0.017338048283557,0,0,0,-0.537577227537973,0,0,0,0,0,0,0,0,0,0,0,0,0,0,0.0874414141076594,0,1.76396732794685,-0.0246053165369322,0,0,0,0,0,0,0,0,0,0,0,0,0,0,0,0,0,0,0,0,0,0,0,0,0,0,0,0,0,0,0,0,0,0,0,0,0,0,0,0,0,0,0,0,0,0,0,0,0,0,0,0,0,0,0,0,0,0,0,0,0,0,0,0,0,0,0,0,0,-0.126675431705993,0,0,0,0,0,0,0,0,0,0,0,0,0,0,0,0,0,0,0,0,0,0,0,0,0,0,0,0,0,0,0,0,0,0,0,0,0,0,0,0,0,0,0,0,0,0,0,0,0,0,0,0,0,0,0,0,0,0,0,0,0,0,0,0,0,0,0,0,0,0,0,0,0,0,0,0,0,0,0,0,0,0,0,0,0,0,0,0,0,0,0,0,0,0,0,0,0,0,0,0,0,0
0,0,0,0,0,0,0,0,-0.120905697594692,0,0,0,0,0.111548354193189,0,0,0.716497510975858,0,0,-0.500913587779979,0,0,0,0.0868334686127614,0,0,0,0,0,0,0,0,0,1.9592825988842,0,-0.295487930636848,0,0,0,0,0,0,0,0,0,0,0,0,0,0,0,0.0174116874841581,0,-0.367213344713942,0,0.261702887295241,0,0,0,0,0,0,0,0,0,0.0217230337826682,0,0,0,0,0,0,0,0,0,0,0,0,0.909441964259047,1.72018275150128,0,0,0,0,0,0,-0.167571523077248,0,0,0,0,0,0,0,0,0,-0.441594714646133,0,0,0,0,0.259219921405359,0,0,0,0,0,0.178439767755856,0,0,0,0,0,0.128310972493084,0,0,0,0,0,0,0,0,-0.268354792243862,0,0,0,0,0,0,0,0,0.0617408094737395,0,0,0,0,-0.472369655487519,0,0,0,0,0,0,0,0,0,0,0,0,0,0.90901980331647,0,0,0,-0.608392252767319,0,0,0,0,0,-2.37026807015121,-0.391458148193607,0,-2.26872047074955,0,0,0,0,0,0,0,0,0,-0.185428575615403,0,0,0,0,0,0,0,-0.647945255695311,0,0,0,0,0,0,0,0,0.634211016675462,0,0,0,0,0,0,0,0,0
0,0,0,0,0,0,-0.161529075026126,0.679392632940782,0,0,0,0,0,0,0,0,0,0,0,0,0,0,0,0,0,0,0,-1.11371255936487,0,0,0,0,0,0,0,0,0.152337191998841,0,0,0,0,0,-1.55826840485914,0,0,-1.0166094935265,0,0,0,0,0,0,0,0,0,0.554536249869821,0,0,0,0,0,0,0,0,-0.714402437204109,0,0,0,0,0,0.022188345553839,0,0,0,0,-0.620401628521843,0,0,0,0,0,0,0,0,0,0.606770362191644,0,0,0,0,0,0,0,0,0,0,-0.0161939596380698,0,0,0,0,0,0.213890809830077,0,0,0,0,0,0,0,0,0,0,0,0,0,0,-0.516078605941223,0,0,-0.333774258156287,0,0,0,0,0,0,0,0,0,0.402997573338588,0,0,0,0,0,0.216940113246245,0,0,0,0,0,0,0,0,0,0,0,0,0.133427826511397,0,0,0,0,0,-0.00215629942611972,0,0,0,0,-1.04046995810371,0,0,0,0,0,0,0,-0.957882573235099,-0.0834056322632595,0,0,0,0,0,0,0,0,0,0,0,0,0,0,0.115532124806452,0,0,-0.190659991172985,0,0,0,0,0,0,0,0,0,0,0,0
1.38269584786366,0,0,0,0,0,0,0,0,0,0,0,0.852585582475724,0,0,0,0.556006711282448,0,-0.208791509972175,0,0,0,0,0,0,0,0.572154307963529,0,0,0,-0.125555877178439,0,0,2.08866274479165,0,-0.178204162146287,0,-0.625036414009639,0,0,0,-0.43268844048193,0,0,0,1.5146200568976,-0.0728863738626597,0,0,0,0,2.57556628468545,0,0.889899129476634,0,0,0,1.98673098449898,-0.0121472519620045,-0.391059028444861,0.304912544592947,0.351210724841178,-1.62399104769014,0.212075890952945,-1.00653733491069,0,0,0,0,0,0,-0.128679275468297,0,0,0,0,-0.868527134044672,0,0,0.515805961957696,0,0,-0.0575715530207757,0,-0.465149212033688,0,0,1.86286145679345,0,0,0,-1.33126699013205,0.0506411089660954,0,0,-0.275665245444807,0,0.254468529914758,-2.08071753382332,0,0,0,0,0,0,0,0,0,0,0,0,-0.277200632246959,0,0,0,0,0,0,0,0,-0.00419443796770724,0,-1.37770698312571,0,0,0,0,0,0,-0.0725708435401899,-0.95407403545541,-0.039237857222286,0,0,0,0,0,0,-4.13036131634902,0.873895047293978,0,-4.54362403398663,0,0,0,0,0,0,0,0,0,0,0,0,0,0,0,0,0,-1.62506163426886,0,0,0,-7.23328311384585,0,0,0,0,0,0,0,0,-0.713425223137827,0,0,0,0,0,0,-2.41698553875189,0,-5.87480416769676,0,1.53128934910498,0,0,0,-3.11585433648191,0,-0.0366426883338373,0,0,0,0,-1.09197548622539,0,0.517959098719108,0,0,0
0,0,0,0,0,0,0,0,0,0,0,0,0,0,0,0,-0.679959975968138,0,0,0,0,0,0,0,0,0,0.797099905178293,0,0,-0.523199029373665,0.140001204416537,0,0,0,0,0.935867268033287,0,0,0,0,0,0,0,0,0,0,-0.286776703766815,0,0,-4.19232603031718,0,0,0,0,0,0,0,-0.263399563157081,0,0,0,0,0,0,0,0,0,0,0,0,0,0,0,0,0,0,0,0.402982182161886,0,0,0,0,0,0,-0.54995861386344,0,0,0,0,0,0,0,0,0,0,0,0,0,0,0.200700725303435,0,0,0,0,0,0,0,0,-0.379164332874294,0,0,0,0,0,0,0,0,-0.251209380629396,0,0,0,0.179465924974696,-0.490351560511846,0,0,0,0,3.78687931821001,0,0,0,-1.21346879109675,0,0,0,0,0.36353688413049,0,0,-0.0702856056461809,0,0,0,0,0,0,0,0,0,0,0,0,0,0,0,0,0,0,0,0,0,0,0.992635280471617,0,0,0,0,0,0,1.19080601159233,0,-0.372506641833717,0,0,0,0,0,0,0,0,0,0,0,0,0,0,0,0.0482646837189544,0,0,-0.424332499244555,0,0,0,0.320989887253768,0,0,-0.315546215873329,0,0
0,0,-0.769963950162764,0,0,0,0,0,1.13136620091942,0,0.307275677656156,0,0,0,0,0,0,0,-0.100389414103711,0,0,0,0,0,0,0,-0.187681557220302,0,0,0,0.253375410676491,0,0,0,0,0,0,0,0,0,0,0,0,0,0,0,0,0,0,0,0,0,0,0,0,0,-0.654350441914597,0,-0.720922387247102,-0.301686394620162,0.0640657722372941,0,0,0,1.76528393812771,0.309942310701184,0,0.244004506805901,-3.72794396816769,0,0,0,0,0,0,0,0,0,0,2.57794844489728,0,0,0,0,0,0,0,0,0,0,0,1.20176577733408,0,0,0.780163780655039,0,0,0,0,0,0.0564488750322574,0,0,0.107195670788642,1.33882509178138,0,0,0,-0.797656951969073,0,0,0,0,0,0,0,0,0,0,0,0,0,0,0,0,0,0.286921288262292,0,0,-1.06498904972064,0.245030917649037,-0.15062788780645,0,0,0,0,1.50417077584186,0,0,0,0,0,0,0,0,0,0,0,0,0,0,0,0.764343077564767,0,0,0,0,0,0,0,0,0,0,-0.0680166898758989,0,0,0,0,0,0,0,0,-0.21973437739921,0,0,0,0,0,0,0,0,0,0,2.7862629782742,0,0,0,0,0,0,0,-0.178322986611172,0,0,0,0,0,0,0,-0.0873978835185409
0,-0.0862451243603579,0,0,0,0,0,0,-0.145304279637645,0,0.375300247152295,0,0,0,0,0,0,0,0,0,0,0,0,0,0,0,0,0,0,0,0,0,0,0,0,0,0,0.97446510572238,0,0,0,0,0,0,0,0,0,0,0,0,0,0,0,0,0,0.0342264243461354,-1.3845455540282,-0.115169107645636,0,-0.0628244664173612,0,0,0,0,0,0,0,0,0,0,0,0,0,0,0,0,0,0,0,0,0,0,0,0,0,0,0,0,0,0,0,0,0,0,0,0,0,0,0,0,0,0,0,0,0,0,0,0,0,0,0,0,0,0,0,0,0,0,0,0,0,0,0,0,0,0,0,0,0,0,0,0,0,0,0,0,0,0,0,-0.0123181168195938,0,0,0,0,0,0,0,0,0,0,0,0,0,0,-0.354955356058438,0,0,0,0,0.640502891240858,0,0,0,0,0,0,0,0,0,0,0,0,0,0,0,0,0,0,0,0,0,0,0,0.0039492257725513,-0.711396773030959,0,0,0,0,-0.252758910921843,-1.0105822339349,0,0,0,0,0,0,0,0,0
0,1.09173806017034,0.621669123369192,0,0,0,0,0,-0.150923697960178,3.36383767397747,-0.371443072990763,0.00405615365718237,0,0,0,0,0.169878197194622,0,0,0,0,0,0,0,0,-0.386708888615556,0,0.410695798735489,0,0,-0.576657270399749,0,0.507688778597768,0,0,-1.43187629796234,0,0.938654396735769,0,0,-0.351597073739083,0,0,0,0,0.8536922611233,0,0,0,0.0232296811430737,0,0,0,0,0,0,0,0,1.14736013530141,0.130002510996625,0,-1.44368926606226,-0.501717084317865,0,0,0,0,0,8.14690676916674,0,0,0,-0.66074444531622,0,0,0,0,0,0.767229335247924,0,0,1.44880669694941,1.32098377702623,0,0,0,0,0,0,0,0,0,0,0.196530795707377,0,0,0,0,0,0,-0.356701708821205,-0.0355995389339814,0,0,0,0.0914817837309803,0,0,0,0,0,0,-0.192615549657347,0,1.20477524031059,0,0,-4.07633260525521,0,0,0.0180207180520651,0,0,0,0,0,-0.708791663924203,0,0,0,0,0,0,0,1.03335390748732,0,0,0,0,0,0.953796929094245,0,0,0.0621246317151471,0,0,0,-0.861574117690511,0,-1.50155433519308,-0.0922770113453855,0,0,0,0,0,0,0,0,0,1.45305428083017,0,-0.200414298108978,0,0,0,0,0,0,0,0,0,0,0,0,0,2.64113095656792,0,0,0,-0.0613946502335916,0,0,1.51660222918806,0,0,0,0,0,0,0,0,-0.0892996100150085,0,-0.35750301163433,0,-0.0954099192303295,0.216769461071873,0,0
0,0,0,0,0,0,0,0,0,0,0,0,0,0,0,0,0,0,0,0,0,0,0,0,0.936391570892142,0,0,-0.0474532622990957,0,0,0,0,0,0,0.352658967127063,0,0,0,0,0,0,0,0,0,0,0,0,0,0,0,0,0,0,0,0,0,0,0.232736887358761,0,0,0,0,0,0,0,0,0,0,0,0,0,0,0,0,0,0,-2.20831930057957,0,0,0,0,3.49568078342474,0,0.12118618859738,-0.471441435337995,0,0,0,0,0,0,-0.325021125468781,0,0,0,0,0,0,0.575039061081766,0,0.434427194540168,0,0,0,0,-0.656345450577095,0,-0.308738421822264,0,0,0,-0.186391782566561,0,-0.238022687122134,0,0,0,0.273909338233411,0,0.184249250049472,0,0,-0.37935352228392,0,0,0,0.143621775712621,0.339354561820417,0,0,0,0,0,0,0,0,0.170992475231355,0,0,-0.432817909465484,0,0,0,-1.35519319922104,0,0,0,-0.0791466074765721,0,0,0,0,0,0,0,0,0,0,-0.0718612558292111,-0.0537128341605484,0,0.285473740464512,0,0,0,-0.215274626298625,0,0,0,2.26446097085811,0,0,0,0,0.344403420934432,0,-0.657022354923888,0,0,0,0,0,0,0,0,0.256803762520698,0,-0.437569022243137,0,0,0,0,0,0.0927228131764881,0,0,-0.427091461197104,0,0,0
0,0,0,0,0,0,0,0,0,0,0,0,0,0,0,0,0,0,0,0,0,0,0,0,0,0,0,0,0,0,0,0,0,0,0,0,0,0,0,0,0,0,0,0,0,0,0,0,0,0,0,0,0,0,0,0,0,0,0,0,0,0,0,0,0,0,0,0,0,0,0,0,0,0,0,0,0,0,0.184241908434556,0,0,0,0,0,-0.491064591363918,0,0,0,0,0,0,0,0,0,0,0,0,0,0,0,0,0,0.732794080543257,0,0,0,0,0,0,0,0,0,0,0,0,0,0,0,0,0,0,0,0,0,0,0,0,0,0,0,0,0,0,0,0,0,0,0,0,0,-0.247785822440934,0,0,0,0,0,0,0,0,0,0,0,0,0,0,0,0,0,0,0,-2.26153917716455,0,0,0,0,0,0,0,0,0,0,0,0,0,0,0,0,0,0,0,0,0,0,0,0,0,0,0,0,0,0,0,0,0,0,0,0,0,0,0
0,0,0,0,0,0,0,0,0,0.50861700947688,0,0,0.22811202709242,0,0,0,0,-0.280881354679092,0,-0.100985345616884,0,0,0,0,0,0,-2.12160299144638,0,0,0,0,0,0,0,0,0,0,0,0,0,0,0,0,0,0,0,0,0,0,0,0,0,0,0,0,0,0,0,0,0,0,0,-0.0341540502788407,0,-0.0752021454749787,0,0,0,0,0,0,0,0,0,0,0,3.72591941478718,0,1.03201036638582,0,0,0,0,0,0,0,0,0,0,0,0,0,0,0,0,0,0,-0.601445734096135,0,0,0,0,0.361647009466231,-0.682676524836891,0,0.847190206096797,0,0.0190071492850086,0,0,0,0,0,0,0,0,0,0,0,0,0,0,0,0,0,0,1.52032620687285,0,0,-0.181390859652322,0,0,0,0,0,0,0,0,0,0,0.580434194214079,0,0,0,0,0,0,0,0,0,0,0,0,0,0,0,0,0,0,0,0,0,0,0,0,0,0.151029521935748,0,-0.304315165105846,0,0,0,0,0,-0.0202182597767571,0,0,0,0,-0.115989387538337,0,0,0,0,0,0,0.0113179142876112,0,0,-0.360788761172159,0,0,0,0,0,0,0,-0.402657453540351,0,0
0,0,0,0,0,0,0,0,0,0,0,0,0,0,0,0,0,-0.0102867719344539,0,0,0,0,0,0,0,0,0,0,0,0,0,0,0,0,0,0,0,0,0,0,0,0,0,0,0,0,0,-0.667216570827749,0,0,0,0,0,0,0,0,0,0,0,0,0,0,0,0,0,0,0,0,0,0,0,0,0,0,0,0,0,0,0,0,3.57998410739587,0,0,0,0,0,0,0,0,0,0,0,0,0,0,0,0,0,0,0,0,0,0,0,0,0,0,0,0,0,0,0,0,0,0,0,0,0,0,0.0775469980078107,0,0,0,0,0,0,0,0,0,0,0,0,0,0,0,0,0,0,0,0,-0.41283924677632,0,0,0,0,0,0,0,0,0,0,0,0,-0.130265058597177,0,0,0,0,0,0,0,0,0,0,0,0,0,0,0,0,0,0,0,0,0,0,0,0,0,0,0,0,0,0,0,0,0,0,0,0,0,0,0,0,-0.324585104002813,0,0,0,0,0
0,0,0,0,0,-0.103644610080958,0,0,0,-0.127487570698282,0,0,0,0,0,0,0,0,0,0,0,0,0,0,0,0,0,0,0,0,0,0,0,0,0,0,0,0.0543044436486535,0,0,0,0,0,0,0,0,0,0,0,0,0,0,0,-2.0550455284443,0,0,0,0,0,0,0,0,0,0,-0.0449777199462262,0,0,0,0,0,0,0,0,0,0,0,0,0,0,0,0,0,0,0,0,0.73592255208209,0,0,0,0,0,-0.573152225934269,0,0.117460206748563,0,0,0,0,0,-1.54007378954859,0,1.04845797579711,0,0,0,0,0,0,0,0,0,-0.409491191994912,0,0,0,0,0,0,0,-0.392295546952095,0,0,0,0,0,0,0,0,0.0777298207273751,-0.559106239719705,0,-1.30439827810917,1.75170147254312,0,0,0,0,0,0,0,0,0,0,0,-0.149938405469605,0,0,-0.215421294296035,0,0,0,0,1.5988663847092,0,0,0,0,0,0,-0.273668983503415,-1.49774667930951,0,0,0,0,0,0,0,0.43424314922739,0,0.137468790362908,0,0,0,0,0,0,0,-0.0607713126088363,0.107830045885174,0,0,0,0,0,0,0,-1.32511033009299,0,0,0,0,-0.073468589051171,0,0,-0.835898579618748,0,0,0,0
0,0,0,0,0,-0.360077346989053,0,0,0,0,0,0,0,0,0,0,0,0,0,0,0,0.0770136646808259,0,0,-0.665400727865538,0,0.334836735479342,0,0,0,0,0,0,0,0,0,0.0694452649287425,0.495596366338506,0,0,0,0,0,0,0,0,0,0,0,0,0,0,0,0,0,0,0,0,0,0,0,0,0,-0.405800618078449,0,0,0,0,0,0,0,0,0,0,0,-0.745428972448662,0,0,0,0.134016655533973,0,0,0,0,0,0,0,0,0,0,0,0,0,0,0.481775814272582,0.100315147467847,0,0,0,0,0,0,0.970787134963759,0,0,0,0,0,0,0,0,0,0,0,0,0,0,0.156327279202012,0,0,0,0,0,0,0,0,0,0,0,0,1.23885440691131,0,0.558012510956082,0,0.0101403404232172,0,0,0,0,0,0,0,0.320264452373312,0,0,4.27501641701646,0,0,0,0,-0.229107256236257,0,0.124052710694796,0,0,0,0,0,0,-0.253417507849724,-0.13182198585842,0,-0.179894437470411,0,0,0,0,0,0,0,0,0,0,0,0,1.33609887112163,0,0,0,-0.202265340613498,0,0,0,0,0,0,0,0,0,0,-0.0567593031071623,0,0,0,-1.13879436872486,0,0,0,0,0
-0.977306949686126,0,0,0,0,0,0,0.184442723645754,0,0,0,0,0.455470644469073,-0.517147623789086,0.00767858757404793,0,0,-0.174431655511676,0,0,0,0,0,0,0,0,0,0,0,0,0,0,0,0,0,0.469813562725552,0,0,0,0,0,0,0,0,0,0,-1.16169246348077,0,0,0,0,0,0,0,0,0,0,0,0,0,0,0,0,0,0,0,0,0,0,0,0,0,0,0,0,0,0,0,0,0,0,0,0,0,0,0,0,0,0,0,0,0,0,0,0,0,0,0,0,0.0142266223519516,0,0,0,0,0,0,0,0,0,0,0,-1.10683512945239,0,0,0,0,0,0,0,0,0,0,0,0,0,0,0,0,0,0,0,0,0,0,1.54097421289769,0,0,0,0,0,0.271665503584352,0,0,-0.550461188290576,0,0,0,0,0,0,0,0,0,0,0,0,0,0,0,0,0,0,0,0,0,0,0.425909441466375,0,0,0,0,0,0,0,0,0,0,0,0,0,0,0,0,0,0,0,0,0,0,0,0.496475691749521,0,0,0,0,0,0,0,0,0
-1.16204377124066,0,0,0,0,0,0,0,0,0,0,0,0,0,0,0,0,-0.294014868464422,0,0,0,0,0,0,0,0.186208709922392,0,-0.229843878216429,0,0,0,0,0,0,0,0.127609337686418,0,0,0,0,0,0,0,0,0,0,0,0,0,0,0,-0.103578408023174,0,0,0,0.012773390386889,0,0.508687010328898,0,0,0,0,0,0,0,0,0,0,0,0,0,0,0,0,0,0,0,0.0666605834327478,0,0,0,0,0,0,0,-0.234533263490424,0,0.180188435694641,0,0,0,0,0,0,0,0,0,0,0,0,0,0,0,0,0,0,0,-0.0501438044189608,0,0,0,-1.51942688905785,0,0,0,0,0,0,0,0,0,0,0,0,0,0,0,0,0,0,0,0,0,0,1.17857206658353,0,0.0588234830025764,0,0,0,0,0,0,0,0,0,0,0,0,0,0,0,0,0,0,0,0,0,0,0,0,0,0,0,0,0,0.221097524929133,0,0,0,0,0,0,0,0,0,0,0,0,0,0,0,0,0.214429347770251,0,0,0.0300440163621474,0,0,0,0,0,0,0,0.0831346910230439,0,0,0,0,0
-3.4043958365838,-0.0485484888364129,0,0,1.56742507418558,0,0,0,0,0,-0.518690580671113,-0.0146082313726483,0,0,0.351532365658351,0,0,-0.829416735262916,0,0,0.112320177737961,0,0,0,0.778516199319405,0,0,-0.494953728710521,0,0,0,0,0,0.881174679618659,0,0.0343706319914934,0,0,0,0,0,0,0,0,0,0,2.61821437123905,0,0,0,0,-1.10710167560545,0,0,0,0,0,0,0,0,0,0,0,0,0.0063786552858669,0,0,0,0,0,0,0,0,0,0,-0.162828807786341,0,0.879504586710598,0,0,0,0,0,0,0,-0.558630748958535,0,0,0,0,0,0,0,0,0.369884257277174,0,0,0,0,0,0,0,0,0,0,0,0,-0.254052567225081,0,0,0,-1.53118986092352,0,0,0,0,0,0,0,0,0,0,0,0,0,0,0.445948543145771,0,0,0,0,0,0.953396995802678,0,0,0,1.71358978401194,0,1.07837546633728,0,0,0,0,-0.704011000010896,0,0,0,0,0,0,0,0,0,0,0,0,0,0,0,0,0,0,0,0,0,0,0.022193158738478,0.270200227994345,0,0,0,0,0,-0.185562862637477,0,-0.0350930703641905,0,0,0,0.607690038162004,0,0,0,0.474127183567919,0,0,0,0,0,0.166302582320839,0.494589146024763,0,0,0.270297671360709,0,0,0,0,0,0
-3.96929963228205,0,0,0,0,0.1281076165959,0,0,0,0,0,0,0,0,0,0,0,-1.41609351454474,0,0,0,0,0,0,0,0,0,-0.724743779131688,0,0,0,0,0,0,0,0.915680014550797,0,0,0,0,0,0,0,0,0,-1.00075464202242,2.28456118654583,0,0,0,0,-0.66121829885416,0,0,0,0.115573161539858,0,0,0,0,0,0,0,0,0,0,0,0,0,0,0,0,0,0,0,0,0,1.51506651686398,0,0,0,0,0,0,0,0,0,0,0,0,0,0,0.297648123937033,0,0,0,0,0,-0.0421535048191004,0,0,0,0,0,0,0,0,0,0,0,0,-2.9484688149709,0,0,0.601327564403624,0,0,0,0,0.217158708522284,0,0,0,0,0,0,0,0,0,0,0,0,0,0,0.259228980521141,0,0.97804500671125,0,0.984045573124118,0,0,0,0,0,0,0,0,0,0,0,0,0,0,0,0,0,0,0,0,0,0,0,0,0,0,0,0,0,0,0,0,0,0,0,0,0.328432794520607,0.0331916540042112,0,0,0,0,0,0,0.787831092419915,0,0,0,-0.283673908489007,0,0.832410853910061,0,0,0,0,0,0,0,0,0,0
-7.55843525221527,0,0,0,0,0,0,0,0,0,0,0,0,-0.0901305241957584,0.149440474837916,0,0,-0.838381712604828,0,0,0,0,0,0,0,0,0,0,0,0,0,0,0,0,0,1.53580669966855,0,0,0,0,0,0,0,0,-0.289415712179606,0,0,0,0,0,0,-3.09448293367036,0,0,0,0,0,0.00309458732887791,-0.0842959063617661,0,0,0,0,0,0,0,0,0,0,0,0.216895548712096,0,0,0.388341611890286,0,0,0,1.67141859914248,0,1.25669701962424,0,0,0,0,0,0,0,0,0,0,-0.0666350758049041,0,0,0,0,0,-0.368468083819602,0,0,0,0,0,0,0,0,0,0,-0.186259446861813,0,0,0,-5.49330166756169,0,0,0,0,0,0,0,0,0,0,-1.29866867562618,0,0,0,0,0,0,0,0,0,0.00864747794824483,0,0,-0.645239019405409,1.27749729757426,0,2.03212336801217,0,0,0,0,0,0,0,0,0,0,0,0,0,0,0,0,0,0,0,0,-0.635173873566705,0,0,0,0,0,0,0.626835406122428,0,0,0,0,-0.147363944916229,0,0,-0.171580458832296,0,1.00665589144086,0,0,0,0,0,0,2.4664796106838,0.547058420371417,0,0,0,0,1.12019108318348,0,0,0,0,0,0,0,0,0,0.268159714067035
-9.77587943310683,0,0,0,0,0,0.0651403346385897,0,0,0,0,0,0,-1.16595562080474,0,0,0,-0.834246422670055,0,0,0,0,-0.484022683569514,0,0,0,0,3.10607704411647,-0.297602241714573,0,0,-0.616136896506051,0,0,0,1.7336981844896,0,0,0.224061967847945,0,0,0.832036761989389,0,0,0,0,0,0,0,0,0,-6.35860294850004,0,0,-0.137376691796365,0,0,0,-0.502673155127651,0,0,-0.235383802395948,0,0,0,0,0.114350093616758,0,0,0,2.7382278475179,0,0,0.366050626040285,0,0,0,0.724944445947454,0,1.26873354561288,0,0,0,0,0,0,0,0,0,0,-0.329271436001841,0,-0.187126923069908,-0.0942136779284368,0,0,-1.71730971856552,0,0,0,1.15527953417878,0,0,0,0,-1.98178952729965,0,0,0,0,0,-8.02920802163723,0,0,0,0.0154851578760085,3.23819172845213,0,0,1.09192154691876,0,0,-1.61017688476325,0,0,0,0,0,0,0,0,0,0,0,0,-0.866568817994939,1.63477331948723,0,2.38845018942864,0,0,0,-0.386345814392466,0,0,0,0,0,0,0,0,0,0,0,0,0,0,0,0,-1.90602573851478,-0.910142185686262,0,0,0,0,0,0.967143598900097,0.529003298478964,-2.33343720609527,0,0,-0.300625535042707,0,0,-1.78421933815271,0,0.386326228348674,0,0,0,0,-1.02498963717062,0,0,2.47052261680151,0,0,0,0,1.2296323045162,0,0,-0.123494571466973,0,0,0,0,0,0,0
0,0,0,0,1.35591723184998,0.885316737587089,0,0,0,0,0,0,0,0,0.0739511018572132,0,0,0,5.48323744005883,0,0,0,0,0,0,0,0,0.79107497771683,0,0,0,0,-0.00691030217882949,0,0,-1.65224735503654,0,0,0,0,0,0,0,0,0,0,0,0,0,0,0,0,0,0,0,0.477472074620806,0,-0.683111183699744,0,0,0,0,0,0,0,0,-0.165896333233938,0,0,0,0,0,0,0,0,0,0,1.00354375111439,0,0,1.60724303048265,0,0,0,0,-2.89146159938108,0,-0.0445875986314008,0,1.58336957457024,0,0,0,0,-0.504085236654584,0,0,0,0.680444099265049,-0.26409157259147,0,0,0,-1.19252235804605,0,0,0,0,-0.229578953974815,0,0,0,0,0,0,0,0,0,0,1.54590846831713,0,0,0,0,0,0,0,0,0,0,0,-0.629291994727706,0.0777371780003415,0,0,0.518318895379573,0.929986943931604,0,0,0,0,0,0,0,0,0,0,0,0.505599770994176,0,0,0,0,0,0,0,0,0,0,0,0,0,0,0,0,0,0,0,0,0,0,0,0,0,0,0,0,0.661544887107308,0,0,-0.174658296351496,0,0,0,0,0,0,0.258887551671775,0,0,0.718036309140089,0,0,0,-1.01405925187467,-5.45939869436144,0,0,0,0
0,0,1.53941805306463,0,0,0,0,0,0,0,0,0,0.67672782943372,0,0.803759922921704,0,-0.30601916926145,0,0.854033093861243,0,0.163270845603352,0,0,-1.76903180704574,0,-0.145725948094502,0,-0.928515431506135,0,0,0,0,0,0,0,0,0,0,0,0,0,0,-0.0564479490620662,0,0.0225439935493628,0,0,0,0,0,0,0,0.685396297123174,0,0,0,0,-0.239146115547658,0,0,0,0,0,0,-0.436809984114857,0,0,0,0,0.223523690537173,0.369500772930992,0,0.235229248048987,0,0,0,0,0,-0.0695834411826985,0,0,-0.556899581840963,0,0,0,0,0,0,0,0,0,0,0,0,0,0,0,0.0746315684873784,0,0,0,0,0.306711999213412,-0.719405228602696,0,0,0,-1.22564861301021,-1.1772058566626,0,0,0,0,0,0,0,0,0,0.0663912930594031,0.261979386190063,0,0,0,0,0,0,0,0,-0.314707922657981,0,0,0.528068554420847,-0.358333255078026,0,0,0,1.73339651727187,0.194324072350273,0,-0.686537409618929,0.0374546466857932,-0.247956455089689,0,0,0,0,0,0,0,0,0,0,0,0,0,0,0,0,0,0,-0.119101684996007,0,0.173258669818698,0,0,0,0,0,0,0,-0.291968452199678,0.395509364202859,0,0,1.65519012340069,0.10359658981488,0,0,0,0,1.32451661743876,0,0,0,0,0,0,0.265734664645614,0,0,0,0,0,0.157575008920939,0,0,0,0,0,0
0,0,0,0,0,0,0,0.162798613730358,0,0,0,0,0.129031277760436,0,0,0,0,0,0,0,0,0,0,0,0,0,0,0,0,0,0,0,0,0,0,-0.439852608150631,-1.21440066279552,0,0,0,0,0,-0.112189351339576,0,0,0.477404456817795,0,0,0,0,0,0,0,-0.696667820404513,0,0,0,-1.31982712904518,0,0,0,0,0,0,0,0,0,0,0,0,0,0,0,0,0,0,0,0,0,0,-0.538748293703515,0,0.870636650296253,3.86028568853862,0,-2.64950439826297,0,-0.229160924383655,0,-4.46106129846639,0.307683505650006,0,0,0.180366763335231,-2.48982699602056,0,0,0,0,-1.4211455033847,0,0.831510011574564,0.21440574530381,0,0,0,0,0,-0.465850704116318,0,0,-3.38306522844696,0,-1.55848026469718,0,0,0,0,0,0,0,0.323271172832956,0,0,0,0,0,0,0,0,0,0,0,0,0,0,0,0,0,0,-0.140112256581771,0,0,0,0,0,0,0,0,0,0,0,0,0,0,-0.184861885136762,0,0,0,0,-0.733920264359016,0,0,-0.556926259400483,0,0,0,0,2.65820686430912,0,0,0,0,0,0.765841684974474,0,0,0,0,0,0,-0.116532765829204,0,0.446289524800185,0,0,0.145375239926854,1.136807635666,0,0,0,0,0,0,0,-5.41106006400514,-0.699084556798469,-0.975558613083789,0,0.0226769081924356
0,0,0,0,0,-0.561549768498818,0,0,-0.18864764112405,0,-0.187169472071223,0,0,0,0,0,0.0358349303792598,0,0,0,0,0,0,0,0,0,0,0,0,0,0,0,0,0,0,0,0,0,0,0,0,0,0,0,0,-0.585523726001602,0,0,0,0,0,0,0,0,0,0,0,0.117369139192882,0,0,0.0453405156890643,0,0,0,0,1.4271566900075,0,0,0,0,0,0,0,0,0,0,0,0,0.322695665783251,0,0,0,0,-0.100953726079941,0,0,0,0,0,0,0,0,0,0,0,0,0,0,0,0,0,0,0,0,0,0,0,0,0,0,0,0,0,0,0.664393353691809,0,0,0,0,0,0,0,0,0,0,0,0.233445114504877,0,-0.621777193680928,0,-0.988461562464042,0,0,0,0,0,0.0127643358929055,0,0,-0.230785433063634,0,0.45499410890579,0,0,0,1.72986547931835,0,0,0,0,-0.167004485459917,0,0,0,0,0,0,0,0,0,0,0,0,0,0,0,0,0,0,0,0,0,0,0,0,0,0,0,0,0,0,0,0,0,0,0,0,-0.76571264821117,0,0,0,0,0,0,0,0.180504509044136,0,0,0,0
0,0,3.79599961214506,0,0,-0.379043988326023,0,0,0,0.331831062145197,0,0,0,-0.579531159504153,0,0,0.867997996655802,0,0,0,0,0,0,0,0,0,0.229864682513191,0,-0.00281635790285373,0,0,0,0,0,0,0,0,0,0,0,0,0,0,0,0.361816412084962,0,0,0,0,0.11795896463264,0,0,0,0,0,0,-0.0832794906494732,0.844154825505112,0,0.310008334687703,0,0,0,0,0,0,0,0,0,0,0,0,0,0,0,0,-2.91146689653377,0,0,0.02661552144739,0,0,0,0,0,0,0,0,0,-0.881474934042269,0,0.245018520204087,0.250308965525156,0,0,0,0,0,0,0,0,0,0,0,0,0,0,0,0,0,0,0,0,0.10149089135542,0,0,0,0,0,0,0,0,0,0,0,0,0,0,0,0,0,0,0,0,0,0,0,0,3.62268677646645,-5.57915833101029,0,0.498919732369553,0,-0.398325967701704,0,0,0,0,0,0,-0.4602808073886,0,0,0,0,0,0,0,0,-0.101577307063936,0,0,0,0,0,0,0,0,0,0,0,0,0,0,0,0,0,0,0,0,-0.220692776921894,0,0.307520132060876,0,0,0,0,0,0,0,0,0,0,0,0.768133737700441,0,0,0,0,0
0,0,2.79423568078964,0,0,0,0,0,0,0,0,0,0,-0.446253677269378,-0.0159466657244098,0,1.55043733761493,0,0,0,0,0,0,0,0,0,0,0,0,0,0,0,0,0,0,0,0,0,0,0,0,0,0,0,0.469548236801378,-0.276326504178726,0,0,0,0,0,0,0,0.0221591408219022,0,0,0,0,0,0,0,0,0,0,0.305802816636986,0,0,0,0,0,0,0,0,0.00343083523764265,0,0,-3.25633105160798,0,0,0,0,0.391800433846973,0,0,0,0,0,0,0,-0.780583629731385,0,0,0.310160366222571,0,0,0,0,0,0,0,0,0,0,0,0,0,0,0.273865688250148,0,0,0,0,0,0.117159912120046,0,0,0,0,0,0,0,0,0,0,0,0,0,0,0,0,0,0,0,0,0,0,0,0,3.9403975402667,-5.90405332909928,0,0.387514072742605,0,0,0,0,0,0,0,0,0,0,0,0,0,0,0,0,0,0,0,0,0,0,0,0,0,0,0,0,0,0,0,0,0,0,0,0,0,0,-0.422434491767989,0,0,0,0,0,0,0,0,0,0,0,0,0,0,0,0,0,0,0
0.350191278992662,0,3.76363704207997,0,0,0,0,0,0,0,0,0,0,-0.379689421165945,-0.0514785563946312,0,2.08461711526577,0,0,0,0,0,0,0,0,0,0,0,0,0,0,0,0,0,0,0,0,0,0,0,0,0,0,0,0.84914796106229,0,0,0,0,0,0,0,0,0,0,0,0,0,0,0,0,0,0,0,0.560882864835984,0,0,0,0.180059007448451,0,0,0,0,0.224858913694129,0,0,-4.11742052032703,0,-0.637344458238329,0.191508754875445,0,0,0,0,0,0,0,0,0,-0.529849528365964,0,0,0.753492957506035,0,0,0,0,0,0,0,0,0,0,0,0,0,0,0.556602368258316,0,0,0,0,0,0,0.130398016763513,0,0,0,0,0,0,0,0,0,0,0,0,0,0,0,0,0,0,0,0,0,0,0,3.83056248924526,-6.49591750974347,0,0.436312086357457,0.264572431105356,0,0,0,0,0,0,0,0,0,0,0,0,0,0,0,0,0,0,0,0,0,0,0,0,0,0,0,0.111485598687933,0,0,0,0,0,0,0,0,0,-0.824478928919834,0,0,0,-0.369608238411903,0,0,0,0,0,0,0,0,0,0,0,0,0,0,0
0.773213147326124,0,4.30056946284572,0,0,-0.0854146746673539,0,0,0,0,0,0,0,-0.696492977150561,-0.372586681960513,0,2.5392797745194,-0.318780747071351,0,0,0,0,0,0,0,0,0,0,0,0,0,0,0,0,0,0,0,0,0,0,0,0,0,0,0.232449586691001,0,0,0,0,0,0,0,0,0.436214075629456,0,0,0,0,0,0,0,0,0,0,1.23232153457476,0,0,0,0.428883023592764,0,0,0,0,0.36122098931194,0,0,-4.30807038524546,0,0,0.152507011088737,0,0,0,0,0.103321031177476,0,0,0,0,-0.487809392493398,0,0,0.674060688125927,0,0,0,0,0,0,0,0,0,0,0,-0.0705376375381725,0,0,0,0,0,0,0,0,0,0.0211795737312797,0,0,0,0,0,0,0,0,0,0,0,0,0,0,0,0,0,0,0,0,0,0,0,3.52829004070649,-7.50114696323454,0,0,0.285238084737198,0,0,0,0,0,0,0,0,0,0,0,0,0,0,0,0,0,0,0,0,0,0,0,0,0,0,0,0.0634076330035158,0,0,0,0,0,0,0,0,0,-0.780627347901202,0,0,0,-0.121138091628501,0,0,0,0,0,0,0,0,0,0,0,0,0,0,0
1.44599229970741,0,3.75405776513383,0,0,-0.77972066918383,0,0,0,0,0,0,0,-0.316933112871105,-0.0119781649186093,0,2.44832823248725,0,0,0,0,0,0,0,0,0,0,0,0,0,0,0,0,0,0,0,0,0,0,0,0,0,0,0,0.0106621236065685,0,0,0,0,0,0,0,0,0.642868703807153,0,0,0,0,0,0,0,0,0,0,0.816059915015257,0,0,0,0.597075771204443,0,0,0,0,0,0,0,-4.70774848707324,0,0,0.308394760104676,0,0,0,0,0,0,0,0,0,-0.529408460250234,0.526526761554191,0,0.853580832554955,0,0,0,0,0,0,0,0,0,0,0,0,0,0,0,0,0,0,0,0,0,0.621854357775574,0,0,0,0,0,0,0,0,0,0,0,0,0,0,0,0,0,0,0,0,0,0,0,2.91749768878851,-7.17285850070398,0,0,0.492895874319147,0,0,0,0,0,0,0,0,0,0,0,0,0,0,0,0,0,0,0,0,0,0,0,0,0,0,0,0,0,0,0,-0.169482231793073,0,0,0,0,0,-0.873989070378143,0,0,0,0,0,0,0,0,0,0,0,0,0,0,0,0,0,0,0
1.00152019673562,0,3.23259143001983,0,0,-0.170187010954388,0,0,0,0,0,0,0,-0.013406859229123,-0.249125670338037,0,2.38878127660936,0,0,0,0,-0.359909579546959,0,0,0.108023042713517,0,0,0,0,0,0,0,0,0,0,0,0,0,0,-0.977338917487325,0,0,0,0,0,0,0,0,0,0,0,0,0,0,0,0,0,0,0,0,0,0,0,-0.475212282909848,1.46906468835753,0,-0.419112107383908,0,1.07042718592721,0,0,0,0,0.00124131685950069,0,0,-4.47422346357768,0,-0.28393866591283,1.12416762109997,0,0,-0.017636700842212,0,0,0,0,0,0,-0.310367963903947,1.07751616678241,0,1.90313987041761,0,0,0,0.162167458689871,0,0,0,0,0,0,0,-0.399037253904371,0.24061744213491,0,0,0,0,0,-0.0727619250589515,0,0,1.13769481747935,0,0,0,0,0,0,0,0,0,0,0,0,0,0.159417752413389,0,0,0,0,0,0,0,0,0,3.04547114578519,-6.18589414605922,0,0,0.407231607092649,0,0,0.0381386488208151,0,0,0,0,0,0,0,0.229238281173853,0,0,0,0,0,0,0,0,0,0,0,0,0,0,0,0,0.571033027327523,0,0,0.398307009268827,-0.600243303999591,0.142672868567091,0,0,0,0,-1.04383445991382,0.926687965874435,0,0,0,0.0279058778651016,0,0,0,0,0,0,0,0,0,0,0,-0.394966942185527,0,0
0,0,2.58327149681614,0,0,0,0,0,-1.27790115334709,0,0,0,0,0,0.221116531223071,0,0,0,0,0,0,0,0,0,0.276601122878986,0,0,0,0,0,0,0,0,0,0,0,0.477920157538468,1.3225452414628,0,0.425962462465359,0,0,0,0,0.0240733160067559,1.14781578406286,0,0,0,0,0,0,0,0,0,0,0,0,0,0,0,0,0,0,0,0,0,0,-1.03843297642662,0,0,0,0,0,0.7612339372873,0,0,0,0,0,0,0,-0.395187369708118,-2.78046450881051,-2.36050002611856,0,0,0.538926534964013,0,0,-0.666483672477153,0,0,0,0,0,2.51078947082966,-2.61110784643694,0,-1.26594574818085,0,0,0,0,0,-0.178692547374604,0,0,0.545231107074069,-0.747201491131594,0,0.647753748747127,0,0,0,0,0,0.0771910111311713,0,0.585872179581777,-0.406791294410314,0,0,0,0,0,0,3.65876826482234,0,0,0,0.56633511564237,-0.13561801311211,0,0,0,2.52893543197386,0,0,0,-0.739856392322868,0,0,-0.0105877698746393,0,0,0,0,0,0.426019743507913,0,0,1.97506680919515,0,-0.468089205081777,0,0,0,-0.507779987296095,0,0,0,0.845127965918861,0,0,0,0,0,-0.22756958184168,1.91571492566236,0,0,0,0,0,-1.18714821618805,0,0.486864388015258,0,0.546711366649619,0,0,-0.267532755038573,0,0,0.755627774586666,0,0,0,0,0,0,0,-1.38431751432263,1.97017022364096,-2.71812369312649,0,0,0,0
0,0,0,0,0,0,0,0,0,0.562795972868265,0,0,0,0,0,0,0,0,0,0,0,0,0,0,0,-0.0568680562743438,0,0,0,0,0,0,0,0,0,0,0,0,0,0,0,0,0,0.715410500868826,0,0.944612004543949,0,0,0,0,0,0,0,0,0,-0.14531035024356,0,0,0,0,0,0,0,0,0,-0.0362060999732807,0,0,-2.6134311995596,0,0,0,0,0,0,-0.298764162062869,0,0.0143847893021254,0.0594291480354161,0,0,0,0,0,0,0,0,0.260920590571016,0,0,0,0,0,0,0,0,0,0,0,0,0,-0.786920094671036,0,0,0,0,0,0,0.0356002829056494,0,0,0,0,-0.148702756599649,0,0,0,1.54249597330353,0,0,0,0,0,0,0,0,0,0,0,0.380067341322081,0,0,0,0,-0.128658470723234,0,0.0300583323754839,0,0,0.867343851053108,0,0,0,0,0,0,0,0,0,0,0,0,0,0,-0.250323385636757,0,0,0,0,0,0,0,0,-0.956139236750218,0,0,0.874797480081718,0,0,0,0,0,-10.1526250424972,0,0,0,0,0,0,-0.425590025062777,0,-0.162002573734813,0,0,-0.406395847887069,0,0,0,0,0,0,0,0,0,0,0,-0.232279998863343,0,0,0
0,0,0,0,0,0,0,0,0.387102963922702,0,0,0,0,0,0,0,0,0,0,0,0,0,0,0,0,0,0,0,0,0,0,0,0,0,0,0,0,0,0,0,0,0,0,0,0,0,0,0,0,0,0,0.0416308209581748,0,0,0,0,0,0,0,0,0,0,0,0,0,0,0,0,-4.56004802048528,0,0,0,0,0,0,0,0,0,0,0,0,0,0,0,0,0,0,0.165171229466819,0,0,0,0,0,0,0,0,0,0,0,0,0,-0.571914479217906,0,0,0,0,0,0,0,0,0,0,0,0,0.146875086033445,0,0,0.948416676534809,0,0,0,0,0,0,0,0,0,0,0,0.588722126570213,0,0,0,0,0,0,0,0,0,0,0,0,0,0,0,0,0,0,0,-0.219893026123466,0,0,0,0,-0.696058381138069,0,0,0,0,0,0.729651162395707,0,0,-0.781878811100305,0,0,0.135400643677207,0,0,0,0,0,-7.15822136851713,0,0,0,0,0,0,0,0,-0.735883092393984,0,0,0,0,0,0,0,-0.037326131653959,0,0,0,0,0,0,-0.0194410172474133,0,0,0
0,0,0,0,0.236704066291562,0,0,0,0,0.00924150732886653,0,0,0,0,0,0,0,0,0,0,0,0,0,0,0,0,0,0,0,0,0,0,0,0,0,0,0,0,0,0,0,0,0,0,0,0,0,0,0,0,0,0,0,0,0,0,0,0,0,0,0,0,0,0,0,0,0,0,0,0,0,0,0,-0.16814018051111,0,0,0,0,1.57784144706542,0,0,0,0,0,0,0,0,0,0,0,0,0,0,0,0,0,0,0,0,0,0,0,0,0,0,0,0,0,0,0,0,0,0.302886683526445,0,0,0,0,0,0,0,0,0,0,0,0,0,0,0,-0.0721962010730743,0,0,0,0,0,0,0,0,0,0,-0.0433470123477639,0,0,0,0.241783485884557,0,0,0,0,0,0,0,0,0,0,0,0,0,0,0,0,0,0,0,0,0,0,0,0,0,0,0,0,0,0,0,0,0,0,0,0,0,0,0,0,0,0,0,1.17441368849859,0,0,0,0,0,0,0,0,0,0,0,0
0,0,1.62480023102748,0,0,0,0,-0.760584980733623,0,0,4.26240498312535,0,0,0.701335351596501,0,0,0,0,0,0,0,0,0,0,0,0,0,0,0,0,-0.123893362789056,0,0,0,0,-0.105693633015912,0,0,0,0,0,0,0,0,1.63235474855843,0,0,0,0,0,0,-0.041219470897383,0,0,0,0,2.12659370961363,-0.29079027796979,0,-0.479017582938076,0,0,0,0,0,0,0,0.439649999984419,0,0,0,0,0.566282340195807,0,0,0,0,0,0,0,0,-0.737415759183081,-2.29870816132686,0,0,1.50845324867027,0,0,0,0,0,-0.91924551585504,0,0,0,0,0,0,0,0,0,0.483490428038969,0.583426102680831,0,0,0,0,0,0,0,0,0,0,0,0,1.25781405849044,0,0,0,0,0,0,0,0,0,0,0,0,0,-0.0943256281636191,0,1.47632747154508,0,0,0,0,0,1.32288058421163,0,0,0,0,0.0319020126920757,0,0,0,0,-0.194724851779026,0.251628336618919,0,0.153008892869773,0,0,0,0,0,0,0,0,0,0,0,0,-1.19047456402905,0,0,0,-0.451175871932461,0,0,0,-0.290982367256088,0,0.885350442744282,0.657911492471845,0,0.0432685724158604,0.385627620443951,0,0.421815893531846,0,0,0,0,0.670495022641723,0.22592006110163,1.43258497570571,0,0,0,-0.196489545104022,0,-8.11540031918292,0.0762215091494318,0,0,0,0,-0.0801123271620421,0
0,0,0,0,0,0,0,-0.501746664519426,0,0,0.64301922861252,0,0,0,0,0,0,0,0,0.14177701908569,0,0,0,0,0,-0.313830079761173,0,0,0,0,0,0,0,0,0,0,0,0,0,0,0,0,0,-0.613392745611881,0,0,0,0,0,0,0,0,0,0,0,0,0,0,0,0,0,0,0.493931845011284,0,0,0,0,0,0,0,0,0,0,0,0,0,0,0,0,0,0,0,0,0,0,0,0,0,0,0,0,0,0,0,0,0,0,0,0,0,0,0.0980000844272055,0,0,0,0,0,0,0,0,0,0,0,0,0,0,0,0,0,0,0,0,0,0,0,1.02478458410651,0.195710304922991,0,0,0,0,0,0,0,0.0330801628468893,0,0,0,0,0,0,0,0,0,0,0,0,0,0,-0.144816722866725,0,0,0,0,0.646624687094462,0,0,0,0,0,0,0.0606114294959299,1.05581365880393,0,0,0,0,0,-0.01313606592242,0,0,0,0,0.443905177110838,0,0,0,0,0,0,0,0,0,0,0,0,0,0,0,0,0,0,0,0,0,0,0,0,0,0
0,0,0,0,-0.00296714756230787,0,0,0,0.1227262427177,0,0,0,0.113257050473696,0,0,0,0,0,0,0,0,0,0,0,0,-1.11407970659771,0,0,0,0,0,0,0,0,0,0,0,0,0,0,0,0,0,0,0,0.307704174828934,0,0,0,0,0,0,0,0,0,0,0,0,0,0,0,0,0,0,0,0,0,0,0,0,0,0,0,0,0,0,0,0,0,0,0,0,0,0,0,0,0,0,0,0,0,0,0,0,0,0,0,0,0,0,0,0,0,0,0,0,0,0,0,0,0,0,0,0.415498542157982,0,0,0,0,0,0,0,0,0,0,0,0,0.180012925053964,0,0,0,0,0,0,0,0,0,0,0,0,0,0,0,0,0,0,0,0,0,0,0,0.0874692986734296,0,0,0,0,0,0,0,0,0,0,0,0,0,0,0,0,0,0,0,0,0,0.227309305318115,0.279726744606851,0,-0.107565125009929,0,0,0,0,0,0,0,0,0,0,0,0,0,0,0,0,0,0,0,0,0,0,0,0.498828612239531
0,0,0,0,0,0,-0.210419817808994,0,0,0,0,0,0,0,0,0,0,0,0,0,0,0,0,0,0,0.427266934968943,0,0,0.00318013164562569,0,0,0,0,0.422204660607639,0,0,0,0,0,0.258233609797686,0,0,0,0,0.399728386374926,0.705399583955439,0.0712096128568109,0,0,0.577115879043502,0,0,0,0,0,0,-0.245756013356001,0.319633039019263,0,0,0,0,0,0,0,0,0,0,0,0,0,0,0,0,0,0,0,0.0263249791888316,0,-0.171197163934948,0,0,0,-2.15223627867139,-0.889841525402463,-0.292829217567548,-0.556758144152518,0,0,0.545538104831083,0,0,0,0,0.116520549318559,0,0,0,0,-0.116804629517319,0,0.221569458101981,0,0,0,0,0,0,0,0,0,0,0,0,0,0,0,0,0,0,0.448893629908491,0.059379649637868,0,0.194118999641995,0,0,0,0,0,0,0.200089152397036,0.419309960373735,-0.175356508382338,0,0,0,0,0,0,0,0,0,0,0,0,0,0,0.266177215908953,0.108787677703875,0,-1.75427669380418,0,0,0,0,-1.77519496705593,0,0,0,0,0,0,-0.242336096456131,0,0,0,0,0.139288328156253,0,0,0,0,0,0,0,0,0,0,0,0,0,0,0,0.143008050842192,0,0,0,-0.217243932627967,0,0,0,0,0,-0.0395016246998392,0,0,0,0,0,0.143256897174892
0,0,0.350724546336494,0,0,0,0,0,0,0,0,0,0,0,0,0,0,0,0,0,0,0,0,0,0,0,0,0,0,0,0,0,0,0,0,0,0,0.0698859707270012,0,0,0,0,0,0,0,0,0,0,0,0,0,0,0,0,0,0,0,0,0,0,0,0,0,1.09314911980218,0,0,0,0,0,0,0,0,0,0,0,-0.0304728385184352,0,0.347522569526873,0,0,0,0,0,0,0,0,0,0,0,0,0,0,0,0,0,0,0,0,0,0,0,0,0,0,0,0,0,0,0,0,0,0,0,0,0,0,0,0,0,0,0,0,0,0,0,0,0,0,0,0,0,0,0,0,0,0,0,0,0,0,0,0,0,0,0,0,0,0,0,-0.501750585183464,0,0,0,0,0,0,0,0,0,0,0,0,0,0,0,0,0,0,0,0,0,0,0,0,0,0,0,0.133757260824141,0,0,0,0,0,0,0,0,0,0,0,0,0,0,0,0,0.450634851262867,0,0,-0.0420619501802593,0,0
0,0,2.60160862676192,0,0,0,-1.50567822033254,-0.0725776969931926,0,0.643068199570899,0,0,0,0,-0.183811180751039,0,0,0,0,0,-0.223448744820778,0,0,0,0,0,0,0.848158015262134,0,0,0,0,0,0,0,0,0,0,0,0,0,0,0,0.0384522629159609,0,0,0,0,0,0,0,0,0,0,0,0,0,0,0,0,0,0,0,0.285049981261347,0,-0.0119884402134882,0,0,0,0,0,0,0,0,0,0,0,0.786023075759023,0,0,0,0,-0.72692957708845,0,0,0,0,-0.0429358878061461,0,0,0,0,0,0,0,0,0,0,0,0,0,0,-0.676812268556024,0,0,0,0,0,0,0,0,0,0,-0.223889578707682,-1.30462993338162,0,0,0,0,0,0,0.138659408767905,0,0,0,0,0,0,-0.310887480439775,0,0,0,0,0,0.101569861489541,0,0,0,0,0,0,0,0,0,0,0,0,0.257317241111831,0,0,0.148294182644586,0,0,0,0,0,0,0,0,0,0.276099274860418,0,0,-1.14719502599404,0,0,0.235652657983742,0,0,0,0,0,0,0,0,0,0,-0.285637908281742,0,0,0,0.0914697320938911,0,0,0,0,0,0,0,0,0,0,0,0,0,0.0907183282134061,0.0638401602611205,0,0,0.0839567123514384
0,0,0.430520627174079,0,0,0,-1.90691362312173,0,0,0,0,0,0,0.0745071100499624,0,0,0,0,0,0,-0.131979752878693,0,0,0,0,0,0,0,0.0561724588241719,0,0,0,0,0,0,0,0,0,0,0,0,0,0,0.60375826288885,0,0,0,0,0,0,0,0,0,0,0,0,0,0,0,0,0,0,0,0,0,0,0,0,0,0,0,0,0,0.141296564951159,0,0,0,0.889896329701428,0,0,0,0,-0.913693210515198,-0.0774445366789875,0.659331271824657,0,0,-0.434047636520827,0,0,0,0,0.154859375858203,0,0,0,0,0,0,0,0,0,-0.0773125440703246,-0.135682439219583,0,0,0,0,0,-0.731379587963259,0,0,0.0110591063768994,0,-1.2017385054802,0,0,0,0,0,0,0,0,0,0,0,0,0,-0.285989251982047,0,0,0,-0.399642096292104,0,0,0.982285340770956,0,0,0,0,0,0,0.00791352441949744,0,0,0,0,0,0,0,0,0,0,0,0,0,0,0,0,0,0.871266443099298,0,0,-1.10315642552869,0,0,0.0476015278739432,0,0,0,0,0,0,0,0,0,0,0,0,0,0,0,0,0,0.761217159077819,0,0,0,0,0,0,0,0,0,0,0.242938673520403,0,0,0,0
0,0,0,0,0,0,0,0,0,0,0,0,0,0,0,0,0,0,-0.0786975615890528,0,0,0,0.570059506660244,0,0,0,0,0,0.129117511395195,0,0,0,0,0,0,0,0,0,0,-0.5348661745052,0,0,0,0,0,0,1.17700940094857,0,0,0,0,0,0,0,0,0,0,0.0690510333135614,0,0,0,0,0,0.625107616613445,0,0,0,0,0,0,0,0,0,0,0,0,0,0,0.217257219365398,0,0,0,0,0,0,0,0,0,0,0,0,0,0,0,0,0,0,0,0,0,0,0,1.93866982606366,0.112576508320486,0,0,0,0,0.00689467208864425,0,0,0.378177958040518,0,0,0,0,0,0,0,0,0,0,0,0,0,0,1.61359052424738,0,-0.00796613352268438,0,0,0,0.584030765652007,0,0,0,0,0,0,-0.159275674653977,0,0,0,0,0,0,0,0,0.23927796475827,0,0,0,0,0,0,0,0,0,0,0,0,0,0,0,0,0,0,0,-0.10069932779363,0,0,0,0,0,0,-0.422586571297025,0,0,0,0,0,0,0,0,0,0,0,0,0,0,0,0,0,0,-0.224803149939989,0,0,0,0,0
0,-0.287556470506321,-0.0560638024291304,0,0,0,0,0,0,0,0,0,0,0,0,0,0,0,0,0.0919877090314565,0,0,0,0,0,0,0,-0.524385796941992,0,0,-1.05577035330958,0,0,0,0,0,0,0,0,0.430004180759416,0,0,0,0,0,0.677528786744109,0,0,0,0,0,0,0,0,0,0,0,0,0,0,0,0,0,0,0,0,0,0,0,0,0,0,0,0,0,0,0,0,0,0.306149578287754,0,0,0,0,0,0,0,0,0,0,0,0,0,0,0,0,-0.0301794132915898,0,0,0,0,0.352371473425111,0,0,0,0,0,0,-0.497861440562759,0,0,0,0,0,0,0,0,0,0.541412777820381,0,-0.776933850947094,-0.0935649426004479,0,0,0,0,0,0,0,0,0.353614617836587,0,0,0,0,0,0,0,0,0,0,0.0471967459527463,0,-0.0551895133191738,0,0,0,0,0,0,0,0,0,0,0.413296453815825,0,0,0,0,0,0,0,0,0,0,0,0,0,0,0,0,0,0,0,0,0,0,0,0,0,0,0,0,0,0,0,0.12564703737237,-0.415642310750737,0,-0.138607400084821,0,0,0,0,0,0,0,0,0,0
0,0,0,0,0,0,0,0,0,0,0,0,0,0,0,0,0,0,0,0,0,0,0,0,0,0,0,0,0.287852694848125,0,0,0,0,0,0,0,0,0,0,0,0,0,0,0,0,0,0.132595243383298,0,0,0,0,0,0,0,0,0,0,0,0,0,0,0.160068058565084,0,0,0,0.780291096738147,0,0,0,0,0,0,0,0,0,0,0,0,0,0.115931079211479,0,0,0,-0.169985796738575,0,0,0,0,0,0,0,-0.552862881492878,0,0,0,0,0,0,0,0,0,0,0,0,0,0,0,0,0,0,0,0,0,0,0,0,0,0,0,0,0,0,0,0,0,0,0,0,0,0,0,0,0,0,0,0,0,0,0,0,0,0,0,0,0,0,0,0,0,0,0,0,0,0,-0.480176779259921,0,0,0,0,0,0,0,0,0,0,0,0,0,0,0,0,0,0,0,0,0,0,0,0,0,0,0,0,0,0,0,0,0,0,0,0,0,0,0,0,0,0,0,0,0
0,0,0,0,0,0,0,0,0,0,-0.159608306720113,0,0,0,0,0,0,0,0,0,0,0,0,0,0,0,0,0,-0.0651721969920604,0,0,0,0,0,0,0,0,0,0,0,0,0,0,0,0,0,0,0,0,0,0,0,0,0,0,0,0,0,0,0,0,0,0,0,0,0,0,0,0,0,0,0,0,0,0,0,0,0,0,0,0,0,0,0,0,0,0,0,0,0,0,0,0,0,0,0,0,0,0,0,0,0,0,0,0,0,0,0,0,0,0,0,0,0.12773803598627,0,0,0,0,0,0,0,0,-0.212061601249828,0,0,0,0,0,0,0,0,0,0,0,0,0,0,0,0,0,0,0,0,0,0,0,0,0,0,0,0,0,0,0,0,0,0,0,0,0,0,0,0,-0.0152922646109481,0,0,0,0,0,0,0,0,0,0,0,0,0,0,0,0,0,0,0,0,0,0,0,0,0,0,0,0,0,0,0,0,0,0,0,0
0,0,-1.40384121427698,0,1.78750200559172,0,-0.153806895115976,0,0,2.22821100795735,-3.10834354758114,0,0.413381057810784,0,0.361261561773076,-0.0572233815021759,0,0,0,0,0,0,0,0,-0.591169484709027,0,0,0,2.15094019114288,0,-2.53030060190369,0,0,0.320384745778759,0,0,0,0,0,-0.179782184134701,0,0,0,-4.06870952907512,0,3.16836812021889,1.43591337253591,0,0.0646882026814972,0,0,0,0,0,0,-0.173329049761565,0,0.906090430139258,-0.338694955669078,0,0,0,0,-0.0847555997249867,0,0,0,-0.849115994442339,0,0,0,0,0,0,0,0,0,0,0,0,0,0,-0.481733852662432,0,-1.00244827416331,0,-0.844824545388145,-1.38588116131245,0,-0.939169696608162,0,0,0,0,0,0,0,0,0,0,-0.415170949185791,-0.306034912090977,-0.0714274281962168,2.01208566799582,0,0,0,0,0,0,0,0,0,1.67510189918629,0,-0.285830589341296,0,0,0.776083165844487,0,0,0.909863269172333,-0.64862344413098,0,0,0,0,0,0,0,1.85266273379338,0,0,0,0,0,0,0,0,0,0,0,0,-0.955954103408651,-0.202605930005953,0,0,0,0,0,0,0,0,0,0,0,0,0,0,0.434542788566955,0.030049701633414,-0.944413265580075,0,0,0,0,0,-0.86484540868507,0,0,0.515182582169282,0,0.546877770625933,0,0,-1.78892583717376,0,0,0,0,0,0,0,4.85955479596523,0,0,0,-0.244245314827086,0,-0.83393857042376,0,0,0,0,0,0,0,-0.460948201625835,0,0
0,0,0,0,0,0,0,0,0,0,0,0,0,0,0,0,0,0,0,0,0,0,0,0,0,0,0,0,0,0,0,0,0,0,0,0,0,0,0,0,0,0,0,0,0,0,0,0,0,0,0,0,0,0,0,0,0,0,0,0,0,0,0,0,0,0,0,0,0,0,0,0,0,0,0,0,0,0,0,0,0,0,-0.310569840341554,0,0,0,0,0,0,0,0,0,0,0,0,0,0,0,0,0,0,0,0,0,0,0,0,0,0,0,0,0,0,0,0,0,0,0,0,0,0,0,-0.0962769449972587,0,0,0,0,0,0,0,0,0,0,0,0,0,0,0,0,0,0,0,0,-0.119553023853584,0,0,0,0,0,0,0,0,0,0,-0.0893274018832395,0,0,0,0,0,0,0,0,0,0,0,0,0,0,0,0,0,0,0,0,0,0,0,0,0,0,0,0,0,0,0,0,0,0,0,0,0,0,0,0.172430605457569,0,0,0,0.51298892677816,0
0,0,0.265898337645524,0,1.77817550075895,1.19170220548709,2.29534166538257,0.0992042037354255,0,0.711664808930432,0,0.4332582551916,0,0,0,0,0,-0.0736064053401746,-0.266302138175231,0.0644904222708076,0,0,0,11.6224311182422,0,0,0,0,0,0,0.330546249968471,0,0,0,0,0,1.53488904387972,0,0,0,0,0,0,0,0,0,0,0,0,0,-0.149182809476296,0,0,-0.0386308770371822,0,0,0,0,0,0,0,0,0,0.24251787816069,0.415709228938125,0,0,0,0,0,0,0,0,0.437064800434247,0,0,0,0,0,0.00134263863903383,-0.53952306380833,0,0,0,0,0,-0.281201415853754,0,0.326641867547941,0,0,0,0,0,0,0,0,0,0,0,-0.043434778597407,0,1.24105835235728,0,0,0,0,0,0.451627922134756,0,0,-1.28802435938153,-0.801998626432602,0,0,0,0,0,0,3.98974550634702,0,-1.61363524962533,0,0,0,-0.0527538321277661,0,-0.0153198068102687,0,-2.7005625818084,0,0,0,0,1.0182907579493,0,0,0,0,-0.0149020131180522,0,0.0545884371433716,0,0.186005572994544,0,0,0,0,0,-0.285189585887495,0,0,0,0,-0.971542073422753,0,0,0,0.377203497454886,0,1.45492485830761,0,0,0,0,0,0,0,0,0,-0.24574882804114,0,0,0,0,0,0,1.49307648754586,0,0,0,0,0,0,0,0,0,0,0,0,0,-0.0234372582939042,0,0,-1.73531012472006,0,0,0,0,0
0,0,0.104510744854305,0,0,0,1.29085307415718,0,0,0,0,0,0,0,0,0,0,0,-0.451516442315723,0,0,0,0,1.85193703572639,0,-0.313258945217239,0,0,0,0,0,0,0,0,0,0,0.352878669816331,0.102052190785733,0,0,0,0,0,0,0,0,0,0,0,0,0,0,0,0,0,0.199535958678016,-0.109413930275736,0,0,0,0,0,0,0,0,0,0,0,-0.120774305823868,0,0,0.140955006543746,0,0,0,0,0,0,-0.233346962083835,0,0,0,0,0,0,0.00469130051513611,0,0,0,0,0,0,0,0,0,0,0,0,0,0,0,0,3.04356107441847,0,0,0,0,0,0,0,0,-0.298765455180676,0,-0.165900100584318,0,0,0,0,0,0.836657999040539,0,-0.089768785027166,0,0,0,0,0,0,0,-0.545880922074182,0,0,0,0,0,0,0,0,0,-0.566855382632752,0,0,0,0,0,0,0,0,0,0,0,0,0,0,0,0,0,0,0,0,0,0,0,0.614086167697057,0,0,0,0,0,0,0,0,0,0,0,0,0,0,0,0,0,-0.0946212463389358,0,0,0,0,0,0,0,0,0,0,0,0,-0.216809426947293,0,0,0,0,0
0,0,0,0,0,0,0,0,0,0,0,0,0,0,0,0,0,0.42416709033406,0,0,0,0,0,0,0,0,0,0,0,0,0,0,0,0,0,0,0.611294115014962,0,0,0,0.798853950837468,-0.088379256250471,0,0,0,0,0,0,0,0,0,0,0,0,0,0.0131716556300157,0,0,0,0,0,0,-0.606202135020332,1.1449718023745,0,0,0,0,0.264800631758276,0,0,0,0,0,0,0,-0.324856457465492,0,0,0,0,0,0,0,0,0,0,0,0,0,0,0,0,0,0,0,0,0.679564543297511,-0.0627870836354543,-0.0754672715382154,0.532086807524172,0,0,0,0,0,0,0,0,0,0,0,0,0,0,0,0,-0.260410455935165,0,0,0,0,0.274664321412659,0,0,0,0,2.29770582428978,0.748456675366085,-0.918133363141914,0.979530901679925,0,-1.21768573804193,0,0,0,0,0,0,-0.0661434331428763,0,0,0,0,0,0,0,0,0,0,0,0,0,0,0,0,0,0,-7.79941225391364,0,0,0,0,0,0,0,0,0,0,0.0220598160399124,0,0,0,0,0,0,0,0,0,0.0531421713166624,0,-0.268562948349507,0,0,0,-0.366679388879844,0,0,0,0,0,0,0,0,-0.267481977925291,0,0,-0.153779193919176,0,0
6.02324398568615,0.0165573791469307,-3.92137679994418,0,4.08822114473883,0,0,0,1.17902353482518,0,0,0,0.555848308281425,0,0,0,0,-0.645357154818803,0,0.968494224008553,0,0,0,0,0,0,0,2.05812334913966,0,-0.183611745530539,0,0,0.252114408236482,0,0,0,0,0,0,0,0,0,0.00152188801530673,-1.15068347068257,0,0,-3.5527960879153,0,0,0,0,0,0,0,0,-0.0610163797390371,0,0,-0.658889367242411,0,0,0,-0.390179416702264,-4.1809886357617,0,0,0,0,0.524970625243236,0,0,0,0.598590334021986,0,-0.0774191441582111,0,0,0,0,0,-0.93348417374009,0,0,0,0,0.0832363890521488,0,0,0,0,0.276784205776558,-2.02716679919791,0.59605808921504,0,0,-0.0102608520032847,0.576227980107916,0,0,0,-1.230609270673,-2.07864654036497,0,0.173243056164534,0,0,0,-2.2114144062817,0,0,0,-2.09913431510994,0,0,0,-0.0603657054029645,0,0.112300004133361,0.174396025885802,0,0,-0.104644437329977,0,0,0,0,0,0,0,0.630164172150464,0.714932320146634,0,0,0,0.452042981983381,0,0,0,4.5185817232645,0,-0.55838360408807,0,0,0,0.684013877423063,0,0,0,0,0.0327174521445039,1.42797927205076,0,0,0,0,0,0,0,0,0.62328235196616,-0.283037883644038,0,0,0,0,0,0.759044314260718,0.0280023561413907,-0.235723545896179,0,0,0,0,-0.565572269915221,-0.120081178392467,0,0,0,0,0,0,4.83829264425669,0,4.63844941551561,1.05865374496188,-1.79176851802645,0,0,0,0,0,0,0.686021422306389,0,-0.766183139555597,-1.4131284474788,0,0,0,0
0,0,0,0,0,0,0,0,0,0,0,0,0,0,0,0,1.22491708665659,0,0,0,0,0,0,0,0,0,0.755196074288117,0,0,0,0,0,0,0,0,0,1.25262081000158,0,0,0,0,0,0,0,0,0,0,0,0,0,0,0,0,0,0,0,0,0,0,0,0,0,0,-1.76512298776562,0,0,0,0,0,0,0,0,0,0,0,0.873650197367502,0,0,0,0,0.00221145786766797,0,0,0,-0.200965649343298,0,0,0,0,0,0,0.151306426000704,0.703927666633903,0,0,0,0,0,0,0,0,0,0,0,0,-0.0644721509448625,0,0,0,0,0,-0.856778643627639,0,0,-0.0878041981029585,0,0,0,0,0,0,0,0,0,0,0,0,0,0,-0.28775565858433,0,0,0,0,0,0,-0.219089790627616,0,0,-3.20612698511976,0,0.907658761324413,0,0,0,0,0,0.796392730597044,0,0,0,0,0,0,0,0,0,0,0,0.0290330048782181,0,-1.20367600667432,0,0,0,0,0,0,0,0,0,0,0,0,-0.072717369375364,0,0,0,0,0,0,0,0,0,0,0.470709102201335,0,0,0,-0.133122849406784,0,0,0,0,0,0,0,0,0,0
-0.928045323914436,0,0,0,0,0,-0.192198231381321,0,0,0,0,0,0,-0.122324643290123,0,0,0,0,0.946948815707684,0.10167380260304,0,0,0,0,0,0,0,1.18718032468429,0,0,0,0,0,0,0,0,0,-0.553557262970244,0,0,0,-0.900049280748149,0,0,0,0,0,0,0,0,0,0,0,0,0,0.141641428143292,0,0,0,0,0,0,0,-0.0425897830553079,0,0,0,0,0,0,-0.667624712381078,-0.58512843040999,0,0,0,0,0,0,0,0,0,0,0,0,0,0,0,0,-0.105150176578358,0,0,0,0,0,0,0,0,0,0,0,0,0,1.62660398029208,0,0,0,0,0,0,0,0,-0.1708366444021,0,0,0,0,0,0,0,0,0,0,0,0,0,0,0,0,0,0,0,0,0,0,0,0,0,0,0,0.0188779827241701,0,0,0,0,0,0,0,0,0,0.619520660936192,0,0,0,0,0,0,0,0,0,0,0,0,0,0,0,0,0.0304024041404016,0,1.60736330971518,0,0,0,0,0,0,0,0,1.54399120887552,0,-0.163312059943697,0,0,0,0,0,0,0.193880025468018,0,0,0,0,0,0,0,0,0,0,0,0,0
0,0,0,0,0,0,0,0.109012457636068,0,0.395000056709911,0,0,0,0,-0.0999976392705038,0,0,0,0,0,0,0,0,0,0.0661620805082712,0,0,0,0,0,0,0,0,0,0,0,0,0,0,0,0,0,0,0,0,0,0,0,0,0,0,0,0,0,0,0,0,0.152603208356829,0,0,0,0,0,0,0,0.268775237233708,-0.236547901421528,0,0,0,0,0,0,0,0,0,0,0,0,0,0,0,0,0,0,0,0,0,0,-0.476598328743264,0,0,0,0,0,0,0,0,0,0,0,0,0,0,0,0,0,0,0,0,0,-0.168911070930214,0,0,0,0,0,0,0,0,0,0,0,0,0,0,-0.299722631649074,0,0,0,0,0,0,0,0,0,0,0,0,0,0,0,0,0.406305792939201,0,0,0,0.27971183547875,0,0,0,0,0,0,0,0,0,0,0,0,0,0,0,0,0,0,0,0,0,0,0,0,0,0,0,0,0,0,0,0,0,0,0,0,0,0,0,0,0,0,0,0,0,0,0,0,0,0.386046888546143,0,0
0,0,0,0,0,0,0,0,0,0,0,0,0,0,0,0,0,0,0,0,0,0,0,0,0,0,0,0,0,0,0,0,0,0,0,0,0,0,0,0,0,0,0,0,0,0,0,0,0,0,0,0,0,0,0,0,0,0,0,0,0,0,0,0,0,0,0,0,0,0,0,0,0,-0.0916436138355454,0.0094352341289623,0,0,0,-0.281810536069489,0,0,0,0,0,-0.0352059519477801,0,0,0,0,0,0,0,0,0,0,0,0,0,0.00734264218984126,0,0,0,0,0,0,0,0,0,0,0,0,0,0,0,0,0,0,0,0,0.371895762121568,-0.260055422204319,0,0,0,0,0,0,0,0,0,0,0,0,0,0,0,0,0,0,0,-0.0200158484582771,0,0,0,0,0,0,0,0,0,0,0,0,0,0,0,0,0,0,0,0,0,0,0.35187861495926,0,0,0,0,0,0,0,0,0,0,0,0,0,0,0,0,0,0,0,0.337160130915002,0,0,0,0.316522634578043,0,0,0,0,0,0,0,0,0,0,0,0
0,0,0,0,0,0,0,0,0,0,0,0,0,0,0,0,0,0,0,0,0,0,0,0,0,0,0,0,0,0,0,0,0,0,0,0,-0.1597672024677,0,0,0,0,0,0,0,0,0,0,0,0,0,0,0,0,0,0,0,0,0,0,0,0,0,0,0,0,0,0,0,0,0,0,0,0,0,0,0,0,0,0,0,0,0,0,0,-0.433551201136894,0,0,0,0,0,0,0,0,0,0,0,0,0,0.26075898210904,0,0,0,0,0,0,0,0,0,-0.273288102079494,0,0,0,0,0,0,0,0,0,0,1.19809573646401,0,0,0,0,0,0,0,0,0,0,0.0666425416092453,0,0,0,0,0,0,0,0,0,-0.521278356893032,0,0,0,0,0.233375782662979,0,0,0,0,0,0,0,0,0,0,0,0,0,0,0,0,0,0.515627964718987,0,0,0,0,0.161937970473355,0,0,0,0,0,0,0,0,0,0,0,0,0,0,0,-0.317267514140421,0,0,0.835659097617726,0,0,0,0,0,0,0,0,0,0,0,0
0,0,0,0,0,0,0,0,0,0,0,0,0,0,0,0,0,0,0,0.027730761408423,0,0,0,0,0,0,0,0,0,0,0,0,0,0,0,0,0,0,0,0,0,0,0,0,0,0,0,0,0,0,0,0,0,0,0,0,0,0,0,0,0,0,0,0,0,0,0,0,0,0,0,0,0,0,0,0,0,0,0,0,0,0,0,0,0,0,0,0,0,0,0,0,0,0,0,0,0,0,0,0,0,0,0,0,0,0,0,0,0.244292163406584,-0.300230237494727,0,0,0,0,0,0,0,0,0,0,0,0,0,0,0,0,0,0,0,0,0,1.04510235941769,0,0,0,0,0,0,0,0,0.298944875646831,0,0,0,0,0,0,0,0,0.332051652443411,0,0,0,0,0,0,0,0,0,0,0,0,-0.151716892709508,0,0,0,0,0,0,0,0,0,0,0,0,0,0,0,0,-0.236189876847925,0,0,0,0,0,0,0,0,0,0,0,0,0,0,0.161674268411379,0,0,0,0,0
0,0,0,0,0,0,0,0,0,0,0.144445632120769,0,0,0,0,0,0,0,0,0,0,0,0,0,0,0,0,0,0,0,0,0,0,0,0,-0.321289972923235,0,0,0,0,0,0,0,-0.525268064207409,0,-0.830527492743664,0,0,0,0,0,0,0,0,0,-0.588744619223262,0,0,0,0,0,0,0,0,0,2.01979746392752,0,0,0,0,0,0,0,0,0,0,0,0,1.32720873383314,0,0,0,0,-0.352335650898868,0,1.39117540469833,0,0,0,0,0,0.187320452444998,0,0,0.952934090757225,0,0,0,0,0,0,0,0,0,-0.911490025779906,0,0,0,0,0,0,0,0,0,0,0,0,0,0,0,0,0,0,0,0,0,0,0,0,0,0,0,0,0,0.543394107881849,0,0,0,0,-0.761906333922859,0,0,0,0,0,0,0,0,0,0,0.764244514656985,0,0,0,-0.0853694003252352,0,0,0,0,-0.292824664611754,0,0,0,0,0,0,0,0,0.847165916230752,0,0,0,0,0,0,0,0,0,0,0,0,0,0,-0.935355038620053,0,0,0,0,0,0.168357801286763,0,0,0.143242458577955,0,0,0,0,0,0,0
0,0,0,0,0,0,0,0,0,0,0,0,0,0,0,0,0,0,0,0,0,0,0,-0.0207749719290331,0,0,0,0,0.149863285236622,0,0,0,0,0,0,0,0,0,0,0,0,0,0,0,0,0,0,0,0,0,0,0,0,0,0,-0.564890408663873,0,-0.0913770335743449,0,0,0,0,0,0,0,0,0,0,0,0,0,0,0,0,0,0,0,0,0,0,0,0,0,0,1.47376425791565,0,0,0,0,0,0,0,0,0,0.218077153860804,0,0,1.10906269912909,0,0,0,0,0,-0.00655677810410094,-2.83384670949925,-0.11923824121116,0,0,0,0,0,0,0,0,0,0,0,0,0,0,0,0,0,0,0,0,0,0,0,0,0,0,0,0,0,0,0.584636253966885,0,0,-0.727307945866229,0,0,0,0,0,0,0,0,0,0,0,0,0,0,0,0,0,0,-1.08078978257337,0,0,0,0,-0.0128002531499871,0,0,0,0,-0.674452148280108,0,0,0,0,0,0,0,0,0,0,0,0,0,0,0,0,0,0,0,0,0,0,0,0,0,0,0,0,0,0,0
0,0,0,0,0,0,0,0,0,0,0,0,0,0.0385947242076763,0,0,0,0,0,0,-0.48349604723746,0,0,0,0,0,0,0,0,0,0,0,0,0,0,0,0,0,0,0,0,0,0,0,0,0,0,0,0,0,0,0,0,0,0,-0.112196831849197,0,-0.242261923886488,0,0,0,0,0,0,-0.358882993035255,0,0,0,0,0,0,0.192006105258927,0,0,0,0,0,0,0,0,0,0,0,0,2.1199066338579,0,0,0.693471157596762,0,0,0,0,0,0,0,0,0,1.80616055844662,0,0,0,0,0,0,-3.45112847447539,0,0,0,0,0,0,0,0,0,0,0,0,0,0,0,-0.278593281328104,-0.364982386542841,0,0,0,0,0.76029973898928,0,0,0,0.0731089398960212,0,0,0,0,0,0.413691826404269,0,0,-0.464418985354259,0,0,0.0911327404226052,0,0,0,0,0,0,0,0,0,0,0,0,0,0,0,-1.96930702997147,0,0,0,-0.198957412759687,0,0,0,0,0.0930906605574295,-0.122866639023159,0,-0.108797570269599,0,0,0,0,0,0,-0.0128116040178679,0,0,0,0,0,0,0,0,0,-0.414753006641324,0,0,0,0,0,0,0,0,0,0,0,-0.927378302371785
0,0,0,0,0,0,0,0,0,0,0,0,0,0,0,0,0,0,0,0,0,0,0,0,0,0,0,0,0,0,0,0,0,0,0,0,0,0,0,0,0,0,0,0,0,0,0,0,0,0,0,0,0,0,0,-2.35602306080959,0,0,0,0,0,0,0,0,0,0,0,0,0,0,0,0,0,0,0,0,0,0,1.12272367997586,0,-0.219380667206251,0,0,0,0,-1.97572820305277,0,0,0,0,0,0,0,0,0.207646052244606,0,0,0,0,0,0,-0.0857828700744265,0,0,0,0,0,0,0,0,0,0,0,0,0,0,0,0,0,0,0,0,0,0,0,0,0,0,0,0,0,0,0,0,0,0,0.358773587348842,0,0,0,0,0,0,0,0,0,0,0,0,0,0,0,0,0,0,1.49198482429947,0,0,0,0,-1.07541998871047,0,0.0524209367819146,0,0,0,0,0,0,0,0,0,0,0,0,0,0,-0.283688987237451,0,0,0,0,0,0,0,0,0,-0.0699105588410498,0,0,0,0,0,0,0,0,0,0,0,0
0,0,0,0,0,0,0,0,0,0,0,0,0,0,0,0,0,0,0,0,0,0,0,0,0.487448930603349,0,-0.722343460686014,0,0,0,-0.0802010387937371,0,0,0,0,0,0,0,0,0,0,0,0,0,0,-0.4962581168341,0,0,0,0,0,0,-0.164200463579026,0,0,-3.6470555469065,0,0,0,0,0,0,0,0,0,0,0,0,0,0,0,0,0,0,0,0,0,0,0,0,-0.0315714616924148,0,0,-0.220131046940445,0,0.0866273741801349,0,0,0,0,0,0,0,0,0,0,0,0,0,0,0,-0.350905495064794,0,0,0,0,0,0,0,0,0,-0.145117739440212,0,0,0,0,0,0,0,0,0,0,-0.700350230900772,0,0,0,0,0,0,0,0,0.252324090208895,-0.33503078855191,0,0,0,0,0,0,0,0,0,0,0,0,0,0,0,-0.0854369917785152,0,0,0,0,0,0,0,0,0,0,0,0,0,0,0,0,0,0,0,0,0,0,0,0,0,0,0,0,0,0,0.320479675880702,0,0,0,0,0,0,0,-0.509694222780669,0,0,0,0,0,0,-0.139784232918143,0,0,0,0,0
0,0,0,0,0,0,0,0,0,0,0,0,0,0,0,0,0,0,0,0,0,0,0,0,0,0,0,0,0,0,0,0,0,0,0,0,0,0,0,0,0,0,0,0,0,0,0,0,0,0,0,0,0,0,0,-0.997672730531278,0,0,0,0,0,0,0,0,0,0,0,0,0,0,0,0,0,0,0,0,0,0,0,0,0,0,0,0,0,0.347185124805771,0,0,0,0,0,0,0,0,0,0,0,0,0,0,0,0,0,0,0,0,0,0,0,0,0,0,0,0,0,0,0,0,0,0,0,0,0,0,0,0,0,0,0,0,0,0,0,0,0,0,0,0,0,0,0,0,0,0,0,0,0,0,0,0,0,0,0,0,0,0,0,0,0,0,0,0,0,0,0,0,0,0,0,0,0,0,0,0,0,0,0,0,0,0,0,0,0,0,0,0,0,0,0,0,0,0,0,0,0,0,0,0,0,0
0,0,0,0,0,0,0,0,0,-0.240426481234863,0,0,0,0,0,0,0,0,0,0,0,0,0,0,0,0,0,0,0,0,0,0,0,0,0,0,0,0,0,0,0,0,0,0,0,0,0,0,0,0,0,0,0,0,0,0,0,0,0,0,0,0,0,0,0,0,0,0,0,0,0,0,0,0,0,0,0,0,0,0,0,0,0,0,0,0,0,0,0,0,0,0,0,0,0,0,0,0,0,0,0,0,0,0,0,0,0,0,0,0,0,0,0,0,0,0,0,0,0,0,0,0,0,0,0,0,0,0,0,0,0,0,0,0,0,0,0,0,0,0,0,0,0,0,0,0,0,0,0,0,0,0,0,0,0,0,0,0,0,0,0,0,-0.109501122212332,0,0,0,0,0,0,0,0,0,0,0,0,0,0,0.447267927326926,0,-0.00190897170752913,0,0,0,0,0,0,0,0,0,0,0,0,0,0,0,0,0,0,0,0
0,0.121210765109077,0,0,0,0.176280632469537,0,0.0386246509168298,0,0,0,0,0,0,0,0,0,1.38924395265767,0,0,0,0,0,0,0,0,-0.32687819236452,0,0,-0.810773640154799,0,0,0,0,0,0.296257891658301,0,0,0,0,0,0,0,0,0,0,0,0,0,0.427090610463689,0,0,0,0,0,0,0,0,-0.165146615128445,0,0,0.614639231103024,0,0.528297215419615,-0.266612463107237,-0.370048946144748,0,0,0,0,0,0,0,0,0,-4.29132834920904,-0.893344650488394,0,0.220398756148914,0,0.277858458778217,0,1.14931718539239,0,1.96663037350192,0.0580632407341322,0,-0.401372384442153,0,-0.26372219734664,0,-0.726167199197427,0,0,0.42145263101066,0,0,0,0,0,0.438300908386713,0,0,0,0,-0.352141016417248,0,0,-1.07587586543078,0,0.209792099725968,-0.520680056434464,0,-0.0233176895078899,0,0,0,-4.62204223700122,0,0,0,0,0,0.328639949327932,0,0,0,0,0,0,0,0,-0.529818849333536,0,0,0,0,0.538261710999018,0,0,0,0,0,-2.01854597961297,0,0,0,0,0,0,0,0,0,0.0181217322065879,1.90684677084464,0,0,0,0,0,0,0,-0.518020052727087,0,0,0.432700526220326,0,0,-1.55652992998805,1.24489984395445,0,0,0,0,0.255127948316741,0,0,0,0,0,0,0.732657583322643,0,0,0,0,0,0,0,0,0,0,0,0,0.443097460407818,1.03039314827969,0,0,0,0
0,0,0,0,0,0,0,0,0,0,0,0,0,0,0,0,0,0.244670805876031,0.638195083143038,0,0,0,0,0,0,0,0,0,0,0,0,0,0,0,0,-0.0510975475548394,0,0,-0.111721582940496,0,0,0,0,0,0,0,0,0,0,0,0,0,0,0,0,0,0,0,0,0,0,0,0,0.698274432169887,0,0,0,0,0,0,0.254307920948768,0,0,0,1.51970039407134,0.160625546412956,0,0,0,0,0,0,-0.470971529251986,0,0.22528657849918,0,0,0,0,0.524539217666997,0,-1.03664696030146,0,0,0,0,0,0,0.397498047289498,0,0,0,0,-0.175865991535892,0,0,0,0,0,0,0,0,0.0791252926149251,0,1.28071381153611,0,0,0,0,1.109038125286,0,0,0,0,0,0,0,0,0,0,0,0,0,0,0,0,0,0,0,0,0,0,0,0,0,0,0,0,0,0,0,0,0,-3.07843707371287,0.276633279411167,0,0,0,-0.183744444734218,0.405975798681159,0,0,0,0,0,0,0,0,0,0,0,0,0,0,0,0,0,0.0604277267931546,0.989770355652119,0,0,0,0,0,0,0,0,0,0,0,0,0,0,0,0,0,0,0.203135599452366,0,0
0,0,0.0160946501182015,0,0,0,0,0,0,0,0,0,0,0,0,0,0,0,0,0,0.274465349627647,0,0,0,0,0,0,0,0,0,0,0,0,0,0,0,0,0,0,0,0,0,0,0,0,0,0,0,0,0,0,0,0,0,0,0,0,0,0,0,0,0,0,0,0,0,0,0,0,0,0,0,0,0,0,0,0,0,-0.219732912308997,0,1.36438643614561,0,0,0,-0.332052469261032,0,0,0,0,0.279941345072618,0,0,0,0,0,0,0,0,0.0446184036231123,0,0,-1.32716165019249,0,0,0,0,0,0,0,0,0,0,0,0,0,0,0,0,0,0,0,0,0,0,0,0,-0.109942348510981,0,0,0,0,0,0,0,0,0,0,0,0,-1.00300398875305,0,0,0,-0.966615812888777,0,2.57767787415326,0,0,0,0,0,0,0,0,0,0,0,0,0,0,0,0,0,0,0,0,0.0934872250834018,-0.408015787118181,0,0,0,0,0,0,0,0,0,0,0,0,0,0,0,0,0,0,0,0,0,0,0,0,0,0,0.0816700115600237,0,0,0,0,0
-0.0312557740470003,0,0,0,0,0,0,0,0,0,0,0,0,0,0,0,0,0,0,0,0,0,0,0,1.36683830805425,0,0,0,-0.144777027393821,0,0,0,0,0,0,0,0,0,0,0,0,0,0,0,0,0,0.0273171054145891,0,0,0,0,0,0,0,0,0,0,-0.279938527450589,0,0,0,0,0,0,0,0.474872627301421,0,0,0,0,-0.990318342683195,0,-0.167677723346815,0,0.369957564994353,0,0,0,0.690769012504033,0,0,0,0.461138530251189,0,0,0,0,0,0,0,0,0,0,0,0.55683612129973,0,0,0,0.243304306935678,-0.872104983856136,0.438583807698895,0,0,0,0,0,0,0,0,0,0,0,0,0,0,0,0,0,0,0.393797449999494,-0.0894756327335227,0,-0.28540181783439,0,0,0,0,0,0,0,-0.478319667365168,0.336303286308556,0,0,0,0,0,0,0,0,-0.474413483997565,0,0,0,0,0.824285242070999,0,0,0,-0.169324810594812,0,0,0,0,0,0,0,0,0,0,0,0,0,0.0630529752729088,0,0.476675430965786,0,0,0,0.0243509751936037,0,0,0,0,0,0,0.3962066515555,0,0,0.250015691007525,0,0,0,0,0,0,0,0,0,0,0,0,-1.37297761117999,0,0,0,0,0,0,0
0,0,0,0,0,0,0,0,0,0,0,0,0,0,0,0,0,0,0,0,0,0,0,0,0,0,0,0,0,0,0,0,0,0,0,0,0,0,0,0,0,0,0,0,0,0,0.0143662626083281,0,0,0,0,0,0,0,0,0,0.790078740852485,0,0,0,0,0,0,0,0,0,0,0,0,0,0,0,0,0,0,0,0,0,0.867692807509445,0,0,0,-0.0953213847822607,0,0,0,0,0,0,0,0,0,0,0,0.273175485180963,0,0,0,0,-0.229513238743208,0,-0.0369675281410664,0.226936754575465,0,0,0,0,0,0,0,0,0,0,0.456060720381268,0,0,0,0,0,0,0,0,0,0,0,0.23389390167248,0,0,0,0,0,0,0,0,0,0,0,0,0,0,0,0,0,0,0,0,0,0,0,0,0,0,0,0,0,0,0,0,0,0,0,0,0,0,0,0,0,0,0,0,0,0,0,0,0,0,0,0,0,0,0,0,0,0,0,0,0,0,0,0,0,0,0,0,0,0,0,0,0,0
0,0,0,0,0,0,0,0,0,0,0,0,0,0,0,0,0,0,0,0,0,0,0,0,-0.121128964446825,0,0,0,0,0,0,0,0,0,0,0,0,0,0,0,0,0,0,0,0,0,0,0,0,0,0,0,0,0,0,0,0,0,0,0,0,0,0,0,0,0,0,0,0,0,0,0,0,0,0,0,0,0,0,0,0,0,0,0,0,0,0,0,0,0,0,0.453431129531783,0,0,0,0,0,0,0,0,0,0,0,0,0,0,0,0,0,0,0,0,0,0,0,0,0,0,0,0,0,0,0.284527334636448,0,0,0,0,0,0,0,0,0,0,0,0,0,0,0,0,0,-0.0587187160773377,0,0,0,0,0,0,0,0,0,0,0,0,0,0,0,0,0,0,0,0,0,0,0,0,0,0,0,0,0,0,0,0,0,0,0,0,0,0,0,0,0,0,0,0,0,0,0.287633476801882,0,0,0,0,0,0,0,0,0,-0.153440924159367,0,0
0,0,0,0,0,-1.9370651738672,0,0.618102879715427,0,0,0.305143532177887,0,0,0,0,0,0,0,0,0,-1.62983544606027,0,0,0,-1.51409662484143,0,0,0.146102112083309,-0.482187770831217,0,0,0,0,-0.420402532905584,0,0,0,0.316189361521385,0,0,0,0,-0.230654351872977,0,-0.298604338125154,0,0.411051068917604,0,0,0,0,0,0,0,0,0,0,0.246751506441793,0,0,0,0,0.0867158017914971,0,-0.254828038293902,0,0.862827693491997,0,0,0,0,0,0,0,0,0,0,0.149232331166592,0.514767976559831,0,0,0,0,0,0,0,0,0,0,0,0,0,0,0,0,0,-0.0484557641803163,0.530271838561128,0,0.423999475024297,0,0,0,0,0,-0.00343494555639823,0,-0.473374321790193,0,0,0,0,0,0,0,0,0,0,0,0,0,0,0.675629840287817,0,0,0,0,0,0,0.19862469855603,0,0,-0.11578840713616,0,0,0,-0.0092077037427083,0,0,0,0,0,0,0,0,0,0,0,0.985440615036978,0,0,0,-0.392664159745756,-0.103339307058173,0,0,0,0,0,0,0.383900549980448,0,0,0,0,0,0,0,0,0,0,0,0,0.0631732862124259,0,0.455703389992345,0,0,0,0,0,0,0,0,0,-0.341872059231431,0,0,0,0.198559636969522,0,0,0,0,-1.12824305130445,0,0,0,0,0
0,0,0,0,0,0,0,-1.41100701327158,0.341783139547569,0.0394267519576741,0,0,0,0,0.126546211335634,0,0.596824311309069,0,0,0.683266317148689,0,0,0,0,0,0,0,0,0,0,0,0,0,0,0,0,0,-0.228969907338693,0,0,-0.829463636489913,0,0,0,0,0.172967766198446,0,0,0,0.557201754259237,0,0,0,0.275388211878574,0,0,0,0,0.800933895365044,0,0,0,-0.153467882824763,0,0,-0.0256774291976654,0,0,0,0,0,0,0.265199244906354,0,0,0,0,0,0,0,-0.102990893551727,0,-0.241268191243988,0,0,0,0,-0.0410428559528624,0,0,0,0,0,0,0,0.340401505902182,0,0,0,0.0664201581708537,0,0,0,0,0,0,0,0,0,0,-10.2265979318387,0,0,0,0,0,0,0,0,0,0,-1.2698512940832,0,0,0,0,0,1.46733257345679,0,0,0.0751818621088045,0,0,0,2.68783642368143,0,0,0,0,-0.796067383920267,0,0,0,0,0,0,0,0,0,0,0,0,0,0,0,0,0,0,0,0,-2.76515866154126,0,0,-0.171189113811096,0,0,0,0,0,0,0,0,0,0,0,0,0,0,0,0,0,0,0,0,0,-0.435485582298492,0,2.46329317495917,0,0,0,0,-0.0626975283181288,0,0,0,0.711222154289065,0,0,0
0,-0.543317451226707,0,0,0,0,-0.627363105831333,0,0,0.358024268431289,0.39929607243908,0,0,0,0,0,0,0,0.187038826372378,0,0,0,2.78831771918986,0,0,0,0,0,-1.62768288838689,0,0,0,-0.454660972891577,0.104383158185793,0,-0.0305930402983665,0,0,0,0,0,-1.0051924790481,0,0,0.106465852753509,0,-0.747071569147806,0,0,0,0,0,0.0804007775137474,0,-0.362006861622666,0,-0.979097291974123,0,0,0,0,0,0.558010090023045,0,0,0.17126146011757,0,0,0,0,-0.14033106224605,0,0,0,0,0,0,0,0,-0.208415240377794,0,0,-0.409938458346335,0,0,0,0,0.70159662802232,0.358138378145356,-0.818672491943364,-0.154937886752771,0,0,0,0,0,0,0,0,0,0,0,0,-1.4656618076147,0,-1.8970638043849,0,0,0,0,-0.873218869182111,0,0,0,0.337455596104191,0,0,0,0,0.837074421266397,-0.510534410131522,0,0,0,0,0,0,1.22981012510177,0,0,0,0,0,0,-0.298777024020985,0,-2.13062327043095,0,0,0,0,0,0,0,0,0,0,0,-0.131266868031522,0,0,0,0,0,0,0,0,0,0,0.204010129498175,0,0,0,0,0,0,0.00293008959198993,0,0,0,0,0,0,0,-0.464712261351483,0,0,0,0,0,0,0.164766161608179,0,0,0,0,0,0,0,0,0,0,0,0,0,0.17587566018669,0,0,5.0485176773817,0
0,0,1.42725490778302,0,-0.459084143619538,0,0,0,0,0,0,0,0,0,0,0,-1.14374274069121,0,0,0,0,0,0,0.287055212808409,-0.158099988940369,0,0,2.20963686521237,0.975676784564214,0,0,0,0,-0.405992818494002,0,0,0,0,0,0,0,0,0,0,0.314817117530462,0,0,0,0,0,0,0,0,0.561156003316779,0,0,0,0,0,0,0,0.192408973095298,0,-1.1831288753993,0,0,0,0,0,0,0,0,0,0,0,0,0,0,0,0,0.576370329999865,0,0.721123721764904,0,0,2.13965818883006,0,1.01559628752203,0,0,0,0,0,0,-0.197137768322855,0,0,0,0,0,0,0,0,0,0.120321573334857,0,0,0,0,0,0,0,0,0,0,-0.287516765034425,0,0,0,1.18085300785296,0,0,0,0,0,0,0,0,0,0,0,0,0,0,1.31970589812647,0,0,0,0,-1.44882575982553,0,0,0,0,0,0,0,0.464482923797892,0.12511154623425,0,-0.331193938359235,0,0,0,0,0,0,0,0,0,-0.0027176275953209,0,0,0,0,0,0,0,0,0,0,0,0,-0.115182410654823,0,-1.73348942567287,0,0,0,-0.18800754483742,0,0,0,0,0,0,0,0,0,0,0,0,0,0,-1.01877191597157,-0.423253241387157,0,0,0,-2.29801136097542
0,0,2.2185648822967,0,0,0,0,0,0,0,0,0,0.36583201802544,0,0,0,0,0,0,0,0,0,0,0,0,0,0,-1.04786693740041,0,0,0,0,0,0,0,0,0,0,0,0,0,-0.474100839187932,0,0,0,0,0,0,0,0,-0.739024796356882,0,0,0,0,0,0,0.0200202922255148,0,0,-0.117969065173777,0,0,0,0.297006213841202,0,0,0,0,0,0,0,0.266287895531394,0,0,0,0,0,0,0.634450441423129,0,0,0,0,0,0,-0.42012010385078,0,0,0,0,0,0,0,0,0,0,0,0,0,0,-1.4933877471991,0,0,0,-0.473945858785521,0,0,0,0,0,0,0,0,0,0,0,0,0,0.743218122125513,0,0,0,0,0,0,0,0,0,0,2.09644433916425,0,0,0,0.192310467284949,0,0,0.517022856743033,0,0,-0.396494155583795,0,0,0,0,7.73067747248025,0,-0.118887980684345,0,-0.158050858956968,0,0,0,0,-0.632404408665109,0,0,0,0,0,0.718260244488181,0,0,-1.49376947202097,0,0,0,0,0,0,0,0,0,0,0,0,0.0571851470185876,0.3897569513928,0,0,0,-0.190869699849086,0,0,-0.435968347966517,0,0,0,0,0.400025536472664,0,0,0,0,-0.154550261503429,0,0,0,0,0
0,0,0,0,0,0,0,0,0,0,0,0,0,0,0,0,0,0,0,-0.134116439155241,0,0,0,0,0,0,0,0,0,0,0,0,0,0,0,0,0,0,0,0,0,0,0,0,0,0,0,0,0,0,0,0,0,0,0,0,0,0,0,0,0,0,0,0,0,0,0,0,0,0,0,0,0,0,0,0,0,0,0,0,0,0,0,0,0,0,0,0,0,0,0,0.0483597522711305,0,0,0,0,0,0,0,0,0,0,0,0,0,0,0,0,0,0,0,0,0,0,0,0,0,0,0,0,0,0,0,0,0,0,0,0,0,0,0,0,0,0,0,0,0,0,0,0,0,0,0,0,0,0,0,0,0,0,0,0,0,0,0,0,0,0,0,0,0,0,0,0,0,0,0,0,0,0,0,0,0,0,0,0,0,0,0,0,0,0,0,0,0,0,0,0,0,0,0,0,0,0,0,0,0,0,0,0
0,0,0,0,0,0,0,0,0,0.0079882915413918,-0.122716088512163,0,0.158528404711873,0,-0.847045799333582,0,0,0,0,0,0,0,-0.209281994125163,0,0,0,0,0,0,0,0,0,0,-0.065958456578858,0,0,0,0,0,0,0,0,0,0,0,0,0,0,0,0,0,0,0,0,0,0,0,0,0,-0.378963027740285,0,0,0,0,0,0,-0.215640565503046,0,0,0,0,0,0,0,0,0,0,0,0,0,0,0,0,0,0,0,0,0,0,0,0,0.741759109486511,0,0,0,0,0,0,0,0,-0.134663176716701,0,0,0,0,-0.169653682980322,0,0,0,0,0,0,0,0,0,0,0,0,0,0,0.148987975908176,0,0,0,0,0,0,0,0,0,0,0,0,0,0,0.193306236254001,0.0714263919499085,0,0,0,0,0,0,0,0,0,0,0,0,0,0,0,0,0,0,0,0,0,0,0,0.138422889457687,0,0,0,0,0,0,0,-0.670217564835804,0,0,0,0,0,0,0,0,0,0,0,0,0,0,0,0,0,0,0,0,0,0,0,0,0,0,0,0,0,0,0
0,0,0,0,0,0,-1.57011022059691,0,0,0,0,0,0,0,-0.0645612742417072,0,0,0,0,0,0,0,0,0,0,0,0,0,0,0,0,0,0,0,0,0,0,0,0,0,0,0,0,0,0,0,0.697734440001123,0,0,0,0,0,0,0,0,0,0,0,0,-0.262602306654698,0,0,0,0.530100109704931,0,0,0,0,0,0,0,0,0,0,0,0,0,0,0,0,0,0,0,0,0,0,0,0,0,0,0,0.671561801482578,0,0,0.385275750946472,0,0,0,0,0,0,-0.0717899257342909,0,0,0,0,0,0,0,0,0,0,0,0,0,0,0,0,0,-0.0273339504667347,0,0,0,0,0,0,0,0,0,0,0,0,0,0,0,0,0,0.729213192837389,0,0,0,0,0,0,0,0,0,-0.341922535645901,0,0,0.306545218282813,0,0,0,0,0,0,0,0,-0.462770922505402,0.264330426213115,0,0,0,0,0,0,0,0,0,0,0,0,0,0,0,0,0,0,0.0612067986799314,0,0.123924287928685,0,0,0,0,0,0,0,0,0,0,0,0,0,0,0,0,0,0
0,0,0,0,0,0,-0.957060503404602,0.246544008160116,0,0,-0.074114040331813,0,0,0,-1.49548165972557,0,0,0,0,0,0,0,0,0,0,0,0,0,0,0,0,0,0,0,0,0,0,0,0,0,0,0,0,0,0,0,-1.22411328198957,0,0,0,0,0,0,0,0,0,-0.164935676486163,0,0,0,0,0,0,0,0,0,0,0,0,0,0,0,0,0,0,0,0,0,0,0,0.474875118394017,0,0,0,0,0,0,0.0110019044983165,0,0.970195729809689,0,0.442898145781817,0,0,0.926716298467646,0,0,0,0,0,0,0,0,0,0,0,0,0,0,0,0,0,0,0,0,0.182480438897377,0,0,0,0,0,0,0,0,0,0,0,0,0,0,0,0,0,0,0,0.0829450624317909,0.860926428078064,0,0,0,0,0.109261742883858,0,0,0,0,0,0,0,0,0,0,0,0,-0.712548154731711,0,0,0,-0.130436023061487,0,0,0,0,0,0,0,0,0,0,0,0,0,0,0,0,0,0,0,0,0.473593000594285,0,0,0,0.164383490435312,0,0,0,1.6415939268438,0,0,0,0,0,0,0,-0.226807244864337,0,-0.248855205801658,0,0
0,0,0,0,0,0,-0.0222521375289246,0,0,0.374512426464434,0,0,0,0,-3.77368320655297,0,0.499258429673957,0,0.00652520502592502,0,0,0,1.18072749599481,0,0,1.18060447702763,-0.812559788728937,0.614836513106795,0,0,0,0,0,-0.0354827852509094,0,0,0,0,0,-0.576456944218154,0,0,0,0,0,0,0,0,0,0,0,0,0,0,0,0,0,0,0,0,0,0,0,0,0,0,0,0,0,0,0,0,0,0,-0.19203850164682,0,0,0,0.674028604292143,0,0,0,0,-0.453608254799461,0,-1.4655551836612,0,0,0,-0.770541631313261,0,0,0,0,0,0,0,0,0,0,0,0,0,0,0,0,0,0,0,0,0,0,0,0,0,0,0,0,0,0,0,0,0.606708994028537,0,0,0,1.09512257462761,0,0,0,0,0,0,0,0,0.255043734606288,1.84295765369658,0,0,-0.133267847166096,0,0,0,0,0,0,0,0.88739492268774,0,0,1.34195563476528,0,0,0,0,0,0,0,0,0,0.331822194406485,0,0,-0.878682415115516,0,0,0,0,0,0,0,0,0,0,-0.530748962642718,0,0,0,0,-0.142755624874317,0,0,0,0,0,0,0.168975746183357,0,0,0.664789026518956,0,0,0,0,0,0,0,0.350801121395625,0,0
0,0,0,0,0,-0.134881159758763,0,0,0,0,0,0,0,0,-3.12392291556796,0,0,0,0,0,0,0,0,0,0.498561896544311,0.400813715150091,-0.72124854712629,0,0.406996329088984,0,0,0,0,0,0,-0.460546976644772,0,-0.101128151537638,0,0,-0.459733130206812,-0.331788637155239,0,0,0,0,0.182111128107331,0,0,0,0,0,0,0,0,0,0.113547221466623,-0.395240671465009,0,0,0,0,0,0,0,0,0,0,0,0,0,0,0,0,-0.00130178973237949,0,0,-0.85412452275663,1.18788374105979,0,0,0,0,0,0,0,0,0,0,0,0,0,0,0,0,0,0,0,0,0,0,0,0,0.0381890912451561,0,0,0,0,0,0.329780513356005,0,0,0,0,-0.205914177896469,0,0,0,0,0.282388869025644,0,0,0,0,0,0,-0.205512346165328,0,-0.0917693361456828,0,0,0,-0.321641210372907,0,0,1.09714451529426,0,0,0,0,0,0,0,0.369266238286083,0,0,0,-0.911664121421817,0,0,0,0,0,0,0,0,0,0,0,-0.316114264250928,0,0,0,0,0,0,0,0,0.0887143760163573,0,0,0,0,0,0,0,0,0,0,0,0,0.230169777334293,0,-1.05718865146921,0.940434347759802,0,0,0,0,0.19673555849737,0,0,0,0,0.290614069493912,0,0,0,0,0
0,0,0,0,0,0,0,0,0,-0.833040233110065,0,0,0,0,0,0,0,0,0,0,0,0,0,0,0,0,0,0.0518239917383945,0,0,0,0,0,0,0,-0.722652230556541,0,0,0,0,0,0,0,0.324103160572691,0,0,0,0,0,0,0,0,0,0,0,0.178159761481032,0,0,0,0,0,0,0,0,0,2.78222566746154,0,0,0,0,0,0,0,0,0,1.24051318544546,0,0,-0.379599919495466,0,0.358202675553309,-0.0274786909726521,0,-0.057482965284765,0,0,0,0,0,0,0,0,0,0,0,0,0,0,0,0,0,-0.750352047445715,0,0,0,0,0,0,0,0,0,-1.03069384976732,0,0,0,0,0,0,0,0,-0.451565995337383,0,0,0,0,0,0,0,0,0,-0.0115334655580659,-0.704131445092904,0,0,0,0,0,0,0,-0.494313218881616,0,0,0,0,0,3.4564863934417,0,0,0.195140648275766,0,0,0,0,0.0634173628823416,0,0,0,0,0,0,-1.78910443788693,0,0,0,0,0,0,-0.335983916955571,0,-0.133541208825586,0,0,0,0,0,0,0,0,0,0,0,-0.133146607022436,0,0.430886072080012,0,0,0,0,0,0,0.800775920826043,0,0,0,0,0,0,0.639436130419661,0,0
0,0,0,0,0,0,0,0,0,0,0,0,0,0,0,0,0,0,0,0,0,0,0,0,-0.48301895508351,0,0,0,0,0,0,0,0,0,0,0,0,0,0,0,0,0,0,0,0,0,0,0,0,0,0,0,0,0,0,0,0,0,0,0,0,0,0,0.732788274199409,0,0,0,0,0,0,0,0,0,0,-0.506855357461633,0,0,0,0,0,0.997725552563054,0,0,0,0,0,0,0,0,0,0,0,0,0,0,0,0,0,0,0,0.00612485280961916,-0.728987009059062,0,0.525885212118997,0,0,0,0,0,0,0,0,-0.132860369690462,0,0,0,0,0,0,0,0,0,0,0,0,0.769674072832247,0,0,0,0,0,0,0,0,0,0,0,0,0,0,-0.172329718772996,0,0,0,0,0,0,0,0,0,0,0,0,0,0,0,0,0,0,0,0,0.421481910991631,0,0,0,0,0,0,0,0,0,0,0,0,0,0,0,0,0,0,0,0,0,0,0.23200903436137,0,0,-0.694783401839133,0,0,0,0,0,0,0,0,0,0,0,0
0,0,0,0,0,-3.99329068762739,0,0,0,0,0,0,0,0,0,0,0,0,0,0,-0.0587048559278955,0,0,0,0,0,0,0,0,0,0,0,0,0,0,0,0.597269295475149,0.0736810176510763,0,0,0,0,0,0,0,0.122415066272444,0,0,0,0,0,0,0,0,0,0,0,0,0,0,0,0,0,0,0,0,0.60701015959821,0,0,0,0,0,0,0,0,0,0,0,0.561788453186039,0,0,0,0,0,0,0,-0.166954491024001,0,0,0,0,0,0,0,0,0,0,0,0,0,0,0,0,0,0,0,0,0,0,0,0,0,0,0,0,0.124597031034576,0,0,0,0,0,0,0,0,0,0.0109117768466387,0,0,0,0,0.242280206643984,0,0,0,0,0,0,0,0,0,0,0,0,0,0,0,0,0,0,0,0,0,0,0,0,0,0,0,0,0,0,0,-0.911214449085674,0,0,0,0,0,0.213913236518497,0,0,0,0,0,0,0,0,0,0,0.243445068581849,0,0,0,0,0,0,0,0,0,0,0,0,-0.0509916258873888,0,-0.310061432479515,0,0,0,0,0
0,0,0.0270343401372568,0,0,-0.0102444205087384,0,0,0,0,2.7233529680826,-0.00415900658048085,0,0,0,0,0,0,0,0,0,0,0,0,0,0,-0.364296638587312,-0.92340361382631,0,0,0,0,0,0,0,0,0,0,8.70496763467849,0,0,0,0,0,-0.487169661375489,0,0,0,0,0,0,0,-0.524459535526903,0,0,0,-1.11660917225318,0,0,0,0,0,0,0,0,0,0,0,0,0,0,0,0,-0.0973926495906705,0,0,0,0.196514657508202,0.363637227908698,0,1.05338395346959,0,0.138131840793006,0,-0.156727791382063,0,0.425733093591558,0,0.435388992341389,0,0,0,0,0,0,0,0,0,0,0.444224777959465,1.09089270487566,0,0,0,0,0,0,0,0,0,0,0.666207683658459,0,0,-0.620749136545322,1.02266952095357,0,-0.666937815006865,0,0,-0.303756084787333,0,0.361794507345998,0,0.40811564916932,-0.44284634294053,0,0,0,0,0,0,0,0,-0.205511556487474,0,0,0,0,0,0,0.256584292954426,0,0,0,0,0,0,0,0,0,0,0,2.87970841498896,-1.26626414209334,0,0,0,0,0,0,0,0.551794935035425,0,0,0,0,0.544302463140103,0,0,0,0,0,0,0,0,0,0.235330555949472,0.643249972934117,-0.302802379337759,0,0,0,0,0,-0.25869685209433,0,0,0,-0.19492847611344,-0.377879590849284,0,0,0,0,0,0,0,0,-0.176576667181853
0,0.830110439740831,-0.666215981487485,0,0,0,0,-0.288684662845869,-6.11990395550053,0,0,0,0.234938926767362,0,0,0,0,0,0,-0.765160721656159,0.61843458314863,0,0,0,0,-0.0362151081885014,0.163334820104318,0,-0.692600561535075,0,0,-0.166834443473426,0,0,0,-0.677301555696266,0.080219309063714,-4.31004777168913,0,0,0,0,2.48475032675829,0,0,0,0,0,0,0,-0.0533798214065351,0,0,-6.52268432413704,0,0,-0.864234322186128,1.69992585177808,0,-0.138789208495298,0,0,0,0,0,0,0,0,0,0,0,0,0,0.421682058320438,-0.178339938587888,0,0,0,-0.259998511265316,0,-0.705869054287351,0.0924905634319508,-0.172739583599552,-0.0497822967682986,-1.81302989719457,0,0,0,-0.0969563030112188,0,0,0,0,0,0,0.842581717087863,0,0.815019978214276,0,2.46329479019161,0,0.916612744180507,1.62792594620663,0,0,-1.69730121965962,0,0.307811284196968,0.497399197544529,0,0,0,-0.0737088131096009,0.724002605012168,-1.61928580081723,0,0,0,0,1.39926716603806,0,-0.984631061209667,0,0,0,-0.56356964234602,0,0,0,0,-1.31014789232884,-0.536496347060543,0,0,0,0,-1.83610851075424,2.0514779525966,0,0,0.939548339256262,0,0,-0.304239439396137,0,0,0,3.08926649180531,0,0,-0.613038023228836,0,0,0,0.278033979937695,0,0,0,0.967570435893037,-1.0991117450102,0,0,0,1.86967608553881,0,0,0,0,-0.122848636252993,-0.999319285704834,0,0,0,0,0,0,0,0,0,0,0,0,-0.058007194491335,0,0,0,0,0,0.129843468790332,-1.76065530789002,-2.29726343556766,0,0.888457352496499,0,0,0,0,0,0,0
0,0,-0.773658040489676,0,0,0,0,0,0,0,0,0,0,0,0,0,-0.208971717370297,0,0,0,0,0,0,0,0,0,0.214313424222828,0,0,0.349624139406463,-0.995364696318985,0,0,0,0,0,1.09942032935932,0,0,0,0,0,0,0,0,0,0,0,0,0.23637612265809,0,0,0,0,0,0,0,0,0,0,0,0,0,0,0.690411512563206,0,0,0,0.0101572075034517,0,0,0,-0.319961072486876,0,0,0,0,-0.10789015823591,0,0,0,0,0,0,0.11456642141614,0,0,0,0,0,0,1.98880214520909,0,0,0,-0.973779359647182,0,0,9.59214372176601,-0.0593653098454425,0,1.6269785348098,0,0,0,0,0,0,0,0,0,0,0,0.657716511688061,0,0,0,0,0,0,0.547083127421973,0,0,0,0,-0.0667440965621744,0,0,0,0,0,0,0,0,0,0,0,0,0,0,0,0,0,0,0,0,0,0,0,0,-0.322672355010138,0,0,0,0,0,0,-1.32259855133747,0,0,0,0.535774197074908,0,0,0,0,0,0,1.330208556093,0,-0.277731190564945,0,0,0,0,0,0,0,0.512607672841629,0,0,0,0,0,0,0,0.367992823507242,0,0,0,0,0,0,0,0,0,0,-0.0328167396510246,0,0
0,0,0,0,0,0,0,0,0,0,0,0,0,0,0,0,-0.149018597839759,0,0,0,0,0,0,0,0,0,0,0,0.264107845490615,0.0672415646032158,0,0,0,0,0,0,0.683819336453165,0,0,0,0,0,0,-0.094145850074669,0,0,0,0,0,0.824785463384827,0,0,0,0,0,0,0,0,0,0,0,0,0,0,0,0,0,0,0,0,0,0.13764754134804,0,0,0,0,0,0,0,0,0,0,0,0,-0.0303137555791926,0,0,0,0,0,0,1.45240365693811,0,0,0,-0.268236383473572,0,0,9.29122351666298,0,0,1.36402203443029,0,0,0,0,0,0,0,0,0,0,0,0.356194021314246,0,0,0,0,0,0,0,0,0,0,0,0,0,0,0,0,0,0,0,0,0,0,0,0,0,0,0,-0.366784546090547,0,0,0,0,0,0,0,0,0,0,0,0,0,0,0,-1.44852307161058,0,0,0,0,0,0,0,0,0,0,1.01252484627074,0,0,0,0,0,0,0,0,0,0.852946205353393,0,0,0,0,0,-0.00398880959683989,0,0,0,0,0,0,0,0,0,0,0,0,0,0,0
0,0,-0.0808740432258575,0,0,0,0,0,0,0,0,0,0,0,0,0,0,0,0,0,0,0,0,0,0,0,0,0,0,0.0340353336200745,0,0,0,0,0,0,0,0,0,0,0,0,0,0,0,0,0,0,0,0.330708774917029,0,0,0,0.0718762773508685,0,0,0,0,0,0,0,0,0,0,0,0,0,0,0,0,0,0,0,0,0,0,0,0,0,0,0,0,0,0,0,0,0,0,0.048715114178137,0,0,1.94193081055051,0,0,0,-0.995487028938297,0,0,10.0668800541441,-0.0331575860450029,0,0.65352141542411,0,0,0,0,0,0,0,0,0,0,-0.0774000949834313,0,0,0,0,0,0.310586325847507,0,0,0,-0.280263365935898,0,0,0,0,0,0,0,0,0.00674584672673961,0,0,0,0,0,0,0,0.124563865912878,0,0,0,0.339667702334161,0,0,0,0,0,0,0,0,-0.434366280353105,0,0,0,0,-1.58734308838864,0.284028455824437,0,0,0,-0.000874192739666935,0,0,0,0,0,1.12982352057228,0,0,0.0741242383697651,0,0,0,-0.89814033211182,0,0,0.697455365707836,0,0,0,0,0,0,0,0,0,0,0,0,-0.164004703086951,0,0,0,0,0,0,0,0
0,0,-0.0279663208963836,0,0,0,0,0,0,0,0,0,0,0,0.568162384390805,0,0,0,0,0,0,0,0,0,0,0,0,0,0.940921694512905,0,0,0,0.175478398927103,0,-0.00909880535582008,0,1.39632090325193,0,0,0,0,0,0,0,0,0,0,0,0,0.391298857472591,0,0,0,0.485356930391549,0,0,0,0,0,0,0,0,0,0,-0.536806511896265,0,0,0,0,0,0,0.671659929477057,0,0.386221090233037,0,0,0,0.548468613812302,0,0,0,0,0,0,0,-0.32613316351743,0,0,0,0,0,1.87036287494719,0,0,0,-1.43587448792874,0,0,12.4376511961546,0,0,0.0380503398769418,0,0,0,0,0,0.414564011666683,0,0,0,0,-1.67525384896051,0,0,0.756013076070527,0,0,0.3613999571161,-0.179445692572641,0,0,0,0,0,0,-0.365221524863824,0,0,0,0,0,0,0,0,0,0.235275369387999,-0.127804354192713,0,0.0726810661390935,0,0,0,0,0,0,0,0,0,0,0,0,-0.79023401205805,0,0,0,0.0812008439633118,-1.13351877078024,0.00268010846201494,0.792920520275414,0,0,0,0,0,0,0,0,0,0,0,0.755517351762014,-0.231741442769965,0,0.189806690950767,-0.727666482382879,0,-0.187621228383603,0,0,0,0.0206457473204142,0,0,0,0,0,0,0,0,0,-0.956241042406532,0,0,0,0,0,0,0,-0.0531625211729811
0,0,-0.201968213901298,0,-0.230432836506026,0,0,0,0,0,0,0,0,0,0.411246109981228,0,0,0,0,0,0,0,0,0.308941663800944,0,0,0,0,0.428197401221279,-0.520520330969011,0,0,0.745632679644634,0,-0.37341821365338,0.0914691530155054,0.11006858611619,0,0,0,0,0,0,0,0,0,0,0,0,0.963706867511263,0,0,0,0,0,0,0,0,0,0,0,0,0,0,-0.537984759977224,0,0,0,0,0,0,0.458219787259762,0,0,0,0,0,0.41204774612088,0,0,0,0.081599355301555,0,0,0,0,0,0,0,0,0,1.32287096478474,0,0,0,-1.08713194715209,0,0,12.9710981324258,0,0.0936805503569986,0,0,0,0,0,0,0.327847147338159,0,0,0,0,-3.59083073642145,0,1.26247167972073,0,0,0,0.885530152506458,0,0,0,0,0,0,0,0,0,0,0,0,0.0178993764611051,0,0.00708822950144183,-0.141180286474963,0,0.0961927609539177,0,0,0,0,0,0,0.560251252055155,0,0,0,0,0,0,0,0,0,0,0.988787291147111,0,0,-0.409993513516071,0.390923120681166,2.24539313051807,0,0,0,0,0,0,0,0,0,0,0,0.384389513121934,-0.325961326885696,0,0.481027392913849,0,0,0,0,0,0,0,0,0,0,0,0,0,0,0,0.332503376815975,-0.983258324076435,0,0,0,0,0.235544300012966,0,0,-0.645815734471592
0,0,0,0,0,-0.195756532354024,0,0,0,0,0,0,0,0,0,0,0,0,0,0,0,0,0,0,0,0,0,0,0,0,0,0,0,0.0496529820030021,0,0,0,0,0,0,0,0,0,0,0,0,0,0,0,0,0,0,0,0,0,0,0,0,0,0,0,0,0,0,0,0,0,0,0,0,0,0,0,0,-0.309511805887329,0,-3.70476642035504,0,0,0,0,0,0,0,0,0.229698331904334,0,0,0,0,0,0,0,0,0,0,0,0,0,0,-0.00249559448383341,0,0,0,0,0,0,0,0,0,0,0,0,0,0,0,0,0,0,0,0,0,-0.556633323091666,0,0,0,0.80731260169193,0,0,0,0.290660987777732,0,0,0,0,0,0,0,0,0,0,0,0,0,0,0,0,0,0,0,0,0,0,0,0,0,0,0,0,0,0,0,0,0,0,0,0,0,0,0,0,0,0,0,0,0,0,0,0,0,-0.283904735669773,0,0,0,0,0,0,0,0,0,0,0,0,0,0,0,0,0,0,0
0,0,0,0,0,-0.444805469629394,0,0,0,0,0,0,0,0,0,0,-0.0616464923078981,-0.434081879694779,0,0,0,0,0,0,0,0,0.253317366516078,0,0,0,0,0,0,0,0,0,0,-0.589494956727689,0,0,0,0.830689801477885,0,0,0,0.275452077436465,0,0,0,0,0,-2.20352571003045,-0.145303385240821,0,0,0,0,-0.371707951558055,-0.383846701402986,0,0,-1.03260532182495,-0.513905367810939,0,0,0,0,0,0,0,0,0,0,0,0,0,-0.231591282537823,0,0,0,0,0,0,-0.132340205027258,0.762625300028759,0,0,1.15173796749902,0,0,0,0,0,0,-1.70836956390391,0,0,0,0,0,1.20676116272829,0,0,0,0,0,0,0,0,-0.68222695948755,0.187071678853222,0,0,0,0,0,10.2711697286642,-2.2629541437032,0,0,0,-0.205891913763625,0,0,0,0,0,0,0,0,0,0,0,0,0,0,0,0,0,-0.32498852616625,0,-1.59592783805766,0,0,0,0,0,-2.76318888421553,0,0,0,0,0,0,0,0,0,0,0,-0.224012454456283,0,0,-1.27455231339763,0.0952388231898058,0,0,0,0,0,0,0,0,0,0,0,-1.0393759813386,0,0,0,-0.0398165600982452,0,0.168467621882711,0,0,-0.238429839012576,0,0.152511024322153,0,0,0,-2.03583900261383,0,0,-2.73782343489075,0,0,0,-0.472877695928656,0,0
0,0,0,0,0,-0.0193467994090297,0,0,0,0,0,1.08746080970021,0,0,0,0,0.497195539847577,0,0,0,0,0,-0.140022368494966,0,0,0,0.121315585121588,0.484944328423513,0,0.102307211877345,0,0,0,0.248671271017365,0,0,0,0,0,0.224891347749935,0,0,0,-1.08054066778235,0.0565208967297888,0,0,0,0,0,0,0,0,-0.0185663771714799,0,0,0,-0.0477160759199566,0,0,0,0.855517082987696,0,0,0,0,0,0.386370707513015,0,0,0,0,0,0,0,0,0,0,0,0,0,-0.215989934323592,0,0,0,0,0,0,0,0.0884298290221353,0,0,0,0,-1.42544549358486,0.122980157983823,0,0,0,0,0,0,0.641396331628501,0,0,0,0,-0.521288599257522,0,0,0,1.27075090486438,0,0,0.99764495493664,0,6.64922395624028,-1.02409487696719,0,0,0,0,0.16587363388798,0,0,0,0.0479680194395382,0,0,0,0,0,0,0,-1.09964422221122,0,0.20557722835184,0,0,0,-0.694807035624175,0,0,0,0,0,0,-2.86395875412283,-1.57232206833909,0,0,0,0,0.6437743849462,-0.461857099178427,0,0,0,0,0,0,0,0,0,0,0,0,0,0,0,0,0,0,0,-0.400517180951881,0,0,0,0,-0.0712403332474316,0,0.211912658690922,0,0.833785276086865,-1.4007692543314,0,0,0,0,0,-2.02768559340711,0,0,-2.29738285731002,0,0,0.549670440693613,0,0,0
0,0,-0.189261647365726,0,0,0,0,0,0,0,-0.590012455629199,0,0,0,0,0,0,-0.0515889411670494,0,0,0,0,0,0,0,0,0.0274847012065966,0,0,0,0,0,0,0,0,0,0,0,0,0,0,0,0,-0.899777553867461,0,0,0,0,0,0,0,-0.526994686795661,0,0,0,0,0,0,0,0,0,1.72958316760317,0,0,0,0,0,0,0,0,0,0,0,0,0,0,0,0,1.01977453607346,0,-0.172896615063703,0,0,0,0,0,0,0,0,0,0,0,0,0,-0.999610889711971,0,0,0,0,0,0,0,0,0,0,0,0,0,0,0,0.124969594776967,0.736827012034305,0,0,0.367167230808109,0,2.19605469793822,0,0,0,0,0,0,0,0,0,0,0,0,0,0,-0.0140619652454939,-0.083805064905681,0,0,0,0,0,0,0,0,0,0,0,0,0,0,-1.37586569731106,-1.07841715205519,0,0,0,0,0.282143249877551,0,0,0,0,0,0,0,0,0,0.124612393194343,0,0,0,0,0,0,0,0,0,0,-0.170226216347385,0,0.0806204361721907,0,0,-0.33284829848065,0,0,0,0.801338893881236,-0.700638211016186,0,0,0,0,0,-0.206476727084072,0,0,-0.879206230428973,0,0,0,0,0,0
0,0,0,0,0,0,0,0,0,0,0,0,0,0,0,0,0,0,0,-0.512033663464984,0,0,0,0,-0.132565521149691,0,0,0,0,0,0,0,0,0,0,0,0,0,0,0,0,0,0,-0.273823396315793,0,0,0,0,0,0,0,0,0,0,0,0.699128035457103,0,-1.09171149314877,0.0667359516333454,0,0,1.56630635577338,0,0,0.524319356680663,0,0,0,0,0,-0.220619235630919,0,0,0,0,0,0,0.250388305547697,0,0,0,0,0,0,0,0,0,0,0,0,0,0,0,0,-0.546468133681426,0.0831128482106418,0,0,0.287906636415079,0,0,0,0,-0.35715408989581,0,0,0,0,0,-0.240905942633863,0,0,0,0,0,0,0,0,0,0,0,0,0,0,0,0,0,0,0,0,0,-0.578715755657323,0,0,0,0,0,0,0,0,0,0,0,0,0,0,0,-0.897765352039373,0,0,0,0,0,0,0,0,0,0,0,0,-0.485374221521068,0,-0.472597694009554,0,0,0,0,0,0,0,0,0,0,0,0,0,0,0,0,0,0,0,0,1.87195496335827,0,0,0,0,0,0,0,0,0,-0.144392991170558,0.284276675489986,0,0,0,0,0.10726042688285
0,0,0,0,0,0,0,0,0,0.323116350030957,0,0,0,0,0,0,0,0,0,-0.564949033019642,0,0,0,0,-0.551479479660349,0,0,0,0,0,0,0,0,0,0,0,0,0,0,0,0,0,0,0,-0.0559322972306791,0,0,0,0,0,0,0,0,0,0,0.698759609404366,0,-0.71279797907633,0.457948052917006,0,0,1.12379281368853,0,0,0.417674948153428,0,0,0,0,0,0,0,0,0,0,0,0,0,0,0,-0.458860069282687,0,0,0,0,0,0,0,0,0,0,0,0,0,0,0,0,0,0,0,0,0,0,0,0,0,0,0,-0.541195741122414,-0.0200894419723838,0,0,0,0,0,0,0,0,0,0,0,0,0,0,0,0,0,0,0,0,0,0,0,0,-0.200979764187316,0,0,0,0,0,0,0,0,0,0,0,0,-0.541984524047038,-0.820435747972915,0,0,0,0,0,0,0,0,0,0,0,0,0,0,0,0,0,0,0,0,0,0,0,0,0,0,0,0,0,0,0,0,0,0,0.54585661243716,0,0,0,0,0,0,0,0,0,-0.486803195642188,0.0470867759384124,0,0,0,0,0
0,0,0,0,0,0,0,0,0,0.107507480054688,0,0,0,0,0,0,0,0,0,-0.49695947893953,0,0,0,0,0,0,1.04055010005087,0,0,0,0,0,0,0.156986266440146,0,0,-0.446522007689339,0,0,0,0,0,0,0,0,0,0,0,0,0,0,0,0,0,0,0.80563171066647,-0.0589889763144984,0,1.0747488142237,0,0,0.409773703866788,0,-0.258887514014197,0,0,0,0,0,0,0,0,0,-0.0606145795357298,0,0,0,0,0,0,0,0,0,0,0.0292278284406875,0,0,0,0,0,0,0,0,0,0,0,0,0,0,0,0,0,0,0,0,0,0,0,0,0,0,0,0,0,0,0,0,0,0,0,0,0,0,0,0,0,0,0,0,0,0,0,0,0,0,0,0,0,0,0,0,0,0,0,0,0,0,-0.247023162245334,-0.445277043556977,0,0,0,0,0,-0.129997348111201,0,0,0,0,0,0,0,0,0,0,0,0,0,0,0,0,0,0,0,0,0,0,0,0,0.972232272758114,0,-0.32623508842839,0,0.378040870219334,0,0,0,0,0,0,0,0,0,-0.68704840635973,0,0,0,0,0,0
0,0,0,0,0,0,0,0,0,0,-0.279794276216405,0,0,0,0,0,0,-0.184442372996506,0,0,0,0,0,0,0,0,0.570419333095017,0,-0.15423218291691,0,0,0,0,0,0,0,0,0,0,0,0,0,0,0,0,0,0,0,0,0,0,0,0,0,0,0,0,0,0.399146192452211,0,0,0,0,0,0,0,0,0,0,0,0,0,0,0,0,0,0,0,0,0.276842484051588,-0.290322001527224,0,0,0,0,0,0,0,0,0,0,0,0,0,0,0,0,0,0,0,0,0,0,0,0,0,0,0,0,0,0,0,0,0,0,0,0,0,0.329569393244555,0,0,0,0,0,0,0,0,0,0,-0.00400806256656838,0,0,0,0,0,0,0,0,0,0,0,0,0,0,0,0,0,-0.183176843917285,0,0,0,0,0,0,0,0,0,0,0,0,0,0,0,0,0,0,0,0,0,0,0,0,0,0,0,0,0,0,0,0.712588340373479,0,0,0,0,0,0,0,0,0,0,0,0,0,0,0,0,0,0,0,0
0,-0.536641565026195,0,0,0,0,0,-0.0206146512362382,0,0,0,0,0,0,0,0,0,0,0,-0.554651524589003,0,0,0,0,-0.561537644982572,0,0,0,0,-0.0141929538737038,0,0,0,0,0,0,-0.909717173370002,0,0,0,-0.0419390709266005,0,0,0,0,0,0,0,0,0,0,0,0,0,0,0,0,-0.219506646124229,1.04034844876174,0,0,3.21850737613094,0,-0.155904122420846,0,0.437048413973706,0,0,0,0,0,0,0,-0.309723055578361,0,0,0,0,-0.922267850594941,0,-0.268128926003936,-0.16959977633931,0,0,-0.265839778875186,0,0,0,0,0,0,0,0,0,0,0,0.767323071675247,0,0,0,0,0,0,0,0,-0.104821525446602,0,-0.232514984808144,0,0,0,1.07804079626814,0,0,0,0,5.32943560406157,0,0,0,0,0,2.46617034341811,0,0,0,0,0,0,0,0,0.696559549756777,0,0,0,0,0,0,0,0,0,0,0,0,0,0,0,-0.585425886203475,0,0,0,0,-0.218695088513944,0,-0.394480739774064,0,0,0.0476934726782741,0,0.0133106544204282,0,0,0,0,0,0,0,0,0,0,-0.109114690704665,0,0,0,0,0,0,0,0,0,0,1.18409136788632,0,0.71557021489333,0,0,0,0,0,0,-0.201892740457382,0,0,-2.15088996251346,0,0,0,0,0,0
0,0,0,0,0,0,0,0,0,0,0,0,0,0,0,0,0,0,0,0,0,0,0,0,0,0,0,0,0,0,0,0,0,0.157101972731868,0,0,0,0,0,0,0,0,0,0.30413135937374,0,0,0,0,0,0,0,0,0,0,0,1.16170705314068,0,0,0,0,0,0,0,-0.0601554772157082,0,0.155173023327089,0,0,0,0,0,0,0,0,0,0,0,0,1.4860355060564,0,0,0,-0.261923408423691,0,0,0,0,0,0,0,0,0,0,0,0,0,0,0,0,0,0,0,0,0,0,0,0,0,0,0,0,0,0,0,0,0,0,0,0,0,0,0,0,0,0,0,0,0,0,0,0,0.162698835659006,0,0,0,0,0,0,0,0,0,0,0,0,0,0,0,0,0,0,0,0,0,0,0,-0.289837976553311,0,0,0,0,0,-0.0033686378631308,0,0,0,0,0,0,0,0,0,0,0,0,0,0,0,0,0,0,0,0,0,0,0.407265476134826,0,0,0,0,0,0,0,0,0,0.215059396156818,0.682726684161279,0,0,0,0
0,0,0,0,0,0,0,0,0,0,-0.457011707407424,0,0,0,0,0,0,0,0,0,0,0,0,0,0,0,-1.06972933699037,0,0,0,0,0,0,0,0,0,0,0,0,0,0,0,0,0,0,0,0,0,0,0,0,0,0.534810021360809,0,0,0,0,0,0,0,0,0,0,0,0.596055067450856,-1.20598209804726,0,0.708467686700451,0,0,0,0,0,0,0,-0.129185134203874,0,0.177936236978518,1.469690771398,0,0,0,0.11393276896384,0,0,1.03907819590332,0.0164078298655626,0,0,0,0,0.021900639569306,0,0,0,0,0,0,0,0,0,-0.151817905679771,0,0,0,0,0,0,0,0,0,0,0,0,0,0,0,0,0,0,0,0,-0.0878894175069296,0,0,0,0.298826906436215,0,0,0,0.235525967692998,0,0,0,0,0,0,0,0,0,-0.465030501518901,0,0,0,0,0,0,0,0,0,0,0,0,0,-0.437089595578453,-0.0863567907725973,0,0,0,0.689555887450632,0,0,0,0,0,0,0,0,0,0,0,0,0,0,0,-0.703993300851138,0,0,0.146350019884587,0,0,0,0,-0.199511156017694,0,0,0,0,0,0.281278003768987,0,0,0,0,0,0,0,0,0,0
0,0,0,0,0.093042768462956,0,0,0,0,0,0,0,0,-0.512539025533973,0,0,0,0,-0.818240852445425,0,0,0,0,0,0,0,0,-2.8593015356893,0,0,1.2140310232866,-0.000975073507451185,0,0,0,0,0,0,5.03685042636712,0,0,-1.34543998686904,0,0,0.327291964863353,0.109652853836517,0,0,0,0,0,0,0,0,0,0.794755235389648,-0.832670341968812,0,0,0,0,-0.128764439759967,1.47235441764437,0,0,-0.107926473653793,0,0,0,0,0,0,0,-0.483392516454638,0,0,0,0,0,-0.131235750080282,0,0,-0.48739522459537,0,0,0.608069085590143,0,0,0,0,0,0,0,0,-0.377020637303989,0,0,-1.16525956959891,1.11322915995231,0,0.261556898340831,0,0,0,0,0.105852871000698,0,0,0,0,0,0,0,0,0,0.113501535919122,0,0,0,1.6336989787507,0,0,3.56905941700123,0,0.462209423844948,0,0,0,0,0,0,0,0,0,-0.509484330575319,-0.0458265038550303,0,0,0,0,0,0,0,0.090535564624689,0,0,0,0,0,0,0,0,0,2.63053631023319,0,0,0,0,-0.379449907126475,0,-0.435426667612031,0,-0.607964280208068,0,0,0,0,0,0,0.167930377756119,0,0,0,0,0,2.23249767583179,0,0,0,0,0,-0.240007982099371,0,-0.0716455535297018,-0.176470160026236,-0.690943207470218,0,-0.450610184075267,0,0,0.507964724390262,0,0,1.73243127492707,0,0,-1.24063967315612,-0.0441607907273949,0,0
0,0,0,0,0,0,0,0,0,0,0,0,1.2814073019493,0,0,0,0,0,-7.25263531503972,-0.209207687415875,0,0,0,0,0,0,0,-0.224328418462969,0,0,0,0,0,0,0,0,0,0,0,0,0,0,0,0,0,0,0,0,0,0,0,0,-0.0396864177765976,0,0,0,0,0,0,0,0,-0.085325379916559,0,0,0,0,0,0,0,0,0,0,0,0,0,1.2653232676807,0,0,0,0,0,0,0,0.188701992825194,-0.30311291752262,0,0,0.0229563915560211,0,0,0,0,0.320002934692964,0,0,0,0.0754963352774172,0,0.1005065125293,0,0.194770738375862,0,0,0,0,0,0,0,0,0,0,0,0,0.386883624879815,0,0.584876819455639,0,0,0,0,0,0,1.30202893465751,0,0,-0.131652122096922,0,0,-0.799657447192979,0,0,0,0,0,-0.779228138756263,-10.3410779430322,0,0,0,0,0,0,0,0,0,0,0,0,0,-0.010477829393768,0,0,1.37450473748061,0,0,0,0,0,0,0,-0.777471706855061,0,0,0,0,1.26843256472729,0.280003605650949,0,0,2.43913157060833,0,0,0.347101210922055,0,0,0,-1.01348049498119,0,0,0,0,0,0,0,0,-0.357651791289537,0,0,0,0,0.11940954426732,0.589564692442078,0,0,0,0,0,0,-0.0674940865340059,0
0,0,-0.591368507828624,0,0,-0.400057249340235,-0.556870516628379,0,0,0,0,0,0,0,0.457792079558764,0,0,-0.750925276204933,-0.0734445859064696,0,0,0,0,0,-0.793588770541134,0,0.0451925076319437,0,-1.09637561249704,0,0,-0.408951021558395,0,0,0,0,0.132675840695566,0,0,0.438235259936312,0,0,0,0,0,-0.371640174737607,0,0,0,0,0,0,0,0.628519163322086,0,0,0,1.5305683651344,0,-0.0349617627695857,0,0,0,0,-0.0170059257420361,0,0,0,0,0,0,0,0,0,0,0,0,0.207350609626555,0,1.90374604499079,0.204619385888994,0,0,0,0,0,0,0,0,-0.212667857270184,0,0.915249153566688,0,0,0,0,0,0,0,0.24388045245203,0,0,0,0,0,-0.509224688942738,0,0,0,-0.299141677385043,0,0.796831184286066,0,0,0,0,0,0,0,0,0,0,0,0,0,0,0,0,0,0,0.106123787537763,0,0,0,0,-0.763210056416191,0,0,0,-0.0824336508090175,-1.11299167552189,0,0,0.0247119060107466,0,0,0,0,0,0,0,0,0,0,0,0,0,0,0,0,0,0,-0.566724898220935,0,0,0,0,0,0.660738530497257,0,0,0,0,0,0,0.221412196295247,0,0,0,0,0,0,0,0,0,0,0,0,0,0,0,0,0,0,0,0,0,0,2.45880293113643,0
0,0,0,0,0,0,0,0,0,-0.760043238324605,0,0,0,0,0,0,0,0,0.327237686173505,0,0,0,0,0,0,0,0,0,0,0,0,0,0,0,0,0,0,0,0,0,0,0,0,0,0,0,0,0,0,0,0,0,0,0,0,0,0,0,0,0,0,-0.126241773110789,0,0,0,0,0,0,0,0,0,0,0,0,0,0,0,0,0,0,0,0,0,0,0,0,0,0,0,0,0,0.0324120662732366,0,0,0,0,0,0,0,0,0,0,0,0,0,0,0,0,0,0,0,0,0,0,0,0,0,0,0,-0.0497054718923242,0,0,-0.430040383334155,0,0,0,0,0,0,0,0.122714091120835,0,0,0,0,0,0,0,0,0,0,0,0,0,0,0,0,0,0,0,0,0,0,0,0,0,0,0,0,0,0,0,0,0,0,0,0,0,0,0,0,0,0,0,0,0,0,0.729001257858147,0,0,0,0,0,0,0,0,0,0,0,0,0,0,0,0,0,0,0,0,0,0
0,0,0,0,0,0,0,0,0,0,0,0,0,0,0,0,0,0,0,0,0,0,0,0,0,0,0,-1.13210230460278,0,-0.0817169583214681,0,0,0,0,0,0,0,0,0,0,0,0,0,0,0,-0.321817993617734,0,0,0,0,0,0,0,0,0,0,0,0,0,0,0,-0.0334587846567802,0,0,0,0.791196747295129,0,0,0,0,0,0,0,0,0,0,0,0,0,0,0,0,0,0,0,0,0,0,0,0,0,0,0,0,0,0,0,0,0,0,0,0,0,0,0,0,0,0,0,0,0,0,0,0,0,0,0,0,0,-0.187831476118491,0,0,-0.59660862848707,0,0,0,0,0,0,0,0,0,0,0,0,0,0,0,0,0,0,0,0,0,0,0,0,0,0,0.0209169352150569,0,0,0,0,0,0,0,0,0,-0.562098312200877,0,0,0,0,0,0,0,0,0,0,0,0,0,0,0,0,0,1.04740692456983,0,0,0,0,0,0,0,0,0,0,0,0,0,0,0,0,0,0,0,0,0,0
0,0,0,0,0,0,0,0,0,-0.0785457510855025,0,0,0,0,0,0,0,0,0,0,-0.0206921665287849,0,0,0,0,0,0,0,0,-1.35024482252832,0,0,0,0,0,0,0,0.234812884800541,0,0,0,0,0,0,0,0,0,0,0,0,0,0,0,0,0,0,0,0,0,0,0,-0.148608958287593,0,0,0,0,0,0,0,0,0,0,0,0,0,0,0,0,0,-0.17761493513341,0,0,0,0,0,0,0,0,0,0,0,0,0,0,0,0,0,0,0,0,0,0,0,0,0,0,0,0,0,0,0,0,0,0,0,0,0,0,0,0,0,0,-0.821862631166511,0,0,0,0,0,0,0,0,0,0,0,0,0,0.463699512883372,0,0,0,0,0,0,0,0,0,0,0,0,0,0,0,0,0,0,0,0,0,0,-0.199066853064945,0,0,0,-0.121063381345959,0,0,0,0,0,0,0,0,0,0,0,0,0,0,0,0,0,0,0,0,0,0,0,0,0,0,0,0,0,-0.111397740118338,0,0,0,-0.499031883966602,0,0
0,0,0,0,0,0,0,0,0,0,0,0,0,0,0,0,0,0,0,0,0,0,0,0,0,0,0,0,0,0,0,0,0,0,0,0,0,0,0,0,0,0,0,0,0,0,0,0,0,0,0,0,0,0,0,0,0.0411036786265184,0,0,0,0,-0.294434898089587,0,0,0,0,0,0,0,0,0,0,0,0,0,0,0,0,0,0,0,0,0,0,0,0,0,0,0,0,0,0.329504343452523,0,0,0,0,0,0,0,0,0,0,0,0,0,0,0,0,0,0,0,0,0,0,0,0,0,0,0,0,0,0,0,0,0,0,0,0,0,0,0.234983078157518,0,0,0,0,0,0,0,0,0,0,0,0,0,0,0,0,0,0,0,0,0,0,0,0,0,0,0,0,0,0,0,0,0,0,0,0,0,0,0,0,0,0,0,0,0,0,0,0,0,0,0,0,0,0,0,0,0,0,0,0,0,0,0,0,0,0,0,0,0
0,0,0,0,0,0,0,0,0,0,0,0,0,0,0,0,0,0,0,0,0,0,0,0,0,0,0,0,0,0,0,0,0,0,0,0,0,0,0,0,0,0,0,0,0,0,0,0,0,0,0,0,0,0,0,0,0,0,0,0,0,0,0,0,0,0,0,0,0,0,0,0,0,0,0,0,0,0,0,0,0,0,0,0,0,0.476926663251514,0,0,0,0,0,0,0,0,0,0,0,0,0,-0.0139862380797315,0,0,0,0,0,0,0,0,0,0,0,0,0,0,0,0,0,-0.0913572895379124,0,0,0,0,0,0,0,0,0,0,0,0,0,0,0,0,0,0,0,0,0,0,-0.220752543248881,0,0,0,0,0,0,0,0,0,0,0,0,0,0,0,0,0,0,0,0,0,0,0,0,0,0,0,0,0,0,0,0,0.377019990385642,0,0,0,0,0,0,0,0,0,0,0,0,0,0,0,0,0,0,0,0,0,0,0,0,0,0
0,0,0,0,0,0,0,0,0,0,0,0,0,0,0,0,0,0,0,0,0,0,0,0,0,0,0,0,0,0,0,0,0,0,0,0,0,0,0,0,0,0,0,0,0,0,0,0,0,0,0,0,0,0,0,-0.370334521708072,0,0,0,0,0,0,0,0,0,0,0,0,0,0,0,0,0,0,0,-0.0253099122715561,0,0,0,0,0,0,0,0,0,0,0,0,0,0,0,0,0,0,0,0,0,0,0,0,0,0,0,0,0,0,0,0,0,0,0,0,0,0,0,0,0,0,0,0,0,0,0,0,0,0,0,0,0,0,0,0,0,0,0.425570057065334,0,0,0,0,0,0,0,0,0,0,0,0,0,0,0,0,0,0,0,0,0,0,0,0,0,0,0,0,0,0,0,-2.43092120611639,0,0,0,0,0,0,0,0,0,0,0,0,0,0,0,0,0,0,0,0,0,0,0,0,0,0,-0.041909296347147,0,0,0,0,0,0
0,0,0,0,0,0,-1.60952873728069,0,0.133942554179765,0.0674053675467696,0,0,0,0,0,0,0,0,0,0,0,0,0,0,0,0.502521755985962,0,0,0,0,0,0,0,0,0,0,0,-0.193174420484669,0,0,0,0,0,0,0,0,0,0,0,0,0,0,0,0,0,0,0,0,0,0,0,0,0,0,0,0,0,0,0,0,0,0,0,0,0,0,0,0,0.174273284139,-0.0152224474723994,0,0,0,0,0,0,0,0,0,0,0.0266191221821221,0,0,0,0,0,0,0,0.00496900763201724,0,0,0,0,0,0,0,0,0,0,0,0,0,0,0,0,0,0,0,0,0,0,0,0,0,0,0,0,0,0,0,0,0,0,0,0,0,0,0,0,0,-0.339110845019996,0,0,0,0,0,0,0,0,0,0,0,0,0,0,0,0,0,0,0,0,0,0,0,0,0,0,0,0,0,0,0,0,0,0,0,0,0,0,0,0,0,0,0,0,0,0,0,0,0,0,0,-0.30617520692253,0,-0.0799336843194463,0,0,0,0.133695909264422,0
0,0,0,0,0,0,0,0.417617482305315,0,0,0,0,0,0,0,0,0,0,0,0,0,0,0,0,-0.0116837886915031,0,0,0,0,0,0,0,0,0,0,0,0,0,0,0,0,0,0,0,0,0,0,0,0,0,0,0,0,0,0,0,0,0,0,0,0,0,0,0,0,0,-0.265315792042376,0,0,0,0,0,0,0,0.662334679295407,0.139917134267571,0,0,0,0,0,0,0,0,-0.163081280200283,0,0,-0.437688562130529,0,0,0,0,0,0,0,0,-0.0881919596945773,0,0,0,-0.140113240620045,0,0,0,0,0,0,0,0.090555209425921,0,0,0,0,0,0,-0.406022336035402,0,0,0,0,0,0,0,1.48340649083077,0,0,0,0,0,0,0,0,0,0,0,0,0,0,0,0,0,0,0,0,0,0,0,-1.23672905117771,0,0,0,0,0,0,0,0,0,0,0,0,0,0,-0.134404411562396,0,0,0,-0.129377418931865,0,1.22027956245203,0,0,0,0,0,0,0,0,0,0,0.66735043406962,0,0,0,0,0,0,0,0,0,0,0,0,-2.77505722086261,0,0,0,0,0.139140710828174,0,-0.0502264509958992
0,0,0,0,0,0,-0.817875416583196,0,0,0,0,0,0,0,0,0,0,0,0,0,0,0,0,0,0,0,0,0.174980721296354,0,0,0,0,0,0,0,0,0,0,0,0,0,0,0,0,-0.506627371538226,0,0,0,0,0,0,0,0,0.0670990131419729,0,0,0,0,0,0,0,0,0,0,0,0,0,0,0,0,0,0,0,0,0,0,0,0,0,0,0,0,0,0,0,-0.00462984843786129,0,0,0,0,0,0,0,0,0,0,0,0,0,0,0,0,0,0.60501572745631,0,0.0716443027771214,0,-0.112522768809542,0,0,0,0,0,0,0,0,0,0,0,0,0,0,0,0,0,0,-0.166450683316993,0,0,0,0,0,0,0,0,0.806705187039639,0,0,0,0,0,0,0,0,0,0,0,0,0,0,0,0,0,0,0,0,0,0,0,0,0,0,0,0,0,0,0,-0.25168067401855,0,0,0,0,0,0,0,0,1.23321987838627,0,0,0,0,0,0,0,0,0,0,0,0,0,0,0,0,0,0,0,0,0,0,-0.701768726995449
0,0,0,0,0,0,-2.4729004805631,0,0,0,0,0,0,0,0,0,0,0,0,0,0,0,-0.0732517882584105,0,0,0,0,0.0537292533738356,0,0,-0.393115489488813,0,0,0,0,0,0,0,0,0,0,0,0,0,-0.486813165836977,0,0,0,0,0,0,0,0,0,0,0,0,0,0,0,0,0,0,0,0,0,0,0,0,0,0,0,0,0,0,0,0,0.495461118169613,0,0,0.776412063882909,0,0,0,0,0,0,0,0,0,0,0.253074805206484,0,0,0,0,0,0,0,0,0,0,0,0.349070899618367,0,0,0,-0.136089238375178,0,0,0,0.929062925831286,0,0,0,0,0,0,0,0.812821943085048,-0.343520059070057,0,0,0,0,0,0,0,0,1.09861597129673,0,0,0,0,0,0,0,0,0,0,0,0,0,0,0,0,0,0,0,0,0,0,0,0,0,0,0,0,0,0,0,0,0,0,0,0,0,0,0,0,0,0,0,0,0,0,2.91296935668766,0,0,0,0,0,0,0.429051524506981,0,0,0,-0.559806241475667,0,0,0,0,0,0,0,0,0,0,0,-0.817183658357177
0,0,0.76034658481898,0,0,0,-1.8068224437846,0,0,0,0,0,0,0,0,0,0,0,0,0,0,0,0,0,0,0,0,0.0656699700104446,0,0,0,0,0,0,0,0.795449291183364,0,0,0,0,0,0,0,0.317539546895511,0,0,0,0,0,0,0,0,0,0,0,0,0,0,0,0,0,0,0,0,0,0,0,-0.209264721802266,0,0.059891025548342,0,0,0,0,0,0,0,0,0,0,0,0,0,0,0,0,0,0,0,0,0,0,0,0,0,0.50252931032054,0,0,0,0,0,0.0894542994883152,0,0,0,0,0,-0.513434311658409,0,0,0,0.876673816232004,0,0,0,-0.334217091648899,0,0,0,0,0,0,0,0,0,0,0,0,0,1.62422387621182,0,0,0,0,0,0,0,0,0,0.0120073232579965,0,0,0,0,0,0,0,-0.390022752059748,0,0,0,0,0,0,0,0,0,0,0,0,0,0.121763449577627,0.658218123375502,0,0,0,0,0,0,0,0,0,0,1.57818336169788,0,0,2.28931847960206,0,0,0,0,0.346904411930877,0,0.787884823256971,-0.182543724595881,0,0,0,0,0,0,0,0.0759421682105834,0,0,0,0,0,0,0
0,0,0.723804247076293,0,0,0,-1.54326812163052,0,0,0,0,0,0,-0.407464380249219,0,0,0,0,0,0,0,0,0,0,0,0,0,0,0,0,-0.262202902262449,0,0,0,0,0.596938702365608,-0.514713127964513,0,0,0,0,0,0,0,0,0,-0.43307820968599,0,0,0,0,0,0,0,0,0,0,0,0,0,0,0,0,0,0,0,0,0,0,0,0,0,0,0,0,0,0,0,0,0,0,0,0,0,0,0,0,0,0,0,0,0,0,0,0,0,0,0,0,0,0,0,0,0.127148814347233,0,0,0,-0.372933284542855,0,0,0,1.35714790981882,0,0,0,-0.937387378481199,0,0,0,0,0,0,0,0,0,0,0,0,0,0.898037910142448,0,0,0,0,0,0,0,0,0,0,0,-0.448221994854683,0,0,0,0,0,0,0,0,0,0,0,0,0,0,0,0,0,0,0,0.209359645894714,0,0,0,0,0,0,0,0,0,0,0,0,0,0,0.839280042431577,0,0,0,-0.0703944330856905,1.16580849359995,0,0.582609757855552,0,0,0,-0.938795239548281,0,0,0,0,0,0,0,0,0,0,0,-0.391856986026595
0,-0.528614495983056,0,0,0,0,-0.12621876477739,0,0.0311533961342678,0,0,0,0,0,0,0,0,0,0,0,0,0,0,0,0,0,0,0,0,0,0,-0.321214489201484,0,-0.0628971442736925,0,0,0,-0.638838875765472,0,0,0,0,0,0,-0.578364286129337,0.114442510381547,0,0,0,0,0,0,0,0.201809633945038,0,0,-0.653707338637835,0,0,0,0.0567331088345986,0,0,0,0,0,0,0,0,0,0,0,0,0,0,0,0,0,0,0,0,0,0,0,0,0,0,0,0,0,0,0,0,-0.349311979674864,0,0,0,0,0,0,0,0,-0.552337161529571,0,0,0,0,0,0,0,0,0.737821116415915,0,0,0,0,0,0,0,0,0,0,0,0,0,-0.00773612474724938,0,0,0,0.525113563693055,0,0,0,0,0,0,0,0,0,0,0,-0.157764747414552,0,0,0,0,0,0,0,0,0,0,0,0,-0.427625077773039,0,0,0,0.153136422252977,-0.0382994296314692,0,0.463216251551512,0,0,0,0,0,0,0,0,0,0,0,0.104364469746029,0,0,0,0,0,0,-0.85352891899831,0,0,0.283104183548313,0,0.146764026452641,0.112733036678172,0,0,0,0,0,0,0,0,0,0,0,0,0
0,-1.06292727814346,0,0,0,0,0,0.458688743048893,0,0,0,0,0,0,0,0,0,0,0,0,0,0,0,-0.19219304526333,0,0,0,0,0,-0.702474137219599,0,-0.195625099272959,0,0,0,0,0,0,0,0,0,0,0,0,0.186073176637302,0,0,0,0,0,0,0,0,0,0,0,0.101949335064453,0,0,0,0,0,0.146988889362572,0.663399616363175,0,0.0157210842550644,0.689011416610506,0,0,0,0,0,-0.45058215545086,0,0.131484822999237,0,0,0,0,0,0,0,0,0,-0.242703059340647,0,0,0,0,0.370466851895722,0,0,0,0,0,0,0,0,0,0,0,0,-1.01262658247244,-0.243664079754995,0,0,0,-0.415270322822497,0,0,0,1.72718968600725,0,0,0,0,0,0,0,1.04999821902484,0,0,0.471937328217674,0,0,0,0,0,0,1.31689842076081,0,-0.498579302330636,0,0,0,0,0.0725055334811013,0,0,0,0,0,0,0,0,0,0,0,0,0,0,0,0.604610731170452,0,0,0,0,0,0.574085563481034,-1.57443734877831,0,0.438174307283,0,0,0,0,0,-2.06022821923067,0,0,0,0,-0.241698233459835,0.760190040393471,0,0,0,0,0.146558816474795,0,-1.60867268218359,0,0,0,0,0,0.251782336666504,0,0,0,0,0,0,0,0,0,0,0,0,-0.297902409551627
0,0,0,0,-0.281330602984105,0,0,0,-0.138567977051972,0,0,0,0,0,0,0,0,0,0,-0.435725308861957,0,0,0,0,0,0,0,0,0,-4.10824600166553,0,0,0,0,0,0,0,0,0,0,-0.109885188167314,0,0,0,0,1.43689896467023,0,0,0,0,0,0,0,0,0,0,0,2.30455125938725,0,0,0,0,0,0.983361288665825,0,0,0,0,0,0,0,0,0,0,0,0,0,0,0,0,0,0,0,0,-1.02341253331443,0,0,0.0478382187861881,0,0,0,0,0,0,0,0,0,0,0,0,-0.832045012723188,0.08577731432469,0,0,0,0,0,0,0.152383846657926,0,0,0,0,0,0,0,0,0,0,0,0,0,-2.93888625707223,0,0,0,3.44324030223523,0,0,-0.303427488835412,-0.243459807006791,0,0,0,0,-0.0478024448512027,0,0,-0.0799318153199819,0,1.00831491922175,0.159187172202499,0,0,0,0,0,0,0,0,0.389712595721783,0,0,0,0,1.3193993395777,0,0,0,0,0,0,0,-0.298027088981745,0,0,-0.728438776389775,-0.665375391307501,0,0,0,0,0.0845733724242519,0,0,0,-0.132341527733569,0,0,0,0,-0.540751475114689,0,0,-0.119089117254608,0,0,0,0,0,0.729283926336874,0,0,0,0,0,0,0,0,0
0,0,0,0,0,0,0,0,0,0,0,0,0,0,0,0,0,0,0,-0.444298190834827,0,0,0,0,0,0,0,0,0,-4.25247708882201,0,0,0,0,0,0,0,0,0,0,-0.378375767502185,0,0,0,0,0.630120270013172,0,0,0,0,0,0,0,0,0,0,0,1.16161703212687,0,0,0,0,0,0.698563174587468,0,0,0,0,0,0,0,0,0,0,0,0,0,0,0,0,0,-0.311507931825927,0,0,-0.620162696746283,0.529404995163685,0,0.390962656294194,0,0,0,-0.331551076350987,0,0,0.460788020433192,0,0,0,0,0,-0.602229636094803,0.781571730820841,0,0,0,0.59271186673855,0,0,0,0,0,0,0,0,0,0,0,0,0,0,0,0,-2.9795755476209,0,0,0,2.2802551584338,1.02268886733155,-0.0521999457964633,-0.5318795245559,0,0,0,0,0,0,0,0,-0.00119730910338278,-0.634569140632822,0,0,0,0,0,0,0,0,0,0,0,0,0,0,0,0,0,0,0,-0.00288210513086784,0,0,0,0,0,0,-1.34875484201283,0,0,0,0,0,0,0,-0.0612801060044026,0,-0.415570374880396,-0.680423797256641,0,0,0,0,0,0,0,0,0,0,0,0,0.197201188962721,0,0,0,0,0,0,0,0,0
0,0,1.03627594967522,0,0,0,0,0,0,0,0,0,0,0,0,0,0,0,0,0,0,0,0,-2.71662327467969,0,0,0.437467995848118,0,0,0,0,0,0,0,0,0,-0.500033161663474,0,0,0,0,0,0,0,0,0,0,-2.30030918517096,0,0,0,0,0,0,0,0,0,0,0,0,0,0,0,0,0,0,0,0,0,0,0,0,0,0,0,0,0,0,0,0,0,0,0,0,-0.195680406406032,0,0,0,0,0,0,0,0,0,0,0,0,0,0,0,0,0,0,0,0,-0.195370287312393,0,0,-0.0575750657938052,0,0,0,0,0,0,0.665139957899027,0,0,0,0,0,0,-0.653798906535851,0,0,0,0,0,0,0,0,0,-1.29379155932589,0,-0.0329618365105904,0,0,0,0,0,0,0,0,0,0,0,0,0.0145791022068498,0,0,0,0,0,0,0,0,0,0,0,0,-1.7787852006937,0.220101853921314,0,0,0,0,0,0,0,0,0,0,0,0,0.0343117620707398,0,0,0,0,0,0,0,0,0,0,0,0,0,0,0,-0.283982450247164,0,0,0,0,0,0,0,0,-0.609998480510904
0,0,0.544594312701785,0,0,0,0,0,0,0,0,0,0,0,-0.218650010323451,0,0,0,0,0,0,0,0,-2.14432313676297,0,0,0,0,0,0,0,0,0.818425537284957,0,0,-0.957957447403613,0,0,0,0,0,0,0,0,0,0.509024640728653,0,-1.45025347203089,0,0,0,-0.190666196080051,0,0,0,0,0,0,0,0,0,0,0,1.10008703318669,0.828188295551491,0.0859019704141815,0,0,0,0,0,-0.912627767202812,0,0,0,0,0,0,0,0.328533896611482,0,0,0.272206193865227,0,0,0.192913384094158,-0.975133585033954,0,-0.723809292263224,0.347205345571503,0,0,0,0,0,0,0,0.399139413317207,0,-0.220227674978094,-0.66181093165485,0,-0.0352424416253718,0,0,-0.803147342867071,0,0,0,0,0,0,-0.714131467654532,0,0,0.355176916577677,0,0,0,-0.148738882415886,0,0,-0.466898859544213,0,0,0,0,0,0,0,0,0,0,0,0,-0.253399906877806,0,0,0,0,0,0,0,0,0,0,0,-0.0299329039512146,0,2.16168149808549,0,-0.344545768585315,0,-0.807899895713226,0,0,0.0105454201206885,0,0,0,0,0,-0.291582181711036,0,0,0,0,0,0,-0.140092127658944,0,0,0,0,0,0,0.772509812950233,0,0,0,0,1.27342753145168,0,0,0,-0.740188963688231,0.54379044315588,0,0,0,0,0,0,0,0.0638688421139759,0,0,0,0,-0.711808218511379
0,0,0,0,0,0,0,0,0,0,0,0,0,0,0,0,0,0,0,0,0,0,0,0,0,-0.12761280131203,0,0,0,0,0,0,0,0,0,0,0,0,0,0,0,-0.34818327799727,0,0,0,0,0,0,-2.99398083321363,0,-0.727071976483261,0.0822147080390205,0,0,0,0,0,-0.224696371649096,0,0,0,0,0,0,0,0,0.677832875211422,0,0,-0.318777107659804,0,0,0,0,0,0,0,0,0,0.990131488567072,0,0,0,0,0,0,0,0,0,0,0,0,0,0,0,0,0,0,-0.261614951312095,0,0,-0.000242272210904559,0,0,0,0,0,0,0,-1.28093237659474,0,0,0.576983679859963,0,0,0,0,0,0,-0.305873141262313,0,0,0,0,0,0,0,0,0,0,0,0,0,0,0,0,0,0,0,0,0,0,0,0.239597548364766,0,0,0,0,0,0,0,-0.188360845310326,0,0,-0.366361971798134,0,0,1.45516449614595,0,0,0,0,0,0,0,0,-0.173547454974374,0,0,0,0,0,0,0,0,0,0,2.52140367946499,0,0,0,0,0,0,0,0,0,0,0,0,0.253300215375334,0,0,-0.151446418366487,0,0,0,0.00781534605636058,0,0
0,0,0,0,0,0,0,0,0,0,0,0,0,0,0,0,-0.214630914041314,0,0,0,0.381921955527797,0,0,0,0,0,0,0,0,0,0,0,0,1.32532405685772,0,0,0,0,0,0,0,0,0,0,0,0,0,0,0,0,0,0,0,-0.18885080972332,0,-0.412694050688436,0,0,0,0,-0.14237604834128,-0.409384232367428,0,0,0,0.802411621320503,0,0,0,0,0,0,0,0,0,0.993831665389783,0,0,0,0,0,0,0,0,1.55203091696418,0,0,0,0,0,0,0,0,0,0,0,0,0,0,0,0,-0.567252234960153,0,0,0,0,0,-0.0291656064733781,-0.247042849347352,0,0,0,0,0,0,0,0,0,0,0,0,0,0,0,0,0,0,-0.886662593670404,0,0,0.013734821676747,0,0,0,0,0,0,0,0,0,-0.984682784857671,0.0112989873650882,0,0,0,0,0,0,0,0,0,0,0,0,0,0,0,0,0,0,0,0,0,0,0,0,0,0,0,0,0,0,0,0,-0.353822271892506,0,0,0,0,0,0,0,0,1.26189862386188,0,0,0,-0.394011340383018,0,0,0,0,0,0,0,0,0,0,0,0
0,0,0,0,0.275952924890253,0,0,0,0,0,0,-0.58361620247036,0,0,0,0,0,0,0,0,0,0,0,0,0,0,0,0,0,0,0,0,0,0,0,0,0,0,0,0,0,0,0,0,0,0,0,0,0,0,0,0,0,0,0,0,0,0,0,0,0,0,0,0,0,0,0,0,0,0,0,0,0,0,0,-0.387157803753075,0,0,0,0,0,0,-0.61995175950262,0,-0.108119504646741,0,0,0,0,0,0,0,0,0,0,0,0,0,2.17205372625587,0,0,0,0,0,0,0,0,0,0,1.28399185328436,0,-0.562802297955696,-2.26536355729893,0,0,0,0,0,0,0,-0.117430524454875,0,0,0,0,0,0,0,0,0,0,0,0,0,0,0,0,0,0,0,0,0,0,0,0,5.73600707293058,0,0,0,0,0,0,-1.02966900970618,0,0,0,0,0,0,0,0.0549023629841372,0,0,0,0,0,0,0,0,0,0,0,0,0,0,0,0,0,0,0,0,0.00577497025005203,0,0,0,0,0,0,0,0,0,0,0,0,0,0,0,0,0,0
0,0,0,0,0.29769873505009,0,0,0,-0.362564751231601,0,0,-1.20421845432584,0.0971098783888276,0,0,0,0,0,0,0,0,0,0,0,0,0,0.32907821282032,0,0,0,0,0,0,0,0,0,0,0,0,0,0,0,0,0,0,0,0.0394057579623721,0,0.300993687538427,0,0,0,0,0,0,0,0,0,0,0,0,0,0,0,0,0.358610535109822,0,0,0,0,0,0,0,0,0,-0.938271911396395,0,0,0.0124542008329538,0,0,0,0,0,-0.208446844037608,0,0,0,0,0,0,0,0,0,0,0,0,0,2.38059685315507,0,0,0,0,0,0,0,0,0,0,2.5930712522388,0,-0.74023072161774,-0.78641584976418,0,0,0,0,-0.0659476117857636,0,0,0,0,0,0,0,0,0,0,0,0,0,0,0.0897544943183881,0,0,0,0,0,0,-1.19535762844421,0,0,0,0,0,5.11453138874525,0,0,0,0,0,0,-1.34875687476223,0,0,0,0,0,0,0,0,0,0,0,0,0,0,0,0,0,0,0,0,0,0,0,0.184805685018564,0,0,0,0,0.235226468967803,0,0,0,0,0,0,0,0,0,0,0,0,0,0,0,-0.581687860373336,0,0
0,0,0,0,0,0,-0.106484896785496,0.0853085937612177,-1.26039371976854,0,0,0,0,0,0.510556362833159,0,0,-0.383664272271282,0,0,0,0,0,0,0,-0.535954589441451,0.041918884846285,-0.241837895484172,0,0.00276669871428359,-0.402088992213102,0,0,-0.9910943866913,0,-0.936900484756902,0,0,0,0,0,0,1.69057736865347,-0.515173973402593,0,0,0,0,0,0,0,-1.05595513978005,0,0,0,0.635752254961477,0,0,0,0,-1.18174778078655,0,0.27152006446049,0,0,0,0,0,0,0,0.437521286533425,0,0,-0.344078440657925,0,0,0,0,0,-0.195158356094442,0.355694735521999,0,0,0.0185257042845848,0.989697496353109,0,0,-0.0577182656862687,0,0,0,0.660487389045494,0,0,-2.13940482465712,0,0,0,0,0,0,0,0.378723312273763,0,0,0,0,0,-0.471505908569519,0,0,0,0,0,0,0,2.11805183900945,-1.37539978787033,0,0,-0.0275465259457317,0,-0.397140162475315,0,0,0,0,0,0,0,0,0,0,0,0,0,0,0,0,-1.21931409256111,0,0,0,0,0,0,0,0,-1.29956479998433,0,0,0,-0.307812691301067,0,-0.34137249791927,0,0,-0.241167204607929,0,0,0,0,0,0,0,0,0,0,0,0,0,0,0,0,0,0,-0.884005256660599,-0.172841134211404,0,-0.135288701186655,0,1.25013328206121,0,0,0,-0.512239867474239,0,0,0,0,0,-0.50051881705423,0,0,0.241935182380963,0,0,0,0,0
0,0,0,0,0,0,0,0,-1.75593163452717,0,0,0,0,0,0,0,0,0,0,0,0,0,0,0,0,0,0,0,0,0,0,0,0,0,0,0,0,-0.623369351934669,0,0,2.40380757136962,0,0,0,0,0,0,0,0,0,0,0.372534860758453,0,0,0,0,0,0,0,0,0,0,0,0.60436851038075,0,0.656664229229258,0,0,0,0,0,0.236980403497449,0,0,0,0,0,0,0,0.391446159433309,-0.14633185808642,0,0,-0.128518622517795,0,0,0,0,0,0,0,0,0,0,0,0,0,0,0,0,0.441643445207107,-0.043418767829333,1.19350899366678,0,0,0,0,-0.300473048934609,0,0,0,0,0,0,0,0,0,-2.27486364622123,0,0,0,0,0,0,0,0,0,0,0,0,0,0,0.0192573485784056,0,0,0.125120777092725,0,0,0,0,-0.273099584685153,0,0,0,0,0,0,0,0,0,0,0,0,0,0,0,0,0,0,0,0,0,0,0,0,0,0,0,0,0,0,0,0,0,0,0,-0.668093880290408,0,0,0,0,0,0,0,0,0,0,0,0,0,0,-0.0541376299389285,0,0,0,0,0,0,0,0
0,0,0,0,0,0,0,0,0,-0.806886427023505,0,0,0,0,0,0,0,0,0,0,0,0,0,0,0,0,0,0,0,0,0,0,0,0.681533985388997,0,0,0,-0.652134181583761,0,0,0,0,0,0,0,0,0,0,0,0,0,0,0,-0.135903662684524,0,0,0,0,0,0,0,0,0,0,0,0,0,0,0,0,0,0,0,0,0,0,0,0,0,0,0,0,0,0,0.00976696874063498,0,0,0,0,0,0,0,0,0,0,0,0,0,0,-0.355020411017047,0,0,0.243664996640842,0,0,0,0,0,0,0,0,0,0,0,0,0,0,0,0,0,0,0,0,0,0,0,0,0,0,0,0,0,0,0,0,0,0,0,0,0,-0.754341696985279,0,0,0,0,0,0,0,0,0,0,0,0,0,-0.00294855062897881,0,0,0,0,0,0,0,0,0,0,0,-1.23599596206444,0,-0.519809307178985,0,0,0,0,0,0,0,0,0,0,0,0,0,0,0,0.0529846941906007,0,0,0,0,0,0,0,0,0,0.288377015900231,0,0,0,0,0
0,0,-3.76858609647171,0,0,0,-1.51228589045097,0,-1.05641682088188,0,0,0,0,0,2.89588377483534,0,1.79658011276522,0,0,-0.25758175117805,0,0.601788598697671,0,-0.560971690803564,2.46329475386791,0.569497167242959,0,0,4.80988193574267,0,0,0.307315616461259,0,-5.98184897393521,0,0,0,0,0,0,0,1.60926278816133,0.705549139889178,10.7798476747294,0,0.887934786743216,2.34520719227219,0,0,0,0,0,5.12895813457511,0.414907161571547,0,0,2.86090157211399,0,0,0,0,0,1.09149914799889,0,-0.336502586413177,0,0.0294279940795728,0,0,0,5.90420246019895,0,0,-0.689433459383325,0,0,0,0,0,0,0,0,0,-0.342523521585405,0,0,0,0,0,0,0,0,-0.951251805756284,0,-0.484370283790362,-0.734241744046171,0.124774463050269,1.2881849746452,0,0,-2.93066412502298,0,0,10.5062329061798,0,0,-0.539659734052031,0,0,-1.59052500355963,0.143588718699468,0,0,-0.719224206719927,0,13.1632696151369,0,0,0,-2.74452363733776,-1.09203593115079,0,2.41150348627782,0,0,0,2.36177363332069,-1.69615704795759,2.15535375923342,0,0,0,0,0,0,0,0.478730567521056,0,0,-0.228289584739301,0,1.41597659385504,0,-1.08137532037663,0,0,0,1.73683331222947,0,0,-2.52839523619331,-1.41803671944329,0,1.18607500617132,0,1.09053073320302,-2.79940920321265,0,0,0,0,-0.664234791220978,0,0,0,0,0,-2.13822692099455,0,-0.29603143114088,0,0,-0.0383947362722461,-9.28251911859307,0,2.97253527168853,0,0,0,0,0,0,0.768289782958049,0,0,-3.77166585256147,0,0,0,-2.80059629317311,-4.95773698264511,0,0,0,0,0,0,0,2.46120485626657,0
0,0,0,0,-0.99841498332773,0,0,0,0.0540034109742455,0,0,0,0,0,0,0,-0.474669896580062,0,0,0,0,0,0,0,0.330553199292482,0,-0.164543424206319,0,0,0,0.403421224888879,0,0,0,0,0,0,0,0,0,0,0,0,0,0.212949987348594,0,0,0,0,0,0,0,0,-0.247950136116544,0,0,0,0,0,0,0,0,0,0,0,1.05467946230385,0,0,0,0,0,0,0.0238962819730877,0,0,0.0389011549262417,0,0,0.474883303585079,0,0,0,0,0,0,0,0,0,0,0,0,0,0,0,0,0,0,0.222637097700194,0,0,1.44492223889505,0,0,0,0,0,0,-0.452129920187045,0,0,0,0,0,0,0,0.331128640801736,0,0,0,0,0,0,0,0,0,0,0.144337592128424,0,0,0,0,0,0,0,0.925901713705255,0,0,0,0,0,0,0,0,0,0,0,0,0,0,0,0,0,0,0,0,0,0,0,0,0,0,-0.106057256911935,0,0,0,0,-0.210838928447413,0,0,0,0,0,0,0,0,0.284719133177493,0,0,0,0,0,0,0,0,0,0,0,0,0,0.159005870367522,0,0,0,0,0.101343418599164,0,-0.967958283655739,0,0,0
0,0,0,0,0,0,0,0,0,0,0.597507035315912,0,0,0,0,0,0,0,0,0,0,0,0,0,0.153122431675821,0,0,0,0,0,0,0,0,0,0,0,0,0,0,0,0,0,0,0,-0.141234179804845,0,0,0,0,0,0,0,0,0,0,0.219745989037009,0,0.203988895840487,0,0,0,0,0,0,0,0,0,0,0,0,0,0,0,0,0,0,0,0,0,0,0,0,0,0,0,0,0,0,0,0,0,0,0,0,0,0,0,0,0,0,0,0,0,0,0,0,0,0,0.252649450898891,0,0,0,0,0,0,0.208528717923749,0,0,0,0,0,0,0,0,0,0,0,0,0,0,0,0,0,0,0,0,0,0,0,0,0,0,0,0,0,0,0,0,0,0,0,0,0,0,0,0,0,0,0,0,0,0,0,0,0,0,0,0,0,0,0,0,0,0,0,0,0,0,0,0,0,0,0,0,0.305503073994757,0,0,0,0,0,0,0,0,0,-0.381435409434381,0,0,0,0,0
0,-0.570896934892567,0,0,0.270179389636104,0,0,0,0,0,-0.334270771661579,0,-0.322237831635878,0,-1.53314093908718,0,0,0,0,-0.232381425935088,0,0,0,0,0.518312703412783,0,0,-0.156033290087975,0.139670054356791,0,0,0,0,0,0,0,0,0,0,0,0,0,0,0,0,0,0,0,0,0,0,0,0,0,0,0,0,0,0,0,0,0,0,0,0,0,0,0,0,0,0,0,0,0,-0.271501937913216,0,0,0,0,0,0,0.301089238811598,0.0326541866959462,0,0.117770426160015,0,0,0,0,0,0,0,0,0,0,-0.706272879595251,0,0,0,0,0,0,0,0,0,0,0,0,0,0,0,0,0,0,0,0,0,-0.108342391111711,-0.057932217845073,0,0,0,0,0,0,0,0,0,0.492735862096393,0,0,0,0,0,0.599177415323541,0,0,0,0,0,0,0,0,0,0,0,0,0,0,0,-0.222143552796691,0,0,0,0,0,0,0,-0.219837620241677,0.209923602994673,0,0,0,0,0,0,-0.495304028800709,0,0.790456906351042,0,0,0,0,0,0,0,0,0.02475710108676,0,0,0,0,0,0,0,0,0,0,0,0,0,0,0,0,0,0,0,0,0,0
0,0,0,0,0,0,0,0,0,0,0,0,0,-0.411241224514235,0,0,0,0.161836464012264,0,0,-0.0392578669585428,0,0,0,0,0,0,0,0,0,0,0,0,0,0,0.58736828266701,0,0,0,0,0,-0.362024435547025,0,-0.182208473120614,0,-0.173342249700524,0,0,0,0,0,0,0,0,0,0.147765391311209,0,0.242458108869576,0,-0.13038246748283,0,0,0,0,0,0,0,0,0,0,0,0,0,0,0,0,0,0,0,0.994011632975827,0,0,0,-0.117410234110109,-0.3209529717088,0,0,0,0,0,0,0,0,0,0.545154867554072,0,0,0,-0.332326861879708,-0.0680682428086035,0,0,0,0,0,0,0,0,0,0,0,0,0,0,0,0,0,0,0,0,-0.583533185220177,0,0,0,0,0,0,0,0,0,-1.58423207102464,0,-0.0455103987815022,0,0,0.0555497310231521,0,0,0,0,0.307365711257246,0.112828384082973,0,0,0,0,0,0.297295700458768,0,0,0,0,0,0,0,0,0,0,0,0,-0.71550676858754,0,0,0,0,0,-0.439336582126393,0,0,0,0,0,0,0,0,0,-0.257441820828818,0,0,0,0,0,0,0,0,0,0,-0.653465369314762,0,0,0,0,0,0,0,0,0,0,0,0
0,0,0,0,0,0.210820401485462,0,0,-0.120910544748526,0.0633110081022432,0,0,0,0,0,0,0,0,0,0,0,0,0,0,0,0,0,0,0,0,0,0.0571539007615731,0,0,0,0,0,0.131141707579874,0,0,0,-0.448213168573446,0,-0.0707136407065285,0,1.86941128881542,0,0,0,0,0,0,0,0,0,0,0,0,0,0,0,0,0,0,0,0,0,0,0,0,0,0,0,0,0,0.328535195770984,0,0.0670147176728544,0,-0.37718736642374,1.36850774428086,0,0,0,0,0,0.39916429751172,0,0,0,0,0,0,0,0,0,0,0,0,0,0,0,0,0.312560060918812,0,0,0,0,0,0,0,0.372492156345155,0,-0.178036560501855,0,-0.0688597029500269,0,0,0,0,-0.993531648967768,0,0,0,0,0,0,0,0,0,0,0,0,0,0,0,0,0,0,1.15829112874317,0,0,0,0,0,0,0,0.331627668348753,0,0,0,0,0,0,0,0,0,0,0.0354316008079794,0,0,-0.72642143251958,0,0,0,0,-0.585352762514614,0,0,0,0,0,0,0,0,0,0,0,0,0,0,0,0,0,0,0,0,-1.06449272944134,0,0,0,0,0,0,0,0,0,0,0,0
0,0,0,0,0,0.236639561774877,0,0,0,0,0,0,0,0,0,0,0,0,0,0,0,0,0,0,0.613310459241699,0,0,0,0,0,0,0,0,0,0,0,0,0,0,0,0,0,0,0,0,0,0,0,0,0,0,0,0,0,0,0,0,0,0,0,0,0,0,0,0,-1.04599825805661,0,0,0,0,0,0,0,0,0,0,0,-0.0774848042054694,0,0,0,0,0,0,-0.0733639660619663,0,0,0,0,0,0,0,0,0,0,0,0,0,0,-0.401371780824938,0,0,0.319318254010127,0,0,0,0,0,0,0,0,0,0,0,0,0,0,-0.708341532361821,0,0,0,0,0,0,0,0,0,0,0,0,0,0,-0.236543533050227,0,0,0,0,0,0,0,0,0,0,0,0,0,0,0,0,0,0,0,0,0,0,0,0,0,0,0,0,-0.0477734456317709,0,0,0,0,-2.33839906515954,0,0,0,0,0,0,0,0,0,0,0,0,0,0,0.00290274891888354,0,0,0,0,0,0,0,0,0,0,0,0,0.328456126162877,0,0,0,0,0
0,0,0,0,-0.162756695491566,0,0,0,0,0,0,0,0,0,0,0,0,0,0,0,0,0,0,0,0,0,0,0,0,0,0,0,0,0.622877641171005,0,0,-0.381999626620714,-0.567409304573358,0,0,0,-0.79543802135424,0,0.890350401756682,0,0,0,0,0,0,0,0,0,0,0,0,0,-0.723679741689905,0,0,0,-0.0688314376318488,0,0,0,0,0,0,0,0,0.173882830306168,0,0,0,0,0,0,0,0,0,3.3209126777649,0,1.06580838955083,0.582850937255963,0,0,0,0,0,-0.715110837529329,0,0,0,0.376627789146438,-1.98257279816222,-0.47744229978674,0,0,-0.0777499734431069,0.0804814507527829,0,0,0.993151272376469,0,0,0,0,0,0,0,0,-0.337083612078922,0,1.8972369987956,0,0,0,0,0,0,0,0,0,0,0,0,1.51711382929127,0.768901869988687,0,0,-0.681339101284431,0,0,0,0,0,-1.21910441477395,0,0,0,0,-0.0167943236046975,0,0,0,4.32156173560364,0,-1.09080055995339,0,-0.544097286283048,0,0,0.602655458994553,-0.527602701542191,-1.55497553475197,0.532089296092118,0,0,0,0.232714322012056,0,0,-0.357075416500271,-0.518467257951557,0,0.00238453691973795,0,0,0,0,-0.532323519676781,0,0,0,0.893638130950109,-2.43791536303459,0,0,0,0.909941947845829,0,-0.809283816940639,0,0,1.21235011185193,0,0,1.62446418296225,0,-0.409058060749187,0,0,0,0,0.341047870611806,-1.13453069247585,0,0,0,0
0,0,0,0,-0.434066359601399,4.4090480957908,0,0,-6.20368146011761,0,-3.90677852423842,0,0,0,-1.73262860999666,0,0.494032088360552,0,0,0,0,0,0,0.113800845917631,1.91075107199924,0,0,0,7.05512768011287,0.314142256120147,0,0,0.1767232953328,0,0,0,0,0,0,0,11.3398375200928,-2.42858951555334,0,-2.04072310411476,-0.131219953557618,-4.22707842789203,4.83676986360507,0.139296851617583,0,0,0,-0.740672757477566,0,-0.746084477173015,0,0,1.50248266448305,0.507181038195363,0,0,0,-5.29974626432326,1.49073680217805,0,0,0,0,1.78336478476208,0,-1.28291501794194,0,0,0,0,0,0,0,0,0,0.189440869437662,0,-0.302729479474507,0,0,0,0,0,0,0,-1.34200329056955,0,0,0,0,0,0,0,0,0,0,0.227809636908149,0,0,0,0,0,0,-10.8105715511868,0,0,0.0611520002286756,0,0,-0.743108587744925,0,1.34023323030267,0,0.266502604696318,0,4.13099576965711,0,0,0,0,0,0,0,0,0,0,0,0,0,0,0,0.0585919497433676,0,0,0,0,-4.26259750009891,0,0,0,0,0,0,0,0,0,0,-0.0232559792164311,0,0,1.12661205899428,0,-0.108230457792554,0,0,-0.777807125449147,0,0,0,0,0,0,0,0,0.276261758959315,0,-0.797623950777905,0.453963516647008,0,2.50753224832428,0,5.34712691981554,-1.57889326749246,0,0,0,0,-1.98081564104788,0,0,0.322416015266089,0,-1.89138049509231,2.15807823500591,0,0,0.91245465874884,0,0,0,0,-1.26059715772839,0,0,-0.132354654658498,0
0,2.41388815324258,0,0,0,1.59625641920033,0,0,-2.62899942099774,0.521544524682001,-4.00695378825807,0.574762156408444,0.253309638862506,0,-0.72085327107256,0,2.57933442780357,0,0,0,0,-0.579884234193357,0,0,2.4639814235766,0,0,-2.26563110528783,0,0,-0.768739754299188,0,0.350087485945902,0.789648156020923,0,-1.86765271137534,0,0,0,0,11.7267389376221,-1.49869651634465,0,2.9372605470588,-0.270076396291099,-2.80813703014212,0,0,0,0,0,0,0,0,0,0,0,0,0.564309954458992,0.622401678642379,0,-3.45809472114159,0.220626150267255,-0.10246524308116,0,-0.0320323016816475,0,0,0,0,1.30437768988385,0,0,0,0,0,0,-1.8155605095399,0,0,0.912328851429597,0,0,0,-1.37192056522751,0,0,0,0,0,0,0,0,0,0.0717272315255557,0,0,0,0,2.25503028750045,0,0,0,0,0,0.171383874341267,0,-9.92997985740947,0,0,0,-2.04275203262611,0,0,0,0.267275745946169,0,0,0,0,0,0,1.03420521506015,0,0,0,2.13898527533858,0.599950907093175,0,-0.820690409011835,0,0,0,0,0,0,0,0,0,2.07506359611647,-5.28530880368462,1.55207241523575,0,0,0,0,0,0,0,-1.47949132308094,0,0,0,0,0,0,0,0.636922395053083,0.176634215243775,1.62217592522662,0,0,0.608934176874576,0,0,0,0,0,0,0,-2.16007704288803,0,0,0.170197930469665,0,0,0,0.0512984155382292,0,-2.80341267683002,0,0,0.0681749904520279,0,0.96974903303876,0,0,0,0,0.0035813728215599,0,0,0,0,0,0,0,-0.0187763886091386,0,0
0,0,0,0,0,0,-1.21298993974998,0,0,2.06478898537865,-0.0494489606154382,0,0,0,0,0,0,0,0,0,0,0,0,0,0,0,-0.739601390015313,0,0,0,0.824757349585458,0,0,0,0,0,0,0,0,0,0.479815072951576,0,0,0,0,0,0,0,0,0,0,0,0,0,-0.175474948777823,0,0,-0.114192284801259,0,0,0,0.326630282149549,-0.52671472356276,0,0,0,0,0,0,0,0,3.04438680847745,0.24524113349463,0,0.173543946297451,0,0,0.582680836903044,0.898652861105149,0,0.692602852977201,0,0.688513935506491,0,0,0,0,0,0,0,0,0,0,0,0.763085634783139,0,0,0,0,0,0,0,1.19910241334788,0,0,1.29292837023059,0,0.555174207980569,0,0,0,0,0,0.0742639812443562,0,0,0,0,0,0,0,0,0,0,0,0,0,0,0,0.569224108627061,0.0124431890001917,0,0,0,0.0922616907184317,0,0.405061094938634,0,0,0,0,0,0,0.184808932843547,0,0,0,-1.37203699108927,0,0,0,0,0.681880005637031,0,0,0,0,0,0,-0.565520872716934,0,0.142965876283712,0,0,0,0,0,0,0,0,0,0,-0.496315399821303,0,0,0,0,0,0,-0.470596212610547,0,0,0.000662743582749981,0,0,0,0,0,0,0.0663492809718991,0,0,0,0,0,0,0,0,0,0
0,0,0,0,0,0,0,0,0,0,0,0,0,0,0,0,0,0,0.236757457744787,0,0,0,0,0,0,0,0,0,0,0,0,0,0,0,0,0.283462546509494,0,0,0,0,0,0,0,0,0,0,0,0,0,0,0,0,0,0,0,0,0,-0.728824636457345,0,0,0,0,0,0,0,0,-0.177591555934095,0,0,0,0,0,0,0,0,0,0,0,0,0,0,0,0,0,0,0.666942808665975,0,0,0,0,0,0,0,0,0,0,0,0,0,0,0,0,0,0,0,0,0,0,0,0,0,0,0,0,0.0260533087561197,0,0,0,0,0,0,0,0,0,0,0,0,0,0,0.96087261608871,0,-0.24290941974406,0,0,0,0,0,0,0,0,0,0,0,0,0,0,0,0,0,0,0,0,0,0.410373123343767,0,0,0,0,0,0,0,0,0,0,0,0,0,0,0,0,0,0,0,0,0,0,-0.499615664700503,0,0,0,0,0,0.0236123056855839,0,0,0,0,0,0,0.350161452907589,0,0,-3.0891218224776,0,0,0,0.112695444653047,0,0,0
0,0,0,0,0,-2.60602443298517,0,0,0,0,0,-0.0122757227578925,0.345209167089559,0,0,0,0,1.64477344953933,0,0,-1.07306579034998,0,0,0,0,0,-0.298842282257866,0,-0.0288894535565614,0,0,0,0,0,0,1.51240280983613,0,0,0,0,0,0,0,0,0,0,0.57743729178379,0,-7.59831958052007,-0.328332857011683,0,0,0,-1.68414686859325,0,0,0,-4.27165702456599,0,0.518847942714663,0,0,-0.465530223431368,0,0,0,-1.45990779664188,0,1.00478891096769,0,1.13102772806869,-1.25294728299694,0,0,0,0,0.566968386787675,0,0,0,0.521588903130246,0,0,0,0.33989630039644,0,0,0,-9.15879247633442,0,-0.566305145577108,-0.771872061531051,0.84595130722953,0,1.09157207829532,-2.31542579683949,0,0,0,-2.15679762324932,-0.371165491252263,0,0,0,0,-0.982719029723045,0,0,0,-9.95012686333326,0,0,0,0,0,0.912590621387053,0,0,0,0,0,5.26024684543732,0,0,0,0.975974273785366,-1.11532308774196,0,0,0,0,0.915186922220594,0,0.744399295030784,0,-3.8372587167263,0,0,0,0,-1.54200771282528,0,1.13173673054491,2.67157465113305,-0.597520151048104,-0.503807219145358,0,-2.04169573686994,0.735281651198199,1.96427976042833,0,-2.11141969855494,0,0,-0.259838738563645,0,0.593128342915259,0.806485013095831,-1.16999383109509,0,0,1.39281757706367,0,0,-0.0266993106208857,0,0,1.28423210696461,-4.59641097240363,0,-1.29087966461383,-0.717727294839053,0,-0.055333732980015,0,0.400925842800048,3.18358577658842,0,0,0.877675476924345,0,0,0.229331833541248,0,0,0.22005101327859,0,0,0,0,-1.17236450435977,0,0,0,0.313576495879312,-0.693938557954689,0,0,0,2.58623874863979
0,0,0,0,0,0,0,-0.193175573189714,0,0,0.267427060411949,0,0,-0.185007975092952,0,0,0,0,0,0,0,0,0,0,0,0,0,0,0,0,0,0,0,0,0,0,0,0,0,0,0,0,0,0,0,0,-0.315026825692778,0,0,0,0,0,0,0,0,0,0,0,0,0,0,0,0,0,0,0,0,0,0,0,0,0,0,0,0,0,0,0,0,0,0,0,0,0,0,0,0,0.495248685039909,0,0,0,0,0,0,0,0,-0.00262119838593033,0,0,0,0,0,0,0,0,0,0,0,0,-0.410534721134209,0,0,0,0,0,0,0,0,0,0,1.07866519257479,0,0,0,0,0,0,0,0,0,0,0,0,0,0.191638754305995,0,0,0,0,-1.99284571124608,0,0,0,0,0,0,0,0,0,0,0,0,0,0,0,0,-0.0148722796134111,0,0,0,0,0,0,0,0,0,0,0,-0.0809513033681519,0,0,0,0,0,0,0,0,0,0,0,0,0,0,0,0,0,0,0,0,0,0,0,-1.25038291609944,0,0,0,0,0,0.151441739942027,0
0,0,0,0,0,0,0,0,0,0,0,0,0,0,0,0,0,0,0,0.0892271846507968,0,0,0,0,0,0,-0.311582519602797,0,0,0,-1.55213219221051,0,0,0,0,0,-0.14095746441382,0,0,0,0,0,0,0,0.879224158862267,0,0,0,-0.884520190797975,0,0,0.180051932939315,0,0,0,0,0,0,0,0,0,0.0770662396615929,0,0,0,0,0,0,0,0,0,0,0,0,0,0,0,0,0,0,0,0,0,0,0,0,0,0,0,0,0,0,0,0,0,0,0,0,0,0,0,0.0633362030606006,0,0,0,0,0,0,0,-1.16656219842356,0,0,0,0,0,0.724845435315613,0,0,0,0,0,0,0,0,0,0,0,0,-0.0249900960278602,0,0,0,0,0,0,0,0,0,0,0,0,0,0,0,0,0,0,0,0,0,0,0,0,0,0,0,0,0,0,0,0,0,0,0,0,0,0,0,-1.44000976835389,0,0,0,0,0,0,0,0,0,0,0,0,0,0,0.128254506338529,0,0,0,0,0,0,0,0,0,0,0,0,0,-0.032407299319509,0,0
0,0,-0.697793843309325,0,0,0,0,0,0,0,0,0,0,0,0,0,0.0560509504139559,0,0,0,0,0,0,0,0,0,0,0,0,0,0,0,0,0,0,0,0.1453002810963,0,0,0,0.437716852256279,0,0,0,0,0,0,0,0,0,0,0,0,0.186611979259956,0,0,0,0,0,0,0,0,0,0,0,0,0,0,0,0,0,0,0,0,0,0,0,0,0,0,0,0,0,0,-0.0303466594352231,0,0,0,0,0,0,0,0,0,0,0,0,0,0,0,0,0.173718743544717,0,0,0,0,0,0,0,-0.387949436697517,0,0,0,0,0,0,0,0,0,0,0,0.0340207166849686,0,0,0,0,0.0865390855230852,0,0,0,0,0,0,0,0,0,0,0,0,0.422366649948335,0.333600242932183,0,0,0,0,0,0,-0.0401320036902395,0,0,0,0,0,0,0,0,0,0,0,0,0,0,0,-0.303465152617719,0,0,0,-1.23166462434104,0,0,0,0,0,0,0,0,0,0,0,0.175683451079709,0,0,0,0.0596479775279342,0,0,0,0,0,0,0,0,0,0,0.483638281981956,0,0,0,0,0
0,0,0,0,0,0,0,0,0,0,0,0,0,0,0,0,0,0,0,0,0,0,0,0,-0.194723583762569,0,0,0,0,0,0,0,0,0,0,0,0,0,0,0,0,0,0,0,0,0,0,0,0,0,0,0,0,0,0,0,0,-0.37458840938556,0,0,0,0,0,0,0,0,0,0,0,0,0,0,0,0,0,0,0,-0.120432895348128,0,0,0,0,0,0,0,0,0,0,0,0,0,0.211186251701515,0,0,0,0,0,0,0,0,0,0,0,0,0,0,0,0,0,0,0,-1.18358732877455,0,0,0,0,0,0,0,0,-0.285181110943598,0,0,0,0,0,0,0.635425261550899,0,0,0.068526981591688,0,0,0,0,0,0,0,0,0,0.185153110617007,0,0,0,0,0,0,0,0,0,0,0,0,0,0,0,0,0,0,0,0,0,0,0,0,0,0,0,0,0,0,0,0,0,0,0,0,0,0,0,0,0,0,0,0,0,0,0,0,0,0,0,0,0,0,0,0,0,0,0
0,0,0,0,0,0,0,-1.09363995915103,0,0,0,0,0,0,0,0,0,0,0,0,0,0,0,0,0,-0.462299341694177,0,0.682456352715835,0,0,0,0,0,0,0,0,-1.4413913335759,0,0,0,0,0,0,0,0,0,0,0,0,0,0,0,0,-0.920604129485955,0,-0.11915126781294,0.730633457373942,0,0,0,0,0,0,0,0,0,0,-0.065649250828236,0,0,0,0,0,0,0,0,0,0,0,0,0,0,0,0,0,0,0,0,0,0,0,0,0,0,0,0,0,0.145356640169627,3.29640172253711,0,0,0,0,0.571056019532009,0,0,0,0,0,0,0,-1.99989424269359,0.435013734802417,0.0374009223129963,0,0,0,0,0,0,0,0,0,0,0,0,0,0,0,-1.88703241089025,0,0,0,0,0,0,0,0,0,0,0.495475267925493,0,0,0,0,0,0,0,0,0,0,0,0,0,0.912492247378706,0,0,0,0,0,0,0,0,0,0,0,-0.162030947992742,0.953163943619,-0.672120730769411,-4.91969589524951,0,0.682859196625409,-0.252079541670203,0,0,0,0,0.015472074744489,-0.751851096706653,0,-0.266087207018882,0,0,0,-0.144315732847699,0,0,0,0,0,0,0,0,0,0,0,0,0,0,-1.13279680783379
0,-0.0337085208878662,0,0,0,0,0,-0.0580963671505894,0,0,0,0,0,0,0,0,0,0,0,0,0,0,0,0,0,0,0,0,0,0,0,0,0,0,0,0,0,0,0,0,0,0,0,0,0,0,0,0,0,0,0,0.275720875337474,0,-0.958474938925282,0,0,0,0,0,0,0,0,0,0,0,0,0,0,0,0,0,0,0,0,0,0,0,0,0,0,0,0,0,0,0,0,0,-0.546102805356155,0,0,0,0,0,0,0,0,0,0,0,5.24297061140817,0,0,0,0,0,0,0,0,0,0,0,-0.99963431158877,0,0,0,0,0,-0.858345700239137,0,0,0,0,0.543004836005591,0,0,0,0,0,0,0,-1.25686681489077,0,0,0,0,0,0,0,0,0,0,0,0,0,0,0,0,0,-0.202888106182935,0,0,0,0,0,-0.312314671976425,0,0,0,0,0,0,-0.632033284063786,0,-1.05445875641207,0,0,0,0,0,0,0,0,0,0,0,0.0244178304985228,0,0,0,0,0,0,0,0,-0.30063718476152,0,0,0,0,0,-0.874501141902682,0,0,0,0,0,0,0,0,0
0,0,0,0,0,0,0,0,0,0,0,0,0,0,0,0,0,0,0,0,0,0,0,0,0,0,0,0,0,0,0,0,0,0,0,0,0,0,0,0,0,0,0,0,0,0,0,0,0,0,0,0,0,0,0,0,0,0,0,0,0,0,0,0,0,0,0,0,0,0,0,0,0,0,0,0,0,0,0,-0.0394150503907318,0,0,0,0,0,-0.238800121089176,0,0,0,0,0,0,0,0,0,0,0,0,0,0,0,0,0,0,0,0,0,0,0,0,0,0,0,0,0,0,0,-3.27669291441765,0,0,0,0,0,0,0,0,0,0,0,0,0,0,0,0,0,0,0,0,0,0,0,0,0,0,0,0,0,0,0,0,0,0,0,0.00880572239784017,0,0,0,0,0,0,0,0,0,0,0,0,0,0,-0.291934603945019,0,0,0,0,0,0,0,0,0,0,0,0,0,0,0,0,0,0,0,0,0,0,0,0,0,0.643228028283897,0,0,0,0,0
0,0,0,0,0,-0.179985862157444,0,0,0,0,0,0,0,0,0,0,0,0,0,0,0,0,0,0,0,0,0,0,0,0,0,0,0,0,0,0,0,0,0,0,0,0,0,0,0,0,0,0,0,0,0,0,0,0,0,0,0,0,0,0,0,0,-0.0087379523737221,0,0,0,0,0,0,0,0,0,0,0,0,0.233434009831242,0,0,0,0,0,0,0,0,0,0,0,0,0,0,0,0,0,0,0,0,0,0,0,0,0,0,-0.114747930394414,0,0,0,0,0,0,0,0,0,0,0,0,0,0,-0.655241442496593,0,0,0,0,0,0,0,0,0,0,0,0,0,0,0,0,0,0,0,0,0,0,0,0,0,0,0,0,0,0,0,0,0,0,0,0,0,0,0,0,0,0,0,0,0,0,0,0,0,0,0,0,0,0,0,0,0,0,0,0,0,0,0,0,0,0.0247310022192331,0,0,0,0,0,0,0,0,0,0,0,0,0,0,0,0
0,0,0,0,0,-0.290937996334392,0,0,0,0,0,0,0,0,0,0,0,0,0.424284372452076,0,0,0.0645494114127025,0,0,0,0,0,0.22478925708157,0,0,0,0,0,0,0,0,0,0.074212959386881,0,0,0,0,0,0,0,0,0,0,0,0,0,0,0,0,0,0,0,0.273867605193804,0,0,0,0,-0.218947328367758,0,0,0,0,0,0,0,0,0,0,0,0,0,0,0.133735832833039,-0.432450158151888,-0.535974799242012,0,0,0,0,0,0,0,0,0,0,0,0,0,0,0,0,0,0,0,0,0,0,0,0,0,0,0,0,0,0,0,0,0,0,0,0.591010907433044,0,0,0,0,0,0,0,0,0,0,0,0,0,0,0,0,0,0,0,0,0,0,0,-0.347742039391261,0,0,0,0.409961454725383,0,0,0,-0.148771937613547,0,0,0,0,0,0,0,0,0,0,0,0,-0.58282644245657,0,0.140465770644543,0,0,0,0,0,0,0,0,0,0,0,0,0,0,0,0,0,0,0,0,0,0,0,0,-1.09088747360184,0,0,0,0,0,0,-0.696484016983534,0,0,0,0,0
0,0,-1.87085748867333,0,0,0,0,0,0,0,0.0682510652587924,0,0.194755812888482,0,0,0,0,-0.26311290247555,0,0,0,0,0,0,0.546588125403848,0,-0.442527589134302,0,0,0,0,0,0,0.232376035064384,0,0,0,0,0,0,0,0,0,0,0,0,0,0,0,0,0,0,0,0,0,0,0,0,0,0,0,0,-0.680608110968948,0,0,0,0,0,0,0,0,0,0,0,0,-0.240593297933371,0,0,0,-0.62550556887921,2.09100678839178,0,0,0.670106097861574,0,1.97185464384982,0,0,0,0,0,0,0.93774386826438,0,0.186435743468524,0,0,0,0.487050365486729,0,0,0,1.11849689283438,0,0,-0.663151852030716,0,0,-0.968596317694876,0,0,0,0.0713229325240492,0,0,0,0,0,0,2.76690836958502,0,0.578363915438816,0.442980554016537,0,0,0,4.73923068327545,0,0,-0.0406178498694127,0,0,0,0,0,0,0,0,0,0.150266837486384,0,0,0,0,0,0,0,0,0,0,-0.776929963122654,0,0,0,0,0,0,0,0,0,0,0,0,-0.41946309388648,0,0,0.671914350914703,0,0.962117031118016,0,0,0,0,0.981251253954911,0,0,0,0,0,0,0,0.306550030638724,0,0,0,0,0,-1.41567373905833,0,0,0,0,0,0,0,0,0,0,0,0
0,0,-2.21487681867633,0,0,0,0,1.29790735559221,-0.421906496961099,0,0,0,0,0,0,0,0,0,0,-0.290390212946509,0,0,0,0,0,-1.23796351598682,0,0,0,0,0,0,0,-0.584374918489134,0,0,0,0,0,-0.378861775504126,0,0,0,0,0,0,-0.393551408742855,0.233060735300437,0,0,0,0,0,-0.12303646989916,0,0,0,0,0,0,0,0,-0.158201950419612,0,0,0,0,0,0,0,0.772224622874798,0,0,0,0,0,0,0,-2.32270597835457,0,0.23783155402769,0,0,0,0,4.3373336972453,0.569487289968717,0,0,0,0,0,0,0,0,0,0,0,0,0,0,0,0,-0.21406837351455,0,0,0,0,0,0,0,0,0,0,0,-0.111877969805499,0,0,0,0,0,0,0,0,0,0,0,0,0,0,0,0,-0.194118036935121,0,0,0,-0.253698050090477,0,0,0,0,0,0,0,0,0,0,0,0.350479936130252,0,0,0,0,0,0,0,0,0,0,-0.870631925203543,-0.829682375514506,0,0,0,0,0,0,-2.3457011861478,-0.697419753417311,0,0,0,0,1.64731459859078,-0.111306377897182,0,0,0.772821000366214,0,0,0,0,0,-0.502458601132023,-0.69756483632424,0,0,0,0,0,0.834812227402256,0,0,0,0,-2.15337851062241,0.694138903521913,0,0,-0.532963919589257
0,0,0,0,0,0,0,0,0,0,0,0,0,0,0,0,0,0,0,0,0,0,0,0,0,0,0,0,0,0,0,0,0,0,0,0,0,0,0,0,0,0,0,0,0,0,0,0,0,0,0,0,0,0,0,0,0,0,0,0,0,0,0,0,0,-0.327598479373224,0,0,0,0,0,0,0,0,0,0,0,0,0,0,0,0,0,0,0,0,-0.497324920439774,0,0,0,0,0,0,0,0,0,0,0,0,0,0,0,0,0,0,0,0,0,0,0,0,0,0,0,0,0,0,-1.57657944340797,0,0,0,0,0,0,0,0,0.319595679605131,0,0,0,0,0,0,0,0,0,0,0,0,0,0,0,0,0,0,0,0,0,0,0,0,0,0,0,0,0,0,0,0,0,0,0,0,0,0,0,0,0,0.228937466826659,0,0,0,0,0,0,0.424233956347057,0,0,0,0,0,0,0,0,0,0,0,0,0,0,0,0,0,0,0,0,0,0,0,0
0,0,0,0,0,0,0,0,0,0,0,0,0,0,0,0,0,0,0,0,0,0,0,0,0,0.0542826878456182,0,0,0,0,0,0,0,0,0,0,0,0.13321545562203,0,0,0,0,0,0,0,0,0,0,0,0,0,0,0,0,0,0,0,0,0,0,0,0,0,0,0,0,0,0,0,0,0,0,0,0,0,0,0,0,0,0,0,0,0,0,0,0,0,0,0,0,0,0,0,0,0,-0.214965700820472,0,0,0,0,0,0,0,0,0,0,0,0,0,0,0,0,0,0,0,0,0,0,0,0,0,0,0,0,0,0,0,0,0,0,0,0,0,0,0,0,0,0,0,0,0,0,0,0,0,0,0,0,0,0,0,0,0,0,0,0,0,0,0,0,0,0,0,0,0,0,0,0,0,0,0,0,0,0,0,0,0,0,0,0,0,0,0,0,0,0,0,0,0,0,0,0,0,0,0,0,0,0,0,0
0,0,0,0,-0.26518165675465,0,0,0,-2.6442824118166,0,0,-0.184418053762781,0,0,0,0,0,0,0,0,0,0,0,0,0.00617973105682723,0,0,0,0,0,0,0,0,-0.346232277818286,0,0,0,0,0,0,0,0,4.08460898088473,0,0,0,0,0,0,0,0,0,0,-1.82978869410028,0,0,0,0,0,0,0,0,0,0,0,0.360346878062588,0,0,0,0,0,3.39584562137155,0,0,0,0,0,-0.265697031028518,0,0,0,0,0,0,0,0,0,0,0,0,0,0.327301139199969,0,0,0,0,0,0,0,0,0.179967478543016,0,0,0,0,0,0,0,-0.814986806321285,0,0,0,0,0,0,-0.555603380931938,0,-0.149352470871129,0,0,0,0,0,0,0,0,0,0,0,-0.0379410306903263,0,-0.114514177649028,-0.56205828146685,0,0,0,0,0,0,0,0,0,0,-0.934437020777866,0,0,0,0,0,0,0,0,-2.02988654292251,0,0,0,0,0,0,0.241843642812677,0.897827183438086,0,0,0,0,0,0,0,0,0,0,0,0,0,0,0,0,0,-0.0385086556142726,0,0,0,0,0,0,0,0,0,0,0,0,0,-0.233876736856479,0,0,0,0.28686173754256,-0.675134545664661,0,0
0,0,0,0,0.688755512048354,0,0,0,0,-0.000822743168365836,0,0,0,0,0,0,0,0,0,0,0,0,0,0,0.409797587140009,0,0,0,0,0,0,0,0,0,0,0,0,0,0,0,0,0,0,0,0,0,0,0,0,0,0,0,0,0,0,0,0,0,0,0,0,0,0,0,0,0,0,0,0,0,0,0,0,0,0,0,0,0,0,0,0,0,0,0,0,0,0,0,0,0,0,0,0,0,0,0,0,0,0.69612281645914,0,0,0,-0.373864692835609,0,0,0,0,0,0,0,0,0,0,0,0,0,0,0,0,0,-0.302451225996319,0,0,0,0,0,0,0.0236833469881959,0,-0.134826691632587,0,0,0,0,0,0,0,0,0,-0.380798032178363,0.334703417612892,0,0,0,0,0,0,0,0,0,0,0,0,0,0,0,0,0,0,0,0,0,0,0,0,0,0,0,0,0,0,0,0,0.0174531114263761,0,0,0,-1.28383041138428,0,0,0,0,0,0,0,0,0,0,0,0,0,0,0,0,0,0,0,0,0,0
0,0,0,0,0,0,-0.510016972143974,0,0,0,0,0,0,0,0,0,0,0,0,0,0,0,0,0,-0.165070036013628,0,0.522692803694749,0,0,0,0.199039201079088,0,0,0,0,0,0,0,0,0,0,0,2.31602967872667,0,0,0,0,0,0,0,0,0,0,0,0,0,0,0,0,0,0,0,0,0,0,0,0,0,0,0,0,0,0,-0.0474866482329792,0,0,0,0,0,0,0,0,0,0.058360119504133,0,0,0,0,0,0,0,0,0,0,0,0,0,0,0,0,0,0,0,-1.09395875753714,0,0,0,0,0,0,0,0,0,0,0,0,0,0,0,0,0,0,0,0,0,0,0,0,0,0,0,-0.0947051120991669,0,0,0.0347893498853604,0,0,0,0,0,0,0,0,0.580718095809513,0,0,0,0,0,0,0,0,0.137030783328568,0,0,0,0,0,0,0,0,-4.40451997840901,0,0,0,0,0,0,0,0,0,0,0,-0.472842352262001,0,0.0297195186477675,0,0,0,0,-0.567757614874377,0,0,0,0,0,0,0,0,0,0,0,0,0,0,0,0,0.54840961394228,0,0
0,0,0,0,0,0,0,0,0,0,0,0,1.53755869040718,0,-0.925683576859153,0,0,0,0,0,-0.0933942583650518,0,0,0,0,0,0,0,0,0,0,0,0,-0.604681371590133,0,0,0,0,0,0,0,-0.286633330027557,0,0,0,0,0,0,1.06863009049959,0,0,0,0,0,0,0,0,0,0,0,0,0,0,0,0,0,0,0,0,0,0,0,0,0,0,0,0,0,0,0,0,0,0,0,-0.45992967733763,0,0,0,0,0,0,0,0,-2.22467899464866,0,0,5.06194187851364,0,0,-0.0963446757957771,0,-0.402774150930138,0,0,-0.300229360904567,0,0,0,-10.4695380013498,0,0,1.65177901233833,0,0,0,0,0,0,0,0,0,0,-0.499370683707329,0,0,0,0,0,0,0,0,0,0,0,0.0700555207935083,0,0,0,0,-0.984566160435671,0,0,0,0,0,0,0,0,0,0,0,0,0,0,0,0,0,0,0,0,0,0,0,0,0,0,0,0,0,-0.878544450288065,0,0,0,0,0,0,0,0,0,0.0391972922846027,0,0,0,0,0.864746148554324,0,0,0,0,0,0.199854031390789,0,0,0,0,0,0,0,0,0
0,0,0,0,0,0,0,0,0,0,0,0,1.66278205966357,0.376774120028143,-0.689873219431115,0,-0.103262264850276,-0.0583827705014717,0,0,0,0,0,-0.131090062034834,0,0,0,0,0,0,0,0,0,-1.4985607063251,0,0,0,0,0,0,0,-0.178489028959907,0,0,0,0,0,0,1.04461858163164,0,0,0,0,0,0,0,0,0,0,0,0,0,0,0,0,0,0,0,0,0,0,0,0,0,0,0,0,0,0,0,0,0,0,0.544751771414714,-0.336680764067761,0,0,0,0,0,0,0,0,-2.29892272884497,0,0,5.43751163396166,0,0,0,0,0,0,0.175824857672476,0,0,0,0,-8.57020590563257,0,0,0.326564159854793,0,0,0,0,0,0,0,0,0,0,-0.119995308841543,0,0,0,0,0,0,0,0,0,0,0,0,-0.121717500461396,0,0,0,-2.0020168934476,0.0581753270587198,0,0,0,0,0,0,0,0.183360466822985,0,0,0,0,-0.185613069950044,0,0,0,0,0,0,0,0,0,0,0,0,0,0,0,0,0,0,0,0,0,0,0,0,0,0,0,0,0,0,0.53633564390235,0,0,0,0,0,0,0,0.151618222061689,-0.0355243314303626,0,0,0.0444486486335274,0,0,0
0,0,0,0,0,0,0,0,0,0,0,0,1.67983648015375,0.456043927111303,-0.661892523971979,0,-0.142833577083871,-0.251598131306352,0,0,0,0,0,0,0,0,0,0,0,0,0,0,0,-2.05944379725157,0,0,0,0,0,0,0,0,0,0,0,0,0,0,0.974646478271046,0,0,0,0,0,0,0,0,0,0,0,0,0,0,0,0,0,0,0,0,0,0,0,0,0,0,0,0,0,0,0,0,0,0.116068060858276,0.420798711473747,-0.233188025413387,0,0,0,0,0,0,0,0,-2.28917912337196,0,0,5.31329014458251,0,0,0,0,0,0,0,0,0,0,0,-8.62323510935914,0,0,0,0,0,0,0,0,0,0,0,0,0,0,0,0,0,0,0,0,0,0,0,0,0,0,-0.319741858428425,0,0,0,-1.89520665481087,0.0638850259619856,0,0,0,-0.159266333893249,0,0,0,0.463194475222097,0,0,0,0,-0.207358846213539,0,0,0,0,0,0,0,0,0,0,0,0,0,0,0,0,0,0,0,0,0,0,0,0,0,0,0,0.310294729752834,0,0,0.157118909134982,0,0,-0.0190310753211151,0,-0.523705619204095,0,0,0.730707376658883,-0.0297589000409029,0,0,0.0368000317669579,0,0,0
0,0,0,0,0,0,0,0,0.655730168235962,-0.216841817888356,0,0,1.06494590514536,0,-0.417863502049701,0,0,-0.36477668024196,0,0,-0.925507968042023,0,0.391509880536294,0,0,0,0,0,0,0,0.0503517775444515,0,0.327192511915279,-1.23477181355382,0,0,0,0,0,0,0,0,0,-0.299298188118392,0,0,0,0,0.800952297994543,0,0,0,-0.150564585731737,0,0,0,0,0,0,0,0,0.62929041615232,0,0,0,-0.729392005763806,0,0,0,0,0,0.391100482501608,0,0,0,0,0,0,2.07316436568396,0,-0.888990076219931,0,0.375507632716083,0,0,0,0,0,0,0.197636614952498,0,0,0,-1.20210279727388,0,0,2.66829954824676,0,0,0,0,0,0,0,0,0,0,0,-4.44934268677073,0,0,0,0,0,0,0,0,0,0,0,0,0,0,0,0,0,0,0,0.103796692453492,0,0,0,0,0,0,-0.324579403306527,0,0,0,-1.25868509130886,0,0,0,0,0,0,0,0,0,0,0,0,0,0,0,0,0,0,0,0.178050851867374,0,0,0,0,0,0,0,0,0,0,0,0,0,0,0,0.895259288261282,0,0,0,0,0,0,0.375824076619306,0,1.13873439442507,0,0,-0.138554189561483,0,0,0,0,0.391910943878751,0,0.853882749833198,0,0,0,0,0
-2.84279101924953,0.605343994790924,0,0,0,0,0,-0.152853532586239,-1.41473906087524,0,0,1.5958238370253,0,0,0.777511814796578,0,-0.725974634891725,0,0,0,-0.00281959389694553,0,0,0,-0.36622883181016,0,0,0,0.190122407356477,0,0,0,0,0,0,0,0.102322542080841,-0.517526085168766,0,0,-0.244366658857097,0.412698930930557,-0.181474412608382,-0.861964867714284,0,0,0,0,0.535284243811568,0,0,0,0,-0.123785160293063,0,1.20455160092902,0,0,0.233318260380976,0,0,2.21102564835842,0,0,0,0,0,0,0,0,0,0.773230298682061,0,0,0,0.277891931729458,0,0.324004526785717,0,0,0,0,0,0,0,0,0,0,0,1.4866711008558,0,0,0,0,0,0,0.427031930674348,0,-1.28968438432523,0,0,0,0.467519072698782,0,0,0,0,-0.145879252411409,0,0,0,-5.33069533833654,0,0,-0.0138181054994697,-0.476790055635583,-0.320053485966613,-3.49385718189222,0,0,0,-1.16897836846692,0,0,0,-0.0559404951009737,0,0,-1.98840549729394,0,-0.50931507524506,0,0,0,0,0,-0.77180049197215,0,0,0,0,0,0.0810867499221444,0,-0.726590024318653,0,0,0,0,0,-0.123947403487026,0,0,0,0,0,0,0,0,0,0,0,1.60883620203873,0,0,0,0.352175758197556,0,-1.43748626006989,0,0,0,0,0,0,2.01184844238954,-1.24142767955886,-0.624764474334712,0,0,-0.0493228114583302,0,0,0,-0.107433095177944,0,0.692057049735878,0,0,0,0,-0.00437935606588602,0,0,0,0,0,0,0,0
0,0,0,0,0,0,0,0,0,0,0,5.97151549791914,0,0,0,0,0,0,0,0,0,0,0,0,0,0,0,0,0,0,0.220378388912972,0,0,0,0,0,0,-0.0151664746441527,0,0,0,0,0,0,0,0.920818824518699,0,0,0,0,0,0,0,0,0,0,0,0,0,0,0,0,0,-0.0660852530647318,0,0,0,0,0,0,0,0,0,0,0,0,0,0,0,0,0,0,0,0,-0.0538326555031212,0.0736838175438701,0,0,0,0,0,0,0,0,0,0,0,0,0,0,0,0,0,0,0,-0.323139466224136,0,0,0,0,0,0,0,0,0,0,0,-1.2078312863891,0,0,0,0,0,0,0,0,0,0,0,0,0,0,0,0,0,0,0,0,0,0,0,0,0,-0.372733091228527,0,0,0,0,0,0,0,0,0,0,0,0,0,0,0,0,-0.200802726281847,0,0,0,0,0,0,0,-0.18589769395242,0,0,0,0,0,0,0,0,0,0,0,0,0,0,0,0,0,0,0,0,0,0,0,0,0,0,0,0,0,0,0
0,0,-0.603295741178345,0,-0.108276913281983,0,0.289131441110229,0,0,0.47301801403319,0,10.9796267212224,-0.964428089604288,0,-0.47122566599193,0.670425901955555,0,0.879315909251452,0,0,0,0,0,-0.144291184290998,0,-0.289479221332067,-0.210654355601324,0,0,0,0,0,0,0.0964334196615653,0,1.37445560305066,0,0,0,0,0.513470237533519,0,0,-1.10524312459424,0,2.65277572570229,0,0,-0.0668730095055332,0,0,-0.139227759706752,0,-0.557765182000538,0,0,0.271658026252747,-0.700211848313655,0,0,0,0,0.431655016446608,0,0,3.5315676655132,0,-0.0907211203867173,0,3.2180419896646,-1.98618225227886,0,0,0,0,0.305409720525133,2.94688884454767,-0.701603592831819,0,-1.52529039066546,0,-1.31451236709461,0.0208009500441209,0,0.570015318556789,0,0,0,0,0,0,-0.0824928889662706,0,0,0,1.80630719975193,0.334480611267927,0,1.71411883686285,0,0,-2.45675992654768,-0.269105830885595,0,-0.838761082410517,-2.52975970582158,0,0,0,1.95194895986576,0,0.722203510523663,0,0,0,0,0,0,0,0,0.790655044256491,0.927443964376757,0,0,0,0,0,-0.444208617422356,-1.2931090067578,0,0,-0.717828098988801,-0.753364703571379,0,0,-0.126950341753985,0,0,0,0,-3.79729169227702,0,0,0,0,0,0,-1.23683997416052,0.500814487551961,0,0,0,0,2.37570013098037,0,0,0.749253649086552,0,0,0,-0.984974258384586,0,2.024780884674,0,0,-0.171484306350372,0,0,3.17217227160769,0,0.252555633261667,0.615491841441581,0,0,0,0,1.04676963756652,0,0,0,0,0,0,2.10200247282916,-0.604312656941201,0,0,1.0732140804664,0,-3.74552774503379,0,0,-0.94512612861485,-1.00570631021737,0,-1.93763801410322,0,0,-2.02495479903963,0
0,0,0,0,-0.947064828574392,0,0.961113793972196,0,-0.0103258009081062,0,0,9.50942714543748,-0.0574150141353515,0,0,0.294662617828112,0,0.27636514816715,0,0,0,0,0.887668879817468,0,0,0,-0.195184777357698,0,0,0,-0.275475227113519,0,0,0.916721251874085,0.0143630174144953,0,0,0,0,0,0,0,0,-0.894758267196551,0.491555284626912,0,0,0,0,0,0,0,0,0,0,0,0,0,0,0,0,0,0,0,-0.152671919391075,0.451456506417292,0,0,0,1.75212802463204,-0.619451772342924,0,0,0,0,0.0431903150500776,3.15216157937207,0,0,-1.93734048558929,0,0,0,0,0,-1.5210279552025,0,0,0,0,0,-0.953589673431011,0,0,0,0,0,0,0.603539959518318,0,0,-0.513835186551648,0,0,-0.571686924075293,0,0,0.228195275721079,0,0.459538640676298,0,0,0.228135053174674,-0.266123687572853,-0.474365142653609,0,0,0,0,-0.288484044143256,0.208592891306031,0,0,0,0,0,0,0,-0.484776072533301,0,0.102919363210946,-0.0276840839600807,-1.14875506917271,0,0,0,0,0,0,0,-4.07566699412019,0,0,0,0,0,0,-0.954762764830827,0,0,1.55938313003008,0,0,1.95609741854652,0,-4.07166224280153,0.80769118265059,0,0,0,0,0,0.673250306999607,0,0,-0.0174219547337671,0,-0.463025378709967,1.96099771416301,0,0,0,0,0,0,0,1.00129651946739,0,0,0,0,0,0,0.874176903601645,-1.01089367418389,-0.404153827338676,0,0,0,-1.92066415669334,0,0,-0.23631560060832,-1.31461576174733,0,-3.49289871584096,0,-0.266354275173829,0,0
0,0,0,0,0,0,-0.000721032952229139,0,0,0,0,7.71876885791349,0,0,0,0,0,0,0,0,0,0,0,0,0,0,0,0,0,0,0,0,0,0,0,-0.289337458783888,-0.00680545030009228,-0.117409246797843,0,0.331979434697859,0,0,0,0,0,0,0,0,0,0,0,0,0,0,0,0,0,0,0,0,0,0,0,-0.37403543282929,0,0.790486259388158,0,0,0,0,-0.285048982007325,0,0,0,0,0,0,0,2.65583740017321,0,0.113148262842146,0,0,0,0,0,-0.158664084491466,0,0,0,0,0,0,0,0,0,-0.287599946476378,0,0,0,0,0.150974464114658,0,0,0,0,0,0.292255157992249,-0.363751436593093,0,0,0,0,0.0167383718360685,-2.09869392943201,0,0,0,0,0,0,0,0,0,0,0,-3.00286675914293,0,0,0,0,0,-0.00379791173582156,0,0,0,-1.40751763386152,0,0,0,0,0,0,0,0,0,0,-0.0484513169274225,0,0,0,0,0,0,-1.76227063378572,0,0,0,0,0,0,4.40203404891969,0,0,0,0,0,-0.019427563863877,0.848166336181293,0,0,0,0,0,0,-0.480800377827249,0,0.514852749063504,0,0,0,0,0,0,1.08520107102871,0,0,0.731651900998934,0,0,0,0,0.374373835509607,0,0,-0.39101671439695,0,0,0,0
0,0,0,0,0,0.569685311269299,0,-0.0394184074686696,0.308148820258721,0,0,8.94094098875323,0,0,0,0,0,0,0,0,0,0,0,0,1.25559133022885,0,0,0,0,0,0,0,0,0.299086577112648,0,-1.4854687265364,0,0,0,0,-1.0777539390468,0,0,0,0,0,0,0,0,0,0,0,0,0.887955138474641,0,0,0,0,0,0,0,0,0,-1.6655919678124,-0.504490952513336,0,0,0,0,0,0,0,0,0,0,0.181064995432707,0,0,0.472658716287083,0,0.167256173850081,0,0,0.564197705653166,0,0,0,-0.874970990254318,0,0,0,0,0,0,0,0,0,0,0,0,-0.0397869387071086,0,0,0,0,0,0,0,0,0,0,0,0,0,-1.01620304067838,0,0,0,0.317641766744756,-1.082619474183,-1.82156312252305,-0.0924185269233093,-1.08073190807915,0,0,0,-1.02549075671204,0,0,0,0,0,0,0,0,0,-3.14300281785013,0,0,-1.54573293520824,0,0,0,0.411096202442979,0,0,0,0,0,0,0,0,0,0,0,-2.89070523882896,0,0,0,-0.386216689229149,0.0213945311574406,9.39528112329719,0,0,0,0,0.774259963860532,0,0,0,0,0,0,0,0.512893621043691,0,0.126046900243296,0,0,1.45675120031534,0,0,0,0,0,0,0,0,-0.294922001793374,0,0,0,0.929608209100851,-0.878094837829952,0,-3.0219189527337,0,-1.3421122091478,0,0
0,0,0,0,0,0,0,0,0,0,0,7.44832563422487,0,0,0,0,0,0,0,0,0,0,0,0,0,0,0,0,0,0,0,0,0,0,0,0,0,0,0,0,0,0,0,0,0,0,0,0,0,0,0,0,0,0,0,0,0,0,0,0,0,0,0,0,-0.1182911800147,0,0,0,0,0,0,0,0,0,0,0,0,0,0,0,0.76799207027325,0,0,0,0,0,0,0,0.301189167991365,0,0,-0.353783282992938,0,0,0,0,0,0,0,0,0,0,0,0,0,0,0,0,0,0,0,0,0,0,0,0,0,0,0,0,0,0,0,0,0,0,0.947707634264978,0,0,0,0,0,0,0,0,0,0,0,0,0,0,0,0,0,0,0,0,0,0,0,0,0,0,0,0,0,0,0,0,0,0,0,0,0,0,0,0,0,0,0,0,0,0,0,0,0,0,0,0,0,0,0,0,0,0,0,0,0,0,0,0,0,0,0,0,0,0,0,0,0
0,0,0,0,-0.721364816213391,0,0,0,0,0,0,1.87268977550468,0,0,0,0,-0.0507924943357403,0.617741687409215,-3.98163390441022,0,0,0,0,0.0526798837318667,0,0,0,0,0,0,0,0,0,0,0,0,0,0,0,0,0,0,0,0,0,0,0,0,0,0,0,0,0,0,0,0,0,0,0,0,0,0,0,0,0,0,0.309269140337171,0,0,0,0.17847591728482,0,0,0,0,0,0,0,0,-1.04761415251333,0,0,0,0,0,0,0,0,0,0,0,0,0,0,0,0,0,0,0,0,0,0,0,0.319836148284903,0,0,0,0,0,0,0,0,0,0,0,0,0,-0.41451229248673,0,0,0,-1.2344253767435,0,0,0,0.28314453505488,0,0,0,0,0,0,0,0,0,0,0,0,0,0,0,0,0,0,0,0,0,0,0,0,0,0,0,0,0,0,0,0,0,-0.464978562461261,0,0,0,0,0,0,0,0,0,0,0,0,0,0,0,0,0,0,0.377652608825616,0,0,0,0,0,0,0,0,0,0,0,0,0,0,0,0,0,-0.13748341462615,0,0,0.322913123599964
0,0,-0.720635474305974,0,0,0,0,0,-0.444622459370672,0.815647983393119,0,8.7182736610533,0,0,0,0,0,0,0,0,0,0,0,0,0,0,0,0,0,0,4.83800517896427e-05,0,0,-0.476369449721383,0,0,0,0,0,0,0,0,6.96732966343266,0,0,0,0,-1.40066601834359,0,0,0,0,0,-0.00954914075780611,0,0,0,0,0,0,0,0,0,0,0,0,-0.166345529379959,0,0,0,0,0,0,0,0.808766530174773,0,0,0,0,0,0,0,0,0,0,0,0,0,0,0,0,0,0,0,0,0,0,0,0,0,0,0,0,0,0,0,-0.211242506684716,0,0,0,0,0,0,0,0,0,0,0,0,0,0,0,0,0,0,0,0,0,0,0,0,0,0,0,0,0,-0.0381944929697966,0,0,0,0,0,0,0,0,0,0,0,0,0,0,0,0,0,0,0,0,0,0,0,0,0,0,0,0,0,0,0,0,0,0,0,0,0,0,0,0,0,0,0,0,0,0,0,0,0,0,0.768362871458902,0,0,0,0,0,0,0,0,0,0,0,0
0,0,0,0,0,0,0,0,0,0,0,7.80898497367888,0,0,0,0,0,0,0,0,0,0,0,0,0,0,0.607360855645259,0.0694857295987596,0,0,0,0,0,0,0,0,0,0,0,0,0,0,0,0,0,0,0,0,0,0,0,0,0,0,0,0,0,0,0,0,0,0,0,0,0,0,0,0,0,0,0,0,0,0,0,0,0,0,0,0,0,0,0,0,0,0,0,0,0,0,0,0,0,0,0,0,0,0,0,0,0,0,0,0,0,0,0,0,0,0,0,0,0,0,0,0,0,0,0,0,0,0,0,0,0,0,0,0,0.0332918019794477,0,0,0,0,0,0,0,0,0,0,0,0,0,0,0,0,0,0,0,0,0,0,0,0,0,0,0,0,0,0,0,0,0,0,0,0,0,0,0,0,0,0,0,0,0,0,0,0,0,0,0,0,0,0,0,0,0,0,0,0,0,0,0,0,0,0,0,0,0,0,0
0,0,0,0,0,0,0,0,0,1.84787391596435,0,7.9860317613691,0,0,0,0,0.0524571253836752,-2.0591077938294,0,0,0,0.190598860307738,0,0,-0.613456136529304,0.0641558356283731,0,0,0,0,0,0,0,0,0,0,0,0,0,0,0,0,-0.716448863393522,0,-0.243974145910934,0,0,0,-0.231964562754302,0,0,0,0,-0.189002883891102,0,0,0,0,0,0,0,0,-0.803082688279769,0,-0.70410031852491,0,0,0,0,0,0,0,0,0,0,0,0,0,-0.724959051280007,0.412921076450897,0,0,0.628924173606933,0,-0.981800693634701,0,0,0,0,0,0,0,-0.347561238539519,0,0,0,0,0.115904703691001,0,-2.97767957194463,0,0,0,0,0,0,0,0,0,0.194251780510272,0,0,0,0,0,0.0583800913454202,0,0,0,0,0,0.742158048825375,0,0,0,0,0.246442501783896,0,5.97969105346036,0,0,0,0.773346490552402,0,0,0,0,0,0,0,0,0,0,0,0,0,0,0,0,0,0,0,0.191667366889402,-0.0418154362916257,0,0,0,0,0,0,0,-0.734270174236152,0.0130766593166756,-1.04008763413247,0,0,0,0,0,0,0,0,0,0,0,-0.443000508125233,0,-0.690838348265404,0,0,0,0,0,0,0,0,0,0.00174341165890279,0,0,-0.521352673113082,0,0,0,0,0,0.208430156216261,0,0,0.247483299687348
0,0,0,0,0,0,0,0,0,0.699819700700316,0,9.11444782162584,0,0,0,0,0,0,0,0,0,0,0,0,0,0,0,0,0,0,0,0,0,0,0,0,0,0,0,0,0,0,0,0,0,0,0,0,0,0,0,0,0,0,0,0,0,0,0,0,0,0,0,0,0,0,0,0,0,0,0,0,0,0,0,0,0,0,0,0,0,0,0,0.571789638727123,0,0,0,0,0,0,0,0,0,0,0,0,0,0,0,0,0,0,0,0,0,0,0,0,0,0.0328527965719658,0,0,0,0,0,0,0,0,0,0,0,0.0322954883306814,0,0,0,0,0,0,0.481100773310066,0,0.594127048545612,0,0,0,0,0,0,0,0,0,0,0,0,0,0,0,0,0,0,0,0,0,0,0,0,0,0,0,0,0,-0.178936824509126,-0.429924210596681,0,0,0,0,0,0,0,0,0,0,0,0,0,0,0,-0.649486276033574,0,-0.030783199661369,0,0,0,-0.54869625963274,0,0,0,-0.12810946366109,0,0,0,0,0.0308002872064106,0,0,0,0,0,0,0.0642045092610533
0,0,0,0,0,0,0,0,0,0,0,4.64076042011532,0,0,0,0,0,0,0,0,0,0,0,0,0,0,0,0,0,0,0,0,0,0,0,0,0,0,0,0,0,0,0,0,0,0,0,0,0,0,0,0,0,0,0,0,0,0,0,0,0,0,0,-0.169803159488548,0,0,0,0,0,0,0,0,0,0,0,0,0,0,0.366927806820089,0,0,0,0,0,0,0,0,0,0,0,0,0,0,0,0,0,0,0,0,0,0,0,0,0,0,0,0,0,0,-0.151721249261873,0,0,0,0,0,0,0,0,0,0,0,0,0,0,0,0,0.516456678933319,0,0,0,0,0,0,0,0,0,0,0,0,-0.0244912851295858,0,0,0,0,0,0,0,0,0,0,0,0,0,0,0,0,0,0,0,0,0,0,0,0,0,0,0,0,0,0,0,0,0,0,0,0,0,0,0,0,0,0,0,0,0,0,0,0,0,0,0,0,0,0,0,0,0,0,0,0
0,0,0,0,0,0,0,0,0,0,0,5.36382287289323,0,0,0,0,0,0,0,0.0500114219154753,0,0,0,0,0,0,0.539916777335278,0,0,0,0,0,0,0,0,-0.0840829679531692,0,0,0,0,0,0,0,0,0,0,0,0,0,0,0,0,0,0,0,0,0,0,0,0,0,0,0,0,0,0,0,0,0,0,0,0,0,0,0,0,0,0,0,0,0,0,0,0,0,0,0,0,0,0,0,0,0,0,0,0,0,0,0,0,0,0,0,0,0,0,0,0,0,0,0,0,0,0,0,0,0,0,0,0,0,0,0,0,0,0,0,0,0,0,0,0,0,0,0,0,0,0,0,0,0,0,0,0,0,0,0,0,0,0,0,0,0,0,0,0,0,0,0,0,0,0,0,0,0,0,0,0,0,0,0,0,0,0,0,0,0,0,0,0,0,0,0,0,0,0,0,0,0,0,0,0,0,0,0,0,0,0,0,0
0,0,0,0,0,0,0,0,0,0,0,4.91785399377784,0,0,0,0,0,0,0,0,0,0,0,0,0,0,0,0,0,0,0,0,0,0.0820769700441675,0,0,0,0,0,0,0,0,0,0,0,0,0,0,0,0,0,0,0,0,0,0,0,0,0,0,0,0,0,0,0,0,0,0,0,0,0,0,0,0,0,0,0,0,0,0,0,0,0,0,0,0,0,0,0,0.0102211642438912,0,0,0,0,0,0,0,0,0,0,0,0,0,0,0,0,0,0,0,0,0,0,0,0,0,0,0,-1.27813110736247,0,0,0,-0.0921793896865739,0,0,0,0,0,0,0,0,0,0,0,0,0,0,0,0,0,0,0,0,0,0,0,0,0,0,0,0,0,0,0,0,0,0,0,0,0,0,0,0,0,0,0,0,0,0,0,0,0,0,0,0,0,0,0,0,0,0,0,-0.166871465869975,0,0,0,0,0,0,0,0,0,0,0,0,0,0,0,0,0,0
0,0,0,0,0,-0.458570098596832,0,-1.76816389353085,0,-0.660620271434315,0,7.86538541683282,0,0,0,0,0,0,0.18886141554251,-0.299160386893971,0,0,0,0,0,0,0,0,0,0,1.19041308826516,0,0,0,0,0,0,-0.175270990490751,0,0.489452764069501,0,-0.399887043222093,0,0,-0.819688916264623,-0.408720316238127,0,0.0214447083337304,0,0,0,0,0,-0.767046617121978,0,0,0.350623151278076,-0.871147514686685,0.499424481443981,0,0,0,0,0,0,-1.90710173367978,0,0,0.105729808555021,0,0,0,0,0,0.690745727892398,0,0,0,0,0,0,0.666822863543141,0,-0.223229795770216,0,0,0,0,0,0,-0.812721015533383,0.146795703416449,-0.725103573207232,0,0,1.46152470051624,0,0,0,0,0.612734283781471,0,0,0,-1.07224813831604,-0.0294622080555691,-2.12482783317798,0,1.17581232524625,2.04063870183214,0,0,0.505611919013625,0,0,0.625437819442633,0,0,0,0.61146025656717,-0.188731132572188,1.54592378465154,0,0,0,0,3.53480076373623,0.535530647258776,0,0,0,0,0,0,0.618159054890798,0,0,0,0,-0.403632891747251,0,0,0,0,0,5.77091918505567,0,-2.04753428424338,0,-0.0718027109427448,0,0,0,0,0,0,0.330475372976586,0,0,0,0,0.0185649565052122,3.13645677300367,0,0,0,0,0.207295419210388,-1.74150925866327,0,0,0,0,0,0.0959613229046214,-1.34696243849769,0,0,0,0,0,0,0,2.05174607082937,-2.3991092942671,1.04809603015488,0,0,0,0,0,0,-0.910216180036383,0,0,-1.39465279227323,0,0,0,1.42594005065641
0,0,0,0,0.676596785751444,0,0,0,0,-0.033456090849632,0.701589193747111,5.11582639170497,0,0,0,0,0,0,0,0,0,0,0,0,0,0,0,-0.713571777994784,0,0,0,0,0,0,0,-0.0302475547147409,0,0,0,0,0,0,-0.543568986810687,0,-0.301071595868855,0,0.155746007563078,0,0,0,0,0,0,0,0,0,0,1.44437354507509,0,0,-0.132432849630113,-0.0433962905547172,0,0,0,0,0,0,0,0,-0.214544619863061,0,0.0386631598160503,0,0,0,0,0,0.424027056043609,0,1.21278870007799,0,0,0,0.773184477749629,0,0,0,0,0,0,0,0,0,0,0,0,0,0,0,0,0,0,0,0,-0.252399710310313,0,0,0,0,0,0,0.00415137649031427,0,0,0,0,0,0,0,0,0,-0.353192241963409,0,0,0.286141889095891,0,0,0,0.496297615465793,-0.00462050099498534,0.634928628906712,0,0,0,0,0,0,0,0,0,0,0,-0.390206422200783,0,0,0,0,0,0,0,0,0,0,0,-1.96777929535703,0,0,0,-0.0225076748718891,0,0,0,0.013857384974693,0,0,0,0,0,0,0,0,0,0,0,0,0,0,0,0,0,0,0,1.2026550303062,-0.159819058512062,0,0,0,0,0,-0.2154895217488,0,0,0,0.576156427522776,-0.02558900773557,0,0.865592753200229,0,0
0,0,-0.323842860091508,0,0,0,-1.16318901945279,0,0,0,0,2.84250009006956,0,0,0,0,0,0,0,0,0,0,0,0,0,0,0,-1.26201951358293,-0.78577602918324,0,-1.54580269578315,0,0,0,0,-0.337874694193069,0,0.128206983541496,0,0.299918232232676,0,0,0,0,0,0,0,0,0,0,0,0,0,0,0,0,-0.0563201197321965,0.235403359100966,0,0,0,0,0,0,0.375529004057921,1.59492386163604,1.50524968522371,0,0,0,-0.328847457764154,0,0,0,0,0,0,0,0,-0.515574021763259,0,0,0.700509257742799,0.66050719708188,0,-0.314337597056113,0,0,0.53269223728225,0,0,0,0,0,0,0,0,0,0.356658124231556,0.483254606706654,1.04660112476484,-1.19494403612281,0,0,0,0,0,0,0,0,0,0,0.435707098622521,0,0,0,0,0,0,0,0,0,-0.509477664656391,0,0,0,-0.20554827369368,0,0,0,-0.948438203740642,0,0.283382318620264,0,0,0,0,0,0,-0.271958209533825,-0.755389027087217,0.757540057447283,0,-2.54039529322368,0,0.259047883168181,0,1.40930491430492,0,-0.230300143189846,0,0,0,0,-0.114624108162247,0,0,0,0,0,-0.160672188096259,0,0,0,0,0,0.377477638468136,0,0,0,0,0,0,0,0,0,0,0,0,0.245619622039119,0.182100644992026,0,0,0,0,0,0,-0.570511677487628,0,0,0,0,0,0,0.598832055407583,0,0,0,1.44853263666956,0.855092985856028
0,0,0,0,0,0,0,0,0,0,0,7.10621703743918,0,0,0,0,0,0,0,0,0,0,0,0,0,0,0,0,0,0,0,0,0,0.0964084168105011,0,0,0.0487315016767613,-0.553307467897232,0,0,0,0,0,0,0,0,0,0,0,0,0,0,0,0,0,0,0,0,0,0,0,0,0,0.313345263886953,0,-1.01254569969275,0,0,0,0,0,0,0,0,0,0,0,0,0,0,0,0,0,-1.99967869274509,0,0,0,0,0,0,0,0.601879786684276,0,0,0,0,0,0,-1.19127441793296,0,0,0,0,0,0,0,0,0,0,0,0,0,0,0,0,-0.364132647630848,0,0,0,0,0,0,-0.64760152887466,0,0,-0.376881709308564,-0.880539453187049,0,0,0,0,0,0,0,0,0.173908394514685,0,0,0,0,0,0,0,0,0,0,0,0,0,0,1.20872357861972,0,0,0,0,0,0,0,0,0,-1.18226913222915,0,0,0,0,0,0,0,0.034151950394991,0,0,0,0,0,0,0,0,0,0,0,0,0,0,0,0,0,0,-0.0107004590129316,0,0,0,0,0,0,0,0,0,0,0,0
0,0,0,0,0,0,0,0,0,0,0,5.96090293168824,0,0,0,0,0.0996474572881862,0,0,0,0,0,0,0,0,0,0,0,0,0,-0.132460563261847,0,0,0,0,0,0,0,0,0,0,0,0,0,0,0,0,0,0,0,0,0,0,0,0,0.197519144243933,0,-0.740705782991146,0,0,0.151832680768925,0,0,0,0,0,0,0,0,0,-0.679081789732362,0,0.245429645205762,0,0,0,0,0,0,0,0,0,0,-1.92142048635233,0,0,0,0,0,0,0.138672559420318,0,0,0,0,0,0,0,-1.01261137095638,0,0,0,0,0,0,0,0.0173555869933986,0,0,0,0,0,0,-0.506016923922536,0,0,0,0,0,0,0,0,-2.16154273729493,0,0,-1.76751391007832,0,0,0,0,0,0,0,0,0,1.50201249476483,0,0,0,-0.0372891177521895,0,0,0,0,0,0,0,0.246883849153502,0.498099645288206,0,0,0,0,0,0,0,0,0,0,0,0,0,0,0,0,0,0,0,0,0,0.244355846121475,0,0,0,0,0,0,0,0,0,0,0,0,-0.61540861280302,0,0,0,0,0,0,0,0,0,0,0,0,0,0,0,0
0,0,0,0,0,0,0,-0.611664847116711,0,0,0,6.68107087259313,0,0,0,0,0,0,0,0,0,0,0,0,0,-0.179799330743739,0,0,0,0,-0.0287957182581329,0,0,0,0,0,0,0,0,0,0,0,0,0,0,0,0,0,0,0,0,0,0,0,0,0.321299316577415,0,-0.0356228094279001,0,0,0.671219504170872,0,0,0,0,-1.40380923526343,0,0,0,0,-1.37581444891898,0,1.10603125529519,0,0,0,0,0,0,0,0,0,0,0,0,0,0,0,0,0,0.318290686445384,0,0,0,0,0,0.027727691525941,0.282400351948972,-1.5418097811463,0,0,0,0,0,0,0,0,-0.487967378460776,0,0,0,0,0,-1.87770127853708,0,0,0,0,0,0,0,0,-1.64891368409067,0,0,-2.12537664524335,0,0,0,0,0,0,0,0,0,1.83018344373365,0,0,0,-0.72821707270342,-0.279812323005564,0,0,-0.215032259423436,0,0,0,0.447507105400477,0.0512718604147058,0,0,0,0,0,0,0,0,0,0,0,0,0,0,0,0,0,0,0,0,0,0.53292831127986,0,0,0.64948182275812,0,0,0,0,0,0,0,0,0,-0.885511476147271,0,0,0,0,0,0,0,0,0,0,0,0,0,0,-0.133525189489964,0.110981293061619
0,0,0,0,0,0,0,0,0,0,0,6.33110904700941,0,0,0,0,0,0,0,0,0,0,0,0,1.29572007583726,0,0,0,0,0,0,0,0,0,0,0,0,0,0,0,0,0,0,0,0,0.626171141828565,0,0,0,0,0,0,0,0,0,0,0,0,0,0.209951239297724,0,0,0,0.382470637642967,0,-1.71971051362175,0,0,0,0,0,0,0,0,0,0,0,0,0,0,0,0,-0.161521479860844,0,0,2.59523090185499,0,0.580869709213854,0,0,0,0,0,0,0,0,0,0,0,0,0,-1.54504382425455,0,0,0,-0.313773386255672,0,0,0,0,0,1.51581521787774,0,0,0.612828981581545,0,0,-2.41439614929219,0,0,0,0,-0.819810020710365,0,0,0,0,0,0,-0.378264351976352,0,0,0,0,0,0,0,0,0,0,0,0,0,0,0,0,0,0,0,0,0,0,0,0,0,0,0,0,0,0,0,-1.26315989432978,0,0,0,0,0,0,0,0,0,0,0,0,0,0,0,0,0,0,0,0,0,0,0,0,0,0,0,0,0,0,0,0,0,0,0,0,0.787579898143477,0
0,0,0,0,0,0,0,-0.102875084295186,0,0.383539907360829,0,5.10973912504302,0,0,0,0,0,0,0,0,0.909594985494473,0,0,0,2.20536901950558,0,0,2.24976465183087,0,0,0.0697927088056487,0,0,0,0,0,0.0519948782071773,0.599108402607347,0,0,0,0,8.97394741360656,0,0,-0.211117912648183,0,0,0,0,0,0,0,0,0,0,0,0.431380572111503,0,0,0,0,0,0,0,0,-0.262764314143558,0,0,0,0.316624662860482,0,0,0,0,0,0,0,0,0,0,0,0,0,0,0.116779575077443,0,0,0,-0.0424490707248786,0,0,0,0,-1.11313463504929,-0.223100704361072,0,-0.486486037734311,0,0,0,0,0,0,0,0,0,0,0,0,0,0,0,0.244456515833986,2.2418167930366,0,0,-0.0877472280746932,0,0,0.00818796676692402,0,0,0,0,0,0,0.806131222972926,-0.543867082313864,0,0,0,0,0,1.22811085834108,0,0.236251909395171,0,0,0,0.104364766194995,-1.30523952061283,0,0,0,0,0,0,0,0.0515723785527149,0,0,0,0,0,0,0,0,0,0,0,-1.33079249822797,0,0.577502053333531,0,0,0,0,0,0,0.780945740859796,0,0,0,0,0,0,0,0,0,0,0,8.05422816285706e-05,0,0.448273659630106,0,0,-0.799258756182676,0,0,0.352665729943078,0,0,0,0,0,0,0,0,0
0,0,0,0,0,0,0,0,-0.589910649920304,0,0,6.57493014102413,0,0,0,0,0,0,0,0,0,0,0,0,0,0,-0.110065504110362,0,0,0,0,0,0,0,0,0,0,0,0,0,0,0,0.178945410839783,0,0,0,0,0,0,0,0,0,0,0,0,0.218702114632787,0,0,0,0,0,0,0,0,0,0,0,0,0,0,0,0,0.0663588117896721,0,0,0,0,0,0,0,0,0,0,0,-0.00115731620542037,0,0,0,0,0,0,0,0,0,-0.152426091165357,0,0,0,0,0,0,0,0,0,0,-0.434145843134821,0,0,0,0,0,0,0,0,0,0,0,0,0,0,-0.000112984061028554,0,0,0,0,0,0,0,0,0,0,0,0,0,0,0,0.402707231039898,0,0,0,0,0,0,0,0,0,0,0,0,0,0,0,0,0,0,-0.00420095838586532,0,0,0,0,0,0,0,0,0,0,0,0,-0.554103830762506,0,0,0,0,0,0,0,0,0,0,0,0,0,0,0.299433487661307,0,0,0,0,0,0,0,0,0,0,0,0,0,0,0,0
0,0,0,0,0.212772619078147,0,0,0,0,0,0,4.96633992186455,0,0,0,0,0,0,0,0,0,0,0,0,0,0,1.31960495932038,0,0,0,0,0,0,0,0,0,0,-0.246875147424913,0,0,0,0,0,0,0,0,0,0,0,0,0,0,0,0,0,0,0,-0.163150832117066,0,0,0,0,0,0,0,0,0,0,0,0,0,0,0,0,0.0335227215993752,0,0,0,0.197242914894754,0,0,0,0,0,0,0,0,0,0,0,0,0,0,0,0,0,0,0,0,0,0,0,0,0,0,0,0,0,0,0,0,0,0,0,0,0,0,0,0,0,0,0,0,0,0,0,0,0,0,0,0,-0.150861819971667,0,0,0,0,0,0,0,0,0,0,0.0494987000844502,-1.13553891492149,0,0,0,0,0,0,0,0,0,0,0,0,0,0,0,0,0,0,0,0,0,0,0,0,0,0,0,0,0,0,0,0,0,0,0,0,0,0,0,0,0,0,0,0,0,0,0,0,0,0,0,0,0,0,0,0
0,0,0,0,0,-3.28071953482804,0,0,-3.250279421425,0,0.443453742243447,5.48034927446639,0,0,0,0,0,0,0,0,0.508696839287812,0.288630290581904,0,0,0.999165888750742,0,0,0,0,0,0,0.506257096223376,0,0,0,0,-0.381483283581968,-0.377044826277653,0,0,0,0.378484781534089,9.86333339872798,0.644026824295612,0,0,0,0,0,0,0,-0.865026763239451,0,-0.380002427850118,-0.321829034678522,0,0,0,0,0,0,0,0,0,0,0,0,0,0,0,0,0,0,0,0,0,0,0,0,0,0,0,0,0,0,0,0,0,0,0,0,0,0,0,-1.43240108782965,0,0.0473650480343957,0,0,0,0,0,0,0,0.574229974127998,0,0,0.0242074555689298,0,0,0,0,0,0,0,0,0,0,0,0,0,0,0,0,0,0,0,0,0,0,0,0,0.219250815540102,0,0,0,0,0,0,0,1.21501861923453,0,0,0,0,0,0,0.102113421571935,0,0,0,0,0,-0.410218676512747,0,0,0,0,0,0,0,0,0,0,0.157374698855126,0,0,0,-0.309092675399805,0,0,0,0,0,0,0,0,0,0,0,0,0,0,0,0,0,0,0,0,0,0,0,0,0,0,0.329971335115689,0,0,0,0
0,0,0,0,0,-6.43779283468063,0,0,0,0,0,9.31997257450625,0,0,0,0,0,0,0,0,0,0,0,0,0,0,0,1.89217577031944,0,0,0,0,0,0,0,0,0,0,0,0,0,0,0,0,0,0,0,0,0,0,0,0,0,0,0,0,0,0,0,0,0,0,0,0,0,0,0,0,0,0,0,0,0,0,0,0,0,0,0,0,0,0,0,0,0,0,0,0,0,0,0,0,0,0,0,0,0,0,0,0.461327286436763,0,0,0,0,0,0.235954399218698,0,0,0,0,0,0,0,0,0,0,0,0,0,0.34663947519016,0,0,0,0,0,0,0,0,0,-0.0411494325016921,1.61015841016912,-0.0319172578805733,0.363646329529417,0,0,0.325800471012494,-0.636900253925521,0,0,0,0,0,0,0,0,3.08382337428129,0,-0.0397068886615382,0,0,0,0,0,0,0,0,-0.207922661144202,0,0,0,-0.298565098905411,0,0,0,0,0.0326130557586921,0,0,0,0,0,0,0,0,-0.0169671255367483,0,0,0,0,-0.620484003911151,0,0,0,0,0,0,0,0,0,0,0,0,0,0,-0.813596043503743,0,0,0.177951549610126,0,0.507567795221759
0,0,0.249435411659727,0,0,-9.39677238530862,0,0,0,0,0,7.92398411844665,0,0,0,0,0,0,0,0,-2.86723011228311,0,0,0,0,0,0,0,0,0,0,0,0,0,0,0,0,0,0,0,0,0,0,0,0,0,0,0,0,0,0,0,0,-0.0841623896054891,0,0,0,1.78963297935002,0,0,0,0,0,0,0,0,0,0,0,0,0,0,0,0,0,0,0,0,0,0,0,0,0,0,0,0,0,0,0,0,0,0,0,0,0,0,0,0,0,0,0,0,0,0,0,0,0,0,0,0,0,0,0,0,0,0.897825087682826,0,0,0,0,0,0,0,0,0,0,0,0,0,0,-1.02931555009016,0,0,0,0,0,0,0,0,0,0,0,0,0,0,0,0,0,0,0,0,0,0,0,0,0,0,0,0,-0.982813875656621,0,0,0,0,0,0,0,0,0,0,0,0,0,0,0,0,0,0,0,0.0820234888735867,0,0,0,0,0,0,0,1.56977465350741,0,0,0,0,0,0,0,0,0,0,0,0
0,0,1.21646695545528,0,0,0,0,0,-1.33188612868784,0,0,5.84144177161222,0,0.0575197495012845,0,0,-0.852540624788945,0,0,0,0,0,0,0,0.223464688844677,0,-0.485509200279879,0,0,0,-1.10785184812287,0,0,0,0,-0.232921286876203,0,0.0262005603884141,0,0,0,0,0,0,0,1.24900656012178,0,0,0,0,0,0,0,1.10225127705912,0,0,0,0,0,0.109787812977647,0,0,0,0,0,0,0,0,-12.8855488405911,-0.0268762736555634,0,0,0,0.0955697805296767,0,0,0,0.225293439630351,0,0,0,0,0,-0.12152213591764,-0.866879227562515,0,0,0,0,0,0,0,0,0,-0.432288776573509,0,-0.085422244598597,0,0,0,0,0.572829659446879,0,0,0,0,0,0,0,0,0,0,0,0,0,-2.05469706870307,0,0,0,-0.063068906859939,0,0,0,0,0,0,0,0,0,-0.65214368580598,-0.386679258560194,0,0,0,0,0,0.222211545633735,0,0,-0.0824864410466153,0,0,0,0,0,0,0,0,0.234743078541162,0,-0.270101604061578,0,-0.415472099270248,-0.353614080821161,0,0,0,0,0,0,0.415464079173619,0,0,0,0,0,0,0,0,0,0,0,0.672717505277815,0,0,0,0,0,0,0,0,0,0,0,0,0,0,0.404860262831118,0,0,-0.108759496493386,0,0,0,-0.251544417533523,0,0,0,0,0
0,0,0.666284847004486,0,0,0,0,0,0,0,0,8.19186274752957,0,0,0,0,0,0,0,0,0,0,0,0,0,0,0,0,0,0,0,0,0,0,0,0,0,0,0,0,0,0,0,0,0,0,0,0,0,0,0,0,0,0,0,0,0,0.00982971197846472,0,0,0,0,0,0.468072473871582,0,0.474943159984244,0,0,0,0,0,0,0,0,0,0,0.442887528477578,0,0,0,0,0,0,0,0,0,0,0,0,0,0,-0.0095448694854583,0,0,0,0,0,0,0,0,0,0,0,0,0,0,0,-0.307277041139781,0,0,0,0,0,0,0,0.157342433924197,0,0,0,0,0,0,0,0,0,0,0,0,-0.260415322820893,0,0,0,0,0,0,0,0,0,0,0,0.532777636774753,0,0,0,0,0,0,0,0,0.844212210860577,0,0.425131196839658,0,0,0,0,0,0,0,0,0,0,0,0,0,0,0,0,0,0.301137557732975,0,0,0,-0.0528343493945138,0,0,0,1.62114065365637,0,0,0,0,0,0,0,0,0,0.241751316770457,0,0,0,0,0,3.59787440324385,0,0,0,0,0,0
0,0,0,0,0,0.0948894051148219,0,0,0,0,0,4.98170984963169,0,0,0,0,0,0,0,0,0,0,0,0,0,0,0,0,0,0,0,0,0,0,0,0,0,0,0,0,0,0,-0.334090659886218,0,0,0,0,0,0,0,0,-0.217201542521002,-0.147937898546109,0,0,0,0,0.435430416731101,0,0,0,0,0,0,0,0,0,0,0,0,0,-0.0514834273668043,0,0,0,0,0,0,-0.205179539185931,0,0.520869183357461,0,0,0,0,0.181627181081008,0.179104711158719,0,0,0,0,0,0,0.0274583866587517,0,-0.117695193381573,0,0,0,0,0,0,0,0,0,0,-1.82895980578193,-0.493369051196348,0,-0.374073467994483,0,0,0,0,0,0.781698012099977,0,0,0,0,0,0,0,0,0,0,0,-0.152936910424046,-0.840742886384635,0,0,0,0,0,0,0,0,0,0,0,0,0,0,0,-0.0788824686210992,0,0,0,0,0.673461915949529,0,0,0,0,0,0,0,0,0,-0.196235900697139,0,0,0,0,0,0,0,0,0,0,0,0,0,0,-1.9940489830964,0,0,1.3579459660168,0,0,0,0,0,-0.794060216094099,0,-0.0683331539416905,0,0,0,0,-0.0583862683342931,0,0.0445129855858291,6.44544935575366,0,0.149876408416995,-0.238350617687866,0,0,-0.735886498044633
0,0,0,0,0,0,0,0,0,0,0,7.49517924174194,0,0,0,0,0,0,0,0,0,0,0,0,0,0,0,0,0,0,0,0,0,0,0,0.418496959896611,0,0,0,0,0,0,0,0,0,0,0,0,0,0,0,0,0,0,0,0,0,0,0,0,0,0,0,0,0,0,0,0,0,0,0,0,0,0,0,0,0,0,0,0,0,0,0,0,0,0,0,0,0,0,0,0,0,0,0,0,0,0,-0.0117294619131469,0,0,0,0,0.0501592837877618,0,0,-5.94296727175449,0,-0.0124315391507304,0,0,0,0,0,0,0,0,0,0,0,0,0,0,0,0,0,0,0,0,0,0,0,0,0,0,0,0,0,0,0,0,0,0,0,0,0,0,0,0,0,0,0,0,0,0,0,0,0,0,0,0,0,0,0,0,0,0,0,0,0.334275150253721,0,0,0,0,-0.239975926242289,0,0,0,0,0,0,0,0,0,0,0,0,0,0,0,0,0,0,0,0,0,0,0,0,0
0,0,0,0,0,0.0104102794646539,0,0,0,0,0,6.81922941579971,-0.124305053014673,0,0,0,0,0,0,-0.456930367165084,0,0,0,0,0,0,0,-0.960134180372259,0,0,0,0,0,0,0,0,0,0,0,0,0,0,0,0,0,0,0,0,0,0,0,0,0,0,0,0,0,0,0,0,0,0,0,0,0,0,0,0,0,0,0,0,0,0,0,0,0,0,0,0,0,0,-0.155083775150749,0,-0.00521042054414966,0,0,0,0,0,0,0,0,0,0,0,0,0,0,0,0,0,0,0,0,0,0,0,0,0,0,0,0,0,0,0,0,0,0,0,0,0,0,0,0,0,0,0,0,0,0,0,0,0,0,0,0.0287250111616344,0,0,0,0,0,0,0,0,0,0,0,0,0,0,0,0,0,0,0,0,0,0,0,0,0,0,0,0,0,0,0,0,-1.42193873655567,0,0,0,0,0,0,-0.587515483763651,0,0,-0.149506699620271,0,0,0,0.114182310598346,0,0,0,-0.309426866896677,0,0,0,0,-1.40190985861646,0.246527834922581,0.307030839615116,0,0,0,0,0
0,0,0,0,0,0,0,0,0,0,0,8.26877245168237,0,0,0,0,0,0,0,-0.363682500234083,0,0,0,0,0,0,0,0,0,0,0,0,0,0,0,0,-0.327602245516794,0,0,0,0,0,0,0,0,0,0,0,0,0,0,0,0,0,0,0,0,0,0,0,0,1.08707530814401,0,0,0,0.0809237832466789,0,0,0,0,0,0,0,0,0,0,0,0,0,0,0,0,0,0,0,0,0,0,0,0,0,0,0,0,0,0,0,-0.156718079909866,0,0,0,0,0,0,0,0,0,0,0,0.452931636869947,0,0,0,0,0.474451374033436,0,0,0,0,0,0,0.355234157454287,0,0,0,0,0,0,0,0,0,0,0,0,0,0,0,0,0,0,0,0,0,0,0,0,0,0,0,0,0,0,0,0,0,0,0,0,0,0,0,0,0,0,0,0,0,0,0,-0.278002683727418,0,0,0,0,0,0,0,0,0,0,0,0,0,0,0,0,0,0,0,0,0,0,0,0,0,0,0,0,0,0
0,0,0,0,0,0,0,0,0,0,0,7.01226169937964,0,0,0,0,0,0,0,0,0,0,0,0,0,0,0,0,0,0,0,0,0,0,0,0,0.0563937211440195,0,0,0,0,0,0,0,0,0,0,0,0,0,0,0,0,0,0,0,0,-0.481313817992893,0,0,0,0,0,0,0,-0.0383656930279248,0,0,0,0,0,0,0,0,0,0,0,0,0,0,0,0,0,0,0,0,0,0,0,0,0,0,0,0,0,0,0,0,0,0,0,0,0,0,0,0,0,0,0,0,0,-0.219077491604516,0,0,0,0,0,0,0,0.116442672307925,0,0,0.0177533899909004,0,0,0,0,0,0,0,0,0,0,0,0,0,0,0,0,0,0.414814101894536,0,0,0,0,0,0,0,0,0,0,0,0,0,0,0,0,0,0,0,0,0,0,0,0,0,0,0,0,0,0,0,0,0,0,0,0,-0.0448412938361051,0,0,0,0,0,0,-0.390661879324302,0,0,0,0,0,0,0,0,0,0,0.229044887528166,0,0,0,0
0,0,0,0,0,0.556259666556749,0,0,0,-0.301997541874938,0,11.2274228408199,0,0,0,0,0,0.176702817545096,0,0,0,0,0,0,0,0,0,0,0,0,0,0,0,-0.165630924774524,0,0,0.357344541307843,0,0,0,0.648178625011624,0,0,0,0,0,0,0,0,0,0,0,0,0,0,0,0,0,0,0,0,0,0,0,0,0,0,0,-0.209278666985618,0,0,0,0,0,0,0,0,0,0,0.132586784799441,0,0,0,0,0,0,0,0,0,0,0,0,-0.240340598708596,0,0,0,0,0,0,1.51781056981691,0,0,-0.375084988089227,0.359770586434937,0,0.253371638857235,0,0,0.18669292853505,0,0,0,0,0,0,0,0,0,0,0,0,0,0,0,0,0,0,0,0,0,0,0,0.181037849843121,0,0,0,0,0,0,0,0,0,0,0,0,0,0,0.0605998634324105,0,0,0,0,0,0,0,0.208365227416009,0,0,0,0,0.55177927473245,0,0,0,-9.29822561327962,0,0,0,-0.206199038691573,0,0,0,0,0,0,0,0,0,0,0,0,0,0,0,0,0,0,0,0,0,0,0,0,0,0,0.400971252846585,0,-0.556057871266876,0,0
-0.0624818476580344,0,0,0,0,0,0,0,0,-0.903358387703467,0,1.58786529301865,-0.0431597588191803,0,0,0,0,0,0,0,0,0.327893256225431,0,0,0,0,0,0,0,0,0,0,0,0,0,0,0,0,0,0,0.120696015529573,0,0,0,0,0,0,0,0,0,0,0,0,0.694384203275909,0,0,0,-0.120363356321011,0,0,0,0,0,0,0,-0.418122953499022,0,0,0,0,0,0,0,0,0,0,0,-0.890791719207208,0,0,0,0,0,0,0,0,0,0,0,0,0,0.838999341839453,-0.0675416874214017,0,0,0,0,0,0,0.576167592786384,0,0,-0.19904049291642,0.178924753573742,0,0,0,0,0,0,0,0,0,0,0,0,0,0,0,0,0,0,0,0,0,0,0,0,0,0,0,0,0,0,0,0,0,0,0,0,0,0,0,0,0,0,0,0,0,0,0,0,0,0,-0.0786910109746215,-0.173411054350639,0,0,0,0,0,0,-0.268617684019443,0,-17.695147453449,0,0,0,0,0,0,0,0,0,-1.28674078761682,0,0,0,0,0,0,0.0414754820554133,0,0,0,0,0,0,0,0,0,0,0,0,0,0.308085556654259,0,-0.334449149845074,0,0
0,0,0,0,0,-0.896451803497997,0,0,0,0,0,-0.34379514002763,0,0,0,0,0,0,0,0,0,0,0,0,0,0,0,-0.787316489923279,0,0,0.13307640683325,0,0,0,0,0.0961809273833578,0.711903108610229,0,0,0,0,0,0,0,-0.170111615856197,0,0,0,0,0,0,0,0,0,0,0,0,0,0,0,0,0,0,-0.423969124028772,0,0,0.273314928315543,0,0,0,0,0,0,0,0.163618956697152,0,0,0,0,0,0,0,0,0.688642115264978,-0.0514516320611613,0,0,0,0,0,0,0.603985293189242,0,0,0,0,0,0,0,-0.185948517059012,0,0,0,0,0,0,0,0,0,0,0,0,0,0,0,0,0,0,0,0,0,0.731772188303174,0,0,0,0,0,0,0,0,0,0,0,0,0,0,0,0,0,0,0,0,0,0,0,0,0,0,0,0,0,0,0,0,0,0,0,0,0,0.36646491880519,0,0,0,0,-7.59631929939437,0,0.113508134769678,0,1.00363148123702,0,0,0,0,0,0,0,0,0,0,0,0,0,0,0,0,0,0,0,0,0,0,0,0,0,0,0,-0.0801271979505662,0,0,0
0,0,0,0,0,0,0,0,0,0,0,0,0,0,0,0,0,0,0,0,0,0,0,0,0,0,0,0,0,0,0,0,0,0,0,0,1.08960797313029,0,0,0,0,0,0,0,0,0,0,0,0,0,0,0,0,0,0,0,0,0,0,0,0,0,0,0,0,0,0,0,0,0,0,0,0,0,0,0,0,0,1.73357148757021,0,0,0,0,0.286545252394608,0,0,0,0,0,0,0,1.21181335622634,0,0,0,-0.0481336251589335,0,0,0,0,0,0,0,0,0,0,0,0,0,0,0,0,0,0,0,-0.376024204807357,0,0,0,0,0,0.417973141875684,0,0,0,0,0,0,0,-0.206751337431265,0,0,0,0,0,0,0,0,0,0,0,0,0,0,0,0,0,0,0,0,0,0,0,0,0,0,0,0,0,0.00310859968687005,0,0,0,0,-7.33843337526481,0,0,0,0,0,0,0,0,0,0,0,0,0,0,0,0,0,0,0,0,0,0,0.373778311816192,0,0,-0.128023084943634,0,0,0,0,0,0,0,0,0
0,0,0,0,0,-1.48312972518256,-0.244594257047279,0,0,0,0,0,0,0,0,0,0,0,0,0,0,0,0,0,0,0,0,0,0,0,0,0,0,0,0,0,0,0,0,0,0,0,0,0,0,0,0,0,0,0,0,0,0,0,0,0,0,0,0,0,0,0,0,0,0,0,0,0,0,0,0,0,0,0,0,0,0,0,0,0,0,0,0,0,0,0,0,0,0,0,0,0,0,0,0,0,0,0,0,0,0,0,0,0,0,0,0,0,0,0,0,0,0,0,0,0,0,0,0,0,0,0,0,0,0,0,0.111508798255613,0,0,0,0,0,0,0,0,0,0,0,0,0,0,0,0,0.613024582398175,0,0,0,0,0,0,0,0,0,0,0,0,0,0,0,0,0,0,0,0,0,0,0,0,0,0,0,0,0,-0.00548216756474762,0,0,0,0,0,0,0,0,0,0.629722209701497,0,0,0,0,0,0,0,0,0,0,0,0,0,0,0,0
0,0,0,0,0,-2.39274283104363,-1.78333873760362,0,0,0,0,0,0,0,0,0,0,0,0,0,-0.0315505915654397,0,0,0,0,0,-0.367893187711342,0,0,0,0,0,0,0,0,0,0,0,0,0,0,0,0,0,-0.0179326453020623,0,0,0,0,0,0,0,0,0,0,0,0,0,0,0,0,0,0,0,0,0,0,0,0,0,0,0,0,0,0,0,0,0,0,0,0,0,0,0,0,0,0,0,0,0,0,0,0,0,0,0,0,0,0,0,0,0,0,0,0,0,0,0,0,0,0,0,0,0,0,0,0,0,0,0,0,0,0,0,0,0,0,0,0,0,0,0,0,0,0,0,0,0,0,0,0,0,0,1.66157262307385,0,0,0,0,0,0,0,0,0,0,0,0,0,0,0,0,0,0,0,0,0,0,0,0,0,0,0,0,0.0289431563400775,0,0,0,0,0,0,0,0,0,0,0,0,0,0,0,0,0,0,0,0,0,0,0,0,0,0,0
0,0,0,0,0,0,-0.84443005472645,0.525034277696002,0,0,0.771616022049474,0,0,0,0,0,0.184610434662083,0,0,0,0,0,0,0,0,1.86055969993499,0,0,0,0,0,0,0,0,0,0,0,0,0,0,0,0,0,0,0,0,-1.15592299576567,0,0,0,0,0.434523795403097,0,-0.459050127464679,0,0,0,0,0,-0.226620614636872,0,0,0.222117790132054,0,0,0,0,0,0,0,0,0,0,0,0,0,0,0,0.189785684580145,0.282176076541337,0,0,0,0,0,0,0,0,0,0,0,0,0,0,0,0,0,0,-0.727934175488853,0,0,0,0,0,0,-1.13083470974373,0,0,0,-0.0500307831655435,0,0,0,0,0.0396904970198113,0,0,0,0,0,-0.847528992328071,-0.753378609347346,0,0,0,-0.162591835627112,0,0,0,0,0,0,1.1913251598344,0,0,0,0,0,0,0,0,0,0,0,0,0,0,0,0,0,0,0,0,0,1.45624439189797,-0.375268745063294,0,0,0,0,0,0,-0.908864671857548,0,0,0,0,0,0,0,0,0,0,1.94960722608059,0,0,0,0,0,0,0,0,0,0,0,0,0,0,0,0,0,0,0,0,0,0,0,0,1.01022643158302,1.4960999472511
0,0,0,0,0,0,0,0,0,0,0,0,0,0,0,0,0,0,0,0,0,0,0,0,0,0,0,0,0,0,0,0,-0.148826156638844,0,0,0,0,0,0,0,0,0,0,0,0,-0.409628868528215,0,0,0,0,0,0,0,0,0,-0.858794152724146,0,0,0,0,0,0,0,0,-0.783561939298498,0,0,0,0,0,0,0,0,0,0,0,0,0,0,0,0,0,0,0,0,0,0,0,0,0,0,0,0,0,0,0,0,0,0,0,0,0,0,0,0,0,0,0,0,0,0,0,0,0,0.254888555375446,0,0,0,0,0,0,0,-0.0656477714809831,0,0,0,0,0,0,-0.408500799192862,0.0330462277902563,0,0,0,0,0,0,0,0,0,0,0,0,0,0,0,0,0,0,0,0,0,0,0,0,0,0,0,0,0.0286212704859596,0,0,0,0,0,0,0,0.480695024196089,-0.99793453036414,0,0,0,0,0,0,0,0,0,0,0,0,0,0,0,0.199538446968529,0,0,-0.406455192000844,0,0,0,0,0,0,0,0,0,-0.259321552114457,0,0
0,0,0,0,0,0,0,0,0,0,0,0,0,0,0,0,0,0,0,0,0,0,0,0,0,0,0,0,0,0,0,0,0,0,0,0,0,0,0,0,0,0,0,0,0,0,0,0,0,0,0,0,0,0,0,-1.01824328938414,0,0,0,0,0,0,0,0,-0.102555126688664,0,0,0,0,0,0,0,0,0,0,0,0,0,-0.803249364230118,0,0.264627380816864,0,0,0,0,-0.0604787015455073,0,0,0,0,0,0,0,0,0,0,0,0,0,0,0,0,0,0,0,0,0,0,0,0,0,0,0,0,0.143440740532008,0,0,0,0,0,0,0,0,0,0,0,0,0,0,0,0,0,0,0,0,0,0,0,0,0,0,0,0,0,0,0,0,0,0,0,0,0,0,0,0,0,0,0,0,0,0,0,0,0,0,0,0,0,-0.0546891836082184,0,0,0,0,0,0,0,0,0,0,0,0,0,0,0,0,0,0,0,0,0,0,0,0,0,0,0,0,-0.293032033449471,0,0
0,0,0,0,0,0,0,0,0,0,0,0,0,0,0,0,0,0,0,0,0,0,0,0,0,0,0,0,0,0,0,0,0,0,0,0,0,0,0,0,0,0,0,0,0,0,0,0,0,0,0,0,0,0,0,-1.43975449598769,0,0,0,0,0,0,0,0,0,-0.537443306597228,0,0,0,0,0,0,0,0,-0.207550729551921,0,0,0,-0.0870180282283601,0,0,0,0,0,0,0,0,0,0,0,0,0,0,0,0,0,0,0,0,0,0,0,0,0,0,0,0,0,0,0,0,0,0,0,0.117176783896273,0,0,0,0,0,0,0,0,0,0,0,0,0,0,0,0,0,0,0,0,0,0,0,0,0,-0.00962603114727667,0,0,0,0,0,0,0,0,0,0,0,0,0,0,0,0,0,0,0,0,0,0,0,0,0,0,0,-0.460595836352036,0,0,0,0,0,0,0,0,0,0,0,0,0,0,0,0,0,0,0,0,0,0,0,0,0,0,0,0,0,0,0
0,0,0,0,0,0,0,0,0,-0.0199428923915133,0,0,0,0,0,0,0,0,0,0,0,0,0,0,0,0,0,0,0,0,0,0,0,0,0,0,0,0,0,0,0,0,0,0,0,0,0,0,0,0,0,0,0,0,0,-0.57200434069562,0,0,0,0,0,0,0,0,0,0.274889645305233,0,0,0,0,0,0,0,0,0,0,0,0,0,0,0,0,0,0,0,0,0,0,0,0,0,0,0,0,0,0,0,0,0,0,0,0,0,0,0,0,0,0,0,0,0,0,0,0,0,0,0,0,0,0,0,0,0,0,0,0,0,0,0,0,0,0,0,0,0,0,0,0,0,0,0,0,0,0,0,0,0,0,0,0,0,0,0,0,0,0,0,0,0,0,0,0,0,0,0,0,0,0,0,0,0,0,0,0,0,0,0,0,0,0,0,0,0,0,0,0,0,0,0,0,0,0,0,0,0,0,0,0,0,0
0,0,0,0,0,0,0,0,0,-0.642371162276051,0,0,0,0,0,0,0,0,0,0,0,0,0,0,0,0,0,0,0,0,0,0,0,0,0,0,0,0,0,0,0,0,0,0,0,0,0,0,0,0,0,0,0,0,0,0,0,-0.053434880294418,0,0,0,0,0,0,0,0,0,0,0,0,0,0,0,0,-1.10000432561456,0,0,0,0,0,0,0,0,0,0,1.03212170224952,0,0,0,0,0,0,0,0,0,0,0,0,0,1.28603903810775,0,0,0,0.753258433810626,0,0,0,0,0,0,0,0,0,0,0,0,0,0,0,0,0,0,0,0,0,0,0,0.292862416342132,0,0,0,0,0,0,0,0,0,0,0,0,-0.0797705433625508,0,0,0,0,0,0,0,0,0,0,0,0,0,0,0,0,0,0,0,0,0,0,0,0,0,0,0,0,0,0,0,0,0,0,0,0,0,0,0,0,0,0,0,0,0,0,-0.232580575474484,0,0,-0.17170392907502,0,0,0,0,0,0,0,0,0
0,0,0,0,0,0,0,0,0,-0.56444071732098,0,0,0,0,0,0,0,0,0,0,0,0,0,0,0,0,0,0,0,0,0,0,0,0,0,0,0,0,0,0,0,0,0,0,0,0,0,0,0,0,0,0,0,0,0,0,0,0,0,0,0,0,0,0,0,0,0,0,0,0,0,0,0,0,-1.10569647389101,0,0,0,0,0,0,0,0,0,0,0,0,0,0,0,0,-0.137389077444522,0,0,0,0,0,-0.182789115218407,0,0.82564595587106,0,0,-0.855635178263355,0.836683205952974,0,-0.769580169007715,0,0,0,0,0,0.554730984870138,0,0,0,-0.658063772049859,0,0,0,0,0,0,0,0,0,0,0,0,0,0,0.0327954965162582,0,0,0,0,0,0,0,0,0,-0.135309440956465,0,0,0,0,0,0,0,0,0,0,0,0,0,0,0,0,0,0,0,0,0,0,0,0,0,0,0,0,0,0,0,0,0,0,0,0,0,0,0,0,0,0,0,0.469549099267826,0,0,-1.16289279536622,0,0,-0.00500699301878149,0,0,0,0,0,0,0,0,0
0,0,0.389020478470931,0,0,0,0,0,0,0,-0.128245840964882,0,0,0,0,0,0,0,0,0,0,0,0,0,0,0,0,0,0,0,0,0,0,0,0,0,0,0,0,0,0,-0.707507091772056,0,0,0,0,0,0,0,0,0,0,0,0,0,0,0,-0.0971364078273211,0,0,0,0,0,-0.237324483794867,0,0,0,0,0,0,0,0,0,0,0,-0.551146508963497,0,0,1.02272814830403,0,0,0,0,-0.461916753135516,0,0,0,0,0,0,0,0,0,0,0,0,0,0,0,0,0,0,0,0,0,0,0,0.083873170503084,0,0,0,0,0,0,0,0,0,0,0,0,0,0,0,0,0,0,1.11365672582532,0,0,0,-0.190573403263621,0,0,0,0,0,0,0,0,0,0,0,0,0,0,0,0,0,0,0,0,0,0,0,0,-0.658744031640974,0,0,0,0,-0.198341768209366,-0.303318356588348,0,0,0,0,0,0,0,0,0,0,0,0,0,0,0,0,0,0,0,0,0,0,0,0,0,2.77350609961986,0,0,0,0,0,0,0,0.377273626179478,0,0,0,0
0,0,0,0,0,0,0,0,0,0,0,0,0,0,0,0,0,0,0,0,0,0,0,0,0,0,0,0,0,0,0,0,0,0,0,0,0,0,0,0,0,0,0,0,0,0,0,0,0,0,0,0,0,0.511303219335872,0,0,0,0,0,0,0,0,0,0,0,0,0,0,0,0,0,0,0,0,0,-0.673436411987679,0,0,0,0,0,0,0,0,-0.155850098977954,0,0,0,0,0,0,0,0,0,0,0,0,0,0,0,0,0,0,0,0,0,0,0,0,0,0,0,0,0,0,0,0,0,0,0,0,0,0,0,0,0,0,0,0,-0.481016015992728,0,0,0,0,0,0,0,0,0,0,0,0,0,-0.0771180980363537,0,0,0,0,0,0,0,0,0,0,0,0,0,0,0,0,0,0,0,0.131786329999486,0,0,0,0,0,0,0,0,0,0,0,0,0,0,0,0,0,0,0,0,0,0,0,0.185235712206439,0,0,0,0,0,0,0,0,0,0,0,0
0,0,0,0,0,0,0,0,0,0,0,0,0,0,0,0,0,0,0,0,0,0,0,0,0,0,0,0,0,0,0,0,0,0,0,0,0,0,0,0,0,0,0,0,0,0,0,0,0,0,0,0,0,0,0,0,0,0,0,0,0,0,-0.111601654086628,0,0,0,0,0,0,0,0,0,0,0,0,-0.913249497264252,0,0,0,0,0,0,0,0,0,0,-0.0875452040909943,0,0,0,0,0,0,0,0,0,0,0,0,0,0,0,0,0,0.269726746674184,0,0,0,0,0,0,-0.255540249784952,0,0,0,0,0,0,0,0,0,0,0,0,0,0,0.186924674974036,0,0,-0.782464286130035,0,0,0,0,0,0,0,0,0,0,0,0,0,-0.0206692123102088,0,0,0,0.0301745945453524,0,0,0,0,0,0,0,0,0,0,0,0,0,0,0,0,0,0,0,0,0,0,0,0,0,0,0,0,0,0,0,0,0,0,0,0,0,0,0,0,0,0,0,0,0,0,0,0,0,0,0,0
0,0,0,0,0,0,0,0,0,0,0.0327216527509757,0,0,0,0,0,0,0,0,0,0,0,0,0,0,0,0,0,0,0,0,0,0,0,0,0,0,0,0,0,0,0,0,0,0,0,0,0,0,0,0,0,0,0,0,0,0,0,0,0,0,0,0,0,0,0,0,0,0,0,0,0,0,0,0,0,0,1.01423637254506,0,0,0,0,0,0,0,0,0,0,0,0,0,0,0,0,0,0,0,0,0,0,0,0,0,0,0,0,0,0,0.0226526010599515,0,0,0,0,0,0,0,0,0,0,0,0,0,0,0,0,0,0,0,0,0,0,0,0,0,0,0,0,0,0,0,0,0,0,0,0,0,0,0,0,0,0,0,0,0,0,0,0,0,0,0,0,0,0,0,0,0,0.187035425033078,0,0,0,0,0,0,0,0,0,0,0,0,0,0,0,0,0,0,0,0.0908255605493675,0,0,0,0,0,0,0,0,0,0,0,0,0
0,0,0,0,0,0,-0.252277730807363,0,0.199941303132439,0,0,0,0,0,0,0,-0.178375548768014,0,0,0,0,0,0,0,0,-0.42608149858987,0,0,0,0.00984228406400489,0,0,0,0,0,0,0,-1.1353162667832,0,0,0,0,0,0.0538102704072916,0,0.0157482279064343,-0.218464763110082,0,0,0,0,0,0,0,0,0,0,0,0,0,0,0,1.40290926246021,0,0,0,-0.234265798786644,0,0,0,0,0,0,0,0,0,0,1.51023280315473,0,0,0,0,0,0,0,0,0,0,0,0,0,0.201660601898375,0,0,0,0,0,-0.0945105924725076,0,2.32517497114774,0,0,0,0,0,0,0,0,0.083456904799039,0,0,0,0,0,-0.121256336550599,0.561158098018192,0,0,0,0,0,0,0,0,0,0,0,0,0,0,-0.668304352437355,0,0,0,0,0,0,0,0,0,0,0,0,0,0,0,0,0,0,0,0,0,0,0,0.197165419542458,0,0,0,0,-0.0845904973085594,0,0,0,0,0,0,0,0,0,0,0,0,0,0,-0.302798831004506,0,0,0,0,0,0,0,0,0,0,0,0,0,0,0,0.873769862518051,0,0,-0.296246924002607,0,0,0,0,0,0.168245597373764
0,-0.453197443184466,0,0,0,0,0,0,0,0,0,0,0,0,0,0,0,0,0,0,0,0,0,0,0,0,0,0,0,0,0,0,0,0,0,0,0,-0.206861908022464,0,0,0,0,0,0,0,0,0,0,0,0,0,0,0,0,0,0,0,0,0,0.0194101635743977,0,0,0,0,0,0,0,0,0,0,0,0,0,0,0,0,0,0,0,0,0,0,0,-1.95075948868423,0,0,0,0,0,0,0,0,0,0,0,0,0,0,0,4.04854317058395,0,0,0,0,0,0,0,0,0,0,0,0,0,0,0,0.044806750777693,0,0,0,0,0,1.09841314853451,0,0,0,0,0.0510049447452228,0,0,0,0,0,0,0,0,0,0,0,0,0,0,0,0,0,0,0,0,0,0,0,0,0,0,0,0,0,0,0,0,0,0,0,0,-0.114351497918567,0,0,0,0,0,0,0,0,0,0,0,0,0,0,0,0.0923463386397607,0,0,0,0,-0.117252045060547,0,0,0,0,0.649062405317807,0,0,0,0,0,0,0,0,0,0
0,0,0,0,0,0,0,0,0,-0.00892909248610962,0,0,0,0,0,0,0,0,0,0,0,0,0,0,0,0,0,0,0,0,0,0,0,0,0,0,0,0,0,0,0,0,0,0,0,0,0,0,0,0,0,0,0,0,0,0,0,0,0,0,0,0,0,0.0562167158262044,0.684497946882415,0,0,0,0,0,0,0,0,0,0,0,0,0.914825419507519,0,0,0,0,0,0,0,0,0,0,0,0,0,0.0436350554555269,0,0,0,0,0,0,0,0,0,0,0,0,0,0,0,0,0,0,0,0,0,0,0,0,0,0,0,0,0,0,0,0,0,0,0,0,0,0,0.00969351942057473,0,0,0,0,0,0,0,0,0,0,0,0,0,0,0,0,0,0,0,0,0,0,0,0,0,0,0,0,0,0,0,0,0,0,0,0,0,0,0,0,0,0,0,0,0,0,0,0,0,0,0,0,0,-0.671505541431495,0,0,-0.210562910872241,0,0,0,0,0,0,0,0,0,0,0,0
0,0,0,0,0,0,0,0,0,0,0,0,0,0,0,0,0,0,0,0,0,0,0,0,0,0,0,0,0,0,0,0,0,0,0,0,0,0,0,0,0,0,0,0,0,0,0,0,0,0,0,0,0,0,0,0,0,0,0,0,0,-0.166530656792754,0,0,0,0,0,0,0,0,0,0,0,0,0,0,0,0,0,0,0,0,0,0,0,0,0,0,0,0,0,0,0,0,0,0,0,0,0,0,0,0,0,0,0,0,0,0,0,0,0,0,0,0,0,0,0,-1.02673337413234,0,0,0,0,0,0,0,0,0.530434003544869,0,0,0,0,0,0,0,0,0,0,0,0,0,0,0,0,0,0,0,0,0,0,0,0,0,0,0,0,0,0,0,0,0,0,0,0,0,0,0,0,0,0,0,0,0,0,0,0,0,0,0,0,0,0,0,0,0,0,0,0,0.406100236860298,0,0,0,0,0,0,0,0,0,0,0,0
0,0,0,0,0,0,0,0,0,0,0,0,0.548087006806946,0,0,0,0,0,0,0,0,0,0,0,0,0,0,-0.283025310023061,0,0,2.07351558734423,0,0,0,0,0,0,0,0,0,0,0,-0.217244813278474,0.0327240960917548,0,-2.24836289648815,-1.16929389865674,0,0,0,0,0,0,0,0,0,0.675624820878117,0,0,0,0,0,1.54566639554783,0,0.366008268787012,0,0,0,0,0,0,0,0,0,0,-0.626981145963899,0,0,0,0,-0.11737630040976,0,0.626325874029398,0,0,0,0,0,0,0,0,-0.867092114288972,0,0,-1.20409433213048,0,0,0,0,0,0,0,0.344655458160711,0.343129575578566,0,-3.25554891374893,0,0.30346650511476,0,0,0,-0.33276364162194,0,0,0,0,0,-0.67996489342785,0,0,0,0.210099384415864,0.0620076393082132,0,0,0,0,0,0,0,0,0.365420483915115,0,0,0.428119937984796,0,0,0,0,0.111378500402838,0,0.981184952714501,0,0,0,0,0,0,0,0,0.543201351170497,0,0,2.22750161201068,0,0,0,0,0,0,0,0,0,-0.439288821894293,0,0,-0.521915342268016,0,0,0,0,0,0,0,0,0,0,0,0,-0.225230624106586,0,0.432118385348245,0,0,0,0,0,0,0,0,0,0,0,0,0.0214135446299097,0,0,0,1.47948550508319,0
0,0,0,0,0,0.331804644017824,0,0,0.0526541423856228,0,0,0,0.756219942320808,0,0,0,-0.330031814155196,0,0.213817792417162,0,0,0,-0.762864065167449,0,0,-0.275884928533277,0,0,0,0,0,0,0,0.284841532674254,0,0,0.188982023027675,0,0,-0.0722830432104655,0,0,-0.218466194675433,0,0,0,0,0,0,0,0,0,0,0,0.289545317569552,0,0,0,0,0,0,0,0,0,0,1.05195835768879,0,0.919977180041794,0.0749952512056153,0,0.208004695996471,0,0,0,0,0,0,0,0,0,0,0,0,-0.0225223884013392,0,0,0,-2.300762272192,0,0,0,0,0,0,-1.04760957071433,0,0,0,0,0.586010310754192,-1.13192141975712,-0.342695705042824,0,0,0,0,0,0,0.543147045796535,0,0,0,0,0,0.545163607409278,0,0,0,0,0,0.838367685001144,0,0,0,-5.09426452780376,0,0,0,0,-0.189912757040396,0,0,0,0,0,0,-0.588411093126622,0,0,0,0,0,0,0,0,0,0,0,0.920212436696584,0,0,0,0,9.22415237662188,0.570488424123989,0,0,0,0,0,0,0,0,0,0,0,0,0,0,0,-1.45956261503867,0,0,0,0,0,0,0.399688509335744,0,0,0,0,0,0,0,0,0,0,0,0,0,0,0,0,0.0909470190893433,0,0,0,0,0.691221824602747
0,0,0,0,0,0,0,0,0,0,0,0,0.294131467571707,0,0,0,0,0,0,0,0,0,0,0,0,0,0,0,0,0,0,0,0,0,0,0,0,0,0,0,0,0,0,0,0,0,0,0,0,0,0,0,0,0,0,0,0,0,0,0,0,0,0,0,0,0,0,0,0,0,0,0.231488917301498,0,0,0,0,0,0.127661981083013,0,0,0,0,0,0,0,0,0,0,0,0,0,0,0,0,0,0,0,0,0,0,0,0,0,0,0,0,0,0,0,0,0,0,0,0.17660041081598,0,0,0,0,0,-0.667348787821368,0,0,0,0,-4.43740277318616,0,0,0,0,0,0,0,0,0,0,0,0,0,0,0,0,0,0,0,0,0,0,0,0,0,0,0,0,7.91008795735696,0,0,0,0,0,0,0,0,0,0,0,0,0,0,0,0,0,0,0,0,0,0,0,0,-0.618010573280993,0,0,0,0,0,0,0,0,0.0255350300651549,0,0,0,0,0.11958487569607,0,0,0,0,0,0,0
0,0,0,0,0,0,0,0,0,0,0.213856130575722,0,0,0,0,0,0,0,0,0,0,0,0,0,0,0,-0.522531279056747,0,0,0,0,0,0,0,0,0,0,0,0,0,0,0,0,0.0972588235127285,0,0,0,0,0,0,0,0,0,0,0,0,0,0,0,0,0,0,0,0,0,0,0,0,0,0,0,0,0,0,0,0,0,0,0,0,0,0,0,0,0,0,0,0,0,0,0,0,0,0,0,0,0,0,0,0,0,0.677978723916851,0,0,0,0,0,0,0,0,0,0,0,0,0,0,0,0,0,0,0,0,-0.444397249860744,0,-7.27399240039938,0,0,0,0,0,0,0,0,0,0,0,0,0,0,0,-0.710231268365517,0,0,0,0,0,0,0,0,0,0,0,0,5.09202045916482,0.0581915041730532,0,0,0,0,0,0,0,0,0,0,0,0,0.0208914858357852,0,0,0,0,0,0,0,0,0,0,0,0,0,-0.0837479194388255,0,0,0,0,0,0,0,0,0,0,0,0,0.584064343617341,0,0,0,0,0
0,0,0,0,0,0,0,0,0,0,-0.450286313751215,0,0,0,0,0,0,0,0,0,0,0,0,0,0,0.0440853191219641,0,0,0,0,0,0,0,-0.128592786143741,0,0,0,0,10.984303487039,0,0,0,0,0,0,0,-0.456224511080674,0,0,0.32989065924633,0,0,0,0,0,0,0,0,0,0,0,0,-0.363241700155402,0,0,0,0,0,0,0,0,0,0,0,0,0,0,0,0,0,0,0,0,0,-0.0115221761009972,0,0,0,0,0,0,0,0,0,0,0,0,0,0,0,0,0,0,0,0,0,0,0,0,0,0,0,0,0,-0.0760580302203229,0,0,0,0,0,0,0,0,0,0.229998905656018,0,0,0,0,0,0,0,0,0,0,0,-1.16936597235902,0,0,0,-0.222733941018106,0,0,0,0,0,0,0,0,0,0,0,0,0.227236356911274,0,0,0,0,0,0,0,0,0,0,0,0,0,0,0,0,0,0,0,0,0,-0.203388585487628,0,0,0.22329274871533,0,0,0,0,0,0,0,0,0,0,0,0,0,0,0,0,0,0,0,0,0
0,-0.608430241499744,0,0,0,0,0,0,0,0,-1.16932611321279,0,0,0,0,-0.118461532257007,0,0,0,0,0,0,0,0,0,0,0,0,0,0,0,0,0,0,0,0,0,0.517533651385963,11.8294905349923,0,0,0,0,0,0,0,0,0,0,0,0,-0.0832081577385679,0,-0.265926516979527,0,0,0,0,0,0,-0.290210616515953,0,0,0,0,0,0,0,0,0,-0.0479278562891081,0,0,0,0,0,0,0.0394431651534721,-0.383444791393705,1.01564686565584,3.05059453903603,0,0.47480906581295,-0.268280304144998,-0.0650420720877312,0.174816803596267,0,-1.01048785888159,0,0,0,0,0,0,0,0,0,0,0,0,0,0,0,1.33868223371724,0,0,0,0,0,-0.0517065000843815,0,0,0,0,0,0.0766005738741578,0,0,0,-0.320173313058799,0,0,0,0,0.364367705247787,0,0.112781174879226,0,0,0,0,0,0,0,0,0,0,0,0,0,0,0,0,-0.867117394469888,0,0,0,0,0,0,0,0,0,0.479023567320136,0,0,0,-0.120137372128261,0,0.0313172852705477,0,-0.0856874931746607,-0.528235552012684,0,0,0,0,0,0,0,0,0,0,0,0,-3.44307991291988,0,-0.659898287747508,0,0,0,0,0,0.191919346108727,-0.344547107010079,0,0,0.846184976266494,0,0,0.0334006104120055,0,0,0,0,0,0,0.279054465643599,0,0
0,0,0,0,0,0,0,-0.162859562681345,0,0,-0.774355782373048,0,0.0902884066890663,0,0,0,0,0,0,0,0,0,0,0,0,0,0,0,0,0,0,0,0,0,0,0,0,0,11.464595823423,0,0,0,0,-0.246583728671637,0,0,-0.905014844619491,0,0,0,0,0,0.443784320851551,0,0,0,0,0,0,0,0,0,0,0,0,0,0.402886068936083,0,0,0,0,0,0,0,0,0,0,0,0,0,0.908679487974602,0,0,0,0,0,0,-0.202750179153696,0,0,0,0,0,0,0,0,0,0,0,0,0,0,0,0,0,0,0,0,0,0,0,0,0,0,0,0,0,0,0,0,0,0,0,0,0,0,0,0,0,0,0,0,-0.0352858146955752,0,-0.117106459235686,0,-1.51630863656793,0,0,0,0,0,0,0,0,0,0,0,0,0,0,0,0,0,0,0,0,0,0,0,0,0,0,0,0,0,0,0,-0.188499506306457,0,0,0.409843539225998,0,0.113179402224179,0,-1.10275715864252,0,0,0,0,0,0,0,0,0,0,0,0,0,0,0,0,0,-0.252967371777473,0,0,0,0,0,0
0,0,0,0,-0.441948875745426,0,0,0,0,0,0.35015904741726,0,0,0,0,0,0,0,0,0,0,0,0,0,0,0,0,0,0,0,0,0,0,0,0,0,0.202104711441499,0,12.1818502005073,0,0,0,0,0,0,-1.06893414483693,-1.10523536644812,0,0,0,0,0,0,0,0,0,0,0,0,0,0,0,0,0,0,0.328754955076168,0,0,0,0,0,0,0,0,0,0,0,0,0,0,-0.519202754668323,0,0,0,0,0,0,0,0,0,0,0,0,0,0,0,0,0,0,0,0,0,0,0,0,0,0,0,0,0,0,0,0,0,0,0,0,0,0,0,0,0,0,0,0.0833270231446279,0,0.118370560242446,0,0,0,0,0,-0.726218489479725,0,-0.00725429216138962,0,-1.16945265524587,0,0,0,0,0,0,0,0,0,0,0,0,0,0,0,0,0,0,0,0,0,0,0,0,0,0,0,0,0,0,0,0,0,0,0,0,0.677375816685817,0,0,0,0,0,0,0,0,0,0,0,0,0,0,0,0,0,0,0,0,0,0,0,0,0,0
0,0,0,0,0,0,0,0,0,0,0,0,0,0,0,0,0,0,0,0,0,0,0,0,0,0,0,0,0,0,0,0,0,0,0,0,0,0,14.0047014475872,0,0,0,0,0,0,0,0,0,0,0,0,0,0,0,0,0,0,0,0,0,0,0,0,0,0,0,0,0,0,0,0,0,0,0,0,0,0,0,0,0,0,0,0,0,0,0,0,0,-0.0934069469069487,0,0,0,0,0,0,0,0,0,0,0,0,0,0,0,0,0,0,0,0,0,0,-0.112555551632928,0,0,0,0,0,0,0,0,0,0,0,0,0,0,0,0,0,0,0,0,0,0,0,0,0,0,0,0,0,0,0,0,0,0,0,0,0,0,0,0,0,-1.53297561043982,0,0,0,0,0,0,0,0,0,0,0,0,0,0,0,0,0,0,0,0,0,0,0,0,0,0,0,0,0,0,0,0,0,0,0,0,0,0,0,-0.0993507774103746,0,0,0,0,0,0
0,0,0,0,0,0,0,0.316508398178027,0,0,0,0,0,0,0,0,0.611753156487478,0,0,0,0,0,0,0,0,0,0,0,-0.722985055321162,0,0,0,0,0,0,0,0,0,15.1669670644581,0,0.0376682579143444,0,0,0,0,0,0,0,0,0,0,0,0,0,0,0,0.893079191199479,0,0,0,0,0,0,0,0,0,0,0,0,0,0,0,0,0.185562586588799,0,0,0,0,0,0,0,0,-0.523925140789424,0,0,0,0,0,-0.904235912720395,0,0,0,0,0,0,0,0,0,0,0,0,0,0,0,0,0,0,0,0,0,0,0,0,0,0,0,0,0,0,0,0,0,0,0,-0.78950646391949,0,0,0,0,0,0,0,0,0,0,0,0,0,0,0,0,0,0,0,0,0,0,0,0,0,0,0,0,-5.10204181281857,0,0,0,0,0,0,0,0,0,0,0,0,0,0,0,0,0,0,0,0,0,0,0,0,0,0,0,0,0,0,0,0,0,0,0,0,-0.368064877730676,0,0,0,0,0,0,0,0,0
0,0,0,0,0,0,0,0,0,0,-0.00660468958977156,0,0,0,0,0,0,0,0,0,0,0,0,0,0,0,0.358224268817764,0.120732892807743,0,0,0,0,0,1.21398258839892,0,0,0,0,13.4482025810734,0,0,0,0,0,0,0,0.884381004261788,0,0,0,0,0,0,0,0,0,-2.88005369231175,0.124037164390847,0,0,0,0,-0.352308359607116,0,0,0,0,0,0,0,0,0,0,0,0,0,0,0,0.12408234577304,0,0,0,0,0.27750387313992,0,0,0,0,0,0,0,0,0,0,0,0,0,0,0,0,0,0,0,0.360394869772474,-0.275481794792819,0,0,0,0,0,0,0,0,0,0,0,0,0,0,0,0.543968908550882,0,0,0,0,0,0,0,0,0,0,0,0,0,0,0,0,0,0,0,0,0,0,0,0,0,0,0,0,0,-0.194245546954899,0,0,-1.61760505499672,-0.77356544910246,0,0,0,0.00998522038658223,0,0,0,0,0,0,0,0,0,0,0,0,0,0,0,0,-0.43156478072334,0,0,0,0,0,0,0.0909569616348442,0,0,0,0,0.162775619600726,0,0,0,0,0,0,0,0,0,0,0,0
0,0,0,0,0,0,0,0,0,0.00970533003646223,-0.488064525629603,0,0,0,0,0,0,0,0,0,0,0,0,0,0,0,0,0,0,0,0,0,0,0,0,0,0,0,13.397490597329,0,0,0,0,0,-0.0274031982859702,0,0.171239680324425,0,0,0,0,0,0,0,0,0,0,0,0,0,0,0,0,0,0,0,0,0,0,0,0,0,0,0,0,0,0,0,0,0,0,0,0,0,0,0,0,0,0,0,0,0,0,0,0,0,0,0,0,0,0,0,0,0,0,0,0,0,0,0,0,0,0,0,0,0,0,0,0,0,0,0,0,0,0,0,0,0,0,0,0,-0.0221753446182127,0,0,0,0,0,0,0,0,0,0,0,0,0,0,0,0,0,0,0,0,0,-1.62484031722253,0,0,0,0,0,0,0,0,0,0,0,0,0,0,0,0,0,0,0,0,0,0,0,0,0,0,0,0,0,0,0,0,0,0,0,0,0,0,0,0,0,0,0,0,0,0
0,0,-0.533101831889237,0,0,0,0,0.471036186746546,0,0.00424698228199949,-0.613109831802284,0,0,0.215944526832234,0,0,0,0,0,0,0,0,0,0,0,0,0,0,0,0,0,0,0,0,0,0,0,0,13.0767372272204,0,0,0,0,0,0,-0.385073732766942,0,0,0,0,0,0,-0.0368231472359275,0,0,0,0.975515760431293,0,0,0,0,0,0,0,0,0,0,0,0,0,0,0,0,0,0,0,0,0,0,0,0,0,0,0,0,0,0,0,0,0,0,-0.00936251952013056,0,0,0,0,0,0,0,0,0,0,-0.545107497393952,0,0,0,0,0,0,0,0,0,0,0,0,0,0,0,0,0,0,0,-0.224802522682875,0,0,0,0,0,0,0,0,0,0,0,0,0,0,0,0,0,0,0,0,0,0,0,0,0,0,0,0,0,0,-0.903019549599022,1.69860059916016,0,0,0,0,0,0,0,0,0,0,0,0,-1.60077584560052,-0.0727820775353634,0,0,0,0,0,0,0,0,0,0,0,0,0,0,0,0.323120760362502,0,0,0,0,0,0,0,0,0,0,0,0,0,0,-0.132384615081254
0,0,-0.990655094389625,0,0,0,0,0,0.0658687033338508,0,-0.423298412739143,0,0,0,0,0,0,0,0,0,0,0,0,0,0,-0.871461313925131,0,0,0,0,0.792545372829442,0,0,0,0,0,0,0,13.3762622079124,0,0,0,0,0,0,0,0,0,0,-0.173268314072823,0,0,0,0,0,0,0,0,0,0,0,0.483687204473625,0,0,0,0,0,0,0,0,0,0,0,0,0,0,0,0,0,0,0,0,0,0,0,0,0,0,0,0,0,0,0,0,0,0,0,0,0,0,0,0,-0.0768355136389072,0,0,0,0,0,0,0.39016617455065,0,0,0,0,0.127942929344204,-1.53651279710276,0,0,0,0,0,0,-0.307427464301333,0,0,0,0,0,0,0,0,0,0,0,0.801913579534797,0,0,0,0,-0.0202940890871075,0,0,0,0,0,0,0,0,0,0,0,0,0.224801217278768,-2.37514133408665,0,0,0,0,0,0,0,0,0.747388947477521,0,0,0,0,0,0,0,0,0,0,-1.4490193323261,0,0,0,0,0,-0.0448197278144882,0,0,0,0,0,0,0,0,0,-0.431413157127413,0,0,0,0,0,0,0,0,0,0
0,0,0,0,0,1.06314677999687,0,0.0507150214993732,0,0.0481335124853279,0,0,0,0,0,0,0,0,0.899143815368838,0,0,-1.21364797966469,-1.25512756826831,0,0,0,0.347703922340398,-1.33460568643758,0,0,0,0,-0.971461625344475,0,0,2.37306263196447,0.265815042684515,0,0,0,0,0,0,0,0,0.0444488645308692,0,0,0,-0.0405562432757889,0,0,0,0,0,0,-0.785818386315542,1.7583213801238,0,2.11428627805303,0,0,0,0,0,0,0,0,-0.460943104165164,0,-2.94037041556297,0,0,0,0,0,-0.458389944464978,-4.23556780951828,0,0,0,0,0,0,-2.52295589057436,0,0,0,0,0,0,0,0.418837628654735,0.383903895959102,0,0,1.98765458295086,-0.445406723010717,0,0,0,0,0,1.34208756416807,0,0.988166490922396,0,0,0,0,0,0,0,1.0390043594713,-2.76866285021585,0,0,-2.23308485264497,0.490748453982932,0,-0.761210492944934,0,0,0,-3.54587569856717,0,0,0.0714841511918305,0,0,0.40769527219621,-0.949449262931881,0,0,1.13898807989527,0,0,-0.369637119688323,0,0,1.28278471121403,0,-0.58972052785864,0,0.836851143240964,0,0,0,0,0.240865706656529,0,0,0,-1.98842707120885,-3.48982427348218,0.330651982879792,0,0,-0.0818590875208047,0,0,0,0,-1.07997571756436,0,0,0,0,0,0,0,0,0.583811671057398,0,0,0,0,0.137870854546696,-2.00567094262001,0,0,0,0,0,0,0,0,0,0,0.459721559337547,-1.27523389126776,0,0,0,0,0,0,0,-0.00783098364871515,0
0,0.163913537567497,0,0,0,0.489677135717717,0,0.546471615212229,0,0.206378988624634,0,0,0,0,0,0,0,0,0.651406405868807,0,0,-0.448502709597901,-0.412806972557387,0,0,0.10768475298276,0,-1.16047872796023,0,0,0,0,-0.552820471818017,0,0,2.87026039023201,0,0,0,0,0,-0.350434573528378,-0.166981285053888,0,0,0.11552991211718,0,0,0,0,0,-0.235717427621171,0,0,0,0,0,1.63708914808581,-0.495742364070962,2.28134213316764,0.0568890575466678,0,1.3707149018496,0,0,0,0,0,0,0,-2.40254827795633,0,0,0,0,0,-1.11674887364548,-4.0506460730767,0,0,-0.125635765422596,0,0,0,-3.82559278759424,0,0,0,0,0,0,0,0.497423499227507,0.00342634356198368,0,0,1.81270761507493,-1.2771145474596,0.293332434794583,-0.369882146801519,0,0,0,2.00667915190451,0,1.14200443256095,0,0,0,0,0,0,0,0.297422305231089,-2.30668926171439,0,0,-2.60534202131814,0.345140703883374,0,-0.698926447597841,0,0,0,-3.6601807688075,0,0,0,0,0,0.305730743814079,-2.48596249743292,0,0,2.16358002255951,0,0,-0.547788837764446,0,0,0,0,-0.657438152923413,0,0.731483599108416,0,0,0,0,0.288003426074988,0.531548711685053,0,0,-2.44944309945315,-3.95346693622632,1.06537018985991,0.0996944284654822,0,0,0,0,0,0,-0.264069569693482,0,0,0,0,0,0,0,0.023961879182266,1.16751247742424,-1.15142909331693,0,0,0,0.0532934273603574,-1.89611604250851,0,0,0,0,0,0,0,0,-0.0604969561126074,0,0.126108494959325,-0.722977044321734,0,0,0,0,0,0,0,-0.368932088715801,0.863468311697455
0,0,0,0,0,0,0,-0.318902086236376,0,0,0,0,0,0,0,0,0,0,0,0,0,0,0,0,0,-2.10389969866931,0,0,0,0,0,0,0,0,0,0,0,0.0822085121564511,0,0,0,0,0,0,0.160703514843223,0,1.5594861934471,0,0,0,0,0,0,0,0,0,0,0,0,0,0,0,0,0,0,0,0.857165782756626,0,0.589629246521697,0,0,0,-0.718645332992304,0,0,0,0,0,0,0,0,0,0,0,0,0,0,0,0,0,0,0,0,0,0,0,0,0,0,0,0,0,0,-1.23788448786533,0,0,0,0,0,0,0,0,0,1.63940538077873,0,0,0,0,0,0,0,0,0,0,0,0,0.48413475708159,0,0,0,0,0,0,0,0,0,0.167107339716096,0,0,0,0,0,0,0,0,0,-1.91245079995189,0,0,0,-1.04322695620707,0,0,0,0,1.60871433148535,0,0,0,0,0,0,0,0,0,0,0,10.3001304476163,0,0,0,0,0,0,0,0,0,0,0,0,0,0,0,-0.340633091614497,0,0,0,0,0,0,0,0,0,0,0,0,0,0,0,0
0,0,0,0,0,0,0,0,-0.676301282912409,0,0,0,0,0,0,0,0,0,0,0,0,0,0,0,0,0,0,0.134186150514249,0,0,-0.0586510240543523,0,0,-0.907299389372211,0,0,0,0,0,-0.0740474370549802,0.183127092803776,0,0,0,0.147411696528069,0.0209525482067017,0,0,0,0,0,-0.132430321506609,0,0,0,0,0,0.113226746376246,0,0,0,0,0,0,0.953708956467972,-1.37321835669875,0,0.033405818750754,0,0,0,0,0,0,0,0,0,-0.37553963065302,0,0,0,0,0.674723426678866,0,0.172626647256224,0,0,1.33063719927031,0,1.52426978244005,0,0,0,0,0,0,0,0,0,0,0,0,0,0,-0.0103716676537371,0.670433379574783,0,0,0,0,0,0,0,3.70705216547015,0,0,0,0,0,0,0,0,0,0,0,0,0,0,0,0,0,0,0,0,0.646940977280149,0,0,0,0,0.688847566740395,0,0,0,0,0,0,-4.54701442370961,0,0,0,0,0,0,0,0,0.898764479803855,0,0,0,0,0,0.217446519594946,0,0,0,0,0,11.1215625108155,0,0,0,0,-0.0120583569350885,0,0,0.624096677518341,0,0,-0.229840480508416,0,0,0,0,0.263925665447635,0,0,0,0.800141411807383,0,0,0,0,0.117039098967331,0,0,-1.54819430802016,0,0,0,0
0,0,0,0,0,0,0,-0.942871365789222,0,-2.10902653034552,0.599100575114372,-0.000487168796698967,0,-0.291998354744641,0,0,0,0.216104443017631,0.650159519213861,0,0,0,0,0,0,0,0,0.294690084928265,0,0,0,0.906186689871838,0.478561542487379,0,0,0,0,0,0,0,-0.622524494909011,0,0,0,0,0,0,0,0,0,0,0,-0.756266851037387,-0.135465779598115,0,0,0,0.890260355387194,0,0,0.717413381920273,0,-0.307457746667139,-0.124542266176929,-0.14491910579153,0,0,0,0,0,0,0,0.674702418876937,0,0,0,0,0.0122019997347331,0,0,0,1.07301363739692,0,0,-0.110106820537863,0,0,0.791550434054575,0,0,0,-3.01846308743772,0,-0.447795423863355,0,0,0.0801822172899513,0,0,0,0,0.622237051649178,1.49626430883332,0,0.827742847066386,0,0,0,0.477722905502523,-0.520240737300151,0,-1.47003731666109,0,0.214944829897346,0,0,0,0.307600669110102,0,0,0,0.443183409579657,0,0,0.593048888586538,0,0,0.673521801773553,-0.833214817532795,0,0,0,0,0,-0.432193552780322,0,0,0,0,0,-0.188865579946124,0,0,0,0,0,0,0,0,0,0,0,0,0.0485214466040074,-1.09270303452388,0,0,0,0,0,-0.601924637961457,0,0,0,0,0,0,-2.26048196725997,0,0,0,0,0,0,0,-0.392757782568878,0,0,0.422206774972405,0,0.405653998097857,0,0,1.68166571908816,-0.467574999686414,0,0,0,0,0,1.61263169483356,0,0,0,0,0,0,0,0,0
0,0,0,0,0,0,-0.497379557838425,0,0,0,0,0,0,0,0,0,0,0,0,0,0,0,0,0,0,0,0,-0.287070410142502,0,0,-0.024833036408394,0,0,0,0,0,0,0,0,0,0,0,0,0,0,0,0,0,0,0,0,0,0,0.923180011656916,0,0,0,0,0,0,0,0,0,0,-0.026538118622442,0,0,0,0,0,0,0,0,0,0,0.124832250529606,0,0,0,0.413874361191565,0,0,0,0,0,0,0,0,0,-0.0210863930936473,0,0,0,0,0,0,0,0,-1.02291504829519,0,0,0.0143401911894028,0,0,0,0,0,0,0,0,0,0,0,0,0,0,0,0,0,0,0,0,0,0,0,0,0,1.02575266694773,0,0,0,0.178935528103265,0,0,0,0,0,0,0,0,-1.84172358754963,0,0,0,0,5.43068702759169,0,0,0,0,0,0,0,0,0,0,0,0,0,0,0,0,0,0,0,0,0,0,0,0,0,0,0,0,0,0,0,0,0,0,0,0,0,0,0,0,0,0,0,0,0,0,0,0,0,0,0,0,0,0
0,0,0,0,0,0,0,0,0,0,0.0983055268986608,0,0,0,0,0,0,0,0,0,0,0,0,0,0,0,0,0,0,0,0,0,0,0,0,0,0,-0.57657763109263,0,0,0,0,0,0,0,0,0,0,0,0,-0.373681700971097,0,0,1.36559910660834,0,0,0,0,0,0,0,0,0,0.0353982459722664,-0.226421586889593,0,0.494523713061316,0,0,0,0,0,0,0,0,0.317478470405718,0,0,0,0,0,0,0,0,0,0,0,0,0,0,0,0,0,0,0,0,0.0421226128094936,0,-0.916626793727473,0,0.662833057263886,0,-0.0310920359204891,0,0,0,0,0,0,0,0,0,0,0,0,0,0,0,0,0,0.169331939502421,0,0,0,0,0,0,0,0,0,-0.81137703357269,0.542494255638821,-0.701579983762978,0,0,0,0,0,0,0,-2.18802648711386,0,0,0,0,6.90243951772366,0,0,0,0,0,0,0,0,0,0,0,0,0,0,0,0,0,0,0,0,0,0,0,0,0,0,0,0,0,0.330418270134142,0,0,0,0,0,0,0,0.138391422746016,0,0,0,0,0,0,0,0,0,0,0,0.18249732034505,0,0,0,0
0,-0.12137064270235,0,0,0,0,0,-1.48622910820021,-0.126819577632612,0,0,0,0,-0.0326952837336103,0,0,0,0,0,0,0,0,0,0,0.271279143034316,0,0,-0.187866239996474,0,0,0,0,0,0,0,0,0,0,0,0,-0.0438181834289242,0,0,0,0,0,0,0,-0.144887434643314,0,0,0,0,0,0,0,0,0,0,0,0,0,0,0,0,0,0,0,0,0,-0.706433719607978,0,0,0,0,0,0,0,0,0,0,0,0,0,0,0,0.101778017606023,0,0,0,0,0,0,0,0,-0.201341167419495,0,0,-0.001913555255042,0,0,0.270913832496403,0,0,0,0,0,0,0,1.92038584304905,0,0,0,0,0,0,0,0,0,0,-0.199348973919669,-0.96057313219929,0,0,0,0,0,0,0,0,0,0,0,0,0,0,0,0,0,-0.0895149072739472,0,0,0,0,0,0,0,0,0,0,0,2.82431006185637,0,0,0,0,0,0,0,0,0,-0.0465723358894081,0,0,0,0,0,0.044926954818852,0,0,-0.00419408025890999,0,0,0,0,0,0,0,0,-0.753640243302655,0,0,0,0,0,0,0,0,0,0,0,0,0,0.0778148426903833,0,0,0,0,1.48843347798782,-0.469273941765711
0,0,0,0,0,0,0,-1.6637580597664,0,0,0,0,0,0,0,0,0,0,0,0,0,0.124590203608809,0.175944728102067,0,0,0,-1.20305047040711,0,0,0,-0.0235812979595458,0,0,0,0,-0.175361372651858,-0.0668773112381789,0,0,0,-0.187367052257936,0,0.00129526003186986,0,-0.0994409609313645,0,0,0,-0.0875539188046717,0,0,0,0,0,0,0,0,0,0,0,-0.173115725665899,0,0,0,0,0,0,-0.0512684048813985,0,0,-0.12265520129344,0,0,0,0.451517502211471,0,0,0,0,0,0,0,0,0,0,0,0,0,0.325681426328839,-0.655956277569613,0,0,0,0,0,0,0,0,0,0,0,1.61031571344446,0,0,0,-0.446996120911987,0,0,0.149832381549581,1.41680974597548,0,0,0,0,0,0,0,0,0,0,0,-4.38682036477002,0,0,0,0,0,0,0,0,0,0,0.131583920176057,0,0,0,0,0,0,0,0,0.366981185101568,0,0,0,0,0,0,0.895208574444449,0,0,3.42382109662853,0,0,-0.00469013687344755,0,-0.915428664746991,0,0,0,0,0,0,0,0,0,0,0,0,0,-1.96232209908589,0,0,0,0,0.125887998028586,0,0,0,-0.0613976806177416,0,0,0,0,0,0,0,-0.290213792877478,0,0,0,0,-0.28890422964649,0.205786822650583,0,0,0,0,0,0
0,0,0,0,1.19132016800573,2.03762630912082,1.72067533898631,0,0,0,0,-0.070093303279221,2.0361487591564,0,0,0,0,0,4.62305169923829,2.21696742386109,0,0,0,0,0,0,0,0.785169370234961,0,0,0,0,0,0,0,0,0,0,0,0,-0.900910763551801,0,6.601913608965,0,0,0,0,0,0,0,0,0,0,0,0,0,0,0,0,0,0,0,0,0,-0.268172950422441,0,0,0,0,0,0,0,0,0,0,0,0,0,0,-0.650662893875896,0,-0.529909211212404,0,0,0,0,0.275004005081191,0,0,0,0,0,0,0,0,0,0,0,0,0,0,0,3.58703307088918,0,0,-0.651171975825509,0,0,0.994497851131558,0,0,0,0,0,0,0,0,0,0,0,0,0,0,0,0,0,-0.172907646077011,-0.934646764831825,-1.09653665798147,0,0,0.825597041030322,0,0,0,0,1.60664761529203,0,0,0,0,0,0,0,0.0682933373086969,0,0,0,0,0,0,0,0,0,0,0,0,0,0,0,0.163251936716043,0,0,0,0,0,0,0,0,0.488726040412013,0,0,0,0,0,0,0,0,0,0,0,0,0,0,0,0,0,0,0,0,0,0,-1.51612105474823,-0.414952856419243,-0.255961104678286,0,0,0,0,0
-0.711414704252957,0,0.0862414069277682,0,0,0,0,0.38663855383387,-0.347904602757933,0,1.10100451293697,0,0,0,0,0,0,0,0,0,0.783020355137925,0,0,-0.54476766081008,0,-1.08511197552409,-0.284585536379187,0.303636962114031,1.50101678060192,-0.135346129049569,0,0,0,0.762101885301902,0,0.614865420513561,0,0.639686539963868,0,0,-2.75838701479972,-0.238335791801863,0,0,0,0,1.63437108514639,0,0,0,0,0,-1.59870724727696,0,0,0,0.309725465540173,0,0.914712594279269,0,0,0,0,0,0,0,0,0,0,0,-0.443889314860095,0,0,0,0,-0.0893523566167262,0,0,0.25539883107095,0,0,0,0,-1.271815899701,0,0,0,-1.63917278326434,0.0632272092091244,0,0,0,0,0,0,-0.366762251105607,0,0,0,0,0,0,0,-2.23669326835584,0,-0.488781393110997,0,-0.0498801160856517,2.26690781469407,1.81441672991031,0,0,-0.270045782548521,-1.43962703028667,0,0,0,0,0,0,0,0,0,0,-7.81302340972206,0,-0.295211291524065,0.430828706667918,0,0,0,0,-0.344702176703902,0,2.49879792308967,0,0,0,0,0,1.55289030691956,0,0,0,-0.0320190572337942,0,0,0,2.26625677167977,0,0,0,0,6.65023563254332,0.0121834026126975,0,0,0,0,0,0,0.712937098182518,0,0,0,0,0,1.62519626228888,0,0,0,0,0,-0.507656188594628,0,-1.79285209782203,0,0,-1.14183037407758,0,0,0,0,0,1.46170871196458,0,0,0,-0.259572003337466,0,1.10519553978537,0,0,0.262192451277123,1.74169582225334,0,0,-1.50983170643282,0,0
-8.76524268179543,0,1.20799690763534,0,0,0,0.347835937569722,0,0,0,0,0,0.209059319744333,0,0,0,0.840513920786307,0.737412341302362,0.261442240183165,0,0,0,0,0,-0.951598632369652,0,0,1.24721526670824,-1.72686127587166,0,0.656841104065784,0,0,0,0,0,-0.991599206884734,0,0,0,0,0.142972110316018,0,0.446633076573652,-0.504952932310842,0.606779264411352,0,0,0,0,0,0,0,0,0,0,0,0.0671407590843547,-0.0230994317868431,0,0,0,-0.187820679352213,-1.73658836877793,0,0,0,0,0,0,0,0,0,0,0,0,-0.839904607250082,0,-0.0887369863949201,0.00900194835417456,0,0.305892962957946,-0.538217250144661,0.407753273962026,0,0.0821092792839262,0,1.29592630630007,0.0167547319225698,0,0,-0.0187004005864591,0.33328557468451,0,0,0,0.118212420249733,0,0,0,-1.35159066535213,0,2.70174805675163,0,0,0,0,0,1.14023607676728,0,0,0.371169901082679,0,0,0,0,0,0,0,-1.1947577935152,0,0,0,0,0,0,0,0,0,0,0,0,0.619208229652393,0,0,0,0,0,0,0,1.48529058335505,-0.134263825324872,0.616207715342358,0,0,0,0,0,0,-0.109296802906606,0,0,0,1.33334447481143,0,0,0,0,0,0,0,0,0,-0.278020082828336,0,0,-1.8192343900746,0,0,0,0,0,0,0,-1.25630615404678,0,0,-1.43222313415583,-3.21585371871693,0,0.0944821836808525,3.33730116465835,0.308553867966266,0,2.18755744223862,-1.11282938793159,0,0,0,-1.34028569448586,0,0,0,0,2.52392395818939,0,0.137293197562843,-0.305212768353164,0,0
0,0,0,0,0,0,0,0,0,0.818044601025242,-0.760152886541472,0,0,0,0,0,0,1.43060622350687,0,-0.578524132572687,-0.396940443751256,0,0,0,0,0,0,0,0.588148720347237,0,-1.50038425490826,0,0,0,0,0,0.423126072292338,0,0,0,0,-0.749574248182462,0,0,1.30788883287392,0,-1.0221217124512,0,0.95636487288406,0,0,-1.19228372476911,0.218538883835561,0,0,3.14041115774266e-05,2.77363209093799,-0.633474164606855,0,0,0.14106323235374,1.41026169244879,1.54260433263928,0,0.263806550394625,0.205918016872148,-0.565445728867798,0.00353003901466598,-0.816320670015265,0,-0.916346563902025,0.0565103341709829,0,0,-0.159710144127275,0,0,0,0,0,2.44234571417708,-0.912191605699703,0,-0.665363431808669,0,0,0,0,0,0,0,0,0,0,0,0,0,0.273802589916923,0,0,0,0,0,0,0,-2.58357513015748,0,0,0,0,0,0,0,-0.205734202030267,1.44135089308642,2.65892185916217,7.54035100451965,0,0,0.00337201550220723,0,0,1.38014180832084,0,0,0,-1.04022779701553,0,0,0,-0.631362485542822,-1.10418183412701,-1.22996915058182,0,0,0,-0.932921142373359,0,0,0.0791692204658616,0,0,0.42794956310397,0.535696088058381,0,0,0,0,0.604794810725434,0,0,0,0,0,0,0,0,0.385755269495378,0,2.44467571762967,0,-0.275293268884842,0,0,0,0,0,0,0,0,0,0,0,-0.41315134487717,0,1.21462710150981,-0.490658928573135,0,0,1.60133647840691,0,0,0,0.456590778387431,0,-1.80996035114745,0,0,0,0,0,0,0,0.896279446741269,0,-3.35098250354092,0,0,0,0.35849138169856
0,0,0,0,0,0,0.381608394398568,0,0,0,0,0,0,0,-2.29422310529555,0,0,0,0,0,0,0,0,0,0.191651123329615,0,0,0,0,0,0.366542841709248,0,0,0,0,0,0.340895674671088,0,0,0,0,-0.769754876374756,0,0,0,0,0,0,0,0,0,0,0,0,0,0.412188070944692,0,2.01487119802802,0,0,0,0,0,0,-0.312874236690317,0,-0.0705756734396616,0,0,0,0,2.87642991291902,0.326520940416649,0,-0.254939935549464,0,0.271893227145899,0,0,0,0,-0.476975802316947,0,0,0,-0.719975522208084,0,0,-1.19227686367188,0,0,0,1.46727278899863,0,0,0.494874704312078,0,6.62393627542305,0,0,0,0,0,0,0,-0.234315535393379,0.409658351916568,-0.663037176628736,-0.79385163945108,0,0,0,0,0,0,0,0,-0.803075877927369,0,0,0,0,0,0,0,0,1.19403382911359,0,0.578759753603745,-0.78465708481928,2.31779985500557,0,0.795579323293526,0,0,1.7860846290105,0,0,0,0,0,0,0,1.04951105861103,0,0,0,0,0,-1.03606967166402,0,0,0,-1.0389983241456,0,0,0,0,-1.83614248111896,-0.0799596198124324,0.689036372657813,0,1.11715542723904,0,0,0.993134077493717,0,0,0,0,0,-0.849332066731684,0,0,0,0,0,-0.133956672986921,0,0,0,-0.474640989613528,0,0,0,0,0,0,0,0,-0.210015342456216,2.17413827718106,0,-2.31717796344825,0,0,0,0,0,0
0,0,0,0,0,0,0.177775070999851,0,0,0,0,0,0,0,0,0,0,0,0,0,0,0,0,0,0,0,0,0,0,0,0,0,0,0,0,0,0,0,0,0,0,0,0,0,0,0,0,0,0,0,0,0,0,0,0,0,0,0,0,0,0,0,0,0,0,0,0,0,0,0,0,0,0,0,0,0,0,0,0.0020057333458614,-0.985413687393391,2.51354893756601,0,0,-0.242876554544948,0,0,0,0,0,0,0,0.0181595519660047,0,0,0,0,0,0,0,0,0,0,0,0,0,-0.241550163430756,0,0,0,0,0,0,0,0,-0.442770289479773,0.0750181981968503,0,0,0,0,0,0,0.0236476674752519,0,0,0,-0.253403842351009,0,0,0,-0.112468845479278,0,0,0,0,0,0,0,0,0,0,0,0,0,0,0,0,0,0,0,0.381636158904388,0,0,0,0,0,0,0,0,-0.547367808070337,0,0,0,-0.110953110803,0,0,0,0,0,0,0,0,0,0,0,0,0,0.580455586045613,0,0,0,0,0,0,-0.0171866814226316,0,0,0,0,0,0,0,0,0,0,0,0,-1.00123913808218,0,0
0,0,0,0,0,0,0,0,0,0,0,0,0,0,0,0,0,0,0,0,0,0,0,0,0,0,0,0,0,0,0,0,0,0,0,0,0,0,0,0,0,0,0,0,0,0,0,0,0,0,0,0,0,-0.00157664088739917,0,0,0,-0.279031123789716,0,0,0,0,0,0,0,0,0,0,0,0,0,0,0,0,0,0,0,0,1.280130549103,0,0,0,0,0,0,0,0,0,0,0,0,0,0,0,0,0,0,0,0,0,0,0,0,0,0,0,0,0,0,0,0,-0.484182165562823,0,0,0,0.401518898144727,0,0,0,0,0,0,0,0,0,0,0,0,0,0,0,0,0,0,0,0,0,0,0,0,0,0,0,0,0,0,0,0,0,0,0,0,0,0,0,0,0,0,0,0,-0.33392046549815,0,0,0,0,0,0,0,0,0.130060968980364,0,0,0,0,0,0,0,0,0,0,0,0,0,0,0,0,0,0,0,0,0,0,0,0,0,0,0,0,0,0
0,0,0,0,0,0,0,0,0,0,0,0,0,-0.154602955004251,0,0,0,0,0.614911663729778,0,0,0,0,0,0,0,1.24803758359811,0,0,0,0,0,0,0,0,0.838130255028318,0,0,0,0,0,0,0,0,0,0,0,0,0,0,0,0,0,0,0,0,0,0,0,0,0,0,0,-3.11049912673085,0,0,0,0,0,0,0,0,0,0,0,0.0148815140951155,0,0,0,0,0,0,0,0,0,0,0,0,0,0,0,0,0,0,0,0,0,0,0,0,0,0,0,0,0,0,0,0,0,0,0,0,0,0,0,0,0,0,0,-0.323906828320132,0,0,0,0,0,0,0,0,0,0,0,0,-0.480312014102234,0,0,0,0,0,0,0,-0.111034537788684,0,0,0.461007777293955,0,0,0,0,0,0,0,0,0,0,0,0.15667258688162,0,0,0.117904751953648,0,0,0,0,0,0,0,0,0,0,0,0,0,0,0,0,0,0,0,0,0,0,0,0,0,0,0,0,0,0,0,0,0,0,0,0,0,0,0,0,0
0,0,0,0,0,0,0,0,0,0,0,0,0,0,0,0,0,0,0.949667975046969,0,0,0,0,0,0,0,0,0,0,0,0,0,0,0,0,0.239170411272901,0,0,0,0,0,0,0,0,0.232096080822651,0,0,0,0,0,0,0,0,0,0,0,0,0,0,0,0,0,0,0,0,0,0,0,0,0,0,0,0,0,0,0,0,0,-0.159199192268298,0,0,0,0,0,0,-0.312363152276142,0,0,0,0,0,0,0,0,0,0,0,0,0,-0.0772749174759588,0,0,0,0,0,0.155368652323146,0,0,0,0,0,-0.950911568398014,0,0,0,0,0,0,0,-0.119295269359558,0,0,0,0,0,0,0,0,0,-0.599527662668275,0,0,0,0,0,0,0,0,0,0,0,0,0,0,0,0,0,0,0,0,0.0115205921876054,0,-0.43835846010547,0,0,0,0,0,0,0,0,0,0,0,0,0,-2.22585905869307,0,-0.146866069506135,0,0,0,0,0,0,0,0,0,0,0,0,0,0,0,-0.537353078602811,0,0,0,0,0,0,0,0,0,0,-0.351874229813397,0,0,0,0
-0.349447163288061,0,0,0,0,0,0,0.937878130222426,-0.365257925896848,-0.414012486180357,0,0,0,0,0,0,-0.608335415398688,0,0,0,0,0,0,0,0,0,0,0,0,0,0.0394174999274921,0,0,0,0,0,-0.99340921248193,0,0,0,0,0.0231590779504645,0,0,0,0,0,0,0,0,0,0.485445389203983,0,-0.479809294501398,0,-0.35770393074261,0,0,-0.698403130706874,0,0,0,0,0,0,0.276070491804502,0,0,0,0,0,0,0,0,0,0,0,0,-1.13196377358327,-1.22863718738406,0,0,0,1.11731974376195,0,-0.166744876390909,0,0,0,0,0.31171221381984,0.323698818536653,0,0,0,0,0,0,0,0,0,0,4.12663113131433,0,0,-0.264212955771044,0,0,0,0,0,0,-0.148106616527434,-0.477080578158871,0,0,0,-0.836539593930957,0,2.00084383497347,0,0,0,0,0,0,0,-0.168147615176064,0,0,0,0,0,0,0,0,-1.24456141692041,0,0.401546764292297,0,0.0502390655748493,-0.167671092927906,0,0,0,0,0,0,0,0,0,0,0,0,0,0,0,0,0,0,-0.102009806194678,-1.16097114795076,0,-1.02099141490835,0,0,-2.04536578148872,0,0,0,0,0,0,-1.22027912070685,0,0,0,0,0,-0.181950246524839,0,-0.065179994824544,0,0.698995907852684,0,0,0,0.0402753493896491,0,0,0,0,0.0542573166620333,0,0.99864016904484,-2.39100354794785,0,0,0,0
0.105824017173909,0,0,0,0,0,0,0,0,2.91157481256914,0,0,0,0,0,0,0,0,0,0,0,0,0,-0.543330184494043,0,0,0,0,0,0,0,0,0,0,0,0,0,0,0,0,0,0,-0.315784328209648,0,0,0,0,0,0,0,0,0,0,0.0245244511967662,0,0,0,-1.15467753630282,0,0,0,0.299180252907149,0,0,0,-0.541679745509495,0.716848348982593,0,0,0,0,-0.0357570479700418,0,0,0.248211771458186,0.30644218688782,0,0,0,-0.225944390185904,0,0,0.068752806608501,0,0,0,0.397040301260674,0,0,0.960559688637248,0,0,0,0.093950095137987,0,0,0,0,0,0,-0.384966393755843,0,0,0,0,0,0,-0.6859138341168,0,0,0,0,-0.155877834977756,0,0.165467748371897,0,0,0,-0.0111071228498949,0,0,0,0,0,0,0,0,0,0,0,0,0,0.845407684074341,0,0,2.39560646109237,0,0,0,0.335172807067261,0,0,0,0,0.212734326284875,0,0,0,0,0,0,0,-0.060986916023771,0,0,0,0,0,0,0,0,0,-0.237702579465183,0,0,0,-0.779152416993101,0,0,0,0,0.617812135181184,0,0.515281556426729,0,-0.167193586347151,0,0,-0.778395177751723,0,0,0,0,-0.325162702609236,0,0,0,0,0,-0.546380753462773,0,0,0,0,1.47791979349918,0,0,0.0234714988085762,0,-0.223793811981316
0,0,0,0,0,0,0,0,0,1.43488799464796,0,0,0,0,0,0,0,0,0,0.131292156199603,0,0,0,0,0,0,0,0,0,0,0,0,0,0,0,0,0,0,0,0,0,0,0,0,0,0,-0.0850025666350995,0,0,-1.75081932567005,0,0,0,0,0,0,0,0,0,0,0,0,0,0,-0.948186292720904,0.0485700458948533,0,0,0,0,0.216892032420315,0,0,0,0,0,0,-0.618153033337295,0,0,0,0,0,0,0,0,0,0,0,0,0,0,0,0,0,0,0,0,0,0,0,0,0,0,0,-0.0596745415251361,0,0,0,0,-2.32933880397432,-0.982727456058919,0,0,0.176967147631982,0,0,0,0,0,0,0,0.117947033627812,0,0,0,0,0,-0.0208174490932826,0,0,0,0,0,-0.875333561896987,0,0,0,0,0,0,0,0,0,0,0,0,0,0,0,0.031050979410189,0,0,0.86959078316429,0,0,0,0,0,0,0,0,-0.863522624753058,0,0,0,-1.21236739274788,0,0,0,0,0,0,0.220133655035247,0,0,0,0,0,0,0.0974414238702705,0,0,0,0,0,0,0,0,0,0,0,0,0,1.45262843275589,0,0,0,0,0
0,0,0,0,0,0,0,0,0,1.47725175169448,0,0,0,0,0,0,0,0,0,0.255861117537618,0,0,0,0,0,0,0,0,0,0,0,0,0,-0.257550423643079,0,0,0,0,0,0,0,0,0,0,0,0,0,0,0,-2.1318157961518,0,0,0.0904830211982794,0,0,0,0,0,0,0,0,0,0,0,-0.720878597464783,0,0,0,0,0,0,0,0,0,0,0,0,0,0,0,0,0,0,0,0,0,0,0,0,0,0,0,0,0,-0.938862918210636,0,0,0,0,0,0,0.304632418004424,0,0,0,-0.128505054387168,0,0,0,0,-2.07263788605975,-1.07990014646969,0,0.170627897332068,0,0,0,0,0,0,0,0,0,0,0,0,0,0,0,0,0,0,0,0,0,0,0,0,0,0,-0.0461027388928499,0,0,0,0,0,0,0,0,0,0,0,0,0.606302113619558,0,0,0,0,0,0.33724268933642,0,0,-0.782395652854101,0,0,0,-0.98391032447991,0,0,0,0,0,0,0,0,0,0,0,-0.0245305321518587,0,0.112457465627391,0,0,0,0,0,0,-0.294757566423589,0,0,0,0,0,0,1.61388053460111,0,0,0,0,0
0,0,0,0,0,0,0,0,0,0.898185366738643,0,0,0,0,0,0,0,0,0,0,0,0,0,0,0,0,-0.607345889356778,0,0,0,0,0,0,0,0,0,0,0,0,0.0169534150405359,0,0,0,0,0,0,0,0,0,-1.64730257436183,0,0,0,0,0,0,0,0,0,0,0,0,0,0,-0.281264535737324,0,0,0,0,0,0.195616871302519,0,0,0,0,0,0,0,0,0,0,0,0,0,0,0,0,0,0,0,0,0,0,0,0,0,0,0,0,-0.293598897647387,0,0.0325315295045383,0,0,0,-0.649948713810453,0,0,0,0,-2.30360863398604,-0.448806491452689,0,0,0.478832019036267,0,0,0,0,0,0,0,0,0,0,0,0,0,-0.122987272393731,0,0,0,0,0,0,0,0,0,0,0,0,-0.00131544040487896,0,0,0,0,0,0,0,0,0,0,0,0.576859072096687,0,0,0,0,0,0.130595081858842,0,0,-1.22474602539849,0,0,0,-1.04690743382959,0,0,0,0,0,0,0,0,0,0,0,0,0,0.0390230346649796,0,0,0,0,0,0,0,0,0,0,0,0,0,1.071400455828,0,0,0,0,0
0,0,0,0,0,0,0,0,0,0.848912200882122,0,0,0,0,0,0,0,0,0.184938780602026,0,0,0,0,0,0,0,0,0,0,0,0,0,0,0,0,0,0,0.308648236263513,0,0.291064902066306,0,0,0,0,0,-0.581172825294946,0,0,0,-2.94335849600416,0,0,0,0,0,0,0,0,0,0,0,0,0,0.198470506621178,-0.877997024452457,0,0,0,0,0,0,0,0,0,0.376102785854674,0,0,-0.450928333960545,-0.479139430602016,-0.100527264443861,4.25713024511556,0,0,0,0,0,0,0,0,0,0,0,0,0,0,0,0.0810784817060601,0.264263741081223,0,0,0,0,0,0,0,-0.0390744919715784,0,0,0,0,-4.58856316641928,-0.294572426413606,0,0,0.730924006682106,0,0,0,0,-0.686877410269686,0,0,0,0,0,0,-0.118453377873463,0,-0.245298303840025,0,0,0,0,0,0,0,0,0,0,-0.879693176020587,0,0,0,0,0,0,0,0,-0.577695757217515,0,0,0,0,0.191512873748813,0,0,0,0,0.106549912939034,0.312033411990432,-0.0921254769388011,0.386319729141244,0,0,0,0,-1.35020988374513,0,0,0,0,0.187767853901917,0,0,0,0,0,0,0,0,0,0,0,0,0,0,-0.213227205560193,0,0,0,-0.843465385833255,0,0,0,0,0,0,0,0,0
0.0332656373469207,0,0,0,1.12372360053752,0,0.193781665313057,0,0,0,0.267683739844838,0,0,-0.206992276309075,-0.432317503668588,0,0,0,-0.235145199493679,0.130708564014759,0,0,0,0,0,0,0,0,0,0,0,0,0,0,0,0.843211535024972,-0.212258268824622,0,1.5377101843594,0,0,0,0,0,0,0,0,0,0,0,0,0,0,0,0,0,0,0,0,0,0,-0.397981620297311,0,0,-0.80197293265371,0,-0.0562737683095602,0,0,0,0,0,0,0.195734963707091,0,0,0,0,0,0,-0.152472150155816,0,0,0,0,0,0,0.999269949952196,0,0,0,0,0,0,0.100537521970725,0,0,0,0,-0.62762908713589,0,0,0,1.96176631860878,0,0,0,0,0,0,0,0,0,0,0.933060058299337,-0.859714724771776,0,0,0,0,0.5648729907755,0,-1.8315682225671,0,-7.43385394315007,0,0,0,0,0,0,0,0,0,0.196933030284629,0,0,0,0,0,0,0,0,0,0,0,0,-0.511032766582472,0,0,-0.398161503691291,0,0,2.3447559349835,0.173135393803918,0.0316472124795091,0,0,0.496994594947975,0,0,0,0,0,0,0,0,-0.0858331810020392,0,0,0,0,0,0,0,0,0,0,-0.026488613463421,0,0,0.13176834578055,0,0,0,0,0,0,0,0,0,0,0,0,0,0,0,-0.117511206745887,0,0
0,0,0,0,0,0,0,0,-0.964857486897313,0,0,0,0,0,-0.547457513334577,0,-0.255777216184029,0,-0.00684736271642339,0.485388298602491,0,0,0,0,0,0,0,0,0,0,0,0,0,0,0,0.396548998953824,0,-0.36459512171378,0.709573031359124,0,0,0,0,0,0,0,0,0.3442440904296,0,0,0,0,-0.226765690973714,0,0.18777524401746,0,0,0,0,0,0.269430046360788,-0.941853095838677,-0.0330438343346466,0,0,0,0,0,0,0,-0.835449316798188,0,0,0,0,0,0,0,0,0,0,0,0,0.0670310743736311,0,0,0,0.176664260312102,0,0,0,0,0,0,0,0,0,0,0,-1.01256635669791,0.0267932979079362,0,0,0,0,0,0,0,0,0,0,0,0,0,1.47761850808292,-0.718090029770936,0,0,0,0,0.272247982753146,0,-0.88302904428138,0,-13.6042886668983,0,0,0,0,-0.0229867638768999,0,0,2.26477505533915,0,0,0,0,0,0,0,0,0,0,0,0.649185257615384,0,0,0.311190613937748,0,0.619226121755586,-0.303378150128712,0,0,-7.96283211965082,0,0,0,0,0,0.251783877177718,0,0,0,0,0,0,0,0,0,0,0,0,0,0,0,-0.884637421083339,-0.333345012661315,0.379246133630116,-0.129320307520135,0,0,0,0,0,0,0.411978607940046,0,0,0,0,0,0,0,0,0,0,0,-0.0145671215420424,0,1.10189625661104
0,0,0.228733112796305,0,0,0,0,0,0,0,0.471982185608683,0,0,0,0,0,0.162026730706493,-0.144374060605487,0,0.516704709583758,0,0,0,0,0,0,0,0,0,0,-0.305233137365266,0,0,0.448230429456577,0,0,0,-0.249572309465878,16.0920629786032,0.00866099702790968,0.651720536018669,0,0,0,-0.15797453340509,0,0,0.302559073887416,0,0,0,0,0,0,0,0,0,0,0,0,0,0,0,0,0,0,0,0,0,0,0,0,0,0,0,0,0,-1.87802833225391,0.0701045975500916,0.261674754235507,0,0,0,0,0.000405285932068455,0,0,0,-0.00736527942564713,0,0,0,0,0,0,0,0,0,0,-0.548981745098921,0,0,0,0,0,0,0,0,0,0,0,0,0,0,0,-0.20223418803547,0,0.139286347006317,0,0,-0.37398596457125,0,0,0,-0.34981494765129,0,0,0,0,0,0,-0.317460543731972,-0.354826271642303,0,1.01457429145931,0,0,0,0,0,0,0,0,0,0,0,0,0,0,0,0,0,0,-3.38052927599502,0,-0.592620726636727,0,0,0.749806829520682,0,0,0,0,0,0,0,0,0,0.638143542241058,0,0,0,0,0,0,0,0,-0.944060140184214,0,0,0,0,0,0,0,0,0,0,0,0,0,0,0,-0.593033551126881,0.571930590501793,0,0,0,0,0
0,0.172033649053617,0,0,0,0,0,0,0,0,0.276415174860643,0,0,0,0,0,0.959034040004377,0,0,0,0,0,0,0,0.534658650295315,0,0,0,0,0,0,0,0,0,0,0,0,-0.959885448582121,7.4860127437322,0,0,0,0,0,0,0,0,0,0,0,0,0,0,0,0,0,0,-0.264218617660816,0,0,0,0,0,0,0,0,0,0,0,0,0,0,0,0,0,0,0,0,0,0,0,0,-0.0432198897941569,-0.294833805630709,0,0,-0.0453922627615535,2.19210234071281,0,0,0,0,0,0,0,0,0,0,0,-0.225758692716319,0,0,0,0,0,0,0,0,0,0,0,0,0,0,0,-0.796105872298222,0,0,0,0,-0.0745762599517756,0,0,0,-3.81721862252924,0,0,0,0,0,0,-0.0734486974503232,0,0,0,0,1.63338628340387,0,0,0,0,0,0,0,0,0,0,0,0,0,0,0,0,3.18198732063159,0,0,0,0,0,0,0,0.209431150384294,0,-0.297593112176743,0,0,0,0,0,0,0,0,0,0,0,0,-0.774579378851035,0.077466872036773,-3.04089647256343,0,0,0,0,0,0,0,0,0,0,0,0,0,0,0,0,0,0,0,0,0
0,0,0,0,0,0,0,-0.872418379795298,0,0,0,0,0,0,0,0,0,0.459245926813246,0,0,0,0,0,0,0,0,0,0,0,0,0,0,0,0,0,0,0,0,6.06563901251336,0,0,0,0,0.51181288993516,0,0,0.229491986821115,0,0,0,0,0,0.137488331377762,0,0,0,0,0,0,0,0,0,0,0,0,0,0,0,0,0,0,0,-0.102021948308375,0,0,0,0,0,0,0,0,0,-0.130190099113704,0,0,0.134030654614763,0.0300331475662572,0.809870721310986,0,0,0,0,0,0,0,0,0,0,0,0,0,0,0.506378510249262,0,0,0,0,0,-0.584381933983925,1.25692047965375,0,0,0,0,0,-0.197517667916482,0,0,0,0,0.422722662921275,0,0,0,-3.00940162778512,0,0,-0.40063900056119,0,0,0,0,0,0,1.46347692639961,0,1.25272248386803,0,0,0,0,0,0,0,0,0,0,0,0,0,0,0,0,6.27616759851705,0,0,0,0,0,0,0,0,0,0,0,0,0,-2.26504507737742,0,0,0,0,0,0,0,0,-0.178396123217542,1.55979448506894,-3.25181310105368,0,0,0,0,0,0,0.0402486508908413,0,0,0,0,0,0,0,0,0,0,0,0,0,0.08087430132967
0,0,0,0,-0.785314887785795,0,0,0,0,0,0,0,0,0,0,0,0.829938363613919,0,0,0,0.132081324334041,0,-0.274630092538892,0,0,0.343651022223135,0,0,0.372542167141173,0,0,0,0,0,0,0.525748791427178,0,-0.023717249810018,5.67743987136578,0,0,0,0,-0.422433579737946,0,0,0,0,0,0,0,0,0,0,0,0,-0.331219872819825,0,0,0,0,0,0,0,0,0.351362325941409,0,0,0,0,-0.0474827541290623,0,-0.41022568342557,0,0,0,0,0,0,0,-0.116889064742259,0,0,0,0,0.047936816517228,0,2.62632178053122,0,0,0,0,0,0,0,0,0,0,-0.184851894347847,0,0,0,0,0,0,0,0,0,0,0,0,0,-0.291897309494672,0,0.384582232531926,-1.25240947102253,0,0,0,0,0,-0.00325814642745259,-0.336864632614454,0,-2.53401660315094,0,0,-0.314470846089975,-0.399753560678685,0,0,0,0,0,0,0,0.491436796358907,0,0,-1.05017382634692,0,0,0,0,0,0,0,0,0,0.0227276137061134,0,0,0,6.33800612194331,0,0,0,0,-0.172371755358053,0.06152217626968,0,1.19259512541194,0,0,0,0,0,-0.173446044684605,-0.118032244783312,0,0,0,0,0.113216396337017,0,0,-1.17076938505442,0.842448629499897,-2.81549240720435,0,0,0,0,0,0,0,-0.0868936029432101,0,0,0,0,0,0,0,0,0,0,0,0,0
0,0,0,0,0,0,0,0,-0.711532622704612,0,0,0,0,0,0,0,0,0,0,0,0,0,0,0,0,0,0.456161449835994,0.744862428897446,0,0,0,0,0,0.112708574169427,0,0,0,0,0,0,0,0,0,0,0,0,0,0,0,0,0,-0.447274461869385,0,0,0,0,0,0,0,0,0,0,-0.150457865819853,0,-0.258281824655032,-0.0275662256068177,0,0,0,0,0,0,0,0,0.58311272082411,-0.155134880092467,0,0,0,0,0.204862076698918,0,0,0,0,0,0,0,0,0,0,-0.0241714131216222,0,0,0,0,0,0,0,0,0,0.523592234053712,0,0,0,0,0,0,0,0,0,0,0,0,0,0,0,0,0,0,-0.211220988330031,0,0,0,0,0,0,0,0,0,0,0,0,0,0,0,0,0,0,-0.159928483052392,0,0,0,0,0,3.67217103082671,0,0,0,0,0,0,0,3.62491931838229,0,0,0,0,0,0,0,0,0,0,0,0,0,0,0.200733957301292,0,0,0,0,0,0,0,0,0,-0.0537807180555574,0,0,0,0,0,0,0,0,0,0,0,0,0,0,0.547454892297981,-0.14928334976495,0,0,0,0,0
0,0,0,0,0,0,0,0,0,0,0,0,0,0,0,0,0,0,0,0,0,0,0,0,-0.0713419442422851,0,-0.181308127011741,0,0,0,0,0,0,0.48765577001094,0,0,0,0,0,0,0,0,0,0,0,0,0,0,0,0,0,0,0,-0.149383227451353,0,0,0,0,0,0,0,0,0,0,0,0.0850543034648348,0,0,0,0,0,0,0,0,0,0,0,0,0,0,0,0,0,0,0.423967207612651,0,0,0,0,0,0,1.22695167503908,0,0,0,0,0,0,0,0,0,0,0,0,0,0,0,0,0,0,0,0,0,0,0,0,0,0,0,0,0,0,0,0,0,0,0,0,0,0,0,0,0,0,0,0,0,0,0,0.656947768002196,0,0,0,0,0,0,0,0,0,0.366033593692065,0,0,0,0,0,0,0,0,0,0,-0.0468487599463123,0,0,0,0,0,-2.6398064357659,0,0,0,0,0,0,0,0,0,0,0,0,0,0,0,0,0,0,0,0,-0.387762382594605,0,0,0,0,0,0,0,0,0,0,0,0
0,-0.0163644617531977,0,0,0,0,0,0,0,0,0,0,0,0,0,0,0,0,-1.39688956436852,0,0,0,0,0,-2.59695813500981,0,-0.781927272495456,0,0,0,0.160709729551526,0,0,0,0,0,0,0,0,0,-0.400524612251296,0,-0.26343492260026,0,0,0,0,0,0,0.174549816107153,0,0,0,0,0,0,0,0,0,0,0,0.797970519586907,0,0,0,0,0,0,0,0,0,0,0,-0.244346856226131,0,0,0,0,0,0,0,0,0.262160225633077,0,-0.195245821266186,0,0,0,0,0,0,0,0,0,0,0,1.58584407349518,0,0,0,0,-0.259071314541572,0,-1.45919978598317,0,0,0,-0.853482952450157,0.901107091445766,0,0,0,0,0,0,0,0,0,0,0.349667339336513,0,0,1.23777193307302,0,0,0,0,0,-0.513121970193807,0,0.206624899010829,0,0.246289173438405,0,0,0,0,0,0,0,0,0,0,0,-0.16720836690292,0,0,-1.02106585294201,0,0,0,0,-0.569584759870739,0,-0.363161073376742,0,0,0,0,0,0,0,0,0,0,0,-0.787311193938512,0,-0.41951594175744,0,-0.434334833079064,0,0,0,0,0.0344034952764647,-0.10725898668231,0,0,0,0,0,0,4.06163967943459,0,0,0,0,0,0,-0.829127984643676,0,0,-2.1212412020928,0,0,-0.26836078651323,0,0,0
0,-1.43841000714285,0,0,0,0,0,-0.224774750914559,0,0.524657293821219,0,0,0,0,0,0,0,0,-0.738927713351022,0,0,0,0,0,-2.54653184799687,0.526023305296885,-0.199958333781819,0,0,0,1.07956983436621,0,0.0626183171201422,0,0,0,0,0,0,0,0,0,-0.338499285134355,0,-0.488004697596153,0,0,0,0,0.236916916516427,0,0,0,0,0,0,0,1.09727693468493,0,0,-0.0409617354811742,1.52791141693255,0,0,0,-1.068738159836,0,0,0,0,0,0,0,-0.4446065343534,-0.205664065638167,0,0,-0.0362493974099329,0,0,-1.51471208516043,0,0,0.658236365010579,0,0,0,0,0,0,0,-0.671238493695257,0,0,0,0.288862324688781,1.81271413183299,0,0,0,0,-0.530181273021236,0,-0.841244460099332,0,0,0,-0.488604740255389,0,0,0,0,0,0,0,0,0,0,0,1.16243235885563,0,0,2.46163310606465,-0.355567801352656,0,0,0,0,-0.400095383792046,0,0,-0.32120119713904,0.226668870126223,0,0,0,0,0,0,0,0,0,0,0,0,0,0,-1.56883362139413,0,0,0,0,-2.30775107292018,0,0,1.03386378770223,0,0,0,0,0,0,0,0,0,0,-0.148472796237919,0,-1.45830364486784,0,-0.652311715872844,0,0,0,0,0.0825075285346073,-0.229471611968513,0,0,0,0,0,0,4.67396764092792,0,0,0,0,0,0,0,0,0,-3.50094200969461,0.0363549504214911,0,0,0,0,0
0,0,-1.94188137056169,0,0,0,0,0,0,0,1.75961166734766,0,0,0,0,0,0,0,0,0,0,0,0,0,0,0.219296172418362,0,0,0,0,0,0,0,-0.28054627302366,0,0,0.682137300831347,0,0,0,0,0,0,0,0,0,0,0,0,0,0,0,0,0,0,0,0,0,0,0,0,0.0951826135360856,0,0,0,0.200733493261405,0,0,0,0,0,0,0,0,0,0,0,0,0,0.351631547336186,0,0,0,0,0,0,0,0,0,0,0,-1.21361783234831,0,0,0,0,0,0,-0.327649182640778,0,-0.123987872028405,1.55050004426238,0,0,0,0,0,0,0,0,0,0,0,0,0,0,0,0,0,0.415824056269427,0.110658412784155,0,0,0,0,0,0,0,-0.210170860447763,0,0,0,0,0,0,0,0,0,0,0,0,0,0,-0.469615936013761,0,0,0,-1.42486848024045,0,0,0,0,0,0,0,0,0,0,0,0,0,0,0,0,0,0,0,0,0,0,0,0,0,0,0,0,-0.207562169272222,0,0,0,0,0.82751729464218,0,0.311358272591238,0,0,0,0,0,0,0,0,0,0,0,0,0,0,0,0
0,1.09432740413742,-0.557591100906485,0,0,0,0,0,0,0,0.340957576845607,0,0,0,0.296079874804197,0,0.504647493918804,0,0,0,0,0,0,0,0.107937054526904,0,0,0,-0.407721676735315,0,0,0,0,-0.781811945669003,0,0.124311561662538,0,0,0,0,0,0,0,0,0,0.171027872268982,0,0,0,0,0,0,0,0,0,0,0,0,0,0.773264249429193,0,0,0,0,0,-0.0834432542358454,-0.413616301444343,0,0,0,-0.209566761911617,0,0.483971265171371,0,0,0.332249758648816,0,0,0,-1.82574412933745,0,0,0,0,0,0,0.468677782797304,0,0,0,0,-0.103892945519696,0,0,0,0,0,0,-1.20807830770163,0,0,0,0,0,0,-1.19214095284633,0,0,0,0.928820502495775,0,0,-4.53470125129044,-0.998406406455377,0,0,0,0,0,0,0,0,0,0,0,13.9064870344978,0,0.336720602893523,0,0,0,1.95379190858018,0,0,0,0,0,0.377996163527471,0,0,0,0,0,-0.372521609249018,0,0,0,0,0,0,0,0,-0.00772976654906299,0,0,0,0,-2.73636121480317,0,0,-0.664512175819436,-0.152632147274984,0,0,0,0,-0.406113513536253,0,-0.666715232181898,-0.342803283114085,0,0,0.819923431890068,0,0,0,0,0,0.19758855051567,0,0,0.268792232031567,0,0,0,0,0,0,0,0,0,-0.332614327277238,0,0,0,0,0,0,0,-0.539938217582339
0,0.431123391015427,0,0,-0.390094842869129,-1.12454240474366,0,0,-1.91387216690007,0,0,-0.480996223304896,0,0,0,0,-0.321562444098562,0.0153100158950583,0,0,0,0,0,0,0,-8.278915205,0,2.77989774758325,-0.954875777963563,0,0,0,0,3.98470082985425,0,0,-0.00703132620022817,-0.714712747564963,0,0,0.242886050648236,0,0,0,2.92395536698293,0,0,0,0,0,0,0,-0.0628721307470359,0,0,0,0,0,-0.144203941494516,0,0,0,0,0,0,1.12117333246087,0,0,0.377660956523297,0,-2.13715340951941,0,0,0,0,0,0,0,0.722473458259023,-0.416893870141806,0,0,3.49753731054495,0,0,0,0,0,0,0.804958233481866,0.88012155939834,0,0,-0.239615881345719,0.550089196334455,0.511384020600296,0,0,0,0,0,-0.450455226306162,-0.872311686594771,0,0,-0.826414925560153,0,0,1.0303485824065,0,0,-0.406844427712739,0,0,0,0,-0.101850674126033,0,0.147497535760019,0.12554292114825,0,0,-0.502901609635782,0,0,0,0,-1.12397324840464,0,0,0,0,-2.48853222061814,0,0,0,2.28299703159067,0,0,2.52569172755376,-2.39269456706276,0,0,1.17662978538158,0,0,0,0,0.568744964292251,0,-0.87271720881707,0,0,4.61621590744217,-2.08314045645558,0,0,0,0,0,0,-1.68838926391916,0,0,0,-0.509640927947774,0,0,0,0,0,0,0,0,0,-1.10114211156475,0,-2.35378187891084,0,0,0,0,0,0,0,0,0,-0.440817698267167,0,0,0,-0.112975588579496,0,0,-0.501196081966657,0,0,1.02529955001404,4.08471787362757,-0.137493048382632
0,0,0,0,0,0,0,0,1.38092143086821,0,0,-0.478895904374032,0,0,0,0,0,0,0,0,0,0,0,0,-0.317820564716501,-2.25774042773852,0,0,0,0,0.347427421560532,0,0,0,0,0,0,0,0,0,0,0,0,0,-1.07054068283676,0.80363702597119,1.40828993833733,0,0,0,0,0,0,0,0,0.0497596585114235,0,0.128171389486728,0,0,0,0,0,0,0,-1.47156700045439,-0.986173175337651,0,0,0,1.15210486085093,0,0.505306072398766,0,0.348718228059303,0,0,0,0.166504205086518,0,1.3323753895563,0,-0.548956803439563,0,0,0,0,-2.62334719294721,0,-0.3383300371362,0,0,-0.288769910618112,0,-0.94215489795108,0,0,-1.43138006103982,0,0,0,0,0,0.0995200667451197,-0.900865425705282,0,0,0,-0.167695612560185,0,0,0,0.0619249220067937,0,0,-0.924424676612078,0,-0.758700891739413,0,0,0,0,0.240863646521184,0,-9.4962572352978,0,0.0713301181013639,0,0,0,0,0,0,0,0,-0.625944343400552,-1.19425321335879,0,0,0.123505247125824,0,0,0.298338041230261,0,0,0,0,0,-0.2734548926393,0,0,0,0,6.97400162772129,-0.810210170032492,0,0,0,0,0,0,0,0,0,0,0,0,0,-0.138572856890646,0,0,-0.739405797062329,0,0,0,-4.9666558058935,0,0,0,0,0,0,0,-1.20098846666034,-0.205535920851116,-0.327840220279904,0,0,0,0,0.685810467520969,0,-0.132949688508671,-1.93812923168214,0,0,0,0,0,0
0,0,0,0,0,0,0,0,0,0,0,0,0,0,0,0,0,0,0,0,0,0,0,0,0,0,0,0,0,0,0,0,0,0,0,0,0,0.54530281099703,0,0,0,0,0,0,0,0,0,0,0,0,0,0,0,0,0,0,0,0,0,0,0,0,0,0,0,0,0,0,0,0,0,0,0,0,0,0,0,0,0,0,0,0,0,0,0,0,0,0,0,0,0,0,0,0,0,0,0,0,0,0,0,0,0,0,0,0,0,0,0,0,0,0,0,0.035016506708706,0,0,0,0,0,0,0,0,0,0,-11.8899470257612,0,0,0,0,0,0,0,0,0,0,0,0,0,0,0,0,0,0,0.222914396043388,0,0,0,0,0,0,0,0,0,0,0,0,0,0,0,0,0,-0.0127910961557176,0,0,0,0,0,0,0,0,0,0,0,0,0,0,0,0,0,0,0,0,0,0,0,0,0,0,0,0,0,0,0,0,0,0,0,0,0,0
0,0,0,0,0,0,0,0,0,0,0,0,0.112715730575113,0,0,0,0,0,0,0,0,0,0,0,0,0.131143858332871,0,0,0,0,0,0,0,0,0,0,0,0,0,0,0,0,0,0,0,0,0,0,0,0,0,0,0,0,0,0,1.39466136993052,0,0,0,0,0,0,0,0,0,0,0,0,0,0,0,0,0,0,0,0,0,-0.0906140699635765,0,0,0,0,0,0,0,0,0,0,0,0,0,0,0,0,0,0,0,0,0,0.336453316758905,0,0,0,0,0,0,0,0,0,0,0,0,0,0,0.206127502720452,0,0,0,0,0,-0.111190054792752,0,0,-9.8624716564302,0,0,0,0,0,0,0,0,0,0,0,0,0,0,0,0,0,0,0,0,0,0,0,0,0,0,0,0,1.66371324441622,0,0,0,0,0,0,0,0,0,0,0,0,0,0,0,0,0,0,0,0,0,0,0,0,0,0,0,0,0,0,0,0,0,0,0,0,0,0,0,0,0,0,0,0,0,0
0,0,0,0,0,0,0,0,0,0,0,0,0,0,0,0,0,0,0,0,0,0,0,0,0,0.348502840788431,0,0,0,0,0,0,0,-0.0614652290519393,0,0,0,0,0,0,0,0,0,0,0,-0.517825535465099,0,0,0,0,0,0,0,0,0,0,0.334518906892826,0,0,0,0,0,0,0,0,0,0,0,0,0,0,0,0,0,-0.00323503926446889,0,0,0,-0.465166429716834,0,0,0,0,0,0,-0.578191337427847,0,0,0,0,0,0,0,0,-0.454394122081354,0,0,0,0,0,0,0,0,0,0,0,0,0,0,0,0,0,0,0,0,0,0,0,0,0,0.0690393414479924,0,0,0,-8.898534123533,0,0,0,0,0,0,0,0,0,0,0,0,0,0,0,0,0,0,0,0,0,0,0,0,0,0.2344349579372,0,0,2.48570987782416,0,0,0,0,0,0,0,0,0,0,0,0,0,-0.298421585100296,0,0,0,0,0,0,0,0,0,0,0.950542221813377,0,0,0,0,0,0,0,0,0.094427175840754,0,0,0,0,0,0,0,0,0,0,0,0
0,0,0,0,0,-0.827834268978209,0,0,0,-3.37647046879802,0,0,0,0,0,0,0,0,0,0,0.5716917120511,0,0,0,-0.403590353266279,0,0,0,0,0,0,0,0,-0.383648737249919,0,0,0,0,0.387721393074652,0,0,0,0,0,0,0,0,0,0,0,0,0,0,0,0,0,0.0201121797488724,0,0,0,0,0,0,0,0,0,0,0,0,0,0,0,0,0,0,0,0,0,0,0,0,0,0,0,0,0,0,0,0,0,0,0,0,0,0,0.706879192148869,0,0,0,0,0,0,0,0,0,0.52270920005647,0,0,-0.644589913984198,0,0,0,0,0,0,0,0,0,0,0,0,0,0,0,-6.56916196395532,0,0,0,0,0,0,0.0515719604671583,0,0,0,0,-0.419271692588012,0,0,0,0,0.460731478377591,0,0,0,0,0,0,0,0,0,0,0,0,0,0,0,0,0,0,0,0,0,0,0,0,0,0,0,0,0,0,0,0.0503948000529322,0,0,0.684518165153627,-2.28938279449118,13.6087152903068,0,0,0.331177056578853,0,0,0.154500848133225,0,0,0,0,-0.350651481295185,0,0,0,0,0,0,0,-2.24078011049135,0,0
0,-1.32334866746434,0,0,0,0,0,0,0,-5.60359812261256,0,0,0,0,0.47207633280765,0,0,0,-0.163763476776664,0,0,0,0,0,0,0,0,0,0,0,0,0,0,0,0,-0.17369802925864,0,0.369688554350762,0.635783406198851,0,0,-0.184340930492691,0,0,1.12820835310787,0,-2.69190798211647,0,0,0,0,0,0,0,0,0,0,0,0,0,0,-0.462530176426112,0,0,0,0,0,-0.511588221172653,0,-0.488774218020952,0.189015943451667,0,0,-0.19672587329729,0,-0.557722425855712,0,0,0,0,0,0,0,0,0,0,0,0.199151655706393,0,0.314785102018204,0,0,0,0,0,1.37985452345138,0,0,0,0,0,0.52519381749324,0.168127329681766,0,0,0,0,0,-1.10028751096404,0,0,0,0,0,0,0,0,0,0,0.37505307620204,-0.369402765551981,0,0.571828844892315,0,-5.98819087538405,0,0,0,0,0,0,0.444140873993201,0,0,0,0,0,0,0,1.1032757028474,0,0.229724275339844,0,0,0,0,0,0,-0.436887441357604,0,0,0,-0.0501549308448768,0,0.473694331055039,0,0,0,0,0,0,0,0,0,0,0,0,0,0,0,0,0,0,0,-0.313009259562403,0,0,-2.515360806089,14.7609170456391,0,0,0.640475981139282,0,0,0,-0.453826050106428,0,0,0,-1.97996964283333,0,0,0,-1.81442429875248,0.986065526923428,0,0.159359833959871,0,0,0
0,-0.362997690828475,0,0,0.9178787046857,0,0,0,0.271411189367998,-2.1741443230329,0,0,0,0,0,0,0,0,0,0,0,0,0,0,-0.31458053824932,0,0,0,0,0,0,0,0,0,0,0,0,0,1.70361116230035,0,0,0,0,0,0,-0.392941611242561,2.10192661528417,-0.387338030484735,0,0,0,0,0,0,0,0,0.299222974701636,0,0,0,0,0,0,0,0,0,0,0,0,0,0.152740212034263,0,0,0,0,-0.136218012621691,0,0,0,0,0,0,0,0,-0.471274005271075,0,0,0,0,0,0,0,0,0,0,1.14792538838901,0,0,0,0,0,0,0,0,0,0,0,0,-0.510460728092804,0,0,0,0,0,0,0,0,0,0,0,0,0,0.998992557602678,0,-4.35173263277701,0,0,0,0,0,0,0.36520267555125,0,0,0,0,0,0,0,0,0,0,0,0,0,0,0,0,0,0,0,0,-0.264346972717046,0,0,0,0,0,0,0,0,0,0,0,0,0,0,0,0,0,0,0,0.454320893059803,0,-0.166212121858297,0,0.0857860726640489,-2.38954897123939,12.2336260534979,0,0,2.0574188686868,0,0,0,-0.159809234171505,0,0,0,-1.15283436500818,0,0,0,-0.0761942306521632,0,0,0,0,0,0
0,0,0,0,0,0,0,0,0,0,0,0,0,0,0,0,0,0,0,0,0,0,0,0,0,0,0,0,0,0,0,0,0,0,0,0,0,1.20699199389204,0,0,0,0,0,0,0,0,-0.335974088122494,0,0,0,0,0,0,0,0,0,0,0,0,0,0,0,0,0,-0.230660432443925,-0.214680997525823,0,0,0,0,-0.43877857344159,0,0.234888283094354,0,0,0,0,0,0,0,0,0,0,0,0,0,0,0,0,0,0,0,0,0,0,0,-0.000494134732522244,0,0,0,0,0.31874207045009,0,0,-0.00200618828453036,0,0,0,0,0,0,0,0,0,0,0,0,0,0,0,-0.609393561436717,0,0,0,-12.654432119778,0,0,0,0,0,0,0,0,0,0,0,0,0,0,0.0986223784595244,0,0,0,0,0,0,0,0,0,0,0,0,0,-0.549011235600524,0,0,0,0,0,0,0,0,0,0,0,0,0,0,0,0,0,0,0,0,0,0,0,0,0,0,0,0,0,0,0,0,0,0,0,0,0,0,0,0,0,0,0,0,0,0
0,0,0,0,0,0,0,0,0,0,0,0,0,0,0,0,0,0,0,0,0,0,0,0,0,0,0,0,0,0,0,0,0,0,0,0,0,0,0,0,0,0,0,0,0,0,0.225930056628123,0,0,0,0,0,0,0,0,0,0,0,0,0,-0.0461429101705548,0,0,0,0,0,0,0,0,0,0,0,0,0,0,0,0,0,0,0,0,0,0,0,0,0,0,0.650177251258853,0,0,0,0,0,0,0,0,0,0,0,0,0,0,0,-0.744063097202676,0,0,0,0,0,0,0,0,0,0,0,0,0,0,0,0,0,0,0,0,-10.6748415735061,0,0.0481724087246489,0,0,0,0,0,0,0,0,0,0,0,0,0,0,0,0,0,0,0,0,0,0.0314434288499374,0,0,0,0,0.294478618212391,-0.545730813104226,0,0,0,0,0,0,0,0,0,0,0,0,0,0,0,0,0,0,0,0,0,0,0,0,0,0,0,0,0,0,0,0,0,0,0,0,0,0,0,-0.512851833630484,0,0,0,0,0
0,0,0,0,0,0,0,0,0,0,0,0,0,-0.311080724687979,0,0,0,0,0,0,0,0,0,0,0,0.0555618080224507,0,0,0,0,0,0,0,0,0,1.21984719329084,0,0,0,0,0.216715940765358,0,0,1.16122127475106,0.590363994576488,0,-0.147543703704825,0,0,0,0,0,0,-0.122204091588862,0,0,-0.0440601169721133,0,0,0,0,0,0.528134886158404,0,0,0.570426458635145,0,0,0,0,1.87067932220874,0,0,0,-0.105897585082992,0,0,0,0,0,0,0,0,0,0,0,0,0,0,0,0,0,0,0,0,0,0,0,0,0,0,0,0,0,0,0,0,0,0,0,0,0,0,-0.716340820590853,0,0,0,0,-0.142763545305282,0,0,0,0,0,-10.4026204148327,0,0,0,0,0,0,0,0,0,-0.744305446574129,0,0,0,0,0,0,0,0,0,-0.062016188061947,0,0,0,0,0.489165629970443,0.716910647334284,0,0.411922439574522,2.25168204862619,0,0,0,0,0,-0.150664537757535,0,0,0,0,0,0,0,-0.704110337017343,0,0,0,0,0,0,0,0,0,0,0,0,0,0,0,0,0,0,0,1.24306745133121,0,0,0,0,0,0,-1.30681575958183,0,0,0,0,-1.21083180654175
0,0,0,0,-0.0195593612456202,0,0,0.00712838952048833,0.414718693749103,0,-0.886210261632824,0,0,0.0247127249780263,0,0,0,0,0,0,0,0,0,-0.310476335745597,0,0.982455000561321,0,0,0,0,-0.628387213778281,0,0,-0.331608079957332,0,0,0,0,0,0,0,0,0,0,0,0,-1.89699102813972,0,0,0,0,0,0,-0.158284261815277,0,0,-0.69149560156595,0,0,0,0,0.0823681967262888,0,0,0,0,0,0.0478971964808153,0,0,-0.604913918674663,0,0,0,0,0,0,-0.72486365933505,0,0,0,0,0,0,0,0,0,0,0,-0.233052761458394,0,0,0,0,0,0,0,0,0,0,-2.13885941649151,0,0,0.14875001028063,0,0,0,0,0,0,0,0,0,0,0.946662577795041,1.52692456881852,0,0,0,0,-0.408520186150963,0,0,0,-8.4546279784221,0,0,0,0,-0.337650420404488,0,0,0,0,0,0,0,0,0,0,0,0,0,0,0,0,0,0,0.987953712186435,0,0,0,0,3.4263397580817,0,0,0,0,0.223385811683602,0,0,0,0,0,0,0,0,0,0,0,0,0,-0.0179674338183862,0.247216235980334,0,0,0,-0.611548851748417,0,0,0,0,0,0,0,0,0,2.67690378763823,0,0,0,0,0,0,0.490276555069471,0,0,0,0,0.264951600664063
0,0,0,0,0,0,0,0,0,0,-1.16172364381829,0,0,0,0,0,0,0,0.306054067050101,0,0,0,0,0,0,0.205020762104591,0.476009842498018,0,-0.0144432517459334,0,0,0,0,-0.172153469349175,0,0,0,0,0,0,0,0,0,0,0,0,0,0,0,0,0,0,0,0,0,0,0,0.698539171441038,0,0,0,0,0,0,0,0,0.0471877666654923,0,0,0,0,0,0,0,0,0,0,0.871479629381518,0,0,0,0,0,0,0,0,0,0,0,0.316954299472545,0,0,0,0,0,0,0,0,0,0,-0.115860191013466,0,0,0,0,0,0,0,0,0,0,0,0,0,0,0,0,0,0,0,-0.539279476255589,0,0,0,-6.75018968274022,0,0,0,0,0,0,0,-0.0801892570228082,0,-0.450247266575791,0,0,0,0,0,0,0,0,0,0,0,0,0.384032816025409,0,0,0,0,0,7.4433633582301,0,0,0,0,0,0,0,0,0,0,0,0,0,0,0,0,0,0,0,0,0,2.10317919755629,0,0,0,0,0,0,0,0,0,0,0,0,0,0,-0.273619467696438,0,0,0,0,0,0,0,0,0
0,1.1485395403672,-2.98112419083842,0,0,0,0,0,0,0,0,0,0,2.05776556693796,0,0,0.096911984612285,1.29460271422123,0,0,0,0,-0.367493665577489,0,0,2.40122167645057,0.452884677750498,0,1.60551888386796,0,0,0.00970410924784493,0,0,0,0,1.09427618112274,0,0,-0.630674454662113,0,0,-0.0225918874330053,-0.247072147031204,0,0,0,0,0,0.254835287159838,0,0,-0.577494449868658,0,0,0,-2.70990916523865,0,0,-0.252617336088242,0,0,2.61527703550172,0,0,0,0,0,0,0,0.430170160224609,0,0,0,0,0,0,0,0.0423078029564801,0,-1.64689174215597,0,0,0,0,-0.386470417991683,0,0,0,0,1.2002592874118,0,0,0,0,0,0,0.045290798028407,0,0,-0.220328355807991,0,0,2.11181714437946,0,-0.781200549921191,0,0,0.176950812635685,0.865361259314343,0,-0.460061285809555,0,0,0,1.29439359723014,0,0,-0.0073462849929451,0,0,0,0,0,-5.87272285218009,0,0,0,0,-0.380458846376986,0,0,0,0,0,0.511300862954608,0,0,0,0,0,0,0,0,0,0,0,0,0,0,0.398999084976278,0,0,8.95323110516426,0,0,0,0,0,0,0,0.380009131605562,0,0,0,0,0,0,-1.30519468127608,0,0.456716011475494,0,-0.381259443810176,-0.766671536921947,-0.0812657599986402,0.0366722904897077,0,-0.17874146840046,0,0,-0.212100943081363,0,0,0.816010932984409,0,0,-1.3529482405576,0,0,0,-1.09659219843933,0,0,0,0,0,0,0,0,0
0,-1.19353972768296,0,0,0,0,0,0,0.739006765078951,0.405936561542681,0,0,0,0,0,0,0,0,0.0948627625082381,0,0,0,0,0,0,0,1.46258478761245,0,-1.36972115825375,0,0,0,0,0,0,0,0,-1.49192953803761,0,0,0,0,0,0,0,0,-1.11029115890469,-0.176283249392992,0,0,0,0,0,0,0,0,0,0,0,0,0,0.855778266234744,0,0,0,0,0,0,0,-0.522326206929705,0.347696103456147,0,0,0,0,0,0,0.0450005763693107,0,-1.26136122223899,0,0,0,-0.65188591748472,0,0,0,-1.178281376137,0,0,0,0,0.159171253529895,0,0,0,0,0,0,0,0,0,0,0,0.400878392626495,0,0,0,0,0,0,0,0,0.370812178580621,0,0,0,0,0,0,0,0,0,0,-4.12997426501553,0,0,-0.190759843462162,0,0,0,0,0,0,0,0,0,0,0,0,0,0,0,0,0,0,0,0,0,0,0,0,0,9.08432295967855,0,0,0,0,0,0,0,0,0,0,0,0,0,-0.253840948182404,0,0,0,0,0,-0.278558016639669,0,0,0,0,-1.50939358993579,-1.35351181890115,0,0,0,-0.511816235095148,0,0,0,0,0,0,0,0,0,0,0.069688087206969,0,0,0,0.290232170112053,0
0,0.348278663782886,0,0,0,0.226666310231055,-0.260429757139476,-0.503641640084371,0,0,-0.0831679423429676,0.215565528884434,2.04405011579964,0,-0.263227270860235,0,0.0538183878507992,0,-0.429721667553135,0,0,0.0535252922011868,0.0936443558588165,0,1.31418360645745,0,0,0,0,0,0,0,0,0,0,0,0,0.1415566455004,0,0,0,0,0,0,0,1.97898769574049,-0.131131397921141,-0.186743152348583,0,0.40475877293318,-7.22574504825107,0,0,0,0,0,0,-2.7824075267728,0,3.06308737761367,0,0,0,0.0498849822545209,0,0,0,0,0,0,0.716703805439968,0,0,0.558248142125758,0,1.12752644875187,0,0.4269210802434,0,0,-0.649269367702045,0,0,0,-0.0453686498462713,0,-0.428860213716649,0,0,0,0,-3.96203603099208,0,0,0,0,0,0,0,-1.2160584594046,0,0,0.0251618126673419,0,-0.703106235023994,0.396493961626436,0,0,0,0,0,0,0,2.120953144831,-0.943689215730278,0,0,0,0,0,0,0,0,0,0,0,0,0,0,0,0,0,2.04942923965942,0,1.08584454646536,0,2.90188783232615,8.16733192255517,0,-1.31509078869732,0,0,0,0,0,-0.39543082051648,0,-0.914276334853173,0,0,0,0,0,6.90180994934569,0,0.334064674641837,0,0,0.0339679925869762,1.70144642344172,0,0,0,0,-0.354852688019581,0,0,0,-0.182397430990205,0,0,0,0,-5.07560136544857,0,0,0,-1.85430823687383,-0.492522745857193,0,0,0,0,0,0.701086999976235,-0.555090770879341,0,-1.61551498244098,0,1.36737677216394,0,0,1.38608564156203,1.5473850056717,1.78221405659457,0,0.117333790921164,0,0,0
0,0,0,0,0,0,0,0,0,-0.266573436749627,0,0,0,0,0,0,0,0,0,0.0580144089607431,0,0,-0.510048642880799,0,0,0,0,0,0,0,0,0,0,0,0,0,0,0,0,0,0,0,0,0,0,0,0,0,0,0,0,0,0,0,0,0,0.0587885907409817,0.362291685844647,0,0,0,0,0,-0.179577132208626,-0.355451366467658,-0.0191439568044296,0,0,0,0,0,0,0,0,0,0,0,0,0,0,3.21662757055362,-0.287705685167495,0,0,0,0,0,0,0,0,0,0,0,0,0,0,0,0,0,0,0,0,0,0,0,-0.507399395327361,0,0,0,0,0,0.72334866842429,0,0,0,0,0,0,0,1.50171826674236,0.964536398426905,0,0,0,0,0.0541726457649829,0,0,0,0,-0.377015493702602,0,0,0,0,0,0,0,0,0,1.36055988526926,0,0,0,0,0,0,0,0,0,-0.11017976491594,0,0,0,-0.289642709022289,0.727008338123989,0,0.222133577323524,0,0.134664243951809,0,0,0,0,0,0,-1.17021707483364,-0.918677946446155,-0.301478890242266,0,0,0,0,-0.0433260425514914,0,0,0,0,0,0,0,0,0,0,0,0,0,2.73283333947839,0,0,0.283400849407627,0,0,0,0,-3.74135173071703,0,0,0,0
0,0,0,0,0,0,0,0,0,0,0,0,0,0,0,0,0,0,0,0,0,0,0,0,0,0,0,0,0,0,0,0,0,0,0,0,0,0,0,0,0,0,0,0,0,0,0,0,0,0,0,0,0,0.0056662485807335,0,-0.0699744306004679,0,0,0,0.254018684528691,0,0,0,0,0,0,0,0,0,0,0,0,0,0,0,0,0,0.114108099271248,0,0,-0.0895068767809077,0,0,1.10385996573744,0,0,0,-0.624322010474945,0,-0.0881564547362927,0,0,0.0972193822178982,0,0,-0.594000989071257,0,0,-1.15082770589144,0,0.210323841160403,0,0,-0.590598701197136,0,0,0,0,0,0,0,0,0,0,0,-0.687447843379411,0,0,0,0,1.60933921478353,0,0,0,0,0,0,0,0,0,-3.71513296687924,0,0,0,0,0,0,0,0,0,0,0,0,0.19093418450761,0,6.21768374847521,0,0,0,0,0,0,-0.859534992747095,0,0,0,0,0,0.2709764377481,0,0,0,0,0,0,0,0,-0.394799068672461,-1.66240191062772,0,0,0,0,0,0,0.943622312131418,0,0,0,1.27652912891731,0,0,0,0,0,0,0.00212914037509582,1.63839680463937,0,0.0879932658523399,0,0,0,0,0.444279093935078,0,0,0.74218141576066,0,0
0,0,-0.286056602874633,0,0,0,0,0,0,0,0,0,0,0,0,0,0.310538664098592,0,0,0,0,0,0,0,0,0,0,0,0,0,0,0,0,0,0,0,0,0,0,0,0,0,0,0,0,0,0,0,0,0,0,0,0,0,0,0,0,0,0,0,0,0,0,0,0,0.231323430661311,0,0,0,0,0,0,0,0,0,0,0,0,0.539372541274337,0,0,0,0,0,0,0,0,0,0,0,0,0,0,0,0,0,0,0,0,0,0,0,0,0,0,0,0,0,0,0,0,0,0,0,0,0,0,0,0,0,0,0,0,0,0,0,0,0,0,-0.0575531106054927,-1.20750932843012,0,0,0,0,0,0,0,0,0,0,0,0,0,0,2.74590584099123,0,0,0,0,-0.473254544137468,0,0,0,0,0,0,0,0,0,0,-0.465415428773018,-0.0312204079884093,0,0,0,0,0,0,0,0,0,0,0,0,0,0,-0.215661055414056,0,0,0,0,0,0,0,0,0,-0.116099746073271,0,0,0,0,0,0,0,0,0,0,0,0
0,0,0,0,0,0,0,0,0,0,0,0,0,0,0,0,0,0,0,0,0,0,0,0,0,0,0,0,0,0,0,0,0,0,0,0,0,0,0,0,0,0,0,0,0,0,0,0,0,0,0,0,0,0,0,0,0,0,0,0,0,0,0,-0.434188595496221,0,0,0,0,0,0,0,0,0,0,0,0,0,0,0,0,0,0,0,0,0,0,0,0.100885265270118,0,0,0,0,0,0,0,0,0,0,0,0,0,0,0,0,0,0,0,0,0,0,0,0,0,0,0,0,0,0,0,0,0,0,0,0,0,0,0,0,0,0,0,0,0,0,0,0,0,0,0,0,0,0,0,0,0,0,0,0,0,0,0,0,0,0,0,0,0,0,0,0,0,0,0,0,0,0,0,0,0,0,0,0,0,0,0,0,0,0,0,0,0,0,0,0,0,0,0,0,0,0,0,0,0,0,0,0,0,0,0,0
0,0,0,0,0,-1.35151402863556,1.77845036829255,0,0,0.179760508200197,0,0,0,0,0,0,0,0,0,-0.768177370012119,0,0,0.0657128684806376,-0.0567150039405606,0,0,0,0,0,0,0,0,0,0,0,0,0,0,0,-0.0531763394979603,0,0,0,0.880771750728591,0,0,0,0,0,0,0,0,0,0,0,0,0,0,0,0,0,0,0,0,0.303959961985409,0,0,0,0,0,0,0,0,0,0,0,0,0,0,0,10.4470809812296,0,0,-0.136153471173106,0,1.61921784454093,-3.60132251701939,1.06069353167409,0,-0.170877282771651,0,0,0,0,0,0,0,0,0,0,0,-0.547486823186137,0,-0.362670025842529,0,0,0,-0.292923260768581,0,0,0,0,0,0,0,0,0,0,0,0,2.09564417115261,0,-0.0877445630217093,-1.2575655650601,0,0,1.88065381658674,0,0,0,0,-0.484367086036506,0,0,0,0,0,0,0,0,0,0,0.572006048296427,0,0,0,0,0,0,0.735115582316435,0,0,0,0,1.11194283833745,1.7394434196451,0,0,0,-0.0295687556121222,0.419722388650396,0,0,0,0,0,0,0,0.274733942715591,-1.28742979446305,0,0,0.661580855237971,1.18369428307902,-1.1724382339444,0,0,0,0.183055596617977,0,0,0,0,0,0.0571773256248342,0,0.646696549966052,0,0,0,0,0,0,0,0,-0.392399143236548,0,0,0,0
0,0,0,0,0,0,0,0,0,0,0,0,0,0,0,0,0,0,0,0,0,0,0,0,0,0,0,0.475301771001026,0,0,0,0,0,0,0,0,0,0,0,0,0,0,0,0,0,0,0,0,0,0,0,0,0,0,0,0,0,0,0,0,0,0,0,-0.105157380878219,0,0,0,0,0,0,0,0,0,0,0,0,0,0,0,0,3.4095535178211,0,0,0,0,0,-2.03596819010783,0,0,0,0,0,0,0,0,0,0,0,0,0,0,0,0,0,0,0,0,0,0,0,0,-0.0543598659478524,0,0,0,0,0,0,0,0.0383132621858944,0,0,0,0,0,0,-0.864854812449184,0,0,0,0,0,0,0,0,0,0.465658906228164,0,0,0,0,0,0,0,0,0,0,0,0,0,0,0,0,0,0,0,0,0,0,0,0,0,0,0,0,0,0,0,0,0,0,-0.125692045268294,0,0,0,0,0,0,0,0,0,0,0,-0.0894259274970659,0,0,0,0,0,0,0,0,0,0,0,0,0,0,0,0
0,0,-0.505725766010348,0,-1.40340298324465,0,0,0,0,0,0.624899970134345,0,-0.0517347574892113,0,0,0,-0.0447592035146551,0,-4.58919581857256,0,0,0,0,0,0,0,0,0.650283883814283,0,0,0,0,0,0,0,-0.125298561811358,0,0,0,0,0,0,0,0,0,0,0,0,0,0,0,0,0,0,0,0,0,0,0,0,0,0,0,0,0,0,0.570342894223244,0,0,0,0,0.339348425510688,0,0,0,0,0,0,0.881180243082795,-1.17118102567579,0,0,0,-0.695621606904917,0,0.637769380802932,-2.45323146289421,0.0993892621862902,0,0,0.148607073215262,0,0,0,0,0,0,0,0,0.0816453960493635,0,0,0,1.26741491904152,0,0,0,0,0,0.0294533418600589,0,0.693598745602735,0,0,0,1.03816754375293,0,0,0,0,0,0,0,0,0,0,0,0,0,0,0.299870672453503,0,0,0,0,0,1.05999560698121,0,0,0,0,0,0,0.0158294246954556,0,0,0,0,0,0,0,0,0.59288887872227,-0.53928615133161,0,-0.841754647704346,0,0,0,0,0,-1.79420851651696,0.778971933103566,0,0,0,-0.093676026323626,0,0,0,0.0738148711640507,0,0,0,0,0,0,0,0,0,0,0,-0.00729010861930401,0,0,0.471056477885117,0,0,0,0,0.231177724947232,0,0,0.154860357978289,0,0,0,0,0.599798143014086,0
0,0,0,0,0,0,0,0,0,0,0,0,0,0,0.167999096718493,0,0,0,0,0,0,0,0,0,0.0390637102299627,0,0,0,0,0,0.785786331195465,0,0,-0.885188425692632,0,0,0,0,0,0,0,0,0,0,0,0,0,0,0,0,0,0,0,0,0,0,0,0,0,0,-0.255772850231438,0,0,0,0.121812162904746,0,0,0,-0.0186708893060596,0,0,0,0,0,-1.10259505300703,0,0,0,0,0,0,0,0,0,0,0.167834930745912,0,0,0,0,0,-0.0130364828124012,0,0,0,0,0,0,0,0,0,0,0,-0.195754538407938,0,0,0,0,0,0,0,0,0,0,0,0,0,0,0,0,0,0,0,0,0,0,0,0.122845677785089,0,0,0,0.0196345732863517,0,0,0,0,0,0,0,0,0,0,0,0,0,0,0,0,0,0,0,0,0,0,-0.302801449803085,0,0,0,0.0795869032468484,0,0,0,0,0,0,0,-0.647248716120869,0,0,0,0,0,0,0,0,0,0,0,0,0,0,0,0,0.449416736271154,0,0,0,0.171841203921512,0,0,0,0,0,0,0,0,0,0,0,0
0,0,0,0,0,0,0,0,0,0,0,0,0,0,0,0,0,0,0,0,0,0,0,0,0.0197967165307515,0,0,0,0,0,0,0,0,0,0,0,0,0,0,0,0,0,0,0,0,0,0,0,0,0,0,0,0,0,0,0,0,0,0,0,0,0,0,0,0,0,0,0,0,0,0,0,0,0,0,0,0,0,-0.202124005783756,-0.0168889822324261,0,0,0,0,-0.0582679924583969,0,0,0,0,0,0,0,0,0,0,0,0,0,0,0,0,0,0,0,0,0,0,0,0,0,0,0,0,0,0,0,0,0,0,0,0,0,0,0,0,0,0,0,0,0,0,0,0,0,0,0,0,0,0,0,0,0,0,0,0,0,0,0,0,0,0,0,0,0,0,0,0,0,0,0,0,0,0,0,0,0,-1.45472968758923,0,0,0,0,0,0,-0.126421891041534,0,0,0,0,0,0,0,0,0,0,0,0,0,0,0,0,0,0,0,0,0,0,0,0,0,0
0,0,-0.15320240963196,0,0,0,0,0,0,0,0.0475793222160747,0,0,0,0,0,0,0,0,0,0,0,0,0,0,0,0,0.314007366883021,0,0,0,0,0,0,0,0,0,0,0,0,0,0,0,0,0,0,0,0,0,0,0,0,0,0,0,0,0,0,0,0,0,0,-0.0559124012746972,0,0,0,0,0,0,0,0,0,0,0,-0.121284531159129,0.0633160545210896,0,0,0,0,0,0,0,0,0,0,0,0,0,0,0,0,0,0,0,0,0,0,0,0,0,0,0,0,0,0,0,0,0,0,0,0,0,0,0,0,0,0,0,0,0,0,0,0,0,0,1.29489737898684,4.31435023786412,0,0,0,0.324710816648031,0,0,0,0,0,0,0,0,-0.196466291513049,0,0,0,0,0,0,0,0,0,0,0,0,0,0,0,0,0,0,0,0,0,0,0,0,0,-0.364821692166236,0,0,0,0,0,0,0,0,0,0,0,0,0,0,0,0,0,0,0,0,0,0,0,0,0,0,0,0,0,0,0,0,0
0,0.131840200764832,0,0,0,0,0,0,0,0,0,0,0,0,0,0,0,0,0,0,0,0,0,0,0,0.464356723542849,0,0.352468062671647,-0.28258820830381,0,0,0,0,0,0,0,0,0.351411436308915,0,0,0,0,0,0,0.325207469785821,0,-0.374218322941711,0,0,0,0,0,0,0,0,0,0,1.2608718844367,0,0,0,0,0,0,0,0,-0.0703049961067963,0,0,0,-0.118634277935494,0,0.288610506555317,0,0,0,0,0,0,0,2.27311808066209,0,0,0,0,0,0,-0.162805076217822,0,0,0,0,0,0,0,0,0.852192579131134,0,0,0,0.566373544103061,0,0,0,0,0,0,0,0,0,0,0,0,0,0,0,0,0,0.383225723668484,0,0,0,0,0,0,0,0,11.1693263994283,0,0,0,0,0,0,-0.804099837639623,0,0,0,0,0.125851397191477,-0.0201632597966444,0,0,0,0,0,0,0,0.179845105874915,0,0,0,0.105074277629936,-0.290603904911591,0,0,0,0,0,0,0,0,0,0,0,0,0,0,0,0,0,0,0,0,0,0,0,0,-0.047914626058847,0,0,0,0,0,-0.206425971347859,0.0826108346698835,0,0,0,0,0,0,1.82979484308282,-0.276278965377532,0,0,0,0,0,0.977930494012428
0,0,0,0,0.988066565164508,0,0,0,0,0,0,0,-1.78690454343837,0,0,0,0,0,0,0.302913463737346,0,0,0,0,1.56115938131302,0,0,0,0,0.182862326994037,0.857709420495848,0,0.638253498194647,0,0,0.107313088177125,0,0,0,0,0,0,0,0,0,0,0,0,0,0,0,0.968798289016619,0,1.92644943359438,0,0,-0.083204299842099,4.70312348123555,0.657835374412826,0,0,-0.419773718287722,-0.162498295635756,0,0,3.05380566235184,0,0,0,0,0,0,0,0,0,0.239050213596261,0,0,0,0.639606374033389,0,0,0,0,-0.0778522012369711,0.190737879723154,0,0,0,-1.44379966890281,0,0,0,0,0,-0.216852966559891,0,0,0,0,-1.39460666681626,0,1.46277710440455,0,0,-0.796320652187393,0,0,0.036008098969643,0,0,0,0,0,0.594593064852162,0.177796100326679,0,0,0,0,0,0,0,0,0,0,-0.400111523004893,0.305755436299346,0,0,-1.64430809607045,0,0,0,0,-0.124195543756951,-2.7827847436595,0,0,0,-4.38146229584699,-0.371566448064271,0,0,0,1.46243086042913,0,1.23289832963712,0,-0.878239277285072,-0.637190243374285,0,-0.348546793826039,-1.02308292538186,0.00982887763000129,0,0,0.0592675307776633,0,1.62622046012874,0,0,-2.7301941744731,0,0,0,0,0,-2.73752492406118,0,0,0,0,0,0,-3.7536062536262,0,0.564576387990481,0,0,-0.584895999435276,0,0,0,0.991356714593855,-0.28027223597424,0,0,0,1.31952209142616,-1.22604000839473,-1.26434256756894,0,0,0,0,4.2683588276991,0,0,0
0,0,0,-2.70095495077909,0,0,-1.86138318425042,0.458374872840498,0,0,0,0,0,0.551929960916212,0,0,0,0,0,0,0,0,0,0,0,0,1.82215295067799,0,0,0,0.718684271137875,0,0,-0.659886156493239,0,0,0,0,0,0,0,0,0.510451459157062,0,0,0,0,0,0,0,0,0.201246698523345,0,0,0,0,0,-1.11824916033789,0,0,0,0,0,0,0,0,0,0,0,0,0,0,-0.0189107252038863,0,0,0.57693246621639,0,-0.452493161054095,0,0,0,0,0,0,0,0,0,0,0.391455778908011,0,0,0,0,0,0,0,0,0,0,0,0,-0.933643140081887,2.89446019526111,0,0,-0.198057642202961,0,-0.0340656353357742,0,-0.064448989314299,0,0,0,0,0,-2.68840464674308,0,0,0,0,0,0,0,0,0,0,0,0,0.593449057635204,0,0,0,-1.49027445366211,0,0,0,1.18656135386612,0,0,0,-0.872742943299078,0,0,0,0,0,0,0,0,0,0.780534582868122,0,0,0,0.38263005094372,0,0,0,0,0,0,0,0,0,0,0,0,0,0,0,0,0,0,-0.218297470232933,0,0,0,-0.467067394416218,0,0,-0.0220033015018601,-0.0530465125100561,0,0,0,0,0,0,0,0,0,0,0,0,0,0,0,0.173418865319171,0,0
0,0,0,-2.87553132779026,0,0,0,0.973614157790553,0,0,0,0,-0.0490491247517313,0.944861143216091,0,0,0,0,0,0,0,0,-0.687137496864643,0,0,0,0,0,0,0,0.252664518091302,0,0,0,0,0,0,1.88361745485621,0,0,0.377126730622891,0.552478388086217,1.59747449823305,0.436834827128642,0,0,0,0,0,0,0,0,0,0,0,0,0,-0.287145784364319,0,0,0,0,-0.296017135184372,0,0.0907585403688604,0,0.316723387458797,0,0,0,0,0,-0.0200354340828122,0,0,1.11594426403248,0,0,0,0,0.827005989462902,0,0,0.725298418095118,0.592709308268985,0,0,0,0.528048570150398,0,0,0,0.415402509374758,0,-0.394009702574137,0,0,0,0,0,-0.0957470545633283,-0.207023099560741,3.08984210855022,0.171870322679194,0,-0.271205446856511,0,-0.143975970902775,0,0,0,-0.625638649191069,0,0,0,-2.2655849851584,0,0,0,0,0.0319104251640203,0,0,0,0,0,0,0,0.181179001628304,0,0,0.0016427361466862,-2.47633207401543,0,0.429228918342331,0,0,0,0,0,-0.828891610417661,0,0,0,0,0,0,0,0,0,0,0,0,0,0,0,0,0,0,0,0.165526604243072,0,0,0,0,0,0,0,0,0,0,0,0,0,-0.124194174585062,0,0,0,0,0.314851594569098,0,0,0,0,0,0,0,0,0,0,0,0,0,0.101206170181401,0,0,0.0344186796840131,0,0,0
0.554966296358144,3.75285663250717,-1.76029274482039,-0.729036918984702,0,0,0,0,2.95805539756228,0,-0.102019039273443,1.25795911159164,1.14446037743441,0,0,0,-2.71075703930473,0,0,-0.601189568099198,0,0,0.504550174816855,0,0,0,0,0,0,0,0,0,0,0,0,0,-2.91017671536782,0,0,0,0,0,0,0.176475726028197,-1.62879615892732,0,-0.68470665839937,0,-0.286129340539268,0,0,-0.816300216369466,-2.79102680834811,0,-0.899263449790243,0.142017363910403,0,0,0,0.570237635014439,0,0,0,0,0.802385951685334,1.74701145816702,0,0,0,0,0,0,-1.09780206061606,0.452438021736297,0.634990098223118,0,0,0,0,7.37009130355703,-0.576203017828981,0,0.766159516045932,0,5.21406799612869,0.169144319146743,0,0,0,0,0,0.060835135399756,0.383151348607913,0,0,-0.0706023178492978,0.192354694757058,0,0,0.516426118887036,-2.66220959789399,-2.48713634882694,1.65059314983428,3.5532008749494,0,0,-0.488158599975916,-0.829448929769093,1.0941494725695,-1.35334815621445,0,0,-0.388431323426909,-0.570687970700446,0,-7.83880994560881,0,0.0424783683349435,0,0,0,0,0,0,0,0,-0.678658471438353,0,0,0,-0.873994503562397,0,-4.26654069362402,0,0,0.0793555603679363,0,0,0,0,-0.291052310406562,-0.284840195151407,0,0,0,0,0,0.50859143360787,-0.553815921943795,-1.79687264649795,0.534759590014487,0.116757866530225,0.457853584707842,-1.32347300181934,0,0.373571018913829,0,0,-0.342136388766088,0,0,0.167055826623727,0,0,-0.257935501110348,0,0.325996969850175,0,0,0,0,0,0,-0.204946416550662,0,0,-2.40998151564192,0,0,0,0,0,0,0,0,0,0,0,0,-1.20012922047232,-1.30481986005679,0,0,0,2.09013739559364,0,0.24452590693369,0,0,0
0,0,-0.80793333947912,0,0,0,0,0,0,0,0,0,0,0,0,0,0,0,0,0,0,0,0,0,0,0.0320433668648761,-0.399603017604152,0,0,0,0,0,0,-0.0985926489008726,0,0,0,0,0,0,0,0,0,0,0,0,0,0,0,0,0,0,0,0,0,0,0,-0.0654675483933267,0,0,0,0,0,0,0,0.271123569418239,0,0,0,0,0,0,0,0,0,0,0,0,0,1.59252583845363,0,0,0,0,1.01673999553301,0,0,0,0,0,0,0,0,0,0,0,0,0,0,0,0,0,0,0.162882150160893,0,0,0,0,0,0,0,0,0,0,0,-2.10139510987282,0,0,0,0,-0.191516484586929,0,0,0,0,0,0,0,0,0,-1.98771933682821,0,0,0,0,0,0,0,0,0,0,0,0,0,0,0,0,0.0238718166703695,0,0,0,0,0,0,0,0,0,0,0,0,0,0,0,0,0,0,0,0,0,0,0,0,0,0,0,0,-0.167492061062703,-0.200765579283226,0,0,0,0,0,0,0,0,0,0,0,0,0,0,0,0,0,0,0,0,0,0
0,0,-1.19453072759569,0,0,-0.0788938374239343,0,0,0,0,0,0,0,0,0,0,0,0,0,0,0,0,0,0,0,0,-0.45554323963379,0,0,0,0,0,0,0,0,0,-0.216599256198651,-1.11393263431926,0,0,0,0,0,0,0,0,0,0,0,0,0,-0.113524551528668,0,0,0,0,0,0,0,0,0,0,0,0,0,0.289447349411337,0,0,0,0,0,0.0350029218972905,0,0,0,0,0,0,0,0.155978073561812,-0.112147258235638,0,0,0,0.729855917996508,0,0,0,0,0,0,0,0,0,0,0,0,0,0,0,0,0,0,1.21476834115726,0,0,0,0,0,0,0,0,0,0,0,-3.40896305389601,0,0,0,0,0,0,0,0,0,0,0,0,0,0,0,0,-0.504042273235323,0,0,0,0,0,0,0,-0.0644905525432882,0,0,0,0,0,0,0,0,0,0,0,0,0,0,0,0,0,0,0,0,0,-0.994786525412461,0,0,0,0,0,0,0,0,0,0,0,0,0,-0.16966827039784,-0.164555541708091,0,0,0,0,0,0,0,0,0,0,0,0,0,0,0,0,0,0,0,0,0,0
-0.311692674571764,0,-2.88459363568635,0,0,-0.396515792974764,-1.56867228535786,0,0,0,0,-1.59750214825428,0,0,0,0,0,0,0,0,0,0,0.497497784051144,0,0.245323686199872,0,0,0,0,0,-0.859687756965583,-1.17703976760446,0,-0.461011005664046,0,0,0,0,0,0,0,0,0,0,0,0,0,-0.126551414624991,-0.109554587772894,0,0,0,0,1.10015662324795,0,0,0,0,0,0,0,0,0,0,0,0,0,0,0,0,0.00504235319494484,0,0,0,0,0,0,0,-1.06600258767801,0,0,0,0,0,0,0,0,0,0.268443827322898,0.795477086694282,0,0,0.0906781477885195,0,0,0,0,0,0,0,0,0,0,-0.578908428448568,0,0,0,0,0,0,0,0,0,0.133700157022579,0,0,0.351391537482017,0,0,0,0,0,0,0,0,0.345745058712179,0,0,0,0,0,0,-0.466466047098527,0,0,0,0,0,0,0,0,0,0,0,0,0,0,0,0,0,0,0,0,0,0,-0.616757694706424,0,0,0,0,0,0.300502810709616,0,0,-31.9824990677614,0,0,0,0,0,0,0,0,0.372682629042606,0,0,0,0,0,0,0,0,0,0,0,0.431314310382967,0,0,0,0,0,0,0,0,0,0.465782540173498,0,0,0,0.992910812713522
0,0.861184581772379,0,0,0,0.631663115431481,0,0,0,0,0,0,0.406490452054406,0,-0.51883649190958,0,0.0706798014265269,0,0.354845740860466,-1.18872228843496,0.0730747511606609,0,0,0,0,-0.204932914471262,0,0,0.863965280872361,0,0,0,0,0,0,0,0,0,0,-0.0410261574118478,-1.38104448577873,0,0,0,0,0,0,0,0,0,0,0,0,-0.194129420497631,0,0.811731643833618,0,0,0.458805563576665,0,0,0,-0.0732100959216246,0,0,0.561131666820459,0,0,0,0,0,0,0,-0.467753679558107,-0.294661174884056,0,0,0,0,0,0,0,0,-0.206740515051847,0.912293444873305,0,0,-0.589890241799358,-5.6418025771419,-0.485937855308408,0,-2.33345364174702,0,1.33109157000235,-0.631024168835219,0,0.470730313060655,-0.199384292110408,0,0.434715994708059,0,-0.0512903926286892,0,0,0,0,0,0,2.22064323770153,0,0,0,0,-0.221224860481219,0,0,0,0,-0.263191456629785,0.196446746476952,-1.11756759092191,0,0,0,0,0,0,-0.870186190124306,0.285874489051728,0,0,0,0,0,0,-1.89591753449962,3.76439046152882,0.348686113700968,0,-0.951124615046972,-2.58471682157222,0,0,0,0,0,0,0,0,0,-1.9798182512448,0,0,0,0,0.0310829132860186,0,0,0,0,-0.888564878017732,1.0403951727688,0.0635181477244093,0,-8.48675617766528,0,0.205340378858422,0,0,0,1.19927890698769,0,0,-0.0897579936013375,0.849922969463036,0.0744373334444568,0,0,0,0,0,0,0,0,-0.918819649629606,-0.565291125860602,0,0,0,0,-1.41806373292571,0,0,0,0,0,0,0,0,0
0,0,0.199766731545672,0,0,0,0,0,-0.345028018194725,0,0,0,0,0,0,0,0,0,0,0,0,0,0,0,0,0,0.369841983825076,0,0,0.113789361554309,0,0,0,0,0,0,0,0,0,0,0,0,0,0,0,0,0,0,0,0,0,0,0,0,0,0.241759327875146,0,0,0,0.179297585750138,0,0,0,0,0,0,-0.0149751613750868,0,0,0,0,0,0,0,0,0,0,0,1.48144157790046,0,0,0,0,0,-0.356881340373431,0,0,0,0,0,0,-0.230816567082343,0,0,0,0,0,-0.495691004258357,0,0,0,0,0,0,0,0,0,0,0,0,0,0,0.135360717950889,0,0,0,0,0,0,0,0,0,0,0,0,0,-0.488704161028412,0.341274231045783,0,0,0,-1.4941876743213,0,0,0,0,0,0,0,0,0,0,0,0,0,0,0,0,0,0,0,0,0,0,-0.57596787324198,0,0,0,0,0,0,0,0,0,0,0,0,0,0,-4.37351922011941,0,0,0,0,0,0,0,0,-0.278457106116495,0,0,0,0,0.325023712593982,0.292708363723805,0,0,0,0,0,0,0,-2.75335821238907,0,0,0,0,0,0,0
0,0,0,0,0,0,0,0,0,0,0,0,0,0,0,0,0,0,0,0,0,0,0,0,0,0,0,0,0,0,0,0,0,0,0,0,0,0,0,0,0,0,0,0,0,0,0,0,0,0,0,0,0,0,0,0,0,0,0,0,0,0,0,0,0,0,0,0,0,0,0,0,0,0,0,0,0,0,0,0,0,0,0,0,0,0,0,0,0,0,0,0,0,0,0,0,0,0,0,0,0,0,0,0,0,0,0,0,0,0,0,0,0,0,0,0,0,0,0,0,0,0,0,0,0,0,0,0,0,0,0,0,0,0,0,0,0,0,0,0,0,0,0,0,0,0,0,0,0,0,0,0,0,0,0,0,0,0,0,0,0,0,0,0,0,0,0,0,0,0,0,0,0,0,0,0,0,0,0,0,0,0,0,0,0,0,0,0,0,0,0,0,0,0,0,0,0,0,0,0
-0.0924582460509282,0,0,0,0,0,0,0,0,0,0,0,0,0,0,0,0,0,0,0,0,0,0,0,-0.00779424897168957,0,0,0,0,0,0,0,0.152991404754411,0,0,0,0,0,0,0,0,0,0,0,0,0,0,0,0,0,0,0,0,-0.160540143495389,0,0,0,-1.94481653737042,0,0,-0.316311024928963,0,0,0,0,0,0,0,0,0,0,0,0.449118946764061,0.077385117528151,0,0.155168261026821,0,0,0.155180258345554,0,0,0,-1.00039066647082,0,0,0,-1.43754035658227,0,0.0371610084870078,0,0,0,0,0,0,0,0,0,0,0,0,0,0,0,0,0,0,0,0,0,0,0,0.571150133606833,0,0,0,0,0,0,0,-0.104052322625162,0,0,0,0,-2.58943440999852,0,0,0,0,0,0,0,0,0,0,0,0,0.631119766151621,0,-0.445362093617325,1.57038951051076,0,0,0,0,0,0,0,0,0,0,0,-0.606776620549585,0,0,0,0,0,0,0,0,0,0.494492370770416,0,-1.00030362547248,0,0,0,0,0,-0.00851813428881232,0,0,0,0,0,0,0,0,0,1.86010089523649,0,0,0.205224848028557,0,0,0,0,0,0,0,0,0,0.770893509612921,0,0,0,0,0
0,0,0.0733975937277933,0,0,0,0,0,0,0,0,0,0,0,0,0,0,0,0,0,0,0,0,0,0,0,1.52783431557169,0,0,-0.0756292381813675,0,0,0,0,0,0,0,0,0,0,0,0.36179997739589,0,0,0,0,0,0,0,0,0,0,0,-0.796560744776591,0,0.432004490657353,0,0,0,0,-0.271033119789053,0,0,0,0,0,0,0,0,0,0,0,0,0,0,0,0,0,0,0,0,0,0,0,0,0,0,0,0,0,0,-0.0304601274843899,0,0,0,0,0,0,0,0,0,0,0,0.328674911288976,0,0,0,0,0,0,0,0,0,0,0,0,0,0,0,0,0,0,0,0,0,0,0,0,0,0,0,0,0,0,0,0,0,0,0,0,-0.436583843140609,0,0,0.231761630698923,0,0,0,0,0,0,0,0,-0.256898854865985,0,0,0,0,0,0,0,0,0,0,0,0,0,0,0,0,0,0,0,0,0,0,0,0,0,0,0,0,0,0,0,0,0,0,-0.348969194720571,0,0,0,0,0,0,0,0,0,0,0,0
0,0,0,0,-0.763307211716395,0,-1.83328222090687,0,0,0,0,0,0,0,0,0,0,0,0,0,0,0,0.162869889709973,0,0,0,0,0,0,0,0,0,0,0,0,0,0,0,0,0,0,0,0,0,0,0,0,0.232876964606566,0,0,0,0,0,-0.0742776157782759,0,0,0,0,0,0,0,0,-0.245645258412201,0,0,0,0,0,0,0,0,0,0,0,0,0,0,0,0,0,0,0,0,-0.840153880850541,0,0,0,0,0,0.309457563381865,0,0,0,0,0,0,0,0,-0.241235757302052,0,0,0,0,0,0,0.400696556499578,0,0,0,0,0,-0.206371831955739,0,0,0,0,0,0,0,0.510983790412938,0,0,0,0,0,0,0,0,-0.305443010795672,0,0,0,0,0,0,0.170972828833927,-0.639016019167953,0,0,0,-0.155829830385788,0,0,0,0,0,0,-1.11241388571958,0,0,0,0,0,0,0,0,0,0,0,0,-1.9092191824118,0,0,0,0,0,0,0,1.2913453280477,0,0,0,0,0,0,0,0,0,0,0,0,0,0,0,0,0,0,0,0,0,0.3706589071789,0,0,0,0,0,0,0,0,0
0,0,0,0,0,0,0,0.133820160062335,-0.295779430428861,0,0,0,0,0,0,0,0,0,0,0,0,0,0,0,0,0,0,0,0,0,0,0,0,0,0,0,0,0,0,0,0,0,0,0,0,0,0,0,0,-1.89572992871154,0,0,0,0,0,0,0,0,0,0,0,0,0,0,0,0,0,0,0,0,0,0,0,0,0,0,0,0,0.938380357126912,0,1.17147715525657,0,0,0,0,0,-0.425590562357621,0,0,0.469306920339532,0,0,0,0,0,0,0,0,0,0,-0.321075403811127,0,0,0,0,0,0,0,0,0,0,0,0,0,0.143075631080934,0.93851520780735,0,0,0,0,0,0,0,0,0,1.10525775134115,0,0,0,0,0.0182285341398423,0,0,0,0,0,0,0,0,0,-0.734204515216507,0,0,0,0,0,0,0,0,0,0,0,0,0,0,0,0,0,0,0,0,0,0,0.236478391132612,0,0,0,0,0,0.341082639711884,0,0,0,0,0,0,0,0,-0.333268387876956,0,0,0,0,0,0,0,0.712589910045366,0,0,0,0,0,0,0,0.132777951234491,0,0,0,0,-0.141158182810944
0,-0.281195852185944,-2.35001030363802,0,1.63144306196904,0,0,0,0,-0.834690364527623,0,0,-0.651879314526801,0,-1.09595232125705,0,0,0,0,0,1.5937379524074,0,0,0,0,0,0,1.05857578672844,0,0,0,0,0,1.59156583934394,0,0,0.378009301570413,0,0,0,0.352367058979833,0,0,0,0,0,0,0,0,-6.6229568182975,0,0,0,0,0,0,0,0,0,-0.64609177443826,0,-0.422811932767679,-0.147881363676751,0.759602617137193,0,0,0,0,0,0,0,-0.309932821347644,0,0,0,-0.413302476965585,0,0,1.09384792761906,0,0,0,0,0,0,0,0,0,0,0.0421845767199927,0,4.12155385917499,0,0,-0.340013482435032,0.180370566192491,0,0,2.75187469859555,-0.0480055192093929,-0.315210712673808,0,0,0,0,0,0,0,0,0.118369201032567,-6.49845908202573,0,-6.07009519269594,0,0,0,0,-0.0102475549607182,0,1.98301661708607,0,0,0,0,0,0,0,0,0,0,0,0,0,0,2.30816507604514,0,-0.645035540734628,0,-0.422015391415859,-1.20722603705612,-0.631913673802966,0,0,0,0,0,0,0,0,0,-1.31481983218205,0,0,-0.124656389367134,0,0,0,-2.14274823697402,0,0,0,0,0,0,0,0,0,0,0,1.40883812522238,0.402518597988245,0,-0.771237000456547,-1.12454566633624,0,0,0,0,0,0,0,0.638680078039038,-0.213742312426886,2.24323369271992,2.29435502319263,0,0,-0.180389166423044,0,0,0,0,0,0.42264026358961,0,-0.0163163881901538,0,0,0,0
0,0,0,0,0,0.128444300663169,0,0,0,0,0,0,0,0,0.540617003593695,0,0,0,0,0,0,0,0,0,0,0,-0.0187421212352481,0,0,0,0,0,0,0,0,0,0,0,0,0,0,0,0,0,0,0.474878481208878,0,0,0,0,0,0,0,0,0,0,-0.273573209502841,0,-0.458319303093083,-0.366071741398617,0,0,0,0,0,0,0,0,0,0,-0.92379654979167,0,0,1.17756241644402,-0.22519643408559,0,0,0,0,0,0,0,0,0,0,0.0613669736203537,0,0,0,-0.523679656294657,0.848146067529137,0,0,0,0,0,-0.376756581862643,0,0,0,0.0135452533121359,-1.61801643222868,-0.912811763235303,0,0.739655552000467,0,0,0,-0.599355426342205,0,0,0,-13.8634746876541,0,0,0,0,0,0,0,0,0,0,0,0,26.4970503727596,0,0,0,0,0,1.14611245780326,0,0,0,0,0,0,0,0,0,0,0,0,0.3264495982991,0,0,0,0.955751729413047,0,0,0,0,0,0,0,0,3.39841168638455,0,0,0,0,0,0,0,-0.0672096397947879,0,0,0,1.48248009404505,1.25371302419543,0.122266279449138,0,0,0,0,0,0,0,0,-0.721168423510461,0,-0.639591982850997,0,0,0,0,0,-0.164137308989002,0,0,0,-0.628720307062571,0,0,0,0,0,0,0
0,0,0,0,0.0460896950035117,0,0,0,0,0.118138832982977,0,0,0,0,0,0,0,0,0,0,0,0,0,0,0,0,0,0,0,0,0,0,0,0,0,-0.542618260496045,0,0,0,0,0,0,0,-0.120198910336466,0,0,0,0,0,0,0,0,0,0,0,0,0,0.575288625727134,0,0,0,0,0,0,0,0.934270160892184,0,0,0,0,0,0,0,0,0,0,0,0,0.497519428328298,0,0,0,0.409241318987076,0,0.419631154135382,0,0,0,0,0,0,0,0,0,0,0,0,0.0559460423231015,0,0,0,0,0,0,0,0,0,0,0,0,0,0,0,0,0.520269439428911,0,0,0.0160786419165155,0,0,0,0,0,0,0,0,-0.321417512010581,0,0,0,0,0,0,0,0,0,0.0852395728630764,0,0,0,0,0,0,0,0,0.0906351066016402,0,0,0,0,0,0,0,0,0,0,0,0,0,0,0,0,0,0,0,0,0.127048844181144,0,0,0,0,0,0,0,0,0,0,0,0,0,0,0,0,0,0,0,0,-0.263291744259994,0,0,0,0,0,0,0,0,0,0,0,0
0,0,0,0,0,0,0,0,0,0,0,0,0,0,0,0,0,0,0,0,0,0,0,0,0,0,0,0,0,0,0,0,0,0,0,0,0.783199289591568,0,0,0,0,0,0,0,0,0,0,0,0,0,0,0,0,0,0.0380192273458986,0,0,0,0,0,0,0,0,0,0,0,0,0,0,0,0,0,0,0,0,0,0,0,0,0,0,0,0,0,0,0,-6.65532418323582,0,0,0,0,0,0,0,0,0,0,0,0,0,0,0,0,0,0,0.0074955071982663,0,0,0,0,0,0,0,0,0,0,0,0,0,0,0,0,0,0,0,0,0,0,0,0,0,0,0,0,0,0,0.363960137250408,0,0,0,0,0,0,0,0,0,0,0,0,0,0,0,0,0,0,0,0,0,0,0,0,0,0,0,0,0,0.276146640370059,0,0,0,0,0,0,0,0,0,0,0,0,0,0,0,0,0,0,0,0,0,0,0,0,0,0,0,0,0,0,0,0,0
0,0,0,0,0,0,0,0,-0.0123278873193104,0,0,0,-0.242702565838701,0,0,0,0,0,0,0,0,0,0,0,0,0,0,0,0,0,0,0,0,-0.111234924063808,0,0,0,0,0,0,0,0,0,0,0,0.305954920175309,0,0,0,0,0,0,0,0,0.191867991383204,0,0,0,0,0,0,0,0,0,0,-0.613245259886911,0,0,0,0,0,0,0,0,0,0,0,0,0,0,2.72745555935392,0,0,0,0,0,-7.50138093656465,0,0,0,0,0,0,0,0,0,0,0,0,0,0,0,0,0,0,0,0,0,0,0,0,0.167633047404572,0,0,0,0,0,0,0,0,0,0,0.121536778760331,0,0,0,1.23055536017888,0,0,0,0,0,0,0,0,0,0.203784137434903,0,0,0,0,0,0,0,0,0,0,-0.0814023246010582,0,0,0,0,0,0,0,0,0,0,0,0,0,0,0,0.611086194305326,0,0,0.396647698197114,0,-0.169491764827668,0,0,0,0,0,0,0,0,0,0,0,0,0,0,0,0,0,0,0,0,0,0,0,0,0,0,0,0,0,0,0
0,0,0,0,0,0,0,0,0,0,0,0,0,0,0,0,0,0,0,0,0,0,0,0,0,0.365147402010001,0,0,0,0,0,0,0,0,0,0,0,0,0,0,0,0,0,0,0,0,0,0,0,0,0,0,0,0,0,0,0,0,0,0,0,0,0,0,0,0,0,0,0,0,0,0,0,0,0,0,0,0,0.350147139612218,0,1.05311649217357,0,0.968077112572871,0,0,0.361773138085234,-1.51044558066025,0,0,0,0,0,0,0,0,0,0,0,0,0,0,-0.12819699105377,0,0,0,0,0,0,0,0,0,0,0,-0.172916439200077,0,0,0,0,0,0,0,0,0,0,0,0,0,0,0,-0.134789735083116,0,-0.0589905979611407,0,0,0,0,0,0,0,0,0,0,0,0,0,0,0,0,0,0,0,0,0,0,0,0,0,0,0,0,0,0,0,0,0,0,0.712244673898341,0,0,0,0,0,0,0,0,0,0,0,0,0,0,0,0,0,0,0,0,-0.251026911923625,0,0,0,0,0.0234630864880148,0,0,0,0,0,0,0
0,0,0,0,0,0,0,0,0,-0.124406890718728,0,0,0,0,0,0,0,0,0,0,-0.0192864251127636,0,0,0,-0.328942612211632,0,0,-1.90270833510951,0,0,0,0,0,0,0,0,0,-0.542087685643042,0,0,0,0,0,0,0,0,0,0,0,0,0,0,0,0,0,0,0,0,0,0,0,0,0,0,0,0,0,0,0,0,0,0,0,0,0,-0.276286813233311,0,0,0,0,0,0,0,0,0,0,0,0,0,0,0,0,0,0,0,0,0,0,0,0,0,0,0,0,0,0,0,0,0,0,0,0,0,0,0,0,0,0,0,0,0,0,0,0,0,0,0,0,0,0,0,0,0,0,0,0,0,0,0,0,0,0,0,0,0,0,-8.03970653802696,0,0,0,-0.583647369100377,0,0,0,0,3.63730653034325,0,0,0,0,0,0,0,0,0,0,0,0,0,0,0,0,0,0,0,0,0,0,0.0973094769134639,0,0,0,0,0,0,0,0,0,0,0,0,0,0,0,0,0,0,0,0,0
0,0,0,0,0,0,0,0,0,0,0,0,0,0,0,0,0,0,0,0,0,0,0,0,0.551554951528823,0,0,0,0,0,0,0,0,0,0,0,0,0,0,0,0,0,0,0,0,0,0,0,0,0,0,0,0,0,0,0,0,-0.0928471477971344,0,0.0766206115596157,0,0,0,0,0,0,0,0,0,0,0,0,0,0,0,0,0,0,0,0,0,0,-0.171825950946047,0,0,0,0,0,0,0,0,0,0,0,0,0,0,0,0,0,0,0,0,0,0,0,0,0,0,0,0,0,0,0,0,0,0,0,0,0,0,0,0,0,0,0,0,0,0,0,0,0,0,0,0,0,0,0,0,0,0,0,0,0,0,0,-6.84305949408265,0,0,0,0,0,0,0,0,4.80060368857958,0,0,0,0,0,0,0,0,0,0,0,0,0,0,0,0,0,-0.724755514391881,0,0,0,0,0,0,0,0,0,0,0,0,0,0,0,0,0,0,0,0,0,0,0,0,0,0
0,0,0,0,0,0,0,0,0,0,0.12065577464607,0,0,0,0,0,0,0,0,0,0,0,0,0,0.620354081903065,0,0,0,0,0,0,0,0,0,0,0,0,1.79816238762823,0,0,0,0,0,0,0,0,0,0,0,0,0,0,0,0,0,0,0,0,0,0.913839887173885,0,0,0,0,-0.196859089349044,0,0,0,0,0,0,0,0,0,0,0,0,0,0,0,0,0,-0.714081475897857,0,0,0,0,0,0,0,0,0,0,0,0,0,0,0,0,0,0,0,0,0,0,0,0,0,0,0,0,0,0,0,0,0,0,0,0,0,0,0,0,0,0,0,0,0,0,0,0,0,0,0,0,0,0,0,0,0,0,0,0,0,0,0,-9.92398643215674,0,0,0,0,0,0,0,0,4.98639427328084,0,0,0,0,0,0,0,0,0,0,0,0,0,0,0,0,0,0,0,0,0,0,-0.0735836270508332,0,0,0,0,0,0,0,0,0,0,0,0,0,0,0,0,0,0,0,0.00521039519413757,0
0,0,0,0,0,0,0,-1.19074566477551,0,0,0,0,0,0,0,0,0,0,0,0,0,0,0,0,0.0938032717423152,0,0,0,-0.746103734107999,0,0,0,0,-0.701660127036968,0,0,0,-0.772097247799866,0,0,0,0,0,0,0,0,-0.41299650860607,0,0,0,0,0,-0.362528096571306,0,0,0,0,-0.0394294774162025,0,0,0,0,0,0,0,0,0,0,0,0,-0.0194768214264265,0,0,0,0,0,0,0,0.193602775637734,0,0,0,0,0,0.928070685829107,0,0,0,0,0,0,0,0,0,0,0,0,0,0,0,0.322002534045303,0,0,0,0,0,0,0.0592525460907896,0,0,0,0,0,0,0.0570473166022889,0.18037338569809,0,0,0,0,0,0.526216308887493,0,0,0,0,0,0,0,0,0,0,0,0,0,0,0,0,0,0,-0.522195597333526,0,0,0,0,0,0,0,0,0,0,0,0,0,-0.0861570755365009,0,0,0,0,0,0,0,0,0,0,0,0,0,0,0,0,0,0,-0.569540034555438,0,0,0,0,0,0,0,0,0,0,0.0336169711748175,0,0,0.0719493466899273,0,0,0,0,0,0,0,0,0,0,0,0
0,0,0,0,0,0,0,0,0,0,0,0,0,0,0,-44.3117376813004,0,0,-0.070557303722258,0,0,0,0,0,0,0,0,0,0,0,0,0,0,0,0,0,0,0,0,0,0,0,0,0,0,0,0,0,0,0,0,0,0,0,0,0,0,0,0,0,0,0,0,0,0,0,0,0,0,0,0,0,0,0,0,0,-0.611101550049516,0,0,0,0,0,0,0,0,0,0,0,0,0,0,0,0,0,0,0,0,0,0,0,0,0,0,0,0,0,0,0,0,0,0,0,0,0,0,0,0,0,0,0,0.0132623255883668,0,0,0,0,0,0,0,0,0,0,0,0,0,0,0,0,0,0,0.0516695193524186,0,0,0,0,0,0,0,0,0,0,0,0,0,0,0,0,0,0,0.626715537528361,0,0,0,0,0,0,0,0,0,0,0,0,0,0,0,0,0,0,0,0,0,0,0,0,0,0,0,0,0,0,0,0,0,0,0,0,0,0,0,0,0
0,0,0,0,0,0,0,0,0,0,0,0,0,0,0,-27.4284327876855,0,0,0,0,0,0,0,0,0,0,0,0,0,0,-0.176602349313309,0,0,0,0,0.119173531438708,-0.0929574707349983,0,0,0,0,0,0,0,0,0,0,0,0,0,0,0,0,0,0,0,0,0,0,0,0,0,0,0,0,0,0,0,0,0,0,0,0,-0.273935568119178,0,0,0,0,0,-0.671664585075243,0,0,0,0,0,0,0,0,0,0,0,0,0,0,0,0,0,0,0,0,0,0,0,0.162868241987364,0,0,0,0,0,0,0,0,0,0,0,0,0,0,0,0,0,0,0,0,0,0,0,0,0,0,0,0,0,0,0,0,0,0,0,0,0,0,0,-5.83631874857549e-05,0,0,0,0,0,0,0,0,0,0,0,0,0,0,0,0,0,0,0,0,0,0,0,-0.538290701406016,0,0,0,0,0,0,0,-0.177201036317691,0,0,0,0,0,0,0,0,0,0,0,0,0,-0.330839763969145,0,0,0,0,0,0,0,0,0,0
0,0,-1.17320679707241,0,0,0,0,-0.305798328600496,0,0,2.28552836192177,0,0,0,0,-21.097639932544,0,0.78899154813099,0,0,0,0,0,0,0,-0.465775604258614,0,0,0,0,0,0,0,0,0,0.131451045245544,-0.491834360266589,0,0,0,0,0,0,0,-0.157609181041871,0,-0.0229649057882975,0,0,0,0,0,0,0,0,0,0,0,0,0,0,0,-0.594108716887434,0,0,0,0,0,0,0,0,0,0,0,0,0,0,0,0,0,-0.223692674644515,0,0,-1.91550313403697,0,0,0,0,-0.329268043925133,0,0,0.195247475286216,0,0,0,0,0,0,0,0,0,-0.218570958915363,0,0,0,0,0,-0.574140426594616,0,0.473627077292887,0,0,0,0.322859628642072,0,0,0,0,0,0.439298081154312,0,0,0,0,0,0,0,0,0,0,0,0,0,0,0,0,0,0,0,0,0,0,0,0,0,0,0,0,0,0,-0.286739031675973,0,0,0,0,1.10493254398314,0,0,0,0,0.362041465533723,0,0.625465607455506,0,0,0,0,-1.29911154542952,-0.354529295372586,0,0,0,0.157820545562855,0,0,0,0,0,0,0,0,0,0,0,0,0,0,0,0.0546030453443931,0,0,0,0.251859491168534,0,0,0,0,-1.30667553981225,0,0
0,0,-2.15500867482309,0,-0.0636184051362303,0,0,0.937607420649532,0,0,0,0,0.128043636849849,0,0,-4.199096104378,1.16341243233157,0,0,0,0,0,0,0,0,0,0,0,0,0,0,0,0,-0.709994537223456,0,0,0,-0.0514599926152863,0,0,0,0,0,0,3.26448631050553,0,0,0,0,0,0,0,0,0,0,0,-2.43124122795255,0,0.512335518359729,0,0,0,0,0,0,0,0,0,0,0,0,0,0,0,0,0,0,0.00824372864294265,0,0.756753233130528,-0.668687100611701,0,0,0,0,0,0,0,0,0,0,0,-0.0952336539046914,-0.122690939950868,-1.56225034003769,0,0,0,0,-0.760700139307887,0.54351655864576,0,0,3.55482970338314,0,0,0,0,-0.289386430357701,0,0,0,0,0,0,1.41497571424229,0,0,0,0,-0.00186840268337307,-0.60468154090222,0,0,0,0.575479509669528,0,0.421944835898266,0,-0.652153889655378,0,-0.671067743210019,0,0,-0.416873789445311,0,0,0,0,-0.574953823129953,0,0,0,0,0,0,0,-0.710419877610061,0,0,0,0,-0.27684409754269,0,0,-0.222078942623507,0,0,0,0,0,0,0.193622137628912,0,0,0.155956832945377,0,0,0,0,-0.308232348707761,0,-0.394536331507392,0,0,0,0,0,0,0,0,0.758572000885118,0,0,0,0,-0.194217132737182,0,0,0,0,0,0,0,0,0,-0.316803411808799,0.0470681266830728,3.87089825170288,0
0,0,0,0,0,0,0,0,0,0.0911339111416576,-2.04889850169388,0,0.0333665241736409,0,0,-2.06815134044594,0,0.727189451937733,0,0,0,0.27318712383925,0,0,0,0,0,0.366325464328349,0,0,0,0,0,0.164253774805268,0,0,0,0.519393963061573,0,0,0.123853358877337,0,0,0,-0.224797790584362,0,0,0,-0.0523649089186078,0,0,0,0,0,0,0,-2.41298494300539,0,-0.0122418998628997,-0.500629633112447,0,0,0,0,0,0,0,0,0,0,-2.35194562845653,0,0,0,0.095227154196214,0,0,0,0,0,0,0,-0.753442448657154,0,0,0,0,0,0,0,-0.621683747141239,0.804912570168409,0,0,0,0,0,0,-0.0181136352943809,-0.096408434741845,0,0,0,1.01689443281492,0,0,0,0,0,0.661985386386499,0,0,0,0,0,0,0,0,0,0,-1.34200724379094,0,0,0,0,0,0.379135524900941,0,0,0,0,0,0,0,0,0,0,0.308217501054247,0,0,0,0.430897682432688,0.195344290827775,0,0,0,0,0,0,-0.0135133923387594,0.264050340091234,0,0,0,0,0,0,0,0,0,0,0,0,0,0,0,0.028764816327141,0,0,0,0,0,0,0,0,0,0,0,0,0,0,0,0,0,0,0,0,0,0,0,0,0,0,0,0,0,0,1.16961583677427,2.90433411646857,2.66849291909647
-0.034361885697805,0,0,0,0,0,0,-0.0924278714739826,0,0.061728160000931,0.995452084469854,0,0,0,0,0,0,0,0,0,0,0,0,0,0,0.177923984850252,0,0,0.00519007897150292,0,0,0,0.349417268664926,3.75613614161873,0,0,0,0,0,0,0,0,0,-2.01286119742118,2.27219582280949,0,0,0,0,0,0,0.245874717463884,0,0,0,0,2.03511916527583,0,0,0,0,0,2.43109953372398,0,0,-0.0293212667882299,0,0,0,0.12325875520924,0.790642444677081,0,0,0,0,0,0,0,0,-0.545890921210709,0,0,0,0.217862091486483,1.15200409155745,-0.363806268565508,0,1.5536445764149,0,0,0,0,0,0,0,0,0,0,0,0.0460435236255026,0.294758957255555,0,0,-1.42221069775243,0,0.115153360526378,0,0,-0.181218214611084,-0.718734463780973,0,0,-0.430888430715652,0,-0.907902202108352,0,0,0,0,0,0,0,0,0,0,-1.18208883920537,0,0,0.516282825244044,0,0,0,0,0,-1.26180790275971,0.0491677705218794,0,0,0,0,0,0,0,0,0,0,0,0,0,0,0,0,0,0,0,0,0,0,0,-0.265134256688429,0,0,-1.10280084169863,0,0,0,0,0,-0.389588562769474,0,-0.748829384042183,0,0,0,0,-0.839440678276101,0,0,0,0,0,0,0,0.0708202954137693,0,-0.865517875458361,0,0,0,0,0,0,0,-0.127866155549752,0,0,0,0,4.6369039040665,0
0,0.00993866285656697,0,0,0,0.147593275006296,0,-0.04179063110563,0,0,6.63931402255553,0,0,0,0,0,0,0,0,0,0,0,-0.598780538053572,0,2.36707413887136,0,0,-2.06949704013632,0,0,0,0,0,0,0,0,0,0,0,0,0,-0.340978215516267,0,0,-0.643021931971898,-0.393557193426669,0,0,0,0,0,0,0,0,0.287394489062692,0,0,0,0,0,0,0,0,0,0,1.51602723607403,0,0.346908828461797,0,0,0.324395314274207,0,0,0,0,0.000550905118700262,0,0,0,0.466674380580371,0,0,0,-2.13672531645039,0,5.26362255497815,-0.288653247314446,0,-0.631601853235906,-1.15754297777105,0,0,0,0,-0.752284741779957,0,0,0,0,-0.417017981927288,0,0,0,0,0,-0.323518214876964,0,0,0,0,0,0,0,0,0,0,0,0,0,0,0,0,0,0,0,0,0,0,0,0,0,0,0,0,-1.68034278071552,0,-0.906247180084953,0,0,0,1.48700501584678,0,0,0,0,0,0,0,-0.269750440424131,0,-2.79411803508407,0,0,0,0.225635884092716,-2.8004648080469,0,0,0,0,0,0,3.39730761341025,0,0,0,0,-1.01719978005345,0,0,-1.28441265077061,0,-0.522794019658936,0,0,0.902492647862242,0,0.647452875810255,-0.847377037680049,0,0,0,0,0,0,-0.331500812361009,0,0,0,0,0,0,-0.284924367972779,0,0,0,0,0,0.212618882483679,0
0,0,1.36505818616509,0,0,-0.839607353131976,0,0,0,0,0,0,0.432245488805833,0,0,0,0.000413695473536757,0,0,0,0,0,-0.0344190469552708,-1.65137404672584,0,0,0,0,0,0,-0.278575515660155,0,0,1.18219616094028,0,0,0,0,0,0,0,0,0,0,0,0,0,0,0,0.234268900364795,0,0,0,0,0.0270980321980054,0.746103842674126,0,1.63301203772552,0,0.00227330574025419,0,0,0,0.528576758150167,0,0,0,0,0,0,0,0,0,0,-0.0248257594312093,0,0,0,0,0,0,0,0,0,0,0,0,0,0,0,0,0,0,0,0,0,0,0,0,-1.16016429034846,0,0,0,0,0,0,0,0,0,0,0,0,0,0.25767572872553,0,0,0,0,0,0,0,0.367990465376276,0,0,0,0,-0.418516610827541,0,0,0,0,0,0,0,0,0.281752291137781,0,0,0,0,0,0,0,0.383392974472039,0,0,0,0,0,0,0,0,0,0,0,0,0,0,0,0,-2.62634047911144,0,0.493297928722441,0,0,-0.0042387024911652,0,0,-0.257709264423214,0,0,0,0,0,0,0,0,0,0,0,0,0,0,0,0,0,0,0,0,0,0,0,0,0,0,0,0,0,0,0
0,0,0,0,0,-0.782674310298119,0,0,0,0,0,0,0,0,0,0,0,0,0,0,0,0,0,0,0.360344942296698,0,0,0,0,0,0,0,0,0,0,0.637744559007029,0,0,0,0,0,0,0,0,0,-0.460690938022561,0,0,0,0,0,0,0,0,0,0,0,0,0,0,0,0,0,0,0,0,0,0,0,0,0,0,0,0,0,0,0,0,0,0,0,0,0,0,0,0,0,0,0,0,0,0,0,0,0,0,0,-0.0652114830835131,0,0,0.442559480102847,0,0,0,0,0,0,0,0,0,0,-0.62819859782787,0,0,0,0,0,0,0,0,-0.0492234622034506,0,0,0,0,0,0,0,0,0,0,0,0,0,0,0,0,0,0,0,0,0,0,0,0,0,0,0,0,0,0,0,-0.332615464108891,0,0.156095111842621,-0.343597271424081,0,0,0,0,-0.00284956130408953,0,0,0,0,0,0,0,0,0,0,0,0,0,0,0,0,0,0,0,0,0,0,0,0,-0.0702762346469474,0,-0.351015432509757,0,0,0,0,0,0,0,0,0,0,0,0
0,0,0,0,0,-1.88567767809215,0,0,0,-0.634740892317126,0,0,0,0,0,0,0,0,0,0,-0.226581016862402,0,0,0,0.76508599930237,0,0,0,0,0,0,0,0,0,0,0,-0.341819211483979,0,0,0,0,0,0,0,0,-0.267363997595905,0,0,0,0,0,0,0,0,0,0,0,0,0,0,0,0,0,0,0,0,0,0,0,0,0,0,0,0,0,0,0,0,1.60665202402806,0,1.28026637600379,0,0,-0.127693824254115,0,0,0.332105852856337,0,0,0.619760737983434,0,0,0,0,0,0,0,-0.067722621879333,0,0,0,-0.295705264267401,0,0,0,0,0,0,0,0,0,0.258571519903649,0,-0.0420377409150861,0.193556692180122,0,0.172612263582099,0,0,0,0,0,0,0,0,0,5.71440993062182,0,0,0,-0.0236004409432948,-0.00893659047557893,0,0,0,0.236607405192527,0,0,0,0,-0.0440494010166086,0,0,0,0,0,0,0,0,0,-0.467849306914154,0,0,0,0,0,0,0,0,0,0,0,0,0,0,0,0,0,0,-1.35610029851036,0,0,0,0,0,-0.281015076209786,0,0,0,0,0,0,0,0,0,0,0,-1.01730101021223,0,0,0,0,0,0.224122493372957,0,0,0,0,0,0
0,0,0,0,0,0,0,0,0,0,0,0,0,0,0,0,0,0,0,0,0,0,0,0,0,0,0,0,0,0,0,0,0,0,0,0,0,0,0,0,0,0,0,0,0,0,0,0,0,0,0,0,0,0,0,0,0,0,0,0,0,0,0,0,0,0,0,0,0,0,0,0,0,0,0,0,0,0.0836242785337935,0,0,2.04028773455945,0,0,0,-0.143904886242963,0,0,0,0,0,0,0,0,0,0,0,0,0,0,0,0,0,0,0,-0.198913903151809,0,0,0,0,0,0,0,0,-0.406253249759702,0,0,0,0,0,0,0,0,0,0,0,0,-0.458712727800642,0,0,-0.463611534999475,0,0,0,0,0,0,0,0,0,0,0,0,0,0,0,0,0,0,0,0,0,0,0,0,0,0,0,0,0,0,0,0,0,0,0,0,0,0,0,0,0,0,0,0,0,0,0,0,0,0,0,0.119399229960288,0,0,0,0,0,0,0,0,0,0,0,0,0,0,0,0,0,0
0,0,0,0,0,0,0,0,0,0,0,0,0,0,0,0,0,0,0,0,0,0,0,0,0,0,0,0,0,0,0,0,0,0,0,0,0,0.309953823000781,0,0,0,0,0,0,0,0,0,0,0,0,0,0,0,0,0,0,0,0,0,0,0,0,0,0,0,0,0,0,0,0,0,0,0,0,0,0,0,0.1556551377349,0,0,0,0,0,0,0,0,0,0,0,0,0,0,0,0,0,0,0,0,0,0,0,0,0,0,0,0,0,0,0,0,0,0,0,0,0,0,0,0,0,0,0,0,0,0,0,0,0,-0.0777728224158956,0,0,0,0,-0.278688105630667,0,0,0,0,0,0,0,0,0,0,0,0,0,0,0,0,0,0,0,0,0,0,0,0,0,0,0,0,0,0,0,0,0,0,0,0,0,0,0,0,0,0,0,0,0,0,0,0,0,0,0,0,0,0,0,0,0,0,0,0,0,0,0,0,0,0,0
0,0,0,0,-1.70601755646799,-0.00965556677740587,0,0,0,-0.22667582129032,0,0,0,0,0,0,0,0,-8.90913634041282,0,-0.815610648710316,0,0,0,0,0,0,0.832938018741653,0,0,0,0,0,0,0,0,0,0,0,0,0,0,0,0,0,0,0,0,0,0,0,0.633598326884152,0,0,0,0,0,0,0,0,0,0.704203692759947,0,1.26900798227173,-0.479837939067405,-6.04199110981682,0,0,0,0,-1.13083395061533,0.996103819044828,0,0,-0.293960689291874,0,0,0,0,0,0,0,0.267026722467988,0,0,-0.0876975034843579,0,0.183540034968727,0,0,0,-1.03197644289103,0.706323922817158,0.978532549351347,0,0,0,0,0,0,0,0,0,0,0,0,0,0,0,0,-10.4822765800159,-0.633032740529587,0,0.345138236334277,0,0,0,0,0,0,0,0,0,0,0,0,0,0,0,0,0,0.461518181252591,0.154237673034967,0,-2.48609536625964,-0.636586649666654,0,0,0,0,0,0,0,0,0,0,0,0,0,0,1.52202752674034,0,0,-0.357599704713738,0,0,0,0,0,0.274767188897975,-4.457757134202,0,0,0,0,0.192683918688681,0,-0.873018689920577,0,0,0,0,0.0448935190590003,0,-0.746553498247573,0,0,1.03191263581358,0,0,0,0,0,0,0,0,0,0.955549581554006,0,0.713539151510842,0,0,0,0,-0.124948569985908,0,0,0.30069228426743,0,0
0,0,-0.535228063571969,0,-1.11915575261312,-1.11082062111612,0,-0.0996714656977447,0,0,0,0,0,-0.471510454776489,0,0,0,-0.153355227065462,-10.0223559949829,0,-0.382716858025357,0,0,0,0,0,0,0,0,0,0,0,0.0703661876359805,0,0,0,0,0,0,0,0,0,0,0,0,0,0,0,0,0,0,0.381166624927687,0,0,-0.137700557894731,-0.107557564053896,0,0,0,-0.148813874128379,0,0,0,0,0,-4.57782190624212,0,0,0,0,-1.05052795672168,1.05548442852136,0,0,0,0,0,0,0,0,1.66728414011723,0,0,0,0,0,0,0,-0.76885676183155,0,0,-0.78537370999969,0.255053784593751,0,0,0,0,0,0,0,0,0,0,0,0,0,0,0,0.384638997616303,0,-11.4208100607112,-0.547326597791427,0,0,0,0.797435812276746,0,0,0,0,0,-0.824450026057276,0,0,0,0,0,0,0,-0.0972906421797768,0,0,0.691418934954094,0,1.83674692853979,-0.158169845817701,0,0,0,0,0,0,0,0,0,0,0,0,-0.432079809130118,0,0,0,0.358847097749608,0,0,0,0,0,0,0,-4.3713035618022,0,0,0,0,0,0,0,0,0,0,0,0,0,0,0,0,0,0,0,0.134801818372234,0,0,0,0,0,0,0.462532030471927,0,0.106163217666631,0,0,0,-0.112960732746116,-0.146502498185737,0.282887872424005,0,0,0,0
0,0,0,0,0,0,0.0388581496461382,0,0,0,0,0,0,0,-0.0988898235180273,0,0,2.21330829171326,-0.784919857919833,1.71451097556765,0,0.0238654790134214,0,0,0,0,0,0,0,0,0,0,0.772981299860105,0,0,0.377047523922906,0,0,0,0,0,-0.0695557805028757,0,0,0,0,-0.363782756889394,0,0,0,0,0,0,0,0,0,0,-0.245383808980234,0.357899848143163,0,0,0,0,1.11138209528278,0,0.0881787649319972,0.616306586544904,0,0,0,0,0,0,0,0,-1.00026629862346,0.0914584023490401,0.292408579193026,0,-0.0164375637893439,0,0,-0.738610255294373,0,3.01537439077228,0,0,0,0,0,0,0,0,0,0,0,0,0,0,-0.927457555570635,0,0,0,0,0,-1.1067923845933,0,0,-0.557883569435695,0,0,-0.745144474372551,0,0,0,0.462371995942082,0.0985467558151185,-3.98912496951488,0,0,0,0,0,0,0,0,0.258169714960296,0,0,0,0,0,0,0,0,0.592943626287494,0,0,0,0,4.0289098535855,0,0,-0.516971660458431,0,0,0,0,-0.353341014952705,0,0,0,0,0,0,0,0,0,0,0.0978239181631406,0,0.560384504027732,0,0,0,-0.260978755300122,-0.895902897000774,0,0,0,0,0,0,0,0,0,-0.130748664044379,0,0,0,0,0,0,0,0.148838530972824,0,0,0,0,0,0,0,0,0.872828777268426,0,0,0,0,0,0
0,0,0,0,0,-0.152439803911208,0.0525634457832707,0,0,0,0.00093804648303708,0,0,0,0,0,0,0,0,0,0,0,0,0,0,0,0,0,0,0,0,0,0,0,0,0,0,0,0,0,0,-0.11308073074615,0,0,0,0,0,0,0,0,0,0,0,0,0,0,0,0,0,0,0,0,0,-1.00801313482514,0,0,0,0,0,0,0,0,0,0,0,0,0,0.037567610651259,0,0,0,0,0,0,0,0,0,0,0,0,0,0,0,0,0,0,0,0,0,0,0,0,0,0,0,0,0,0,-0.196630641372827,0,0,0,0,0,0,0,0,0,0,0,0,0,0,0,0,0,0,0,0,0,-1.08137333940803,0,0,0,0,0,0.212830103002068,0,0,0,0,0,0,0,0,0,0,0,0,0,0,0,0,0,0,0.821081246634798,0,0,0,0,0,0,0,0,0,0,0.770890730711043,0,0,0,0,0,0,0,0,0,0,0,0,0,0,0.211742367506863,0,0,0,0,0,0,0,0,0,0,0,0,0,0,0,0,0,0
0,0,0,0,0,0,0.265402736221311,0,0,0,0,0,0,0,0,0,0,0,0,0,0,0,0,0,0,0,0,0,0,0,0,0,0,0,0,0,0,0,0,0,0,0,0,0,0,0,0,0,0,0,0,0,0,0,0,0,0,0,0,0,0,0,0,0,0,0,0,0,0,0,0,0,0,0,0,0,0,0,0.0217540944692043,0,0,0,-0.330688096218037,0,0,0,0,0,0,0,0,0,0,0,0,0,0,0,0,0,0,0,0,0,0,0,0,0,0,0,0,0,0,0,0,0,0,0,0,0,0,0,0,0,0,0,0,0,0,0,-0.126216159332407,0,0,0,0,0,0,0,0,0,-0.0334746928827052,0,0,0,0,0,0,0,0,0,0,0,0,0,0,0,0,0,0,0,0,0,0,0,0,0,0,0,0,0,0,0,0,0,0,0,0,0,0,0,0,0,0,0,0,0,0,0,0,0,0,0,0,0,0,0,0,0,0,0
0,0,0,0,0,0,0,0,0.0117101083408726,0,0,0,0,0,0,0,0,-0.0870688243124353,0,0,0,0,0,0,0,0,0,0,0,0,0,0,0,0.350879137346456,0,0,0,0.518148215974027,0,0.500417638300439,0,0,0,0,0,0,0,0,0,0,0,0.31053860494412,0,-0.813684443099712,0,0,-0.760971366939644,0.220402490691469,0,0,0,0,0,0,0,0,0,0,0,0,0,0,0,0,0,0,0,0,-0.266309031387553,0,0,0,-0.375844518527715,0.823923589903082,0,1.43175175256007,0,0,0,1.26936572675162,0,0,0,0,0,0,0,0.459394172341096,0,0,0,0,0,-0.431330507879822,0,0.288301853992603,0,0,0,0,0,0,0,0,0,0,0,0,0,0,0.322220661742344,0,0.100113983854538,0,0,0,0,0,0,0,-0.221258466790076,0,-1.08210825108475,0,0,0,0.321901118435309,0,0,0,-0.27906276453191,0,0,0,0,0,0,0,0,0,0,0,0,0,0,-0.357392043320404,0,0,0,-0.405394160547833,0.247575598801057,0,0,0,0,0,0.424360167810245,0,0,0,0,0,0,0.104791766099881,-0.546515841276518,0,0,0,0,0,0,0,0,0.24281218593966,0,0,0,0,0,0,0,0,-0.0668905465367149,0,0,-0.139469115782629,0,0,0,-0.769973667460153
0,0,0,0,0,0,0,0,0,0,0,0,0,0,0,0,0,0.386568205606773,0,0,-0.144806236002767,0,0,0,0,0,0,1.30604553266382,0,0,-3.56474693219989,0,0,0,0,-0.380667091271165,0,0,0,0,0,-0.177566567408709,0,0,0,2.93058575441162,0,0,0,0,0,0,0,0,0,0,0,0,0,0,0,-0.260235592577106,0,0,0,0,0,0,0.380669628979464,0,0,0,0,16.7086895365424,0,0,0,0,0,0,0,0,0,-1.28577905424946,0,1.4324754336298,0,0,0,0,0,0,0,0,-3.13660986643353,0,0,-1.12695846672792,0,0,0,0,0,0,0,0,0,0,-0.039398850918873,0,0,-0.442965871129338,0,-0.0592080538766533,-0.762359452875733,0,0.612855658111396,0,0,0,0.222908135285345,0,0,0,0,0,0,-0.0268222198853565,0,0,0,0,-0.0739392711841982,0,0,0,0,0,0,0,0,0,0,0,0,0,0,0,0,0,0,0,0,0,-0.215626459855852,0,0,0,-0.656365407352216,0,-0.353185037696023,0,-0.000145860414265231,0,0,0,0,0,-0.690840262327447,0,-0.329261977589995,0,0,0.605003899998547,0,0,0,0,0,-1.11852163150743,0,0,0,0,0,0,0,0,0,0,0,0,0,0,0,0,0,0,0,1.80141569553563
0,0,0,0,0,0,0,0,0,-0.310093826294078,0,0,0,0,0,0,0,0,0,0,0,0,0,0,0,0,0,0,0,0,-0.572337427794706,0,0,0,0,-0.493029551465845,0,0,0,0,0,0,0,0,0,0,0,0,0,0,0,0,0,0,0,0,0,0,0,0,0,0,0,0,0,0,0,0,0,0,0,0,0,17.8096532320123,0,0,0,0,0.448161452721032,0,0,0,0,0,0,1.18226113583656,0,0,0,-0.0681863848753674,0,0,0.0613485193368393,0,-2.20809717581648,0,0,-0.40817034195063,0,0,-0.0462003750493902,0,0,0,0,0,0,-0.0870026539540765,-0.0868488620949801,0,0,0,0,0,-0.132383140182266,0,0,0,0,-0.127960259926841,0,0,0,0,0,0,0,0,0,0,0,0,0,0,0,0,0,0,0,0,0,0,0,0,0,0,0,-0.556852919551475,0,0,0,0,0,0,0,0,0,0,-0.702910018330864,0,0,0,0,0,0,0,0,0,0,0,0,0,0,0,0,0,0,0,0,-0.636292061663294,0,0,0,0,0,0,0,0.42478640510797,0,0,0,0,0,0,0,0,0,0,0,0.948323720534095
0,0,0,0,0,0,0,0,0,-0.0298644862075383,0,0,0,0,0,0,0,0,0,0,0,0,0,0,0,0,0,0,0,0,0,0,0,0,0,0,0,0,0,0,0,0,0,0,0,0,0,0,0,0,0,0,0,0,0,0,0,0,0,0,0,0,0,0,0,0,0,0,0,0,0,0,0,18.1026925492986,0,0,0,0,0,0,-0.232416423652194,0,0,0,0,0,0,0,0,0,0,0,0,0,-0.813618427904562,0,0,0,0,0,0,0,0,0,0,0,0,0,0,0,0,0,0,0,0,0,0,0,0,0,0,0,0,0,0,0,0,0,0,0,0,0,0,0,0,0,0,0,0,0,0,0,0,0,0,0,0,-0.327869343771618,0,0,0,0,0,0,0,0,0,0,-0.273926940493136,0,0,0,0,0,0,0,0,0,0,0,0,0,0,0,0,0,0,0,0,0,0,0,0,0,0,0,0,0,0,0,0,0,0,0,0,0,0,0,0,0
0,0,0,0,0,0,0,0,0,0,0,0,0,0,0,0,0,0,0,0,0,0,0,0,0,0,0,0,0,0,0,0,0,0,0,0,0,0,0,0,0,0,0,0,0,0,0,0,0,0,0,0,0,0,0,0,0,0,0,0,0,0.369942992099834,0,0,0,0,0,0,0,0,0,0,0,16.5164198295048,0,0,0,0,0,0,0,0,0,0,0,0,0,0,0,0,0,0,0,0,0,0,0,0,0,0,0,0,0,0,0,0,0,0,0,0,0,0,0,0,0,0,0,0,0,0,0,0,0,0,0,0,0,0,0,0,0,0,0,0,0,0,0,0,0,-0.162040383016,0,0,0,0,0,0,0,0,0,0,0,0,0,0,0,0,0,0,0,0,0,0,0,0,0,0,0,0,0,0,0,0,0,0,0,0,0,0,0,0,0,0,0,0,0,0,0,0,0,0,0,0,0,0,0,0,0,0,0,0
0,0,0,0,0,0,0,0,0,0,0,0,0,0,0,0,0,0,0,0,0,0,0,0,0,0,0,0,0,0,0,0,0,0,0,0,0,0,0,0,0,0,0,0,0,0,0,0,0,0,0,0,0,0,0,0,0,0,0,0,0,0.186294465219986,0,0,0,0,0,0,0,0,0,0,0,16.7972357893161,0,0,0,0,0,0,0,0,0,0,0,-0.242943264520216,0,0,0,0,0,0,0,0,0,0,0,0,0,0,0,0,0,0,0,0,0,0,0,0,0,0,0,0,0,0,0,0,0,0,0,0,0,0,0,0,0,0,0,0,0,0,0,0,0,0,0,0,0,0,0,0,0,0,0,0,0,0,0,0,0,0,0,0,0,0,0,0,0,0.246559089113685,0,0,0,0,0,0,0,0,0,0,0,0,0,0,0,0,0,0,0,0,0,0,0,0,0,0,0,-1.05539302320019,0,0,0,0,0,0,0,0,0,0,0,0
0,0,-0.133305737234134,0,0,0,0,0,0,0,0,0,0,0,0,0,0,0,0,0,0,0,0,0,0,0,0,0,0,0,0,0,0,0,0,0,0,0,0,0,0,0,0,0,0,0,0,0,0,0,0,0,0,0,0,0,0,0,0,0,0,0,0,0,0,0,0,0,0,0,0,0,0,16.4453878808432,0,0,0,0,0,0,0.425622024044748,0,0,0,0,0,0,0,0,0,0,0,0,0,0,0,0,0,0,0,0,0,0,0,0,0,0,0,0,0,0,0,0,0,0,0,0,0,0,0,0,0,0,0,0,0,0,0,0,0,0.019122622483253,0,0,0,0,0,0,0,0,0,0,0,0,0,0,0,0,0,0,0,0,0,0,0,0,0,0,0,0,0,0,0,0,0,0,0,0,0,0,0,0,0,0,0,0,0,0,0,0,0.171588140725588,0,0,0,0,0,0,0,-0.622736293545124,0,0,0,0,0,0,0,0,0,0,0,0
0,-0.208985922381447,0,0,0,0,0,0,0,0,0,0,0,0,0,0,0,0,0,0,0.246813904373638,0,0,0,0,0,0,0,0,0,0,0,0,0,0,0,-0.329774288716299,0,0,0,0,0,0,0,0,0,0,0,0,0,0,0,0,0,0,0,0,0,0,0,0,0,0,0,0,0,0,0,0,0,0,0,0,14.9578331479099,0,0,0,0,0,0,0,0,0,0,0,0,0.0285316369610358,0,0,0,0,0,0,0,0.580407203677033,0,0,0,0,0,0,0,0,0,0,0,0,0,0,0,0,0,0,0,0,0,0,0,0,0,0,0,0,0,0,0,0,0,0,0,0,0,0,0,0,0,-0.178196643443201,0,0,0,0,0,0,0,0,0,0,0,0,0,0,0,0,0,0,0,0,0.0796706787470882,0,0,0,0,0,0,0,0,0,0,0,0,0,0,0,-0.386961758977472,0,0,0,0,0,0.63589091126889,0,0,0,0,0,0,0,0,0,0,0,0,0,0,0,0,0,0,0,0
-0.0199540267177498,-0.337683382925072,0,0,0,-0.353105787023213,0,0,0,0.537837356234029,0,0,0,0,0,0,0,0,0,0,0.523615989638897,0,0,0.0503797847278966,0,0,0,0,0,0,0,0,0,0,0,0,-0.900643589533994,0,0,0,0,0,0,0,0,0,0,0,0,0,0,0.210366760780917,0,0,0,0,0,0,0.32712025107724,0,0,0,0,0,0,0,0,0,0,0,0,0,0,13.7289223088311,0,0,0,0,0,0,0,0,0,0,0,0,0.544011835386369,0,0,0,0,0,0,0,0.821643403652044,0,0,0,0,0,0.117738639649532,0,0,0,0,0,0,0,0,0,0,0,0,0,0,0,0,0,0,0,0,0,0,0,0,0,0,0,0,0,0,0.588584663842078,0,0,0,0,0,0,0,0,0,0,0,0,0,0,0,0,0,0.458040415054126,0,0,0,0,0,0,0,0.0272973559758889,0,0.575148829728264,0,0,1.04986593430202,0,0,0,0,0,0,0,0,0,0,-0.170018107640818,0,0,0,0,0,1.25291341495059,0,0,0,0,0,0,0,-0.230622827176369,0,0,0,0,0,0,0,0,0,0,0,-0.0455981532986822
0,0,0,0,0,0,0,0,0.734735494573627,0,0,0,0,0,0,0,0,0,0,0,0,0,0,0,0,0,0,0,0,0,0,0,0,0,0,0,0,0,0,0,0,0,0,0,0,-0.195371145629678,0,0,0,0,0,0,0,0,0,0,0,0,0,-0.479163329565345,0,0,0,0,0,0,0,0,0,0,0,0,0,0,-0.108553808470116,0,0,0,0,0.144834843925806,0.0693695186618406,0,0,0,-0.355621508254842,0,0,0,0,0,0,1.31756221072694,0,0,0,0,0,0,0,0,0,0,0.258287113770501,0,0,0,0,0,0,0,0,0,0,0,0,0,0,-1.38514905901212,0,0,0,0,0,0,0,0,0,0,0,0,0,0,0,0,0,0,0,1.27013259497116,0,0,0,0,0,0,0,0,0,0,0,0,0,0,0,0,0,0,0,0,0,0,-1.3087935989873,0,-0.0690721716836802,0,0,0,0,0,0,0,0,0,0,0,0,0.0650114128355066,0,0,0,0,0,0,0,0,0.430281758282128,0,0,0,0,0,0,0,0,0,0,0,0,0.342688080475843,0,0
0,0,0.785840831056993,0,0.767633391306335,0,0,0,0.684516329179286,0,0,0,0.0485934808114867,0,0,0,0,0,0.520132098002479,-0.240009358193183,0,0,0,0,-0.709655458201615,0,0,0,0,0,0,0,0.500758152442903,0,0,0,0.676729321415467,0,0,0,0,0,0,0,-0.0543244692252407,0,0,-0.282995509561801,0,0,-6.65092795404639,0,0,0,0,0,0,-0.887046710380996,0,0,-1.05731635200411,0,0,0,0,0,0.0469442946966028,0,0,0,0,0,0,0,0,0,0,0,0,2.50824332415669,0,0,0,0,0,0,0,0,-4.15885248403697,0,0,-0.712381357757315,0,0,0,0,0,0,0,-0.917023384299183,0,-0.173365437095317,0,0,0,-1.06026214586501,0,0,0,0,0,0,0,-0.0461688872316335,0,0,0,-0.0296649432714806,0,0,0,0,0,0,0,0,0,0,0,0,0,0,0.0854911398129987,0,0,0,0,0,0,0,0,0,0,0,0,0,0,-2.20642180851709,0,0,0,0,0,0,0,0,0,0,0,0,-1.08157514572455,0,0,-0.00301818365842621,0,0,0,0,0,0,0,0,0,0,-0.939417532459017,1.29598141852341,0,0,0,0,0,0,0,-1.33707873794212,0,0,0,0,0,0,-1.65483184745781,0,0,0,0.611041355209222,0,0,0,0,0
-1.82606012051413,0,2.86046688018133,0,0,0,0.844713684273511,0,-4.05579677566749,0,0,0,0,0,-0.23660645003703,0,0.553612455503773,0,0,0,0,0,0.0976610450328761,0,0.040043720652595,0,0,-1.06190766462487,0.249405762632018,0,0,0,1.47309573136912,3.96400564341067,-0.0432819370322248,-0.792314952418849,1.44026528253306,0.356615895871489,0,-7.24785531417093,0,0.162885643376853,0,0,0,0.259061481238467,0,0,0,0,0,0.39292857711016,0,0,1.58275179016396,0,0,-5.74401127956791,0,-2.8792382570104,-1.52342698171733,0,0,0,0,0,0,0,0,0,1.23037887037685,0.341571899518048,0,0,0,0,0,0,0,0,0,1.35170169045892,-2.611056889436,-2.59871909477438,0,0,0,0,0,-1.47424477170071,1.02197069330296,0,0,0,0,-1.13975260749961,0,3.9070789136964,0,0,-3.85948053534008,0,0.774809251389394,0.59415925679832,0,-5.35648836192702,0,0.323426293862285,-0.919534768198136,0,0,1.20233631722385,0.960902115638761,0,0,-1.55435425663503,0.875815939759913,0,0,0.230322208972364,0.536964218636972,0.867586670972798,0,0,0,0,-0.812207865629841,0,0,0,0,0,-1.82386276968497,0,0,0,-5.94319674889944,-1.33553912690176,0,0,0.533429949872722,0,0,0,0.980072077052347,0,0,0,0.17239862757922,0,0,0,0,0,-0.475844639226115,0,0,0,0,-2.87034790031483,0,0.976984230006628,0,0,0.103619301152938,0,0,0,0,0,0,-0.327327248162948,0,-1.08866998267965,-2.20028805927641,0,0,0,-0.155129862014644,0,0,-2.8494352307138,0,0,0,1.75233436419466,0,0,0,0,1.09766578307879,-0.734426830713766,0,0,0,0,0.715372037087187,0,0,1.66971081363452
0,0,0,0,0,0,0,0,0,0,0,0,0,0,0,0,0,0,0,0,0,0,0,0,-0.285812295382303,0,0,-2.05869177011513,0,0,0,0,0,0,0,0,0,0,0,0,0,0,0,0,0,0,0,0,0,0,0,0,0,0,0,0,0,0,0,-0.0474201598229342,0,0,0,0,0,0,0,0,0,0,0,0,0,0,0,-0.440553531924927,0,0,0,0,0,0,0,0,0,0,0,0,0,0,0,0,0,0,0,0,0,0,0,0,0,0,0,0,0,0,0,0,0,0,0,0,0,0,0,0,0,0,0.228413264849379,0,0,0,0,0,0,0,0,0,0,0,0,0,0,0,0,0,0,0,0,0,0,0,0,0,0,0,-4.82218667221891,-0.237846018201212,0,0,0,0,0,0,0,0.619914723809151,0,0,0,0,0,0,0,0,0,0,-0.781787365580266,0,-0.505802868176575,0,0,0,0,0,0,0,0,0,0,0,0,0,0,0,-0.0253280223952537,0,0,0,0,0,0,0,0,0,0,0,0,0,0,0
0,0,0,0,0,0,0,0,0,0,0,0,0,0,0,0,-0.24048025273291,0,0,0,0,0,10.2087945506965,0,0,0,0,0,0,0,0,0,0,0,0,0,0,0,0,0,0,0,0,0,0,0,0,0,0,0,0,0,0,0,0,-0.157366706856889,0,0,0,0,0,0,0,0,0,0,0,0,0,0,0,0,0,0,0,0,0,0,0,0,0,0,0,0,0,0,0,0,0,0,0,0,0,0,0,0,0,0,0,0,0,0,0,0,0,0,0,0,0,0,0,0,0,0,0,0,0,0,0,0,-1.04807731069297,0,0,0,0,0,0,0,0,0,0,0,0,0,0,0,0,0,0,-0.782677449638132,0,0,0,0,0,0,0,-4.72405110953617,0,0,0,0,0,0,0,0,0.252272513451209,0,0,0,0,0,0,0,0,0,-0.275645768088311,0,0,0,0,0,0,0,0,0,0,0,0,0,0,0,0,0,0,0,0,0,0,0,0,0,0,0,0,0,0,0,0,0
0,0,0,0,0,0,0,0,0,0,0,0,0,0,0,0,0,0,0,0,0,0,0.760716724839003,0,0,0,0,0,0,0,0,0,0,0,0,0,0.175787178059744,0,0,0,0,0,0,0,0,0,0,0,0,0,0,0,0,0,0,-0.0297171703411778,0,0,0,0,0,0,0,0,0,0,0,0,0,0,0,0,0,0,0,-0.0747543728066276,0,0,0,0,0,0,0,0,0,0,0,0,0,0,0,0,0,0,0,0,0,0,0,0,0,0,0,0,0,0,0,0,0,0,0,0,0,0,0,0,0,0,0,0,0,0,0,0,0,0,0,0,0,0,0,0,0,0,0,0,0,0,0,-0.425345955123054,0,0,0,0,0,0,0,-7.19221893344758,0,0,0,0,0,0,0,0,0,0,0,0,0,0,0,0,0,0,-1.25431664669872,0,-0.351473397675844,0,0,0,0,0,0,0,0,0,0,0,0,-0.0522099519142025,0,0,0,0,0,0,0,0,0,0,0,0,0,0,0,0,0,0
0,0,0,0,0,0,0,0,0,0,0,0,0,0,0,0,0,0,0,0,0,0,3.25113792402951,0,0,0,0,0,0,0,0,0,0,0,0,0,0,0,0,0,0,0,0,0,0,0.0900734324199983,0,0,0,0,0,0,0,0,0,-0.369820090704352,0,0,0,0,0,0,0,0,0,0,0,0,0,0,0,0,0,0,0,0,0,0,0,0,0,0,0,0,0,0,0,0,0,0,0,0,0,0,0,0,0,0,0,0,0,0,0,0,0,0,0,0,0,0,0,0,0.243867568064178,0,0,0,0,0,0,0,0,0,0,0,0,0,0,0,0,0,0,0,0,0,0,0,0,0,0,0,0,0,0,0,0,0,0,-6.32345390252132,0,0,0,0,0,0,0,0,0,0,0,0,0,0,0,0,0,0,-1.24882981263805,0,0,0.0645210408589199,0,0,0,0,0,0,0,0,0,0,0,0,0,0,0,0,0,0,0,0,0,0,0,0,0,0,0,0.538698336506434,0,0
0,0,0,0,0,0,0,0,0,0,0,0,0,0,0,0,0,0,0.0690442910589935,0,0,0,8.50673604192523,0,0,0,0,0,0,0,0,0,0,0,0,0,0,0,0,0,0,0,0,0,0,0,0,0,0,0,0,0,0,0,0,-0.083591544458457,0,0,0,-0.217635544706177,0,0,0,0,0,0,0,0,0,0,0,0,0,0,0,0,0,0,0.681418032897317,0,1.39800523975856,0,0,0,0,0,-0.999031199144627,0,0,0,0,0,0,0,-0.18769017440416,0,0,0,0,0,0,0,0,0,0,0,0,0,0,0,0,0,0.15489492821211,0,0,0,0,0,0,0,0,0,0,0,0,0,0,0,0,0,0,0,0,0,0,0,0,0,0,0,0,0,0,0,0,0,0,-5.76826000597324,0,0,0,0,0,0,0,0,0,0,0,0,0,0,0,0,0,0,-0.234479144621314,0,0,0,0,0,0,0,0,0,0,0,0,-0.438522418557315,0,0,0,0,0,0,0,0,0,0,0,0,0,0,0,0,0,0,0,0
0,0,0,0,0,0,0,0,0,0,0,0,0,0,0,0,0,0,0.134355437855373,0,0,0,3.66120848435741,0,0,0,0,0,0,0,0,0,0,0,0,0,0,0,0,0,0,0,0,0,0,0,0,0,0,0,0,0,0,0,0,-0.256289401752694,0,0,0,0,0,0,0,0,0,0,0,0,0,0,0,0,0,0,0,0,0,0,0,0,2.83002970860141,0,0,0,0,0,-0.405836291896961,0,0,0,0,0,0,0,0,0,0,0,0,0,0,0,0,0,0,0,0,0,0,0,0,0,0,0,0,0,0,0,0,0,0,0,0,0,0,0,0.601242369357977,0,0,0,0,0,0,0,0,0,0,0,0,0,0,0,0,0,0,0,0,-7.53348298087988,0,0,0,0,0,0,0,0,0,0,0,0,0,0,0,0,0,0,-1.25822049762364,0,0,0,0,0,0,0,0,0,0,0,0,0,0,0,0,0,0,0,0,-0.225483882477982,0,0,0,0,0,0,0,0,0,0,0,0
0,0,0,0,0,0,0,0,0,0,0,0,0,0,0,0,0,0,0.0673794851889251,0,0,0,7.10946674746493,0,0,0,0,0,0,0,0,0,0,0,0,0,0,0,0,0,0,0,0,0,0,0,0,0,0,0,0,0,0,0,0,-0.475578968018248,0,0,0,0,0,0,0,0,0,0,0,0,0,0,0,0,0,0,0,0,0,0,0,0,0,0,0,-0.346949857976366,0,-0.424095569721507,0,0,0,0,0,0,0,0,0,0,0,0,0,0,0,0,0,0,0,0,0,0,0,0,0,0,0,0,0,0,0,0,0,0,0,0,0,0,0,0,0,0,0,0,0,0,0,0,0,0,0,0,0,0,0,0,0,0,0,0,0,-6.04532916789378,0,0,0,0,0,0,0,0,0,0,0,0,0,0,0,0,0,0,-0.18228874754117,0,0,0,0,0,0,0,0,0,0,0,0,0,0,0,0,0,0,0,0,0,0,0,-0.0733226648098724,0,0,0,0,0,0,0,0,0
0,0,0,0,0,0,0,0,0,0,0,0,0,0,0,0,0,0,0.332356847229789,0,0,0,2.13658476379424,0,0,0,0,0,0,0,0,0,0,0,0,0,0,0,0,0,0,0,0,0,0,0,0,0,0,0,0,0,0,0,0,-0.740802879485359,0,0,0,0,0,0,0,0,0,0,0,0,0,0,0,0,0,0,0,0,0,0,0,0,0,0,0,0,0,0,0,0,0,0,0,0,0,0,0,0,0,0,0,0,0,0,0,0,0,0,0,0,0,0,0,0,0,0,0,0,0,0.0965288339567627,0,0,0,0,0,0,0,0,0,0,0,0,0,0,-0.234462555421696,0,0,0,0,0,0,0,0,0,0,0,0,0,0,-6.00391332394237,0,0,0,0,0,0,0,0,0,0,0,0,0,0,0,0,0,0,-0.983958344930574,0,0,0.00329138576413501,0,0,0,0,0,0,0,0,0,0,0,0,0,0,0,0,0,0,0,0,0,0,0,0,0,0,0,0,0,0
0,0,0,0,0,0,0,0,0,0,0,0,0,0,0,0,0,0,0.450672790699589,0,0,0,0,0,0,0,0,0,0,0,0,0,0,0,0,0,0,0,0,0,0,0,0,0,0,0,0,0,0,0,0,0,0,0,0,-1.05865283167895,0,0,0,0,0,0,0,0,0,0,0,0,0,0,0,0,0,0,0,0,0,0,0,0,0.72862256574112,0,0,0,0,0,0,0,0,0,0,0,0,0,0,0,0,0,0,0,0,0,0,0,0,0,0,0,0,0,0,0,0,0,0,0,0,0.290202761483173,0,0,0,0,0,0,0,0,0,0,0,0,0,0,0,0,0,0,0,0,0,0,0,0,0,0,0,0,0,-5.4970576184287,0,0,0,0,0,0,0,0,0,0,0,0,0,0,0,0,0,0,-1.54581954568755,0,0,0,0,0,0,0,0,0,0,0,0,0,0,0,0,0,0,0,0,0,0,0,0,0,0,0,0,0,0,0,0,0
0,0,0,0,0.0447029366168528,0,0,0,0,0,0,0,0,0,0,0,0,0,0.319237963075611,0,0,0,0,0,0,0,0,0,0,0,0,0,0,0,0,0,0,0,0,0,0,0,0,0,0,0,0,0,0,0,0,0.0771693051866362,0,0,0,-0.449179545691086,0,0,0,0,0,0,0,0,0,0,0.267016255164514,0,0,0,0,0,0,0,-0.183828342727973,0,0,0,0,0,0.0914104334276746,0,0,0,0,0,0,0,0,0,0,0,0,0,0,0,0,0,0,0,0,0,0,0.346883102708886,0,0,0,0,0,0,0,0,0,0,0,0,0,0,0,0,0,0,0,0,0,0,0,0,0,0,0,0,0,0,0,0,0,0,0,0,0,0,0,0,0,0,0,-3.32981799434009,0,0,0,0,-0.1180861543958,0,0,0,0,0,0,0,0,0,0,0,0,0,-1.70123813924481,0,0,0,0,0,0,0,0,0,0,0,0,0,0,0,0,0,0,0,0,0,0,0,0,0,0,0,0,0,0,0,0,0
0,0,0,0,0,0,0,0,0,0,0,0,0,0,0,0,0,0,0.545733110868717,0,0,0,0,0,0,0,0,0,0,0,0,0,0,0,0,0,0,0,0,0,0,0,0,0,0,0,0,0,0,0,0,0.260141617607373,0,0,0,-0.117729035315749,0,0,0,0,0,0,0,0,0,0,0,0,0,0,0,0,0,0,0,0,0,0,0,0,0,0,0,0,0,0,0,0,0,0,0,0,0,0,0.01830852060251,0,0,0,0,0,0,0,0,0.394630884844104,0,0,0,0,0,0,0,0,0,-0.162021004403188,0,0,0,0,0,0,0,0,0,0,0,0,0,0,0,0,0,0,0,0,0,0,0.111262040421065,0,0,0,0,0,0,0,0,0,0,-2.43018993749597,0,0,0,0,0,0,0,0,0,0,0,0,0,0,0.381368121042115,0,0,0,-2.17666538310728,0,0,0,0,0,0,0,0,0,0,0,0,0,0,0,0,0,0,0,0,0,0,0,0,0,0,0,0,0,0,0,0,0
0,0,0,0,0,0,0.790613834942336,0,0,0,0,0,0,0,0,0,0,-0.0554818363604959,2.71698559530853,0,0,0,0,0,0,0,0,0,0,0,0,0,0,0,0,0,0,0.0708884763373323,0,0,0,0,0,0,0,0,0,0,0,0,0,0,0,0,0,0,0,-0.0531595385847374,0,-0.574977702245846,0,0,0,0,-0.236817170622611,0,0,0,0,0,0,0,0,0,0,0,0,0,0,0,0,0,0,0,-0.377967212717584,0,0,-0.166681351434156,0,0,0,1.04340953611026,0,0,0,0,0,0,0,0,0,0,1.0492346273611,0,0,-0.150999942316642,0,0,0,0,0,0,0,0,0,0,0,-1.05369670835024,0,0,0,0,0,0,0,0,0,0,0,0,0,0,-0.660604481752574,0,0,0,0,0.616060162065196,0,0,0,0,0,0.398728801651606,0,0,0,0,0,0,0,0,0,0,0,0,0,0,0,0,0,0,0,0,0,0,0,0,0,0,0,0,0,0,0,0,0,0,0,-0.0773393568389984,0,0,0,-0.0516844734857755,0,0,0,0,0,0,0,0,0,0,0,0,0,0,0,0
0,-0.0550433998782309,0,0,0,0,0,0,0,0,0,0,0,-0.281579192912246,0,0,0,0,2.53227413448381,0,0,0,0,0,0,0,0,0,0,0,0,0,0,0,0,0,0,0,0,0,0,0,0,0,-0.270991422556707,-1.37188218765176,0,0,0,0,-4.23648536159198,0,0.0286117236439254,0,0,0.0197134494582476,0.616259552469218,0,0,-0.344643472347281,0,0,0,0,0.0665033333887328,0,0,0,0,0,0,0,0,0,0,0,0,0,0,0.783416071017835,0,0,0,0,0,0,0,-0.0744950897432928,0,0,0,0,0,0,0,0,0,0,0,0,0,0,0,0,0,0,0,0,0,0,0,0,0,0,0,0,0,0,0,0,0,0.430849668778424,0,0,0,0,0,0,0,0,0,0,0,0,0,0,0,-0.378245150044541,0,0,-0.289175651699489,0,0,0,0,0,0,0,0,0,0,0,0,0,-0.223207215550477,0,0,0,0,0,0,0,0,0,0,0,0,0,0,0,0,0,0,0,0,0.194947635586614,0,0,0,-0.082429507335134,0,0,0,0,0,0,0,0,0,0,0,0,0,0,0,0,0,0.139518399078146,0,-0.218171338806723
0,0,0,0,0,0,0,0,0,0,0,0,0,0,0,0,0,0,0.146991452001,0,0,0,0,0,0,0,0,0,0,0,0,0,0,0,0,0,0,0,0,0,0,0,0,0,0,-1.19255765516057,0,0,0,0.121585408710261,-6.5400117688941,0,0,0,0,0,0,0,0,0,0,0,0,0,0,0,0,0,0,0,0,0,0,0,0,0,0,0,0,0,0,0,0,0,0,0,0,0,0,0,0,0,0,0,0,0,0,0,0,0,0,0,-0.171396957503643,0,0,0,0,0,0,0,0,0,0,-0.0181240906077396,0,0,0,0,0,0,-0.15678905502416,0,0,0,0,0,0,0,0,0,0,0,0,0,0,0,0,-0.852879036929225,0,0,0,0,0,0,0,0,0,0,0,0,0,0,0,0,0,0,0,0,0,0,0,0,0,0,0,0,0,0,0,0,0,0,0,0,0,0,0,0,0,0,0,0,0,0,0,0.0525090296082777,0,0,0,0,0.798671182365847,0,0,0,0,0,-0.299990571523212,0,0,-0.214729040297615
0,0,0,0,0,0,0,0,0,0,-0.0672054962089594,0,0,0,0,0,0,0,0,0,0,0,0,0,0,0,0,0.229512844193723,-0.194456807972227,0,0.0236135038144898,0,0,0,0,0,0,0,0,0,0,0.36044061341398,0,0,0,0,0,0,0,0,-8.34533420103763,0,0,0,0,0,0.497388243218112,0,0,0,0,-0.219914484504255,0,0,0,0,0,0,0,0,0,0,0,0,0,0,0,0,0,0,0,0,0,0,0,0,0,0,0,0,0,0,0,0,0,-0.104890504710232,0,0,0,0,0,0,0,0.457314908917495,0,0,0,0,0,0,0,0,0,-0.536009520673021,0,0,0,0,0,0,0,0,0,0,0,0,0,0,0,0,0,0,0,0,0,0,0,-0.236320100753787,0,0,0,0,0,0,0,0,0,0,0,0,0,0,0,0,-0.191201203169449,0,0,0,0,0,0,0,0,0,0,0,0,0,0,0,-0.150044015164353,0,0,0.321324239513483,0,0,0,0,0,0,0,0,0,0,0,0,0,0,0,0,0,0,0,0,0,0,0,0,0,0
0,0,0,0,0,0,0,0,0,0,0,0,0,0,0,0,0,0,0,0,0,0,0,0,0,-0.0330948477350941,0,0.296433555962329,0,0,0,0,0,0,0,0,0,0,0,0.121852425484883,0,1.79087316482571,0,-0.176338311082174,0,0,0,0,0,0,-8.08572354419336,0,0,0,0,0,0,0,0,0,0,0,0,0,0,0,0,0,0,0,0,0,0,0,0,0,0,0,0,0,0.123847466264547,0,0,0,0,0,0,0,0,0,0,0,0,0,0,0,0,0,0,0,-0.933342343008751,0,0,0,0,0,0,0,0,0,0,0,0,0,0,0,0,0,0,0,0,0,0,0,0,0,0,0,0,0,0,0,0,0,0,0,0,0,0,0,0,0,0,0,0,0,0,0,0,0,0,0,0,0,0,0,0,0,0,0,0,0,0,0,0,0,0,0.144505394758384,0,0,0,0,0,0,0,0,0,0,0,0.0343864492007468,0,0,0,0,0,0,0,0,0,0,0,0,0,0,0,0,0,0,0,-0.429449014971994
0,0,0,0,0,0,0,0,0,0,0,0,0,0,0,0,0,0,0,0,0,0,0,0,0,0,0,0,0,0,0,0,0,0,0,0,0,0,0,0,0,0.490127271571404,0,0,0,0,-1.22867149639236,0,0,0,-9.58585823831841,0,0,0,0,0,0,0,0,0,0,0,0,0,0,0,0,0,0,0,-0.378840321511636,0,0,0,0,0,0,0,0,0,0,0,0,0,0,0,0,0,0,0,0,0,0,0,0,0,0,0,0,0,0,0,0,0,0,0,0,0,0,0,0,0,0,-0.113773896103687,0,-0.562741212873035,0,0,0,0,0,0,0,0,0,0,0,0,0,0,0,0,0,0,0,0,0,-0.506898898828891,0,0,0,0,0,0,0,0,0,0,0,0,0,0,0,0,-0.175624861844529,0,0,0,0,0,0,0,0,0,0,0,0,0.0302653061900875,0,0,0,0,0,0,0,0,0,0.0469235115693756,0,0,0,0,0,0,0,0,0,0,0,0,0,0,0,0,-0.290443237429452,0,0,0,0,0
0,0,0,0,0,0,0,0,0.17136380853285,0,0,0,0.367286635400611,0,0.120915665620499,0,0,0,0,0,0,0,0,0,0,0,0,0,0,0,0,0,0,0,0,0,0,0,0,0,0,1.79655435859031,0,0,0,0,1.54128332992349,0,0,0,-10.7899193554048,0,0,0,0,0,0,0,0,0,0,0,0,0,0,0,0,0,0,0,0,0,0,0,0,0,0,0,0,0,0,0,0,0,0,0,0,0,0,0,0,0,0,0,0,0,0,0.136364145577426,0,0,0,0,0,0,0,0,0,0,0,0,0,0,0,-0.20098133176097,0,0,0,0,0,0,-0.348222115172411,0,0,0,0,0,0,0.532673462317538,0,0,0,0,0,0,0,0,0,0,0,0,0,0,0,0,0,0,0,0,0,-0.0448777079167697,0,0,0,0,0,0,0,0,0,0,0,0,-0.158558507052005,0,0,0,0,0,0,0,0,0,0,0,0,0,0,0,0,0,0,0,0,0,0,0,0,0,0,0,0,0,0,0,-0.214596091569476,0,0,0,0,0
0,0,0,0,0,0,0,0,0,0,0,0,0,0,0,0,0,0,0,0,0,0,0,0,0,0.557973484142176,0,0,0,0,0,0,0,0.63699261960503,0,0,0,0,0,0,0,1.06247557030556,0,0,0,-0.585017944824592,0,0,0,0,-10.1313315207652,0,0.46494924363868,0,0,0,0,0,0,0,0,0,0,0,0,0,0,0,0,0,0,0,0,0,0,0,0,0,0,0,0,0,0,0,0,0,0,0,0,0,0,0,0,0,0,0,0,0,0,0,0,0,0,0,0,0,0,0,0,-0.296004706356787,0,0,0,0,0,0,0,0,0,0,0,0,0,0,0,0,0,0.250999484787522,0,0,0,0,0,0,0,0,0,-0.146652636893594,0,0,0,0,0,0,0,0,0,0,0,0,0,0,0,0,0,0,0,0,0,0,0,0,0.0486009211049776,0,0,0,0,0,0,0,0,0,0,0,0,0,0,0,0,0,0,0,0,0,0,0,0,0,0,0,0,0,0,0,0,0,0,0,0,0
0,0,0,0,0,0,0,0,0,-0.486835169965691,0,0,0,0,0,0,0,0,0,0,0,0,0,0,0,0,0,0,0,0,0,0,0,0,0,0,0,0,0,0,0,0,0,0,0,0,0,0,0,0,-10.6091820662205,0,0,0,0,0,-0.171181699506091,0,0,0,0,0,0,0,0,0,0,0,0,0,0,0,0,0,0,0,0,0,0,0,0,0,0,0,0.16740117435557,0,0,0,0.0284397845132769,0,0,0,0,0,0,0,0,0,0,0,0,0,0,0,0,-0.389906262871881,0,0,0,0,0,0,0,0,0.836309893360167,0,0,0,0,0,0,0,0,0,0,0,0,0,0,0,0,0,0,0,0,0,0,0,0,0,0,0,0,0.139345293626229,0,0,0,0,0,0,0,0,0,0,-0.513687246584849,0,0,0,0,0,0,0,0,0,0,0,0,0,0,0,0,0,0,0,0,1.06647887539299,0,0,0,0,0,0,0,0,0,0,0,0,0,0,0,0,0,0,0,0,0,0,0,0
0,0,0,0,0,0,0,-1.68249184283545,0,0.44816218721835,0,0,0,0,0.118272253044722,0,0,0,0,0,0,0,0,0,0,0,0,0,0,0,0,0,0,0.567599315570555,0,-0.498618491591117,0,1.00058292860533,0,0,0,0,0,-0.649873134261342,-0.365543618455808,0.550279550214003,0,0,0,0,-12.8150904481998,0,0,0,0,0,0,0,0,0,0,0,0.513833015837541,0,0,0,0,0,0,0,0.166262951110311,0,0,0,-0.0523318416308551,0,0,0,0,0,0,0,0,0,1.28541834665594,0,0,0.67783915750381,0,-0.490974401961306,0,0,0,0,0,0,0,0,0,0,0,0,0,-0.0361723684688604,0,0.18345219657269,0,0.0428085146627297,0,0,0,0,0,0,0,0,0,0,0,0,0,0.635331756574414,0.582616044913743,0,0,0,0,0,0,0,0,0,0,0,0.381737700393404,0,0,0,0,0,-0.844686767962957,0,0,0,0,0,0,0,0,0,0,0,-0.122919499868566,0,0,0.157901108382253,0,0,0,0,0,-0.765266277360191,-0.0410745551289884,0,0,0,0,0,0,0,0,0,0,0,0,-1.39477014097064,0,0,0,0,0,0,0,0,0,0,0.0970265931594598,0,0,0,0,0,0,0,0,0,0,0,0,0
0,0,0,0,0,0,0,0,0,0,0,0,0,0,0,0,0,0,0,0,0,0,0,0,0,0,0,0,0,0,0,0,0,0,0,0,0,0,0,0,0,0,0,-0.0460544310944928,0,0,0.06321106124062,0,0,0,-14.0357911271916,0,-0.16060873388299,0,0,0,0,0,0,0,0,0,0,0,0,0,0,0,0,0,0,0,0,0,0,0,0,0.0488588642379242,0,0,0,0,0,0,0,0,0,0,0,0,0,0,0,0,0,0,0,0,0,0,0,0.0824339748012712,0,0,0,0,0,0,0,0,0,0,0,0,0,0.272279181757154,0,0,0,0,0,-0.0579096464323512,0,0,0,0.0320133785496783,0.291648197005219,0,0,0,0,0,0,0,0,0,0,0,0,0,0,0,0,0,0,0,0,0,0,0,0,0,0,0,0,0,0,0,0,0,0,0,0,0,0,0,0,0,0,0,0,0,0,0,0,0,0,0,0,0,0,0,0,0,0,0,0,0,0,0,0,0,0,0,-0.636123243593441,0,0,0,0,0
0,0.67744779760741,0,0,0,0,0,0,-0.612385198365499,0,0,0,0,0,0,0,0,0,0,0,0,0,0,0,0,0.398216311184286,0,0,0,0,0,0,0,0,0,0,0,0,0,0,0,-0.465407982608755,0,0,0,0,0,0,0,0,-14.8978606178943,0,0,0,0,0,-0.275134624842569,0,0,0,0,0,-0.0686881420507324,0,0,0,0,0,0,0,0,0,0,0,0,0,0,0,0,-0.426851906007976,0,0,0,0,0,0,0,0,0,0,0,0,0,0,0,0,0,-0.181537595999955,0,0,0,0.312337680603013,0,0,0,0,0,0,0,0,0,0,0,0,0,0,0,0,0,0,0,0,0,0,0,0.939424185854397,0,0,0,0,0,0,0,0,0,0,0,0.739910133284126,0,0,0,0,0,0,0,0,0,-0.410882224249783,0,0,0,0,0,0,0,0,0,0,0,0,0,0,0,0,0,0,0,0,0.060899224479698,0,0,0,0,0,0,0,0,0,0,0,0,0,0,0,0,0,0,0,0,0,0,0,0,0,0,0,0,0,0,0
0,0,0,0,0,0,0,0,0,0,0,0,-0.0809386532424423,0,0,0,-0.126097153748956,0,0,0,0,0,0,0,0,-0.0637770257328012,0,0,-0.286828101654897,0,-1.0006548843424,0,0,0,0,0,0,0,0,0,0,0,0,0,0.823551490699827,0,0,0,0,0,-13.1342462225775,0,0,0,0,0,0.119810688348244,0,0,0,0,0,0,0,0,0,0,0,0,0,0,0,0,0,0,0,0,0,0,-0.999474937322446,0,0,0,0,0,0,0,0,0,0,0,0,0,0,0,0,0,0,0,0,0,0,0,0,0,0,0,0,0,0,0,-0.598941251333108,0.0439843567978653,0,0,0,0,0,0,0,0.243408240570539,0,0,0,0,0,0,0,0,0,0,-0.300926415335632,-0.216088194235106,0,0,0,0,0,0,0,0,0,0,0,0.567170700259186,0,0,0,0,0,-0.715777684439751,0,0,0,1.41302017800865,0,0,0,0,0.0789919866616866,0,0,0,0.20706821264165,0,0,0,0,0,0,0,0,0,0,0,0,0,0,0,0,0,0,0,0,0,0,0,-0.0559694002960398,0,0,0,0,0,0,0,0,0,0,0,0
0,0.626206312466839,-0.310658157621215,0,0,-0.766236957980052,0,0,0,0,0,0,0,0,0,0,0,0,0,0,0,0,0,0,0,0,0,0,0,0,0,0,0,0,0,0,0,0,0,0,0,0,0,0,0,0,0,0,0,0,-13.1087440251639,0,0,0,0,0,0,0,0,0,0,0,0,0,0,0,0,0,0,0,0,0,0,0,0.775592077929817,0,0,0,0,-1.59097534818102,0,0,0,0,0,0,0,0,0,0,0,0,0,0,0,0,0,0,0,0.54065450644069,0,0,0,0,0,0,0,0,0,0,0,0,0,0,0,0,0,0,0,0,0.415138922133369,0.0504505014729046,0,0,0,0,0,0,0,0,0,0,0,0,0,0,0,0.34198119798261,0,0,0,-0.0510976378869306,0,0,0,0,0,0,0,0,0,0,0,0,-0.141382162105915,0,-0.443044093743858,0,0,0,0,0,0.297040181194434,0.0204025510891777,0,0,0,0,0,0,0,0,0,0,0,-1.0780223794663,0,0,0,0,0,0,0,0,0,0,0,0,0,0,0,0,0,0.364483895922157,0,0,0.0129325354063254,-0.43545620429244,0,0
0,0,0,0,0,0,0,0,0,0,0,0,0,0,0,0,0,0,0,0,0,0,0,0,0,0,0,0.217503326053096,-0.428879332017187,0,0,0,0,-0.468082785851646,0,0,0,0,0,0,0,0,0,0,0,0,0,0,0,0,-11.8124039865542,0,0,0,0,0,0,0,0,0,0,0,0,0,0,0,0,0,0,0,0,0,0,0,0,0,0,0,0,0,0,0,0,0,0,0,0,0,0,1.03702170334722,0,0,0,0,0,0,0,0,0,0,0,0,0,0,0,0,0,0,0,-0.734475090709252,0,0,0,0,0,0,0,0,0,0,0,0,0,0,0,0,0,0,0,0,0,0,-0.12585988335547,0,0,0,0,0,0,0,0.551472715263478,0,0,0,0,0,0,0,0,0,0,0,0,0,0.00991726754250966,0,0,0,0,0,0,0,0,0,0,0,0,0,0,0,0,0,0,0,0,0,0,0,0,0,0,0,0,0,0,0,0,0,0,0,0,0,0,-0.0344694741786153,0,0,0,0,0,-0.212638697197297
0,0,0,0,0,0,0,0,0,0,0,0,0,0,0,0,0,0,0,0,0,0,0,0,0,0,0,0,0,0,0,0,0,0,0,0,0,0,0,0,0,0,0,0,0.703898076388493,0,0,0,0,0,-10.0527725701253,0,0,0,0,0,0,0,0,0,0,0,0,-0.0257042044621347,0,0,0,0,0,0,0,0,0,0,0,0,0,0,0,0,0,0,0,0,0,0,0,0,0,0,0,0,0,0,0,0,0,0,0,0,0,0,0,0.2077481260344,0,0,0,0,0,0,0,0,0,0,0,0,0,0,0,0,0,-0.186231046054114,0,0,0,-0.390129745840015,0,0,0,0,0,0,0,0,0,0,0,-0.152554721950017,0,0,0.0646732450076026,0,0,0,0,0,0,0,0,0,0,0,0,0,0,0,0,0,0,0,0,0,-0.245684606337376,0,0,0,0,0,0,0,0,0,0,0,0,-0.3589532600964,0,0,0.00656491264033554,0,0,0,0,0,0,0,0,0,0,0,0,0,0,0,-0.0330131785899666,0,0,0,0,0
0,0,0,0,0,0,0,-0.264108510244699,0,0,-0.548995099003991,0,0,0,0,0,0,0,0,0,0,0,0,0,0,0,0,0,0.26755086547488,0,2.33565680067774,0,0,0,0,0,0,-0.58465852397968,0,0,0,0,0,0.141320199011761,-0.109153317241968,0,1.17828966835081,0,0,0,-10.4361174975067,-0.282465801393651,0,0,0,0,0,0,0,0,0,0,-0.440175016915048,0,0,0,0,0,-0.196964046424076,0,0.743801168260208,0,0,0,0,0,0,0,0,0,0,0,-0.238833456615616,0,0,0,0,0,0,0.224050845017078,0,0,0,0,0,0,0,0,0,0,0,0,0,-1.38991030484956,0,0,0,0,0,0,0,0,0,0,0.117033822717789,-1.37398939023019,0,0,0,0,-0.23875848156216,0,0,0,0,0,0,0,0,0.101221282140579,0,0,0,0,0,0,0,0,0,0,0,0,0,0,0,0,0,0,0,0,0,0,0.620724902263084,0,0,0,0.477230989199489,0,0,0,-0.111562889460078,0,1.45474334436202,0,0,0,0,0,0,0,0,0,0,0,0,0,0,0.000377527005548828,0,-0.763414514529547,0,-0.0250065137127449,0,0,0,0.0167736074062164,0,0,0,0,0.965046650331749,0,0,0,0,0,0,0,0.541228211179156,0
0,0,0,0,0,0,0,0.275952375544994,0,0,0,0,0,0.167532059404408,0,0,0,0,0,0,0,0,0,0,0,0,0,0,-0.536278501105866,0,0,0,0,0.288713843608732,0,0,0,0,0,0,0,0,0,0.11916055345991,0.397113519527791,0,0,0,0,0,-12.0045339126879,0,0,0,0,0,0,0,0,0,0,0,0,0,0,0,0,0,0,0,0,0,0,0,0,0,0,0,0,0,0,0,0,0.0239568939494887,0,0,0,0,0,0,0.413112670355356,0,0,0,0,0,0,0,0,0,0,0,0,0,0,0,0,0,0,0,0,0,0,0,0,0,0,0,0,0,0,0,0,0,0,0,0,0,0,0,0,0,0,0,-0.0697824623394334,0,0,0,0,0,0,0,0,0,0,0,0,0,0,0,0,0,0,0,0,0,0,0,0,0,0,0,-0.0166420213290488,0,0,0,0,0,0,0,0,0,0,0,0,0,0,0,0,0,0,0,0,0,0,0,0,0,0,0,0,0,0,0,0,0,0,0,0,0.0268154860822305
0,0,0,0,0,0,0,0,0,0,0,0,0,0,0,0,0,0,0,0,0,0,0,0,0,0,0,0,0,0,0,0,0,0,0,0,0,0,0,0,0,0,0,0,0,0,0,0,0,0,-11.6856461335936,0,0,0,0,0,0,0,0,0,0,0,0,0,0,0,0,0,0,0,0,0,0,-0.448234729995687,0,0,0,0,0,0,0,0,0,0,0,0,0,0,0,0,0,0,0,0,0,0,0,0,0,0,0,0,0,0,0,0,0,0,0,0,0,0,0,0,0,0,0,0,0,0,0,0,0,0,0,0,0,0,0,0,0,0,0,0,0,0,0,0,0,0,0,0,0,0,0,0,0,0,0,0,0,0,0,0,0,0,0,0,0,0,0,0,0,0,0,0,0,0,0,0,0,0,0,0,0,0,0,0,0,0,0,0,0,0,0,0,0,0,0,0,0,0,0,0,0,0,0,0,0,0
0,0,-0.11873555868093,0,0,0,0,0,0,0.0761361757799464,0.654977518093645,0,0,0,0,0,0,0,0,0,0,0,0,0,0,0,0,-0.889271415465026,0,0,0,0,0,-0.16315307416717,0,0,0.131390005066872,0,0,0,0,0,0,0,0,0,0,0,0,0,-12.3341415700094,0,0,0,0,-0.134944899770617,0,0,0,0.429496436263054,0,0,0,0,0,0,0,0,0,0,1.42653959805863,0,0,0,0,0,0,0,0,0,0,0,0,0,0,-0.903622124223079,0,0,0,0,0,0,0,0,0,0,0,0,0,0,0.0910840375525221,0,0,0,0,0.345113203646467,0,0,0,0,0,0,0,0.392394602843457,0,0,0,0,0,0,0,0.0807834258084534,0,0,0,0,0,0,0,0,0,0,0,0,0,0,0,0,0,0,0,0,0,0,0,0,0,0,0,0.504852022391884,0,0,0,0,0,0,0,0,0,0,0,0,0,0,0,0,0,-0.402657621654326,0,0,0,0,0,0,0,-0.233472180084797,0,0,0,0,0,0,0,0.396893287761978,0,0,0,0,0,0,0,0,0,0,0,0,0,0,0,0
0,0,0,0,0,0,0,0,0,0,0,0,0,0.0863604284869099,0,0,0,0,0,0,0,0,0,0,0,0,0,0,0.602102535274204,0,0,0,0,0,0,0,0,0,0,0,0,0,0,0,0,0,0,0,0,0,-12.7091329143635,0,0,0,0,0,-0.0150431041998595,0,0,0,0,0,-0.458280789895559,0,0,0,0,0,0,0,0,0,-0.0257770778260116,0,0.105817718484613,0,0,0,0,0,0,0,0,0,0,0,0,0,0,0,0,0,0,0,0,0,0,0,0,0,0,0,0,0,0,0.143838141120321,0,0,0,0,0,0,0,0,0,0,0,0,0,0,0,0,0,0,0,0,0,0,0,0,0,0,0,0,-0.0344180845406885,0,0.100800271525845,0.516795608692844,0,0,0,0,0,0,0,0,0,0,0,0,0,0,0,-0.169326627501883,0.919976602502901,0,0,0,0,0,0,0,0.291095277962345,0,0,0,0,0,0,0,0,0,0,0,0,0,0,0,-0.229280739970349,0,0,0,0,0,0,0,0,0,0,0,0,0,0,0,0.355701577469224,0,0,0,0,0
0,0,0,0,0,0,0,0,0.0699080314127789,0,0,0,0,0,0,0,-0.617284442171832,0,0,0,0,0,0,0,0,0,0.515484557647321,0,0,0,0,0,0,0,0,0,0,0,0,0,0,0,0,0,0,0,0,0,0,0,0,0,0,0,0,0,0,0,0,0,0,0,0,0,0,0,0,0,0,0,0,0,0,0,0,0,0,0,0,0,0,1.3804762954455,0,0,0,0,0,0,0,0,0,0,0,0,0,0,0.209022361431778,0,0,0,0,0,0,-0.333998380880205,0,0,0,0,0,0,0,0,0,0,0,0,0,0,0,0,0,0,0,0,0,0,0,0.284725681340557,0,0,0,0.138277713551544,0,0,0,0,0.0520835792628176,0,0,-0.06662343282322,0,0,0,0,0,0,0,0.858882512049349,0,-0.0714913276916604,0,0,0,0,0,0,0,0,0,0,0,0,0,0,0,0,0,0,0,0,0,0,0,0,0,0,0,0,0,0,0,0,0,0,0,0,0,0.299246497609905,0,0,0,0,0,0,0,0,0,0,0,0
0,0,0,0,0,0,0,0,0,0,0,0,0,0,0,0,0,0,0,0,0,0,0,0,0,0,0,0,0,0,0,0,0,0,0,0,0,0,0,0,0,0,0,0,0,0,0,0,0,0,0,0,0,0,0,0,0,0,0,0,0,0,0,0,0,0,0,0,0,0,0,0,0,0,0,0,0,0,0,0,0,0,0,0,0,0,0,0,0,0,0,0,0,0,0,0,0,0,0,0,0,0,0,0,0,0,0,0,0,0,0,0,0,0,0,0,0,0,0,0,0,0,0,0,0,0,0,0,0,0,0.0419642605325889,0,0,0,0,0,0,0,0,0,0,0,0,0,0,0,0,0,0,0,0,0,0,0,0,0,0,0,0,0,0,0,0,0,0,0,0,0,0,0,0,0,0,0,0,0,0,0,0,0,0,0,0,0,0,0,0,0,0,0,0,0,0,0,0,0,0,0,0,-0.00733128993163668
0,0,-0.0530745361298899,0,0,0,0,0,0,0,0,0,0,0,0,0,0,0,0,0,0,0,0,0,0,0,0,0,0,0,0,0,0,0,0,0,0,0,0,0,0,0,0,0,0,0,0,0,0,0,0,0,0,0,0,0,0,0,0,0,0,0,0,0,0,0.206644108791099,0,0,0,0,0,0,0,0,0,0,0,0,0,0,0,0,0,0,0,0,0,0,0,0,0,0,0,0,0,0,0,0,0,0,0,0,0,0,0,0,0,0,0,0,0,0,0,0,0,0,0,0,0,0,0,0,0,0,0,0,0,0,0,0,0.306522197700962,0,0,0,0,0,0,0,0,0,0,0,0,0,0,0,0,0,0,0,0,0,0,0,0,0,0,0,0,0,0,0,0,0,0,0,0,0,0,0,0,0,0,0,0,0,0,0,0,0,0,0,0,0,0,0,0,0,0,0,0,0,0,0,0,0,0,0,0,0
0,0,0,0,0,0,0,0,0,0,0,0,0,0,0,0,0,0,0,0,0,0,0,0,0,0,0,0,0,0,0,0,0,0,0,0,0,0,0,0,0,0,0,0.0308112259015074,0,0,0,0,0,0,0,0,0,0,0,0,0,0.38722548803966,0,0,0,0,0,0,0,0,0,0,0,0,0,0,0,0,-0.164505366795907,-0.033716630265314,0,0,0,0.280045988700447,0,0,0,0.0422981797922968,0,0,0,0,0,0,0,0,0,0,0,0,0,0,0,0,0,0,0,0,0,0,0,0,0,0,0,0,0,0,0,0,0,-1.38837319301396,0,0,0,0,0,0,0,0,0,0,0,0,0.564266355982075,0,0,0,0,0,0,0,0,0,-0.163999660882905,0,0,0,0,0,0,0,0,0,0,0,0,0,0,0,0,0,0,0,0,0,0,0,0,0,0,0,0,0,0,0,0,0,0,0,0,0,0,0,0,0,0,0,0.67557098206568,0,0,0,0,0,0,0,0,0,0,0,0,0,0,0
0,0,0,0,0,0,0,0,0,0.271121107525187,0,0,0,0,0,0,0,0,0,0,0,0,0,0,0.137945316649312,0,0.307036479302517,0,0,0,0.0740532846640709,0,0,0,0,0,0,0,0,0,-0.168361075980217,0,0,0,0,0,0,0,0,-0.193386931210602,0,0,0,0,0,0,0,0,0,0,0,0,0,0,0,0,0,0,0,0,0,0,0,0,0,0,0,0,0,0,0,0,0.435513856097954,0,0,0,0,0.214045182596012,0,0,0,0,0,0,0,0,0,0,0,0,0,0.807078720557428,0,0,0,0,0,0,0,0,0,0,0,0,0,0,0,0,0,0,0,0,-1.53980788077578,0,0,0,0,0,0,0,0,0,0,0,-0.203706161415965,0,0,0,0,0,0,0.150585114121446,0,0,0,0,0,0,0,0,0,0,0,0,0,0,0,0,0,0,0,0,0,0,0,-0.14466986190935,0,0,0.704274244163651,0,0,0,0,0,0,0,0,0,-0.389937646814961,0,0,0,0,0,0,0,0,0,0,0,0,0,0,0,0,0,0,0,0,0
0,0,0,0,0,0,0,0,0,0,0,0,0,0,0,0,0,0,0,0,0,0,0,0,0,0,0,0,0,0,0,0,0,0,0,0,0,0,0,0,0,0,0,0,0,0,0,0,0,0,0,0,0,0,0,0,0,-1.20780910987291,0,0,0,0,0,0,0,0,0,0,0,0,0,0,0,0,0,0,0,0,0,0,0,0,0,0,0,0,0,0,0,0,0,0,0,0,0,0,0,0,0,0,0,0,0,0,0,0,0,0,0,0,0,0,0,0,0,0,0,0,0,0,0,0,0,0,0,0,0,0,0,0,0,0,0,0,0,0,0,0,0,0,0,0,0,0.460378986061256,0,0,0,0,0,0,0,0,0,0,0,0,0,0,0,0,0,-0.351660639693692,0,0,0,0,-0.0715178752611911,0,0,0,0,0,0,0,0,0.438807806067155,0,0,0.333360725325737,0,0,0,0,0,0,0,0,0,0,0,0,0,0,0,0,0,0,0,0,0
0,0,0,0,0.827184569049615,0,0,0,-0.518928258382068,0,0,0,0.536356493605564,0,0,0,0,0,0,0,0,0,0,0,0,0,0,0,0,0,0,0,-0.228323640699486,0,0,0,0,0,0,0,0,0,0,0,0,0,0,0,0,0,0,0,0,0,0,-0.199986199646783,0,0,0,0,0,0,0,0,0,0,0,0,0,0,0,0,0,0,-0.032941783335003,0.829781020137067,0,0,0,0,0,0,0,0,0,0,0,0,0,0,0,0,0,0,0,2.17714458887504,0,0,0,0,0,0,0,0,0,0,0,0.352917081961141,0,0,0,0,0,0,0,0,0,-1.91772610979969,0,0,0,0,0,0,0,0,0,0,0,0,0,0,0,0,0,0,0,0,0,0,0,0,0,0,0,0,0,0,0,0,0,0,0,0,0,0,0,0,0,0,0,0,0,0,0,0,-3.0156751601194,0.347116111833678,0,0,0,0,0,0,0,0,0,0,0,0,0,-0.0473775902464031,0,0,0,0,0,0,0,-0.103811471559663,0,0,0,0,0.339356411524185,0,0,0,0,0
0,0,0,0,0,0,0,0.226852914232725,0,0,0,0,0,0,0,0,0,0,0,0,0,0,0,0,0,0,0,0,0,0,0,0,0,0,0,0,0,0.0474861847596555,0,0,0,0,0,0,0,-0.0219655107934604,0,0,0,0,0,0,0,0,0,0,0,0,0,0,0,0,0,0,0,0,0,0,0,0,0,0,0,0,0,0,0,0,0,0,0,0,0,0,0,0,0,0,0,0,0,0,0,0,0,0,0,0,0,0,0,0,0,0,0,0,0,0,0,0,0,0,0,0,0,0,0,0,0,0,0,0,0,0,0,0,0,0,0,0,0,0,0,0,0,0,0,0,0,0,0,0,0,0,0,0,0,0,0,0,0,0,0,0,0,0,0,0,0,0,0,0,0,0,0,0,0,0,0,0,0,0,0,0,0,0,0,0,0,0,0,0,0,0.535479805435953,0,0,0,0,0,0,0,0,0,0,0,0,0,0,0,0
0,0,0,0,0,0,-0.409397458211257,0,0,0,0,0,0,0,0,0,0,0,0,-0.476629682798402,-0.527590144353201,0,0,0,0,-2.20646602268942,0,0.293497090055227,0,0,0,0,-0.187972725198387,0.747998866071448,0,0,0,0,0,0,0,0,0,-3.08822102569709,0.786218284219583,0,-0.338790376609529,0,0,-0.785584398565545,0,0,0,0,0,0,0,0.0253966752866501,0,0,0,-0.868145409838897,0.203265405660075,0,0,0.495108247674735,0,0.843932549766741,0,0,0,0,0,0,0.282629117967206,0,0,0,0,-1.00859149677178,0,0.321334962839657,0.315058420546267,0,0,0,0,0,0,0,0,0,-0.00961355187174839,0,0,0,0,0,0,0,0,0,1.50985791777503,0.722486149718055,-0.574369883131154,0,0,0,0,0,0,0,0,0,0,-1.12978446368642,0,0,0,0,0,0,0,0,0,0,0,0,0,0,0,0,-1.23007653434847,0,0,0,0.114575458741256,-0.433909421769796,0,0.12954558732369,0,0,0,0,0,0,0,0,0,0,0,0,0,0,0,0,-0.509263599501583,0,0,0,0,0,0.311444703784138,0,0,0,0,0,0.0125820293214465,0,0,0,0,0,-1.57054252032046,1.03661632636039,0,0.25429689526752,0.397990055241634,0.118679503570024,0,0,0,0,0,0,0.929613838227751,0,0,0.987240002199068,0,0,0,0,0,0,0.18527852347613,-0.36063301231059,0,0
0,0,0,0,0,0,0,0,0,0,0.996524095873017,0,0,0.0778923374692486,0,0,0,0,0,0,0,0,0,0,0,0,0,0,0,0,-0.93084695343559,0,0,0,0,0,0.552759282962373,0.333751553455832,0,0,0,0,0,0,0,0,0.18428002586241,0,0,0,-0.122766959332378,0,0,0,0,0,0,0,0,0,0,0,0,0,0,0,0,0,0,0,0,0,0,0,0,0,0,0,0,0,0,0,0,0,0,0,0,-0.252575701764653,0,-0.0346900089904054,0,0,0,0,0,0,0,0,0,0,1.35350621603624,0,0,0,0,0,0,0,0,0,0,0,0,0,0,0,0,0,0,0,0,0,0,0,0,0,0.956414730609069,0,0,0,0,0,0.142937129689564,0,-0.49805690540596,0.760411123028801,0,0,0,-0.0335479574384425,0,0,0,0,0,0,0,0,0,0,0,0,0,0,0,0,0,0,0,1.19626167437534,0,0,0.98909367346191,0,0,0,0,0,0,0,0,0,0,0,0,0,0,0.124726239027269,0,0,0,0,0,0,0,0,0,0,0,-0.0583968846477405,0,0,0,0,0,0,0,0,0,0
0,0,0,0,0,0,0,0,0,-0.00676026207780578,0,0,0,0,0,0,0,0,-0.230902027469008,0,0,0,0,0,0,0,0,0,0,0,0,0,0,0,0,0,0,0,0,0,0,0,0,0,0,0,0,0,0,0,-0.521358854868031,0,-0.0521353397260063,0,0,0,0,0.265920437331054,0,0,0,0,0,0,0,0,0,0,0,0,0,0,0,0,0,0,0,-0.623444407965578,0,0,0,0,0,-0.432758081236485,0,0,0,0,0,0.380532641570001,0,0,0,0,-0.203885206471056,0,0,0,0,0,0.148142913836832,0,0,0,0,0,0,0,0,-0.368778029781161,0,0,0,0,0,-0.232838978383871,0,0,0,0,0,-0.429866639650083,0,0,0,0,0,-0.101945720227532,0,0,0,0,0,0,0,0,0,0,0,-0.626658348916884,0,0,0,0,0,0,0,0.162357626482992,0,0,1.18865172467697,0,0,0,0,0,0,0,0,-0.145852066471807,0,0,1.11736967744769,0,0,0,0,0,0,0,0,0,0,0,0,0,0,0,0,0,0,0,0,0,0,0,0,0.175383351583606,0,0,0,0,0,-0.357431029701606,0,-0.130832238727124,0,0,0,0
0,0,-1.08034065796732,0,0,0,0,0,-1.12591974279787,1.56187013684798,0.908229581710281,0,0,0,0,0,0.238090267445556,0,0,0.246337547743846,0,0,0,0,0,0,0,0,0,0,0,-0.501819640983693,0,0,0,0,0,-0.944064799686551,0,0,0,0,0,0,0,0,0,0,0,0,0,0,0,-2.18554698204552,0,0,-0.227132486033007,0.020547556755909,0,-0.275266441519545,0,0,0,0,0,0,0,0,0,0,0,0,0,0,0,0,0,0,0,0,0,0,0,0,0,0,0,0,-1.11193257000551,0,0,0.0432705539297153,0,0,0,0,0,0,-0.221565282737149,1.02534961710515,0.0672050213860407,0.641204957045311,0,0,0,-1.35945450728563,0,0,0,0.076975965906942,0,0,0,0,0,-0.517077830718017,0,0,0,0,0,0,0,0,0,0,0,0,-0.0654887383008635,-0.383433125067725,0,0,0,0,0,0,0,0,0,0,0,0.173661168847386,0,0,0,0,0,0,0,-0.0115158983197585,0,0,0,0,0,0,0,0,0,-0.180145271439703,0.121717173913123,0,0,0,0,0,-0.309379743961879,0,0.478625031350876,0,0.589734355999446,0,0,0,0,0,-0.173234889714948,0,0,0,0,0,0,0,0,0,0,1.55701399472432,0,0,-2.6071214373646,0,0.445097090571359,0,0,0,0,0,0,0
0,0,-0.422342829677741,0,0,0,0,0,-0.0288996941674606,1.7358145020221,0,0,0,0,0,0,0,0,0,0.105548508886032,0,0,0,0,0,0,1.09323364575216,0,0,0,0,-0.154330756528325,0,0,0,0,0,-0.592657641872659,0,0,0,0,0,0,0,0,0,0,0,0,0,0,0,0,0,0,0,0,0,-0.431333918574428,0,0,-0.7864542175351,0,0,0,0,0,0,0,0,0,0,0,0,0,0,0,0,0,0,0,0,0,0,0,0,0,-1.35579045054532,0,0,0,0,0,0,0,0,0,0,0.435890595336625,0.10618936994633,0,0,0,0,-0.64657751376697,0,0,0.215780516668465,0,0,0,0,0,0,0,0,0,0,0,0,0,0,0,0,0,0,0,0,-0.627947422304122,0,0,0,0,0.0817562546997308,0,-0.684570903913121,0,0,0,0,0.156203956800225,0,0,0,0,0,0.286154646352216,0,0,0,0,0,0,0,0,0,0,0,0,0,0,0,0,0,0,0,0,0.579803558294359,0,0.10946384758443,0,0,0,0,0,0,0,0,0,0,0,0,0,0,0,0,0.55900480166705,0,0,0,0,0,0,0,0,0,0,0,0
0,0,-1.14233895340698,0,0,0,0,0,0,0.928718343574563,0,0,0,0,0,0,0,0,0,0,0,0,0,0,0,0,1.31319279150885,0,0,0,0,0,0,0,0,0,0,0,0,0,0,0,0,0,0,0,0,0,0,0,0,0,0,0,0,0,0,0,0,0,0,0,0,0,0,0,0,0,0,0,0,0,0,0,0,0,0,0,0,0,0,0,0,0,0,0,0,0,-0.727867059352862,0,0,0,0,0,0,0.21868518153486,0,0,0,0,0,0,0,0,0,-0.826798740749597,0,0,0.481108240427507,0,0,0,0,0,0,0,0,0,0,0,0,0,-0.146605065334296,0,0,0,0,0,0,-0.0626978703963088,0,0,0,0,0,0,-0.990820121799351,0,0,0,0,0,0,0,0,0,0,0.766075774669623,0,0,0,0,0,0,0,0,0,0,0,0,0,0,0,0,0,0,0,0,0,0,0,0,0,0,0,0,0,0,0,0,0,0,0,0,0,0,0,0,0,0,0,0,0,0,0,0,0,0,0,0
0,0,-0.37320632461125,0,-1.09748615650322,0,0,0,0,1.00410502034391,-0.203475312966514,0,0,0,0,0,0,0,0,0,0,0,0,0,0,0,0.70364377296135,0,0,0,0,0,0,0,0,0,0,0,0,0,0,0,0,0,0,0,0,0,0,0,0,0,0,0,0,0,0,0,-0.0241120988851258,0,0,0,0,0,0,0,0,0,0,0,0,0,0,0,0,0,0,0,0,0,0,0,0,-0.0110526045892405,0,0,0,0.190112342231767,0,0,0,0,0,0,0,0,0,0,0,0,0,0,0,0,0,-0.091575989645849,0,0,0.136184473606675,0,0,0,0,0,0,0,0,0,0,0,0,0,0,0,0,0,0,0,0,0,0,0,0,0,0,0,-0.510801913001915,0,0,0,0,0,0,0,0,0,0,0.0943648003999853,0,0,0,0,0,0,0,0,0,0,0,0,0,0,0,0.0540606010242595,0,0,0,0,0,0,0,0,0,0,0,0,0,0,0,0,0,0,0,0,0,0,0,0,0,0,0,0,0,0,0,0,0,0,0,0
0,0,-0.242248154016499,0,-0.464920073582748,0,0,0,0,1.81203603984019,0,0,0,0,0,0,0,0,0,0.141547477451478,0,0,0,0,0,0,0.548190619965437,0,0,0,0,0,0,0,0,0,0.0447428488863568,0,0,0,0,0,0,0,0,0,0,0,0,0,0,0,0,0,0,0,0,0,0,0,0,0,-0.223829934315296,0,0,0,0,0,0,0,0,0,0,0,0,0,0,0,0,0,0,0,0,0,-0.113482672406187,0,0,0,0,0,0,0,0,0,0,0.32210706867908,0,0,0,0.280437093491122,0,0,0,0,0,-0.431484358332127,0,0,0.602123966559036,0,0,0,0,0,0,0,0,0.301622626268953,0,0,0,0,0,0,0,0,0,0,0,-0.524030196943083,0,0,0,0,0,0,-0.236056665865455,0,0,-0.360548478358377,0,0,0,0,0,0,0,0.298971131200565,0,0,0,0,0,0,0,0,0,0,0,0,0,0,0,0,0,0,0,0,0,0,0,0,0,0,0,0,0,0,0,0,0,0,0,0,0,0,0,0,0,0,0,0,0,0,0,0,0,0,0,0
0,0,0,0,0,0,1.75441572404639,0,0,4.3462518079741,0,0,0.54303772218512,0,0,0,0,0,0,0,0.269282998776981,0,0,0,-0.446781991039747,0,0,0,0,0,0,-10.7884398070482,0,1.0856326906855,0,0,0.176640998229235,0,0,0,0,0,-0.185636039719116,0,0,0,0,0,0,0,0,0,0,0,0,0,0,0,0,0,0,0,0,0,0,0,0,0,0,0,0,0,0,0,0,0,0,0,0,0,0,0.182546236337157,0,0,-1.32388922010075,0,0,0,0,0,0,0.881358281070506,0,0,-2.1267108212032,0.0868366454649765,0,0,0,1.11598117978164,0.822262105509066,0,0,0,0,-0.332109426660588,0,0,0,0,0,0,0,0.271975272062995,0,0.220072643638002,0,1.03427418060335,0,0,0,0,0,0,0,0,0,0,0,-3.18082620241053,0,1.01425365614983,0,0,0.482994397608392,0,0,-0.563767223440947,0,0,0,0,0,0,-0.28457041507281,0,0,0,0,0,0,0,-0.480262746995449,0,0,0,0,0,0,-1.2127471006874,0,0,0,0.906599633864635,0,0,-1.15040684430705,0,0,0,0,0,0,-0.959087260204184,0,0.0144570926734429,0,-0.72468969242716,0,0,0,0,0,0,0,0,0.147383229730841,0.395161163675116,0,0,0,0,0,0,0,0,0,0,0,0
0,0.654794128090244,0,0,0,-0.60293272491185,0.213110402811763,-0.389567365964618,0,0,0,0,0,0,0,0,0,0,0,0,0,0.00156593588271869,0,0,0,0,0,0.275141796198071,0,0,0.522573938431723,0,0.164693547719386,0,0,2.16660377389356,0.217777294503129,0,0,0,0,0,0,0,0,0,0,0,0,0,0,0.593012410660559,0,0,0,0,0,0,0,0,0,0,0,-1.27688395278705,0,0.201142490734668,-0.667937819287372,0,0,0,0,0,-0.292807093839414,0,0,-1.07482684054864,0,0,0,0,-0.15558636706318,0,0,0.346437311510151,1.25307788534781,0,0.196454724729495,-0.050030778211593,0,0,0,0,0.034972751802431,0,0,0,0,0,-0.90170510568225,0,-0.178214864403813,1.82743146120514,0,0,-0.185314102663732,0,0,-0.487295783706286,0,0,0,0,0,0,0.995044861057496,0.219693931179686,0,0,0,0,0.502828143059365,0,0.167894546667891,0,0,0,0,0,0,-0.945980897742792,0,-0.514468911851321,0,0,-0.434163988254419,0,0,0,0,0,0,0,0,0,0,5.83151270852759,0,0,-0.0966147825514312,0,0,0,0.554323485180342,0,0,0,0,0,0,0,0,-0.522523425397427,0,0,0,0,0,0,0,0,0,0,-0.0198047669750279,0,0,0,-0.501944102426843,0,0,0,0,0,0,-0.387146849564992,0,0,0,-0.118216493824327,0,0.0348924627380225,0,0,0,-0.204520658887699,0,0,0,0.0324220094822427,0,0
0,0,0,0,0,0,0,0,-0.0874813574565012,0,0,0,0.416302201673348,0,0,0,0,0,0,0,0,0,0,0,0,0,0,0,0,0,0.0388965709684175,0,0,0,0,0,0,0,0,0,0,0,0,0,0,0,0,0,0,0,0,1.21879719184385,0,0,0,-0.0503459209325743,0,0,0,0,0,0,0,0,0.0372854564602469,0,0,0,0,0,0,0,0,0,0,0,0,0,0,0,0,0,0,0,0,0,0,0,0,0,0,0,0,0,0,0,-0.0489907702660606,0,0,0,0,0,0,0,0,0,0,-0.35852154385439,0,0,0,0,0,0,0,0,0,-2.06694961049947,0,0,0,0,0,-0.278875353787811,0,0,0,0,0,0,0,0,0.323484934970322,0,0,0.403546573148559,0,0,0,0,-0.0133673510664978,0,0,0,0,0,0,0,0,0,0,0,0,0,0,0,0,0,-0.889181374764808,0,0,0,0,0,0,0,-3.4168243680524,0,0,0,0,0,0,0.691765357732829,0,0,0,0,0,0,0,0,0,1.71642723522923,0,0,0,0,0,0,0,0,-0.357881668303538,0,0,0,0.470556574885963,0,0,-0.0969815376242227
0,0,0,0,0,0.150921848538451,0,1.37461565125048,0,0,-0.79846412881321,-0.0846850451373393,0,0,0,0,0,0,0,0,0,0,0,0.159815156084828,-1.96604039411108,0.393068549076609,0,0,1.23107504473239,0,1.31741426778663,-1.20408241840131,0,-0.189737642822513,0,0,0,0,0,0,-0.428753817440545,0,0,1.04105555963266,0,0.521176839374474,-0.680027431463262,0,0,0,0,0,0,0,0,0.0921828938360232,-2.65464945857591,0.445643476724999,0,0,0,0,0,-0.104906028380379,1.80661334397857,0,-2.49827659257272,0,0,0,0,0,0,0,0.779821629245385,0,0,0,-1.21577439116671,0,0,0,0,0,0,0,-0.216292965963599,0,0,0,0,0,0,0,-0.546242899879995,-0.674374411370639,0,0,0,0,0,0,0,0,0,0,0,0,0,0,0,0,0,0,-0.0267988442744045,0,0,0,0.107193481055019,0,0,0,0,0,0,0,0,0,0.385017841068368,-0.175430946815558,-1.33287632449405,0,0,0,-0.243231417352622,0,-0.47505175025753,0,0,0,0,0.771139833293642,0,0,0,0,0,0,0,0,-0.752129765067885,0,0,-0.257261667059964,0,0,0,0,0,0,0,0,0,0.742546077480373,0,0,-0.488688324020101,0,-1.87225702664395,0,0,0,0,0,0,0,0,0,-2.77378066637786,0,0,-0.618438086085677,0,0,0,0,0,0,-7.72780687641714,0,0,0,0,0,0,-0.491656542290915,0,0,0,-2.52894497945926
0,0.249672733065896,0,0,0,0,0,0,0.670030223629832,0,0,0,0,0,0,0,0,0,-1.09098791048419,0,-0.170700182530011,0,0,0,0,0,0,0,0,0,0,0,0,0,0,0,0,0,0,0.204651996385846,0,0,0,0.236302090308743,0.587141643877322,0,0.313284617344207,0,0,0,0,0,0.627021330186167,0,0,0,0,0,0,0,-1.90521808915468,0,-3.0538052911663,0.0601207374424095,0,-0.178790174139136,0,0,0,0,0.0489970616283124,0,0,0,0,0.0954314510694194,0,0,0,0,0,0,-0.349134797890567,0,0,0,0,0,0,-2.00733200172512,0,0,0,0,0.308883215391195,0.293313036962496,0,0,-0.598056719017051,0,0.429448919645364,0,0,0.395986767101461,0,0,0,0,0,0.121085929452783,0,0,-0.195556146415937,0,0,2.42599711715069,0,0,0,0,0,0,-0.137462882058513,0,0,0,-1.27126001008231,0.283542951246243,0,0,-0.343324617457373,-1.29716494127592,-0.53655104736434,0,0,0,0,-0.0424369832499647,0,0,0,0,0,0,0,0,0,-0.354921330267619,0.163060359893977,0,-2.41141729254151,0,0,0,0,0.233348656761854,0,0.0988020566702754,0,0,0,0,5.30498147274942,0,0,0,0.11264586598666,-1.6842300230498,0,0,0,0,0,0,0,-0.0112440205134463,0,-0.171278148612193,-0.84395921964654,0,0.0807084944662919,0,0,0,0,0,0,0,-14.5565701199775,0,0,0,0.270971242294857,0,0,0.772261648438878,0,0,0,0
0,0,0,0,0,0,0,0,1.95384640604808,0,0,0,0.0711965804898063,0,0,0,0,0.922115818972883,0,0,0,0,0.311039025684783,0.562745216079112,0,0,0,0,0,0,0,0,0,-0.0618051053475825,0,0,0,0,0,0,0,0,0,0,-1.88981021470428,-1.94364288200582,0,0,0,0,0,0,-0.00426129275271037,0,-0.236323469230485,0,0,0,0,0,-0.121583841133841,0,0,0.792824314404761,0,-0.592255850638245,0,0.278740826907533,0,0,1.17665523985115,0,0.255660251862709,0,-0.550809545056783,0,0,0,0.2158521565693,0.873656676169219,0.190295037063236,-1.02351660027897,-1.27992253944009,0.0422523225932754,0,-0.917333475124502,-2.44630048061601,0,0,-0.25262180577224,0,0,0,0,0,0,0,0,0,0,0,0,0.561284103704213,0,0,0,0,0,0,0,0,0,0,0,0,2.67016098983604,0,0,0,0,-0.658306342719202,0.290770056249973,0,0,0,0,-0.783159565734765,0,0,-0.212023308314304,0,-0.480201409335052,0,0,0,0,0,0,0,0,0,0,0,0,0,0,0,-0.208686863525004,0,0.0767838885834033,-0.142399650170338,0,0,0,0.396122432443937,0,0,0,0,0,0,0,0,0,0,0,0,0,0,0,0,0,-1.02887551566573,0,0,-2.34637331374339,0,0,0.00308936530202786,2.10143251527787,0,-0.457002323970362,0,0,0,0,0,0,-16.1792980339146,0,0,0,0,0,0,0,0,0,0,0.0395301512366304
0,0,0,0,0,0,0,0,0,0.0504826169964185,0,0,0,-0.0633362091815184,0,0,0,0,0,0,0,0,0,0,0,0,0,0,0,0,0,0,0,-0.011362360706205,0,0,-0.281335115246096,-0.374681027179729,0,0,0,0,0,0,0,0,0,0,0,0,0,0,0,0,0,-0.0283229980766582,0,0,0,-0.874782678172759,0,0,0,0,0,0,0,0,0,0,0,0,0,0,0,-0.352308523049452,0,0,0,0,0,0,0.113499434326124,0,0,0,0,0,0,0,0,0,0,0,0,0,0,0,-0.0184505671547961,0,0,0.00310971833334484,0,0,0,0,0,0,0,0,0,0,0,0,0,0,0,0,0,-0.565873103733405,0,0,0,0,0,0,0,0,0,0,0,0,-0.0871019458995939,0,0,0,0,4.20931426188089,0,0,0,0,0,0.416287288838882,0,4.84176440862398,0,0,0,0,0,0,0,0,-0.353381909658243,0,0,0,0,0,0,0,0,0,0,0,0,0,0.38649822384605,0,0,0,0,0,0,0,0,0.718204721802973,0,0,0,0,0,0,0,0,0,0,0,0,0,0,0,0,-0.227811178932845,0,0,0,0,0
0,-0.825079317453643,-0.256817523853155,0,0,0,0,0,0,0,0,0,0,0,0,0,0,-0.247065544287357,0,0,0,0,0,0,0,0,0,0,0,0,0,0,0,0,0,0,0.12900555888483,0,0,-0.642657230223146,0,0.0563706366895316,0,0,0,0,0,0,0,0,0,0,0,0,0,0,0,0,0,0.04353528130921,0,0,0,0,0,0,0,0,0,0,0,0,0,-0.572661029701333,0,0,0,0,0,0,0,0,0,0,0,0,0,0,0,0,0,0,0,0,0,0,0,0,0,0,0,0.692858586478151,0,0,0,-0.120200579064968,0,0,0,0,0,0,0,0,0,0,0,0,0,0,0,0,0,0,0,0,0,0,0,0,0,0,0,0,0,0,0,0,0,0,0,0,0,0,0,0,7.71029488367384,0,0,0,0,0,0,0,0,3.42635112272228,0,0,0,0,0,0,0.787048034525159,0,0,0,0,0,0,0,0,0,0,0,0,0,0,0,0,0,0,0,0,0,0,0,0,0,0,0,0,0,0,-0.385129891039355,0,0,0,0.68874144921872,0,0
0,0,0,0,0,0,0,-0.187315911868604,0,0,0,0,0,0,0,0,0,0,0,0,0,0,0,0,0,-0.372325298996071,0,0,0.336538742350597,0,0,0,0,0,0,0,0,0,0,-0.319545264408691,0,0,0,0,-0.420026038949226,0,0,0,0,0,0,0,0,0,0,0,0,-0.839784433567414,0,0,0,0,0,0,0,0,0,0,0,0,0,0,0,0,0,0,0,0,0,0,0,0,0,0,0,0,0,0,0,-0.336059936128013,0,0,0,0,0,0,0,0,0,0,0,0,0,0,0.21055830120478,0,0,0,0,0,0,0,0,0,0,0,0,0,0,0,0,0.309928624687723,0,0,0,0,0,0,0,0,0,0,0,0,0,0,0,0,0,0,0,0,0,0,0,0,4.5682083813107,0.449714657729258,0,0,-2.32184036584329,0,0,0,0,2.52254397799921,0,0,0,0,0,0,0,0,0,0,0,0.49121957537998,0,0,0,0,0,0,-0.193441243258875,0,0,0,0,0,0,0,0,0,0,0,0,0,0,0,0,0,0,0,0,0,0,0,5.10851886976778,0
0,0,0,0,0,0,0,0,0,0,0,0,0,0,0,0,0,0,0,0,0,0,0,0,0,0,0,0.861255855412754,0,0,0,0,0,0,0,0.110300499715291,0,0,0,0,0,0,0,0,0,0,0,0,0,0,0,0,0,0,0,0,0,-0.0997528186972205,0,0,0,0,0,0,0,0,0,0,0,0,0,0,0,0,0,0,0,0,0,0.300021789621245,0,0.0011986991949704,0,0,0,0,0,0,0,0,0,0,0,0,0.0909791518523841,0,19.9662585028473,0,0,0,0,0,0,0,0,0,0,0,0,0,0,0,0,0,0,0,0,0,0,0,0,0,0,0,0,0,0,0,0,0,0,0,0,0,0.0807452262104333,0,0,0,0,0,0,0,0,0,0,0,0,0,0,0,0,0,0,0,0,0,0,0,0,0,0,0,0,0,0,0,0,0,0,0,0,0,0,0,0,0,0,0,0.44051913275757,0,0,0,0,0,0,-0.140279474054596,0,0.915308066398517,0,0,0,0,0,0,0,0,0,0,0,0
0,0,0,0,0,0,0,0,0,0.0760551143218464,0,0,0,0,0,0,0,0,0,0,0,0,0,0,0,0,0,0,0,0,0,0,0,0,0,0,0,0,0,0,0,0,0,0,0,0,0,0,0,0,0,0,0,0,0,0,0,0,0,0,0,0,0,0,0,0.159248091685292,0,0,0,0,0,0,0,0,0,0,0,0,0,0,0,0,0,0,0.370184370691757,0,0,0,0,0,0,0,0,0,0.175982653741962,0,19.7142098285383,0,0,0.206857695483962,0,0,0,0,0,0,0,0,0,0,0,0,0,0,0,0,0,0,0,0,0,0,0,0,0,0,0,0,0,0,0,0,0,0,0,0,0,0,0,0,0,0,0,0,0,0,0,0,0,0,0,0,0,0,0,0,0,0,0,0,0,0,0,0,0,0,0,0,0,0,0,0,0,0,0,0,0,0.105341612088251,0,0,0,0,0,0,0.48085185247404,0,0,0.632747145049826,0,0,0.423773626400398,0,0,0,0,0,0,0,0,0
0,0,0,0,0,0,0,0,0,0,0,0,0,0,0,0,0,0,0,0,0,0,0,0,0,0,0,0,0,0,0,0,0,0,0,0,0,0,0,0,0,0,0,0,0,0,0,0,0,0,0,0,0,0,0,0,0,0,0,0,0,0,0,0,0,0,0,0,0,0,0,0,0,0,0,0,0,0,0,0,0,0,0,0,0,0,0,0,0,0,0,0,0,0,0,0,20.1095219134508,0.0128176059783758,0,0,0,0,0,0,0,0,0,0,0,0,0,0,0,0,0,0,0,0,0,0,0,0,0,0,0,0,0,0,0,0,0,0,0,0,0,0,0,0,0,0,0,0,-0.262793197256729,0,0,0,0,0,0,0,0.874509858332432,0,0,0,0,0,0,0,0,0,0,0,0,0,0,0,0,0,0,0,0,0,0,0,0,0,0,0,0,0,0,0,0,0,0,0,0,0,0,0,0,0,0,0,0,0,0,0,0,0
0,0,0,0,0,0,0,-0.0162106920086018,0,0,0,0,0,0,0,0,0,0,0,0,0,0,0,0,0,0,0,0,0,0,0,0,0,0,0,0,0,0,0,0,0,0,0,0,0,0,0,0,0,0,0,0,0,0,0,0,0,0,0,0,0,0,0,0,0,0,0,0,0,0,0,0,-0.106186717441898,0,0,0,0,0,0,0,0,0,0,-0.562985972736525,0,0,0,0,0,0,0,0,0,0,0,0,18.0258186988954,0,0,0,0,0,0,0,0,0,0,0,0,0,0,0,0,0,0,0,0,0,0,-0.165180521116032,0,0,0,0,0,0,0,0,0,0,0,0,0,0,0,0,0,0,0,0,0,0,0,0,0,0,0,0,0,0,0,0,-0.000297522389943738,0,0,0,0,0,0,0,0,0,0,0,0,0,0,0,0,0,0,0,0,0,0,0,0,0,0,0,0,0,0,0,0,0,0,0,0,0,0,0,0,0,0,0,0,0,0,0
0,0,0,0,0,0,0,0,0,0,0,0,0,0,0,0,0,0,0,0,0,0,0,0,0,0,0,0,0,0,0,0,0,0,0,0,0,0,0,0,0,0,0,0,0,0,0,0,0,0,0,0,0,0,0,0,0,0,0,0,0,0,0,0,0,0,0,0,0,0,0,0,0,0,0,0,0,0,0,0,0,0,0,0,0,0,0,0,0,0,0,0,0,0,0,0,15.0175255592237,0,0,0,0,0,0,0,0,-0.0794071856234764,0,0,0,0,0,0,0,0,0,0,0,0,0,-0.419511768418583,0,0,0,0,0,0,0,0,0,0,0,0,0,0,0,0,0,0,0,0,0,0,0,0,0,0,0,0,0,-0.152471499909286,0,0,-0.155409630249415,0,0,0,0,0,0,0,0,0,0,0,0,0,0,0,0,0,0,0,0,0,0,0,0,0,0,0,0,0,0,0,0,0,0,0,0,0.214484781298134,-0.318143915860726,0,-0.193912844647875,0,0,0,0,0,0,0
0,0,0,0,0,0,0,-0.015985534270142,0,-0.0483911806574242,0,0,0,0,0,0,0,0,0,0,0,0,0,0,0,0,0,0,0,0,0,0,0,0,0,0,0,0,0,0,0,0,0,0,0,0,0,0,0,0,0,0,0,0,0,0,0,0,0,0.101153314162918,0,0,0,0,0,0,0,0,0,0,0,0,0,0,0,0,0,0,0,0,0,0,0,0,0,0,0,0,0,0,0,0,0,0,0,0,12.1031287765993,0,0,0,0,0,0,0,0,0,0,0,-1.01019477913846,0,0,0,0,0,0,0,0,0,0,0,0,0,0,0,0,0,0,0,0,0,0,0,0,0,0,0,0,0,0,0,0,0,-0.241814034581457,0,0,0,0,0,0,0,0,0,0,0,-0.720358031888427,0,0,0,0,0,0,0,0,0,0,0,-1.05628953447039,0,-0.480868420906069,0,0,0,0,0,0,0,0,0,0,0,0,0,0,0,0,0.282015823042184,0,0,0,0.574498390926615,0,0,-1.81936578982759,0,0,0,0,-0.247375343953164,0,0
0,0,0,0,0,0,0,0,0,0,0,0,0,0,0,0,0,0,0,0,0,0,0,0,0,0,0,0,0,0,0,0,0,0,0,0,0,0,0,0,0,0,0,0,0,0,0,0,0,0,0,0,0,0.104265299321097,0,0,0,0,0,0,0,0,0,0,0,1.13803575143007,0,0,0,0,0,0,0,0,0.505334122619296,0.160044162485997,0,-0.387617752118683,0,0,0,0,0,0,0,0,0,0,0,0,0,0,0,0,-0.0120481188349171,-0.224477928618361,0,0,-0.0991121371993913,0,0,0,0,0,0,0,0,-0.00370573029961485,0,0,0,0,0,0,0,0,0,0,0,0,0,0,0,0,0,0,0,0,0,0,0,0,-0.944431457565521,0,0,0,-0.337062814465965,0.384921968422364,0,0,-0.934808083520445,0,0,0.351838195681376,0,4.04735273419031,0,0,0,0,0,0,0,0,0,0,0,0,0,0,0,0,-0.535428044572772,0,0,0,0,0,0,0,0,0,0,0,-0.162544968615506,0,0,1.09180520129762,0,0,0,0,0,0,0,0,0,-0.818250013469438,0,0,0,0,0,0,0,0,0,0,0,0
0,-0.0364173538316506,0,0,0,0,0,0,0,0,0,0,0,0,0,0,0,0,0,0,0,0,0,0,0,0,-0.13025804968633,0,0,0,0,0,0,0,0,0,0,0,0,0,0,0,0,0,0,0,0,0,0,0,0,0,0,0,0,0,0,0,0,0,0,0,0,0,0,-0.142242792199638,0,0,0,0,0,0,-0.177993447303126,0,0,0,0,0,0,-0.235155915569488,0,0,0,0,0,0,0,0,-0.0943135266892474,0,0,0,0,0,0,-0.289380212994758,0,0.216143954847649,0,0,0,0,0,0,0,0,0,0,0.0710747439642858,0,0,0,0,0,0,0,0,0,0,0,0,0,0,0,0,0,0,0,0,0,0,0,0,0,0,0.338086265101323,0,0,0,0,0,0,0,0,0,0,0,0,0,0,0,0,0,0,0,0,0,0,0,0,0,0.0589951582499151,0,0,0,0,0,0,0,0,0,0,0,0,0,0,0,0,0,0,0,0,0,0,0,0,0,0,0,0,0,0,0,0,0,0,0,0,0,0
0,0,0,0,0,0,0,0,0,0,0,0,0,0,0,0,0,0,0,0,0,0,0,0,0,0,0,0,0,0,0,0,0,0,0,0,0,0,0,0,0,0,0,-0.126085234598246,0,0,0,0,0,0,0,0,0,0,0,0,0,0,0,0,0,0,0,0,0,0,0,0,0,0,0,0,0,0,0,0,0,0,0,0,0,0,0,0,0,0,0,0,0,0,0,0,0,0,0,0,0,0,0,0,0,0,0,0,0,0,0,0,0,0,0,0,0,0,0,0,0,0,0,0.119562952886654,0,0,0,0,0,0,0,0,0,0,0,0,0,0,0,0.634518033603339,0,0,0,0,0,0,0,0,0,0,0,0,0,0,0,0,0,0,-1.33289328015082,0,0,0,0,0,0,0,0,0,0,0,0,0,-0.479966932105673,0,0,0,0,0,0,0,0,0,0,0,0,0,0,0,0,0,0,0,0,0,0,0,0,0,0,0,0,0,0,0
0,0,0,0,0,0,0,0,0,0,0,0,0,0,0,0,0,0,0,0,0,0,0,0,0,0,0,0.323301199381384,0,0,0,0,0,0,0,0,0,0,0,0,0,0,0,-0.364710003795939,0,0,0,0,0,0,0,0,0,0,0,0,0,0,0,0,0,0,0,0,0,0,0,0,0,0,0,0,0,0,0,0,0,0,0,0,0,0,0,0,0,0,0,0,0,0,0,0,0,0,0,0,0,0,0,0.0271071502535591,0,0,0,0,0,0,0,0,0,0,0,0,0,0,0,0,0,0,0,0,0,0,0,0,0,0,0,0,0,0,0.575367661862124,0,0,0,-0.965515992657652,0.878194164708697,0,0,0,0,0,0,0,0,0,0,0,0,0,0,0,0,0,0,0,0,0,0,0,0.438397241635767,0,0,0,0,0,0,0,0,0,0,0,0,0,0,0,0,0,0,0,0,0,0,0,0,0,0,0,0,0,0,0,0,0,0,0,0,0,0,0,0
0,0,0,0,0,0,0,0,0,0,0,0,0,0,0,0,0,0,0,0,0,0,0,0,0.00571049341829077,0,0,0,0,0,0,0,0,0,0,0,0,0,0,0,0,0,0,0,0,0,0,0,0,0,0,0,0,0,0,0,0,0,0,0,0,0,0,0,0,0,0,0,0,0,0,0,0,0,0,0,0,0,0,0,0.447358000927423,0,0,0,0,0,0,0,0,0.233092536668245,0,0,0,0,0,0,0,0,0,0,0,0,0,0,0,0,0,0,0.0777192454119768,0,0,0,0,0,0,0.0218410438706911,0,0,0,0,-0.0708782079818804,0,0,0,0,0,0,0,0,0,0,0,0,0,0,0,0,0,0,0,0,0,0,0,0,0,0,0,0,0,0,0,0,0,0,0,0,0,0,0,0,0,0,0,0,0,-0.258344506496873,0,0,0,0,0,0,0,0,0,0,0,0,0,0,0,0,0,0,0,0,0,0,0,0,0,0,0,0,0.0293352769183055,0,0,0,0
0,0,0,0,0,0,0,0,0,0,0,0,0,0,0,0,0,0,0,0,0,0,0,0,0,0,0,0,0,0,0,0,0,0,0,0,0,0,0,0,0,-0.0890338787792428,0,0,-0.57396124205586,0,-1.1288038421141,0,0,0,0,0,0,0,0,0,-0.00248836799734842,0,0,0.0176034444677802,0,0,0,0.177595081769711,0,0,0.284264048958669,0,0,0,0,0,0,0,0,-0.447556815578007,0,0,0,0,0,0,0,0,0.171756834006623,0,0,0,0,0,0,-0.826867253398754,-0.0562620744902564,0,0,0,0,0,0,0,0,0,0.277744342742708,0,0,0,0,-0.173775427689134,0,0,0,0,0,0,0,0,0,0,0,0,1.26910077906015,0,0,0,0,0,-0.308081899982316,0,0,0,0,0,0,0,0,0,0,0,0,0,0,0,0,-0.469504395535959,0,0,0,0,0,0,0,0,0,0,0,0,0,0,0,0,0,0,0,0,0,0,0,0,0,0,0,0,0,0.284187690097231,0,0,0,0.515730193331927,0,0,0,0,1.50624645327989,0.55338436560864,0,0,0,0,0,0,0,0,0.0485844373661475,0,1.81475484009825,0,0,4.90612440081703,0,0
0,0,0,0,0,-0.0313084872449656,0,0,0,0,0,0,0,0,0,0,0,0,0,0,0,-1.15862901500631,0,0,0,0,0,0,0,0,0,0,0,1.51688219617341,0,0,0,0,0,0,0,0,0,0,0,0,0,0,0,0,0,0,0,0,0,-0.942948651340259,0,-3.18195832068177,0,0,0,0,0,0,0,-0.596873293412417,-0.410827721117222,0,0,0,0,0,0,0,0,-1.04781669108129,0,0,0,0,0,0,0.665684302940966,0,0,0,0,0,0,0,0.922100297840335,-0.0909392844260515,-0.273227064843674,0,0,0,0,0,0,0,0,0,1.67067260690021,0,0.648396551195041,0,0,0,0,0,0,0,0,0,0,0,0,0,0,0,-0.0431266592895063,0,0,0,0,0,-0.62702051027844,0,0,0,-0.70820018104173,0,0,0,0.494230499226726,0,0,0,0,0,0,0.012691672308708,0,0,0,0,0,0,0,0,0,0,0,0,0,0,0,0,0,0,1.00041202501816,0,0,0,0,0,0,0,-0.320158767564022,0,0,0,0,0.217865634124198,0,0,0,0.342050563765398,0,0,0.357748622459399,-0.507976773532195,8.04570791314878,0,0,0,0,0,0,0,-0.109682678051967,0,0,0,0,0,0.78942474250044,13.5721271970519,0,0.470147212539851
0,-0.210082010557581,0,0,0,0,0,0,1.12782428960475,0,0,0,0,-0.283135355993765,0,0,0,0,0,0,0,-0.379820106637584,0,0,-0.87883533786264,0,0,0,0,0,0,0,0,1.75062564450304,0,0,0,0,0,0,0,0,0,0,0,0,0,0,0,0,0,0,0,0,0,0,0,-2.4344607785759,0,0,0,0,0,0,0,0,-0.0821303475662305,0,0,0,0,0,0,0,0,-0.640961934521941,0,1.27759790860187,0,0,0.33197158861417,0,0,0,0,0,0,0.938085497600107,0,0,0.224077546052972,0,-0.291954780677788,0,0,0.399321108249893,0,0,-0.0458021899948451,0,0,0,0.709483102041745,0,0,0,0,0,0,0,0,0,0,0,-0.103911132717569,0,0,0,0,0,0,0,0,0,0,0,0,0,0,0,-0.602321223313072,0,0,0,0,0,0,0,0,0,0,0,0,0,0,0,0,0,0.361338042401621,0,0,0,0,-0.190745817775976,0,0,0,0,0,0,0,0,0,0,0,0,0,0,-1.46314013745152,0,0,0,0,0.94886057795972,0,0,0,0,0,0,0,0,6.71961524756541,0,0,0,0.0993001215545699,0,0,0,0,0,0,-0.0389525030781472,0,0,0.254263962140565,10.4177628366166,0,0
0,0,0,0,0,0,0,0,1.60690313992204,0,0,0,0,-0.554998185529872,0,0,0,0,0,0.0435712760400628,0,0,0,-0.955343284613273,0,-0.000566058341282982,0,0.492626873570519,0,0,0,0,0,0,0,-0.541785261685995,0,0,0,0,-0.382797524429101,-1.2378396501892,0,-0.904602863643192,0,0,0.0439674386486388,0.140524568275419,0,0,0,0,0,0,0.703655222462584,0,0,0,0,0,0,0.431047437472051,0,0,0,0,0,0,-0.767312111151457,0,0,0,0,0,0,0,0,9.49611610775352,-0.450700140220378,0,0.0467174798750318,0,0,2.60100795330918,0.693757998186721,0.980631038220099,0,0,0,0,0,0,0,0,0,0,0,0,0,0,-0.94564556927543,-1.69459983298001,0,0.0746975283499272,0,1.1177896267592,0,-0.216315666513634,0,2.37032874291836,0,0,0,0,-1.93491511694315,0,0,0,0.373072537440054,0,0,0,-1.67422039834744,0,0,0,0,0,0,-0.744612116400557,0,0,0,0,0,0.409678302807873,0,0,-0.816662641581801,0,0,0,0,0,0,0,0,0,0.0711765414189511,0,0,0,0.284053564063441,0,0,0,0,0,0.252678318048609,-0.831108753572927,-0.461131627790252,-2.47232163024809,0,3.69775457151493,0.924115052618299,0.532626740191354,0.651703750273672,0,-0.148999435996275,0,0,0,0,0,0,-0.216604257161754,0,0,0,0,0,0,0.0873917274206246,0,0,0,0.216278304146323,0,0.223921684812863,0,-1.0014515683,0,0,0,0,0,0,0,0,0
4.94719928569396,0,0.932210228100586,0,0,0,0,0,1.83543944532479,0,0,0,0,-1.59789715862639,-0.00492127225036976,0,1.88526262145741,0,0,1.76099260500518,0,0,0,-1.0329456900239,1.94825444974205,0,0,0,0,0,0,0,0,0,0,0,0,-1.30824027893898,0,0,0,-0.885808234753552,-0.828285568013928,0,0,0,0,1.16417108858018,0,-1.01457022692196,0,0,-1.01181905758762,0,1.4407338150281,0,0,0,0,0,0,0,0,0,-0.0995475849111636,0,0,-0.524342287713728,-1.12764917121428,0,0,0,0,0,0,-1.21093858448889,0,17.1496402603906,0,0,-2.80973655169403,0,0,1.68088985698553,2.24518005067446,0,-0.178953879322257,0,0,-0.647498652639116,0,0.0221151447741095,0,0,0,0.0926175154059834,0,0,0,0,0,-3.62626109196514,0,0,0,5.45890674066152,0,0,0,2.17122811723245,0.178135639798424,-0.00220688620855869,0,0,-4.30432301887575,0,0,0,0.512254337409476,0,0,-1.71455540465096,0,0,0,1.27039583297595,0,0,-1.629907052573,-3.13658196110326,0,0,0,0,0,0,1.34750819819461,0,-2.54745844048896,0,0,0,0,0,0,0.130864404081181,0,0,3.74021567040907,0,1.21328348255889,0,0.29118557257607,0,0,0,0,1.33019807056904,0.55343446931742,0,0,-2.03170517578495,0,5.32873477765871,3.06560757735577,1.15109912005834,0,1.02072183383989,-0.227152256089385,0,0,0,0,0,0,0,0,2.5069486180901,0,0.866425466046935,0,0,0,0,0,0,0.79207258358014,-0.157572765960237,1.38952104997882,0,-4.45780538246111,0,0,0,0,0,0,0.237188140784542,0,0.275074346346068
0.3135753822789,0,0,0,-0.528122643901045,0,0,0,0,0,0,0,0,0,0,0,0,0.080113197660499,0,0,0,0,0,0,0,0,0,0,0,0,0,0,0,0,0,0,0,0,0,0,0,0,-0.06079007187838,0,0,0,0,0,0,0,0,0,0,0,0,0,0,0,0,-0.855373485930278,0,0,0,0,-0.0602479190557945,-1.32869008714342,0,0,0,0,0,0,0,0,-0.149379679453846,0,0,2.41162437367079,0.577234181412748,0.320108263606738,0,0,0,0,0.488780147728141,0,0,0,0,0,0,0,0.289397902916607,0,0,0,0,0,0,1.26708182533135,-0.00538482318680344,0,0,0,0,0,0,0,0,0,0,0.810053603662747,0,0,0.389785395048697,-1.76635817007257,0,0,0,0.381240655682576,0.733616665685825,0,1.06799326799015,0,0,0,-1.25208242101958,0,0,0,0,0,0,0,-0.147671670018959,0,1.15624595472824,1.51550954132433,-0.00510960173607722,0,0,0,0.416865521317194,0,0,0,0,0.213624305604591,0,0.319968709122516,0,0,0,0,0,0,0,0,0,1.16952496316074,0,0.599261491223368,0,0.0704168031092922,0,0,0,0,0,0,0,0,0,0,0,0,0,0,0,0,0,0,0,0,0,0,0,0,0,0,0,0,0,0,0,0,0,0,0,0
0,0,0,0,0,0,-1.200788179213,0,0,0,0.114599733504615,0,0.0668868176259374,0,0,0,0,0,0,-0.672290766130722,0,0,0,0,0,0,0,0,0,-0.155610985905731,0.332037377632409,0,0,0,0,0,0,-0.4522624638414,0,-0.178433039734665,0,0,0,0,-0.211230411358456,0,0,0,0,0,0,0,0,0,0,0,0,0,0,0,0,0,2.0852316969998,0,0,0,0,0,0,0,-0.353815436551041,0,0,0,0,0,0,0.530156385317599,0,0,-0.0670398247191584,0,0,0,0.103909083718485,0,0,0.00651458298144525,0,0,0,0,0,0,0,0,0,0,0,0,0,0,0,0,0,0,0,0,0,0,0,0,0,0,0,0,0,0,0,0,0,0,0,0,0,0,0,0,0,0,0,0,0,0,0,1.3997848758636,0,0,0,0,0,0.0920424940085915,0,0,0,0,0,0,0,0,0.143172510578946,0,0,0,0,0,0,0,0,-0.472473787674525,0,0,0,0,0,0,0.065743778336961,0,0.127126017587853,0,0,0,0,0,-0.0292901791845648,0,0,0,0,0,0,0,0,0,0,0,0,0,0,0,0,0,0,0,0,0,0,0,0,0
0,0,0,0,0,0,-0.485323371188374,0,0,0,0,0,0,0,0,0,-0.251166924559027,0,0,0,0,0,-0.329337577932988,0,0,0,0,0,0,-0.331836155770877,0,0,0,0,0,0,0,0,0,0,0,0,0,0,-0.489515367163225,0,0,0,0,0,0,0,0,0,0,0,0,0,0,0,0,0.618495924857214,0.0347249080609839,1.07423548851041,0,0,0,0,0,0,0,0,0,0,0,0,0,0.903782865025218,0,0,0,0,0,0,0,0,0,0,0,0,0,0,0,0,0,0,0,0,0,0,0,0,0,0.463028859549508,0,0,0,0,0,0,0,0,0,0,0,0,0,0,0,0,0,0,-0.765889709342882,0,0,-0.0796809007320758,0,0,0,0,0,0,0,0,-0.283279608934371,0.200910089470743,-0.387932528826542,0,0,0,0,0.710859096415511,0,0,0,0,0,0,0,0,0,0,0,0,0,0,0,0,0,0,0,0.116857464301922,0,0,0,0,0.325355063954383,0,0,0,0,0,0,0,-0.657746407996975,0,0,0,0,0,0,0,0,0,0,0,0,0,0,0,0,0,0,0,0,0,0,0,0,0
0,0,0,0,0,0,0,0,0,0,0.370707522391327,0,0,0,0,0,0,0,0,0,0,0,0,0,0,-1.115775008015,0,0.332977010539478,0,-1.76224491560417,1.45851812489271,0,0,0,0,0.297829474896562,0,0,0,0,-0.270870089627492,0,0,0,-0.0753873586126477,0,0,0,0,0,0,-1.08083832247585,0,0,0,-0.0214885979803725,-0.54506184364925,0,0,0,0,0,0,1.54608528435658,0,0,0,0,0,0,0,0,0,0,-0.416621994510116,0,0,0,0,-0.684077009246483,0,0,0,0,-1.61860245133535,0,0,1.89764032140904,0,0,0,0,0,0,0,0.212918632093931,0,0,0,0,0,0,0,0.515323804502803,0,-0.32187041639702,0,-0.413042399445323,0,0,0,-1.15431244312245,0,0,0,0,2.43739842400926,0,0,0,0,0,-1.73487205659503,0,0,0,0,0,0,0,0,0,0,0,-1.19308127309242,0,0,0,0,0,0,0.619652790681503,0,0,0,0,0,0,-0.241354620907603,0,0,0,-0.299292792310536,0,0,0,0,0,0,0,0,0,0.460212153301289,0,0,0,0,0,0,0,0,0,0,0.34970113288966,0,-1.79510206120681,0,0,0,0,-0.0331673780709572,0,0,-1.56347196144839,0,0,0,0.648749771874169,0,0,-0.750780994351129,0,0,0,0,0,0,0.765427980439942,0,0
0,0.325440299513828,0,0,0,0.426357591871509,0,0.849386212529636,-1.58565737305418,0,0,-0.405482704725142,-0.303768371608485,2.58225774648279,0,0,0,0.632274415771903,0,0,0,0,0,0,0,0,0,0,0,-2.63177229803554,1.66903757397037,0,0,0,0,0,0,0,0,0,0,-0.477795044246799,0,0,0,1.56700961100258,1.25051972502074,0,0,0.45336146859028,0,0,0,0.0117570987674545,0,0,0,0,1.59769690833845,0,0,0.234915539208396,0.394072839820162,1.25529484446306,0,-0.485309616087057,0,0,0,0,0,0,0,0,-3.00189795217741,0,0,0,0,0,0,0,0,0,0,0,0,0.241732758683948,0,0,0,0,0,0,0,0,0,0,-0.0167167997667963,0,0.935443211108104,0,0,0,0,0,0,0,0,0.414269136654395,0,-1.97930596341491,-0.691842569158518,0,0,0,6.67772190635223,0.216600924191642,0,0,1.36128178706521,0,-1.31828952349085,0,0,-0.407544925503109,0,0,0,0,-0.643877154515513,0,0,0,0,0,0,0,0,1.24359601257564,-1.67412480017029,1.8791623272015,0,0,0,0,0,-1.71663519521064,0,0,0,0,0,-0.00610405475203457,0,0,0,0,0,0,0,0,0,0,0,0,0,0,0,-0.110258408290546,0,0,0,3.85191586330074,0,-0.694732342066904,0,-1.41482769321893,0,3.6972914953555,0,0,0,-1.6399685212448,2.25358997140205,-0.879712825577859,-0.372004817167892,0,0,0,-1.82138153988584,0,0,0,0,0,0,0,0,0
0,0,0,0,0,0,0,0,0,0,0,0,0,0,0,0,0,0,0,-0.10568617572507,0,0.368276469385828,0,0,0.789554916282208,0.214891733533993,0.249652122872289,0,-0.106504167235045,0,0,0,0,0,0,0,0,0,0,0,0,-0.0537564476854611,0,0,0,0,0,0,0,0,0,0,0,-0.430156291758294,0.221079812858853,0,0,0,0,0,0,0,0,0,0,0.690330711705416,0,0,0,0.0762619460884566,0,0,0,0.191527636125824,0,0,0.0712355980061365,0,0.504674759718812,0,-1.40822491525782,0,0,0,-0.346073594733801,0,0,0,0,0,0,-0.864273481096432,0,0,0,0,0,0,0,-0.736861974100929,0,0.0909303375557617,0,0,0,0,0,0,0,0,0,0,0,0,0,-0.439983680083226,0,0,0,0.764950473440591,1.72700085361399,0,0.281703544600188,0,0,0,0,0,0,0,1.16983750990433,0,1.66901863127471,0,0,0,0,0,0,-0.321155021279329,0,0,0.391046189171879,0,0,1.56705846847548,0,-0.421469637828745,0,0,0,0,0,0,0,0,0,0,0.257828478668148,0.258379168528771,-0.594994162503271,-0.335772246331628,0,0,0,0,0,0,0,-0.125081770149384,0,0,0,0.837748796511476,0,0,0,0,0,-0.168445870820148,-0.476296091675059,0,0,0,0,-0.208756475491773,0,-0.524898317880386,0,0,0,0,0,0,0,-2.6311392274193,0,0,0,0
0,0,0,0,0,-0.0869182060609899,0,0,0,0,0,0,0,0,0,0,0,0,0,0,0,0,0,0,0,0,0,0,0,0,0,0,0,0,0,0,0,0,0,0,0,0,0,0,0,0.837385975333368,0,0,0,0,0,0,0,0,0,0,0,0,0,0,0,0,0,0,-0.0582528832967737,0,0,0,0,0,0,0,0,0,0,0,0,0,0,0,0,0,0,0,-0.134928597010008,0,-2.68109927458926,0,0,0,0,0,0,0,0,0,0,0,0,0,0,0,0,0,0,0,0,0,0,0,0,-0.159812250038686,0,0,0,0,0,0,0,0,0,0,-0.269207918423814,0,0,0,0,0,0,0,0,0,0,0,0,0,0,0,0,0,0,0,0,0,0,0,0,0.22142288298805,0,0,0,0,0,0,0,0,0,0,0,0,0,0,0,0,0,0,0,0,0,0,0,0,0,0,0,0,0,1.05860712460979,0,0,0,-0.816560146566792,0,0,-1.44891466279709,0,0,0,0,0,0,0,0,0,0,0,0,0,0,0
0,0,0,0,0,0,0,0,0,0,0,0,0,0,0,0,0,0,0,0,0,0,0,0,0,0,0,0,0,0,0,0,0,0,0,0,0,0,0,0,0,0,0,0,0,0,0,0,0,0,0,0,0,0,0,0,0,0,0,0,0,0,0,0,0,0,0,0,0,0,0,0,0,0.115687541796311,-0.342246935019522,0,0,0,0,0,0,0,0,0,0,0,0,0,0,0,0,0,0,0,0,0,0,0,0,0,0,0,0,0,0,0,0,0,0,0,0,0,0,0,0,0,0,0,0,0,0,0,0,0,0,0,0,0,0,0,0.0263985804162243,0,0,0,0,0,0,0,0,0,-0.0535116845770476,0,0,0,0,0,0,0,0,-0.0368603173325874,0,0,0,0,0,0,0,0,0,0,0.268870448420016,0,0,0,0,0,0,0,0,0,0,0,0,0,0,0,0,0,0,0,0,0,0,0,0,0,0,0,0,0,0,0,0,0,0,0,0,0,0,0
0,0,0,0,0,-1.15077642298725,0,0,1.13773174329749,0,0,0,0,0,0,0,0,-0.152991773930792,0,0,0,0,0,0,0,0,0,0,-0.150094789830729,0,0,0,0,0,0,0,0,0,0,0,0,0,0,0,1.39715645914382,-1.45673712998692,1.02867113051474,0,0,0,0,0,0,-0.0482166498580294,0,0,0.600357900550383,1.41912968857238,0,-0.147669197550769,0.588412503246563,0,0.00901108084312541,0,0,0,0,0,0,0,0,0,0,0,0,0,0,0,0,0,0,0,0,0.0488471242341024,0,0,0,-0.234101094723905,0.150018833658051,0,0,-0.355345806028721,0,0,0,0,0,-0.140099590399803,0,0,0,0,0,1.38055259830743,0,0,0,0,0,0,0,0,0,0,0,0,0,0,0,0,0,0,0,0,0,0,0,0,0,0,0,0,0.409216233938363,0,-0.381530175213961,0,0,0,0,0.0519854067601957,0,0.811948937134212,0,0,0,0,0,0,0,0,0,0,0,0,0,-0.431675139320631,0,0,0,0,0,0,0,0,0,0,0,0,0,0,0,0,0,0,0,0,0,0,0,0,0,0,0,0,0,0,0,0,0,-0.16019526188549,0,0,0,0,0,0,0,0.0264003473050047,0,0
0,0,0,0,0,0,0,0,0,0,0,0,0,0,0,0,0,0,0,0,0,0,0,0,0,0,0,0,0,0,0,0,0,0,0,0,0,0,0,0,0,0,0,0,0,0,0,0,0,0,0,0,0,0,0,0,0,0,0,0,0,0,0,0,0,0,0,0,0,0,0,0,0,0,0,0,0,0,0,0,0,0,0,0,0,0,0,0,0,0,0,0,0,0,0,0,0,0,0,0,0.0412033940648566,0,0,0,0,0,0,0,0,0,0,0,0,0,0,0,0,0,0,0,0,0,0,0,0,0,0,0,0,0,0,0,0,0,0,0,0,0,0,0,0,0,0,0,0,0,0,0,0,0,0,0,0,0,0,0,0,0,0,0,0,0,0,0,0,0,0,0,0,0,0,0,0,0,0,0,0,0,0,0,0,0,0,0.0124210498248318,0,0,0,0,0,0,0,0,0,0,0,0,0,0,0,0
0,0,0,0,0,0,0,0,0,0,0.250157797308606,0,0,0,0,0,0,0,0,0,0,0,0,0,0,0,-1.04573514886259,0.0928474039336098,0,0,0,0,0,0,0,0,0,0,0,0,0,0,0,0.173586473956056,0,0,0,0,0,0,0,0,0,0,0,0,0,0,0,0,0,0,0,0,0,0,0,0,0,0,0,0,-0.0600053543534655,0,0,0,0,0,0,0,0,0,0,0,0,0,0,0,0,0,0,0,0,0,0,0,0,0,0,0,0,0,0,0,0,0,0,0,0,0,0,0,0,0,0,0,0,0,0,0.11760440451609,0,0,0,0,0,0,0,0,0,0,0,0,0,0,0,0,0,0,0,0,0,0,0,0,0,0,0,0,0,0,0,0,0,0,0.386650301701821,0,0,0,0,0,0,0,0.366877048958528,0,0,0,0,0,0,0,0,0,0,0,0,0,0,0,0,0,0,0.0796580406815235,0,0,0.0366737985730625,0,0,0,0,0,0,0,0,0,0,0,0,0,0,0
0,0,0,0,0,0,0,0,0,0,0,0,0,0,0,0,0,0,0,0,0,0,0,0,0,0,-0.0831761141970231,0,0,0,0,0,0,0,0,0,0,0,0,0,0,0.0395483510930519,0,0,0,0,0,0,0,0,0,0,0,0,0,0,0,0,0,0,0,0,0,0,0,0,0,0,0,0,0,0,0,0,0,0,0,0,0,0,0,0,0,0,0,0,0,0,0,0,0,0,0,0,0,0,0,0,0,0,0.173104977001235,0,0,0,0,0,0,0,0,0,0,0,0,0,0,0,0,0,0,0,0,0,0,0,0,0,0,0,0,0,0,0,0,0,0,0,0,0,0,0,0,0,0,0,0,0,0,0,0,0,0,0,0,0,-0.317872043348126,0,0,0,0,0,0,0,0,0,0,0,0,0,0,0,0,0,0,0,0,0,0,0,0,0,0,0,0,0,0,0,0,0,0,0,0,0,0,0,0,0,0,0,0,0.462245809285062
0,0,0,0,0,0,0,0.230914761259869,0,0,0.5143355648186,0,0,0,0,0,0,0,0,0,0,0,0,0,0.316435925726462,0,0,0,0,0,-0.100633160518694,0,0,0,0,0,0,0,0,0,0,0,0,0,0,0,0,0,0,0,0,0,0,0,0,0,0,0,0,0,0,0,0,0,0,0,0,0,0,0,0,0,0,0,0,0,0,0,0,0.0785794872875516,0,0,0,0,0,0,0,0,0,0,0,0,0,0,0,0,0,0,0,0,0,0,0,0,0,0,0,0,0,0,0,0,0,0,-0.859874176860941,0,0,0,0,0,0,-0.047824889139668,0,0,0,0,0,0,0,0,0,0,0,0,0,0,0,0,0,0,0,0,0,0,0,0,0,0,0,0,0,0,0,0,0,0,0,0,0,0,0,0,0.116250069091864,0,0,0,0,0,0,0,0,0,0,0.435845443847436,0,0,0,0,0,0,0,0.0895342794609615,0,0,0,0,0,0,0,0,0,0,0,0,0,0,0,0,0,0.310270762323812
0,0,0,0,0,0,0,0,0,0,0,0,0,0,0,0,0,0,0,0,0,0,0,0,0,0,0,0,0,0,0,0,0,0,0,0,0,0,0,0,0,0.0102175948898124,0,0,0,0,0,0,0,0,0,0,0,0,0,0,-0.397545115145554,0,0,0,0,0,0,0,0,0,0,0,0,0,0,0,0,0,0,0,0,0,0,0,0,0,0,0,0,0,0,0,0,0,0,0,0,0,0,0,0,0,0,0,0,0,0,0,0,0,0,0,0,0,0,0,0,0,0,0,0,0,0,0,0,0,0,0,0,0,0,0,0,0,0,0,0,0,0,0,0,0,0,0,0,0,0,0,0,0,0,0,0,0,0,0,0,0,0,0,0,0,0,0,0,0,0,0,0,0,0,0,0,0,0,0,0,0,0,0,0,0,0,0,0,0,0,0,0,0,0,0.0203761140206951,0,0,0,0,0,0,0,0,0,0,0,0
0,0,0.358715835308078,0,0,0,0.0880254976652635,-0.311423564503146,0,0,0,0,0,0,0,0,0,0,0,0,0,0,0,0,0,0,-0.251650745119671,0.234677598947578,-0.245532849107136,0,0,0,0,0,0,0,0,0,0,0,0,0,0,-0.830040858160328,0,0,0,0,0,0,0,0,0,0,0,0,0,0,0,0,0,-0.258604931565056,0.270252575443273,0,-0.314090997606806,0,0,0,0,0,0,0,0,0,0,0,0.511089589007328,0,0,0,0,-0.0767675985803469,0,0,0,-0.638213702901566,0,0,0,0,0,0,0,0,0,0,0,0,-0.517528505611023,0,0.55245026122192,0,0.750061345491102,0,0,0,0,0.408196629579911,0.21039313671351,0,0,-0.263950827094112,-0.50860730380172,0,0,0,0,0,0,0.288323272529267,0,0,0,0,0,-0.36773769460212,0,0,0,0,0,0,0,0,-0.636483324424291,0,0.668990789716045,0,0,0,0,0,-0.301934648907687,-0.441831762138434,0,0,0,-1.17763839375591,0,0,0,0,0,0,0,0,0,0,0,-0.8028430352765,-1.50239715556579,-0.950036675504009,0.205336882593306,0,0,0,0,0,0,0,-0.117838119989657,0,-0.0207188655959987,0,0,0,0,-0.0686874456989433,0,0,0,0,0,0,0,-0.0797603489952041,0,0,0,0,0,0,0,0,0,0,0,0.37354084586655,0.340655523890546,0
0,0,0,0,0,0,0,0,0,0,0,0,0,0,0,0,0,0,0,0,0,0,0,0,0,0,0,0,0,0,0,0,-0.265450921965668,0,0,0,0,0,0,0,0,0,0,0,0,-0.584210978509186,0,0,0,0,0,0,0,0,0,0,0,0,0,0,0,0,0,0,0,0,0.512610156237393,0,0,0,0,0,0,0,0,0,0,0,0,0,-0.131349501055121,0,0,0,0,0,0,0,0,0,0,0,0,0,0,0,0,0,0,0,0,0,0,0,0,0,0,0,0,0,0,0,0,0,-0.412223996363496,0,0,0,0,0,0,0,0,0,0,0,0,0,0,0,0,0.517978041252385,-0.598958399938823,0,0,0,0,0,0,0,0,0,0,0,0,0,0,0,0,0,0,0,0,0,0,0,0,0,0,0,0,0,0,0,0,0,-1.82705515849307,0,0,0,0,0,0,0,0,0,0,0,0,0,0,0,0,0,0,0,0,0,0,0,0,0,0,0,0,0,0,0,0,0
0,0,-0.792804944053622,0,0,0,-0.268688109398774,0,0,-2.05669103949732,0,0,0.198216814785147,0,-0.645614314197587,0,0,0.240212372202973,0,1.76541189325756,0,0,0,0,0,0,0.489090269902387,0,0,0,1.29966992193173,0,0,0,0,-0.109484334379039,0,0,0,0.213816897575741,0,0,0,0,0,0,0,0,0,0,0,1.34184545275607,-0.259106746920226,0,-1.50530326960447,0,0,0,-1.11162588825602,0,0,0.879940908264438,0,0,0.28942986627006,0,0,0,0,0,0,0,0,0.00903641027534086,0,0,0,-0.384935781539929,0,0,0,0,0,0,-1.79069769632817,0,0,0,0,0,0,0,0,0,0,0,1.76056841105401,0,-1.11259686006485,0,0,0,0,0,0.147332591292063,0,0,0,0,1.22696805014319,0,0,0,0,-0.870310709566245,-0.0741080357995099,0,0,0,0,-0.13867966420589,0.057073644068155,0,0,0,0,0,0,0,-0.23074243632336,0,0,0,0,0,-0.293911144694506,-0.396266117273539,-0.0342076302259589,0,-0.011122671373369,0,0,0,0.218400256338168,0,0.0547717536979386,0,-0.625354648498851,0,0,0,0,0,0,0,0,0,0,0,0,0,0,0.197708760749028,0,0,0,0,0,0,-0.183146458706558,0,0,0,-0.0337113854639925,-0.058724807290587,-0.275383674391025,-2.94004948216329,0,0,0,0,0,0,1.2762541540237,0,0,0,0,0,0,0,0,0,0,0,0.449723864487741,0,0,0,0
0,0,0,0,0,0.397579131234101,0,0,0,0,0,0,-0.125069911491066,0,0,0,0,0,0,0,0,0,0,0,0,0,0,0,0,0,0,0,0,0,0,0,0,0,0,0,0,0,0,0,0,0,0,0,0,0,0,0,0,0,0,0,0,0.00741452338609694,0,0,0,0,0,0,0.00503639920603627,-0.0123218211739247,0,0,0,0,0,0,0,0,0,0,0,0,0,-0.311047500242589,0,0,0,0,-1.12943124065995,0,0,0,0,0,0,-0.616031842122075,0,0,-0.441876148734629,0,1.33642792395501,0,0,0,0,0,0,0,0,0,0,0,0,0,0,0,0,0,0,0,0,0,0,0.120227253638384,0,0,0,0,0,0,0,0,0,0,0,0.11279310731968,0,0,0,0,0,0,0,0,0,0,0,0,0,0,0,0.51716672315933,0,0,0,0,0,0,0,0,0,0,0,-0.11075515224246,0,0,0,0,0,0,0,0,-0.00614825968349564,0,0,0,0,0,0,-1.1012807159814,-0.100329969556445,0,0,0,0,0,0,0,0,0,0,0,0,0.246142874147552,0,0,-1.82510329293947,0,0,0,0,0,0,0
0,0,0,0,0,0,0,0,0,0,0,0,0,0,0,0,0,0,0,-0.436564072464968,0,0,0,0,0.0725869024029719,0,0,0,0,0,0,0,0,0,0,0,-0.348312413955297,0,0,0,0,0,0,0,0,0,0,0,0,0,0,0,0,0,0,0,0,0,0,0,0,0,0,0,0,0,0,0,0,0,0,0,0,0,0,0,0,0,0,0,0,0,0,0,0,0,0,0,0,0,0,0,0,0,0,0,0,0,-0.283728528039183,0,0,0.825125417302915,0,0,0,-0.494517107110344,0,0,0.173504297504995,0,0,1.7759079174786,0,0,0,0,0,0,0,0,0,0,0,0,0,0,0,0,0,0,-0.53731825029084,0,0,0,0,0,0,0,0,0,0,0,0,0.368358590434666,0,3.14928679799662,0,0,0,0,0,0,0,0,0,0,0,0,0,0,0,0,0.0154139777313367,0,0,0,0,-0.309798228025691,0,0,0,0,0,0,0,0,0,0,0,0,0,0,0,-0.00545754229234396,0,0,0,0,0,0,0,0,0,0,0,0,-0.212820059288124,0,0,0
0,0,0,0,0,0,0,0,0,0,0,0,0,0,0,0,0,0,0,0,0,0,0,0,0,0,0.251245867335088,0,0,0,0.207663669018929,0,-0.0668670446068751,0,0,0,0,0,0,0,0,0,0,0,0,0,0,0,0,0,0,0,0,0.446712481615171,0,0,0,-0.735359374271014,0,0,0,0,0,0,0,0,0,0,0,0,0,0,0,0,0,0,0,0,0,0,0,0,1.01113977039562,0,0.256114666889947,0,0,0,0,-0.255907343217228,0,0,0,0,0,0,0,0,0,0,0,0,0,-0.730904395177684,0,0,0,0,0,0,0,0,0,0.104945221842995,0,0,0,0,0,0,0.0423632698626089,0,0,0,0,0,-0.464387068508592,0,0,0,0,0,0,0,0,0,0,0,0,0,-1.12493478094287,0,0,0,0,3.46899415708204,0,0,0,0,0.0846416611459786,0,0,0,0,0,0,0,0,0,0,0,-0.122712788546701,0,0,0,0,0,0,0,0,0,0,0,0,0,0,0,0,0,0,0,0,0,0,0,0,0,0,0,0,0,0,0,0,0,0,0,1.5559346368218,0
0,0,0,0,0,0,0,0,0,0,0,0,0,0,0,0,0,0,0,0,0,0,0,0,0,0,0.29008771302814,0,0,0,0,0,0,0,0,0,0,0,0,0,0,0,0,0,0,0,0,0,0,0,0,0,0,0.24582665862535,0,0,-0.435712066353913,0,0,0,0,0,0,0,0,0,0,0,0,0,0,0,0,0,0,0,0,0,0,0.777143130028758,0,0,0.582067740517243,0,0,0,0,0,0,0,0,0,0,0,0,-0.284935605675513,0,0,0,0,0,0,0,-0.616339210625089,0,0.61388014749517,0,-0.2208970027212,0,0,0,0,0,0,0,0,0,0,0,0,0.282742238968861,0,0,0,0,0,0,0,0,0,0,0,0,0,0.0504655929028253,0,0,0,0,0,0,0,0,0,0,3.72090713067526,0,0.309176744079203,0,0,0.0230961778870971,0,0,0,0,0,0,0,0,0,0,0,0,0,0,0,0,0,0,0,0,0,0,0,0,0,0,0,0,0,0,0,0,0,0.2135739816213,0,0,0,0,0,0,0,0,0,0,0,0,0,0,0
0,0,0,0,0,0,0,0,0,0,0,0,0,0,0,0,0,0,0,0,0,0,0,0,0,0,0,0,0,0,0,0,0,0,0,0,0,0,0,0,0,0,0,0,0,0,0,0,0,0,0,0,0,0.948465236126738,0,0,0,-0.752042821537215,0,-0.266337071346111,0,0,0,0,0,0,0,0,0,0,0,0,0,0,-0.174486503819568,0,0,0,0,0.660412210993688,0,0,0.810044489583875,0,0,0,0,0,0,0,0,0,0,0,0,-0.3117708053585,0,0,0,0,0.231286864008137,0,0,0,0,0,0,0,0,0,0,0,0,0,0,0,0,0,0,0,0,0,0,0,0,0,0,0,0,0,0,0,0,0,0,0,0,0,0,0.184915324537162,-1.20665486655305,0,0,0,0,4.49777533138143,0,0,0,0,0,0,0.173153898452238,0,0,0,0,0,0,0,0,0,0,0,0,0,0,0,0,0,0,0,0.238879524738911,0,0,0,0,0,0,-0.064979216103491,0,0,0,0,0,0,0,0,0,0,0,0,0,0,0,0,0,0,0,0
0,0,0,0,0,0,0,0,0,0,1.27154053932336,0,0,0,0,0,0,0,0,0,0,0,0,0,0,0,-0.267160524579606,0,0,0,0,0,0,0,0,0,0,0,0,0,0,0,0,0,0,0,0,0,0,0,0,0,0,0.741049027090427,0,0,0,0,0,0,0,0,0,0,0,0,0,0,0,0,0,0,0,0,-0.542776615604829,0,0,0,0,0.329591299100233,0,0,0,0,0,0,0,0,0,0,0,0,0,0,0,0,0,0,-0.420557759865396,0,0,0.432911568617648,0,0,0,0,0,0,0,0,0,0,0,0,0,0,0,0,0,0,0,0,0,0,0,0,0,0,0,0,0,0,0,0,0,0,0.273480752453703,0,0,0,0,0,0,0,0,6.30160854095574,0,0,0,0,0,0,0.395122908294698,0,0,0,0,0,0,0,0,0,0,0,0,0,0,0,0,0,0,0,0,0,0,0,0,0,0,0,-0.0135508561735564,0.108989740854352,0,0,0,0,0,0,0,0,0,0,0,0,0,0,0,0,0,0
0,0,0,0,0,0,0,0,0,0,0,0,0,0,0,0,0,0,0,0,0,0,0,0,0,0,-0.174467469073159,0,0,0,0,0,0,0,0,0,0,0,0,0,0,0,0,0,0,0,0,0,0,0,0,0,0,0,0,0,0,0,0,0,0,0,0,0,0,0.0105509128067767,0,0,0,0,0,0,0,0,0,0,0,0,0,0,0,0,0,0,0,0,0,0,0,0,0,0,0,0,0,0,0,0,0,0,0,0,0,0,0,0,0,0,0,0,0,0,0,0,0,0,0,0,0,0,0,0,0,0,0,0,0,0,0,0,0,0,0,0,0,0,0,0,0,0,0,0,0,0,0,0,0,0,0,0,0,0,0,0,0,0,0,0,0,0,0,0.0819428411077066,0,0,0,0,-1.39334107221616,0,0,0,0,0,0,0,0,0,0,0,0,0,0,0,0,0,0,0,0,0,0,0,0,0,0,0,0,0,0,0,0,0
0,0,0,0,0,0,0,0,0,0,0,0,0,0,0,0,0,0,-0.290881451030644,0,0,0,0,0,0,0,0,0,0,0,0,0,0,0,0,0,0,0,0,0,0,0,0,0,0,0,0,0,0,0,0,0,0,0,0,0,0,-0.517920110150001,0,0,-0.0282703369198531,0,0,0,0,0,0,0,0,0,0,0,0,0,0,0,0,0,0,0,0,0,0,0,0,0,0,0.244746039766028,0,0,0,0,0.0449701211368008,0,0,-0.216967611475597,0,0,0,0,0,0,0,0,0,0,0,0,0,0,0,0,0,0,-0.112872543026407,0,0,0.0885651855232106,0,0,0,0,0,0,0,0,0,0,-0.0804702176360266,0,0,0,0,0,0,0,0.0197314552689116,0,0,0,-0.128020536428548,0,0,0,0,0,0,0,0,0,0,0,0,0,0,0,0,0,0,0,0,0,0,0,0,0,-1.5780043073193,0,0,0,0,0,0,0,0,0,0,0.463097392371256,0,0,0,0,0,0,0,0,0,-0.283452785737765,0,0,0,0,0,0,0,0,0,0,0,0
0,0,0,0,0,0,0,0,0,0,0,0,0,0,0,0,0,0,0,0,0,0,0,0,0,0,0,0,0,0,0,0,0,0,0,0,0,0,0,0,0,0,0,0,0,0.00375449812328088,0,0,0,0,0,0,0,0,0,0,0,0,0,0,0,0,0,0,0,-0.228535290857714,0,0,0,0,0,0,0,0,-0.0836552893049478,0,0,0,0,0,0,0,0,0,0,0,0,-0.439037981880695,0,0,0,0,0,0,0,0,0,0,0,0,0,0,0,0,0,-0.533519416639233,0.167876048476056,0,0,0,0,0,0,0,0,0,0,0,0,0,0,0,0,0,0,0,0,0,0,0,0,0,-0.112254353676153,0,0,0,0,0,0,0,0,0,0,0,0,0,0,0,0,0,0,0,0,0,0,0,0,0,0,0,0,0,0,0,0,0,-1.7931794982259,0,0,0,0,0,0,0,0,0,0,0,0,0,0,0,0,0,0,0,1.08223377448914,0,0,0,0,0,0,0,0,0,0,0,0,0
0,0,0,0,0,0,0.0416625894604004,-0.258899439570688,0,1.29822923494856,0,0,0,0,0,0,0,0,0,0,0,0,0,0,0,0.115945577669055,-0.00458935510426106,0,0,0,0,0,0,0,0,0.44770301160512,0,0,0,0,0,0,0,-0.30196733576863,0,0,0,0,0,0,0,0,0,0,0,0,0,0,0,0,0,0,0,0,0,0,0,0,0,0,0,0,0.265057905346456,0,0,0.491797999591796,0,0,1.79633725477739,0,0,1.12348104148629,0,0,0,0,0,-0.636892949359428,0,0,0,0,0,0,0,0,0,0.00245556570799899,0,0,0,2.43417340952157,0,0.608035108535755,0,0,0,0,0,0.0193425870689474,0,0.180428514494421,0,-0.171463655171637,0,0,0,-0.257642440242019,0,0,0,0,0,0,0,0,0,0,-0.182102755385808,0,-5.1055216097683,0,0,0,0,0,0,0,0,-0.038908684172011,-0.541171504808401,0,0,0,0,0.637406276510134,0,0,0,0,0,0,0,0,0,0,0,0,0,0,0,0,0,0,0,0,0,0,0,0,0,0,0,0,0,0,0,0,0,0,-0.370122401772757,0,0,0.300652028418984,0,0.234143533496571,0,0,0,0,0,0,0,0,0,0,0,0,0,0
0,0.206927730443532,-1.23534522257464,0,0,0,-1.46045711421478,0,0,0,-0.697778784697178,0,0,0,0,0,0,0,0,0,0,0,0,0,0,0,0,0,0,0,0,0,0,0,0,0,0,0,0,0,0,0,0,0,0,0,0,0,0,0,0,0,0,0,0,0,0.234836696559719,0,0,0,0,0,-0.160581643663692,-1.4267731802808,0,0,0,0,0,0,0,0,0,0,0,0,0,0,0,0,0,0,0,0,0,0,0,0,0,-1.08363700867134,0.0266106009020317,0,0,0,0,0,0,0,0,0.254249943023907,0,0,0,0,0.0300402283215611,0,0,0,0,0,0,0,0,0,0,0,0,0.101678657203214,0,0.567917854463293,0.230803175593734,0,0,0,0,0,0,0,0,0,0,0,0,0,0,0,0,0,0,0,0.230443395132291,0,0,1.69299743061704,0,0,0,0,0,0,0,0,0,0,0,0,0,0,0,0,0,0,0,0,0,0,0,0,0,0,0,0,0.23812200683781,0,0,0,0,0,0,0,0,0,0,0,-0.167315568998751,0,0,0,0,0,0,0,0,0,0,0.226191730816994,0,0,0,0
0,0,0,0,0,0,0,0,-0.733719427933188,0,0,0,0,0,0.117019717554619,0,0,0,0,0,0,0,0,0,0,0,0,0,0,0,0.0818441991429137,0,0,0,0,0,0,0,0,0,0,0,0,0,0,-0.448895158275238,0,0,0,0,0,0,0,0,0,0,0,0,0,0,0,-0.00385910575790915,0,0,0,0,0,0,0,0,0,0,0,0,0,0,0,0,0,0,2.12423491144077,0,0,0,0,0,0,0,0,0,0,0.165681079462041,0,0,0,0,0,0,0,0,0,-0.123126056634409,0,0,0,0,0,0,0,0,0,0,0,0,0.0563133202108628,0,0,0,0,0,0,0,0,0,0,0,0,0,0,0,0,0,0,0,0,0,0,0,0,0,0,0,0,-0.291696770878042,0,3.07825054875971,0,0,-0.261322260214941,0,0,0,0,0,0,0,0,0,0,0,-0.132325297709621,-0.530567016590611,0,0,0,0,0,0,-0.0329795651589486,0,0,0,0,0,0,0,0,0,0,-1.34519597427459,0,0,0,0,0,0,0,0,0,0,0,0,0,0,0,0,0,0,0,0
0,0,-0.539700424536726,0,0,0,0,0,0,0,0,0,0,0,0,0,0,0,0,0,0,0,0,0,0,0,0,0,0,0,0,0,0,0,0,0,0,0,0,0,0,0.142208008158645,0,0,0,0,0.357988443515168,0,0,0,0,0,0,0,0,0,0,0,0,0,0,0,0,0,0,0,0,0,0,0,0,0,0,0,0,0,0,0,0,0,0,0,0,0,0,0,0,-0.465994293577151,0,0,0,0,0,0,0,-0.0796111267460322,0,0,0,0,0,0,0,0,0,0,0,0,0,0,0,0,0,0,0,0,0,0,0,0,0,0,0,0,0,0,0,0,0,0,0,0,0,0,0,0,0,0,0,0,0,0,0,0,0,0,0,0,0,0,0,0,0,0,-0.150417791458762,0,0,0,0,0,0,0,2.14411350574075,0,0,0,0,0,0,0,0.12798591216988,0,0,0,0,0,0,0,0,0,0,0,0,0,0,0,0,0,0,0,0,0,0,0,0,0,0,0,0,0
0,0,0,0,0,0,0,0,0,0,0,0,0,0,0.0038093779022188,0,0,0,0,0,0,0,0,0,0,0,-0.144081998440908,0,0,0,0,0,-0.270235375335382,0,0,0,0,0,0,0,0,0,0,0,0,0,0,0,0,0,0,0,0,0,0,0,0,0,0,0,0,0,0,0,0,0,0,0,0,0,0,0,0,0,0,0,0,0,-0.0644609269908987,0,0.527435303739014,0,0,0,0,0,0,0,0,0,0,0,0,0,0,0,0,0,0,0,0,0,0,0,0,0,0,0,0,0,0,0,0,0,0,0,0,-2.84413458346811,0,0,0,0,0,0,0,0,0,0,0.0454248118533718,0,0,0,0,0,0,0,0,0,0,0,0,0,0,0,0,0,0,0,0,0,0,0,0,0,0,0,0,0,0,0,0,-0.27778977347983,0,0,0,0,0,0,0,0,0,0,0,0.468618717881471,0,0,0,0,0,0,0,0,0,0,0,0,0,0,0,0,0,0,0,0,0,0.155354322942979,0,0,0,0
0,0,0,0,0.618880272371552,0,0,0,0.417145507760646,0,0,0.887048406210835,0,0,-0.287614756185101,0,0,0,0,0,0,0,0,0,-0.309626624666355,-0.609943731134833,0,0,0,0,0,-0.341170234551866,0,0,0,-2.17941656716225,0,0,0,0,-1.21500175448751,0,0,0,0,0,0,0,0,0,0,-0.344290239108585,0,-1.4891451678899,0,0,0,0.443713450918969,0,0,0,0,0,0,0,0,0.805673274513017,0.15234928248681,0,0,0,0,0.414706942005372,0,0,0,0,0,0,0,0,21.1576427086859,0,0,0.136194162949711,0,0,0,0,0,0,0,0,0,0,-0.351992195992519,0.365984422232489,0,0,0,0,0,-0.212228399590438,0,0,0,0,-0.109440092344843,0,0,0,0,0,0,0,0,0,0,0,0,-2.3391634130657,0,0,0,0,0,-0.219961190425907,2.43151185897056,-0.80747674359004,-1.65551888886979,0,0,0,0,0,1.45214643473337,-0.886250338456353,0,-0.00642161914598827,0,1.67369620580407,-0.349829598786797,0,0,0,0,0,0,0,0,0,0,0,0.27687483847478,0,0.0341766381144013,0,0,0,0,0,0,0,0.641739515574007,0,0,0,-1.30486328417963,0,0,-2.25606457739674,0,0,3.46510642570569,0,0.434340109399309,0,0,0,0,0,0,0,-0.835923156527828,0,0,0,0,0,0,0,0,2.1898548322767,-0.845662906945114,0,-0.0214055591588183,0,0,-0.375247584413388,-1.24250920724345
0,0,0,0,0.421526712898322,0,0,0,0,0,0,0,0,0,0,0,0,0,0,0,0,0,0,0,0,0,0,0,0,0,0,0,0,0,0,-1.11701806568657,0,-0.507192486918516,0,0,-0.639132745275026,0,0,0,0,0,0,0,0,0,0,0,0,0,0,0,0,0,0,0,0,0,0,0,0,0,0,0,0,0,0,0,0,0,0,0,0,-0.151078021061294,0,0,-0.373165132589383,17.5508824690312,0,0,0,0,0,0,0,0,0,0,0,0.0821100038457061,0,-0.136992612798902,0.132384455627458,0,0,0,0,0,0,0,0,0,0,0,0,0,0,0,0,0,0.0698806248830972,0,0,0.175121969512168,0,0,-0.0277175783752892,0,0,-0.107928908404825,0,0,-0.141371393403593,2.45882431821367,0,-1.33042633003251,0,0,0.0366864116129502,0,0,0.00744896703429254,0,0,0,0,1.11397922926806,-0.0865475554475768,0,0,0,0,0,0,0,0,0,0,0,0,-1.05891251180703,0,0,0,0,0,0,-0.288541163289741,0,0,0,0,0,0,0,0,0,0,0,0,0,0,0,0,0,0,0,0.863633199879326,0,0,0,0,0,0,0,0,0,0,0.583017290346396,0,0,0,-0.11402855472316,0,0,0
0,0,0,0,0,0,0,0,0,0,0,0,-0.463378088311034,0,0,0,0,0,0,-0.933136945786061,0,0,0,0,0,0,-1.3239649724427,0,0,0,0,0,-2.3333331001194,0,0,0,0,-0.0416009774931998,0,-0.00480555141540351,0,-0.153023659683247,0,0,0,0,0,0,0,0,0,0.159714059384108,0,0,0,0,0,0,0,0,0,0,0,-0.834136462194791,-12.8186066484731,0,-0.714819116509879,0,0,-0.0579880924959681,0,-0.0493880548238086,0,0,-0.39267086366174,0,0.0259185091264216,0,0,0,0,8.04079291833546,0.33587042939151,0,0,0,-0.523572668681515,0,0,-0.648595982090788,0,0,0,0.292016499520346,0,0,1.01703425407698,0,0.865924927267139,0,0,0,0,0,0,0,0,0,-1.48860526509589,0,0,0,0,0,0,0,0,0,0,0,0,0,0,0,0,0,0,1.68520211925015,0,0,0,0,0,0,0,0,0,0,0,0,0,-0.189415997474446,-0.202043653106421,0.61107792663552,0,0,0,0,0,0,0,0,0,0,-1.03878136986751,0,0,0,0,0,0,0,0,0,0,0,0,0,0,0,0,0,0,-0.589118615055758,0.191859450564849,0,0,0,0.327300777081845,-0.363540902900763,0,0,0,0,0,0.663771484413349,0,0,0,0,1.0441433150771,0,0,0,0,0,0,0,0,0
0,0,0,0,0,0,0,0.525721807583306,0,0.265980147782155,0,0,0,0,0,0,0,0,0,0,0,0,0,0,0,0,0,0,0,0,0,0,0,0,0,0,0,0,0,0,0,0,0,0,0,0,0.0182126115022927,0,0,0,0,0,0,0,0,0,0,0,0,0,0,0,0,0,-1.28734895171942,-1.11446034066454,-0.867559131327201,0,0.346513052521299,0,0,0,0.0703046778546188,0,-0.465379047369685,0,0,0,0,0,0,0,-0.820037935355873,0,0,0,0,0,0,0,0,0,0,0,-0.193303364911438,0,0,0,-0.0773074526529223,0,0,0.632357311690008,0,0,0,0,0,0,0,0,0,0,0,0.153142649333553,0,0,0,0,0,0,0,0,0,0,0,0,0,0,0,0,0,0,0,0,0,0,0.463232316274645,0,0,0,0.251121868297627,0,0,0.67986155485223,0,0,0,0,0,0,0,0,0,0,0,0,0,0,0,0,0,0,0,0,0,0,0,0,0,0,0,0,0,0,0,0,0,0,0,-0.28418459437923,0,0,0,0,0,0,1.15262345973734,0,0,0,0.257246255684841,0,0,0,0,0,0,0,0,0
-0.560698160684137,0,0,0,0,0,-1.99123348284447,0,0,0,0,0,0,-0.470991149335124,0,0,0,0,0,0.0256559220029253,0.747300296919074,0,0,0,0,0,0,0,0,0,0,0,0,1.29849645025667,0,0,0,0,0,0,0,0,0,0,-0.330144536075859,-1.35794415750493,0,0,0,0,0,0,0,0,0,0,0,0,0,0,-0.00350727473939205,0,0,0,0,-3.65266705407158,0,0,0,0,0,0,0,0,0,-0.90215285358815,0,0,3.28134425158794,0,-0.251263291774892,0,0,0,0.756173608626784,4.19898121980816,0.631159637290921,-0.61997530949273,0,0,0.412095634958851,0,0,0,0,0.357075962094787,0,0,0,0,0,0,0,0.0377883267750627,0,0,0,0,0,0,0,0,0,0.0556354343388323,0,0,0,0,0,0,0,0,0,0,0,0,8.15913818968521,0,0,0,0,0,0,0,0,0,0,-0.276169686746365,0,-0.480120988720951,0,-0.0351244487673192,0,1.66743643926653,0,0,0,0,0.28756775101643,0,0,0,0,0,0,0,0,0.330972080608984,0,0,0,0,0,0,0,0,0,0,0,0,0,0,0,0,0,-1.47165037577801,0,0,0.0709082550188522,0,0,0,0,-1.99604586451109,0.852302792769208,0,0.658209137955657,0,0,0.39273312658038,1.18483599566311,0,0,0,0,-0.418411135292387,0,0,0,0
-3.97056508004443,0,0,0,0,0,0,0,0,0,0,0,0,0,0,0,0,0,0,0.882764445925591,0,0.0649277118780911,0,0,0.652499135275245,0,-0.161677106448438,-0.032968240450725,0,0,0,0,0,-0.0728079277709417,0.106127652004517,-0.360049253402541,-0.0229553308083152,0,0,0,0,0,0,0,0,0,0,0,0,0,0,-0.419384403514805,0,0,0,0,0,0,-0.0365414125606764,0,0,0,-0.243057557914571,0.378822337233001,-0.953931722152794,0,0,0,0,0,0,0,0,0,0,0,0,0.0887124169037681,-0.104235292705825,0,0,1.01118430613279,0,0,0,0.0652954612514569,0,0,0,0,0,0,0,0,-0.0514023258205061,0,0.222372448262661,0,0,0,0,-0.295455538127197,0,0,0,0,0,0,0,0,0,-0.0291901513837927,0,0,0,0,0,0,0,0.78911265542808,-0.365287436563906,0,0,0,0,0,0,0,0.288488919789592,0,0,-0.771406064908752,0.162196267007684,0,0,0,0,-0.233965079826328,0,0,0,0,0,0,0,0,0,0,0,0,0,0,1.08143145265218,0.833676796593907,1.87097189885002,0,0,0,0.00531687070502662,0,0,0,0,-0.198894603893524,0,0,0,0,0,-0.0992369290159358,0.926164880600551,0,-0.225362371395747,2.81621202059254,0.167893212297982,0,2.52497347783458,0,0,0,0,-1.4370944980951,0,0,0,0,0.574869773076729,0,0,0,0.00785320408184376,0,-3.24420390933761,0,0,0,0,0,0,0
-2.9843040444259,0,0,0,0,0,0,0,0,0,0,0,0,0,0,0,0,0,0,1.12124182411092,0,0,0,0,0.842267460012018,-0.188241041761966,-0.610964958353476,-0.066686227371153,0,0,0,0,0,-1.08276122018104,0,0,-0.984392004925141,0,0,0,0,0,0.0780281359700998,0,0,0,0,0,0,0,0,0,0,0,0,0.362908875016912,0,0,0,0,0,0,0,0,0,0,0,0,0,0,0,0,0,0,0,0,0,0,0,0,0,0,0,0,0,0,0,0,0,0,0.146001898312013,0,0,-0.218107442869006,0,0,0.429159079061121,0,0,0,0,-1.53347650194971,0,0,0,0.698856188596946,0,0,0,0,0,-1.3120362315252,0,0,0,0,0,0,0,0,0,0,0,-0.62594799579534,0,0,1.054037202213,0,0,0,0,-1.16196162853848,1.14585937558842,0,0,0,0,0,0,0,0,0.17854942325852,0,0,0,0,0,0,0,0,0.695404509397043,0,0,0,1.84627956914326,0,0,0,0,0,0,0,0,0,0,0,0,0,0,0,0,0,0,1.21029647190883,0.147398361156879,0,2.4044503673417,0,0,0.183124342639391,0,-0.233460801008245,0.398959634977784,0,0,0,0,0,0,0,0.432325527874328,0,0,0,0,0,0,0,0,0
-0.0257762936021635,0,3.74486378573238,0,0,0,0,0,0,1.69804649953746,0,0,0,0,0,0,0,0,-1.18403619159744,0,1.03550468707655,0,0,0,0,0,0,0,0,-1.21811048687797,0,0,0,0,0,0,1.03110620605698,0,0,0,0,0.777421520917749,0,-0.143316439825778,0.537217437308798,0,0,0,0,0,0,0.136480094441884,0,0,-0.415326023626758,0,0,0,-0.266082888858801,-1.01693324030482,0.0209225811827629,0,0,0,-0.475526483641211,0.558723525636141,0,0,0,0.634626570935386,0,0,-1.54297082492881,0,0,-1.17967946332997,0,0,0,0,0,0,0,0,0,0,0,-1.48334466002003,0,0,0.238510743431759,0,0,0,0,-0.457626397135588,3.11854780037149,0,0,0,0,0.764977888211879,0,0,0,0,0,0,0,0.132171467313164,0,0,0,0,0,0,0.905782633399744,0,0,0,0,0,0,0,0,-0.218354616592236,0,0,0.19128107933176,0,0,0,0,0,0,0,-3.89217741841297,0,0,1.61057379814929,0,0,0,0,0,0,0,0,0.492483522121702,0,0,0,0,0,1.89340170372476,0,0,0,0,0,0,-0.599900834043313,0,0,0,0,1.57394208065561,0,-0.707997327880527,-8.04307411846278,0.267909781675496,0,0,-1.92043862056692,-2.22639300018102,1.19057328592206,0,-1.2357099709828,0,0,-0.308672543697194,0,-1.13364690588799,0,0,0,0,-0.325741795081372,0,0,0,0,0.517344663672064,0,0,0,0.268870787015266,0,0,0
-0.204102694703851,0.851184910422031,2.85785020408286,0,0.570330971744115,-0.444676997582266,0,0,0,0,0,0,0,0,0,0,0,0,-0.361083066675209,0,1.76882059539067,0,0,0,0,0.0106453510359665,0,0,0,-3.78422307106596,0,0,0,0,0,0,0.751184606183408,0.204196060551773,0,0,0,0.805946295075732,0,0,0.284674545734658,0,0,0,0,0,0,0.212987584534749,0,0,0,-0.0824384836799856,0,0,0,-0.49235922157193,0,0,0,0,0,0.0542710970193776,0,0,0,0.217037002885921,0,0,-1.55104695155153,0,-0.0221904015609904,-1.63904599197986,0,0,0,0,0,0,0,0,0,1.13816104379284,0,-2.03148557280623,0,-0.0589828766859437,0,0,0,0,0,0,3.31471277019468,0,0,0,0,0,0,0,0.00605293052801548,0,0,0,0,0.241021780602254,0,0,0,0,0.0616461697442885,0,0.392638404485343,0,0,0,0,0,0,0,0,0,0,0,0,0,0.562447671093562,0,0,0,0,0,-4.00278670350471,0,0,1.31275234893114,0,0,-0.0881299654668395,0,0,0,0,0,0.181904509525812,0,0,0,0,0,0.861619565237263,0,0,0,0,0.11203406642391,0,0,0,0.137209729415119,0,0,1.56878158039977,0.0104646844429699,0,-8.88738288361422,0,0,0,-1.25301741508886,-2.63692179787047,0,0,-0.874034735988723,0,0,0,0,-0.569563085294583,0,0,0,0.0966153020074754,0,0,0,0,0,0,0,0,0,0.999421721881509,0,0,0
0,1.66476540026846,3.59244093171951,0,0,0,0.855232500490493,0.0733785523507409,0,0,0,0.0635203003318963,0,0,0,0,0,0,-0.0736479151830318,0,1.05043095535704,0,0,0.0213977899859557,0,0,-1.11235551453292,0,-0.289107935150217,-4.68392892652395,0,0,0,0,0,0,0,0,0,0,0,0.970837237211969,0,-0.563196670496014,0.0700457352043198,0,0,0,0,0,0,0.911361719771971,0,0.0233983640622619,0,0,0,0,0,0,0,0,0,0,0.0193731778699233,0,0,0,0,0.676352312689792,0,0,-1.61268307180773,0,0,-2.05310657037342,0,-1.40585440504147,0,0,0,0,0,0,0,1.34304694073956,0.164283410242246,-1.70479592422409,0,0,0,0.114289401723487,0,0,0,0,3.39891272120188,0.482126171504659,0,0,0,0,0,0,0,0,0,0,-0.475765781588825,0,0,0,0,0.641741888027315,0,-1.09175744991912,0,0,0,0,0,-1.03508535296785,0,0,0,0,-1.31213951952057,-0.0905897020606821,0,0,0.828504062139143,0,1.1385659868724,-0.179096605407091,0,0,-2.42341130007576,0,0,1.15955440501747,0,0,-0.144747259901554,0,0,0,0,0,0.0921901538497669,0,0,0,-0.754911106166953,0,0,0.695488142497938,0,0,0,0,0,0,0,0,0,0,0.848971181279526,0,0,-8.58358639927533,0,0,0,-2.36159088956318,-4.04164729922324,0,0.256776586498983,-0.034952941148706,0,0,0,0,-1.11185112103071,0,0,0,0.393968322822819,-0.149181442530953,0,0,0,0,-1.131899898882,0,0,0,0,0,0,0
0,0,0.231057261253421,0,0,0,0.651154965178416,0,0,0,0,0,0,0,0,0,0,0,0,-0.127838283587222,0,0,0,0,0.224162289470321,0,0.0326813219971205,0,0,-1.0423688915379,0,0,0,0,0,0,-0.925225332533467,0,0,0,0.017940108564007,0,0,0,0,0,0,0,0,-0.355494254723983,0,0,0,-0.270383692276104,0,0,0.359786476426818,1.10395634631698,0,-1.61058305765377,0,-0.990407460136349,0,-0.54982853080483,0,0.00272321742575743,0,0,0,0,0.139181446255531,0,0.0672580922208117,0,0.140377189470922,0,-1.62797601715446,0,0,0,0,0,1.79527642995422,0,0,0,0,0,0,0,0,0,0,0,0,-0.0409642916008739,0,0,0,-0.00106576171565531,0,0,-0.281826346578563,0,0.0175053373724516,0,0,0,0,0,0,0.0338221696411585,-0.577873322500202,1.04482024383768,0.0624372999087979,-0.721135081125658,0,0,0,0,0,0,-0.383548486408146,0,0,0,-0.867136331196019,0.27492324067653,0,0,1.60848290928052,0.199155421637874,0,0,-0.963382215107726,-0.417121105213696,0,0,0,0,-0.86131262197709,0,0,0,0.707145302934403,0,0,0,0,0,0,0,0,0,0,0,-0.182751597887756,0,0,0.304657266198631,0,-1.05179052415529,0,0,0,0,1.16059600598216,0,-0.822830198760805,-3.34046330537166,0,0,0,0,-0.27353326234942,0,0,0,0,0,0.184332042325555,-0.26341550561111,-1.59630547593953,0,0,0.892780362835856,0,0,0,-2.1017117136371,0,0,-8.13240244551245,0,3.74022269082179,0,0,0,0,0
0,0,0,0,0,-0.185738990167387,0,0,0,0,0,0,0,0,0,0,0,0,0,0,0,0,0,0,0,0,0.623132793951326,0.303298419154105,0,0,0,0,0,0,0,0,0,0,0,0,0,0,0,0,0,0,0,0.00668226621629153,0,0,0,0,0,0,0,0,0,0,0,0,0,-1.0165316286437,0,-0.0895429593958308,-0.290684413914553,0,0,0,0,0,0,0,0,0,0,0,-2.73782127414301,0,0,0,0,0.234246256799146,2.47531320595631,0,0,0,0,0,0,0,0,0,0,0,0,0,0,0,0,0,0,0.65959198505404,0,0,0.0993809984244232,0,0,0,0,0,0,0,0,0,0,0,0,0,0,-1.69726144298527,0,0,0,0,0,0,0,0,0,0,1.42536082501149,0,0,0,0,-0.829907353006817,0,0,0,-0.115957014209977,0,0,0,0,0,0,0,0,0,0.0377029098819976,0,0,-0.721805257990228,0,0,0.3485302748789,0,0,0,0,0,-0.0874964732113377,0,0,0,-1.03966459558112,0,0,0,0,0,0,0,0,0,0,0.12573499568699,0,0,0,0,0,0,0,0,0,0,0,0,0,0,0,0,0,5.76739850840695,0,0,0,0,0
0,0,0,0,0.098991956507879,-0.756287169358821,0,0,0,0,0,0,0,0,0,0,0,0,0,0,0,0,0,0,0,0,0,0.164049851405189,0,0,0,0,0.565226882318076,0.637841294768467,0,0,0,0,0,0.0119050907324743,0,0.0301855664477848,0,0,0,0,0,0,0,0,0,0,0,-0.854330710840075,0,0,0,0,0,0,0,-0.86585461425505,0,0,0,-0.418822039471589,-0.428658963746144,0,0,0,0,0,0,0,0,-0.609964241691501,-2.28398437285851,0.93255215938225,-0.715869392358966,0,0,0,2.60943883452384,0,0,0,0,0,0,0,0,0,0,0,0,0,0,0,0,0,0,0,0,0,0,0,0,0,0,0.180434633944915,0,0,0,0,0,0,0,0,0,-1.44878350296165,0,0,0,0,0,0,0,0,0,0,0,0,0,0,0,0,0,0,0,-0.253778410188278,0,0,0,0,0,0,0,0,0,0,0,0,-0.997432718394496,0,0,0.232926526660952,0,0,0,0,0,0,0,0.209494913616067,0,-1.47389312682888,0,0,0,0,0,0,0,0,0,0,0,0,0,0,0,0,0,0,0,0,0,0,0,0,0,0,0,0,3.8753457465866,0,-0.154624235309984,0,0,0
0,0,0,0,0,0,0,0,0,-0.601204580623878,0,0,0,0,0,0,0,-0.0841762332767879,0,0,0,0,0,0,0,0,0.119969808639693,0,0,0,0,0,0,0,0,0,0,0,0,0,-0.550630572665683,0,0,0,0,0,0,0,0,0.503972378507347,0,0,0,0,0,0,0,-0.192280651189592,0,0,0,0,0,0,-0.678256855385976,0,0,0,0,0,0,0,0,0,0,0.764346769210439,0,0,0,0,0,0,0,0,0,0,0,0,0,0,0,0,0,0,0,0,0,0,0,0,0,0.181312498371632,0,0,0,0,0,0,0,0,0,0,0,0,0,0,0,0,0,0,-0.24596741663264,0,-0.193337855307706,0,0,0,0,0,0,0,-0.0459560732193389,0,0,-0.0317311867515975,0,0,0,0,0,0,0,0,0,0,0,0,0,0,0,0,0,0,0.0159437067838786,0,0,0,0,0,0,0,-0.646682695997646,-0.419900808696615,0,0,0,0,0,0,-0.646754406364399,0,0,0,0,0,-0.00968814143088981,0,-0.12201165421172,0.555009346373176,0,0.289581674326546,0,0,0,0,-0.217311158916201,0,0,-2.20205416890532,0,0,0,0,0,0,0,0,0,0,0,0
0,0,-0.412591533839228,0,-1.57191653079702,0.38415268204346,-0.138698397158573,0.188696303246547,0.50465558893512,0,0,0,0,0,0,0,0,-0.0878699180470797,0,0,0,0,0,0,0,0,0,0,0.896750974431173,0,-0.177052335185665,0,0,0,0,0,0,0,0,0,-0.86626486190702,0,0,0,0,0,0,0,0,0,0,-0.412636736129166,0,-0.40857866963057,0,0,0.421296987310633,0,0.262187041639904,0,-0.088066941862688,-1.36572927322074,-2.03190771605861,-0.195674292088051,0,0,0,0,0,0,0,0,0,0,0.184133685224452,0,0,0.555100041536988,0,0,0,0,0,0,0.0929142298797443,0,0,0,0,0,0,0,0,0,0,0,0,0,0,-1.70048273270408,0,0,0,0,0,-0.00719873011926664,0,0,0,0,0,-4.73241159519721,0,1.30285145819698,0,0,0,0,0,0,0,0,0,0,0,0,0,0,0,0,0,0,0,0,0,0,0,0,13.8712550367369,0,-1.99376860401653,2.3064847876266,0,0,0.038440481459463,0,0,-0.50171798831517,0,0,0,0,0,0,3.1103378308479,0,0,0,0,0,0,0.10335865985116,0,1.34968773155564,0,0,0,1.36192593405743,0,0,0,0,0,0,0,0,0,1.01699323256179,0,0.381570361245559,0,0,0,0,0.886010672928655,0,0,0,0,0,0,0,0,0,-0.402249418635494,0,0,0,0,0
0,0,0,0,0.129068500209612,0,0,0,0,0.244386730097332,0,0,0.699110886023505,0,0,0,0,0,0,0,0,0.2928640109121,0,0,0,0,0,0.316885291062868,-0.990008680324818,0,0,0,0,0.0304825238304138,0,0,0,-0.760083845343149,0,0,0,-0.767726549226986,0,0,0,0.102152704646666,0,0,0,0,0,0,0,1.48400242752987,0,-0.123363112652812,0,0,0,0.0262247372597142,1.43906516809326,0,0,-0.894706691620223,0,0,0,0,0,0,0,0,-0.486403216878544,0,0,0.176755806760987,0,0,0.121994706275767,0,0,0,0,0,0,0,0,0,0.179420536479165,0,0,-0.828534862939036,0,-0.208203110731442,0,0,0,0.610224207699068,2.48145538531451,0,0,0,0,0,0,0,0,0,0.871300252575265,0,0,0,0,0,0,0,0,-0.886906113901988,0,0.685353566903462,0,-0.0057249150616836,-0.837082572562887,0,0,0,0.52499851739382,0,0,-0.282448640456737,0,0,-1.38360553260366,0,0,-6.21625238001232,0.0575649841808312,0,0,-0.606013711097564,2.93941348562301,0,0,0,-1.44417881690434,0,0,1.13776806213036,-0.355725329009433,0,0,0,0,0,0,0,0,0,0,0,-1.49544028540592,0.127779060058431,0,0,0,0,-1.36428427978412,0,0,0,0,0,0,0,0,0.863995059053904,0,0,0,0,0,0,0,0,0,0,0,0,0,0,-0.216593867750866,0,0,0.264560856231003,0,0,-0.826163214095362,0.858999912792933,0,0
0,-0.00991200183235996,0,0,0,0,0,0,0,0,0,0,0,0,-0.131235061739408,0,0.187761429865235,0,0,0,-0.127224246505653,0,0,0,0,0,0,0,-0.119646145864652,0,0,0,0.414981403857068,0,0,0,0,0.769134215518822,0,0,0,0,0,0,0,0,0,0,0,0.728151348855869,0,0,0,0,0,0,-0.5105057876681,-0.0675890151629894,0,0,0,0,0,-0.109031540284969,0,0,0,0,0,0,-0.199590302877452,0,0,0,0,0,0,0.0337133901689024,0,0,0,0,0,0,0.0693671572998036,-0.469026704215714,0,0,0,0,0,0,0,0.462270948375923,0,0,0,0,0.376259652642132,0,0,0,0,0,0,0,0,0,0,0,1.81700197354333,-0.385205895465381,0,0,0,0,0,0,0,0,0,0,0,0,0,0,0,0,0,0,0,0,0,0,-3.72390099196593,0,0,0,0,0,-0.177426694410861,0,0.207504983591863,0,0,0,0,0,0,0,0,0,0,0,0,0,0,0,0,0,0,0,-0.596955906692178,0,0,0.257442346050403,0,0,0,0,0.297089898487171,0,0,0,0,0,0,0,0,-0.650735571014767,0,0,0,0,-0.0362977376883258,0,0,0,0,0,0,0,0,0,0,0,0,0,0,0.290289577138514
0,0,0,0,0,0.159624144130371,0.516468318755515,0,0,0,0,0,0,0,-0.422558493220516,0,0,0.406266015562881,0,0,0,0,0,0,0,0,0,0,0,0,0.606478104546298,0,0.108456227639873,0,0,0,0,0,0,0,0,0,0,0,0,0,0,-0.343786088588958,0,0,0,0,0,0,0,0,0,0,0,0,0,0,0,0,-0.151330488814791,0,0,0,0,0,0,0,0,0,0,0,0.230804277810944,0,1.02532797923762,0.864290252897516,0.0991611107753672,0,-0.195947320136491,0,0.382856427706318,0,-0.221493626546857,0.14747640708099,0,0,0,0,0,0,0,0,0,0,0,0.059941616709364,0,0,0,0,0,0,0,0,0,0,0.920264608326298,0,0,0,0,0,0,0,0,-0.0433065558353989,0,0,0,0,0,0,0,0,-0.59011677760788,-0.0547471950816245,0,0,0,0,-0.810299416307474,0,0,0,0,0,0,2.72291044628381,0,0.249144315475331,0,0,0,0,0,0,0,0,0,0,0,0,0,0,0,0,0,0,0,0,0,0,0.112683175464732,0,-0.0788390908824061,0,0,0,0,0,0,0,0,0,0,-0.313700250661294,-0.136432751315194,0,0,0.317934851828939,0.0655244395659835,2.4940493449509,0,0,0,0,0,0,0,0,0,0,0,0,0,0
0,0,0,0,0,0,0,0,0,0,0,0,0,0,0,0,0,0,0,0,0,0,0,0,0,0,0,0,0,0,0,0,0,0,0,0,0,0,0,0,0,0,0,0,0,0,0,0,0,0,0,0,0,0,0,0,0,0,0,0,0,0,0,-0.00474584131404066,0,0,0,0,0,0,0,0,0,0,0,0,0,0,0,0,0,0,0,0,0,0.112089116860624,0,0.0498397433561208,0,0,0,0,0,0,0,0,0,0,0,0,0,0,-0.0648543151849343,0,0,0,-8.47101183676405,0,0,0,0,0,0,0,0,0,0,0,0,0,0,0,0,0,0,0,0,0,0,0,0,0,0,0,0,0,0,0,0,0,0,0,0,0,0,0,0,0,0,0,0,0,0,0,0,0,0,0,0,0,0,0,0,0,0,0,0,0,0,0,0,0,0,0,0,0,0,0,0,0,0,0,0,0,0,0,0,-0.47846518025023,0,0,0,0,0,0,0,0,0,0,0,0
0,0,0,0,0,0,0,0,0,-0.352196790267011,0,0,0,0,0,0,-0.259246931017321,0,0,0,0,0,0,0,0,0,0,0.944546949467867,0,0,0,0,0,0,0,0,0,0,0,0,0,0,0,0,0,0,0,0,0,0,0,0,0,0,0,0,0,0,0,0,0,0,0,0,0,0,0,0,0,0,0,0,0,0,0,0,0,0,0,0,0,0,0.187443745732032,0,0,0,0,0,0,0,0,0.0110612813912203,0,0,0,0,0,0,0,0,0,0,0,0,0,0.014427212233606,-8.25810418814049,0,0,0,0,0,0,0,0,0,0,0,0,0,0,0,0,0,0,0,0,0,0,0,0,0,0,0,0,0,0,0,0,0,0,0,0,0,0,0,0,0,0,0,0,0,0,0,0,0,0,0,0,0,0,0,0,0,0,0,-1.6315579925444,0,0,0,0,0,0,0,0,0,0,0,0,0,0,0,0,0.000168614528921474,0,0,0,0,0,0,0,0,0,0,0,0,0,0,0,0
0,0,-0.19025368508055,0,0,0,0,0,0,0,-0.498450774369125,0,0,0,0,0,0,0,0,0,0,0,0,0,0,-0.24796098195234,0,0,0,0,0,0,0,0,0,0,0,-0.286033318209492,0,0,0,0,0,0.749116591521794,0,0,-0.404202824278852,0,0,0,0,0,0,0,0,0,-0.786612376255784,0,0,0,0,0,0,0,0,0,0,0,0,0,0,0,0,0,0,0,0,0,1.07172084419729,0,0,0,0,0,0,0,0,0,0,0,0,0,0,0,0,0.255718377610499,0,0,0,0,0,0,0,0,0,0,0,0,0,0,0,0,0,0,0,0,0,0,0,0,0,0,0,0,0,0,0,0,0,0,0,0,0,0,0,0,0,0,0,0,0,0,0,0,0,0,0,0,0,0,0,0,0,0,0,0,0,0,0,0,0,0,0,0,0,0,0,0,0.10665540498821,0,0,0,0,0,0,0,0,0,0,0.959225458852339,0,0,0,0,0,0,0,0,0,0,0,0,0,0,0.0522717184229258,0,0,0,0,0.0507476978232184
0,0,0,0,0,0,0,0,0,0,-0.0823715883354974,0,0,0,0,0,0,0,0,0,0,0,0,0,0,-0.120975563128207,0,0,0,0,0.0115904351751677,0,0,0,0,0,0,0,0,0,0,0,0,0,0.368575988639017,0,0,0,0,0,0,0,0,0,0,0,0,0,0,0,0,0,0,0,0,0.0592626339995852,0,0,0,0,0,0,0,0,-0.254987385223954,0,0,0,0,0,0,0,0,0,0,0,0,0,0,0,0,0,0,0,0,0,0,0,0,0,0.407446605026584,0,0,0,0,0,0,0,0,0,0,0.079903540065785,0,0,0,0,0,0,0,0,0,-0.305079299438025,0,0,0,0,0,-0.918563141721203,0,0,0,0,0,0,0,0,0,0,0,-0.437040161591026,0,0,0,0,0,0,0,0,0,0,0,0,0,0,0.652766000577561,0,0,0,0,0,0,0,0,0,0,0,0,0,0,0,0,0,0,0,0,0,0,0,0,0,0,0,0,0,0,0,0,0,0,0,0,0,0,0,0,0,0,0,-0.0491818683320071,0.96950226640631
0,-0.122148801025768,0,0,0.118427042430118,0,-0.0551610270953378,0,0,0,0,0,0,0.024778734537666,0,0,-0.329287618312698,0,0,0,0,0,0,0,0,0,0.534882864804741,0,0,0,0,0,0,0,0,0,0,0,0,0,0,-0.210351234302098,0,-0.671570963090796,0,0,0,0,0,0,0,0,0,0,0,0,2.94513236725118,0,0,0,0,0,0,-0.320475072066895,0,-0.70800305215706,0,0,0,0,0,0,0,0,0,0,0,0,0,0,0,0,0,0.174010318734399,0.0952193813366387,0,0,-1.16560177284692,0,0,0,0,0,0,0,0,-1.39500642177581,0,0,0,0.832988862577783,0,0.161368229316061,0.0219461033990513,0,0,0,0,0.0207892403870413,0,0,0.978280430368581,0,0,0.136807352599602,-2.57803211088982,-0.0869785907058287,0,0,0,0,-0.113838611815356,0,0,0,0,0.107419335184318,-1.855113351337,0,0,0,0,0,0,-0.152900826216489,-0.075229845868809,0,0,0,0,0,0,0,0,0,0,0,0,0,0,0,0,0,0,0,0,0,0,0,0,0,0,0,0,0,0,0,0,0,0,0,0,0,0,0,0,0,0,0,0,0,0,0,0,0,0,0,0,0,0,0,0,-2.09533599341302,0,0,0,0,0,0,0
0,0,0,0,0,0,0,0,0,0,0.199827613336941,0,0,0,0,0,0,0,0,0,0,0,0,-0.911947769200064,0,0,0,0,0,0,0,0,0,0,0,0,0,0,0,0,0,-0.297391984860212,0,0,0,0,0,0,0,0,0,0,0,0,0,0,0,0,0,0,0,0,0,0,0,0,0,0,0,0,0,0,0,0,0,0,0,-0.138065927094102,0.909830788386695,0,0,0,0,0,0,0,0,0,0,0,0,0,0,0,0,0,0,0,0,0,0,0,0,0,0,0,0,0,1.30285551301631,0,0,0,0,0,0,0,0,0,0,0,0,0,0,0,0,0,0,0,0,0,0,0,0,0,0,0,0,0,0,0,0,0,0,0,0,0,0,0,0,0,0,0,0,-0.31666244092784,0,0,0,0,0,0,0,0,0,0,0,-0.101370505500845,0,0,0,0,0,0,0,0,0,0,0,0,0,0,0,0,0,0,0,0,0,0,0,0,0,0,0,0,0,0,0,0,0,0
0,-0.357369195388926,0,0,0.143959158102673,0,-0.591800841156859,0,0.824642687438118,0,0,0,0,0,0,0,0,0,0,0,0,0,0,-4.83307059975523,-0.075143202277691,0,0,0,0,0,0,0,0,0,0,0,0,0,0,0,0,-0.762461440647601,0,0,0,0,-0.839817271558094,0,0.734270093033741,0,0,0,0,0,0,0,0,-0.466410207975853,0.0275578808755081,-0.862571574625808,0,-0.0909253693754024,0,1.25222266487366,0.861521298560372,0.415864111500421,0,0,0,0,0,0,0,0,0,0,0,0,0,0,0,0.421135122555806,0,0,0,-0.303859113689577,0.492653564396894,0,0,-0.233647238143313,0,0,1.17530914846706,0,0.414739051843239,-0.272438131710484,0,0,0,0,-0.390962924046145,0,0,0,0,1.0494600198956,0,0,4.25794194333527,-0.92574610010304,0,0,0,-0.905752301554386,0,-0.775594878463689,0,0,0,1.70118361651611,0.776513215535001,0,0,-0.211508766532509,0,0,0,0,0,0,0.628317986821946,0,0,0,0,0,0.518315978839888,0,0,0,0.568500994779277,-0.538092677637127,0,0,0,0,0,0.0342626731710689,0,-0.111006229441402,0,0,0,-0.774851859658538,0.948752248874941,0,0,0,0,0,0,0,0.376150590363481,0,0,0,0,0,0,0,0,0,0,0,0,-1.19072094423304,0,0,0,0.913583634612225,0,1.00561946612728,0,0,0,0,0,0,0,0,0,0,0,0,0,0.0828857067768425,0,0,0,0
0,0,0,0,0,0,-0.451128635114026,0,0,0,0,0.108669249172255,0,0,0,0,0,0,0,0.245411371071113,0,0,0,-5.23497414861632,-0.0921054109543342,0,0,0,0,0,0,0,0,0,0,0,0,0,0,0,0,-1.53235675189895,0,0.000269682441564445,0,0,0,0,0.404317387773097,0,0,0,0,0,0,0,0,0,0,0,0,0,0,0,1.73979605834618,0,0,0.398107025052919,0,0,0,0,0,0,0,0,0,0,0,0,0,0,0,0,0,0,0,0,0,0,0,0,1.0377000924587,-0.149778277469728,0,-1.64414690649261,0,0,0,0,0,0,0,1.50413459758193,0,0.789113123100164,0,0,4.60935235666898,-0.96782676202181,0.0395933329139744,0,0,0,0,0,0,0,0,1.67724438595381,0,0,-0.382900985372147,0,0,0,0.15961801535969,0,0,0,0.585908315384818,0,0,0,0,0,0,0,0,-1.56904864552162,0.154045419018164,-0.167065308470982,0.027911301912517,0,0,0,0,0.7847347906375,0,0,0,0,0,0,0.57273895851473,0,0,0,0,0,0.434090985996281,0,0.564593842745482,0,0,-0.428197271257284,0,0,0,0,0,0,0,0,0,-1.12163611468979,-0.236674890398758,0,0,0.918572385012295,0,0.815830133917807,0,0.0258746548693372,1.46778019817183,0,0,0,0,0,0,0,-0.126233994145392,0,-0.644732241046406,0.105639973054454,0,0,0,0.0468267890565277
0,0.855850324391583,-0.77319799677888,0,0,0,0,0,0,0,0,0,-1.05348196090393,0,0,0,0,0,0,0,0,0,0,-23.1306091451287,0,0,0,0,0,0,0,0,0,0,0,0,0,0,0,0,0,0,0,0,0,0,0,0,0,0,0,0,0,0,0,0,0,-0.226531983723968,0,0,0,1.75081954831396,-0.0777714071060602,0,0,0,-0.0310343606332151,0,0,0,0,0,0,0.663926224413377,0,0,0,0,0,0,0.947700788670879,0,0,0,-0.11027211034177,0,0,0,0.403248607198051,0,0,1.48610032899617,0,0,0.0731345394220131,0,0,0,0,0,0,0,0,0.0873062857965912,0,0,0,0,0,0,0,0,0,0,0,0,-2.13086577631352,0,0,0.223633767184082,0,0,0,0,0,0,0,0,0.482810785398951,0,0,0,0,0,0,0,0,0,0,0,0,0,0,0,0,0,0,0,0,0,0,0,0,0,0,0,0,0,0,0,0,0,0,0,0,0,0,0,0,0,0,-0.0693628523187417,0,0,0,0,0,1.79584524261256,0,0,0,0,0,0,0,0,0,0.717681552600935,0,0.203669423024135,0,-0.2652690561316,0,0,0,0,0,0,0,0
0,0.352981519177964,0,0,0,0,0,0,0,0,0,0,-0.780141684518644,0,0.672155473441561,0,0,0,0,0,0,0,0,-25.1291539792621,0,0,0,0,0,0,0,0,0,0,0,0,0,0.157945332618441,0,0,0,0,0,0,0,0,0,0,0,-0.24206760273369,0,0,0,0,0,-0.195545807446665,0,0,0,0,0,1.31829402721067,0,0,0,0,0,0,0.196299633395917,0,0,0,0,0,0,0,0,0,0,0,0,0,0,0,0,0,-0.556240377609954,0,0.333651400250623,0,0,0,0,0,0,0,0,0,0,0,0,0.0306865094152931,0,0,0,0,0,0,0,0,0,0,0,0,0,0,-1.00528223743159,0,0,0,0,0,0.794723836879606,0,0,0,0,0,0,0,0,0,0,0,0.443261068749781,0,0,0,0,0,0,0,0,0,0,0,0,0,0,0,0,0,0,0,0,0,0,0,0,0,0,-0.120324810795437,0,-0.0514630143874943,0,0,0,0,0,0,0,0,0,0,0,0,0,0,0,0,0,0,0,0,0,0,0,0,0,1.23156739443604,0,0,0,0,-0.418651074211776,0,0,0,0,0
0,0,0,0,0,0,0,0,0,0,0,0,0,0,0,0,0,0,0,0,0,0,0,-30.4769069568832,0,-0.222870425252018,0,0,0,0,0,0,0,0,0,-0.0789546141227424,0,0,0,0,0,0,0,0,0,0,0,0,0,0,0,0,0,-0.228525117095064,0,0,0,0,0,0,-0.369422164107693,-2.13233681726148,0,0,0,0,0,0,0,0,0,0,0,0,0,0,0,0,0,0,0,0,0,0,2.87649560179175,0,0,0,0.128943710064819,0,0,0,0,0,-0.851176036147722,0,-0.265690339164875,0,0,0,0,0,0,0,0,0,0,2.59057408304892,0,0,0,0,0,0,0,0,0.117913082199663,0,0,0,0,0,0,0,0,0,0,0,0,-0.160252270113502,0,0,0,0,1.96828872821246,0,0,0,0,0,0,0,-0.117501238351595,0,0,0,0,0,0,0,0,0,0,0,-1.35574257377129,0,0,0,-0.361996657446671,0,0,0,0,0,0,0,0,0,0,0,0,0,0,0,0,0,0,0,0,0,0,0,0,0,0,0,0,-0.846407347966745,0,0,0,0,-0.13657106982328,0,0,0,0,0,0,0
0,0,-0.146515081428509,0,0,0.401382165259609,0,0,0,0,0,0,0,0,0,0,0,-0.259758370835922,0,0,0,0,0,0,0,0,0,0,0,0,0,0,0,0,0,0,0,0,0,0,0,0,0,0,0,0,0,0,0,0,0,0,0,0,0,0,0.284488093719827,0,0,0,0,0.25974036384036,0,-1.60159853571541,0,0.353782499039725,0,0,0,0,0,0,0,0,0,0,0.00871224793382752,0,0.371580600608553,0,0,0,0,-1.88669817918416,0,0,0,0,0,0,0,0,0,0,0,0,0,0,0,0,0,0,0,0,0,0,0,0.0224111361309258,0,0,0.0201704822781121,0,0,0,0,0,0.238677909880494,0,0,0,0,0,0,0,0,0,0,0,0,0,0,0,0,0,0,0,-0.274566083167778,0,0,0,0,0.682477898716686,0,0,0,0,0,0,0,0,0,0,0,0,-0.307815425413395,-0.805808367859515,0,0,-0.01522311555694,0,0,-1.05995362176427,-0.299944850809278,0,0,0,0,0,0,0,0,-0.216294949590373,0,0,0,0,0,0,0,0,0,0,0,0,0.192851970182071,0,0,0,0,0,0,0,0,0,0,0,0,0,0,0
0,0,-1.03382668782197,0,0,0,0,0,0,0,0,0,0,0,0,0,0,0,0,0,0,0,0,0,0,0,0,0,0,0,0,0,0,0,0,0,0,0.191410222347869,0,0,0,0,0,0,0,0.218631389998942,0,0,0,0,0,0,0,0,0,-0.458418231282535,0,0,0,0,0,-0.334893723608707,0,0,0,0,0,0,0,0,0,0,0,0,0,-1.3899215791477,0,0,0,0,0,0,0,0,0,0,0,0,0,0,0,0,0,0,0,0,0,0,0,0,0,0,0,0,0,0,0,0,0,0,0,0,0,0,0,0,0,-0.486016624236886,0,0,0,0,0,0,0,0,0,0,0,0,0.12284836919339,0,0,0,0,0.0542519194092497,0,0,0,0,0,0,0,-0.315596636968768,0,0,0,0,0,0,0,0,0,0,0,0,0,0,0,0,-3.04397972726375,0,0,0,0,0,-0.104547684684779,0,0.464600437608501,0,0,0,0,0.468464195586283,0,0,0,0,0,0,-0.456447141161664,0,0,0,0,0,0,-0.31739507689709,0,0,0,0,0,0,0,0,0,0,0,0
0,0,0,0,-1.83842340221315,0.333866636684206,0,0.110987634194466,0,0,0,0,-0.423424408641228,0,0,0,-0.167813578313069,0,0,0.195216254756011,0,0,0,0,-1.88196670962657,0,0,0,0,-1.57895054372325,0,0,0,0,0,0,0,0,0,0,0,-0.513860698453537,0,-0.686599622938661,0,0,0,0,0,0,0,0,0,-1.00145829992272,0,0,0,0,0,0,2.10481716374972,0,0,-0.0176326198743146,0,0,0,0,0,0,0,0,0,0,0,0,0,0,0,0.247446286687271,0,0,0,-0.0445451018127194,0,-0.316263953577877,0.220898728212386,0.09510918324024,-0.0745568255292501,0,0,0,0,0.204228623107359,0,0,0.491875918077124,0,0,-0.422193828032123,0,1.34928574562131,0,0,0,-1.91559498577322,0,0,0,-0.214572205148072,0,0,0,0,0,0.799560690256635,0,0,0,0,0,3.73328467356352,0,0,0,0,0,2.30752421775849,0,0,0,0,0,0,0,0.00370482699075803,0,0,0,-2.61066650777241,0,0,0,0,0,0,0,0,0,0,0,5.97769626099796,-0.15263587755431,0,-3.7302625809608,0,0,0,-0.025822025214435,0,1.10050372017381,0,-0.0748128365856895,-0.219407198410558,0,0,0,0,0,-2.42293819447594,0,0.0128974773091772,0,0,0,-0.805284843260713,-0.343643223273428,0,0,0,-0.284578095499602,0.333634872963585,0,-0.747915493911205,0,0,0,0,0,-0.297212365916774,0,0,0,0,0,0,0,0,0,0
0,0,0,0,-1.93450788984442,0,0,0,0,0,0,0,0,0,0,0,0,0,0,0,0,0,0,0,0,0,0,0,0,0,0,0,0,0,0,0,0,0,0,0,0,0,0,0,0,0,0,0,0,0.215532366360211,0,0,0,0.831444026352536,0,0,0,0,0,0,0,0,0,0,0,0,0,0,0,0,0,0,0,0,0,0,0,0,0,1.20601860724056,0,0,0,0,0,0,0,0,0,0,0,0,0,0,0,0,0,0,0,0,0,0,0,0,0,-0.0710144761446252,-1.06362132969693,0.123877415558407,0,0,0,0,0,0,0,0,0,0,0,0,0,0,0,0,0,0,0,0,0,0,1.57885852063134,0,0,0,0,0,0,0,0,0,0,0,0,0,0,0,0,0,0,0,0,0,0,0,0,0,0,0,0,0.698488956754094,0,0,0,0,0,0,0,0,0,0.19287451051591,0,0,0,0,0,0,0,0,0,0,0,0,0,0,0,0.016262107331217,0,0,0,0,0,0,0,0,0,0,0,0,0,0
-0.065150199282082,0,0,0,-2.88332892575895,0,0,0,0,0,0,0,0,-0.226066036996659,0,0,0,0,0,0,0,0,0,0,0,0,0.172056514309717,0,0,0,0,0,0,0.835557757818944,0,0,0,0.316752069507834,0,0,0,0,0,0,0,0,0.671712036122838,0,0,0.0816315485663435,0,0,0,0,0,0,0,0,0,0,0,0,0,-0.59664695554222,0,0,0,0,0,0,0.129431251113799,0,0,0,0,1.48469053536532,0,0,0.0983202371525613,1.5680574225031,0,0,0,0,0,0,0,0,0,0,0,0,0,0,0,0,0,0,0,0.560108935115704,0,0,0,0.714970152271807,0,0,-1.11856266079894,0.382626314156637,0,0,0,0,0,0,-0.0673856122806902,0.0679333301876239,0,-1.33199272169473,0,0,0,0,0,0,0,0.181097561956126,0,0,0,0,0,0,0,0,-0.844251186755604,0,-0.863812932123575,0,0,0,0,0,0,0,0,0,0,0,0,0,0,0,0,0,0,0,0,0,0,1.00213987970892,0,3.94345550544049,0,0,0,0,0,0,0,0,0,0,0,0,0,0,0,0,0,0,0,0,0,0,0,0,0,0,0,0,0,-0.143946323021296,0,0,0,0,0,0,0,0
0,-0.0327957082835795,0,0,-0.306379124842152,0,0,1.4598865485909,0,-1.69971251109602,0,0,0,0,0,0,-0.121321749634317,0,0,0,0,0,0,0,0,0,0,-0.473160610718037,-0.188050587428012,0,0,0,0,0.134488346971828,0,0,-0.445151122669452,0,0,0,0,0,0,0,0,0,0,0,0,0,0,-0.503194062570051,0,0,0,0,0,-0.0480238512507463,0,0,0,-0.578865701823351,0,0,0.777697237197774,0,0,0,0,0,0,0,0,0,0,0,1.98728639316485,0,0,0,0,0,0,0,0,-0.375266688314998,0,0,0,-0.124076458176335,0,0,0,0,0,0,0,0,0,0,0,0,1.8620962653834,0.79226466891585,0,0.497131616109348,0,0.991209539229926,0.68380847102515,0,0,-0.164611420948228,-0.552608418259441,0,-1.05336749524525,-0.512439515761007,0,-1.35247294367301,0,0,0,0,0,0,0,1.96014972918848,0.814373117806534,-0.292944822190125,0,0,2.00640700623468,0,0,0,0,0,0,-0.0181355932960752,0,-0.337573435518179,-0.997596700293164,0,0,0,0,0,0,0,0,0,0,0,0,0,-0.296485203306468,0,0,0,0,0,-1.77827645707055,0,-0.577275403601119,0,0,0,0,0,0,-0.889134876927839,0,0,-0.208819783496037,0,0.46898475950297,0,0.888125560082695,-0.317098695184182,0,0,0.365963451509103,0,0,0,0,0,0.0727335577357986,0,0,0,1.14287612994195,0,-0.414353679830724,0,0,0,0,0,0,0
0,0,0,0,0,0,0,0,0,0,0,0,0,0,0,0,0,0,0,0,0,0,0,0,0,0,0.0122114352611251,0,0,0,0,0,0,0,0,0,0,0,0,0,0,0,0,0,0,0,0,0,0,0,0,0,0,0,0,0,0,0,-0.0307734979668113,0,0,0,-0.0978279006651686,-0.361559979601796,0,0,0,0,0,0,0,0,0,0,0,0,0,0.554502328075641,0,0,0,0,0,0,0,0,0,0,0,0,0,0,0,0,0,0,0,0,0,0,0,0,0,0.426487460090018,0,0,0,0,0,0,0,0,0,0,0,0,0,0,0,-0.194481806528364,0,0,0,0,0,0,0,0,0,0,0,0,0,0,0,0,0,0,0,0,0,0,0,0,0,0,0,0,0,0,0,0,0,0,0,0,0,0,0,0,0,0,0,0,0,0,0,0,0,-0.342966435431139,0,0,0,0,0,0,0,0,0,0,0,0,0,0,0,0,0,0,0,0,0,0,0,0,0,0,0,0,0,0
0,0,0,0,0,0,0,0,0,0,0,0,0,0,0,0,0,0,-0.0703237844308524,0,0,0,0,0,0,0,0.423676347362304,0,0,0,0,0,0,0,0,-0.0843798142336161,0,0,0,0,0,0,0,0,0,0,0,0,0,0,0,0,0,0,0,0,0,0,0,0,0,0,0,0,0,0,0,0,0,0,0,0,0,0,0,0,0,0,0,0,0,0,0,0,0,0,0,0,0,0,0,0,0,0,0,0,0,0,0,0,0,0,0,0,0,0,0,0,0,0,0,0,0,0,0,0,0,0,0,0,0,0,0,0,0,0,0,0,0,0,0,0,0,0,0,0,0.196402495254476,0,0,0,0,0,0,0,0,0,0,0,0,0,0,0,0,0,0,0,0,0,0,0,0,0,0,0,0,0,0,0,0,0,0,0,0,0,0,0,0,0,0,0,0,0,0,0,0,0,0,0,0,0,0.0331247771085508,0,0,0,0,0,0,0,0,0
0,0,0,0,0,0,0,0,0,0,0,0,0,0,0,0,0,0,0,0,0,0,0,0,0,0,2.15931411982294,0,-0.0511376527810545,0,0,0,0,0,0,0,0,0,0,0,0,0,0,0,0,0,0,0,0,0,0,0,0,0,0,0,0,0,0,0,0,0,0,0,0,0,0,0,0,0,0,0,0,0,0,0,0,0,0.190540145200544,0,0,0,0,0,0,0,0,0,0,0,0,0,0,0,0,0,0,0,0,0,0,0,0,0,0,0,0,0,0,0,0,-0.0227999998734711,0,0,0,0,0,0,0,0,0,0,0,0,0,0,0,0,0,0,0,0,0,0,0,0,0,0,0,0,0,0,0,0,0,0,0,0,0,0,0,0,0,0,0,0,0,0,0,0,0,0,0,0,0,0,0,0,0,0,0,0,0,0,0,-0.323711682120648,0,0,0,0,0,0,0,0,0,0,0.154093883035995,0,0,0,0,0,0,0,0,0,0,0,0,0
0,0,0,0,0,0,0,0,0,0.00354319939560033,0,0,0,0,0,0,0,0,0,0,0,0,0,0,0,0,2.66056548355978,0.0383336630666666,0,0,0,0,0,0,0,0,0,0,0,0,0,0,0,0,0,0,0.164890776669701,0,0,0,0,0,0,0,0,0,0,0,0,0,0,0,0,0,0,0,0,0,0,0,0,0,0,0,0,0,0,0,1.28712205543428,0,0,0,0,0,0,0,0,0,0,0,0,0,0,0,-0.292035159772011,0,0,0,0,0,0,0,0,0,0,0,0,0,0,0,0,0,0,0,0,0,0,0,0,0,0,0,0,0,0,0,0,0,0,0,0,0,0,0,0,0,0,0,0,0,0,0,0,0,0,0,0,0,0,0,0,0,0,0,0,0,0,0,0,0,0,0,0,0,0,0,0,0,-0.314608205073959,0,0,0,0,0,0,0,0,0,0,0,0,0,0,0,0,0,0,0,0,0,0,0,0,0,0,0,0,0,0,0
0,0,0,0,0,0,0,0,0,0,0,0,0,0,0,0,0,0,0,0,0,0,0,0,0,0,2.7558365955884,0,0,0,0,0,0,0,0,0,0,0,0,0,0,0,0,0,0,0,0,0,0,0,0,0,0,0,0,0,0,0,0,0,0,0,0,0,0,0,0,0,0,0,0,0,0,0,0,0,0,0,0,0,0,0,0,0,0,0,0,0,0,0,0,0,0,0,-0.209810500390697,0,0,0,0,0,0,0,0,0,0,0,0,0,0,0,0,0,0,0,0,0,0,0,0,0,0,0,0,0,0,0,0,0,0,0,0,0,0,0,0,0,0,0,0,0,0,0,0,0,0,0,0,0,0,0,0,0,0,0,0,0,0,0,0,0,0,0,0,0,0,0,0,0,0,0,0,0,0,0,0,0,0,0,0,0,0,0,0,0,0,0,0.107404683519355,0,0,0,0,0,0,0,0,0,0,0,0.0596656352184237,0
0,0,-0.242917050582193,0,0,-0.378049324945846,0,0.692104788488356,0,-2.83971555924572,0,0.295176027494514,0,0,0,0,0,0,0,0,0,0,0,-0.52205829698201,-0.0869824452083976,-0.85638214818279,0,0,0,-9.30109609416986,0.442201747391135,0,0,0,0,0,0,0.970239655441854,0,0,-0.28995282109853,0,0,0,-0.333357944184222,0.103338554073337,0,0,0,0,0,-1.67855528175133,0,0,0,0,0,0.540180965468174,1.23517846538139,0.132330394139081,0,0,0,-1.09268729090078,0,0.576610705765415,0.424706273748036,0,0,0,-0.511042614970481,0.326364167906497,0,0,-0.985347946717853,0,0,0,0,0,0,0,0,0,0,0,0,0,-1.51194843694005,0,0,0,0,0,0,0.536668109904855,-2.31546550030828,0,2.61739311059233,0,1.34631085917568,0,0,0,0,0,0,0,-0.0969076826583417,1.0921798545292,0,0,0.274370067334036,0,0,0,-0.0417429364519866,0,0,0,-0.202757517333469,0,0,0,0,0.0847744036599059,0,1.76866253061346,0,0,-0.770700726160881,0,0,0,-3.04174344306623,0,0.08700696444501,0,0,0,0.251845889020894,0,0,0.136583115900752,0,-0.15846866260669,0,-0.404436864180383,0,0,0,0,0,0,0.431920407622582,0,0,0.517364762097836,0,0,0,0,0,-0.749629462147337,0,0,0,0,0.0343438022957918,0,-0.483748293965815,0.304456075749752,0,0,0,0,0.972097857251215,0,0,0.678431311920769,0,0,-0.127222250266059,0,0,0,0,0,0,0,0,0,0,0.773643888560366,0.113196007079517,0,0,0,0,-1.45259100275772
0,0,0,0,0,0,0,0,0,0,0,0,0,0,0,0,0,0,0,0,0,0,0,0,0,0,0,0,0,0,0,0,0,0,0,0,0,0,0,0,0,0,0,0,0,0,0,0,0,0,0,0,0,0,0,0,0,0,0,0,0,0,0,-0.69291928435439,0,0,0,0,0,0,0,0,0,0,0,0,0,-0.0866618319923671,1.39013163448018,0,-0.0811364724085517,0,0,0,0,0,0,0,0,0,0,0,0,0,0,0,0,0,0,0,0,0,0,0,0,0,0,0,0,0,0,-0.12283857434831,0,0,0,0,0,0,0,0,0,0,0,0,0,0,0,0,0,0,0.126388667532893,0,0,0,0,0,0,0,0,0,0,0,0,-0.909790509107033,0,0,0,0,0,0,0,0,0,0,0,0,0,0,0,0,0,0,0,0,0,0,0,0,0,0,0,0,0,0,0,0,0,0,0,0,0,0,0,0,0,0,0,0,0,0,0,0,0,0,0,0,0,0,0,0
0,0,0,0,0,0,0,0,0,0,0,0,0,0,0,0,0,0,0,0,0,0,0,0,0,0,0,0,0,0,0,0,0,0,0,0,0,-0.163097514408802,0,0,0,0,0,0,0,0,0,0,0,0,0,0,0,0,0,0,0,-0.0346601470318411,0,0,0,0,0,-0.815205012669656,0,0,0,0,0.0571209602776879,0,0,0,0,0,0.00927878604268817,0,0,0,0,0.0895309773586812,0,0,0,0,0,0,0,0,0,0,0,0,0,0,0,0,0,0,0,-0.03626925296021,0,0,0,-0.141926019825219,0,0,0,0,0,0,0,-0.12186700159203,0,0,0,0,0,0,0,0,0,0,0,0,0,0,0,0,0,0,0,0,0,0,0,0,0,0,0,0,0,0,0,-1.1687010486158,0,0,0,0,0,0,0,0,0,0,0,0,0,0,0,0,0,0,0,0,0,0,0,0,0,0,0,0,0,0,0,0,0,0,0,0,0,0,0,0,0,0,0,0,0,0,0,0,0.0190309843016214,0,0,0,0,0,0,0
0,0,0,0,0,0,0,0,0,0,0,0,0,0,0,0,0,0,0,0,0,0,0,0,0,0,0,0,0,0,0,0,0,0,0,0,0,0,0,0,0,0,0,0,0,0,0,0,0,0,0,0,0,0,0,0,0,0,0,0,0,0,0,-0.136966300431717,0,0,0,0,0,0,0,0,0,0,0,0,0,0,0,0,0,0,0,0,0,0,0,0,0,0,0,0,0,0,0,0,0,0,0,0,0,0,0,0,0,0,0,0,0,0,0,0,0,0,0,0,0,0,0,0,0,0,0,0,0,0,0,0,0,0,0,0,0,0,0,0,0,0,0,0,0,0,0,0,0,0,0,0,0,0,0,0,0,0,0,0,0,0,0,0,0.195688867090048,0,0,0,0,0,0,0,0,0,0,0,0,0,0,0,0,0,0,0,0,0,0,0,0,0,0,0,0,0,0,0,0,0,0,0,0,0,0,0
0,0,0,0,0,0,0,0.493548886375816,0,0,0,0,0,0,0,0,0,0,0,0,0,0,0,0,0,0,0,0,-0.0566726999520517,0,0,0,0,-0.0389784910252515,0,0,-0.17463718461678,0,0,0,0,0,0,0,0,0,0,0,0,0,0,0,0,0,0,-3.42381888381191,0,0.363546388934513,0,0,0,0,0,0,0,0,0,0,0,0,0,0,0,0,0.127531831950598,0,0,0.392613468413816,-0.841755807981882,0,0,-0.0598565851721315,0,-1.12856238733997,0,0,0.873640580859294,0.500148811035698,0,0,0,0,-0.0748755266066461,0,0,0,0,-0.499530220495987,0,0,0,0,0,0,-0.222228162342116,0.471769732934405,0,0,0,0,0,0.547813376292365,0,0,0,0,0,-1.30234237097872,0,0,-0.048430151042625,0,0,0,0,0,0,0,0.776101506693277,0,-0.128845817714919,0,0,0,0,0,0,0,0,0.281046114159974,0,0,0,0,0,0,0,0,0,0,0,0,0,0,0,0.316819092112032,0,0,0,0,0,0,0,0,0,0,0,0,0,0,0,0,0,0,0,0,0,0,0,0,0,0,0,0,0,0,0,1.74070552078498,0,0,0,0,0,0,0,0,0,0,0,0
0,0,0,0,0,0,0,0,0,-0.534230092439419,0,0,0,0,0,0,0,0,0,0,0,0,0,0,0,0,0,0,0,0,0,0,0,0,0,0,0,0,0,0,0,0,0,0,0,0,0,0,0,0,0,0,0,0,0,0,0,0,0,0,0,0,0,0,0,0,0,0,0,0,0,0,0,0,0,0,0,0,0,0,0,0,0,0,0,0,0,0,0,0,0,0,0,0,0,0,0,0,0,0,0,0,0,0,0,0,0,0,0,0,0,0,0,0,0,0,0,-0.351915187614092,0,0,0,0,-0.0124088164930121,0,0,0,0,0,0,0,0,0,0,0,0,0,0,0,0,0,0,0,0,0,0,0,0,0,0,0,0,0,0,0,0,0,0,0,0,0,-0.539711238265641,0,0,0,0,0,0,0,0,0,0,0,0,0,0,0,0,0,0,0,0,0,0,0,0,0,0,0,0,0,0,0,0,0,0,0,0,0,0,0
0,0,0,0,0,0,0,0,0,0,0,0,0,0,0,0,0,0,0,0,0,0,0,0,0,0,0,0,0,0,0,0,0,0,0,0,0,0,0,0,0,0,0,0,0,0,0,0,0,0,0,0,0,0,0,0,0,0,0,0,0,0,0,0,0,0,0,0,0,0,0,0,0,0,0,0,0,0,0,0,0,0,0,0,-0.432328723485166,1.37957674124525,0,0,0,0,0,0,0,0,0,0,0,0,0,-0.21663436430968,0,0,0,0,0,-0.111425432734888,0,0,0,0,0,0,0,0,0,0,0,-0.409328927698229,0,0,1.28188031220919,0,0.299600194108865,0,0,0,0,0,0,0,0,0,0,0,0,0,0,0,0,0,0,0,0,0,0,0,0,0,0,0,0,0,0,0,0,-0.219449591542028,0,0,0,0,0,0,0,0,0,0,0,0,0,0,0,0,0,0,0,0,0,0,0,-1.22202171738158,0,0,0,0,0,0,0,0,0,0,0,0,0,0,0,-0.974301199154764,0,0,0,0
0,0,0,0,0,0,0,0,0,0,0,0,0,0,0,0,0,0,0,0,0,0,0,0,0,0,0.474291798056723,0,0,0,0,0,0,0,0,0,0,0,0,0,0,0,0,0,0,0,0,0,0,0,0,0,0,0,0,0,0,0,0,0,0,0,0,0,0,0,0,0,0,0,0,0,0,0,0,0,0,0,0,0,0,0,0,0,0,-0.158078317730098,0,0,0,0,0,0,0,0,0,0,0,0,0,0,0,0,0,0,0,0,0,0,0,0,0,0,0,0,0,0,0,-0.211341946384339,0,0,0,0,0,0,0,0,0,0,0,0,0,0,0,0,0,0,0,0,0,0,0,0,0,0,0,0,0,0,0,0,0,0,0,0,0,0,0,0,0,0,0,0,0,0,0,0,0,0,0,0,0,0,0,0,0,0,0,0,0,0,0,0,0,0,0,0,0,0,0,0,0,0,0,0,0.318331132468537,0,0,0,0,0
0,0,0,0,0,0,0,0,0,0,0,0,0,0,0,0,0,0,0,0,0,0,0,0,0,0,0,0,0,0,0,0,0,0,0,0,0,0,0,0,0,0,0,0,0,0,0,0,0,0,0,0,0,0,0,0,0,0,0,0,0,0,0,0,0,0,0,0,0,0,0,0,0,0,0,0,0,0,0,0,0.0422307484837188,0,0,0,0,0,-1.19486358823834,0,0,0,0,0,0,0,0,0,0,0,0,0,0,0,0.56917239517753,0,0,0,0,0,0,0,0,0,0,0,0,0,0,0,0,0,0,0,0,0,0,0,-0.217068527539044,0,0,0,0,0,0,0,0,0,0,0,0,0,0,0,0,0,0,0,0,0,0,0,0,0,0,0,0,0,0,0,0,0,0,0,0,0,0,0,0,0,0,0,0,0,0,0,0,0,0,0,0,0,0,0,0,0,0,0,0,0,0,0,0,0,0,0,0,0,0,0,0,0
0,0,0,0,0,0,0,0,0,-0.187961478182777,0,0,0,0,0,0,0,0,0,0,0,0,0,0,-0.463765303135274,0,0,-2.35478578906154,0,0,0,0,0,0,0,0,0,0,0,0,0,0,0,0,0,0,0,0,0,0,0,0,0,0,0,0,0,0,0,-0.0157264217329154,0,0,0,0,0,0.0873236185437061,0,0,0,0,0,0,0,0,0,-0.379734245130314,0,0,0,0,0,0,0,0,0,0,0,0,0,0,0,0,0,0,-0.263949206989807,0,0,0,0,0,0,0,0,0,0,0,0,0,0,0,0,0,0,0,0,0,0,0,0,0,0,0,0,0,0,0,0,0,0,0,0,0,0,0,0,0,0,0,0,0,0,0,0,0,0,0,-10.5713497448395,0,0,0,0,0,0,0,0,3.79147722310373,0,0,0,0,0,0,0,0,0,0,0,0,0,0,0,0,0,0,0,0,0,0,0.0483992007781524,0,0,0,0,0,0,0,0,0,0,0,-0.0977894652116342,0,0,0,0,0,0,0,0.271848632908981,0
0,0,0,0,-0.938452799720843,0,0,0,0,0,0,0,0,0,0,0,-2.01140232698957,0,0,0,0,0,0,0,0,0,-0.109587297726655,0,0,0,0,0,0,0,0,0,0,0,0,0,-0.3045461910917,0,0,0,0,0,0,0,0,0,0,0.0197727721300536,0,0,0,0,0,0,0,0,0,0,0,0,0,0,0,0,0.167493087770149,0,0.290734889642821,0,0,0,0,0,0,0,0,0,0,0,0,0,0,0,-0.998258060349097,0,0,0,0,0,0,0,0,0,0,0,-0.0943471475742295,0,0,0,0,0,0,0,0,-0.939178750303514,0,0,0,0,0,0,0,0,0,-0.308518317646838,0,0,0,0,0,0,0,0,1.66784005082896,0,0,0,0,0,0,0,0,-0.344063679296268,0,0,0,0,0,-0.166395026803182,0,0,0,0,0,0,0,0.130754994171696,0,0,-0.0932476387379608,0,0,0,0,0,0,0,-0.343374271788305,0,0,0,0,0,1.37305497638645,0,0.660552359077214,0,0,0,0,0,0,0,0,0.51597041673026,0,0,0,-0.160966795895816,0,0.189369244210673,0,-1.53847453349442,0,0,0,0,0,0,0,-0.395386050734758,0,0,0,0,0,0
0,0,0,0,0,0,0,0.00794956387630608,0.0248533183641391,0,0,0,-0.191154110792642,0,0,0,0,0,0,0,-0.0821933970587723,0,0,0,0,0,1.10282386828451,0,0,0,0,0,0,0,0,0,-1.4154435591488,0,0,0,0,0,0,0,0,0,0.225133636153861,0,0,0,0,0,0,0,0,0,0,0,4.53175345725012,0,0,-0.140917962870821,0,0,0,0.143094255441278,0,0,0,0,0,0,0,0,0,0,0,0,0,0,0,-0.255245844283205,0,0.270024366378679,0,0,0,0,0,0,0,0,0,0,0,0,0,-0.171692108695069,0,0,0,0,0,0,0,0,0,0,0,0,0,-0.124519617746488,0,0,0.514285941047273,0,0,0.282417144909807,0,0,0,0,0,0,0,0,0,0,0,0,0,0.403772995183184,0,0,0,0,0,0,0,0.149378174300467,0,0,0,0,0,0,0,0,0.158825372886315,0,0,0,0,0,0,0,0,0,0,0.295730177941162,0,0,0,0,0,0,0,0,0,0,0,0,0,0,0,0,0,0,0,1.00959429645144,0,0,0,-0.296465610399785,0,0,0,0.227700923312206,0,0,0,0,0,0,0,0,0,0,0,0
0,0,0,0,0,0,0,0,0,0,0,0,0,0,0,0,0,0,0,-0.176741525360678,0,0,0,0,0,0,2.05892142108002,0,0,0,1.02515152384143,0,0,-0.54156879467385,0,0,-1.29981916773927,0,0,0,0,0,0,0,0,0,-0.521097494855024,0,0,0,0,0,0.123373523768239,0,0,0,0,0,5.27643382424435,0,0.167224749980177,-0.292241049653569,0,0,0,0,0,0,0,0,0,0,0,0,-1.11940829445723,0,0,0,0,0,0,-0.352338369155638,-0.541954647191005,0,0,0,0.0722426267790566,0,0,0,0,0,0,-0.11987596531315,0,0,0,-0.257212093401959,0,0,0,0,0,0,0,0,0,0,0,0,0,-0.32822074079848,0,0,0.208855726061489,0,0,0.260933466385121,0,0,0,0,0,0,0,0,0.362436840940245,0,0,0,0,0.571052853384461,0,0,0,0,0,-0.276203251516274,0,0,0,0,0,0.264146679499422,0,0,0,0,0,0,0,0,0,0,0,0,0,0,0,0,0,0,0.486930338821064,0,0,0,0,0,0,0,0,0,0,0,0,0,0,0,0,0.595422040627928,0,0,0,0,0,0,0,0,0,-0.346063219749297,0,0,0,0,0,0,0,0.0737385729337985,0,0
0,0,0,0,0,0,0,0,0,0,0,0,0,0,0,0,0,0,0,-0.360655038682487,0,0,0,0,0,0,1.81636718681094,0,0,0,0,0,0,0,0,0,-0.339149750408412,0,0,0,0,0,0,0,-0.241975166194065,0,0,0,0,0,0,0,0,0,0,0,0,0,5.62996165643465,0,0,0,0,0,0,0,0,0,0,0,0,0,0,0,0,0,0,0.232213455128257,0,0,0,0,0,0,0,0,0,0,0,0,0,0,0,0,0,0,0,0,0,0,0,0.0989332703343062,0,0,0,0,0,0,0,0,0,0,0,0,0,0,0,0,0,0,-0.0292042029523112,0,0,0,0,0,0.183808465269849,0,0,0,0,0,0,0,0,0,0,0,0,0,0,0,0,0,0,0,0,0,0,0,0,0,0,0,0,0,0,0,0,0,0,0,0,0,0,0,0,0.557820823698264,0,0,0,0,0,0,0,0,0,0,0,0.310787112422728,0,0,0,0,0,0,0,0,0,0,0,0,0,0,0,0,0,0,0,0
0,0,0,0,-0.311498711246208,0,0,0,0,0,0,0,-0.0372084757190465,0,0,0,0,0.198335862125451,0,-0.281937776583758,-0.044706216548273,0,0,0,0,0,0.946762458039868,-0.347181751844621,0,0,0.902481129580792,0,0,0,0,0,0,0.487517344507433,0,0,0,0,0,0,-0.142098383309471,0,-0.908162341650032,0,0,0,0,0,0.180472386275937,0,0,0,1.37447701594412,0,6.46649431790592,0,0,0.443405850055352,0,0,0,0,-0.00992264973425661,0,0,0,0,0,0,0,0,0,0,0,-0.287742081812786,0,0,0,0,0,0,0,0,0,-0.217616088792363,0,0,0,0,0,-0.0482565696420605,0,0,0,0,0,0,0,0,0,0,0,0,0,0,0,0,0,0,0,0,0,0,0,0,0,0,0,0,0,0,0,0,0,0,0,0,0,-0.359727655994855,0,-0.048676027743866,0,0,0,0,0,0,0.44436447165025,0,0,0,0,0,0,0,0,0,0,0,0,0.589878101043048,0,0,0,0,0,0,0,0,0,0,0,0,0,0,0,0,0,0,1.91104270628342,0,0.938420315886389,0,0.0157725993626521,0,0.467678827625215,0,0,0,0.216840028696877,0,0,0,0,0,0,0,0,0,0,0,0,0,0,0,0
0,0,0,0,0,0,0,0,0,0,0,0,0,0,0,0,-0.557740543727648,0,0,0,0,0,-0.616109726853269,0.459316287062699,0,0,0,0,0,-0.10128131567564,5.44159187180749,0,0,0,0,0,0,0.0557514771070255,0,0,0,0,0,-1.85907690429835,0,0,4.829842879677,0,0,0.344051633990106,0,0,0.560210510477471,0,0,0,0,0,5.24221268634793,0.195376697619446,0,0.157204248521746,2.59210444408261,0,0,0.240998849745311,0,0.504866635430523,0,0,0,0,0,0.0515364283082098,0,0,0,-0.352123438635288,0,0,0,-0.636011721391605,0,0.593313345853173,0,-0.683608388956287,0,0,0,0,0,0,0,-0.112001869953104,-0.426090669145811,1.10508410727758,0,0,0,0,1.50668069486611,0,0,0,0.0385645603817046,0,0,0,0,0,0,0,0,0,0,0,0,0,0,0,0,0,0,0,0,0,1.95120293278596,0,0,0,0,0,0,0,0,0,-0.00575024918526079,0,0,0,0,-0.23696540675123,0,1.2220374973287,0,0,0,-0.580318538266967,0,0,0,0,0,0,0,0,0,0,0,0.311911934789411,0,0,0,0,0,0,0,0,-0.213934958515987,0,0,-0.00565281218686509,0,0.0631746490683101,1.08465381905081,0.288708998265449,0,0,0,0.0256960921801435,0,0,0,2.85068047015112,0,0,0.668733523947545,0,0,0,0,0,0,0.121164477109709,0,0,0,-0.856646755708911,0,-0.0378923018652326
0,0,0,0,0,-0.0620563643753937,0,0,0,0,0,0,-0.543416000193008,0,0,0,0,0,0,0,0,0,0,0,0,0,0,-0.0228510381970588,0,0,1.60397627027619,0,0,0,0,0,0,0,0,0,0,0,0,0,0,0,0,0,0,0,0,0,0,0,0,0,0,0,6.23245243660127,0,0,0.456206844703657,0,0,0,0.0423123112924912,0,0,0,0,0,0,0,0,0,0,0,0,0.210906522307113,0,0,0,0,0,0,0,0,0,0,0,0,0,0,0,0,0,0,0,0,0,0.510869724264429,0.576258183747429,0,0,0,0,0,0,0,0,0,0,0,0,0,0,0,0,0,0,0,0,0,0,0,0,0.28849485469485,0,0,0,0,0,0,0,0,0,0,0,0,0,0,0,0,0,0,0,0,0,0,0,0,0,0,0,0,0,0,0,0,0,-0.108497110872565,0,0,0,0,0,0,0.808025617828327,0,0,0,0,-0.122908683151531,0,0,0,0,0,0,0,0,0,0,0.0641040782173012,0.301346063093507,0,0,0,0,0,0,0,0,0,0,0,0,0,0,0
0,0,0,0,0,0,0,0.434237211153824,0,0,0,0,-0.759232544550254,0.35496501419875,0.0908873629398173,0,0,-0.0742398163583315,0,0,0,0,0,0,0,0,0,0,0,0,0.581460720833278,0,0,0,0,0,0,0,0,0,-0.478437801908378,0,0,0,0,0,0.469741827649202,0,0,0,0,0,0,0,0,0,0,0,6.05997298984996,0,0,0.355041070025912,0,-0.345609057103867,0,0,0,-0.189736367363382,0,-0.215810025607482,0,0,0,0,0,0,0,0,0,0,0,0,0,0,0,0,0,0,0,0,0,-0.020994595156381,0,0,0,0,0,0,0,0,0.00200289180642743,0,0,0,-0.124956764683776,-0.239960915881691,0,0,0.405336834166272,0,0,0,0,0,0,0,0,0,0,0,-1.54600414144316,0,0,0,0,0,0,0.174886745673402,0,0,0,0,0,0,0,0,0,0,0,0,0,0,0,0.264507830804907,0,0,0,0,0,0.131603853991177,0,0,0,0.173871505555602,0,0,0,0,0,0,0,0,0,0,0,0,0,0,0,0,0,0,0,-0.188712600196351,0,0,0,0,0,0,0,0,0.203162893515609,0,0,0,0,0,0,0,0.0559233085068103,0,0,0,0,0,0,0,0,0
0,0,0,0,-0.164513876547214,0,0,0.750923011491626,0,0,0,0,-1.08640194717949,0,0,0,0,0,0,0,0,0,0,0,0,0,0,0,0,0,0,0,0,0,0,0,0,0,0,0,-0.142372291819292,0,0,0,0,0.17953520333653,0,0,0,0,0,-0.038895676969819,0,0,0,0,0,0,6.57137068304966,0,0,0,0,0.0331748405628485,0,0,0,0,0,0,0,0,0,0,0.024247502559497,0,0,0,0,0,0,0,0,0,0,0.643808583871658,0.513166006961327,0,0,-0.430485511776884,0,0,0,0,0,0,0,0,0,0,0,0,0,0,0,0,0,0,0,0,0,-0.483995004472943,0,0,0,0,0,0,0,0,0,0,0,0,0,0,-0.383957272399904,0,0,0,0,0,0,0,0,0,-0.0173079211058587,0,0,0,0,0,0,0,0,0,0,0,0.0172939274597175,0.146963343900098,0,0,0,0,0,0,0,0,0,0.128410128313292,0,0,0,0,0,0,0,0,0,0,0,0,0,0,0,0.766977873655116,0,0,0,0,0,0,0,-0.242846839647676,0,0,0,0,0,0.198032598252635,0,0,0,0,0,0,0,0,0,0
0,0,-0.326312653560066,0,-0.494321922948857,0,0,0.633437114760594,0,0,0,0,0,0,0,0,0,0,0,0,0,0,0,0,0,0,0,0,0,0,0,0,0,0,0,0,0,0,0,0,0,0,0,0,0,0,0,0,0,0,0,0,0.797218373737649,0,0,0,0,0,8.71707538654308,0,0,0,0,0,0,0,0,0,0,0,0,0,0,0,0,0,0,0,-0.51217051511483,0,0,0,0,0,-0.261996040484328,0,0,0,0,0,0,0,0,0,0.264251920631576,0,0,0,0,0,0,0,0,0,0,0,0,0,0,0,0,0,0,0,0,0,0.486511576599841,0,0,0,0,0,0.407649375748307,0,0,0,0,0,0,0,0,0,0,0,0,0,0,0,0,0,0,0,0,0,0,0,0,0,0.175607884019035,0,0,0,0,0,0,-0.450381141940196,0,0,0,0.227955028142748,0,0,0,0,0,0,0,0,-0.380951562863171,0,0,0,0,0,0,0,0,0,0,0,0,0,0,-0.183013036431383,-0.326746626085487,0,0,-0.0333347086910436,0,0,0,0,0,0,0,-0.265446773892827,0,0,0,0
0,0,0,0,0,0,0,0,0,0,-2.21835200344141,0,0,0,0,0,0,0,0,0,-0.357386158535987,0,0,0,0,0,0,0,0.805057724358519,0,-0.294694451194287,0,0,0,0,0,0,0,0,0,0,0,0,0,0.580049084205428,0,0.749767995719749,0,0,0,0,0,0,0,0,0,0,0,17.7166558854262,0,0,-0.270567442434056,0,0,0,0,0,0,0,0,0,0,0,0,0,0,0,1.13244513447631,0,0.417663283503012,0,0,0,0,0,0,0,0,0,0,0,0,0,0,0,0,0,0,0,0,0,0,0,0,0,0,0,0,0,0,0,0,0,0,0,0,0,0,0,0,0,0,0,0,0,0,0,0,0,0,0,0,0,0,0,0,0,0,0,0,0,0,0,0,0,0,0,0,0,0,0,0,0,0,0,0,0,0,0,0,0,0.123820758712418,0,0,0,0,0,0,0,0,0,0,0,0,0,0,0,0,0,0,0,0,0,0,0,0,0,0,0,0,0,-0.0822618961166555,0,0,0,0,0,0,0,0
0,0,0,0,0,0,0,0,0,0,0,0,0.00790793175594051,0,0,0,0,0,0,0,0,0,0,0,0,0,0,0,0,0,0,0,0,0,0,0,0,-0.127337838307101,0,0,0,0,0,0,0,0,0.335414962197623,0,0,0,0,0,0,0,0,0,0,0,16.5809204460459,0,0,0,0,0,0,0,0,0,0,0,0,0,0,0,0,0,0,0,0,0,0,-0.417368106727974,0,0,0,0,0,-0.317402786405057,0,0,0,0,0,0,0,0,0,0,0,0,0,0,0,0,0,0,0,0,0,0,0,0,0,0,-0.0861553269274009,0,0,0,0,0,0,0,0,0,0,0,0,0,0,0,0,0,0,0,0,0,0,0,0,0,0,-0.515910981888418,0,0,0,0,0,0,0,0,0,0,0,0,0,-0.436441417022033,0,0,0,0,0,0,0,0,0,0,0,0,0,0,-0.338489139326101,0,0,0,0,0,0,0,0,-0.745287608341387,0,0,0,0,0,0,0.14886537187307,-0.102507400166788,0,0,0,0,0,0,0,0,0,-0.205306395245478,0,0
0,0,0,0,0,0,0,-0.601591329384974,0,0,0,0,0,0,0,0,0,0,0,0,0,0,0,0,0,0,0,0,0,0,0,0,0,0,0,0,0,0,0,0,0,0,0,0,0,-0.902827274846155,-1.54705920056797,0,0,0,0,0.397600593253879,0,0,0,0,0,0,16.3763109072713,0,0,0,0,0,0,0.699072902880781,0,0,0,0,0,0,0,0.367376583284131,0,0,0,0,0,0,0,0,0,0,0,0,-0.187689943837926,-0.644381880506457,0,0,0,0,0,0,0,0,0,0,-0.429941362230425,0,-0.0272432252251398,0,0,0,0,0.941333097477396,0,0,0,0,0,0,0,0,0,0,0,0,0,0,0,0,0,0,0,0,0,0,0.169036791544769,0,0,0,0,0,0,0,0.644578557115587,0,0,0,0,-0.286057187986383,0,0,0,0,0,0,0,0,0.561473806555967,0,0,0,0,-0.0897366064646712,0,-0.384889426993525,0,0,0,0,0,0,0,0,0,0,0,0,0,0,0,0,0,0,0,0,0,-3.04410681004098,0,0,0,0,0,0,0.633251299142983,0,0,0.141244747604398,0,-0.226921469623771,0,0,0,0,0,0,0,0
0,0,0,0,0,0,0,0,0,0,0,0,0.046318846872325,0,0,0,0,0,0,0,0,0,0,0,0,0,0,0,0,0,0,0,0,0,0,0,0,0,0,0,0.285736111324908,0,0,0,0,0,-0.656892628120401,0,0,0,0,0.402177448169813,0,0,0,0,0,0,14.3199707431919,0,0,0,0,0.0161367423109673,0,1.20142836233958,0,0,0,0,0,0,0,0,0,0,0,0,0,0,0,-0.310456028029412,-0.28558701915444,0,0,0,0,0,0,0,0,0,0,0,0,0,0,0,0,0,0,0,0,0,0,0,0,-0.305162555590293,0,0,-0.131627732573803,0,0,0,-1.00388160026058,0,1.00855583161622,0,0,0,0,0,0,0,0,0,0,0,0,0,0,0,0,0,0,0,0.589992274143631,0,0,0,-0.299144804625019,0,0,0,0,0,0,-0.278510269907588,0,0,0,0,0,0,0,-0.0959369494097606,0,0,0,0,0.370427195540604,0,0,0,0,0,0,0,0,0,0,0,0,0,0,0.100907530212055,0,0,0,-8.14794679656384,0,0,0,0,0,0,0,0,0,0,0.140875692072012,0,0,0,0,0,0,0,0,0.156980392017505
0,0,0,0,-0.139136448925954,0.0737013813143887,0.547661343222685,0.405657012885191,0,0,0,0,0.996718440590417,0.573984783887559,0,0,0,0,0,0,0,0,-0.239568328477464,0,0,0,0,0,0,0,0,0,0,0,0,0,0,0,0,1.15070938854103,0,0,0,-2.46060975181159,2.18752892710597,0,0,0.0853696325710778,0,0,0,-0.0429849546927394,-0.228608814654853,-0.00336139721382844,0,0,-2.47723272115565,0,9.74322273086973,0,0,-1.8686892733808,0,0,0,0,0,0,0,0,0,0,0,-0.251834735430759,0,-0.422385177883541,0,0,0,0,0,0,0,0,0.155140365053089,0,0,0,0,0,0.284630417064138,0,0,0,0.403221395156666,0,0,0.909640881313561,0,0.0068690042453603,0,0.0187605679877176,0,0,0,-0.0175373700585089,0,0,0,0,0,0,0.0152438409966023,1.40721051822496,0,0,5.93907431014595,0,0,0.0797603203640711,0,2.73802445156548,0,0,0,0.450323025103373,0,-0.0206079622322928,0,0,0,0,0,0,0.300019452694133,0,0,0,0,0,-1.62179068800044,0,0,0,0,0,0,0,0,0,-0.956434680105388,0,0,0,0,0,0,0,0,0,0,0,0,0,0,0,0,0.132497182880313,0,0,0,0,0,0,0,-0.848697533341036,0,0,0,-15.480479710706,0,-2.1732496897179,0.550972234265874,0,0,0,0.136684678134326,0,0,0,0,0,0,0.904030616962293,0,0,0,-1.81981304649061,0,0
0,0.446179155731931,-1.0942428517784,0,0,0,0,0,0.727383984698265,0,-0.282020156146686,0,0,0,0,0,0,0,0,1.94269054663822,0.29125322523482,0,0,0,0,0,0,-0.307652425646009,0,0.321375571869853,0,0,0,1.03219276819964,0,0,-1.07450683556701,0,0,0.890326533936217,0.249714546890299,0,0,0,0,0,0,0,0,0.10702104738841,0,0,0,0,0,0,0,0,8.50471726031769,0,0,-2.60088917813486,0,0,0,0,0,0,0,0.304092962695727,0.607418083993818,0,0,0,0,0,0,0,0,0,0,0,0,0,-0.567870144428354,0,0,0,-1.22110919292572,-0.721717770080763,0,0,0,0,0,0,0,0,0,-0.826785790682454,0,0,0,0,0,0,0,0,0,0,0,0,0,2.56731725994317,0,0,7.0123724188667,0,0,0,-0.351701072200898,0,-1.07115113291233,0,0,0,0,0,0,-0.0922483275215564,0,0,0,0,0,0,0.415883600515434,0.376091693959933,0,0,0,0,0,0,0,0,0,0,0,0,0,0,0,0,0,-0.149415683908499,0,0,0,1.14502581408069,0,0,0,0,0,0,0,0,0,0,0,0,0,-0.410752566173881,0,0.18974991762319,0,0,0,-14.5430435936365,0,-0.346631179470597,0,0,0,0,0,0,0,0,0,0,0,0,0,0,0.511303488200261,-1.29742198817913,0,0
0,0,0,0,0,0,0,-0.665077806027059,0,0,0,0,0,-0.0375589895856252,0,0,0,0,0,0,0.0286375988883338,0,0,0,0,0,0,-0.000443951326705605,0,0,0,0,0,0,0,0,0,0.384272663542357,0,0,0,0,0,0,0,0,0,0.116298827911875,0,0,0,0,0,-1.18895184439909,0,0,0,0,0,-0.239467637838451,0,0,0,0.264250000804366,0,0,0,0,0,0,-0.721376828097941,7.97560293627625,-0.163724909890176,0,0,0,0,0,0,0,0.00858461202340632,0,0,0,0,0,0,0,0,0,0,0,0,0,0.996152742325733,0,0,0,0,-1.38449382280496,-0.474011111779139,0,0,0.167105029577304,0,0,0,0,0,-0.161800606349784,0,0.81663646921507,0,0,0,-0.460485422427685,0,0,0,0,0,0.521900520170248,0,0,0,0,0,0,0,0,0,0,0,0,0,0,1.2534517009019,0,0,0,0,0.196749166466802,-0.231608068520598,0,0,0,0,0.870494395490988,0,0,0,0,0,0,0,0,0,0,0,0,0,0,0,-1.36814457833109,0,0,0,0,0,0,0.039933563748966,0,0,0,0,0.151932985069336,0,2.21707767797309,0,0,0,0,0,0,0,0,0,0,0,0,0,0,0.0464049348183426,0,0,0,0,0,0,0
0,-1.19287137038223,0.182073768445698,0,0,0,0,0,0,0.0710736766225504,0,0.569581972568106,-1.84604146001359,0,0,0,0.49730190423914,0,0,0,0,-0.669065899040978,0,0,0,0,0,0,0,-10.2093636663547,-0.116712216927475,0,0,0.847787411259388,0,0,0,0,0,0,0,0,-0.280663871680954,0,0,0,0,-0.322317007824396,-0.267381690159136,0,0.549391357283241,0,-0.765418120575665,0,-3.59202409083779,0,0.381493496016465,-1.16999674932827,0,0,2.29139607809799,0,0,0,3.65500991144563,0,0,0,0,0,-0.13989093441157,0,1.75184771721686,-0.986455421529618,1.56652782184182,0,0.254667522572031,0,-0.404405076184035,0,2.27896722140843,0,0.624336188187656,0,0,0,0,0,0,0,2.28306847132927,0,0,0,-0.985767278522503,0,0,0,0,0,-3.97814134357514,-2.8815982584041,0,0.174764467086774,0,0,0.127354341377157,0,0,0.90344532642384,0,-0.0195969989722193,-0.0449040339692111,-0.232193449307804,-0.613490723601458,0,0.222153559667096,-2.43992481338809,-0.754773521653892,0,0,-1.03099052483182,0,0,0,-0.358371507385281,-0.308730521283992,0,-3.34810293116947,0,0,0,0,0.660663784651709,0,1.34564566333525,-0.996970409128627,0,0.68322126867817,0,0,-4.23823529291628,0,0,0,0,0,0.817088196388538,1.04885574842376,0.673164101612268,0,0.00767396270798426,0,-0.888278583718559,0,0,0,-0.280180516830926,0,-1.50870746336273,0,0,1.00341164085952,0,0,0,0,-0.756445461212066,0.269547446029943,3.00160093284362,1.99289328798391,-1.8674282600023,0,1.55576148353262,1.66679865649143,0,0,0.499157592292415,1.01847968468418,0.922127273063596,0,0.0352571213512258,1.4915936867175,0,0,0,0.357622607418354,0,0,1.35750719099122,0.486085778047717,0,0,0.338893356698704,0,0,0,-3.86768023909832,0,0.20410762034654
6.04207606805123,0,-0.0180267883362148,0,0,0,0,0,0,0,0,0,0,0,0,0,0,0,0,0,-0.53336839734517,0,0,0,1.30853527816686,0,0,0,0,-0.612969608510501,0.13985752330099,0,0,0,0,0,0,0,0,0,0,0,0,0,0,0,0,0,0,0,0,0,0,0,0,0,0,0,0,0,0,-0.757859546457549,0,0,0,0,0,0,0,0,0,0,0,0,0,0,0,0,0,0,0,0,0,0,0,0,0,0,0,0,0,0,0,0,0,0,0,0,0,0,0,0,0,0.223575843249085,0,0,0,0,0,0,0,0,0,0,-0.394451236620485,0,0,-2.23250854161648,0,0,0,0,0,0,0,0,0,0,0,0,0,0,0,0,-1.07451521403373,0,0,0,0,0,0.449678430179292,0,0,0,0,0,0,0,0,0,0,0,-0.236005440897063,-0.121158230218774,0,0,0,0,0,0,0,0.201692211967996,0,-0.245842872003828,0,0,0,0.182226359548139,0,0,0,0,0,0,0,0,0,0,0,0,0,-0.934322986295294,0,0,0,0,0,0,0,0,0,0,0,0,0,0,0,0,0,0
0,0,0,0,0,0,0,-1.01075593550134,-0.206959273415405,-1.98951727379686,0.013744632913953,0,0,0,0,0,0,0,-0.659395098246687,0,0,0,0,0,0.0821182735425938,0,0,0.199827332296631,0,0,0.0245391290362711,0,0,-0.66396228395118,0,0,-0.00849017073715541,0,0,0,0,0,0,0,0,0,0,0,0,0,0,0,0,0,0,0,0,0,0,0,0,0,0,0,0,0,0,0,0,0,0.25135326130032,0,0,0,0,0,0,-0.266593856177358,0,0,0,0,0,0,0,0,0,0.269552151508234,0,0,0,0,0,0,0,0,0,0,0,0,0,0,0,0,0,0,0,0,0,0,0,0,0,0,0.811602076238799,0,0,0,0,0,0,0,0,0,0,0,0,0,0,0,0,0,0,0,0,0,0,0,0,0,0.347271450926902,-0.244278701871658,0,0,0,0,0,0,0,0,0.0415002999184695,0,0,0,0,0,0,0,0,0,0.797538890976294,0,0,0,0,0,0,0,0,0,0,0,0,0,0,0,0,0,0,0,0,0,0,0,0,0,0,0,0,0,0,0,0,0,0,0,0,0,0,0
0,0,0,0,0,0,0,0,0,-1.17942641897799,0,0,0,0,0,0,0,0,-0.904703773849717,0,0,0,0,0,0,0,0,0,0,0,0.286151495412014,0,0,-0.289642858800011,0,0,0,0,0,0,0,0,0,0,0,0,0,0,0,0,0,0,0,0,0,0,0,0,0,0,0,0,0,0,0,0.146694765973726,0,0,0,0,0,0,0,0,0,0,0,0,0,0,0,0,0,0.0722424910288242,0,-0.055771295226374,0,0,0,0,0,-0.560945479105875,0,0,-0.232330048017475,0,0,0,0,0,0,0,0,0,0,0,0,0,0,0,0,0,0,0,0.498216235405808,0,0,0,0,0.255313269666914,-0.55370922134232,0,0,0,0,0,0,0,0,0,-0.0734418352273989,0,0,0,0,0,0,0,0,0,0.463202599228887,0,0,0,0,0,0,0,0,0,0,0,0,0,0,0,0,0,0,0,0.292762337971166,0,0,0,0,0,0,0,0,0,0,0,0,0,0,0,0,0,0,0,0,0,0,0,0,0,0,0,0,0,0,0,0,0,0,0,0,0,0,0
0,0,0,0,0,0,-0.0393659569868876,-0.646064286398387,0,-1.35298096418682,0,-0.0103150269427497,0,0,0,0,0,0,-2.35918482194427,0,0,0,0,0,0,0,-0.79416611830583,0.734282182787492,0,0,0.800977475892996,0,0,0,0,0,-0.143141884976768,0,0,0,0.818642454509228,-0.278081346067775,0,0,0,0,0,0.268411576821388,0,0,0,0,0,-0.425801348952366,0,0,0.106158261175369,0,-0.554849548323328,0,0,0,0,0,0,0.383696066621981,0,0,0,0,0,0.445718118965603,0,0,0,0,0,0,-0.431703103954278,0,0,0,0,0,0,0,0,0,0.0220595073368242,0,0,0,0,0,-0.226714624411209,0,0,0,0,0,0,0,0,0.112885743055885,0,0,0,0,0,0,0,0,0,0,1.32727377489187,0.178723875620156,0,-1.04673528739543,-0.292361127731773,0,0,0,-0.583112727370078,0,0,0,0,0,0,0,0,0,0,0,0,0,0,0,0,1.00723929652203,0,0,0,-1.40824245157206,0,0,0,0,0,0,0,0,0,0,-0.182784582880925,0,0,0,0,0,0,0,-0.300687710635158,0,0,0,0,0,-0.78352626302463,0,0,0,0,0,0,0,0,0,0,0.397842309065277,0,0,0,-0.0108232650316089,0,0,0,0,0,0,0,0,0,0.0220495168513117,0,0,0,0,0,0
0,0,0,-0.186704052254667,2.32527715508157,0,0.762297834932311,-0.426029363134836,0.0690484649050267,-2.15136638688351,0,-0.463997528005021,0,0,-0.907694950623579,0,0.0155863964282716,0,1.03092710628966,-0.728367310665587,0.325898383529441,0,0,0,0,-1.24528626826847,0,0.616298427345195,0,0,0,0,0,0,0.008246446241156,3.6177017506553,0,0.73933666860227,0,0,3.26296896114973,-0.464990786898715,0,0,0,1.21955481469392,0,0.388438272015032,0.342308076008554,1.55777017750109,0,0,0,-1.45923594515015,0,0.306243775324134,0,0.807318540252922,-1.19756022106965,0,-0.0146842850621627,0,0,3.38993668433421,0,0,0,0,0,0,0,0,0,0,-1.08875775544251,2.35083293588684,1.36648506326573,-0.497770870239545,0,1.16205206521587,-0.197248010054509,0,0,0,0,0,-0.19976276560754,0,2.13648593547398,0.0415429451111591,0,-0.347131039132127,-1.25698762435792,0,0,0,0,0,0,0.0408032985153819,0,0,0,0,0,0,-0.252073860708696,0,0,-0.244013696999513,0,-0.0554852229218259,0,-2.991460589646,0,0,0,0,-0.279248642980295,0,0,0,0,0,0,0,0,3.20971524698553,0,-0.621895510001139,0,0,0,0,0,0,0,0.13753795720121,0,-0.70880644006708,0,0,0,0,0,0,0,0,0,0.0182054666777842,0,-1.00670371070828,0,0,0,0,1.85891809803983,0,0,0,-0.0988998259350886,1.84097289241794,-0.174798473215274,0,-0.613284338113126,0,0,0,-1.75389478941207,0,-0.243241970204427,-1.53277049328372,0,-0.301033296256842,0.0442441420630844,1.58776939665864,0.190929505700259,0,0,0.0888982830548162,0,0,0,0,0,0,-0.0890968181703407,0,-0.15260828270963,0,0,0,-0.112848939860153,0.707408071743196,-1.60676411062269,0,0,0,0,3.01738839013657
0,0,0,0,0,0,0,0,0,0,0,0,0,0,0,0,0,0,0,0,0,0,0,0,0,0,0.094957240810037,0,0,0,0,0,0,0,0,0,0,0,0,0,0,0,0,0,0,0,0,0,0,0,0,0,0,0,0,0,0,0,0,0,0,0,0,0,0,0,0,0,0,0,0,0,0,0,-0.437782797656746,0,0,0,0,0,0,0,0,0,0,0,0,0,0,0,0,0,0,0,0,0,0,0,0,0,0,0,0,0,0,0,0,0,0,0,0,0,0,0,0,0,0,0,0,0,0,0,0,0,0,0,0,0,0,0,0,0,0,0,0,0,0,0.894355337149949,0,0,0,0,0,0,0,0,0,0,0,0,0,0,0,0,0,0,0,0,0,0,0,0,0,0,0,0,0,0,0,0,0,0,0,0,0,0,0,0,0,0,0,0,0,0,0,0,0,0,0,0,0,0,0,0,0,0,0,0,0,0
0,0,0,0,0,-0.421446123964786,0,0,0,0,0,0,-0.0422830579732831,0,0,0,-1.81565926487713,0,0,3.75779245397054,0,0,0,0,-0.615877807832644,0,0,0,0,0,-1.27030175909453,0,0,-0.419781629224411,3.48023092979641,-1.38512913891653,0,0,0,0,0.749316822456388,0.121773764880906,0,0,0,0,0,0,0,0,0.176448107616433,0,-0.874030366442302,0,0,0,0,0,0,0,0,0,-0.1299793415401,0,-0.826459740329995,0.00562430511871748,0,0,0,0,0,0,0,0,-10.45386461887,0,0,0,0,0,0,0,0,0,0,0,0,0,0,0,0,0,0,0,0,-1.11805437601153,0,0,0,-0.977289221094982,-2.22258119232582,0,0,2.60644764400601,0,-0.357944727482903,0,0,0,0,-0.280257872162577,0,1.08240418667931,0,0,0,0,0,0.638181626421468,0,0,0.392432935678359,0,0,0,0,-1.71893692900513,0,0,0,0,0,0,0,-0.715903185838437,0,0,2.40058684930392,0,0,0,0,0,0,0,0,0,-0.00614185968777137,0.0694333693768565,0,0,-0.456736643831206,-0.920808234016733,-0.555998489438271,0,0,0,0,0,0,0,0,0,0,0,0,0,0,0,0,0,0,0,0,-0.217382195069309,-0.098697206996704,-2.91263411352835,0.173473199840152,0,0,0,0,0,0,0,0,1.03834883657814,0,-0.161333675372991,0,0,0,0,0,0,0,0,0,0,-1.56611726647989
0,0,-0.211373009989833,0,0,0,0,0,0,0,0,0,0,0,0,0,0,0,0,0,0,0,0,0,0,0,0.0379886874009838,0,0,0,0,0,0,0,0,0,0,0,0,0,0,0,0,0,0,0,0,0,0,0,0,0,0,0.182735610181008,0,0,0,0,0,-0.228016941500063,0,0,0,0,0,0,0,0,0,0,0,0,0,0,0,0,0,0,0,0,0,0,0,0,-0.121776933720403,0,0,0,0,0,0,0,0,0,0,0,0,0,0,0,0,0,0,0,0,0,0,0,0,0,0,0,0,0,0,0,0,0,0,0,0,0,0,0,0,0,0,0,0,0,0,0,0,0,0,0,0,0.199357670307027,0,0,0,0,0,0,0,0,0,0,0,0,0,0,0,0,0,0,0,0,0,0,0,0,0,0,0,0,0,0,0,0,0,0,0,0,0,0,0,0,0,0,0,0,0,0,0,0,0,0,0,0,0,0,0,0,0,0,0,0,0,0
0,0,0,0,0,0,0,0,0,0,0,0,0,0,0,0,0,0,0,0,0,0,0,0,0,0,0.59058473289726,0,0,0,0,0,0,0,0,0,0,0,0,0,0,0,0,0,0,0,0,0,0,0,0,0,0,0,0,0,0,0,0,0,0,0,0,0,0,0,0,0,0,0,0,0,0,0,0,0,0,0,0,0,0,0,0,0,0,0,0,0.0997418543959383,0,0,0,0,0,0,0,0,0,0,0,0,0,0,0,0,0,0,0,0,0,0,0,0,0,0,0,0,0,0,0,0,-0.000623891327289128,0,0,0,0,0,0,0,0,0,0,0,0,0,0,0,0,0,0,0,0,0,0,0,0,0,0,0,0,0,0,0,0,0,0.295276726064609,0,0,0,0,0,0,0,0,0,0,0,0,0,0.0436409523227133,0,0,0,0,0,0,0,0,0,0,0,0,0,0,0,0,0,0,0,0,0,0,0,-5.16399223123125,0,0,0,0,0,0,0
0,0,0,0,0,0,0,0,0,0,0,0,0,0,0,0,0.200509426610821,0,0,0,0,0,0,0,1.10111010713214,-0.454362343341358,2.05150487552547,-0.703951444913306,0,0,0,0,0,0,0,0,0,-0.252700350665847,0,0,0,0,0,0,0,-0.671000877781847,0,0,0,0,0,0,0,0,0,0.0272273673739489,0,0,0,0,-0.0133691625546921,0,-0.0356746856778385,0,0,0,0,0,0,0,0,0,0,0,0,0,0,0,0,0,0,0,0,0,0,0,0.54072975290321,0,0,0.0894490963415255,0,0,-0.0489962777489195,0,0,0,0,0,0,0,0.249671098357338,0,0,0,0,0,0,0,0,0.328503131229697,0,0,0,-0.0231547241766892,-0.62613239018873,0,0,0,0,0,0,0,-0.573505861641624,0,0,0,0.510684581078275,0,0,0.213311838186751,0,0,0,0,0,0,0,0,0,0,-0.130047725449514,0,0,0,0,0,0,0,0.61351751059568,0,0,0,0,0,1.17946792180926,0,0,0,0,0,0,0,0,0,0,0,0,0,0,0,0,0,-1.50509690270985,0,0,0,0.195885668272058,0,0,0.424743655717465,0,0.747513986873696,0,-0.0463566461567921,-0.70851629558102,0,0,0,0,0,0,0,0,0,0,0,0,0,0,0
0,0,-0.340154392503031,0,0,-0.866449689471434,0,0,0,-0.171013690534157,1.55731065374286,0,-1.99050828543806,0,0,0,0,0,0,-0.895642061601092,-0.0907087576127812,0,0,0,-0.297785504247751,0,0,0,0.412352655326579,0,0,0,-0.111079635866939,0,0.258639562604088,0,0.373888247993469,0,0,0,0,0,0.172395450724727,0,0,0,-2.6964374374259,0,-1.62702315435286,0,0,0,0,0,-0.93907434116997,0,0.379711900875942,0,0,0,0,0,0,0,0,0,0,0,-0.0318869717980275,0,0,-0.339350413076175,0,1.69297705938691,0,-0.386260496461377,0,0,0,0,0,0,0,0,0,0,0.250705357932169,0,0,0.526075119250603,-0.24976342638217,0,0,0,0,0,0,0,0.262435782287779,0,0,-0.47593395454289,0,0,0,0,0,0,0,5.14224193459499,0,-0.00614540382478079,0,0,0,0.480758634042398,0,0,0,0,0,3.42887287714767,0,0,0,0,0,0,0,0,-0.110148769583321,0,0,0,3.58239946715135,0,0,0,0,0.00239345117633927,0,-0.501691392258538,0,0,-0.118919847625841,0,0,0,0,0,0,0,0,0,0,0,0,0,0.164290942881425,0,0,0,0,0,0,0.713392875384353,0,0,-0.750284880646945,1.27597663957523,-1.7109461456021,0,-0.252354079189599,0,-1.50979047304356,0,0,0,0,-0.00258464575579676,-0.956479605606174,0,0,0,0,-0.0424915837812134,0,0,0,-0.137119085659505,0,0,0,0,0,0,0,0,0.297492369204004,15.5504264223351
0,-0.185865172009743,-0.0259318940452173,0,0,-0.831866372997115,0,0,0,0,0,0,-1.29415804063634,0,0,0,0,0,0,0,0,0,0,0,-0.642039134174311,0,0,0,0.00798349242851915,0,0,0,0,0,0.203696519838434,0,0,0,0,0,0,0,0,0.0282183978147028,0,0,-0.483898671793375,0,-1.72187577765135,0,0,0,-0.501445788280211,0,-0.159377614872444,0,0.0440276468669054,0,0,0,0,0,0,0,0,0,0,0,0,-0.41981408165534,0,-0.453113471254672,0,1.18935554172503,0,0,0,0,0,0,0,0,0,0,0,-0.676532177162214,0,0,0,0,0,0,0,0,0,0,0,0,0,0,-0.447262421026086,0,0,0,0,0,0,0,0,5.20681524239878,0,0,0,0,0,0,-0.00541723702040597,0,0,0,-0.273054549825089,2.12360429512464,0,0,0,0,0,0,0,0,0,0,0,0,1.89577638748009,0,0,0,0,0.401413116872228,0,0,0.118063863241088,0,-1.15844819438269,0,0,0,0,0,0,-0.298194176452662,0.363993929339954,0,0,0,0,-0.189335831254035,0.166070216386186,0,0,0,-1.92490741065815,0,0,0,0,0,0,0,-1.89032839763209,0,0,0,-0.685420847835375,0,0,0,0,0,-0.026427726693085,0,0.728247250898603,0,0,-1.06792087397637,0,0,0,0,0.536604603162293,0.104787368251713,0,0,0,0,0,0,0,13.510563267249
0,0,0,0,0,0,0,0,-0.160543261440679,0,0,0,-2.24348426116263,-0.171148520879968,0,0,0,0,0,0,-0.240585040376157,0,0,0.183102304410448,0,0,0,0,0,0,-0.200831546539213,0,0,0,0,0,0,0,0,0,0,0,0,0,0,0,0,0,-0.682906314404526,0,0,0,0,0,-0.218831577144529,0,0.464255088285936,0,0.125204990606769,0,0,0,0,0,0,0,0,-0.463597442377097,-0.240601741539694,0,0.375640170691759,0,0,0.239848335023881,0,0,0,0,0,0,0,0,0,0,0,0,0,0.266288300892557,0,0,0,0,0,0,0,0,0,0,0,-0.221862170121626,0,-0.138359076312749,0,0,-0.243895151556616,0,0,0,0,3.71656941602127,0,0,0,0,0,0,0,0,0,0,0,1.64096266665269,0,0,0,0,-0.504962175148137,0,0,0,0,0,0,0,1.69568123306818,0,0,0,0,0,0,-0.494903851893575,0,0,-0.0736552812708982,0,0,0,0,0,0,-0.22332551864126,0,0,0,0,0,0,0,0,0,0,0,0,0,0,0,0.657519408353635,0,0.00870028243075938,-2.13651701291902,0,0,0,-0.581178612954567,0,0,0,0,-0.170103168461897,0,0,0.519589546790917,0,0,0,0,0,0,0,0,0,0,0,0,0,0,0,0,9.53556098954895
0,0,-0.387986433507372,0,0,0,-0.576904266411892,0,-0.0485898263669122,0,0,0,-0.541500121145731,0,0,0,0,0,0,0,0,0,0,0,0,1.53071918891043,0,0,0,0,0,0,-0.0804754589040939,0,0,0,0.0804209919401249,0,0,0,0,0,0.0307937196330208,0,0,-0.279611063710733,0,0,0,0,0,0,0,0,0,0,0,0,0,0,0,0,0,0,0,0,0,0,-0.163771634663867,0,0,0,0,0.559751183222277,0,0,0,0,0,0,0,0,0,0,0,0,-0.548723098511141,0,0,0,0,0,0,0,0,0,0,0,0,0,0,0,0,0,0,0,0,0,0,2.92567013312907,0,0,0,0,0,0,0,0,0,0,0,0.245592965443737,0,0,0,0,-0.0331457057830118,0,0,0,0,0,0,0,0.114430464610993,0,0,0,0,0,0,0,0,0,0,0,0,0,0,0,0,0,0,0,0,0,0,0,0,0,0,0,0,0,0,0,0,0,0,0,-0.989986488529863,0,0,0,-0.48896139055402,0,0,0,0,0,-0.22005104071996,0.0825490276023271,0,0,0,0,0,0,0,0,0,0,0,-0.85874992563577,0,0,0,0,0,7.34182263854941
0,0,0,0,0,0,0,0.120179293744219,0,0,-0.0541768877392028,0,0,0,0,0,0,0,0,0,0,0,0,0,0.703657372338976,0,0,-0.508137116925212,0,0,0,0,0,0,0,0,0,0,0,0,0,0,0,0,0,0,-0.188277501081123,0,0,0,0,0,0,0,0,0,0.00913503818762229,0,0,0.465919556734083,0,0,0,0,0,0,0,0,0,0,0,0,0,0,0,0,0,0,0,0,0,0,0,-0.0190233560159381,0,0,0,0,0,0,0,0,0,0,0,0,0,0,0,0,0,0,0,0,0,0,0,0,0,0,0,-0.629733472768996,0,0,0,0,0,0,0,0,0,0,0,0,0,0,0,0,0,0,0,0,0,0,0,0,0,0,0,0,0,0,0,0,0,0,0,0,0,0,0,0,0,0,0,0,0,0,0,0,1.26152062875456,0,0,0,0,0,0.0443307749138286,-0.261119806423307,-0.00557300473633937,0,0,0,0,0,0,0.000250491255391561,0,0,0,0.313690341815758,0,0.420482713788938,0,0,0,0,0,0,0,0,0,0,0,0,0,-1.11009252812684,0,0,0,0.0632859087894204
0,0,0,0,0,0,0,0,0,0,0,0,0,0,0,0,0,0,0,0,0,0,0,0,0,0,0,0,0,0,0,0,0,0,0,0,0,0,0,0,0,0,0,0,0,0,-0.256048394059106,0,0,0,0,0,0,0,0,0,0,0,0,0,0,0,0,0,0,0,0,0,0,0,0,0,0,0,0,0,0,0,0,0,0,0,0,0,0,0,0,0,0,0,0,0,0,0,0,0,0,0,0,0,0,0,0,0,0,0,0,0,0,0,0,0,0,0,0,0,0,0,0,0,0,0,0,0,0,0,0,0,0,0,0,0,0,0,-0.206982782262862,0,0,0,0,0,0.106353283693148,0,0,-0.0130346460203343,0,0,0,0,0,0,0,0,0,0.0370038390183964,0,0,0,0,0,0,0,0,0,0,0,0,0,0,0,0,0,0,0,0,0,0,0,0,-0.595305103666436,0,0,0,0,0,0,0,0,0,0,0,0,0,0,0,0,0,0,0,0,0
0,0,0,0,0,0,0,0,0,-0.215286676061791,-0.461507311792789,0,0,0,0,0,0.254234071386993,0,0,0,0,0,0,0,0.20321069066928,0,0,0,-1.53618795763601,0,0,0,0,0,0,0,0,-0.194731279204429,0,0,0,0.150732469056287,0,0,0,0,1.2498253365166,0,0,0,0,0,-0.0688966257108259,0,0,0,0,0,0,0,0,-0.0153458696971263,0,-0.585889895708365,0,-0.172592390117811,0,0,0,0,0,0,0,0,0,0,0,0,0,0,0,0,0,0,0,0,0,0,0,1.17928775653692,0,0,0,0,0.654781634943339,0,0,0,0,0,0.805846000697082,0,0,0,0,0,0,0,0,0,0,0,0,0,0,0,0,0,0,0,0,-1.38731699391023,0.525395095612686,0.168158227905226,0,0,0,0,-0.441169006280597,0,0,0,0,0,0,0,0,0,0,0,0,0.0113284132118192,0,0,0,0,0,0,0,0,0,0,0,0,0,0,0,0,0,-1.12621798095151,0,0,0,0,0,0,0,0,0.282345866560579,0,0,0,0,0,0,0,-0.0604280195056157,0,0,0,0,0,0,0.107940575467684,0.131599029100585,-0.272890532086896,0,0,0,0,0,0,0,0,0,0,0,0,0,1.50392609106541
0,0,0,0,0,0,0,0,0,0,0,0,0,0,0,0,0,0,0,0,0,0,0,0,0,0,-0.768604350727536,0,0,0,0,0,0,0,0,0,0,0,0,0,0,0,0,0,0,0,0,0,0,0,0,0,0,0,0,0,-0.25185539565111,0.211922661230721,0,0,0.628708212536606,0,0,-0.150628730744425,-0.185981349119083,0,0,0,0,0,0,0,0,0,0,-0.296285886961276,0,0,0,0,0,0,0,0,0,0,0,0,0,0,0,0,0,0,0,0,0,0,0,0,0,0,0,0,0,-0.414317588617779,0,0,0.606437385551772,0,0,0,0,0,0,0,0,0,0,0,0,0,0,0.168724025288263,0,0,0,0,0,0,0,0,0,0,0,0,0,0,0,0,0,0,0,0,0,0,0,0,0,0,0,0,0,0,0,0,0,0,0,0,0,0,0,-0.000957177886168781,0,0,0,0,0,0,0,0,0,0,0,0,0,0,0,0,0,0,0,0,0,0,0,0,0,0,0,0,0,-0.00822009698691972,0,0,0,0,0,0
0,0,0.605376144428997,0,0,0,0,0,0,0,0,0,0,0,0,0,0,0,0,0,0,0,0,0,0,0,0,0,0,0,0,0,0,0,0,0,0,0,0,0,0,0,0,0,0,0,0,0,0,0,0,0,0,0,0,-0.527689124986104,0,0,0,0,0,0,0,0,0,0.594505787730248,0,0,0,0,0,0,0,0,0,0,0,0,0,0,0,0,0,0,0,0,0,0,0,0,0,0,0,0,0,0,0,0,0,0,0,0,0,0,0,0,0,0,0,0,0,0,0,0,0,0,0,0,0,0,0,0,0,0,0,0,0,0,0,0,0,0,0,0,0,0,0,0,0,0,-0.309493837508881,0,0,0,0,0,0,0,0,0,0,0,0,0,0,0,0,0,0,0,0,0,0,0,0,0,0,0,0,0,0,0,0,0,0,0,0,0,0,0,0,0,0,0,0,0,0,0,0,0,0,0,0,0,0,0,0,0,0,0
0,0,0,0,0,0,0,0,0,0,0,0,0,0,0,0,0,0,0,0,0,0,0,0,-0.140541513443131,0,0,0,0,0,0,0,0,0.332550878665668,0,0,0,0,0,0,0,0,0,0,0,0,0,0,0,0,0,0,0,0,0,0,0,-0.0312803666131831,0,0,0,0,0,0,0,0,0,0,0,0,0,0,0,0,0,0,0,0,0,0,0,0,0,0,0,0,0,0,0,0,0,0,0,0,0,0,0,0,0,0,0,0,0,0,0,0,0,0,0,0,0,0,0,0,0,0,0,0,0,0,0,0,0,0,0,0,0,0,0,0,0.185784989425166,0,0,0,0,0,0,0,0,0,0,0,0,0,0,0,0,0,0,-0.0128710147774902,0,0,0,0,0,0,0,0,0,0,0,0,0,0,0,0,0,0,0,0,0,0,0,0,0,0,0,0,0,0,0,0,0,0,0,0,0,0,0,0,0,0,0.199037315950947,0,0,0,0,0,0,0
0,0,0,0,0,0,0,0,0,0,0,0,0,0,0,0,0,0,0,0,0,0,0,0,0,0,0,0,0,0,0,0,0,0,0,0,0,0,0,0,0,0,0,0,0,0,0,0,0,0,0,0,0,0,0,0,0,0,0,0,0,0,0,0,0,0,0,0,0,0,0,0,0,0,0,0,0,0.00709679707388844,0,0,0.644145282162569,0,0,0,0,0,0,0,0,0,0,0,0,0,0,0,0,0,0,0,0,0,0,0,0,0,0,0,0,0,0,0,0,0,0,0,0,0,0,0,0,0,0,0,0,0,0,0,0,0,0,0,0,0,0,0,0,0,0,0,0,0,0,0,0,0,0,0,0,0,0,0,0,0,0,0,0,0,0,0,0.121495969057876,0,0,0,0,0,0,0,0,0,0,0,0,0,0,0,0,0,0,0,0,0,0,0,0,0,0,0,0,0,0,0,0,0,0,0,0,0,0,0
0,-0.491308920878614,0,0,0.646719907341927,0,0.308552634452967,0,0,0,0,0,0,0,0,0,0.51403843887861,0,0,0,0,0,0,0,0,0,0,0,0,0,0,0,0,1.65436437422599,0,0.244201816442183,0,0,0,0,-1.35424729183532,-0.118988988390548,0,0,-0.090316724745837,-0.242364620395655,-0.0897156093234801,0,0,0,0,0,0,0,0,0,0,0.912593050161536,0,0,0,0,0,0,0,0,0,0,0,0,0,0,0,0.594826528727899,-3.24919467887843,0,0,0,-0.176678247326874,0,0,0,0,0,0,0,0,0,0,0,0,-0.297340624477338,-0.853237222088891,0,0,0.383872735789891,0,0,0,-0.251754824579965,0,0,-0.461639242375563,1.08041379008171,0,0,0,0.552215436639226,0,0,0,-0.32224761751978,0,0,-0.105202308317446,0,0,0,0,0,0,-0.17331723829011,0.0141248910344072,-1.08108171646428,0,0,0,0,0,-0.277745143104638,0.303041306172921,0,0,0,0,0,0.0335829259573615,0,0,0,0,0,0,0,0,0,0,0,0,0,-0.509104508765491,0,0,0,0,0,0,0,0.0881135260349093,0,0,0,0,1.48304791814684,0,0,0,0,0,0,0,0,0,-0.139248512995056,0,0,0,0,0,0,0,0,0,0,0,0,0,0,0,0,0,0,0,0,0,0,2.10861707571717,-0.715849383088768,0,0
0,0,0,0,0,0,0.31391926163789,0,0,0,0,0,0,0,0,0,0,0,0,0,0,0,0,0,0,-0.0809010730216779,0,0,0,0,0,0,0,0,0,0.311629134747025,0,0.365720344949416,0,0,-0.588410226862498,0,0,0,-0.190067610558743,0,0,0,0,0,0,0,0,0,0,0,0,0.433401186969673,0,0,0,0,0,0,0,0,0,0,0,0,0,0,0,0,-1.91817043733893,0,0,0,0,0,0,0.138281312830662,0,0,0,0.0298985724784637,0,0,0,0,0,-0.607227156450374,-0.275502321242094,0,0,0.229539403599938,0,0,0,0,0,0,-0.165371772186347,0.513067510550019,0,0,0,0,0,0,0,-1.11581249168113,0,-0.164011656473647,-0.840219545452003,0,0,0,0,0,0,0,0,-0.676650589062342,0,0,0,0,0,-0.801103275067364,0,0,0,0,0,0,0,0,0,0,0,0,0,0,0,0,0,0,0,0,0,0,0,0,0,0,0,0,0,0,0,0,0,0.324001217209588,0,0,0,0,0,0,0,0,0,-0.376391416549489,0,0,0,0,0,0,0,0,0,0,0,0,0,0,0,0,0,0,0,0,0,0,1.21376256135205,0,0,0
0,-0.250653112908314,0,0,0,0,0.759543241533538,0,0,0,0,0,0,0,0,0,0,0,0,0,0.193735832432737,0.0902947154512928,0,0,0,0,0,0,0,0,0,0,-0.0341856133275404,0,0,0.205124475854429,-0.535844193873719,0,0,0,-0.495974638582495,0,0,0,0,0,-0.2893915939332,0,0,0,0,0,0,0,0,0,-0.595935191455611,0.113721183689581,0,0,0,0,0,0,0,0,0,0.0425779079676636,0,0,0,0,0,0,0,0,0,0,0.500325036793093,0,-0.00172066702263218,0.345405869761843,0.290812478232963,-0.625086088860084,0.623807225254719,2.69205089203105,0,0,0,0,0,-1.15067200569516,-0.780060208223561,0,0,0,0,0,0,0,-0.414070734881047,0,-0.40110348622484,0,0,0,0,0,0,0,0,-1.85246970866596,0,0,-0.220847657788077,0,0,0,0,0,0,0,0,0,0,0.00275015418870117,0,0,0,-0.258473437573296,0.328910371410081,0,0,0,0,0,0,0,0,0,-0.0779983825504316,0,0,-0.148040463508894,0,0,0,0,0,0,0,0,0,0,0,0.906536585271092,0,0,0,0.107871989676605,0,0,0.787910923200414,0,0,0,0,0,0,0,0,0,0.396933689549284,-0.0708263228517001,0,0,0.0561545355341138,0,0,0,0,0,0.563290909946247,0,0,0,0,0,0,0,0.306695787619578,0,0,0,0,0,1.58310468062209,0,0,0
0,0,0,0,-3.31856244396685,0,0,0,0,0.154718991543368,0,0,0,0,0,0,0,0,0,0,0,0,0,0,0,0,0,0.0712855158514534,0,0,0,0,0,0,0,0,0,0,0,0,0,0,0,0,0,0,0,0,0,0,0,0,0,0,0,0,0,0,0,0,0,0,0,0,0,0,0.0580684084102829,0,0,0,0,0,0,0,0,0,0,0.261899244591831,0,0,0.426750918809272,0,0,0,-1.61531640633685,0,0,0,0.550151877161356,0,0,0,0,0,0,0,0,0,0,0,0,0,0,0,0,0,-7.56823191082746,0,0,0,0,0,0,0,0,0,0,0,0,0,0.306431674883879,-0.249256394985917,0,0,0,0,0,0,0,0,0,0,0,0,0,0,0,0,0,0,0,0,0,0,0,0,0,0,0,0,0,0,0,0,0,0,0,0,0,0,0,0,0,-1.56182015418322,0,0,0,0,0.150432008562817,0,-0.621298246404483,0,0,0,0,0,0,-0.033117089264437,0,0,0,0,0,0,0,0,0,0.740849712344288,0,0,0,0,0,0,-0.242333123547232,0,0,0,0,-0.0726130752947445
0,1.23916998909763,0,0,0,0,1.51988204466081,0,0.754419416547618,0,0,0,0,0,0,0,-0.143013613797188,0,-0.364161791315823,0,0,0,0,0,0,0,0.74738615427809,2.189296196172,0,0,0,0,0,0,0,0,-0.0308829652640699,-2.03639224203281,0,0.0699104398586023,0,0,0,0,2.67920703447804,1.14159791169924,0.373425467058007,0,0,0,0,0,1.05161335238707,-0.488027991545607,0,0,0,2.34267323757427,0,0,0,-1.442100615318,0.585815681888492,-0.609764822514777,0,0,0,0,-1.11159564459772,0,-1.56881357408147,0,0,0,-0.623724596216534,0,0,-2.02249506765118,0,0,0,0,0,1.34805894398686,0,0,0,0,0.70186892967188,0,0,0,0.1383003486042,0,-1.94318540262156,0,0,-0.962591523692969,-1.61436465768456,0,-1.03635588577838,0,0,2.57709402577752,0,0.459564477944191,0,0,0,-1.10191702081087,0,-3.01061179828764,0,0,0,0,0,0,-0.145391337528045,0,0,0,0,0,0,0,0,0,3.26062754094678,-0.194182664213083,0,0.118757671102705,0.955459338583537,0,-1.61981536022142,0.262146419004909,0.518892791090841,0,0.0700068996883509,-2.38754610887443,-1.88116021159431,0,0,0,0,0,-0.334945906056897,-0.0616003669888192,0,0,-0.560525400659285,0,1.61946293027809,0,1.1491259454202,0,0,0,0,0.982557925925766,0,0,0,-0.594599343522516,0,0,0,0,1.0569727457417,0,0,-0.915929450071115,0,1.4159301082621,0,1.40322140907091,0,0,0,0,0,-0.115687736365701,0,0,-1.09102146956813,0,2.35598310465585,0,0,0.586250499673784,0,0,0,0,0,0.833945848252416,0,0,2.4211352451935,-1.14919672728683
0,0,0,0,0,0,0,-0.286423372327687,0,0,0,0,0,0,-0.190670135886817,0,0,0,0,-0.527011267260561,0,0,0,0,0.58752452492856,0,0,0,0,0,0,0,0,0,0,0,0,0,0,-0.542052529546043,0,0,0,0,0,0,0,-0.298835416347786,0,0,0,0,0,0,0,0,0,0,0,-0.538491148962765,0,0,0,0,0,0,0,0,0,-0.445139680463305,0,0,0,0,0,-0.305739081973348,0,0,0,0,0,0,0,0,0,-0.167293797209808,0,0,0,0,0,1.44693703219395,0,0,0,0,0.775900568604719,0,0,0,0,0,0,-0.134845195218672,0,0,0,0,0,0,0,0,0,0,0,0,0,0,0,0,0,0.226894998110201,0,0,0,0,0,0,0,1.63947779119346,0,0.128192261363804,0,-11.3375501786927,0,0,0,0,0,0,0,0,-0.551260046274815,0.395287624008061,0,0,0,0,0,0,0,0,0,0,2.83357732132378,0,0,0,0,0,-0.0742162400379833,0,0,-0.524470711294173,0,0,0.273775746434951,0,0,0,0,0,0,-0.909867842505596,0,0,0,-1.50257628733829,0,0,0,1.42126862269695,0,0,-0.3226692702795,0,0,0,0,-0.591378979832727,0,0,-0.35011056509166,0,0,-0.254482843533902,0,0,0,0
0,0,0,0,-0.835963667984411,0,0,0,0,0,0,0,0,0,0,0,0,0,0,0,0,0,0,0,0,0,0,0,0,0,0,0,0,0,0,0,0,0,0,-0.798646918386676,0,0,0,0,0,0,0,0,0,0,0,0,0,0,0,0,0,0,-0.0749561797656511,-0.0492655871925256,-0.00430473619880378,0,0,0,0,-0.142746225910738,0,0,0,-0.230058039615394,0,0,0,0,0,0,0,0,0,0,0,0,0,0,0,-0.707654621674956,0,0,0,0,0,0.479627268764752,0,0,0,-0.452233191700816,3.2190710934355,0,0,0,0,0,0,-0.671187694444888,0,0,0,0,0,0,0,0,0,0,0,-0.678170986540187,0,0,0,0,0,0.156045678119754,0,0.375323699232656,0,-0.169296595752517,0,0,0,0.551871993349035,0,0.911869500683688,0,-18.0547219056947,0,0,0,0,0,0,0,0,0,0,0,0,0,0,0,0,0,0,0,0,3.09816173917945,0,0,0,0,0,0,0,0,0,0,0,0.140131298926049,0,-0.176411834618688,0,0,0,0,-0.846611340728411,0,0,0,-1.74198173718926,0,0,0,0.247541304385174,0,0,0,0,0,0,0,-0.632547282539954,0,0,-3.01559502627104,0,-0.509500727744481,0,0,0,0,0
0,0,0.838144776106921,0,-0.395899927593529,0,0,3.17457992221188,0,0,0,0,0,0,0,0,0,0,0,0,0,0,0,0.773278656102824,-2.73283512354305,0,0,0,0,0,0,0,0,0,0,0,0,0,0,-0.175016229231507,0,0,0,0,0,0,0.00768497471279628,0,0,0,0,-0.869298339825554,0.0151728466937293,0,0,0,0.9823610265759,0,0,0.0583788781222869,1.32874784743062,-0.128706455929505,0,0,0,0.592650573115039,0,0,0,0,0,-0.16064883712425,0,0,0,0,0,-1.06105092567233,0,0.405503766653651,0,0,0,0,0,0,0,0,0,0,0,0,0.180856713553857,0,0,0.218796638308682,0,0,0,0,0,0,0,0,0,0,-0.162471336225657,0,0,0,0,0.637435702908048,0,0,0,0.801232672506254,0.695526804122841,0,0,0,0,0,0,0,0,0,0,0,-0.355403427535462,0,0,-0.00314348983693957,0,-22.4971360971135,-1.08533164898588,0,-1.15722861371246,0,0,0,0,0,0,0,0,0,0,0,1.80390378634718,0,0,0,0,0,-1.81413544432613,0,0,0,-0.338702896387091,0.241282916782608,1.29515853272581,0,0.789137755990984,0,0,0,0,0,0,0,0,0,0,0,0,0,0,0.814293293268008,0,0,-0.497716587476485,0,0,0,0,-0.425756109382244,1.77166387180004,0,0,0.529934645990035,0,0,-1.23327685442223,0,0,0,-0.949512116925455,0,0,0
0,-0.37727257088046,0,0,0,-0.77913005008278,0,0.761707383446411,0.194643668647394,0,0,0,0,0,0,0,0,0,0,0,1.13247365635769,0,0,0.459579076498114,-0.405228065275615,0,0,0,-0.104782059775381,0.267785286474918,0,0,0,0,0,0,0,0,0,0,0,0,0,-1.06570796896017,-0.0761878269778729,0,0,0,0,0,0,0,0,0,0,-0.124853836441101,0.24996045634924,0,0,0,2.04643276592443,0,0,0,0,0,0,0,0,0,0,-0.327692874364885,0,0,0,0,0,0,0.0852139832629195,0,0,0,0,0,0,0,0,0,0,0,0,-0.808220265682762,0,0,0,0,0,0,0,0,0,0,0,0,0,0,0,0,1.60077507553501,0,0,0,0,0.521242960730528,-0.125154523362633,0.126752216212167,0,0,0,0,0,0,0,-0.0227697240107085,0,0,0,0,0,0.0555044174399237,0,0,0,-20.8596452609304,-2.28138132303093,0,0,0,0,0,-0.148724299944355,0.264431906277929,0,0,0,0,0,0.0459428173182717,0,0,0,0,0,0,0,0,0,0,-0.0330522795622827,0,0,0,0,0,0,0,0,0,0,0,0,0,0,0,-0.0288637996201861,0,0,0.00225022163159339,0,0,0,0.51100839477445,0,1.13151296155797,-0.446115631075136,-1.1551930271859,0.793726195103047,0,0,0,0,0,0,0,0,0,0,-0.0760674693992252,0,0
0,-0.515689682568409,0.383899451115934,0,0,-0.573974758856643,1.11756477535438,0.66353158801423,0,0,0.33278869792349,0,0,0,0,0,-1.1871911048943,0,0,0,0.900276882729132,0,0,0.296770869593159,0,0,0,0,0,0,0,0,0,0,0,0,0,0,0,0,0,0,0,0,-0.410461251900711,0,0,-0.210167520683957,0,0,0,-0.2977819905621,0,0,0,0,0,0,0,0,1.52662056235407,0,0,0,0,0,0,0,0,0,0,-0.525918226104739,0,0,-0.31467402647907,0,0,0,0,0,0,0,0.802721834064364,0,0,0,0,0,0,0,0,-0.0322840065028849,0.307204354206094,0,0,0,0,0,0,0,0.0692070527067576,0,0,-0.518348950113816,0,-0.241092352047796,0,0,2.30933061976671,0,0,0,0,0,-0.871650535959594,0.292372093893454,0,0,0,0,-0.403475509789185,0,-0.23161378076099,-0.0192722056270951,0,0,0,0,0,0.160797908013314,0,0,0,-18.773073375736,-3.78998260050515,0,0,0,0,0,0,0,-0.261518630672425,0,0,0,0,0,0,0,0,0,-0.439705006504859,0,0,0.00448242922946029,0,0,0,0,0,0,0.158689000328861,0,0,0,0,0,0,0,0,0,0,0,0,0.557598277116529,0,0,0,0,0,0.510842042523562,0,0.689694085337047,-1.17421640817187,-1.74706021940089,0.991636590210895,0,0,-0.352913172945393,0,0,0,0,0,0,0,-1.35976517749364,0,0
0,0,0,0,0,0.121226895026175,0,0,0,0,0,0,0,0,0,0,0,-0.148526307264387,0,0,0,0,0,0,0,0,0,0.11817566653055,0,0,0,0,0,0,0,0,0,0.305895567633842,0,0,-0.337262972631512,0,0,0,0,0,0,0,0,0,0,0,0,0,0,0,0,0,0,0,0,0,0,0,0,0,0,0,0,0,0,0,0,0,0,0,0,0,0,0,1.2232862384626,0,0,0,0,0,0.814840487415129,0,0,0,0,0,0,0,0,0,0,0,0,0,0,0,0,0,0,0,0,0,0,0,0,0,0,0,0,0.0289451869849311,0,0,0,0,0,0,0,0,0,0,0,0,0,0,0,0,0,0,0,0,0,0,0,0,0,0,0,0.0231771038901729,0,0,0,-0.0927047968489918,0,0,0,0,0,0,0,-1.44941553450686,0,0,0,0,0,0,0,0,0,0,0,0,-0.760705772523258,0,0,0,0,0,0,0,0,0,0,0,0,0,0,0,-0.191708412175755,0,0,0,0,0,0,0,0,0,0,0,-1.44825162430019,0,0,0
0,0,0,0,0,0,0,-0.631448558124184,0,0.109462162829476,0,0,0,0,0,0,0,0,0,0,0,0,0,0,0,0,-0.380703931118613,0,0,0,0,0,0,0,0,0,0,0,0,0,0,0,0,0,0.302107463204952,0,0,0,0,0,0,0,0,0,0,0,0,0,0,0,0,0,0,0,0,0,0,-0.089357566714642,0,0,0,0,0,0,0,0,0,0,0,0,0,0,0.376761992257895,0,0,0,-0.234234782094418,0,0,0,0,0,0,0,0,0,0,0,0,0,0.221027250906988,0,0,0,0,0,0,0,-0.292187919325298,0,0,0,0,0,0,0,0,0,0,0,0,0,0,0,0,0,0,0,0,0,0,0,0,0,0,0,0,0,0,0,0,0,0,0,0,0,0,0,0,0,0,0,0,0,0,0,0,0,0,0,0,0,0,0,0,0,0,0,0,0,0,0,0,0,0,0,0,0,0,0,0,0,0,0,0,0,0,0,0,0,0,0,0,0,0,0,0,0,0.0624747620111976,0
0,0,0,0,-0.0242551698532134,0,0,-0.209645432398883,0,0,-1.55895994040899,0,0,0,0,0,0,0,0,0,0,0,0,0,0,0,-0.135353732530719,0,0,0,0,0,0,0,0,0,0,0,0,0,0,0,0,0,0.39447207147255,0,-1.09040260600454,0,0,0,0,0,0,0,0,0,0,0,0,0,0,0,0,0,0,0,0,0,0,0,0,0,0,0,0,0,0,0.0397836427558651,0,0,0,0,0,0,0,0,0,0,0,0,0,0,0,0,0,0,0,0,0,0,0.140599238460023,0,0,0,0,0,0,0,0,0,0,0,0,0,0,0,0,0,0,0,0,0,0,0,0,0,0,0,0,0,0,0,0,0,0,0,-0.211219423255432,0,0,0,0,0,0,0,0,0,0,0,0,0,0,0,0,0,0,0,0,0,0,0,0,0,0,0,0,0,0,0,0,0,0,0,0,0,0,0,0,0,0,0,0,0,0,0,0,0,0.323429593583495,0,0,0,0,0,0,0,0,0,0,0,0,0
0,0,0,0,0,0,0,-0.704597400514203,0,0,0,0,0,0,0,0,0,0,0,0,0,0,0,0,0,0,0,0,0,0,-0.163767672632451,0,0,-1.05033893717721,0,0,0,0,0,0,0,0,0,0,0,0,0,0,0,0,0,0,0,0,0,0,0,-0.298770816137683,0,0,-0.180542907717365,0,0,0,0,0,0,0,0,0,0,0,-1.16005279059217,0,0,0,0,0,0,0,0,0,0,0,-0.0212914071956785,0.124896008951661,0,0,0,0,0,0,0,0,0,0,1.32265842666162,0,0,0,0.0216316810363868,0.353536782066119,0,0,0,0,0,0,0.42271361469186,0,0,0,0,0,0,0,0,-0.0420500541719022,0,0,0,0,-0.236456428546789,0,0,0,0,0,0,0,0,-0.447242877235782,0.0155763434805893,0,0,0,0,0,0,0,0,0,0,0,0,0,0,0,0,0,0,0,0,0,0,0,0,0,0,0,0,0,0,0,0,0,0,0,0,0,-0.366667564967762,0,0,0,-0.450026524431693,0,0.0680423450963474,0,0,0,0,0,0,0,0,0,0,0,0,0,0,0,-0.25794859603801,0,-0.374009968504299,0,0,0.00432641189210115,0,0
0,0,0,0,0,0,0,0,0,0,0,0,0,0,0,0,0,0,0,0,0,0,0,0,0,0,0,0,0,0,0,0,0,-0.499956407066168,0,0,0,0,0,0,-0.0799819078418553,0,0,0.885813682531043,0,0,0,0,0,0,0,0,0,0,0,0,0,0,0,0,0,0,0,0,0,0,0,-0.139634795760628,0,0,0,0,0,0,0,0,0,0,0,-1.20242189034448,-0.237644463841845,0,0,-1.19620151435693,0,0.208795443433675,0,0,0,0,0,0,0,0,0,0,0,0,0,0,0,0,0,0,0,0,0,-0.40948472758934,0,0,0,0.603087778454183,0,0,0,-0.173790922476218,0,0,0,0,0,0,0,0,0,0,0,0,0,0,0,0,0,0,0,0,-0.20095086591122,0,0,0,0,0,0,0,0.0891864455560956,0,0,0,0,0,0.293614791101897,0,0,-0.729115398524297,0,0,0,0,0,0,0,0,-0.376897282821653,0,0,0,0,0,0,0,0,0,0,1.32636598774298,0,0,0,0,0,0,0,0,0,0,0,0,0,0,0,0,0,0,-2.35387987957601,0,0,0,-0.11475762920706,0,0.333223203560039,0
0,0,0,0,0,0,0.0196044633139869,0,0,0.235856432956784,0,0,0,0,0,0,0,0,0,0,0,0,0,0,0,0,0,0.247787074214438,0,0,0,0,0,0,0,0,0,0.0688383369914631,0,0,0,0,0,0,0,0,0,0,0,0,0,0,0,0,0,0,0,0,0,0,0,0,0,0,0,0,0.123220104004608,0,0,0,0,0,0,0,0,0.419663662992726,0,0,0,0,0,0,0,0,0,0,0,0,0,0,0,0.0188864602805352,0,0,0,0,0,0,0,0,0.250628988841691,0,0,0,0,0,0,0,0,0,0,0,0,0,0,0,0,0,0,0,0,0,0,0,0,0,0,0,0,0,0,0,0,0,0,0,0,0,0,0,-0.275540360555851,0,0,0,0,0,0,0,0,0,0,0,0,0,0,0,0,0,0,0,0,0,0,0,0,0,-1.58233343233635,0,0,0,0,0,0,0,0,0,0,0,0,0,0,0,0,0,-0.498485076057001,0,0,0,0,0,0,0,0,0,0,0,0,0,0,0
0,0,0.955820615786442,0,0,0.393593864833496,0,0.620023353583318,0,-0.37067816980639,0,0,0.319015833585304,0,0,0,-0.273531029343924,0,2.73637444044328,0,0,0.257258972818487,0.158654313660862,0,-0.48462200331918,0,0,0,0,0,0,-0.316577858055906,0,0,0,0,0,0,0,0,0,0,0,0,0,0,-0.217057800404931,0,0,0,0,0,0,-0.0398625913089474,0,0,0,0,0,0,0,0,0,0,0,0.32095294356394,0,0,0,0,0,0,0,0,-1.91681218532942,-0.545539959078609,0,0,0,0,1.59333610952563,0,0,0,2.50964809370008,0.991356734014895,-2.7260601734565,0,0,-0.324778606032163,0,0,0,0,0,0,0,0,0,2.0059929578046,0,0,0.756784846116556,0,0,0,0,0,0.357828285124836,0,0,0,0,-0.504172109819866,0,0,0,0,0,0,0.202166750126793,-0.460984018236088,-0.292742079642826,0,0,0,0,0.19257084852277,0,-0.229929850385922,0.711487364950875,0,0,0,0,0,0,0,0,0,0,0,0,0,0,0,0,0,0,0,0,0,-0.777171490380992,0.616007008811281,0,0,0,0,0,0,0,0,0,0,0,0,-0.46341776281082,0,-0.976986622934082,0,0,0,0,-0.954971614582686,0,0.235748319460134,0,-0.268622641252936,0,0,0,0,0,0,0,0,-1.44948452892071,0.223699378045815,0,0,-0.984904214122194,0,0,0,0,0,0,-0.617663280788906,0,0
0,0,0,0,-1.35655299297006,0,0,0.00335315877745801,0.446453448177645,-0.164591873667312,0,0,0,0,0,0,0,0,3.8433866209529,0,0,0,0,0.278217286259518,0,0,-0.896758974038529,0,0.541684926938252,0,0.236856654606767,0,0,1.46148122187648,0,0,0,0.339666648028906,0,0,0,0,0,0,0,0,0,0,0,0,0,0.747721874495283,-0.386210842124932,0,0,0,0,-1.56016551859821,0,0,0,0,0,0,0,0,0,0,0,0,0,0,0,0,0,0.615296464016259,0,0,0,0,0,0,0.191465440425868,0,0,0,0,0,0,0,0,0,0,0,-0.0964388535506999,0,0,-0.147346387916358,0,0.427887348282568,0,0,2.59435055503187,2.26424748343096,0,0,0,0,0,0,0,-1.73256867902444,0,0,0,0,0,0,0,-1.39773256953839,0,0,0,0,0,0,0,0,0,0,0.981033438809553,0,0,0,0,0,0,0,0.0478344546567291,0.25192158409696,0,0,0,0,0,0,0,0,-0.144432680398481,0.376025748720326,0,0,0,0,0,0,0,0,0,0,-1.14443474994105,0,0,0,0,0,-0.21739593939187,-1.51124305454127,0.147395937735711,0,0,-0.346921146954068,0,0,0,0,0,0,0,0,0,0,0,0,0.628834157398445,0,0,0,0,0,0.377247710136846,0,0,0,0,0,0,-1.45974413478074,0,0.815463383693293
0,0,0,0,0,0,0,0,0,0,0,0,0,0,-0.466923228006692,0,0,0,0,0,0,0,0,0,0,0,0,0,0,0,0.641070991894534,0,0,0,0,0,0,0,0,0,0,0,0,0,0,0.25376657338273,3.0077506637489,0,0,0.41047647305629,0,0,0,-1.81735536346963,0,0,0,-1.27231571625048,0,0,0.545568053685418,0,1.37796650715082,0,0,0,0,0,0,0,0,0,0,0,0,0,0,0,0,0,0,0,0,0,0,0,0,0,-19.1896932178483,0,0.850246697504258,0,0,0,0,0,0,0,0,0,0,0,0,-0.2235483478095,-0.150768414465889,0,0,0,0,0,0,0,0,0,-0.924652291069474,0,0,0,0,-0.643525175019382,0,-3.09873327273745,0,0,0,0,0,0,0,0,0,0,0,0,-1.14793392194778,0,0,0,0,0,0,0,0,0,0,0,0,0,0,0,0,0,0,0,0,0,0,0.267435254875726,0,0,-0.27276080781881,0.980204334323785,0,0,0,0,0,-0.0896280241590968,0,0,0,0,0,0,0,-0.53409312511899,0,0,-0.16593659379684,0,0,0,0,0,0,0,0.229861122540914,0,0,-0.81010780123552,0,0,0,0.0627915662309022,0,0,0,0.831006659972027,0,2.33421705807805
0,0,0,0,0,0,0,0,0,0.0424972774021002,0,-0.317024040765671,0,0,0,0,0,0,0,0,0,0,0,0,0,0,0,0,0,0,0,0,0,0,0,0,-0.195481761650181,0,0,0,0,0,0,0,0,0,0,0,0,0,0,0,0,0,0,0,0,0,0,0,0,0,0,0,0,0,0,0,0,0,0,0,0,0,0,0,0,0,0,0,0,0,0,0,0,0.389041469680077,0,0,-14.7030801884173,0,0.247280656289145,0.0579589830190217,0,0,0,0,0,0,0,0,0,0.934877920876326,1.22541049313565,0,0,0,0,0.476687767823851,0,0,0,-0.468471091831449,0,0,0,0,0,0,0,0.256382055289108,0,0,0,0,0,0,0,0,0,0,0,0,0,0,0,0,0.745811476591172,0,0,0,0,0,0,0,0,0,0,0,0,0,0,0,0,0,0,0,0,0,0,0,0,0,0,0,0,0,0,0,0,0,0.599080781133273,0,0,0,0,0,0,0,0,0,0,0,0,0,0,0,0,0,0,0,0,0,0,0,0,0,0,-0.617991379769243,0,0.717304099825913
0,0,0,0,0,0,0,0,0,0,0.149786393536504,-0.33571532950389,0,0,0,0,0,0,0,0,0,0,0,0,0,0,0.217018775232011,0,0.384882158098569,0,0,0,0,0.363317047471561,0,0,-0.802899669405148,0,0,0,0,0,0,0,0.033444092819048,0,0,0,0,0,0,0,0,0,0,0,0,0,0,0,0,0,0,0,0,0,0,0,0,0,0,0,0,0,0,0,0,0,0,0,0,0,0,0,0,0,0,0,-13.759871348419,0,0.704304659199396,0,0,0,0,0,0,0,0,0,0,0,0.935495616676629,0,0,0,0,0,0,0,0,0,0,0,0,0,0,0,0,0,0,0,0,0,0,0,0,0,0,0,0,0,-0.323432705780802,0,0,0,0,0,0,0,0,0,0,0,0,0,0,0,0,0,0,0,0,0,0,0,0,0,0,0,1.13376970561437,0,0,0,0,0,0,0,0,0,0.641472634395677,0,0,0,0,0,0,0,0,0,0,0,0,0,0,0,0,0,0,0,0,0,0,0,0,0,0,-1.16179214305099,0,0
0,0,0,0,0,0,0,0,0,0,0,-0.283537216300441,0,0,0,0,0,0,0,0,0,0,0,0,0,0,0,0,0,0,0,0,0,0,0,0,0,0.148888447993413,0,0,0,0,0,0,0,0,0,0,0,0,0,0,0,0,0,0,0,0,0,-0.0942215066171739,0,0,0,0,0,0,0,0,0,0,0,0,0,0,0,0,0,0,0,0,0,0,0,0,-0.50385916183272,0,0,0,-11.2005412249352,0,0,0,0,0,0,0,0,0,0,0,0,0,0.0231041345495355,0,0,0,0,0,0,0,0,0,0,0,0,0,0,0,0,0,0,0,0,0,0,0,0,0,0,0,0,0,0,0,0,0,0,0,0,0,0,0,0,-0.581911898911636,0,0,0,0,0.0213686446389239,0,0,0,0,0,0,0,0,0,0,0,0,0,0,0,0,0,0,0,0,0,0,0,0,0,0,0,0,0,0,0,0,0,0,0,0,0,0,0,0,0,0,0,0,0,0,0,0,0,0,0
0,0,-0.0996992480394623,0,0,0,0,0,0,0,0,0,0,0,0,0,0,0,0,0,0,0,0,0,0,0,0,0,0,0,0,0,0,0,0,0,0,0,0,0,0,0,0,0,0,0,0,0,0,0,0,0,0,0.676439402302371,0,0,0,0,0,0,0,0,0,0,0,0,0,0,0,0,0.0856557387468975,0,0,0,0,0,0,0,0,0,0,0,0.117196811949604,0,0,0,0,0,-11.1282148062527,0,0,0,0,0,0,0,0,0,0,0,0,0,0,0,0,0,0,0.00677109200107884,0,0,0,0,0,0,0,0,0,0.0242927665850294,0,0,0,0,-0.426011980647517,0,0,0,0,0,0,0,0.769118550625699,0,0,0,0,0,0,0,0,0,0,0,0,0,0,0,0,0,0.132221217991333,0.408859697650007,0,0,0,0,0,0,0,0,0,0,0,0,0,0,0,0,0,0,0,0,0,0,0,0,0,0,0,0,0,0,0,0,0,0,0,0,0,0,0,0,0,0,0,0,0,0,0,0,0,0
0,0,0,0,0,0,0.006177288406503,0,0,0,0,0,0,0,0,0,0,0,0,0,0,0,0,0,0,0,0.128027542670385,0,0,0,0,0,0,0,0,0,0,0.603252105844686,0,0,0,0,0,0,0,0,0,0,0,0,0,0,0,0.199640728553119,0,0,0,0,0,0,0,0,0,-0.161092257410368,0,0,0,0,0,0,0,0,0,0,0,0,0,0,0,0,0,0,0,0,0,0,0,0,-6.9278634668803,0,0,-0.051592998645188,0,0,0,0,0,0,0,0,0,0.229820142729894,0,0,0,0,0,0,0,0,0,0,0,0,0,0,0,0,0,0,0,0,0,0,0,0,0,0,0,0,0,0,0,0,0,0,0,0,0,0,0,0,0,0,0,0,0,0,0.0795849005987357,0,0,0,0,0,0,0,0,0,0,0,0,0,0,0,0,0,0,0,0,0,0,0,0,0,0,0,0,0,0,0,0,0,0,0.0534734750371364,0,0,0,0,0,0,0,0,0,0,0,-0.153240017949297,0,0,0,0
0,0,0,0,1.36039490816511,0,0,1.06095237536191,0,0,0.502165955434133,0,-1.2019379387939,0,0,0,0,0,0,0,0,0,0,0,0,0,0,0,0,0,0,0,0,0,0,0,0.227876154404701,-0.262935122824402,0,0,0,0,0,0.110007205150729,0,0,0,0,0.0307930526647504,0,0,-0.469211808232682,0,2.08402440095682,0,0.120219847843248,-2.16804620555201,-0.831325612670804,0,0,0,-0.269612659927652,0,0.247809653831274,0,0,0,0,0,0,0.0668812819889464,0,0,0,0,0,-0.146335961428308,-0.235965923934383,0.906617023844902,0,0.226116323768089,-0.353511578222398,0,0,0,0,0,0,-2.43334499263053,0,0,0,0,0.0479450955097289,0,0,0,0,0,0.579252088615675,0,0.0402509506745274,0,0.0604673721651354,0,-0.790277170635384,0,0,0,0,0,0.529113051081202,0,0,0,0,0,0,0,-0.783547742839613,0,0,0,0,0,0,0,0,0.0476989266082573,0,0,-0.433338268502238,0,0,1.095013147367,0,0,0,0,0,0,0,0,0,0,0,0,0,0,0,0.0169578505928283,0,0,0,0,0,0,0,0,0.145694166341525,0,0,0,0,0,0,0,0.788920373990242,0,0,0,0,0,0,0,0,0,-0.368015787097774,0,0,0,0,0,0,0,0,0.0724719797170632,0,0,-1.21209420222141,0,0,0,0.736988036650442,0,0,0,0,4.64626602670827,0
0,0,0,0,0,0,0,0,0,0,0,0,0,0,0,0,0,0,0,0,0,0,0,0,0,0,0,0,0,0,0,0,0,0,0,0,-0.300122667106734,0,0,0,0,0,0,0,-1.42694960442147,0,0,0,0,0,0,0,0,-0.236639817448806,0,0.0803995471743912,0.65184373117263,0,0,0,0.5245915212684,0,0,0,0,0,0,0,0,0,0,0,0,0,0.746483201326785,0,0,0,-0.389856866652863,0,1.28066862846997,-0.273157015998836,0,0,0,0,0,0,0,-0.920353065970319,0,0,0,0,1.38924442503217,0,0,0,0,-0.826644453631306,0,0,0,0,0,0.156014632891601,0,0,0,0,0,0,0,0,0,0.316967304852405,0,0,0,-0.916715063939159,0.0637907443057193,0.0939493101000699,0,0,0,0,0,0,0,0,0,-0.446766542072452,0,0,0,0,0,0,0,0,0,0,0,0,0,0,0,0,0,0,0,0,0,0,0,0,0,0,0,0,0,6.14475642903053,0,0,0,0,-0.404376184135901,-0.524863144060204,0,0,0,0,0,-1.11561172269424,0,0,0,0,0,0,0,-0.0661248668540935,0,0,0,0,0,0,0,0,0,0,-1.88313195467857,0,0,0,0,0,0,0
0,0,0,0,0,0,0,0,0,0,0,0,0,0,0,0,0,0.327132894220086,0,0,0,0,0,0,0.153951922931284,0,1.23026775817174,0,0,0,0,0,0,0,0,0,0,0,0,0,0,0,0,0,0,0,0,0,0,0,0,0,0,0.166231398252195,0,-0.144096750311005,0,0,0.998938295003288,0,0,-0.196086368704891,0.707172767929566,0,0,0,0,0,0,0,0,0,0,0,0,0,0,0,0,0,0.108069610687605,0,0,0,0,0,0,0,0,0,0,0,0,0,0,0,0,-0.270493924709813,0,0,0,0,0,0,0,0,0,0,0,0,0,0,0,-10.3326865890754,0,0,0,0,0,0,0,0,0,0,0,0,0,0,-1.04284369436059,0,0,0.12068014782989,0,0,0.268464775386437,0,-0.2260239093079,0,0,0,-0.25617829241279,-0.0537768440062785,0,-0.729250999933437,0,0,0,0,0,0.11565736980965,0,0,0,0,0,0,0,0,0,0,0,0,0,0,0,0,-2.22596885732808,0,0,0,-0.0292935855466201,0,0,0,0,0,0,0,0,0,0,0,0,0,0,0,0.302209817082897,0,0,0.663716122482786,0,0,0,0,0,0,0,-0.247263142004527,0,-0.47010861481164
0,0,-0.98268915788533,0,0,0,0,0,0,0,0,0,0,0,0.38936790697593,0,0,0.570237508120986,0,0,0.268867875944472,0,0,0,0.277500416757475,0,0,-0.165080425704454,0,0,0,0,0,0,0,0,0,-0.161951474342808,0,0,0,0,0,0,0,0,0,0,0,0,0,0,0,0,0,-0.360189557779091,0,-0.38159690867718,0.667408530501942,0,0,-0.234800354106125,0.425790774455318,0,0,0,0,0,0,0,0,0,0,0,0,0,0,0,0,0,0,0,0,0,0,0,0.547160750176906,0,0,0,0,0,0,0,0,0,0,-1.06784181999444,0,0,0,0,0,0,0,0,0,0,0,0,0,0,0,-12.4679979826563,0,0,0,0,0.284693062928352,0,0,0.186347241366529,0,0,0,0,0,0,-1.01550643372814,0,0,0.0767618606319151,0,0,0.0632313659281991,0,0,0,0,0,0,-0.310897071894804,0,0,0,0,0,0,0,0.377478423964581,0,0,0,0,0,0,0,0,0,0,0,0,0,0,0,0,-2.5821762398084,0,0,0,0,0,0,0,0,0,0,0,0,0.445583881529539,0,0,0,0,0,0,0,0,0,0.567982729458522,0,0,0,0,0,0,0,-0.0395554239525091,0,-0.196028506769541
0,0,0,0,0,0,0.176606561111439,0,0,0,0,0,0,0,0,0,0,0,0,0,0,0,0,0,0,0,0.0458449241494541,0,0,0,0,0,0,0,0,0,0,0,0,0,0,0,0,0,0,0,0,0,0,0,0,0,0,0,0,0,0,0,0,0,0,0,0,0,0,1.12686157972432,0,0,0,0,0.476164091216088,0,0,0,0,0,0,0.253896192548613,0,0,0,-0.677877263534598,0,0,0,0,0,0,0,0,0,0,0,0,0,0,0,0,0,0,0,0.131234086252235,0,0,0,0,0,0,-0.235782501601436,0,0,0,0,-1.62496120767302,0,0,0,0,0,0,0,0,0,0,0,0,0,0,-1.30289860945269,0,0,0,0,0,0,0,0,0,0,0,-0.274515095100052,0,0,0,0,0,0,0,0,0,0,0,0,0,0,0,0,0,0,0.134249662625637,0,0,0,0,0,0,-2.56665737135045,0,0,0,0,0,0,0,0,0,0.0726248285964071,0,0,0,0,0,0,0,0,0,0,0,0,0,0,0,0,0,0,0,0,0,0,0
0,0,0,0,0,0,0,0,0,0,0,0,0,0,0,0,0,0,0,0,0.0662384354626209,0,0,0,0,0.45557536339212,0.00830217408189671,0,0,0,0,0,0,0.0362558199074636,0,0,0,0,0,0,0,0.136296580949291,0,0,0,0,0,0,0,0,0,-0.0651111226017138,0,0.146996672775461,0,-0.622114754634845,0,0.395552210584046,0,0,0,0.630380235163494,0,0,0,0,0,0,0,0,0.43187627246512,0,0,0,0,0,0,0,0,0,0,0,0,0,0,0,-1.10769606596087,0,0,0,0,0,0,0,0,0,0,0,0,0,0,0,0,0,0,0.213445300481474,0,0,0,0,0,0,0,-1.16920201206707,0.375985504803271,0,0,0,0,0,0,0,0,0,0,0,0.0173866039924444,0,-0.417749382803279,0,0,0,0,0,0,0,0,0,0,0,0,0,0,0,0,0,0,0,0,0,0,0,0,0,0,-2.41548189832485,0,0,0,0,0,0,0,0,0,0,-2.08608031213926,0,-0.278447248047335,0,0,0,0,0.323702118232527,0,0,0,0,-0.208962970656755,0,0,0,0,0,0,0,0,0,0,0.835995259471272,0,0,0.0925079268455373,0,0,0,0.0458321306967087,-0.020203638271163,0,0
0,0,0,0,0,0,0,0,0,0,0,0,0,0,0,-0.272423835824726,0,2.26433429682136,0,0,0,0,0,0,0,0,0,0,0,0,0,0,0,0,0,-0.214734849574416,0,0,0,0,0,0.438414437549897,0,0,0,-0.496565657153119,0,0,0,0,0,-0.896668172282071,0,0,0,0,0,0,0,0,0,0,0,0,0,0.166808140891779,0,0,0,0,0,0,0,0,0,0,0,1.488260536449,0,0,0,-0.164938789562925,0,0,0,0,0,0,0,-0.135339298533383,0,0,0,0,0,0,0,0,0,0,0,0,0,0,0,0,0,0,0,0,0,0,0,-0.28013088804886,0,0,1.20903359361594,0,0,0,0,0,0,0,0,0,0.0248156318542732,0,-3.20856614275442,0,0,0,0,0,0,0,0,0,0,0,-0.622500263520663,0,0,0,0,0,0,0,0,0.582999387862496,0,0,0,0,0.619139424516181,0,0,0,0,0,0.549979951479773,0,0,0,0,0,-2.02464089529274,0,0,0,0,0,0,0.165352000233229,0,0,0,0,0,0,0,0,0,0,0,0,0,0,0,0.750807361556412,0,0,0,-0.577011413494768,0,0,0,-0.236063519670915,0,0
0,0.236602073351197,0,0,0,0,0,0,0,0,0,0,0,-0.675206001209805,-1.62985084278846,3.5824742973172,0,-10.8363673974105,0,0,0,0,0,-0.120968927067255,-0.0288305491966914,0,1.37261335939237,0,0,0,0,-0.432607815850802,0,0,0,0,-1.06989909998965,0,0,0,0,-1.69730703322126,0,0,0,0,0,0,0,0,0,0,0,0,0,0,0,0,0,0,0,0,0,0,0,0,-0.5725718813147,0,0,0,-0.65275207088952,0.501392192634629,1.59080189934709,0,0,1.50897753341765,-0.171835995674851,-3.91042451736376,0,0,0.257211820435027,1.71000351743375,1.14162385408819,-0.0777911875087085,5.19155877745,0,-0.464712261742947,0,0,0,0,0.0678412165016395,0,0.0597132871543946,0,0,0,0,0,0,1.09501509341787,0,-0.865036171320073,0,0,-1.28401790373499,0,0,1.18772505835222,0,0.55636185968954,1.53840133060567,-0.857118470335426,2.76221383729084,0,0,0,0,0,0,0.441395322025222,-0.016858067782785,-1.54944883760525,0,0,-0.192453101570771,-1.12767769872785,0,16.2429897130885,0,0,0,-1.59321922609507,0,0,0,0.0768350519239727,0,0,7.12248814869883,0,2.56543240141082,0,0,0,0,0,0.401476714420001,0,0,0,0,0,0,0,0,0,0,0,0.887368254599307,-1.10825019097834,0,0,0,0,0,0,0,0,0,0,0.181978099118654,0.270587935155669,0,0,0,0,0,0,0,0,0,0.957845474637172,0,0,0,0.405395358507165,0,0,0,0.30480451575418,0,0,0,0,0,0,0,0,0
0,0,0,0,0,0,0,0,0,0,0,0,0,0,0,0,0,0,0,0,0,0,0,0.191649354933995,0,0,0,0,0,0,0,0,0,0,0,0,0,1.16347215768652,0,0,0,0,0,0.114894906579258,0,0,0,0,0,0,0,0,0,0,0,0,0,0,0,0.0676097066548444,0,0,0,0,0,1.16286152234679,0,0,0,0,0,0,0,0,0,0,0,0,0,0,0,0,0,0,0.0230833966039088,0,0,0,0,0,0,0,0,0,0,0,0,0,-0.129058598825398,0,0,0.349011061105257,0,0.224562134694877,0,0,0,-0.578698366779097,0.164106787258565,0,0,0,-0.0928069970755672,1.00433711805997,0.302930607827812,0,0,0,0,0,2.94401156592692,0,0,0,0,0,0,0,0.380178999575803,0,0,0,-0.0284982182002209,0,0,0,0,0,0,0,0,0,0,0,0,6.78129119444761,0,0,0,0.373434910212407,0,0,0,0,0,0,0,0,0,0,-0.824636672648803,0,0.577392006616023,0,0,0,-1.21089513773215,-0.119014175683553,-0.836410515247513,0,0,0,0,0,0,0,0,0,-0.0336863647826873,0,0,0,0,0,0,0,0,0.338777217437184,0,0,0,0,0,0,1.35896219898049,0,0,0,0,0
0,0,0,0,0,0,0,0,0,0,0,0,0,0,0,0,0,0,0,0,0,0,0,0,0,0.0978503101353643,0,0.0590995040331128,0,0,0,0,0,0.293974166441823,0,0,0,0,0,0,-0.261611618022592,0,0,0,0,0,-0.225995447483011,0,0,0,0,0,0,0,0,0,0,0,0,0,0,0,0,0,0,0,0,0,0,0,0,0,0,0,0,0,0,0,0,0,1.85906838284216,0,0,0,0,0,0.20954465537511,0,0,0.33300043206117,0,0,0,0,0,0,0,0,0,0,0,0,0.137119295162689,0,0,0,0,0,0,0,0,0,0,0,0,0,0,0,0,0,0,0,0,0,0,0,0,0,0,0,0,0,0,0,0,0,0,0,0,0,-0.66993522460794,0,0,0,0,0,0,0,0,0,0,0,0,0,0,0,0,0,0,0,0,0,0,0,0,0,-0.953474048283544,0,0,0,0,0,0,0,0,0,0,0,0,0,0,0,0,0,0,0,0,0,0,0,0,0,0,0,0,0,0,0,0,0
0,0,0,0,0,0,0,0,0,0,0,0,0,0,0,0,0,0,0,0,0,0,0,0,0,0,0,0,0,0,0,0,0,0,0,0,0,0,0,0,0,0,0,0,0,0,0,0,0,0,0,0,0,0,0,0,0,0,0,0,0,0,0,0,0,0,0,0,0,0,0,0,0,0,0,0,0,0,0,0,0,0,0,0,0,0,0,0,0,0,0,0,0,0,0,0,0,0,0,0,0,0,0,0,0,0,0,0,0,0,0,0,0,0,0,0,0,0,0,0,0,0,0,0,0,0,0,0,0,0,0,0,0,0,0,0,0.11267902758642,0,0,0,-0.272437156590418,0,0,-0.110328545747745,0,0,0,0,0,0,0,0,0,0,0,0,0,0,0,0,-1.43333652826704,0,0,0,0,0,-1.3673056291218,0,0,0,0,0,0.277181321379377,0,0,0,0,-0.104666547416121,0,0,0,0,0,0,0,0,0,0,0,0,0,0,0,0,0,0,0,0,0,0
0,0,0,0,0,0,-2.36128169359056,0,0,0,0,0,0,0,0,0,0,0,-0.382417721290678,0,0.413657103212592,0,1.29166265155092,0,0,0,0.192468744555317,0,0,0,0,0,0,0,0,0,0,0,0,0,-0.378881908861548,0,0,0,-0.684724694937587,0,0,0,0,-0.08700034998446,0,0,0,-0.514069118728737,0,0,0,0,0,0,0,0,0.778515962578239,0,0,0,0,0,0,0,0.369802518365218,0,0,0,0,0,0,0,0,0,0,0,0,0,0,0,0,0,0,0,0,0,0,0,0,0,0,0,0,0,0,0,0,0,0,0,0,0,0,0,0,0,0,0,0.112016726109833,0,0,0,0,0,-0.198702271664089,0,0,0,0,0,-0.0732940281517318,0,-0.2087657693105,0,0,0,0.756224116378456,0,0,0,0.447195084676992,0,0,0,-1.08969036464963,0,0,0,0,0,0,0,0,0.550860297833851,0,0,0,0,0,0,0,0,0,0,0,0,0,0,0,0,0,0.0981641229000345,-0.336953768795931,0,0,0,0.227109683674669,0,0,0,0,0,0,0,0,0,0,-0.971263272947091,0,0,0,0,0,0,0,0,0,0,0.126187469267409,0,0,0,0,0
0,0,0,0,0,0,0,0,0,0,0,0,0,0,0,0,0,0,0,0,0,0,0,0,0,0,0,0,0,0,0,0,0,0,0,0,0,0,0,0,0,0,0,0,0,0,1.25031713660463,0,0,0,0,0,0,0,0,0,-0.703496988094111,0,0,0,0,0,0.0335777614104447,0,0,0,0,0,0,0,0,0,0,0,0,0,0,0,0,0,0,0,0,0,0,0,0,0,0,0,0,0,0,0,0,0,0,-0.182135179822025,0,0,0,0,0,0,0,0,0,0,0,0,0,0,0,0,0,0,0,0,0,0,0,0,0,0,0,1.73606431123991,0,0,0,0,0,0,0,0,0,-2.27105289721895,0,0,0,0,0,0,0,0,0,0,0,0,0,0,0,0,0,0,0,0,0,0,0,0,0,0,0.713495977854989,0,0,0,0,0,0,0,0,0,0,0,0,0,0,0,0,0,0,0,0,0,0,0,0,0,0,0,0,0,0,0,0,0,0,0,0,0.0128770539286938
0,0,0,0,0,0,-0.238573040741774,0,0,0,0,0,0,0.715829813806023,-0.200823609267572,0,0,0,0,0,0,0,0,0,0,0,0,0,0,0,0,0,0,0,0,0,0,0,0,0,0,0,0,0,0,0.132414500603451,-0.242014032077134,0,0,0,0,0,0,0,0,0,0,0,0,0,0,0,0.556660175597983,0,0.141580883380901,0,0,0,0,0,0,0,0,0,0,0,0,0,0,0,0,0,0,0,0.0463462057781405,0,0,0,0,0,0,0,0,0,0.0785877266803401,0,0,0,0,0,0.0293934031448073,1.02425363781709,0,0,0,0,0,0,0,0,0,0,0,0,0,0,0,0,0,0,0,0,0,0,0,0,0,0,0,0,0,0,0,0,0,0,0,0,0,0,0,0,0,0,0,0,0,0,0,0,0,0,0,0,0,0,0,0,0,0,0,0,0,0,0,0,0,0.442996017815165,0,0,0.143722250598238,0,0,0.337010172493251,0,0,0,0,0,0,0,0,0,0,0,0,0,0,0,0,0,0,0,0,0,0,0,0,0,0
0,0,0,0,-0.545603918178556,0,0,0,0,-0.00407296956539094,0,0,0,0,0,0,0,0,0,0.0970326622736026,-0.221202324795496,0,0,0,0,0,0,0.570962249561955,0,1.7206931636354,0,0,0,0,0,0,0,0,0,0,0,0,0,0.383464897924771,0,0,0,0,0,0,0,0,0,0,0,0,0,0,0,0,0,0,0,0,0.418332847268047,0,0,0,0,0,0.563714838152177,0,0,0,0,0,0,0,0,0,0.224077507370659,0,0,0,0,0,0,0,0,-0.0562936630776236,0,0,0,0,0.0620074077835269,0,0,-0.24952756629069,0,-0.769982019705438,0,0,0.333654640152499,0,0,-0.0431878933406409,0,-1.11626950736553,0.462799152860725,-0.900311326985884,0,0,0,0,0,0,0,0,0,0,0,-1.24604469868824,0,0,0,-0.443307940397144,0,0,0,0,0,-2.44931285996716,-0.583337454524362,0,0,0,0.182363156961848,0,0,0,0,0,0,0.992734027462643,0,0,0,0,0,0,0,0,0,0,0,0.354509864675426,0,0,0,0,-0.221924248036749,0,0.251028697973335,0,0,0,0,0,0,0,0,0,-0.430798889226038,-1.08025853300689,0,0,0,0,0,1.63902009061251,0,0,0,0.910472941453755,0,0,0,0,0,0,0,0,0,0,0,0.26555785344283,0,0,0,0
0,0,0,0,-0.0084652988541416,0,-1.43419308366908,0,0,0,0,0,0,0.587953738106801,0,0,0,-0.345682640171276,0,0,0,0,0,0,0,-1.39633293130079,0,0,0,0,0,0,0,0.0771010917464992,0,0,0,0,0,0,0,0,0,0,0,0,-0.94273718743338,0,0,0,0,0,0,0,0,0,0,0,0,0,0,0,1.02723592619701,0,0.0607902932274089,0,0,0,0,0,-0.109594605787205,0,0,0,0,0,0,0,0,0,0,0.323843171761774,0,0,0,0,0,0,0,0,0,0,0,0,0,0,0,0,0,0,0,0,0,0,0,0,0,0,0,0,0,0,0,0,0,0,0,0,0,0,0,0,0,0,0,0,0,0,0,0,0,0,0,0,0,0,0,0,0,0,0,0,0,0,0,0,0,-0.385540554824674,0,0,0,0,0,0,0,0,0,0,0,0,0,0,0,0,0,0,0,0,0,0,0,0,0,-0.412900446579911,0,-1.13820629912788,0,0,0,0,0,0,0,0,0,0,0,0.154243135431953,0,0,0,0,0,0,0,0,0,0.695715993442012,0,0
0,0,0,0,0,0,0,0,-0.247207633632207,-0.724040877052647,0.338894232613699,0.150359373154849,0,0,0,0,0,0,0,0,0,0,1.57621277856297,0,0,0,0,0,0,0,0,0,0,-0.389255138486569,0,0.210724823917772,0,0,0,0,0,-0.403829288163075,0,0,0,-0.0270231100243716,-0.508941677644754,0,0,-0.371810257441288,0,0,0,0,0,0.183676548533782,-0.339095144443283,0,0,0,0,0,0,0,0,0,0,0.0544025671334085,0,0,0,0,0,0,0,0,0,0,0,0.115931233197411,0.282883244401136,0,0.691917569945909,0,0,0,0.390500687955748,0,0,0.927471250702919,0,0,0,0,0,0,0,0,-0.402811443086746,0,0,0,0.0728651828176516,0,-0.195747563142554,0,0,0,0.652964560420691,0,0,0,0,0,0.367428145299758,-0.167938867790441,0,0,-0.40495417376249,0,-1.24661958793014,0,0,0,0,0.0592527071053406,-0.339918953755878,0,0,-0.375089010257839,0.740896549028239,0,0,0,0,0,0,0,0,0.532727511316013,0,-0.851733211902957,0,0,0,0,0,0,0,-0.263704232013756,0,0,0,0,0,0,-0.320050683838917,0,0,0,0,0,0,0,0,0,0,-0.242435954702085,0,0,0,0,0,0,0,0,0,0,0,0,0,-0.29744968874082,0,0,0,0,0,0,0,0.293186981949859,0,0,0,0,0.701657461228796,0,0,0,0,-0.333849159381244
0,0,0,0,0,0,0,0,0,0,0.195329346412139,0,0,0,0,0,0,0,0,0,0,0,0,0,0,0,0,0,-0.738343114127357,0,0,0,0,0,0,0,0,0,0,0,0,0,0,0,0,0,0,0,0,0,0,0,0,0,0,0,0,0,0,0,0,0,0,0,0,0,0,0,0,0,0,0,0,0,0,0,0,0,0,0.413327644377854,0,0,0,0,0,0,0,0,-0.364180688023526,0.423793318357047,0,0.0579257692028647,0,0,0,0,0,0,0,0,0,0,0.700742971586283,0,0,0,0,0,0,0,0,0,0,0,0,0,0,0,0,0,0,0,0,0,0,0,0,0,0,0,0,0,0,0,0,0,0,0,0,0,0,-0.00613470896491441,0,0,0,0,0,0,0,0,0,0,-0.484574070628294,0,0,0,0,0,0,0,0,0,0,0,0,0,0,-0.517503221781944,0,0,0,0,0,0,0,0,0,0,0,0,0,0,0,0,0,0,0,0,0,0,0,0,0,0,0,0,0,0,0.457179906044745,0
1.50382821801285,0,1.5357428540528,0,0,0,0,-0.479139759015998,0,0,-0.112766938554852,0,2.18698853508383,0,0,0.132768388964469,0,0,0,0,0,0,0,0,0,0,0,-0.636528074348165,0,0.647514528379885,0,0,0,0,0,0,0,0,0,0,0,0,0,0,0,0,0,0,0,0,0,0,0,0,0,0,0,-1.68810733228843,0.233902333433215,0,0,0,0,0,0,0,0,0,0,0,0,0.114014613811684,0,0,0,0,0,0,0.152696617013765,-0.38737328486558,0,0,0,-0.163204974634314,0,0,0,-0.0139952502408371,0,0,2.06255747719801,0,0,0,0,0,0,0,0.712571096461661,0,-0.336480099858519,0,0,0,0,2.03384997109813,0,0,0,0,0,1.34495805849711,0,0,0,0,0,0,0,0,0,0,0,0,0,0,0,0,0,-0.0877632999852769,0,-0.763899713970696,0,0,0,0,0,0,-0.0518732379332325,0,0,-10.5393741619156,0,0,0,0,0,0,0,0,0,0,0,0,0,0,0,0,-0.0506058880788933,0,0,0,0,-0.245655947640794,0,0,-0.385466743734853,0,0,0,0.0711604466547888,0,0,0,0,0,0,0,0,0.384448364376826,-1.21821293549052,-0.281414529465215,0,-1.81165040969742,0,0,0,0,0,0,0,0,0,0,0,0,0,3.40374640634427,0,0
0,0,0,0,0,0,0,0,0,0,0,0,0.176572712790623,0,0,0,0.432973283963582,0,0,0,0,0,0,0,0,0,0,0,0,0,0,0,0,0,0,0,0,0,0,0,0,0,0,0,0,0,0,0,0,0,0,0,0,0,0,0,0,-0.395074107466225,0,0,0,0,0,0,0,0,0,0,0,0,0,0,0,0,0,0,0,0,0,0,0,0,0,0,0,0,0,0,0,0,0,0,0,0,0,0,0,0,0,0,0,0,0,0,0,0,0,0,0,0,0,0,0,0,0,0,0,0,0,0,0,0,0,0,0,0,0,0,0,0,0,0,0,0,0,0,0,0,0,0,0,-10.7461082848836,0,0,0,0,0,0,0,0,0,0,0,0,0,0,0,0,0,0,0,0,0,0,0,0,0,0,0,0,0,0,0,0,0,0,0,0,0,0,0,0,0,0,0.305401393540624,0,0,0,0,0,0,0,0,0,0,0,0,0.373775164595651,0,0
0,0,0,0,-0.290688033903527,0,0,0,0,0,0,0,0,0,0,0,0.304927291853853,0,0,0,0,0,0,0,0,0,0,0,0,0,0,0,0,0,0,0,0,0,0,0,0,0,0,0,0,0,0,0,0,0,0,0,0,0,0,0,0,0,0,0,0,0,0,0,0,0,0,0,0,0,0,0,0,0,0,0,0,0,0,0,0,0.696654799291814,0,0,0,0,-1.89122005363551,0,0,0,0,0,0,0,0,0,0,0,0,0,0,0,0,0,0,0,0,0,0,0,0,0,0,0,0,0,0,0,0,0,0,0,0,0,0,0,0,0,0,0,0,0,0,0,0,0,0,0,0,0,0,-10.7300276407949,0,0,0,0,0,0,0,-0.0673218894652641,0,0,0,0,0,0,0,0,0,0,0,0,0,-0.237313498852962,0,0,0,0,0,0,0,0,0,0,0,0,0,0,0,0,0,0,0,0,0,0,0,0,0,0,0,0,0,0,0,0,0,0,0,0
0,0,0,0,0,0,0,0,0,0,0,0,0,0,0,0,0.486853267342905,0,0,0,0,0,0,0,0,0,0,0,0,0,0,0,0,0,0,0,0,0,0,0,0,0,0,0,0,0.401139598529109,0,0,0,0,0,0,0,0,0,0,-0.0820621029545998,0.113427629166625,0,0,0,0,0,0,0,0,0,0,0,0,0,0,0,0,0,0,0,0,0,0,0,0,0,0,0,0,-7.21867306534056,0.178520637414255,0,0,0,0,0,0,0,0,0,0,0,0,0.219575476025211,0,0,0,0,0,0,0,0,0,0,0.00030999019200828,0,0,0,0,0,0,0,0,0,0,0,0,0,0,-0.623016182088709,0,0,0,0,0,0,0,0,0,0,0,0,0.408751915111127,0,-12.0676121590393,0,0,0,0,0,0,0,0,0,0,0,0,0,0,0,0,0,0.0717889771822424,0,0,0,0,0,0,0,0,0,0,0,0,0,0,0,0,0,0,0,0,0,0,0,0,0.742384563838963,0,0,0.465876336341528,0,0.444365565032707,0,0,0,0,0,0,0,0,0,0
0,0,0,0,0,0,0,0,0,0,0,0,0,0,0,0,0.186780235741081,0,0,0,0,0,0,0,0,0,0,0,0,0,0,0,0,0,0,0,0,0,0,0,0,0,0,0,0,0,0,0,0,0,0,0,0,0,0,0,0,0,0,0,0,0,0,0,0,0,0,0,0,0,0,0,0,0,0,0,0,0,0,0,0,0,0,0,0,0,-3.19194956929483,0,0,0,0,0,0,0,0,0,0,0,0,0,0,0,0,0,0,0,0,0,0,0,0,0,0,0,0,0,0,0,0,0,0,0,0,0,0,0,0,0,0,0,0,0,0,0,0,0,0,0,0,0,-0.256648269559299,-11.2919407830639,0,0,0,0,0,0,0,-0.309929111729791,0,0,0,0,0,0,0,0,0,0.460014469920873,0,0,0,0,0,0,0,0,0,0,0,0,0,0,0,0,0,0,0,0,0,0,0,0,0,0,0,0,0,0,0,0,0,0,0,0,0,0,0,0
0,0,0,0,-0.138892334204589,0,0,0,0,0,0,0,0,0,0,0,0.625613561759994,0,0,0,0,0,0,0,0,0,0,0,0,0,0,0,0,0,0,0,0,0,0,0,0,0,0,0,0,0,0,0,0,0,0,0,0,0,0,0,0,0,0,0,0,0,0,0,0,0,0,0,0,0,0,0,0,0,0,0,0,0,0,0,0,0,0,0,0,0,-2.28597569491475,0,0,0,0,0,0,0,0,0,0,0,0,0,0,0,0,0,0,0,0,0,0,0,0,0,0,0,0,-0.0667193215480637,0,0,0,0,0.132837442045242,0,0,0,0,0,0,0,0,0,0,0,0,0,0,0,0,0,0,0,0,-10.8756677248232,0,0,0,0,0,0,0,0,0,0,0,0,0,0,0,0,0,0,0,0,0,0,0,0,0,0,0,0,0,0,0,0,0,0,0,0,0,0,0,0,0,0,0,0,0,-0.14377679031386,0,0,0,0,0,0,0,0,0,0,0,0
0,0,-0.0358211503639352,0,0,0,0,0,0,0,0,0,0,0,0,0,0.966871382527366,0,0,0,0,0.120779635648329,0,0,0,0,0,0,0,0,0,0,0,0,0,0,0,0,0,0,0,0,0,0,0,0,0,0,0,0,0,0,0,0,0,0,0,0,0,0,0,0,0,0,0,0,0,0,0,0,0,0,0,0,0,0,0,0,0,0,0,0,0,0,0,0,-0.534853035694678,0,0,0,0,0,0,0,0,0,0,0,0,0,0,0,0,0,0,0,0,0,0,0,0,0,0,0,0,-0.124291979126971,0,0,0,0,0,0,0,0,0,0,0,0,0,0,0,0,0,0,0,0,0,0,0,0,0,-10.2921080539139,0,0,0,0,0,0,0,0,0,0,0,0,0,0,0,0,0,0,0,0,0,0,0,0,0,0,0,0,0,0,0,0,0,0,0,0,0,0,0,0,0,0,0,0,0,0,0,0,0,0,0,0,0,0,0,0,0,0
0,0,0,0,0,0,0,0,0,0,0,0,0,0,0,0,0.304747742485873,0,0,0,0,0,0,0,0,0,0.0509226927399853,0,0,0,0,0,0,0,0,0,0,0,0,0,0,0,0,0,0,0,0,0,0,0,0,0,0,0,0,0,0,0,0,0,0,0,0,0,0,0,0,0,0,0,0,0,0,0,-0.304226906666144,0,0,0,0,0,0,0,0,0,0,0,0,0,0,0,0,0,0,0,0,0,0,0,0,0,0,0,0,0,0,0,0,0,0,0,0,0,0,-0.202875935406196,0,0,0,0,0,0,0,0,-0.190272224257127,0,0,0,0,0,0,0,0,0,0,0,0,0,0,0,0,0,0,-7.25746265520634,0,0,0,0,0,0,0,0,0,0,0,0,0,0,0,0,0,0,0,0,0,-0.000912017273176691,0,0,0,0,0,0,0,0,0,0,0,0,0,0,0,0,0,0,0,0,0,0,0,0,0,0,0,0,0,0,0,0,0,0,0,0
0,0,0,0,0,0,0,0,0,0,0,0,0,0,0,0,0,0,0,0,0,0,0,0,0.564047665938398,0,0.279138397126397,0,0,-0.318372995505284,0,0,0,0,0,0,0,0,0,0,0,0,0,0,0,0,0,0,0,0,0,0,0,0,0,0,0,0,0,0,0,0,0,0,0,0,0,0,0,0,0,0,0,0,-0.427678015704502,0,0,0,0,0,0,0,0,0,0,0,-0.371674766124328,0,0,0,0,0,0,0,0,0,0,0,0,0,0,0,0,0,0,0,0,0,0,0,0,0,0,-0.592243561194762,0,-0.542685563830984,0,0,0,0,0,0,-0.843004167817158,0,0,0,0,0,0,0,0,0,0,0,0,0,0,0,0,0,0,-4.64045114711688,0,0,0,0,0,0,0,0,0,0,0,0,0,0,0,0,0,0,0,0,0,-0.191765807796763,0,0,0,0,0,0,0,0,0,0,0,0,0,0,0,0,0,0,0,0,0,0,0,0,0,0,0,0,0,0,0,0,0,0,0,0
0,0,0,0,0,0,0,0,0,0,0,0,0,0,0,0,0,0,0,0,0,0,0,0,0.513885169303823,0,0.183062909666548,0,0,-0.446355726189614,0,0,0,0,0,-0.287170635018231,0,0,0,0,0,0,0,0,0,0,0,0,0,0,0,0,0,0,0,0,0,0,0,0,0,0,0,0,0,-0.0690708500477688,0,0,0,0,0,0,0,0,-0.610498631464127,0,0,0,-0.174413807548619,0,0.346165183471395,0,0,0,0,0,0,0,0,0,0,-0.161177396363078,0,0,0,0,0,0,0,0,0,0,0,0,0,0,0,0,0,0,0,0,0,-0.803389582471409,0,-0.0539560723396799,0,0,0,0,0,0,-1.11227119170157,0,0,0,0,0,0,0,0,0,-0.048805684376755,0,0,0,0,0,0,0,0,-3.35740803064568,0,0,0,0,0,-0.196502160414343,0,0,0,0,0,0,0,0.0275780170626858,0,0,0,0,0,0,0,0,0,0,0,0,0,-0.173442271042831,0,0,0,0,0,0,0,0,0,0,0,0,0,0.269108210568733,0,0,0,0,0,0,0,0,0,0,0,0,0,-0.0122879833174911,0,0
0,0,0,0,0,0.038345619000917,0,0,0,0,0,0,0,0,0,0,0,0,0,0,0,0,0,0,0,0,0,0,0,-0.58564156296665,0,0,0,0,0,-0.0774634819136899,0,0,0,0,0,0,0,0,0,0,0,0,0,0,0,0,0,0,0,0,0,0,0,0,0,0,0,0,0,0,0,0,0,0,0,0,0,0,-0.923348472081906,0,0,0,0,0,0,0,0.060724218522167,0,0,0,0,0,0,0,0,0,0,0,0.249077009806438,0,0,0,0,0,0,0,0,0,0,0,0,0,0,0,0,0,0,-1.08860247851045,0,0,0,0,0,0,0,0,-1.41321391540762,0,0,0,0,0,0,0,0,0,-0.275769509814962,0,0,0,0,0,0,0,0,-3.34916863906861,0,0,0,0,0,0,0,0,0,0,0,0,0,0,0,0,0,-0.0854292562113359,0,0,0,0,0,0,0,0,0,-0.177462148134923,0,0,0,0,0,0,0,0,0,0,0,-0.547893740556926,0,0,0,0,0,0,0,0,0,0,0,0,0,0,0,0,0,0
0,0.0346895950748691,0,0,0,0,0,0,0,0,0,0,-0.924453382088068,0,0,0,-0.243950810244427,-0.209603534939795,0,0,0,0,0,0,0,0,0.400373347873444,0,0,0,0,0,0,0,0,0,0,0,0,0,0,0,-1.84838253824559,0,0,0.218272820275375,0,0,1.25055501388803,0,-0.0938215314029465,0,0,0.57508980730905,0,0.882076240997438,0,0,0,0.191604780174943,0,0,0.976217536619111,0,0,0,-0.588302034887145,0,0,0,0,0,0,-0.225831739883366,0,0,0,0,0,0,0,0,0.711891097827555,0,0,0,0,-1.12333829671374,0,0,0,0,0,0.98614893717306,28.0481224039559,1.02167862222121,0.606705967890499,0,0,0,-0.0701143163120814,0,0,0,0,0,0,0,1.05453889799216,0,0,-3.17925331016365,-3.52687318854629,-9.04423496783231,0,0,0,0,0,-1.10221087078635,0,0,0,0,0,0,0,0,0,0,0,0,0,0,0,0,0,0,0,0,0,-5.15798831329926,0.08103347686872,-0.143337276254001,-1.95878848865868,0,0,0,-2.57390351014612,0,0,0,0,-0.102719817956557,0,0,0,0.885207628970319,0,0,-2.30305344565653,0,0,0,0,0,0,0,-0.122597887716687,-0.669515824107281,0,1.18209011469938,0.966192396330465,0.00201712891519157,0,0,0,0,0,-6.82474773581386,0,0,0,0,-0.311246061972146,0,0.777402234758904,0,0,-1.22243006568467,0,0,0,0,0,0,-0.841416101025728,0,0,0
0,0,0,0,0,0,0,0,-0.214123242979031,0,0,0,0,0,0,0,0,0,0,0,0,0,0,0,0,0,0,0,0,-1.63712831376622,0,0,0,0,0,0,0,0,0,0,0,-0.255657607179208,0,0,-0.0409927575923728,0,0,0,0,-0.114051714840681,0,0,0,0,0,0,0,0,0,0,0,0.408300228334922,0.727143744201313,0,0,0,0,0,0,0,0,0,0,0,-1.00006672940465,0,0,0,0.793101105982723,0,0,0,0,0,0,0,0,0,0,0,0,-0.349618420012703,0,0,1.69851718512735,0,0,0,0,0,0,0,0,0,0,0,0,0,0,0,0,0,0,0,0,0,0,0,0,0,0.0578979967542466,0,-2.13272959124511,0,0,0,0,0,0,0,0,0,-0.404857487639276,0,0,0,0,0,0,0,-0.176825338566596,-2.81455379077016,0,0,0,0,0,0,0,0,0,0,0,-0.31043951725775,0,0,0,0,0,0,0,0,0,0,0,0,0,0,0,-0.97496251382392,0,0,0,0,0,0,0,0,0,-0.685704944186158,0,0,0,0,0,0,0,0,0,0,0,0,0,0,0,0,0,0,0,0
0,0,0,0,0,0,0,0,-0.0286098659150262,-1.27567277082443,0,0,0,0,0,0,0,-0.676062655549597,-0.0267145405303266,0,0,0,0,0,0,0,0,0,0,0.208305829675932,0,0,0,0,0,0,0,0,0,0,0,0,0.848187948023255,-0.178019749528248,0,0,0,0,0,0,0,1.73146063268647,0,0,0,0,0,0,0,0.259018894917464,0,0,0,0,0,-0.159712154138225,0,0,0,0,0,0,0,0,-1.544915275669,-0.564738980377726,0,0,0,0,0,0.31065704365819,0,-0.613959479472713,0,-0.578265130771246,0,0,0.482240944299663,0,0,0,0,0,0,0,0,0,0,0,0.48940281592735,0.205373911795977,1.27747576715575,-0.580613902538653,0.695874788277232,0,0,0,0,-0.0314865661073025,0,-1.85314109916133,0,0,0,0,0,0,-0.792151139898088,0,1.2016684430032,0,0,0,0,0,0,0,0,0,0,0,0,0,0,0,-0.313755002058226,0,0,0.402728780769341,0,0,0,0,0,0,0,0,0,0,0,0,0,0,0,0,0,0,0,0,0.671654973598324,0,0,0.230848779215757,0,0,0,0,0,0,0,1.12675171985757,0,0,0,0,0,-1.87720196820626,0,-0.0262531343217161,0,0.207851563621814,0,0,0,0,0,-0.188655390489754,0,0,-0.0579482545594885,0,-1.33539943917679,0,-0.409097046770611,-1.82781177304258,-0.861491818658197,-2.37829831305017,0,0
0,0,-0.0121885042020398,0,-0.219268475545462,0,0,0,0.595321793356466,0,0,0,0,0,-0.369896191924949,0,0,0.714077344189035,-1.16370145672203,0,0,0,0,0,0,0.0277036382308136,0,0,0,0,0,0,0,0,0,0,0.114432086769656,0,0,0,0,-0.65832987516224,0,0,0,0,0,0,0,0,0,0,0,-0.319469691883365,0,0,0,0.064610599326725,0,0,-0.611259872304053,-0.369285945403964,0,0,0,0,0,0,0,0,0,-2.35379428279276,0,0,0,-0.483615471021513,0,0,0.260547525051848,0,0,0,0,0,0,0,0,0,0,0,0,0,0,0,0,0,0,0.079253771649926,0,-0.286807753940306,0.267233041897307,-0.0781698489439071,0,0,0,-2.46728795789459,0,0,0,0.396346874184753,0,0,0,0,0,0,0,0,0,0,0,0,1.17272942333306,0,0,0,0,0,0.330504702767269,0,0.159670827309112,0,-0.770232807041706,0,0.371437786915108,0.473370180840034,0,0.410763007686891,0,0,0,0,0,0,0,0,0,0,0,0,0,0,0,0,0,0,0,0,0,0,0.255820251580622,0,-0.491734946834798,0,0,0.211259056872031,0,0,0.0967974711020234,0,0,0,0,0,0,0,0,0,-0.00404638828794579,0.6891330747755,0,-0.702400166473186,0,0.4845268039045,0,0,0,0,0,0,0,0,0,0,0,0,0,0,0,0
0,0,0,0,0,0,0,0,0,0,0,0,0,0,0,0,0,0,0,0,0,0,0,0,0,0,0,0,0,0,0,0,0,0,0,0,0,0,0,0,0,0,0,0,0,0,0,0,0,0,-1.01680058072651,0,0,0,0,0,0,0,0,0,0,0,0,0,0,-0.535513030790302,0,0,0,0,0,0,0,0,0,-0.366761162172683,0,0,0,0.67754801838264,0,0,0,0,0,0,-0.239966943090582,0,0,0,0,0,0,0,0,0,0,0,0,0,0,0,0,0,0,-1.59332110147225,0,0,0,0,0,0,0,0,0,0,0,0,0,0,0,0,0,0,0,0,0,0,0,0,0,0,0,0,0,0,0,0,0,0,0,0,0,0,0,0,0,0,0,0,0,0,0,0,0,0,0,0,0,0,0,0,0,0,0,0,0,0,0,0,0,0,0,0,0,0,0,0.523105134583595,0,0,0,0,0,-0.133460397229667,0,0,0,0.502486729538447,0,-0.191336975005548,0,0,0,0,0,0,0,0,0,0
0,0,0,0,0,0,0,0,0,-0.747736855059397,0,0,0,0,0,0,0,0,0,0.199895244428226,0,0,0,0,0,0,0,0.0141330986010477,0,0,0.646922756570954,0,0,0,0,0,0,0,0,0,-0.240431397498426,0,0,0,0,0,0,0,0,0,0,-2.41930976672024,0,0,0,0,0,0,0,0,0,0,0,0,0,0.0803468583573896,0,0,0,0,0,0,0,0,0,0,0,0,1.36027654391241,0,0,0,0,0,0,-0.200568367877254,0,0.0406231091878846,0,0,0,0,0,0,0,0,0,0,0,0,0,0,0,-0.952388177862495,0,0,0,0,0,0,0,0,0,0,0,0,0.172005233751417,0.284795676249227,0,0,0,0,0,0,0,0,0,0,0,0,0,0,0,0,0,0,0,0,0,0,0,0,0,0,0,0,0,0,0,0,0,0,0,0,0.0151110746886172,0,0,0,0,0,0,0,0,-0.382291632400292,0,0,0,0,0,0,0,0,0,-0.0320744565620099,0,0,0,0,0,0,0,0,0,0,0,0,0,0,0,0,0,0,0,0,0,0,0,0,0,0
0,0,0,0,0,0,0,0,-0.48359610319359,0,0,0,0,0,0,0,0,0,0,0,0,0,0,-0.0626069584849742,0,0,0,0,0,0,0,0,0,0,0,0,0,0,0,0,0,0,0,0,0,0,0,0,0,0,0,0,0,0,0,0.386572795287362,0,0,0,0,0,0,0,0.0646609525958477,0,0,0,0,0,0,0,0,0,0,0,0,0,0,0.724171016885261,0,0,0,0,0,0,0,0,0,0,0,0,0,0,0,0,0,0,0,0,0,0,0,0,-0.125776485783812,0,0,0,0,0,0,0,0,0,0.398078902080494,0,0,0,0,0,0,0,0,0,0,0,0,0,0,0,0.142124922732727,0,0,0,0,0,0,0,0,0,0,0,0,0,0,0,0,0,0,0,0,0,0,0,0,0,0,0,0,0,0,-1.03197619374199,0,0,0,0,0,0,0,0,0,0,0,0,0,0,0,0,0,0,0,0,0,0,0,0,0,0,0,0,0,0,0,0,0,0.783358739940451,0.0808203558863085,0,-0.189094064227892,0,0
0,0,0.390800073152018,0,0,0,0,0,-0.193669770156045,0,0,0,0,0,0,0,0,0,0,0,0,0,0,0,0,0,0,0,0,0,0,0,0,0,0,0,0,0,0,0,0,0,0,0,0,0,0,0,0,0,0,0,0,0,0,0,0,0,0,0,0,0,0,0,0,0,0,0,0,0,0,0,0,0,0,0,0,0,0,0,0,0,0,-0.304022103798151,-0.223559053362047,0,0,0,0,0,0,0,0,0,0,0,0,0,0,0,0,0,0,0,0,0,0,0,0,0,0,0,0,0,0,0,0,0,0,0,0,0,0,0,0,0,0,0,0,0,0,0,0,0,0,0,0,0,0,0,-0.15480512835737,0,0,0,0,0,0,0,0,0,0,0,0,0,0,0,0,0,0,0,-1.00872588413175,0,0,0,0,0,0,0,0,0,0,0,0,0,0,0,0,0,0,0,0,0,0,0,0,0,0,0,0,0,0,0,0,0,0,0,0,0,0,-0.107041377333471
0,0,0,0,0,0,0,0,0,0.235850026901815,0,0,0,0,0,0,0,-0.079787724361126,0,0,0,0,0,0,0,0,0,0,0,0,0,0,0,0,0,0,0,0,0,0,0,0,0,0,0,0,0,0,0,0,0,0,0,0,0,0,0,0,0,0,0,0,0,0,0,0,0,0,0,0,0,0,0,0,0,0,0,0,1.12304669765656,0,0,0,0,0,0,0,0,0,0,0,0,0,0,0,0,0,0,0,0,0,0,0,0,0,0,0,0,0.093273700670897,0,0,0,0,0,0,0.175249148423964,0,0,0,0,0,0,0,-0.166904081187959,0,0,0,0,0,0,0,-1.39820153851928,0,0,0,0,0,0,0,0,0,0,0,0,0,0,-0.214272312003318,0,0,0,0,0,0,0,0,0,0,0,0,0,0.314933796253424,0,0,0,0,0,0,0,0,0,0,0,0,0,0,0,0,0,0,0,0,0,0,0,0,0,0,0,0,0,0,0,0,0,0,0,0,0,0,0,0
0,0,2.46481453015795,0,0,0,0,-0.976381981304754,-0.0203257909994041,0,0,0,-0.647010372725692,0,0,0,0,0,0,-0.432175823151818,0,0,0,0,0,0,0,0,0,0,0,0,0,0,0,0,-4.41818808094666,0,0,0,-0.0531193479801519,0,0,0,0,0,0,0,0,0,0,-0.266567447765414,0,0,-2.3801837967847,-0.54023219859355,0,0,0,0,0.138519191889533,0.653738069805019,0,1.48180087829368,0,0,0,0,0,0,0,0.705550103697243,0.773749802759057,0,0,0,0,0,0,0,0,0.398336093245408,0,0,0,0,0,0,0.480175866523908,0.0613856205263146,0,0,0,0,-0.0435685495403504,0.829345406368565,0,0,0,0,0,0.721500727583291,0,0,0,0,0,0,0.285213136931573,0,0,-0.19082943440125,0,0,0,0,0,0,0,0,0,0,0,0,0,0,-0.192035755833903,0,-1.02530880548277,0,0.160397723385064,0,0,0,0,0,0.840453357425135,0,0,0,0,0,0,0,0,-0.285174051775201,0,0,0,0,0,0,0,0,0.663660114256383,0,0,0,0,0,0,0,0,0,0,0,0,0,0,0,0,0,0,1.21906739550652,0,0,-0.931052932526724,0,0,-0.42129543889956,-0.163976744079787,0,0.197290709830816,0,0,-0.231675060140625,0,0.00534994005120804,0,0.671897320185287,0,0,0,0.192398498737235,-0.728365188823454,0,-0.321104950167287,0,0,0
0,0,2.48674868810575,0,0,0,0,-0.207571866263361,0,-0.282993521143293,0,0,-0.597490008831786,0,0,0,0,0,0,-0.599955201185061,0,0,0,0,0,0,0,0,0,0,0,0,0,0,0,0,-3.16131331093656,0,0,0,0,0,0,0,0,-0.390708643111136,0,0,0,0,0,0,0,0,-2.72335913798869,-0.478213120361907,0,0,0.0572954305762488,0,0,0.860435185772685,0,0.494782762695046,0,0,0,0,0,0,0,0.32335038794768,0.382263893739096,0,0,0,0,0,0,0,-0.096671387094122,0,0,0,0,0,-0.00908011048642487,0,0,0,0,0,0,0,0,0.425688378116632,0,0,0,0,0,0.541133104505447,0,0,0,0,0,0,0,0,0,0,0,0,0,0,0,0.237543457974092,0,0,-0.172988262221189,0,0,0,0,0,0,0,-0.787862552863096,0,0,0,0,0,0,0,0.16495288264329,0,0,0,0,0,0,0,0,0,0,0,0,0.750067395606554,0,0,0.603374372225465,0,0,0,0,0,0,0,0,0,0,0,0,0,0,0,0,0,0,0,0,0.194163447962846,0,0,-0.548410679737391,0,0,0,0,0,0.316823460197827,0,0,0,0,0.465528190107945,0,0,0,0,0,0.40856733300953,0,0,0,0,0,0
0,0,0,0,-0.478421749164726,0,0,-0.462455474991203,2.26759827923015,-0.00786877367464478,0,0,0,0,0,0,0.313072897637853,-0.917569284826682,0,-2.21132935883605,0,0,0,-0.196313042585332,0,0,0,0,0,0,0,0,0,0,0,0,0,0,0,0,0,0,0,0,0,0,0,0,0,0,0,-3.05420281192198,0,0,0,0,1.47656909963057,0,0,0,0,1.77467862485815,-0.169282546005622,0,0,0,0,0,0,-0.467584571100925,0,0.427313256704917,-0.0256609036819619,0,0,0,0,0,0,0,0,0.263674496956384,0,0,0,0,0,0,0,0,0,-0.246090201474833,0,0,0,0,0,0,0,0,0.751671427614406,0.0980454589462287,0,0,0,0.201203773600598,0,0.546519422592027,0,0,0,0.41372497829807,0,0.213883496215385,0,0,2.67265634849799,0.45822204151267,0,0,0,0,1.50264795534621,0,0,0,0,0,0,-0.620383671810026,0,0,0,0,0,-0.427255842459992,0,0,0,0,0,0,0,0,0,0,0,0,-1.19324790846713,-0.123312384299904,0.094495483763547,0,0,0,-0.58723282837252,0,0,0,0,0,0,0,0,0,0,0,0,0,-0.414957892068669,0,0,0,0.0332301057520912,0,0,0,0,-0.0743253805732245,0,-1.91930622524396,0,0,0,-0.923976823622909,0,0,0,0,0,0,0,0.177461465110131,0,0,0,0,-0.0248554577433588,0,0,0
0,0,0,0,0,0,0,0,0,0,0,0,0,0,0,0,0,-0.135648001718019,0,0.0355697567827495,0,0,0,0,0,0,0,0,0,0,0,0,0,0,0,0.167885143178261,0,0,0,0,0,0,-0.256360223939722,0,0,-0.135062393897609,0,0,0,0,0,0,0,0,0,0,0,0.315040280846169,0,0,0,0,0,0,0.0222769088950439,0,0,0,0,0,0,0,0,0,0,0,0,0,-0.47505654780345,0,0,0,0,-0.282908310251164,0,0,0,0,0,0,0,0,0,0,0,0,0,0,0,0.587647682362167,0,0,0,0,0,0,-1.05885393312191,0,0,0,0,0,0,0,0,0,0,0,0,0,0,0,0,0,0,0,0,0,0,0,0,0,0,0,0,0,0,0,0,0,0,0,0,0,0,0,0,0,0,0,0,0,0,0,0,0,0,0,0,0,0,0,0,0,0,0,-1.93009830968618,0,0,0,0,0,0,0,0,0,0,0,0,0,0,0,0,0,0,0,0,0.94987606824601,0,0,0,0,0,0,0,0,0,0,0,0
0,0,0,0,0,0,0,0,0,0,0,0,0,0,0,0,0,0,0,0,0,0,0,0,0,0,-0.156440560639342,0,0,0,0,0,0,0,0,0,0,0,0,0,0,0,0,0,0,0,0,0,0,0,0,0,0,0,0,0,0,0.323556787452407,0,0,0,0,0,0,0,0,0,0,0,0,0,0,0,0,0,0,0,0,0,0,0,0,0,0,-0.230707706713549,0,0,-0.169234191293698,0,0,0,0,0,0,0,0,0,0,0,0.374360578838669,0,0,0,-0.0849304388080248,0,0,0,0,0,0,0,0,0,0,0,0,0,0,0,0,0,0,0,0,0,0,0,0,0,0,0,0,0,0,0,0,0,0,0,0,0,0,0,0,0,0,0,0,0,0,0,0,0,0,0,0,0,0,0,0,0,0,0,0,0,0,-2.18679838366884,0,0,0,0,0,0,0,0,0,0,0,0,0,0,0,0,0,0,0,0,0.92932906844545,0,0,0,0,0,0,0,0,0,0,0,0
0,0,0,0,-0.236221605867551,0,0,0,0,0,0,0,-0.655105483470699,0,0,0,0,-0.636596284463782,0,0,0,0,0,0,0,0,0,0.973511785138574,0,0,0,0,0,0,0,0,-0.934907438748089,0,0,0,-0.888010000120955,0,0,0,0,0,0,0,0,0,0,0,0,0,0,0,0,-0.772502661837623,0,0,0,-0.593326469932006,0,0,0,0,0,0,0,0,0,0,0,0,0,0,0,0,0,0,0,0,0,0.192923470270151,-1.21951356300466,0,-0.0367516256559945,0,0,0,0,0,0,0,0,0,0,0,0,0.755282893304587,0,0,0,-0.0238432329921234,0,0,0,0,0,0,0,0.308092405337426,0,0,0,0,0,0,0,-0.0591179009554623,0,0,0,0,0,0,0,0,0,0,0,0,0,0,-0.809262425633118,0,0,0,0,0,0,0,0,0,0,0.209960512322024,0,0,0,0,0,0,0,0,0.121422577715795,0,0,0,0,0.781084374339976,0,0,0,0,0,-1.83179770875777,-1.01241549143024,0,0,0,0,0,0,0,0,0,0,0,0,0,0,0,0,0,-0.563097272815473,0,0,0.218908505555362,0,0,0,0,0.432266861412147,0,0.63521266908188,0,0,0,0,0
0,0,0,0,0,0.23611095429889,0,0,-0.228832394612008,0,1.38803155073847,0,0,0,0,0,0,0,0,0,0,0,0,0,0,0,0,0,0.982127225919066,0,0.064522427105046,0,0,0,0,0.0088915208459337,0,0,0,0,0,0,0,0,0,0,0,0,0,0,0,0,0,0,0,0,0,0,0,0,0,0,0,0,0,0,0,0,0,0,0,0,0,0,0,0,0,0,0,0,0,0,0,0,0,0,0,-0.271604688671173,0,0,0,0,0,0,-0.165974779963197,0,0,0,-0.457420053334985,0,0,0.489266312437343,0,0,0,0,0,0,0,0,0,0,0,-0.661057965286266,0,0,0,0,0,-0.283359408241156,0,0,0,0,0,0,0,0,0,0,0,0,0,0,0,0,0,0,0,0,0,0,0,0,0,5.40588396866352,0,0,0,0,0,0,0,0,0,0,0,0,0,0,0.115485168207941,0,0,0,0,0,0,0,1.73678063673513,0,0,0,0,0,0,0,0,-0.0492365280764946,0,0,0,0,0,0,0,0.112524852240615,0,0.174956420534512,0,0,0,0,0,0,0,0,-0.0561122806885817,0,0,0
0,0,0,0,0,0,0,0,-0.0747718845020684,0,0,0,0,0,0,0,0,0,0,0,0,0,0,0,0,0,0,0,0,0,0,0,0,0,0,0,0,0,0,0,0,0,0,0,0,0,0,0,0,0,0,0,0,0,0,0,0,0,0,0,0,-0.0163194783684792,0,0,0,0,0,0,0,0,0,0,0,0,0,0,0,0,-1.42526062257789,0,0,0,0,0,-0.281704455249936,0,0,0.544160061336406,0,1.04871855594953,0,0,0.345618988808703,0,0,0,0,0,0,0,0,0,0.829107257732045,0,0,0,0,0,0,0,0,0,0,0,0.167659044923288,0,0,0,0,0,0,0,-0.429582796334125,0,0,0,0,0,0,0,0,-0.0267381892421312,0,0,0,0,0,0,0,0,0,0,0,0,0,0,0,0,0,0,0,0,0,0,0,0,0,0,0,0.443598376624871,0,0,0,0,0,0,-1.86227125786213,0,0,0,0,0,0,0,0,0,0,-0.679292049850919,0,-1.12445331936486,0,0,0,0,0,0.211052177628003,0,0,0,0,0,0,0,0,0.0233657801632492,0,0,0,0,0
0,0,0,0,0,0,0,0,0,0,0,0,0,0,0,0,0,0,0,0,0,0,0,0,0,0,0,0,0,0,0,0,0,0,0,0,0,0,0,0,0,0,0,0,0,0,0,0,0,0,0,0,0,0,0,0,0,0,0,0,0,0,0,0,0,0,0,0,0,0,0,0,0,0,0,0,0,0,0,0,0,0,0,0,0,0,0,0,0,0,0,0,0,0,0,0,0,0,0,0,0,0,0,0,0,-0.449736579653001,0,0,0,0,0,0,0,0,0,-0.0352714236947613,0,0,0,0,0,0,0,0,0,0,0,0,0,0,0,0,0,0,0,0,0,0,0,0,0,0,0,0,0,0,0,0,0,0,0,0,0,0,0,0.327022602339356,0,0,0,0.646156061950742,0,0,0,0,0,0,-1.27698504370656,0,0,0,0,0,0,0,0,0,0,0,0,0,0,0,0,0,0,0,0,0,0,0,0,0,0,0,0,0,0,0,0,0
0,0,0,0,0,0,0,0,0,0,0,0,0,0,0,0,0,0,0,0,0,0,0,0,0.825985295157355,0,0,0,0,0,0,0,-0.250083334569615,0,0,-0.704385135917528,-0.126301443029556,-0.674117210933316,0,0,-0.0886505337001704,0,0,0,0,0,0,0,0,0,0,0,0,0,0,0,0.115608043514575,0,0,0,0,0,0,0,0,0,0,0,0,0,0,0,0,0,0,0,0,0,0,0,0,0,0,0,0,0,0,0,0,0,0,0,0.167367159320403,0,0,0,0,0,0,0,0,0,1.14346181100753,0,0,0,0,0,0.289939133033923,0,0,0,0,0,0,0.0291528693470584,0,0,0,0,0,0,0,0,0,0,0,0,0,0.07624034634645,0,0,0,0,0,0,0,0,0,0,0,0,0,-0.985884691704594,0,0,0,-0.447407357286582,0,0,0,0,0,0,0,0,0,0,0.280277095219931,0,0,0,0,0,0,0,0,0,0,0,0,0,0,0,0,0,0,0,0,0,0,0,0,0,0,0,0.712691577570709,0,0,0,0,0,0,-0.518213102491379,0,0,0,0,0,0
0,0,0.139298193399488,0,-0.611593114890717,0,0,0,0,1.03550528697565,0,0,0,0,0,0,0,0,0,0,0,0,0,0,1.30712142044355,0,0,0,0.237549902470309,0,-0.0830456134213848,0,0,0,0,-0.686637522794979,0,0,0,0,0,0,0,0,0,0,0,0,0,0,0,0,0,0.361568027210208,0,0,0,0,0,0,0,-0.00449115066148176,0,0,0,0,0,0,0,0,0,0,0,0,0,0,0,-0.70575119491988,0,0,0,0,0.74391269945852,0,0,0,0,0,0,1.27793397217837,0,0.215017618582148,0.474383714605503,0,0,0,0,0,0,0,0,0.536277165618482,0.282490422701851,0,0,0,0,-0.985416891764172,0,0.503361321356533,0,-0.276392778924483,-0.0369176469305785,-0.307302349052174,0,0.160367745376802,0,0,0,0,0,0.0473448458061385,-1.24492061476373,0,0,0,0.00856750810153906,0,0,0,0.121327409380873,0,0,0,0,-0.992366680266912,-0.822585755405609,0,0,0.0620305759211306,0,0,0,0,0,0,0,0,0,0,0,0,0,0,0,0.34493934376165,0,-0.77330082333425,0,0,0,0,0,-0.636806037997069,0,0,0,0,0,0,-0.346163761856242,0,0,0.48208379613107,0,0,-0.44518140917179,0,0,0,0,0,0,0,0,0,0,0,0,0,0,2.79016085578482,0,0,0,0,0,0,0,0
0,0,0.193454022239681,0,0,0,0,-0.0953585152056338,0,0.689798054512239,0,0,0,0,0,0,0,0,0,0,0,0,0,0,0.88555724149793,0,0.213236150614159,0,0,0,0,0,0,0,0,0,0,0,0,0,0,0,0,0,0,0,0,0,0,0,0,0,0,0.349521446439716,0,0,0,0,0,0,0,0,0,0,0,-0.351628876970904,0,0,0,0,0,0,0,0,0,0,0,0,0,0,0,0,0.0929656005317547,0,0,0,0,0,0,1.42365253234801,0,0,0,0,0,0,0,0,0,-0.110036219321845,0,0.347635843512042,0,0,0,0,0,0,0,0,0,0,0,0,0,0,0,0.0603110429675111,0,0,0,0,-1.2734332485191,0,0,0,0,0,0,0,0,0,0,0,0,-1.5865025508861,-0.572367616327649,0,0,0,0,0,0,0,0,0,0,-0.128401259153364,0,0,0,0,0,0,0,0,0,-0.453870268427337,0,0,0,0,0,0,0,0,0,0,0,0,0,0,0,0,0,0,0,0,0,0,0,0,0,0,0,0,0,0,0,0,0,3.82808975002456,0,0,0,0,0,0,0,0
0,0,0,0,0,0,0,-1.00716838985016,0,0.122718116295051,0,0,0,0,0,0,0,0,0,0,0,0,0,0,0.948998899671973,0,0,0,0,-0.284748192514796,0,0,0,0,0,0,0,0,0,0,0,0,0,0,0,0,0,0,0,0,0,0,0,0,0,0,0,0,0,0,0,0,0,0,0,0,0,0,0,0,0,0,0,0,0,0,0,0,0.243329427020249,0,0,0,0.205071605140146,0.221208039334745,0,0,0,0,0,1.6188553804369,0,0,0,0,0,0,0,0,0,-0.327207862889634,0,0.481351378182737,0,0,0,0,0,0,0,0,0,0,0,0,0,0,0,0.0223961524081342,0,0,0,0,-0.983125484324521,0,0,0,0,0,0,0,0,0,-0.799513721480322,0,0,-1.27672524353581,-0.866090299725012,0,0,0,0,0,0,0,0,0,0,0,0,0,0,-0.262292443866974,0,0,0,0.34443715498016,0,-0.757768212972133,0,0,0,0,0,-0.00638710462512337,0,0,0,0,0,0,-0.148153549391572,0,0,0,0,0.102311741653399,0,0,0,0,0,0,0,0,0,0,0,0,0,0,0,4.15339957851763,0,0,0,0,0,0,0,0
0,0,0.802908174304197,0,0,-0.0256887999358653,0,-0.490548158676453,-0.311925880887942,0.423309677499445,0,0,0,0,0,0,0,-0.645963598289761,0,0,0,0,0,0,0,0,-0.398362513179249,0,0,0,-0.207841953500814,0,0,0,0,0,0,0,0,0,0,0,0,0,0,0,0,0,0,0,0,0,0,0,0,0,0,0,0,0,0,0,0,-0.0212255909749091,0,0,-0.13632157232959,0,0,0,0,0,0,0,0,0,0,0,-0.208645077387943,0,-0.18727252038572,0,1.16299697347893,0.108447570501147,0,0,0,0,1.09930689085908,0.847876107771662,0,0,0.394289620410366,0,0,0,0,0,0,0,0,1.06575011118456,0.686983107439973,0,0,0.362396366135292,0,-0.206690057882841,0,0,0,-0.303212335170235,-0.368665627657999,0,-0.00127217281308756,0,0,0,0,0,0,0,-1.21692474728002,0,0,0,0,-0.329939249149266,0,0,0,-0.572416985921683,-0.981715544991117,0,-0.717667988295061,-0.974808662340902,0,0,0,0,0,0,0,0,0,0,0,0,0,0,0,0,0,0,0,0,0,-0.665299614214303,0,0,0,0,0,-0.392548762141041,0,0,-1.31285873912198,-0.156672728105923,0,0,-0.677980385543733,0,0,0,0,0.181112212404437,0,-0.413893019796805,0,-0.531472288773078,0,0,0,0,0,0,0,0,0,0,0,4.03971972549187,0,0,0,0,0,0,0,0
0,0,0,0,0.829611624950095,0,0,-0.153930835121082,0,0,0,0,-0.905646640039792,0,0,0,0,0,0,0,0.940518863984565,0,0,0,0,0,0,0,0,-4.23593747832438,0,0,0,0,0,0,0,0,0,0,-0.144892999697334,0,0,0,0,-0.159060298400808,0,0,0,0,0,0,0,0,0,0,0,0,0,0,0,0,-0.0116397607571628,0.546636890798582,0,0,0,0,0,0,0.0992288662527181,0,0,0,0.424793981973761,0,0,0,0,0,0,0,0,0,0,0,0,0,0,0,0,0,0,0,0,0,0,0,0,0,0,2.714081008345,0.188694094192777,0,-0.023317026604843,0,0,0,0,0,0,-0.186910703887136,-2.733926316625,0,0,0,0,0.302760232031643,0,0,0,0,0.240560367363768,-0.143985318004798,0,0,0,0,0,0,0,-0.257527523161394,0,0,0,0,0,0,0,0,0,0,0,0,0,0,0,0,0,0,0,0,1.23084060162485,0,-0.110589909438317,0,0,-3.38640763285342,0,0.826338924431941,0,0,0,0,0,0,-0.368670265121125,0,0,0,-2.00202158334653,0,0,0.501553640322606,0,0,-1.20501784984948,0,0,-0.791307112782403,0,1.8320695851041,0,1.12635405145575,0,0,0,0,0,0,0,0,0,0,-0.479247855421276,0,0.1264108204616,0,0,0
0,0,0.461067396499332,0,0,0,0,-0.0265821281109095,0,0.598955740993209,0,0,0,0,0,0,0,0,0,0,0,0,0,0,1.15495687152907,0,0.384558187342434,0,0,0,0,0,0,0,0,0,-0.608502951125269,0.409969712378148,0,0,0,0,0,0,0,0.44059635903579,0,0,0,0,0,-0.308559021934329,0,0,0,0.246808306724152,0,0,0,0,0,0,0,0,0,0,0,0,-0.0992896951924385,0,0,0,0,0,0,0,0,0,0,0,-1.30088087552602,0,0,0,0,0,0,0,0,0,0,0,0,0,0,-0.00868703282071071,0,0,0,0,0,0,0,0,0,-0.31882953999513,0,0,0,0,0,0,0,0,0,0,0,-2.42449430167556,0,0,0,0,0,0,0,0,0,0,0,0,0,0.372757997017802,0.142674530410262,0,0,0,0,0,0,0,0,0,0,0,0,0,0,0,0,0,0,0,0,0,0,0,0,0,0,0,0,0,0,0,0,0,0,0,0,0,0,0,0,0,0,-0.664470690744378,0,0,0,0,0,0.0273471697582632,0,0,0,0,0,0.142142546233313,0,-0.00072580265772193,0,0,0,0,0,0,0,0,0,0
0,0,0,0,0,0,0,0,0,0.287737340610142,0,0,0,0,0,0,0,0,0,0,0,0,0,0,0,0,0,0,0,0,0,0,0,0,0,0,0,0,0,0,0,0,0,0,0,0,0,0,0,0,0,0,0,0.297423112194219,0,0,0,0,0,0,0,0,0,0,0,0,0,0,-9.40442942864579,0,0,0,0,0,0,0,0,0,0,-0.0354087987093412,0,0,0,0,0,0.621626668776522,0,0,0,0,0,0,0,0,0,0,0,0,0,0,0,0,0,0,0,0,0,0,0,0,0,0,0,0,0,0,0,0,0,0,0,0,0,0,0,0,0,0,0,0,0,0,0,0,0,0,0,0,0,0,0,0,0,0,0,0,0,0,0,0.13720243294666,0,0,0,0,0,0,0,0,0,0,0,0,0,0,0,0,0,0,0,0,0,0,0,0,0,0,0,0,0,0,0,0,0,0,0,0,0,0,0,0,0,0.443130833529827,0,0,-0.261625444273499,0,0,0,0,0
0,0,0,0,0,0,0,0,0,0,0,0,0,0,0,0,0,0,0,0,0,0,0,0,0.626903615454263,0,0,0,0,0,0,0,0,0,0,0,0,0.712475461929024,0,0,0,0,0,0,0,0,0,0,0,0,0,0,0,0,0,0,0,0,0,0,0,0,0,0,0,0.318192341997719,0,0,-9.88204198631949,0,0,0,0,0,0,0,0,0,1.13930587701535,0,0,0,0,0,-0.262671448959178,0,0,0,0,0.216781307914219,0,0,0,0,0,0,0,0,0,0,0,0,0,0,0,0,0,0,0,0,0,0,0,0,0,0,0,-0.683153983600319,0,0,0.85592477278433,0,0,0,0,0,0,0,0,0,0,0,0,0,0,0,0,0,0,0,0,0,0,0,0,0,0,0,0,0,0,0,0,0,0,0,0,0,0,0,0,0,0,0,0,0,0,0,0,0,0,0,0,0,0,0,0,0,0,0,0,0,0,0,0,0,0,0,0,0,0,0.111975011766413,0.0509137783744236,0.115269266493139,0,-1.10282408978946,0,0,0,0
0,0,0,0,0,0,0,0,0,0,0,0,0,0,0,0,0,0,0,0,0,0,0,0,0,0,0,-0.0640279483217041,0,0,0.573250208816519,0,0,0,0,0,0,0,0,0,0,0,0,0,0,0,0,0,0,0,0,0,0,0,0,0,0,0,0,0,0,0,0,0,0,0,0,0,0,0,0,0,0,0,0,0,0,0,0,-0.139890728635228,0,0,0,0,0,0.168617480233954,0,0,0,0,0,0,0,0,0,0,0,0,0,0,0,0,0,-0.43601619705307,0,0,0,0,0,0,0,-0.0413751213512392,0,0,0,0,0,0,0,0,0,0,-0.102902524645403,0,0,0,0,0,0,0,0,0,0,0,0,0,0,0,0,0,0,0,0,0,0,0,0,0,0,0.989885181086369,0,0,0,0,0,0,0,0,0,0,0,0,0,-0.409561870075115,0,0,0,0,0,0,0,0,0,0,0,0,0,0,0,0.0436021728760201,0,0.425856124023477,0,0,0,0,0,0.100087498305929,0,0,0,0,0,0,0,0,0,0,0,0
0,0,0,0,0,0,0,0,0,0,0,0,0,0,0,0,0,0,0,0,0,0,0,0,0,0,0,0,0,0,0.232322764640242,0,0,0,0,0,0,0,0,0,0,0,0,0,0,0,0,0,0,0,0,0,0,0,0,0,0,0,0,0,0,0,0,0.439030016453295,0,-0.0472132144629311,0,0,0,0,0,0,0,0,0,0,0,0,0,0,0,0,0,0,0,0,0,0,0,0,0,0,0,0,0,0,0,0,0,0,0,0,0,-0.0404279943247603,0,0,0,0,0,0,0,0,0,0,0,0,0,0,0,0,0,0,0,0,0,0,0.825349931824905,0,0,0,0,0,0,0,0,0,-0.516061358079384,0,0,0,0,0,0,-0.134289112840364,0,0,0,0,0,0.153308164997485,0,0,0,0,0,0,0,0,0,0,0,0,0,0,0,0,0,0,0,0,0,0,0,0,0,0,0,0,0,0,0,0.210709210403418,0,0,0,0,0,0.199952576683016,0,0,0,0,0,0,0.0313773631927765,0,0,0,0,0
0,0,0,0,0,0,0,0,0,0,0,0,0,0,0,0,0,0,0,0,0,0,0,0,0,0,0,0,0,0,0,0,0,0,0,0,0,0,0,0,0,0,0,0,0,0,0,0,0,0,0,0,0,0,0,0,0,-0.123597442236408,0,0,0,0,0,0,0,0,0,0,0,0,0,0,0,0,0,0,0,0,0,0,0,0,0,0,0,0,0,0,0,0,0,0.0640247673207235,0,0,0,0,0,0,0,0,0,0,0,0,0,0,0,0,0,0,0,0,0,0,0,0,0,0,0,0,0,0,0,0,0,0,0,0,0,0,0,0,0,0,0,0,0,0,0,0,0,0,0,0,0,0,0,0,0,0,0,0,0,0,0,0,0,0,0,0,-0.657382158027313,0,0,0,0,0,0,0,0,0,0,0,0,0,0,0,0,0,0,0,0,0,0,0,0,0,0,0.952823511288029,0,0,0,0,0,0,0,0,0,0,0,0
0,0,0,0,0,-0.236471275011561,0,0,0,0,0,0,0,0,0,0,0,0,0,0,0,0,0,0,0,0,0,0,0,0,0,0,0,0,0,0,0,0,0,0,0,0,0,0,0,0,0,0,0,0,0,0,0,0,0,0,0,0,0,-0.2312317489768,0,0,0,0,0,-0.259882268875801,0,0,0,0,0,0,0,0,-0.0829218309749671,0,0,0,0,0,-0.29657066308698,0,-0.0204612176658059,0,0,0,-3.21751213491627,0,0,0,0,0,0,0,0,0,0,0,0,0,0,0,0,0,0,-0.71135610997413,0,0,0,0,0,0,0,0,-0.319466936540577,0,0,0,0,0,0,0,0,0,0,0,-1.35251727015014,0,0,0,0,0,-0.531201644996017,0,0,0,0,0,0,0,0,0,0,0,0,0,0,0,0,0,-0.304972329127508,0,0,0,0,-1.08563587228379,0,0,0,0,0,0.129516729790108,0,0,0,0,0,0,0,0,0,0,0,0,0,0,0,0,0,0,0,0,0,0,0,0,0,0,0,0,0,0,0,0,0,0,0,0,0,0
0,0,0,0,0,0,0,0,0,0,0,0,0,0,0,0,0,0,0,-0.209532084804048,0,0,0,0,0,0,0,0,0,0,0,0,0,0,0,0,0,0,0,0,0,0,0,0,0,0,0,0,0,0,0,0,0,0,0,0,0,-0.21484156376897,0,0,0,0,0,0,0,0,0,0,0,0,0,0,0,0,0,0,0,0,0.0241632657219386,0,0,0,0,0,0,0,-5.16429550627714,0,0,0,0,0,0,0,0.0630514413741543,0,0,0,0,0,0,0,0,0,0,-0.876949012658339,0,0,0,0,0,0,0,0,0,0,0,0,0,0,0,0,0,0,0,0,0.345705215235993,0,0,0,0,0,0,0,0,0,-0.46602991967773,0,0,0,0,0,0,0,0,0,0,0,0,0,-0.468301198788439,0,0,0,0,0,0,0,0,0,0,0,0,0,0,0,0,0,0,0,0,0,0,0,0,0,0,0.781878350720854,0,0,0,0,0,0,0,0,0,0,0,0,0,0,0,0,0,0,0,0,0,0
0,0,0,0,0,0,0,0,0,0,0,0,0,0,0,0,0,0,0,0,0,0,0,0,0,0,0,0,0,0,0,0,0,0,0,0,0,0,0,0,0,0,0,0,0,0,0,0,0,0,0,0,0,0,0,0,0,0,0,0,0,0,0,0,0,0,0,0,0,0,0,0,0,0,0,0,0,0,-0.0858532048946701,0,0,0,0,0,0,0,-0.866038418008877,0,0,0,0,0,0,0,0,0,0,0,0,0,0,0,0,0,0,0,0,0,0,0,0,0,0,0,0,0,0,0,0,0,0,0,0,0,0,0,0,0,0,0,0,0,0,0,0,0,0,0,0,0,0,0,0,0,0,0,0,0,0,0,0,0,0,0,0,0,0,0,0,0,0,0,0,0,0,0,0,0,0,0,0,0,0,0,0,0,0,0,0,0,0,0,0,0,0,0,0,0,0,0,0,0,0,0,0.251715203017978,0,0,0,0,0
0,0,0,0,0,0,0,0,0,0,0,0,0,0,0,0,0,0,0,0,0,0,0,0,0,0,0,0,0,0,0,0,0,0,0,0,0,0,0,0,0,0,0,0,0,0,0,0,0,0,0,0,0,0,0,0,0,0,0,0,0,0,0,0,0,0,0,0,0,0,0,0,0,0,0,0,0,0,0,0,0,0,0,0,0,0,0,0,0,0,0,0,0,0,0,0,0,0,0,0,0,0,0,0,0,0,0,0,0,0,0,0,0,0,0,0,0,0,0,0,0,0,0,0,0,0,0,0,0,0,0.186561613076689,0,0,0,0,0,0,0,0,0,0,0,0,0,0,0,0,0,0,0,0,0,0,0,0,0,0,0,0,0,0,0,0,0,0,0,0,0,0,0,0,0,0,0,0,0,0,0,0,0,0,0,0,0,0,0,0,0,0,0,0,0,0,0,0,0,0,0,0,0
0,0,0,0,0,0,0,0,0,0,0,0,0,0,0,0,0,0,0,0,0,0,0,0,0,0,0,0,0,0,0,0,0,0,0,0,0,0,0,0,0,0,0,0,0,0,0,0,0,0,0,0,0,0,0,0,0,0,0,0,0,0,0,0,0,0,0,0,0,0,0,0,0,0,0,0,0,0,0,0,0,0,0,0,0,0,0,0,0,0,0,0,0,0,0,0,0,0,0,0,0,0,0,0,0,0,0,0,0,0,0,0,0,0,0,0,0,-1.10464853726178,0,0,0,0,0,0,0,0,0,0,0,0,0,0,0,0,0,0,0,0,0,0,0,0,0,0,0,0,0,0,0,0,0,0,0,0,0,0,0,0,0,0,0,0,0,0,0,0,0,0,0.16491986733041,0,0,0,0,0,0,0,0,0,0,0,0,0,0,0,0,0,0,0,0,0,0,0,0,0,0,0,0,0,0,0
0,0,-0.23476072644924,0,0,0,0.247970646517838,0,0,0,1.30788980267072,0,-0.365208399558345,0,0,0,0,0,0,0,0,0,0,0,0,0,0,0,0,0,0,0,0,0,0,0,0,0,0,0,0,0,0,-0.643171078654224,0,0,-0.189217671546165,0,0,0,0,0,0,0,0,0.157649663738467,-0.463721619549058,0,0,0,0,0,0,0,0.387604718223116,0.248127279188735,-0.256495295964777,0,0,0,0,0,0,0,0,0,0,0,0.688851856293228,0,0,0,0,0.105890427254381,0,-0.0659602043685847,0,0,0,0,0.0455816777353557,0,0,0,0.941942039618871,0,0,0,0,0,0,0.119920011056011,-0.820837859545704,-1.23375516974248,0,-0.214052961445693,0,0,0,0,0,0,0,0,0,0,0,-1.06942877243351,0,-0.0144001519574117,0,0,0,0,0,0.183807589331809,-0.235415021841035,0,0,0.293004211127476,0.857593230722717,0,0,0,0,0,-0.560974062670128,0,0,0,0,0,0,-1.97811078610028,0,0,0,0,0,0,0,0,0,0,0,0,0,0,0,0,0,0,0,0,0,0,0,0,-0.397464722738572,0.603306922740601,0,0,0,0.429511353775611,0,0,0,0,0,0,-0.0505817705316407,0,0,0,0.520336233939137,0,0,0,0,-0.185292454858552,0,0,0,0,0.900586061105203,0,0,0,0,0
0,-0.258454161611366,1.15853566728586,0,-0.328601113032164,0,0,0,2.30691742313654,0,0,-0.372169145773042,0,0,0,0,0,0,0,0,0,0,0,0,-1.87853757565165,0,0,0,0,0,0,0,0,-0.170003349184817,0,0.271479874782087,0,0,0,0,0,0,0,-0.301100515341405,0,0,0,0,0,0,0,0,0,0,0,0,0.743256120615476,0,0,0,0,-1.75753379052871,-1.24644207676071,0,0,0,0,0,0,0.273351517986604,0,0,0,0,0,0,-0.0622359474619527,0,0,0,0,0,0,0,0,0,-0.412291108320498,0,0,0.871086845991467,0.128433181182515,-3.81681038654484,0,0,0,0,0,-0.746892796918566,-0.55940279255263,0.364182662147823,0,0,0,0,-6.79368740076595,0,0,0,0,0,0,0,0,-1.13922307748362,0.282951179099452,0,0.0103608180821824,-0.417251722243566,0,0,0,0,0,0,0,0,1.3409446322156,0,0.289460594194101,-0.20574210932099,0,0,0.682401553429158,0,0,0.733417787880713,0,0,0,1.28275852717033,0,0,0,0,0,0,0,0,0,0,0,0,0,0,0.0854336636476662,0,0,0,0,0,0,-1.18562911278159,0,0,0,0,0,0.248257143276555,0,0,0,0,0,0,0,0,0.30285628916581,0,0,0.772733245185343,-0.52741834979789,0,0,0.0777188169206391,-0.281667516198855,0.346851151935527,0,0,0,-0.153648970976326,0,0,0,0,-0.267688114189487,0,0,0,0,-0.456150929188824
0,0,0,0,-0.377476606425238,0,0,0,0,0,0,0,0,0,0,0,0,0,0,0,0,0,0,0,0,0,0,0,0,0,0.80746020303882,0,0.0344900124750025,0,0,0,0,0,0,0,0,0,0,0,0,0,0,0,0,0,0,0,0,0,0,0,0,0,0,0,0,0,0,0,0,-0.178620401646769,0,0,0,0,0,0.058988437739788,0,0,0,0,0,0,0,0,0,0,0.540185336204793,0,0,0,0,0,0,0,0,-0.908513602293958,0,0,0,0,0,0,0,0,0,0,0,0,-1.59004851533992,0,0,0,0,0,0,0,0,0,0,0,0,0,0,0,0,0,0,0,0,0,0,0,0,0,0,0,0,0,0,0,0,0,0,0,0,0,0,0,0,0,0,0,0,0,0,0,0,0,0,0,0,0,0,0,0,0,0,0,0,0,0,0,0,0,0,0,0,0,0,0,0,0,0,0,0,0,0,0,-0.00765394898932059,0,0,0,0,0,0,0,0,0,0,0,0,0,0,0
0,0,0,0,0,0,0,0,0,0,0,0,0,0,0.257868388193318,0,0,-0.3389303716343,0,0,0,0,0,0,-0.181409719199874,0,2.80448197302682,0,0,0,0,0,0,0,0,0,0,0,0,0,0,0,0,0,-0.606898546920366,0.733059481197919,0,0,0,0,0,0,0,-0.0632898799630892,0,0,0,0,0,-0.214177905763833,0,-0.329210247856663,0,0,0,0,0,0,0,0,0,0,0,0,0.0522941820920932,0,0,0,0,0,0,0,0,-0.38356076887053,-0.718725002434871,0.93814863223877,0,0,0,0,0,1.39502196698803,0,0,0,0,0,0,0,0,0,0,0,0,0,0,0,0,0,0,0,0.354729791984602,0,-0.0353293737461735,0,0,0,0,0.0566068228207657,0,0,0,0,0,0,0,0,0,0,0,0.341287915456787,0,-0.0764814095505117,0,0,0.120107124787581,-0.665906336263373,0.963897210000142,0,0,0,0,0,0,0,0,0,0,0,0.485534128104562,0,0,0,0.529339986857214,0,0,0,0,0,0,-0.220205092764029,0,0,0,0,0,0,0,0,0,0,0,0,0,0,0,-0.384236956245422,0.341017752810123,0.34201186512746,0,0,0,0,0,0,0,0,0.642676296747389,0,0,0,0,0,0,0,0,-0.386623775967242,0.636959469104822,0,0.512643594369485
0,0,0,0,0,0,0,0,0,0,0,0,0,0,0,0,0,-0.0482467822437287,0,0,0,0,0,0,0,0,2.17139251970036,0,0,0,0,0,0,0,0,0,0,0,0,0,0,0,0,0,0,0,0,0,0,0,0,0,0,0,0,0,0,0,0,-1.04206676412747,0,-0.575753949374858,0,0,0,-1.25669359223517,0,0,0,0,0,0,0,0,0,0,0,0,0,0,0,0,0,0,-1.22394286998496,0,0,0.0794317052448943,0,0,0,0.314926026887082,0,0,0,0,0,0,0,0,0,0,0,0,0,0,0,0,0,0,0,0,0,0,0,0,0,0,0,0,0,0,0,0,0,0,0,0,0,0,0,0,-0.382028492007445,0,0,0,-1.16212795410568,1.02022940974351,0,0,0,0,0,0,0,0,0,0,0,0,0,0,0,0,0,0,0,0,0,0,0,0,0,0,0,0,0,0,0,0,0,0,0,0,0,0,0,0.253188626410388,0,0,0,0,0,0,0,0,0,-0.206503426027912,0,0,-0.0333955677124047,0,0,0,0,0,-1.43181257377632,0,0,0
0,0,0,0,0,0,0,0,-0.392467623756067,0,0,0,0,0,0,0,0,0,0,0,0,0,0,0,0,0,1.91913235322361,0,0,0,0,0,0,0,0,0,0,0,0,0,0,0,0,0,0,0,0,0,0,0,0,0,0,0,0,0,0,0,0,0,0,-0.201440819847682,0,0,0,-0.0127562944692314,0,0,0,0,0,0,0,0,0,0,0,0,0,0,0,0,0,0,-0.226568119015261,0,0,0.395569118441033,0,0,0,0,0,0,0,0,0,0,0,0,0,0,0,0,0,0,0,0,0,0,0,0,0,0,0,0,0,0,0,0,0,0,0,0,0,0,0,0,0,0,0,0,0,0,0,0,0,0,0,0,0,0,0,0,0,0,0,0,0,0,0,0,0,0,0,0,0,0,0,0,0,0,0,0,0,0,0,0,0,0,0,0,0,0,0,0,0,0,0,0.0414841517204629,0,0,0,0,0,0,0,0,0,0,0,0,0,0,0,0,-0.41626337811605,0,0,0
0,0,0,0,0,0,0,0,0,0,0,0,0,0,0,0,0,0,0,0,-0.288043997068931,0,0,0,0,0,0.619055264395527,0,0,0,0,0,0,0,0,0,0,0,0,0,0,0,0,0,0,0,0,0,0,0,0,0,0,0,0,0,0,0,0,0,0,-0.184419783921504,0,0,0,0,0,0,0,0,0,0,0,0,0,0,0,0,0,0,0,0,0,0,0,0,0,0,0,0,0,0,0,0,0,0,0,0,0,0,0,0,0,0,0,0,0,0,0,0,0,0,0,0,0,0,0,0,0,0,0,0,0,0,0,0,0,0,0,0,0.540503393923696,0,0,0,0,0,0,0,0,0,-0.0212080246064008,0,0,0,0,0,0,0,0,0,0,0,0,0,0,0,0,0,0,0,0,0,0,0,0,0,0,0,0,0,0,0,0,0,0,0,0,0,0,0,0,0,0,0,0,0,0,0,0,0,0,0,0,0,0,0,0,0,0,0
0,0,0,0,0,0,0,0,-0.0965568228135072,0,0,0,0,0,0,0,0,0,0,0,-0.112626261299175,-0.211965677104627,0,0,0,0,0,0,0,0,0,0,0,0,0,0,0,0,0,0,0,0,0,0,0,0,0,0,0,0,0,0,0,0,0,0,0,0,0,0,0,-0.234022899335347,0,0,0,0,0,0,0,0,0,0,0,0,0,0,0,0,0,0,0,0,0,0,0,0,0,0,0,0,0,0,0,0,0,0,0,0,0,0,0,0,0,0,0,-0.136784251051129,0,0,0,0,0,0,0,0,0,0,0,0,0,0,0,0,0,0,0,0,0,0,0,0,0.846891773444515,0,0,0,0,0,0,0,0,0,0,0,0,0.0447288305693294,0,0,0,0,0,0,0,0,0,0,0,0,0,0,0,0.0693343187313735,0,0,0,0,0,0,0,0,0,0.353061777319147,0,0,0,0,0,0,0,0,0,0,0,0,0,0,0,0,0,-0.291035353364351,0,0,0,0,0,0,-0.144603854819052,0,0,0,0,0
0,0,0,0,0,0,0,0,-0.10535916946065,0,0,0,0,0,0,0,0,0,0,0,0,0,0,0,0,0,0,0,0,0,0,0,0,0,0,0,0,0,0,0,0,0,0,0,0,0,0,0,0,0,0,0,0,0,0,0,0,0,0,0,0,-0.138805188937778,0,0.0538833859510455,0,0,0,0,0,0,0,0,0,0,-0.0652807994442985,0,0,0,0,0,0,0,0,0,-0.637930811635779,0,0,0,0,0,0,0,0,0,0,0,0,0,0,0,0,0,0,0,0,0,0,0,0,0,0,0,0,0,0,0,0,0,0,0,0,0,0,0,0,0,0,0,0,0,0,0,0,0,0,0,0,0,0,0.349776299659405,0,0,0,0,0,0,0,0,0,0,0,0,0,0,0,0,0,0,0,0.175434461925255,0,0,0,0,0,0,0,0,0,0,0,0,0,0,0,0,0,0,0,0,0,0,0,0,0,0,0,0,0,0,0,0,0,0,0,0,0,0,0,0
0,0,0,0,0,0,0,0,0,0,0,0,0,0,0,0,0,0,0,0,0,0,0,0,0,0,0,0,0,0,0.0358528565692535,0,0,0,0,0,0,0.0818949639479214,0,0,0,0,0,0,0,0,0,0,0,0,0,0,0,0,0,0,0,-0.130704385542932,0,0,0,0,0,0,-0.361643498951912,0,0,0,0,0,0,0,0,0,0,0,0,0,0,0,0,0,0,0,0,0.0348802483285375,0,0.139333814224856,0,0,0,0,0,0,0,0,0,0,0,0,0,0,0,0,0,0,0,0,0,0,0,0,0,0,0,0,0,0,0,0,0.130801913034633,0,0,0,0,0,0,0,0,0,0,0,0,0,0,0,0,0,0,0,0,0,0,0,0,0,0,0,0,0,0,0,0,0,0,0,0,0,0,0,0,0,0,0,0,0,0,0,0.611583263312157,0,0,0,0,0,0,0,0,0.380182403564066,0,0,0,0,0,0,-0.480661570186774,0,0,0,0,0,0,0,0,0,0,0,0,0,0,0
0,0,0,0,0,0,0,0,0,0,0,0,0,0,0,0,0,0,0,0,0,0,0,0,0,0,0,0,0,0,0,0,0,0,0,0,0,0,0,0,0,0,0,0,0,0,0,0,0,0,0,0,0,-0.00790387775307178,0,0,0,0,0,0,0,0,0,0,0,0,0,0,0,0,0,0,0,0,0,0,0,0.486169509977326,0.157949818106414,0,0,0,0,0,0,0,0,0,0,0,0,0,0,0,0,0,0,0,0,0,0,0,0,0,0,0,0,0,0,0,0,0,0,0,0,0,0,0,0,0,0,0,0,0,0,0,0,0,0,0,0,0,0,0,0,0,0,0,0,0,0,0,0,0,0,0,0,0,0,0,0,0,0,0,0,0,0,0,0,0,0,0,0,0,0,0,0,0,-0.28991915667491,0,0,0,0,0,0,0,0,0,0,0,0,0,0,0,0,0,0,0,0,0,0,0,0,0,0,-1.35256475924419,0,0,0,0
0,0,0,0,0,0,0,0,-0.218948225873032,0,0,0,-0.369674072765875,0,0,0,0,0,0,0,0,0,0,0,0,0,0,0,-1.08599851204696,0,0,0,0,-0.954751888974813,0,0,0,0.563461666680576,0,0.425744397067929,0,0,0,0,0,0,-0.297643522625533,0,0,0,0,0,0,0,0,0,0,0,0,0,0,0,0,0.0881098378845373,0,0,0,0,0,0,0,0,0,0,0,0,0,0.925522063772665,0,0,0,0,0,0,0,0,0,0.045923442417525,0,0,0,0,0,0,0,0,0,0,0,0,0,0.641664314599412,0,0,0,0,0,0,0,0.474477522086024,0,0,0,0,0,0,0,0,0,0,-0.79285014600694,-1.41729527824736,0,0,0,0,0,0,0,0,0,0,0,0,0,0,0,0,0,0,0,0,0,0,0,0,0,-0.114158462439955,0,0,0,0,0,0.272844058784341,0,0,0,0,0,-0.310855238360089,0.1046179666078,0,0,0,0,0,0,0,0.853379730731012,0,0,0,0,1.35193557148906,0,0.51296495135818,0,0,0,0,0,0,0,0,0,0,0,0,0,0,0,0,0,0,0,0,0,0,0,0
0,0,0,0,0,0,0.0944126971126522,0,0,0,0,0,0,0,0,0,0,0,0,0,-0.191588912410059,0,0,0,0,-1.81156489862109,0,-0.00774588578846669,0.194490383801194,0,0,0,0,-0.61417720084672,0,0,0,-0.375534243820226,0,0,0,0,0,-1.13052294384094,0,0,0.263077130858393,0,0,0,0,0,-1.40792580797917,0,0,0,0,0,0,0,0,1.28720112651153,0,0,0,0,0,0,0,0,0,0,0,0,0,0,0,0.206907730171675,0,0,-0.124864948946977,0,0,0,0,-0.779967447789831,0,0,0,0,0,0,0,0,0,0.140396359255654,0,0.245225202344402,0,0,0,0,0,0,0,0,0,0,0,0,0,-0.0247105715106499,0,0,0,0,0,0,0,-0.523481043804687,0.606049080811157,0.753888816486895,0,0,0,0,-0.45669188473449,0,0,0,0.345097003130133,0,0,0,1.97740240798601,0,0,0,0,0,0,0,0,0,0,0,0,0,0,0,0.131362255119073,0,0,0,-0.719003660342032,0,0,0,0,0,0,0,0,0,0,0,0,0,0,0.0203066864951162,0,0,0,0,0,-2.57069361449585,-0.524089231096798,0,0,0,0,0,0,-0.00101252602439117,0,0,0.0686175278799801,0,0,0,0,0,0,1.86313705634545,0,0,0,-1.40281438382924,0,0
0,0,0,0,-0.539261595193659,0,0,0,0,0,1.05065339972022,0,0,0,0,0,0,0,0,0,0,0.0294110113590307,0,0,0,0.162462640002213,0,0,0,0,0,0,0,0,0,0,0,0,0,0,0,0,0,-0.304123073561405,0,0.00567674087930037,-1.18398337697226,0,0,0,0,0,0,0,0,0,0,0,0,0,0,0,0,0,0,-0.761317384452854,0,-0.446370375248369,0,0,0,0,0,0,0,0,0,0,0,0,0,0,0.0846912756886933,0,0,0,0,0,0,0,0,0,0,0,0,0,0,0,0,-0.732864700494302,0,0,0,0,0,0,0,-0.302170050083016,0,1.9932568043121,0,0,0,0,0,0,0,0,0,0,0,0,0,0,0,0,-0.358686640663069,0,0,0,0.0872560137765603,0.537287464541791,0,0,0.476294939189102,0,0,0,0,-1.30153597975857,0,0,0,0.498235616180496,0,0,0,0,0,0,0,0,0,0,0,0,0,0,0,0,0.731132254961731,0.112663879465456,0,0,0,0,0,-0.448182017473816,0,0,0,0,0,0.59804189050854,0,0,0,0,0,0,0,0,0,0,0,0,0,0,0,0,0,0,0,0,-0.0264624493290775,0,0,0,0,0
0,-0.185427982483734,0,0,0,0,0,0,-0.118903798309181,-0.169527590404851,0,0,0,0,0,0,0,0,0,0,0,0,0,0,0,0,0,0,0,0,0,0,0,0,0,0,0,0,0,0,0,0,0,0,0,0,0,0,-0.0121522247997903,0,0,0,0,0,0,0,0.0676363859293256,0,0,0,0,0,0,0,0,0,0,0,0,0,0,0,0,0,0,0,0,0,0,0,0,0,0,0,0,0,0,0,0,0.00104756068239609,0,0,0,0,0,0,0,0,0,0,0,0,0,0,0,0,0,0,0,0,0,0,0.478190273230982,0,0,0,0,0,0,0,0,0,0,0,0,0,0,0,0,0,0,0,0,0,0.757226242903639,0,0.228799363278492,0,0,0,0,0,0,0,0,0,0,0.0806570867610881,0,0,0,0,0,0,0,0,0,0,0,0,0,0,0,0,0,0,0,0,0,0,0,0,0.124082983399505,0,0,-1.95154928975857,0,0,0,0,0,0,0,0,0,0.11943284364195,0,0,0,0,0.492643909170349,0,0,0,-1.07220324586059,0,0,0,0,0
0,0,0,0,-0.771637822648084,0,-0.737500330251529,0,0,0,-0.0834565086211283,0,0,-0.0725118104188001,0,0,0,0,0,0,0,0,0,0,0,-0.458593977464716,-0.100397215074687,0.46987869733437,0,0,0,0,0,0,0,0,0,-0.0432460520691398,0,0,0,0,0,0.505635292562175,0,0.788632356049136,0,0,0,0,0,0,0,0,0,0,0,0,0,0,0.635266309511499,0,0,0,0,0,0,0,0,0,0,0,0,0,0,0,0,0,0,0,0,0,0,0,1.08338312923377,0,0,0,0,0,0,0,0,0,0.543444094524702,0,0,-0.088445589634002,0,0.171892094350393,0,0,0,0,0,-1.07647592366168,0,0,0,0,0,0,0,0,0,0,0,0,0,0,-0.280816329615206,0,-0.250109224875292,0,0,0,0,0,0,0,0,0.271153197083855,0,0,0,0.658786235429763,0,0,0,-0.293450165592011,0,0,0,0,0,0,0,0,0,0,0,0,0,0,0,0,0,0,0,0,0,0,0.907628846021607,0,0,0,0,0,0,0,0,0,0,0.234425692874277,-0.421532380225898,0,0,0,0,-0.0934803808039748,0,0,0,0,0,0,0,0,0,-0.318069946761214,0,0,0,0,0,0,-0.11761166101958,0,0,0.00125408810368777
0,0,0,0,-0.181918267356923,0,0,0,0,0,0,0,0,0,0,0,0,0,0,0,0,0,0,0,0,0,0,0,0,0,0,0,0,0,0,0.158857839715685,0,0,0,0,0,0,0,0,0,0,0,0,0,0,0,0.608585417346958,0,-0.56610515289945,0,0,0,0,0,0,0.343807309174834,0,0,0.580956356831483,0,1.61912228009537,-0.00129319013681561,0,0,0,0,0,0,0,0,0,0,0,1.86940027625637,0,0,0,0,0,0,1.07191623223161,0,0,0,0,0,0,0,0,0,0,0,0,0,1.68927866607995,0,0,0,0,0,-0.563348547972388,0,-0.128521841839136,0,0,0,0,0.211091782069998,0,0,0,0,-1.53303533671255,0,0,0,0,0,0,0,0,-0.0356486878813387,0,0,0,0,0,-0.113732048301479,0,0,-0.187686671078704,0,0,0,0,0,0,0,0,0,0,0,0,-0.583108251903908,0,0.137858783785874,0,0,0,0,0,0,0,0,0,0,-1.05082453949143,0.212740594541209,-0.509046115216226,0,0,0,0,0,-0.106971648320806,0,0,0,0,0,0,0,-1.00653516067612,0,-0.0533000065335059,0,-0.0613576719457745,0,0,-0.604068173840912,0,0,0,0,0,-2.45219384290805,0,0,0,0,0,0,0,0,-0.155356016980101
0,0,-0.715191235336971,0,0,0,0,0,0,0,0,0,0,0,0,0,0,0,0,0,0,0,0,0,0,0,0,0.446980241389827,0,-0.0559984572717032,0,0,0,0,0,0.70459348564768,0,0,0,0,0,0,0,0,0,0,0,0,0,0,0,0,0,0,0,0,0,0,0,0,0,0,0,0,0,0,0,0,0,0,0,0,0,0,0,0,0,0.559804180471029,0,0,0,0,0,0,0,0,0,0,0,0,0,1.70628110242161,0,0,0,0,0,0,1.04084144373096,0,0,0,0,0,-1.64483414929846,0,0,0,0,0,0,0,0,0,0,0.780845296823953,0,0,0,0,0,0,0,0,0,0,0,0,0,0,0,0,0,0,0,0,0.250693118728592,0,0,0,0,0,0,0,0,0,0,0,0,0,0,0,0,0,0,0,0,0,0,0,0,0.407014258088861,0,0,0,0,0,0,0,-5.78972812832198,0,0,0,0,0,0,0,0,0,0,-0.486208965049027,0,0,0,0,0,0,0,0,0,-1.08779475378288,0,0,0,0,0,0,0,0,0
0,0.823327551592015,0,0,0,0.940663842004164,0,0,0,-3.35932142402172,0,0,0,-0.293330408575984,0,0,0.173707274415026,0,0,0,0,0,0,0,0,0,0,0,0,-2.1455958655954,0,-0.119554147473806,0,0,0,0.953123133184525,0,0,0,0,0,0,0,0,0,0,0,0,0,0,0,0,0,0,0,0,0,0,0,0,0,0.25750232932061,0,0,0,0,0,0,0,0,0,0,0,0,0,0,0,0.197445631022998,0.023781550517699,0,0,0,0,0,0,0,0,0,0,0,0,1.64418555656113,0,0,0,0,0,0,2.08842955185409,0,0,0.260394865684388,0,0,-2.60417078462363,0,0,0,0,0,0,0,0.727824529759796,1.41222639149004,0,0.845814697337335,0,0.852675886179943,0,0,0,0,0,0,0,0,0,0,0,0,0,0,0,0,0,0,2.44783929018315,0,0,0,0,-0.829536132042753,0,0,0,0,0,0.037061018565125,0,-0.579686874690495,0,0,0.252912368575819,0,0,0,0,0,0,0.170301840325348,0,0.253349007300886,0,0,0,0,0,0,-0.00363432365990324,-6.51284761561832,0,0,0,0,0,-0.475820537221011,0,0.84744662372262,0,0,0,0,0,0,0,0,-0.195156174469075,0,0,0.713875558761648,-0.563797578621276,0,-0.932559743819706,0,0.625570167381769,0,0,0,0,0
0,0,0.180513856360715,0,0,0.79466914340626,-0.334817057660488,0,0,0,0,0,0,0,0,0,-1.92115212982737,0,0,0,0,0.205947429047719,0,0,0,0,0,0,0,0,0.388150247741121,0,0,0,0,0,0,0,0,0,0,0,0,0,0,0.366317790495645,0,0,0,0,0,0.376799622795408,0,0,0,0,0,1.58519650927998,0,0,0,2.2869612643043,-0.0173955554964962,0,0,-1.03085184260599,0,0,0,0,0,0.708600987702031,0,0,0,-0.262489657180087,0,-2.5834520077017,0.416110884389735,0,0,0,0,1.21411508889958,0,0.65814047718251,0,0,0,-2.99833474770475,0,0,0,0,0,0.12281794452646,0,-0.247102090200197,0,-0.277087026561885,0,0,0,0,0,-0.403567548632768,0,-1.62190590125467,0,0,0,0,0,0,0,0,2.28561592148172,1.17865927165937,0,0,0,0,0,0,0,0,0,0.270983555846658,0,0,-0.0784833850055848,1.2699646493168,0,0,0.531308159370607,1.09463316257082,0,0,0,0.777082393027767,0.0281576861428046,0,0,0,0,0,0,0,-0.100352907427073,0,0,0,0,0,0,-0.26800234823313,0,0,0,0,-4.10481053051263,0.634607787055705,0,0.0109644896935248,0,1.0128072290266,0,0,0.647773800419912,0,0,0,0,0,0,0,0,1.02623899871627,0,0.0797386252119789,0,0,0,0,0,0,0,0.306375373556263,0,0,0,0,0,0,0,0.306825014472676,0,0,0,-0.188105074918515
0,0,0.362247489400592,0,0,0,0,-2.31832756610796,0.740361834386214,0,0,0,0.372406304178275,0,0,0,-0.348459440135111,-0.211722669315772,-0.74018061152775,0,0,0,0,0,-1.92090724366131,0,-0.179858391822169,2.09522399924162,0,0,-0.347817997917614,0,0,0,0,0,-1.65802545433827,0.255669769286696,0,0,-0.261621402218144,0,0,0,0,-1.44528865471234,0,0,0,0,0,0,0,0,0,-0.138508459850238,0,0,0,0,0,0,0,0,-0.206473162207669,0,0,-0.0660555722962346,0,0,0,0,0,0,0,0.0299283569983226,0,-0.98146576876059,0,0,0,0.261984800158474,0,0,0.267070527639404,0.0708312587745765,0,0,0.882039938278963,0,0,-0.521308572164186,0,0,0,0,0,1.78285240000802,2.74935590884215,0,0,0,0,0.382917635886563,0.491083167000653,0,0,0,0,0,0,-1.18170380840853,0.141710962139699,0,-2.01596438801127,0,0,-1.40800035294368,0,0,0,0,0,-0.210488446797445,0,0,0,0,0,-1.74228470936434,0,0,0,0,0,1.25293235586126,0,0,0,0,2.33282208256536,0,0,-0.00676411363964258,0,0,0,0,0,0,0,0,0,0,0,0,0,0,0,1.67473480845681,0,0,0,-0.0998047893592651,0,0,-0.370330767815452,0,0,-3.02579486950383,-0.986836831741384,0,0,1.85657830292347,0,0.35144780785118,0,-1.15411642905966,0,0,0,0,0,0,-1.24659986019133,-0.827269608280172,0,0,0,0,0,0,0,0,0,0,-1.21672447211859,0,0,0
0,0,0,0,0,0,-2.41130034607847,0,0,-0.743489651149567,0,0,0,0,0,0,0,-1.00298826728632,0,0,0,0,2.28227895422328,0,0,-0.337802924935932,0.43829379711328,0,-0.780917315192876,0,0,0,0,-0.284389338930511,0,0,0,0,0,0,0,0,0,0,0.39793015632202,-0.739216001520052,-0.0111137495489106,0,0,0,0,-0.183046651174388,0,0,0,0,0,-1.46646596031741,0,0,0,0,0,0,0,0,0,0,0,0,-0.120988482937957,0,0,0,0,0,0,0,0,0,0,0,0,0.395945477742575,0,0,0,0,0.0645905424561186,0,0,0,0,0,0,0,0,0.456572629198099,0,0,0,1.00790676348051,0,0,0,0,0,0,0,0,0,0,0,0,0,0,0,0,0,0,0,0,0,0,0,0,0,0,0,-0.207053935956033,0,0,0,0,0,0,0,0,0,0,-0.55555347128843,0.384640930865201,0,0,-0.0736816938322604,0,0,0,0,0.529987389930746,0,0,0,0,-0.535935116681492,0,0,0,0,0.0925025362919878,-0.972488822625107,0,0.0265723990131148,0,0,0,0,0,0,-0.837830760713559,0,0,0,0,0,1.29132666388079,0,0,0,0,0,0,0,-0.646187321594882,0,0,0,0,0,0,-0.798640578458338,0,0,0,0,0,0,-0.532145151301792,0,0
0,0,0,0,0,0,0,0,0,0,0,0,0,0,0,0,0,0,0,0,0,0,0,0,0,0,0,0,0,0,0,0,0,0,0,0,0,0,0,0,0,-0.314359172873325,0,0,0,0,0,0,0,0,0,0,0,0.564838227745369,0,0,0,0,0,0,0,-0.201602240922538,0,0,0,0,0,0,0,0,0,0,0,0,0,0,0,0,0.313647906107143,0,0,0,0,0,0,0,0,0,0,0,0,0.174118558545183,0,0,-0.285898646617158,0,0,0,0,0,0,0,0,0,0,-1.27510400326944,-0.841163490345681,0,0,0,0,0,0,0,0,0,0,0,0,0,0,0,0,0,0,0,-0.358052014059504,0,0,0,0,0,0,0,0,0,0,0,0,0,0.161645196052883,0,0,0,0,0,0,0,0,0.554976736251896,0,0,0,0,0,0,0,0,0,0,0,0.41032687707339,0,0,0,0,0,0,0,0,0,0,0,0,0,0,0,0,0,0,0,0,0,0,0,0,0,0,0,0,0,0,0,0,0,0,-0.104905641193826,0,0,0
0,0,-0.153812193618099,0,0.711827075408518,0,0,0,0,0,0.613119719328197,0,0,0,0,0,0,0,0,0,0,0,0,0,0,0,0,0.0931415213601772,0,0,0,0,0,0,0,0,0,1.2486512944064,0,0,0,0,0,0,0,0,0,0,0,0,-0.487972460737624,0,0,0,0,0,0,0,0,0,0,0,0,0,0,-0.109195961900769,0,0,0,0,0,0,0,0,0,0,0,0,0,0,0,0,-0.125091779081372,0,0,0,0,0,0,0,0,0,0,0,0,0,0,0,0,0,0,0,0,0,0,0,0,0,0,0,0,0,0,0,0,0,0,0,0,0,-0.175932158146507,0,0,0,0,0,0,0,0,0,0,0,0,0,0,0,0,1.81324577688627,0,0,0.558700970965959,0,0,0,0,2.77229647666557,0,0,0,0,0,0,0.0139713081052555,0,0,0,0,0,0,0,0,0,0,0.644225085986747,0,0,0,0,0.488292377558821,0,0,0,0,0.12826479789887,0,0,0,0,0,-0.419802011623092,0,0,0,0,0,0,0,0,0,0,0,0,0,0,0,0,0,-1.04081397719342,0,0
0,0,0,0,0,0,0,0,0,0,0,0,0,0,0,0,0,0,0,0,0,0,0,0,0,0,0,0,0,0,0,0,0,0,0,0.888940313170168,0,0,0,0,0,0,0,0,0,0,-0.146216267112392,0,0,0,0,0,0,0,0,0.210891109037006,0,0.131577457378284,0,0,0,0,0,0,0,0,0,0,0,0,0,0,0,0,0,0,0,0,-0.447500677168339,0,0,0,0,0,0,0,0,0,0,0.270753483499723,0,0,0,0,0,0,0,0,0,0,0,-0.586703283182434,0,0,0,-0.206422830193557,0,0,0,0,0,0,0,0,0,0,0,0,0,0,0,0,0,0,0,0,0,0,0,0,0.213319964531314,0,2.85827847753673,0,0,0,0,0,0,0,0,0,0,0,0,0,0,-0.0109144933568932,0,0,0,0,0,0,0,0,0,0,0,0,-0.415632199069164,0,0,0,0,0,-1.87345913480859,0,0.137150854671678,0,0,0,0,-0.24955884098334,0,0,0,-0.519794403400857,0,0,0,0,0,0,0,0,0,0,0,0,0,0,0,0,0,0,0,0,0,0
0,0,0,0,0,0,-0.223047213519477,0,0,0,0,0,0,0,0,0,0,0,0,0,0,0,0,0,0,0,0,0,0,0,0,0,0,0,0,0,0,-0.0950532342209132,0,0,0,0,0,0,0,0,0,0,0,0,0,0,0,0,0,0.0298562566894316,0,0,0,0.211179778270119,0,0,0,0,0,0,0.0883524817965087,0,0,0,0,0,0,0,0,0,0,0.141113685139862,0.630657480315548,0,0,0,0,0,0,0,0,0,0,0,0,0,0,0,0,0,0,0,0,0,0,0,-0.167267630660021,0,0,0,0,0.539924362797346,0,0,0,0,0,0,0,0,0,-0.643139627402139,0,0,0,0,0,0,0,0,0.00129381178659704,0,0,0,0.178198638491855,0,0,0,0,0,0,0,0,0.874367522252721,0,0,0,0,0,0,0,-1.66352236010939,0,0,0,0,0,0,0,0,0,0,0.0639969466568742,0,-0.489256413670025,0,0,0,0,0,-2.01708791583976,0,-0.239835277677934,0,0,0,0,0,0,-0.437998754383444,0,-0.428195981517745,0,-2.18883834911162,0,0,0,0,0,0,0,0,0,0,0,0,0,0,0,0,0,0,0,0
0,0,0,0,0,0,-3.96480390921794,0,0,0,0,0,0,0,0,0,0,0,0,0,0,0,0,0,0,0,1.49851012890168,0,0,0,0,0,0,0,0,0,0,-0.158349117752376,0,0,0,0,0,0,0,0,0,0,0,0,0,0,0,0,0,0,0,-0.502638159007143,0,0,0,0,0,0,0,0,0,0,0,0,0,0,0,0,0,0,0,0,0,0,0.589563510755427,0,3.6194517663876,0,0,0,0,0,0,0,0,0,0,0,0,0,0,0,0,0,0,0,0,0,0,0,0,0,0,0,0,0,0,0,-0.553224388543109,0,0,0,0,0,0,0,0,0,0,0,0,0,0,0,0,0,0,0,0,0,0,0,0,0,0,0,0,0,0,0,0,-3.413859826186,0,0,0,0,0,0,0,0,0,0,0,0,0,0,0,0,0,0,-2.10777983921127,0,0,0,0,0,0,0,0,0,0,-0.104803546485742,0,0,0,0,0,0,0,0,0,0,0,0,0,0,0,0,0,0,0,0,0,0
0,-0.457068911099607,0,0,0,0,-4.53633305099055,0,0,-0.283403082226797,0,0,0,0,0.972407479880309,0,0,0,0,0,0,0,7.12583235604754,-0.105608718218875,1.23332727102286,0,3.83030950382228,-2.58646520690089,0,0,-1.08128060800716,0,0,0,0,0.37519486070027,-0.932068776555216,0,0.132881688507323,0,0,0,0.269369405696013,0,0,0,0,0,0,-0.999501303412988,0,0,0.641071598562291,0,0,0,0,-2.49793598033421,0,0,0,0,0,0,0,0,0,0,0,-0.0560550428579911,0,-1.29981453223774,0,0,-0.469414877997911,0,0,1.34052044659819,0,0,0,0,11.2192409979107,0,0,0.4705551673715,0.197386271552477,0,0,0,0,0,0,0,0,0,0,0,0,0,0,0,0,0,0,0,0,0,-0.458739502547712,0,0,0,0.624459840547289,0,-1.13836659995119,0,0.38262862486284,0,0,0,0,-0.195833013480266,0,0,0,0,0,0,0,0,0,0,0,0,0,0,0.0696506104458334,0,0,0,0.339147788553176,-0.496364458782115,0,0,0,0,0,-1.23812416531901,0,0.682751626605908,0,0,-0.874167604519094,-0.139087503110949,0,0,0,-0.372186329980954,0,0,0,0,0,0,0,0,-0.832584352306853,0,1.87588449214163,0,0,0,1.74302145993744,0,-0.112126256158259,0.529113795081096,0,-0.397449813519793,-0.383386209916552,-0.405356724760842,0,0,-0.36122985735424,0,0,-0.0918546565111766,0,0,0,0,0,0,0,0,1.00862666530516,-0.040224386180971,0,0,0,0.504114430642869
0,0,0,0,0,0,0,0,0,0,0.176351209673036,0,0,0,0,0,0,0,0,-0.994573665812569,0,0,0,0,0,0,-0.977695196241549,0,0,0,0,0,0,0,0,0,0,0,0,0,0,0,0,0,0,0,0,0,0,0,0,0,0,0,0,0,0.639027212707752,0.0231175392123173,0,0,0,0,0,0,0,0,0.0735138839551428,0,0,0,0.0340840181578226,0,0,0,0,0,0,0,0,0,0,0,0,0,0,0,0,0,0,0,0,0,0,0,0.408745452951556,0,0,0,0,0,0,0,2.11896489699895,0,0,-0.853144023230857,0,-0.569046670754119,0,-0.0181274217306813,0,0,0,0,0,0,0,0,0,0,0,0,0,0,0,0,0.00947441424638384,0,0,0,0,0,0,0,0,0,0,0,0,0.579401358947454,0,0,0,0,0,0,0,0,0,0,0,0,0,0,0,0,0,0,0,0,0,0,0,0,0,0,0,0,0,0,0,0,0,0,0,0,0,0,0,0,0,0,0,0,0,0,0.806693939537215,0,0,0,0,0,0,0,0,0,0,0,0,0
0,0,0,0,0,0,0,0,0,0,2.24979658471605,0,0,0,0,0,0,0,0,0,0,0,0,0,0,-0.142149568970936,0,0,-0.783605523109419,0,0,0,0,0,0,0,0,0,0,0,0,0.767888903223996,0,0,0,0,0,0,0,0,0,0,0,0,0,0,0,0,0,0,0,0,0,0,0,0,0,0,0,0,0,0,0,0,0,0,0,0,0,0,0,0,0,0,0,0,0,0,0,0.287029117046265,0,0,-0.00231967765187036,0,0,-0.87486313832981,0,0,0,0,0,0,0,0,0,0,0,0,0,0,0,0,0,0,0,0,0,0,0,0,0,0.462617395333965,0,0,0,0,0,0.0545900814357327,0,0,0,0,0,0,0,0,0,0,0,0,0,0,0,0,0,0,0,0,0,0,0,0,0,0.270178390644493,0,0,0,0,0,0,0,0,1.08919232393826,0,0,0,0,0,0,0,0,0,0,0,0,0,0.135259146268506,0,0,-0.132917598369737,0,0,0,0,0,0,0,0,0,0.158218537487086,0,0,0,-0.104432685048517,0,0,0,0,0,1.18812097501354
0,0,-0.169415173282096,0,0,0,0,0,0,0,0,0,0,0,0,0,0,0,0,0,0,0,0,0,0,0,0,0,-0.688019096422521,0,-0.316398754407805,0,0,0,0,0,0,0,0,0,0,0.304843996794285,0,0,0,0,0,0,0,0,0,0,0,0,0,0,0,0,0,0,0,0,0.296946434043113,0,0.0270705011614818,0,0,0,0,0,0,0,-0.0690129263995993,0,0,0,0,0,0,0,0,0,0,0,0,-0.299097731011804,0,0,0,0,0,0,0,0,1.45885416253623,0,0,0,0,0,0,0,0,0,0,0,0,0,0,0,0,0,0,0,0,0.255676153489055,0,0,0,0,0,0,0,0,0,0,0,0,0,-0.0784816464376539,0,1.11748008821277,0,0,-0.491176429945868,0,0,0,0,0,0,0,0,0,0,0,0,0,0,0,0,0,0,0,0,0,0,0,0,0,0.386662147807645,0,0,0,0,0,0,0,0,0,0,0,0,0,0,-0.547542115838962,0,0,0,0,0,0,0,0,0,0,0,0,0,0,0,0,0,0,0,0,0,0.344862282398771,0,1.57289391313853
0,0,0,0,0,0,0,0,0,0,0.541811277838739,0,0,0,0,0,0,0,0,0,0,0,0,0,0,0,0,0,0,0,0,0,0,0,0,0,0,0,0,0,0,1.09061396409577,0,0,0,0,-1.09743207391422,0,0,0,0,0,0,0,0,-0.239861733682347,0,0,0,0,0,0,0.193278671802483,0,0.213006667619167,0,0,0,0,0,0,0,0,0,0,0,0,0,0,0,0,0,-0.050384376551027,0,0,0,0,0.325730557015894,0,0,0,0,0,0,0,0,0,0,0,0,0,0,0,0,0,0,0,0,0,0,0,0,0,0,0,0,0,0,0,0,0,0,0,0,0,-0.466705218313108,0,0,-0.0782988988944162,0,0,0,0,0,0,0,0,0,0,0,0,0,0,0,0,0,0,0,0,0,0,0,0,0,0.396676910768685,0,0,0,0,-0.179114265703383,0,0,0,0,0,0,0,0,0,0,0,0,0,0.97388284169113,0,-0.419098660643453,0,0,0,0,0,0,0,0,0,0,0,0,0,0,0,0,0,0,0,0,0,-0.0398516318011832,0,0.465840259373654
0,0,1.68485899830261,0,0,0,-1.04492162003881,0,0,0.842305596064097,0,0,0,0,0,0,0,-0.00922124604885122,0,0,0,0,0,0,0,0,0,0.418744556064257,0,0,0,0,0,0,0,0,0.0655564963952939,0,0,0,0,0,0,0,0,0,-0.0114955228500695,0,0,0,0,0,0,0,0,0,0,0,0,0,0,0,0,0,0,0,0,-0.106557620761864,0,0,0,0,0,0,-0.515935536165331,0,0,0,0,0,0,0,0,0,0,-0.509723177442626,0,0,0,0,0,0,0,0,0,0,0,0,0,0,-0.419806049345798,0,0,0,0,0,0,0,0,0,0,0,0,0.0478397398328489,0,0,0,0,0.391528846651738,0,0.839955692915841,0.0898803133087405,0,0,0,0,0,0,0,0.105895334273575,0,0,0,0,0,0,-0.0117616539217251,0,0,0,0,0,0,0,0,0,0,0,0,0,0,0,0.338999590291072,0,-1.13222811738429,0,0,0,0,0,-0.146746272342733,0,0,0,0,0,0,0,0,0,0,0,0,1.44168645609106,0,0,0,0,0,0,0,0,0,0,0,0,0.578850661178385,-0.443895548758807,0,0,0,0,0,0,0,0.127691715570231,0,0,0,0
-0.0588765060547132,0,0,0,0,0,0,0,0.422456932983238,0,0,0,0,0,0,0,-0.35185642390219,-0.29387896002019,0,0,0,0,0,0,0,-0.379911438129986,0,0,0,0,0,0,0,0,0,0,0,0,0,0,0,0,0,0,-0.376333173883312,0.212592258063855,0,0,0,0,0,0,0,0,0,0,0,0,0,0,0,0,0,0,0,-0.402795041790044,0,0,0,0,-0.727031686824939,0,0.0271824935306517,0,0,0,0,0,-0.497489985988818,0,0.681883005030942,0,0.839577536219438,0,0.041945235356446,0,0,-1.23433374024093,0,0,0,0,0,0,0,-2.06026614560236,0,0,0,0,0.019167921843299,0,0,0,0,0,0,0,0,0,0,1.09221382307272,0,0,0,-0.603003488356873,0,0,0,0,-1.24415737592768,0,0,0,0,0,-0.490952999245141,0,0.0743486472562043,0,0,0,0,0,0,1.39846179514059,0,0,0,-0.874560801417199,0,0,0,0,0,0,0,0,0,0,0.676932705453429,0,0,0,0,0,0,0,0,0,0,0,0,-0.48285066403892,0,0,0,0,0,0,0,0,0,4.49879146716459,-0.103764082611046,-0.957629551924697,0,0,-0.554072363292015,0,0,0,0.264940545079633,0,0,0,0,0,0,0,0.0285240350359783,0,0,0,0,0,0,0,0,0
0,0,0,0,0.424252593145835,0.610986420910917,-0.398615552655234,0,0,-2.32360126433086,0.755640904788829,0,0,0,-0.553203586834198,0.391512684904387,0,0,0,0,0,0,0,0,0,-0.336665333372391,0,0.0450064130679253,2.85403232158936,0,1.22721371117914,0,0,-0.990705277885026,0,0.104360007201563,0,-0.992489190358817,0,0,0,0,0,0,0,3.14540071894196,0,0,0,0,0,-0.0438620674027763,0,0,0,0,-2.31727969816344,0,0,0,0.170725245022264,-0.144107308549894,0,0,-0.568111790328566,0,0,0,0,0,-1.82433475803834,0,1.14471564980548,0,0,0,0,0,-0.414316568481036,2.52453657648223,0,-0.344858365498838,0,0,0,1.80219349661625,0,-2.41996681185785,0,-0.0873569308545918,0,0,0.100556222671494,0,-0.313336176268183,-0.769958598914553,0,-0.117417240915001,0,0,-0.232570078016461,0,0.559377110596156,0.454533523792905,0,0,0,0,0,0,0,0.00492685953446892,0.0934564996474825,0,0,0,0,0.465988498031618,0.0203503690498033,0,0,0,0,0,0,-0.588203795995447,-0.0746299900573542,0,0,0,0,0,0,0,0,0,-0.0612469908965052,0,0,0,0.921206333490658,0,0,0,0,0,0,0,0,0,0,0,0,0,0,0,0,0,-0.165639937547403,-0.0201006604594298,0,0,0,0,0,0,0,0,0,0,0,0,0,0,0,0,0,0,-0.469098920815737,0,0.00311671745428299,0,0,0,0.464466712283726,-0.180186968294032,-0.303444834406581,-0.133469107026353,0.042757181629367,-1.87329204991881,0,0.0269482398731495,0,0,0,0,0,-1.94371858450215,0.975384145109334,-0.0266379417969111
0,0,0,0,-0.257411717643821,0,0,0,0,0,0.484977707184728,0,0,0,0,0,0,0,0,0,0,0,0,0,0,0,0,0,0,0,0,0,0,-0.131656127843381,0,0.044583255597451,0,0.0888431754990446,0,0,-0.132625644584157,0,0,0,-0.100015879911915,0,0,0,0,0,0,0,0,0,0,0,0,0.0676825032958246,0,0,0,0,0,0,-0.58131450874544,0,0,0,0,0,0,0,0,0,0.0383566734267047,0,0,0,0,0,0,0,0,0,0,0.00700800533519508,0,0,0,0.605764752693499,0,0,0,0,0,0,-0.0482206733078814,0,0,0,0,0,0,0,0,0,0,-0.575487690492383,0,0,0,0,0,0,0,0,0,0,0,0,0,0,0,0,0,0,0,0,0,0.359303340252053,0,0,0,0,0,0,0,0,0,0,0,0,0,0,0,0,0,0,0,0,0,0,0,0,0,0,0,0,0,0,0,0,0,0,0,0,0,0.566849721733768,0.081110783914853,0,0,0,0,0,0,0,0,0,0,0,0,0,0,0,-0.156917301980913,0,0,0,0,0,0,0,-0.335547687481569,0,-0.591275369678312,0,0,0,0,-0.134459522638198
0,-0.201155439419345,0.856438140778033,0,0,0,0,0,0.471610752999851,0,0,0,-0.135611241514544,0,0,0,0,0,0,-0.292263455697516,0,0,0,0,0,0,0,0,-0.441033967173813,0,-0.528838790612415,0,0,0,0,0,0,0,0,0,0,0,0,0,0,0,0,0,0,0,0,0,0,0,-0.0626686397079781,0,0,0,0,0,0,0,0,0,-2.38084543738344,-0.871202627686293,0,0,0,0,0,0,0,0,0,0,0,0,0,0,0,0,0.345025929861721,-0.614941194489846,0,0,0,0,0,0,0,0.712416565646453,0,-0.0482141814466925,0,0,-0.593707010882049,0.902675009714135,0,0,0,0,0.148298601227454,0,0,0,0,0,0,0,0,0,0,0,0,0,0,0,0,-0.0598580176158519,0,0,0,0,0,0,0,-0.790141253248045,0,3.89319780589878,0,1.26836515713089,0,-0.562323798897912,0,0,0,0,0,1.4834035771709,0,0,0,0,0,0,0,-0.200123119329786,0,0,-0.442590667059891,0,0,0,1.32839008081539,0,0,0,0,0,0,0,0,0,0,0,0,-0.334660499862834,0,0,0,0,0,0,-0.0241895261303786,0,0,0,0.356471032040901,0,0,0,0,0,-0.696081138274649,0,0,0,0,0,0,0,0,0.701878615050404,0,0,0,-0.369094488763348,0,0
0,0,0.115670979436973,0,0,0,0,0,0,0,0,0,-0.210550411926081,0,0,0,0,0,0,-0.577350673262915,0,0,0,0,0,0,0,0,0,0,-0.770526711155361,0,0,0,0,0,0,0,0,0,0,0,0,0,0,0,0,-0.0457954547237067,0,0,0,-0.135643251666598,0,0,0,0,-0.193219025690738,0.423902865895148,0.0274912404822041,0,0,0,0,0,-2.19595942915536,0,0,0,0,0,0,0,0,0,-1.13287655218207,0,0,0,0,0,0,0,0,0,0,0,0,0,0,0,0,1.09625075474534,0,0,-0.432145863961395,0,-0.0681983834031417,0.54428878163912,0,0,0,0,0,0,0,-0.125318880427778,0,0,-0.371298593893115,0,0,0,0,0,0,0,0,0,0,0,0,0,0,0,0,0,0,0,0,1.68006452999269,0.598420885926285,0.397115280864684,0,-0.0981666091721931,0,0,-0.377773371110754,0,0,0.521763632042248,0,0,0,0,0,0,0,0,0,0,0,0,0,-0.159529546714048,0,0,0,0,0,0,0,0,0,0,0,0,0,0,0.215696928852502,0,0,0,0,0,0,0,0,0,0,0,0,0.412399462489726,0,0,-0.82145145915548,0,0,0,0,-0.224479469196148,0,0,0,0.325998848630395,0,0,0,0,0,0
0,0,0,0,0,0,0,0,0,0.112833290132634,0,0,0,0,0,0,0.183380183736545,0,0,0,0,0,0,0,0,0,0,0,0,0,0,0,0,0,0,0,0,0,0,0,0,0,0,0,0,0,0.79126036666949,0,0,0,0,0,0,0,0,0,0,0,0,0,0,0,1.15634665392448,0,0.0920744239179587,0,0,0,0,0,0,0,0,0,0,0,0,0,0,0,0,0,0,0,0,0,0,0,0,0,0,0,0,-0.0683439395247549,0,0,0,0,0,0,0,0,0,0,0,0,0,0,0,0,0,0,0,0,0,0,0,0,0,0,-0.840369491922673,0,0,0,0,0,0,0,0,0,0,0.162153255417335,0,0,0,0,0,0,0,0,0,0,0,0,0,0,0,0,0,0,0,0,0,0,0,0,0,0,0,0,0,0,0.393924703288308,0,0,0,0,0,0,0,0,0,0,0.0644713545802711,0,0,0,0,-0.137168594116765,0,0,0,0,0,0,0,0,0,-6.41338798611334,0,0,0,0,0,0,0,0,0,0,0
0,0,0,0,0,-0.150341924532041,0,1.06008844678314,0,1.1664693616673,0,0,0,0,0,0,0,0,1.36035656936008,0,0,0,0,0,0,-0.531580775196073,0,0,2.31703970932463,0,0,0,0,0,0,0,0.996408146255047,0,0,0,0,0,0,0,0,0,0,0.182482092917087,0,0,0,0,0,0,0,0,0,0,0,0,0,0,0,0,0.107833782799246,0,0,0,0,-0.987559492993152,0,0,0,0,0,0,0,0,0,0,0,0,0,0.29883917280377,0,-0.244038754203262,0,0,0.160487113451448,0,0,0,0,0,0,0,0,0,-0.120065797883979,0.197191826664075,0,-0.126953535740969,0,0,0,0,0,0,0,0,0,-0.0833139583550853,0,0,0.461190895320421,-0.456048566199808,0,-0.329912619435316,0,0,0,0,0,-0.0589216834661088,0,0.0440656688583378,0,0,0,0,0,0,0,0,0,0,0,0,0,0,0,0,0,0,0,0,0,0,0,0,0,0,0,0,0,0,0,0,0,0.119689158148638,0,0,0.909340811067584,-0.448921859281242,0,0,0,0,0.429101265378719,0.405069608289564,0,0,0,0.260356551490738,0,0,0,0,0,0,0,0,0,0,0,0,0,0,-9.46004115015992,0,0,0,-0.625210522696222,0,0,0,0.0637625577211929,-0.108430427087615,0,0
0,0,0,0,0,0,-1.63304249824751,0,0.40486434151183,0,0,0,0,0,-0.625954284215893,0,0,0,11.5218964273925,0,0,-0.154174674649691,0,0,0,0,-0.179336354674638,-0.79273662944577,0.981285924430161,-0.0621259839893358,0,0,0,0,0.116327710792844,0.1055949236397,0,0,0,-0.198675350275173,0,0,0,0,0,0,0,0,0,0.264820726607991,0,2.50820608706673,0,0,0,0,0,0,0,0.229793125374158,-0.0164527212272818,0,-0.634095192029425,0,0,-0.307138606479618,0,0,0,-0.134553622489806,2.6355186955646,0,0,0,0,0.694500040035934,0,0,1.55689075835787,0,0,-0.0584383792218932,0,0,-0.211666135299122,-1.22462587229753,1.02813036021874,0,0,1.10851342102467,0,0,0.378438436431447,0,0,0.0217691200533443,0,0,0,0,0.569077296166738,-0.600800572369157,0,0.435673597937853,0,0,0,0,0,1.08046205473724,0,0,0,0,0,0,0,0,0,0,0,0,0,0,0,0,0,0,-0.276125352872307,0,0,1.29859597601178,0,0,-0.565139358734491,0,1.72640108225213,0,0,0,-1.06266224956643,0,0,0,0,0,0,0,-0.50335591719962,0.0159824736773206,0,-0.241619268645702,0,-0.0430320796498678,0,0,0,0,0.959645807614364,-2.04701884282319,0,-0.591728314545234,0,0,0,0,0.310913371304651,0,0,0,1.74418668397467,0,0,0,0.531018463533929,0,0,0,0.48108049039624,0,0,0,0,0,1.62579339151919,0,0.624500812453644,0,0,0,0.0166641701693337,0,-0.522065083006047,0,0,0,0,-0.53688112801072,0,0
0,-0.491228833612996,-0.0391228891421207,0,0,-0.047810300354485,-4.65454370553028,0,0.543748381538695,0,0,0,0,0,0,0,0,0,6.951924844584,0,0.213666992710571,0,-0.00727733635069594,0,0,0,2.04484009596068,-0.757317219107518,0,-0.0468942636267655,0,0,0,0.64644644874451,0,1.54977862821307,0,0,0,0,0,0,0,0,0,-1.50859201263925,0,0,0,0,0,2.36943523134879,0,0,0,0,0,0,0,0,0,0,0,0,0.121348515719648,0,0,0,0,0,0.829131847355205,0,0,0,0,0.833942179159764,-0.0173003691834701,0,0,0.667379731226795,-0.337116749610579,0,0.585326071312094,-0.0653313018755546,-0.242495684009945,-1.10233683225926,0,0,0,0,0,0,0,0,0,0,0,0,0,0,0.00521014318900415,0,0,0,0,0,0,0,0,0,0,0,0,0,0,0,0,0,0,0,0,0,0,-0.252423386182095,0,0,0,0,0,0,-0.116941590226839,1.67105006985806,0,0,0,0,2.12462820296393,0,0,0,-1.94891765407684,-0.229141718762516,0,0,0,0,0,0,-0.199124823387438,1.07394627224276,0,0,0,-0.647485349447015,0.734808411322199,0,0,0,0.23508938676949,-1.30652523532643,0,-0.310913795396259,0,0,0,0,0,0,0.822748490111052,0,0.862523052123822,0,0,0,0,0.716903620275194,0,0,0.006058871197268,0,0,0,0,0,1.16355939896153,0,0.0835989059736924,0,0,0,0,0.0761693476610403,0,0,0,0,0,0,0,0
0,0,0,0,0,0,0,0,0,0,0,0,0,0,0,0,0,0,0,0,0,0,0,0,0,0,0,0,0,0,0,0,0,-0.121449215160183,0,0,0,0,0,0,0,0,0,0,0,0,0,0,0,0,0,0,0,0,0,0,-0.154163107997267,0.702887193648439,0,0.277488227704097,0,0,0,0,0,0,0,0,0,0,0,0,0,0,0,0,0,0,0,0,0,0,0,-0.080119306236256,0,0,0,0,0,0,0,0,0,0,0,0,0,0,0,0,0,0,0,0.307159105954479,0,0,0,0,0,0,0,0,0,0,1.08022178442945,0,0,0,0,0,0.470679652996349,0,0.0708837357475358,0,0,0,0,0,0,0,0,0,0,0,0,0,0,0,0,0,0,0,0,0,0,0,0,0,0,-0.267994522340862,0,0,0,0,0,0,0,0,0,0,0,0,0,0,0,0,0,0,0.0223368951299725,0,0,0,0,0,0,0,0,0,0,0,0,0,0,0,0,0,0,0,-10.2668357255676,0,0,0,0,0,0,0,0,0,0,0
0,0,0.667241871228207,0,0,0.123116127593458,0,0,0,0,0.47925557170663,0.402805539087077,0,0,-0.551935514360178,0,0,0,0,0,0,0,0,0,0,0,0,0,-0.596672764942749,0,0,0,0,0,0,0,0,0,0,0,0,0,0,0,0.0526009984633831,0.0525906313096296,0,0,0,0,0,0,0,0,0,0,0,0,0,0,0,0,0,0,0,0,0,0,0,0,0,0,0,0,0,0,0,0,1.07572580348689,0,0,0,0,0,0,0,0,0.236480634267933,0,0,0,0,0,0,0,0,-0.0202004091100665,0,0,-0.144327822589627,0,0,0,0,0,0,0,0,0,0,0,0,0,0,0,-0.0468529201955319,0,0,0,0,0,0,0,0,0,0,0,0,0,0,0,0,0,0,0,0,0,0,0,0,0,0,0,0,0.075304402594202,0,0,0,-0.136612333237173,0,0,0,0,0,0,0,0,0,0,0,0,0,0,0,0,0,0,0,0,0,0,0,0,0,0,0,0,0,0,0,0,0,0,0,0,0,0,0,-16.064868922843,0,0,0,0,0,0,0,0,0,0,0
0,0,0,0,0,0,0,0,0,0,0,0,0,0,0,0,0,0,0,0,0,0,0,0,0,0,0,0,0,0,0,0,0,0,0,0,0,0,0,0,0,0,0,0,-0.125020347751796,0,0,0,0,0,0,0,-0.0514390833798777,0,0,0,0,0,0,0,0,0,-0.907884184535563,0,0,0,0,0,0,0,0,0,0,0,0,0,0,0,0,0,0,0,0,0,0,0,0,0,0,0,0,0,0,0,0,0,0,0,0,0,0,0,0,0,0,0,0,0,0,0,0,0,0,0,0,0,0,0,0,0,0,0,0.00526814883947302,0,0,0,0,0,0,0,0,0,0,0,0,0,0,0,0,0,0,0,0,0,0,0,0,0,0,0,0,0,0,0,0,0,0,0,0,0,0,0,0,0,0,0,0,0,-0.116970534283877,0,0,0,0,0,0,0,0,0,0,0,0,0,0,0,0,0,0,0,-16.2122532419224,0,0,0,0,0,0,0,0,0,0,0
0,0,0,0,0,0,0,0,0,0,0,0,0,0,0,0,0,0,0.215182590671085,0,0,0,0,0,0,0,0,0,0.144457488323315,0,0,0,0,0,0,0,0,0,0,0,0,0,0,0,0,0,-0.253096832624262,0,0,0,0,0,0,0.242331497946434,0,0,0,0,0,0,0,0,-0.859757565910918,0,-0.186899565518361,0,0,0,0,0,0,0,0,0,0,0,0,-0.181672315383006,0,0.0466542600208402,0,-0.0100342564238987,0,0,0,0,0.0613365498089298,0,0,0,0,0.816130113996572,0,0,0,0.440346969205747,0,0,0,0,0,0,0,0,0,0,0,0,0,0,0,0,0,-0.134117594667613,0,0,0,0,0,0,0,0,0,0,0,0,0,0,0,0,0,0,0,0,0,0,0,0,0,0,0,0,0,0.356951666930045,0,0,0,0,0,0,0,0,0,0,0,0,0,0,0,0,0,0,0,0,0,0,0,0,0,0,0,0,0,0,0,0,0,0,0,0,0,0,0,0,0,0,0,0,-18.987270507534,0,0,0,0,-0.198529012919711,0.0236499828748638,0,0,0,0,0
0,0,0,0,0,0,0,0,0,0,0,0,0,0.00618079686031248,0,0.196869267222452,0,0,0.271561552527714,0,0,0,0,0,0.131852349845353,0,0,0,0,0,-1.74346184097561,0,0,0,0,0,0,0,0,0,0,0,0.226655160402355,0,-0.128268420739346,0,0,0,0,0,0,0,0,0,0,0,0,0,0,0,0,0,-0.567887692370091,0,0,0,1.16848263116914,0,0,0,0,0,0,0,0,0,0,-0.332335057219093,0,0,0,0,0,0,0,0,0,0,0,0,0,0.189611367179006,0,0,0,-0.923872518107948,0,0,0,-0.102441931999024,0,0,0,0,0,-1.20188204722049,0,0,0.654971729879673,0,0,0,0,0,0,-0.616979176369311,0,0,0,0,0,0,0.826871817725784,0,0,0.541015445737096,0,0,0,0,0,1.16255828074336,0,0,0,0.24398829098806,0.405103368945217,0,0,-0.344814427213194,0,0,0,0.342630635132066,0,0,0,0,0,0,0,0,0,0,0,0,0,0,0,0,0,0.256275197498593,0,0.00690391983068483,0,0,0,-0.157225020890515,0,0,0.162994980616183,0,0,0,0,0,0,0,0,0,0,0,0,0,0,0,0,0,-19.9251730659142,0,0,0.493543853573605,0,0,0,0,0,0,0,0
0,0,0,0,0,-1.07513890065,0,-0.188214892750041,0,0,0.848438967867967,0,0,-0.804584131583412,-0.141256487280464,0,0,-1.212730083482,0,-0.657905121036639,0,-0.248957534940371,0,0,0,-1.05003673810389,0,-1.58565069546824,-1.41724665469037,0.0962337743211683,0,0,0,-0.483858012738059,0,0.355804999980884,0,0,0,0,0,0,0,1.76256698536044,7.01372724279438,0.188572036966837,2.69164512991593,0,0,0,0,0,-0.395719279571588,0,0,0,-1.43948748971797,0,0.221284120379313,0,0,0,0,-0.631668772745007,0,0,0,-0.6965156618685,0,0.879387670542289,0,0,0,0,0,0,0,0,0,-0.12128286022808,0,0,0,0,2.01842011715448,2.07775510511439,0,0,0,2.09821403941858,0,0.127805023194966,0,0,1.96528573474867,0,0,0,-0.411181664334342,1.60166027443323,0,0,0,0,0,0.255574979109536,0,0,0,0,0,0,0,0,0,0.219289745377401,-0.096647949362523,0,-1.01688762582629,0.464938709266931,0,0,0,0,0,0,0,0,0,0,0,0,0,0,0,0,-0.381160655601128,-0.244609378758897,0,0,0.210043050521358,0,0,0,-0.390981153690307,0,0,0,-1.17099668451997,0.148258616274209,0,0,0.851310617490401,0,0.698587994178994,-0.204001758411606,0.45441950596164,0,0,0,0,0,0,-0.452456385827804,0,0,0,-0.0504578515525773,0,0,0,-0.139130200078883,0,0,0,-0.965813962524537,-0.0165325921529873,1.56002082790215,0.45133712479803,0,-0.449555318804918,0,0,0,0,0.0802729800016226,0,0,-12.7107966069474,0,0,0,0,0,0,0,0,-0.99909656376429,0.397751143222484,0
0,0,-0.734706946651295,0,0,0,0,0,0,0,0,0,0,0,0,0,0,0,0,0,0,0,0,0,0,0.800076795575599,0,0,0,0,0,0,0,0,0,-0.0771750283549253,0.228855016416376,-0.180083208061667,0,0,0,0,0,0,0,0,0,0,0,0.00290441521941953,0,0,0,0,0,0,0,0.144317531330658,0,0,0,0,0,0,0,0,0,0,0,0,0,0,0,0,0,0.132440859497565,0,0,2.16837516729788,-0.411352104116618,4.01116871846174,0,0,0,1.32175491245363,-0.637357668644773,0,-1.02936304048413,0,0,0,0,0,0,0,0,0,0.330124160198734,0,0,0,0,0,0,0,0,0,0,0,0,0,0.0994283590683971,0,0,0,0,0,0.698428377196286,0,0,-0.0283329919359432,0,0,0,0,0,0,0,0,0,-2.1438098946534,0,0,0,0,0,-0.319166388676715,0,0,0,0,0,0,0,0,0,0,-1.09147334269654,0,0,0,0,0,-1.77684990082469,0,0,0,0.082884730067494,0,0,0,0,0,0,0,0,0,0,0,0,0,0,0,0,0,0,0,0,0,0,0,0,0,0,0,0,0,0,0,0,0,0,0,0,-0.0187034734828226,0,0,0,0,0
0,0,0.560435397752661,0,0,0,0.377140805155372,-0.178085841625838,0,0.0578403307628852,0,0,0,0,-0.428035660014233,0,0,0,0.091753023634892,0,0.779686602575733,0,-0.321912441063311,0,0.359363483495586,0,0,2.10158914946585,0,0,0,0,0,0,0,0,0.610598647169732,0,0,0,0,0,0,0,0,0,0,0,0,0,0,0,0,0,0,0,0,-1.05397166027809,0,0,0,0,0,0,0,0,8.52749160963005,0,0,0,-0.812240083770455,0,0,0,0,0,0,0,0,0,0,0,0,0.702200769089875,0,0,0,0,-0.0865886557299365,0,0,0,0,0,0,0,-0.213157230911073,0,-0.334477697866963,0.351473822371292,0,0,0,0,0.0332739692639552,-1.56917160063932,0,0,0,0,0,0,0,0,0,0,0.0472080301398881,0,0,-1.29834293137503,-1.22899416173193,0.480454188608845,0,0,0,0,0,0,0,0,0,0.475059674428754,-5.06157938285549,0,-0.114754227290864,0,0,0,0,0,0,0,0,-2.71105356315137,0,0,0,0,0,0,0,0,0,0,0,0,0,0,0,0,0,0,0,0,0,0,-0.054713786473882,0,0,0,0,0,0,0,0,0,0,0,0,0,0,0,0,0,0.589814161313994,0,0,0,0,0,0,0,0,0,0,-0.68894320523307,0,1.24561703375862,0,0
0,0,0,0,0,0.245561274991184,0,0,0,0.0275429443497546,0,0,0,0,0,0,0,0,0,0,0,0,0,0,0.104450351957605,0,0,0,0,0,0,0,0,0,0,0,0,0,0,0,0,0,0,0,0,0,0,0,0,0,0,0,0,0,0,0,0,0,0,0,0,0,0,0,0,0,0,0,0,0,0,0.199191590072133,0,0,0,0.451959189735967,0,0,0,0,0,0,0,0,0,0,-3.2745034459127,0,0,0,0,0,0,0,0,0,0,0,0,0,0,0,0,0,0,0,0,0.423212664741485,0,0,0,0,0,0,0,0,0,0,0,0,0,0,0,0,0,0,0,0,0,0,0,0,0,0,-0.245158760016566,-0.0358782932513046,0,0,0,0,0,0,0,0,0,0,0,0,0,0,0,0,0,0,0,0,0,0,0,0,0,0,0,0,0,0,-0.752541746576392,0,0,0,0,0,0,0,-0.127948429843022,0,0,0,0,0,0,0.24229801794045,0,0,0,0,0,0.157292316248334,0,0,0,0,0,0,0,0,0,0,0,0
0,0,0,0,0,0,0,0,0,0.102540330485541,0,0,0,0,0,0,0,0,0,0,0,0,0,0,0,0,0,0.63348604258352,0,0.0532997555716703,0,0,0,0,0,0,0,0,0,0,0,0,0,0,0,-0.0621271147692477,0,0,0,0,0,0,0,0,0,0,0,0,0,0,0,0,0,0,0.199691697002539,0,0,0,0,0,0,0,0,0,0,0,0,0,0,0,0,0,0,0,0,0,0,0,0,0.0446003913488009,0,0,0,0,0,0,0,0,0,0,0,0,0,0,0,0,0,0,0,0,0,0,0,0,0,0,0,0,0,0,0,0,0,0,0,0,0,0,0,0,0,0,0,0,0,0.0454987753791631,0,0,0,0,0,0,0,0,0,0,0,0,0,0,0,0,0,0,0,0,0,0,0,0.417947778643358,0,0,0,0,0,0,-1.08248785270856,0,0,0,0,0,0,0,0,0,0,0,-0.396693258812057,0,0,0,0,0,0,0,0,0,0,0,0,0,0,0,0,0,0,0,0,0
0,0,-0.255777120021983,0,0,0,0,0,0,0,0,0,0,0,0,0,0,0,0,0,0,0,0,0,0,0,0,0,0,0,0,0,0,0,0,0,0,0,0,0,0,0,0,0,0,0,0,0,0,0,0,0,0,0,0,0,0,0,0,0,0,0,0,0,0,0,0,0,0,0,0,0,0,0,0,0,0,0,0,0,-0.909610991520045,0,0,0,0,0,0,0,0,0,0,0,0,0,0,0,0,0,0,0,0,0,0,0,0,0,0,0,0,0,0,0,0,0,0,0,0,0,0,0,0,0,0,0,0,0,0,0,0,0,0,0,0,0,0,0,0,0,0,0,0,0,0,0,0,0,0,0,0,0,0,0,0,0,0,0,0,0,0,0.449540400265208,0,0,0,0,0,0,-1.17920121131365,0,0,0,0,0,0,0,0,0,0,0,0,0,0,0,0,-0.517275451777883,0,0,0,0,0,0,0.00156201820924617,0,0,0,0,0,0,0,0,0
0,0,-0.874789598476169,0,0,0,0,0,0,0,0,0,0,0,0,0,0,0,0,0,0,0,0,0,0,0,0,0,0,0,0,0,0,0,0,0,0,0,0,0,0,0,0,0,-0.116696910811012,0,0,0,0,0,0,0,0,0,0,0,0,0,0,0,0,0,0,0,0,0,0,0,0,0,0,0,0,0,0,0,0,0,1.06084747109103,0,-0.616247156818952,0,0,0,0,0.267879687633596,0,0,0,0,0,0,0,0,0,0,0,0,0,0,0,0,0,0,0,0,0,0,0,0,0,0,0,0,0,0,0,0.0119873869398883,0,0,0,0,0,0,0,0,0,0,0,0,0,0,0,0,0,0,0,0,0,0,0,0,0,0,0,0,0,0,0,0.285198969750137,0,0,0,0,0,0,0,0,0,0.170620370846559,0,-0.259540757626523,0,0,0,0,0,0,0,0,0,0,0,0,0,0,0,0,0,0,0,0,0,0,0,0,0,0,0,0,0.178703891250914,0,0,-0.0788817856598385,0,0,0,-0.5693408218962,0,0
0,0,0,0,0,0,0.195900787579046,0,0,0,0.253633321634332,0,0,0,0,0,0,0,0,0,0,0,0,0,0,0.165437341708991,0,0,0,0,0,0,0,0,0,0,0,0,0,0,0,0,0,0,0,0,-0.0154800816584388,0,0,0,0,0,0,0,0,0,0,0,0,0,0,0,0,0,0,0,0,0,0,0,0,0,0,0,0,0,0,0,0,0,0,0,0,0,0,0,0,0,0,0,0,0,0,0,0,0,0,0,0,0,0,0,0,-0.100397808636604,0,0,0,0,0,0,0,0,0,0,0,0,0,0,0,0,0,0,0,0,0,0,0,0,0,0,0,0,0,0,0,0,0,0,0,0,0,0,0,0,0,0,0,0,0,0,0,0,0,0,0,0,0,0,0,0,0,0,0,0,0,0,0,0,0,0,0,0,0,0,0,0,0,0,0,0,0,0,0,0.114377053316373,0,0,0,0,0,0,0,0,0,0,0,0,0,0,0,0
0,0,0,0,0,0,0.315206061081755,0,0,0,0,0,0,0,0,0,0,0,0,0,0,0,0,0,0,0,0,0,0,0,0,0,0,0,0,0,0,0,0,0,0,0.683170173962063,0,0,0,0,-0.0392983528488606,0,0,0,0,0,0,0,0,0,1.52651258396882,0,0,0,0,0,0.550116834148521,-0.0665325270946595,0,0,0,0,0,0,0,0,0,-0.0449619316915695,0,0,0,0,0,0,-0.264940425173086,0,0,0,0,0,0,0,0,0,0,0,0,0,0,0,0,0,0,0,0.782010823095513,0,0,0,0,0,0,0,0,0,0,0,0,0,0,0,0,0,0,0,0,0,0.195020701560975,0,0,0,0,0,-0.166155651131314,0,0,0,0,0,0,0,0,0,0,0,0,0,0,0,0,0,0,0,0,0,0,0,-0.132668505378771,0,0,0,0,0,-0.138573633290249,0,0,0,0,0,0,0,0,0,0,0,-0.0296318293684115,0,0,0,0,-0.372576216177193,0,0,0,0,0,0,0,0.0124963549656638,0.286305846342981,-0.282450916482469,0,0,0,0,0,0,0,0.544397142785346,0,0,0,0,0,0
0,0,-0.0125437739301277,0,0,0,0,0,0,0,0.12681100417356,0,0,0,0,0,0,0,0,0,0,0,0,0,0,-0.865078445231075,0,0,0,0,0.701067145268938,0,0,0,0,0,0,0,0,0,0,1.16163015417076,0,-0.419064607281532,0,0.133257030888712,0,0,0,0,0,0,0,0,0,0,0,0,0,0,0,0,0,0,0,0,0,0,0,0,0,0,0,0,0,0,0,0,0,0,0,0.25977919706538,-0.108297184713784,0,0,0,0,0,0,0,0,0,0,0,0,0,0,0,0,0,0.120624348342261,0,0,0,0,0,0,0,0,0,0,0,0,0,0,0,0,0,0,-0.273833830038679,0,0,0,0,0,0,0,0,0,0,0,0,0,0,-0.242322613212977,0,0,0,0,0,0,0,0,0,0,0,0,0,0,0,0,0,0,0.0565091104151447,-2.03503505963438,0,0,0,0,0,0,0,-0.145061268275449,0,0,0,0,0,0.459125562612052,0,0,0,0,0.858449835943405,0,0,0,0,0,0,0,0,0,0,0,0,0,0,0,0,0,0,0,0.0503113074096726,0,0,0,0,0,0
0,0,0,0,-0.00422020376936394,0,0,0,0,0,0,0,0,0,0,0,0,0,0,0,0,0,0,0,0,0,0,0,0,0,0,0,0,0,0,0.124172221532637,0,0,0,0,0,0.174555869238792,0,0,0,0,0,0,0,0,0,0,0,0,0,0,0,0,0,0,0,0,0,0,0,0,0,0,0,0,0,0,0,0,0,0,0,0,0,0,0,0,0,0,0,0,0,0,0,0,0,0,0,0,0,0,0,0,0,-0.468487748064671,0,0,0,0,0,-0.0640150488543301,0,0,0,0,0,0,0,0,0,0,0,0,0,0,-0.0796804918184231,0,0,0,0,0,0,0,0,0,0,-0.79359179712682,0,0,0,0,0,0,0,-0.244578402813084,0,0,0,0,0,0,0,0,0,0,0,0,0,0,0,0,0,0,0,0,0,0,0,0,0,0,0,0,0,0,-0.367460895360141,0,0,0.199054700006557,0,0,0,0,0,0,0,0,0,0,0,0,0,0,0,0,0,0,0,0,0.502314381538671,0,0,0,0,0
0,0,0,0,0,0,0,0,-1.00082533713589,0.174710751098012,0,0,0,1.21908645741707,0,0,0,0,-0.393640202397838,0.483833815280123,0.720296115707515,0,0,-2.05073772144559,0,0,0,0,1.00187971828454,0,0,-0.116755238714172,0,0.401603723227792,0,0,0,0,0,0,0,0,0,0,-1.60088570251442,0,-1.77586907673074,0,0,0,0,0,0.387561170055086,0,0,0,1.59558454899399,0,0,0,0,0,0,0,0,0,0,0,0,0.373557789004936,-0.0973065596136318,0,0,0,0,0,0,0,-0.769442024762646,0,0,0.124722129988209,0.195724235081974,0,0,0,0,0,0,0,0,0,0,0,0,-0.245692590807109,0,0.0484902776839018,0,0,0,0,0,0,0,0,0,0,0.265717931606272,0,0,0,0,1.0337906944794,0,-0.744528125305293,0,-0.199136026628359,0,0,0,0.0420108808925266,0.610950287340489,0.468640723459339,0,-0.220468027816296,0,0,0,0,-0.684843888168812,-0.974867812208411,0,0,0,0,0,0,0,0,0.169551331251742,0.0204194672547948,0,0,0.0558511292692589,0,0,0,0,-2.45094632437313,0,0,0,0,0,0,0,0.329810274989204,0,0,0,0,1.81149276068435,0,0,0,0,0,0.00461117728821225,0,-2.54295947707362,0,0.475484756348661,0,0,0,0,0,0,0,-0.623871792287128,0,0,0,1.57766736484742,-0.0779132789866446,0,0,0,0.202147222631873,-0.150735813606022,0,0,0.586324177228835,1.92739717044121,0,0,0,0,0
0,0,0,0,0,-1.79202589034704,0,0,-0.476212415028386,0,-0.23823594365548,0,0,0,0,0,0,0,0,0,0,0,0,-2.94915513770844,-0.380396198536563,0,0,-0.529517772405644,0,0,-0.774803891383874,0,0,0,0,0,0,0,0,0,0,0,0,-0.232310411116101,0,0.0808392282254313,0,0,0,0,0,-0.0764616703797418,0,0,0.0237522118670328,0,0,0,0,-2.60913304850022,0,0,0,0,0,0,0,0,0,0,0,0,0,0,0,-0.759813034572448,0,0,0.662580426648252,0,0,0,0,0,-0.162893698854829,0,-3.4408045421792,0,0,0,0,0,-0.0477099829731862,0,0,0,0,0,-0.251201067270799,0,0,-0.364416097560093,0,-0.0610455199448179,0,0,0,0,0,0,0,0,0,0.281578936729046,0,0,0,0,0,-1.16095534572629,0,0,-0.780033931866861,-0.145338014095637,0,0,0,0,0,1.01126618888967,0,0,-0.701807187480539,0,0.645606694668318,0,0.190080992121484,0.0960224902605822,0,0,0,0,0,0,0,0,0,0,0,0,0,0,0.83113567870212,0.0197397548603317,0,0,0,0,0,0,-0.616163355844217,2.01536064437559,0,0,0,0,0,0,0.0364815788169923,-1.63129519696347,0,0,0,0,0.216066913111917,0,0,0,0,0,0,0,0,0.438154881840216,0,0,0,0,0,-0.427416729365426,0,0,-0.152620478730775,0,0,0,0,0,0,0
0,0,0,0,0,0,0,0,0,0.180805331355985,0,0,0,0,0,0,0,0,0,0,0,0,0,0,0,0,0,0,0,0,0,0,0,0,0,0.357904405927928,0,0,0,0,0,0,0,0,0,-0.493682032339982,0,0,0,0,0,0,0,0,0,0,0,0,0,0,0,0,0,0,0.0626031749272074,0,0,0,0,0,0,0,0,0,0,0,0,0,0.0690628952358332,0,0,0,0,0,0,0,0,0.305452062633455,0,0,0,0,0,0,0,0,0,0,0.477032593919825,0,0,0,0,0,0,0,-0.443437169041279,0,0,0,0,0,0,0,0.230149911460781,0,0,0,0,0,0,0,0,0,0,0,0,0,0,0.168135283515538,0,0,0,0,0,0,0,0,0,0,0.398042968244928,0,0,0,0,0,0,0,0,0,0,0,0,0,0,0,0,0,0,0,0,0,0,0,0,0,0,0,0,0,0,0,0,0,0,0,0,0,0,0,0,0,0,0,0,0,0,0,0,0,0,0,0,0,0,0,0,-0.205794790624748,0.500570922788363,0
0,0,0,0,0,0,0,0,0,0,0,0,0,0,0,0,0,0.629460852613303,0,0,0,0,0,0,0,0,0,0,-0.383901348957866,0,0,0,0,0,0,0,0,-1.80950332563295,0,0,0,0,0,0,0,0.450148148986352,0,0,0,0,0,0,0.329616560538167,-2.29825441421958,0,0,-0.13199896364068,0,0,0,0,0,0,0,0.0526509273531934,0,0,0,0,0,0,0,0,0.326960748703076,0,-1.27727513086128,0,0.767012301846602,0,0,0,0,0,0.65580570106577,0,0,0,0,0,0,0,0,0,0,0,0,0,0,0,0.366556145088381,0,0.858802196208498,-0.160178510997807,0,0,0,-1.30401614345426,0,-0.927384358805878,0,0,0,0.801526054685489,0,0.168944138347844,0,0,0,0,-0.328216492296149,0,0,0,0,0,0,-0.0225000710569647,0,0,0,0,0,0,0,0,0,0,14.5861437231349,0,0.833356591032277,0,-0.107311012274226,0,0,0,0,0,0,0,0,0,0,0,0,0,0,0,0,0,0,0,0,0,0,0,0,0.184842519788035,0,-0.0100884704945776,0,0,0,0,0,0,0,0.230202372630166,0,0,0,0,-0.749405095423642,0,0.859415455400655,0,0,0,0,0.346425744141005,0,0,0,0,0,0,0,0,-0.159786231814191,0.614730846277905,0.0142018636163281
0,0,0,0,0,0,0,0,0,0,0,0,0,0,0,0,-0.556183683381232,0,0,0,0,-0.554458406253086,0,-0.449259391632453,0,0,0,0,-0.489692450107962,-1.01798998499332,0,0,0,0,0,0,0,0,0,0,0,0,0,0,0,0,0,0,0,0,0,0,0,0,0,0,0,0,0,0,0,-0.303933901311897,-0.282915758435957,-1.83721026633686,-0.563986168646464,0.117340887708205,0,0,0.324783868545658,0,0,0.141788860131979,0,-0.151429032310941,0,0.176542985214436,-2.20374797510906,-0.737059919226521,0.17161180464353,0,0.814342811697189,0,0.277772531554667,0,0,0,-0.629208829126138,0,0,0,0,0.0877939946147901,0,0,0,0,0,0.218733471362434,0.456784873715053,-0.236077532883022,0,0,0,-1.59857973359813,0,-0.430523916484452,0,0,0,-0.608775974262222,0,2.3916295577923,0,-0.352597154168442,0,0.875749086300159,0,0.787291750448003,0,0,0,0.271025731265071,0,0,0,0,0,0.282672057711641,0,0,0,0,0.989163275444338,0,0,0,0,0,0.815952702963946,-0.968214006922712,0,1.97352506043005,0,0,0,0,0,0.338535074123087,0,0,0,0.206070571822706,0,0,0,0,0,0,-0.151477534246747,1.28818090323573,0,0,0,-0.0605356997120852,0,0,0,0,-0.0530203523572867,0,-0.217644510318974,0,0,0,0,0,0,-0.769469934123665,-0.634160849218327,0,0,3.31632314978273,0.936600791142519,0,0,0,0,0.295715697547561,0,0,0,0,0,0,1.14400745287211,0,0,0,0,0
0,0,0,0,0,0,0,0,0,0,0,0,0,0,0,0,-0.0316379291135853,0,0,0,0.273955057491187,0,0,0,-0.183382644507949,0,0,0,0,0,0,0,0,0,0,0,0,0,0,0.44571499182946,0,0,0,0,0,0,0,0,0,0,0,-0.01907472091494,0,0,0,0,0,0,0,0,0,-0.390801258747236,0,0,-3.76608165125259,0.286255429560462,0,0,0,0,0,0,0,0,0,-0.474847383615571,0,0,0,0,-0.260220406196177,0,0,0,0,0,0,0,0,0,0,0,0,0,0,0,0.384642102340744,0,0,0,-0.222634143162997,0,0,0,0,-0.0880350160710557,0,0,-0.248165862227434,0,0,1.06606896084007,0,0,0,0,0,0,0,0,0,0,0,0,0,2.24470000086848,0,0.518906975645282,0,0,0.361238975938667,0,-0.108081527979176,0,0,0,0,0,0,0,0,0,0,0,0,0,0,0,-0.905656935526325,-0.0767750036096269,0,0,0,0,0,0,0,0,0,0,0,0,0,0,0,0,0,-0.185202325057731,0,0,0,0,0,0,0,0,0,-1.2197231817315,0,0,-0.145267579289356,0,0,0,0,0,0.0829141572040153,0.757179221578377,0,0,0,0,0,0,0,0,0,0.087012376650822,0,0
0,0,0,0,0,0,0,0,0,0,0,0,0,0,0,0,0,0,0,0,0,0,0,0,0,0,0.0122365172533692,-0.0641462909989492,0,0,0.247273994557781,0,0,0,0,0,0.965631266403451,0,0,0,0,0,0,0,0,0,0,-3.54453967373482,0,0,0,0,0,0,0,0,0,0,0,0,0,0,0,0,0,0,0,0,0,0,0,0,0,0,-0.143935438911898,0,0,0,0,0,0,0,0,0,0,0,0,0,0,0,0,-0.0589418603021838,0,0,0,0,0,0,0,0,0,0,0,0,0,0,0,0,0,0,0,0.29180849743671,0,0,0,0,0,0,0,0,0,0,0,0,0,0.154443921338592,0,0.0946053838195255,0,0,0,0,0,0,0,0,0,0,0,0,0,0,0,-0.269448907225323,0,0,0,0,0,0,0,0,0.223257853018167,0,0,0,0,0,0,0,0,0,0,0,0,0,-0.921138833977682,-0.183482421016476,0,0,0,0,0,0,0,0,0,-0.747197612759675,0,0,0,0,0,0,0,0,0.455449826919645,0,0,0,0.508388158824495,0,0,0,0,0,0,0,0,0
0,0,0,0,0,-0.1108556702003,0.58086391800881,0,0,0,0,0,0,0,-0.798593492301731,0,0,0,0,0,0,0,0,0,0.812407386492979,0,0.0588823921795454,0,0,0,0.145086773830218,0,0,0,0,0,0,0,0,0,-0.0265281867382678,0,0,0,0,0,0,0,0,0,0,0,0,0,0,0,0,0,0,0,0,0,0,0,0,0,0,0,0,0,0,0,0,0,0,0,0,0,0,0,0,0,0,0,0,0,0,0,0,0,0,-0.0638327492866007,0,0,0,0,0,0,0,0,0,0,0,0,0,0,0,0,0.385877527903111,0,0,0,0,0,0,0,0,0,0,0,0,0,0,0,0,0,0,0,0,-0.027175100300507,0.238666317270967,0,0.871325711671485,0,0,-0.155005767504481,-0.464161087743169,0,0,0,0,0,0,0,0,0,0,0,0,0,0,0,0,-0.431434926904818,0,0,0,0,0,0,0,0,0,0,0,0,-0.439207724978916,0,0,0,0,0,0,0,0,0,0.197441966559921,0,-0.0448181947238684,0,0,0,0,0,0,0,0,0,0,0,0,0,0,0,0,0,0,0,0,-0.515761422934851
0,0,0,0,0,0,0,0.378497055396476,0.441981919006724,0,0,0,0,0.117327573082227,0,0,0,0,0,0,0,0,0,0,0,0,0,0,0,0,0,0,0,0.891892638810632,0,0,0,1.30162467054992,0,0,0,0,0,0,0,0,0,0,0,0,0,0,0,0,0,0,-0.781572475862452,0,0,0,0,0,0,-1.2524737314799,0,0,0.309299865308077,0.125080281986746,0,0,0.178292662578497,0,0.204150769647233,0,0,0,0,0,0,-0.267701658777055,0,0,0,0,0.382632638107472,0,1.14907766901067,0,0,0,0,0,0,0,0,0,0,0,0,0,0,-0.72459847198556,0,0,0,0,0,0,0,0,0,0,0,0,0,0.51945818810977,0,0.00167719979565173,0,0,0,0,0,0,0,0,0,0,0,0,0,0,0,0,0,0.194888573771779,0,0,0,0,0,0,0,0,0,0,0,0,0,0,0,0,0,0,0,0,0,0,0,-0.734074879774545,0,0,0,-1.0527804816129,0,0,0,0,0,0,0,0,0,0,0,0,0.0262831026998764,0,0,0,0,0,0,0,-1.52604803719716,0,0,-1.32518294119402,0,0,0,0,-3.36968244509467,0,0,0,0,0,0,0
0,0,0,0,0,0,0,0,0,0,0,0,-0.0603374301310193,0,0,0,0,0,0,0,0,0,0,0,0,0,0,0.139786720552825,-0.344935213677684,0,0,0,0,0,0,0,0,0,0,0,0,-0.134894478134874,0,-0.231355206282045,0,0,0,0,0,0,0,0,0,0,0,0,0,0,0,0,0,0,0,0,0,0.117316574148274,0.109843849420209,0,0,0,0,0,0,0,0,0,0,0.542218405133658,0,-0.621430559606936,-0.721074750339034,0,0,0,0,0,0,0,0,0,0,0,-0.408075862644594,0,0,0,0,0,0,0,0,-0.0139698421395569,0,0,0,0.358091562690327,0,-0.495172939526689,0,0,0,-0.0639649369336537,0,0,0,0,0,0,0,0,0,0,0,0,0,0,0,0,0,0,0,0,0,0,0,0,0,0,0,0,0,0,0,0,0,0,0,0,0,0,0,0,0,0,0,0.232768671598983,0,0,0,0,0,0,0,-0.929711321836909,0,0,0,0,0.317076336822249,0,0,0,0,-0.0915732035316681,0.00646306619567349,0,-0.000667899526221483,0,0,0,0,0,0,0,0,0,0,0,0,0,0,0,-2.67579276855686,0,0,0,0,-0.175842767309643,0,0
0,0,0,0,0,0,0,0,0,0,0,0,0,0,0,0,0,0,0,0,0,0,0,0,0,0,0,0,0,0,0,0,0,0,0,0,-0.0321116535533805,0,0,0,0,0,0,0,0,0,0,0,0,0,0,0,0,0,0,0,0,0,0,0,0,0,0,0,0,0,0,0,0,0,0,0,0,0,0,0,0,0,0,0,0,0,0,0,0,0,0,0,0,0,0,0,0,0,0,0,0,0,0,0,0,0,0,0,0,0,0,0,0,0,0,0,0,0,0,0.615855725275264,0,0,0,0,0,0,0,0,0,0,0,0,0,0,0,0,0,0,0,0,0,0,0,0,0,0,0,0,0,0,0,0,0,0,0,0,0,0,0,0,0,0,0,0,0,0,0,0,0,0,0,0,0,0,0,0,0,0,0,0,0,0,0,0,0,0,0,0.253245127686573,0,0,0,0,0,0,0,0,0,0,0,0,0,0,0,0
0,0,0,0,0,0,0,0.0196231199750698,0,0,0.262927344923033,0,0,0,0,0,0,0,0,0,0,0,0,0,0,0,0,0,0,0,0,0,0,0,0,-0.047556167493052,0,-0.505680003144415,0,0,0,0,0,0,0,0.153530734269571,0,0,0,0,0,0,0,0,0,0,0.108633756980327,0,0,0,0,0,0,0,0,0,0,0,0,0,0,0,0,0,0.421092235367571,0,0,0.136883020595881,0,0,0.118889061220459,0,0,0,0,0,0,0,0,0,0,0,0,0,0,0,0,0,0,-0.274938387567345,0,0,0.361076910848016,0,0,0,0,0,0,0,0,0,0,0,0,0,0,0,0,0,-0.629035038894294,0,0,0,0,0,0,0,0,0,0,0,0,0,0,0,0,0,0,0,0,0,0,0,0,0,0,0,0,0,0,0,0,0,0,0,0,0,0,0,0,0,-0.0493533215805564,0,0,0,0.246274384056813,0,0,0,0,0,0,0,0,0,0,0,0,0,0,0,0,0,0,0,0,0,0,0,0.13473293865739,0,0,0,0,0,0,0,0,0
0,0,0,0,0,0,0,0,0,0,0,0,0,0,0,0,0,0,0,0,0,0,0,0,0,0,0,0,0,0,0,0,0,0,0,0,0,0,0,0,0,0,0,0,0,0,0,0,0,0,0,0,0,0,0,0.0648378417184439,0,0,0,0,0,0,0,-0.332451626360893,0,0,0,0,0,0,0,0,0,0,0,0,0,0,0.359737426245334,0,0,0,0,0,0.15147261817648,-1.55666670575752,0,0,0,0,0,0,0,0,0,0,0,0,0,0,0,0,0,0,0,0,0,0,0,0,0,0,0,0,0,0,0,0,0,0,0,0,0,0,0,0,0,0,0,0,0,0,0,0,0,0,0,0,0,0,0,0,0,0,0,0,0,0,0,0,0,0,0,0,0,0,0,0,0,0,0.605022605069953,0,0,0,0,0,0,0,0,0,0,0,0,0,0,0,0,0,-0.0417894273915069,0,0,0,0,0,0,0,0,0,0,-0.405224103954755,0,0,0,0,0,0,0,0,0,0
0,0,0,0,0,0,0,0,0,0,-0.998164829249663,0,0,0,0,0,0,0,0,0,0,0,0,0,0,0.0460591580549501,-0.708627604862643,0,0,0,0.189126548955969,0,0,0,0,0,0,0,0,0,0,0,0,0,0,0.753658891161081,-1.19720146041318,0,0,0,0,0,0,0,0,0,0,0,0,0,0,0,0,0,0,0,0,0,0,0,0,0,0,0,0,0,0,-0.780427952010991,0,1.19175131748536,0,0,0,0.0725583078810828,0,0,0,0,0,0,0,0,0,0,0,0,0,0,0,0,0.492302440162051,0,0,0,0,0,0,0,0,0,0,0,0,0,0,0,0,0,0,0,0,0,0,0,0,0,0,0,-0.124946757601768,0,0,0,0,0,0,0,1.62210949648394,0,0,0,0.278188855491325,0,0,1.01425319505453,0,0,0,0,0,0,0,0,0,0,0,0,0,0,0,0,0.363790706007517,0.116811307949165,1.87800909316124,0,0,0,0.0899750367981025,0,0,0,0,0,0,0,0,0,0,0,0,-0.170628045950111,0,0,0,0,0,0,0,0,0,0,0,0,0,0,0,0,0,0,0,0.392635626788993
0,0,0,0,0,0,0,0,0,0,0,0,0,0,0,0,0,0,0,0,0,0,0,0,0,0,0,0,0,0,0,0,0,0,0,0,0,-0.801614040271493,0,0,0,0,0,0,0,0,0,0,0,0,0,0,0,0,0,0.613700188130062,0,0,0,0,0,0,0,0,0,0,0,0,0,-0.107226651212028,0,0,0,0,0,0,0,0,0,0.800660670625783,0.756099645020285,0,0,0.390858816004068,0,-0.202594677927071,0,0.406257750911238,0,0,0,-0.0588992109796418,0,0,0,0,0,0,0,0,0,0,0,0.0489712822513981,0,-0.327058362829999,-0.333441300607464,0,0,0.265180092953634,0,0,0.190263047809544,0,0,0,0,0,0,0,0,-0.143519091810765,0,0,0,0,0.547524538503243,0,0,0,0,0,0.226447143085461,0,0.142780563999837,0,0,0,0,0,0.228006364677291,0.0642013551398657,0,0,0,0,0,0,0.0526900765109364,0,0,0,-0.493165419298433,0,0,0,0,0,0,0,0,-0.427160740394471,0.283591833460694,0,0,0,0.227142055257053,-0.242771746168687,0.258690277899908,0,0,0,0,0,0,0,0,0,0,0,0,0.233563456591304,0,0,0,0,0,0,0,0,0,0,0,0,-0.0910874622094311,0,0,0,0,0
0,0,-0.415382253700261,0,0,0,0,0,0,0,0,0,0,0,0,0,0,0,0,0,0,0,0,0,0.367261781006903,0,0,0,0,0,0.129583860154985,0,0,0,0,0,0,0,0,0,0,0,0,0,0,0.163738066708282,0,0,0,0,0,0,0,0,0,0,0,0,0,0,0,0,0,-0.654117982141378,0,0,0,0,0,0,0,0,0,0,0,0,0,0,0,0,0,0,0,0,0,0,0,0,0,0,0,0.853926515718016,0,0.00837754391122503,-0.00902153141591389,-0.14787466465841,0,0,0,0,0,0,0,0,0,0,0,0,0,0,0,0,0,0,0,0,0,0,0,0.943379095930595,0,0,0,0,0,0,0,0,0,0,0,0,0,0,0,0,0,0,0,0,0,0,0,0,0,0,0,0,0,0,0,0,0,0,0,0,0,0,0,0,-0.0314837773303176,0,0,0,0,0,0,0,0,0,0,0,0,0,0,-0.00567471675672238,0,0,0,0,0,0,0,0,0,-0.174852689875447,0,0,0,0,0,0,0,0,0,0,0,0,0,0
0,0,-0.705810397117435,0,0.489058717868295,0,0.144807865156898,0.190501976401526,0,0,0,0,-0.729415776797407,0,0,0,0,0,0,0,0,0.387028324599515,0,0,0,0,0.969870969381588,0,0,0,0,0,0,0,0,0.160581539021589,0,0,0,0,-1.51933554284656,0,-0.0668311357679647,0,0,1.25125655185674,0,0,0,0,0,-0.517021682110493,0,0.0719937615750639,0,0.0268889891621853,0.260540528605933,0,0,0.485750604337941,0,0,0,0,0,0,0,0,0,0,0,-0.0347862046506984,-0.0169159526012146,1.19339377439974,0,0,0,0.934943054657061,2.6156416476419,0,0,0,0,0,-0.213503265972874,0,0,0,0,0,-0.480534531107684,0,0.684115606577613,0,1.05533383472374,0,0,0,-0.614707519659125,-0.456502631348309,0,0,-0.510980254718915,0,0,0,0,0,0,0,0,0,0,-0.925291592105762,0,0,0,0,0,0.892958531030227,0,-0.101911904612861,0,0,0,0,0,0,-1.58875316136708,0,-0.246067482178886,2.06829321268007,-0.874255955728769,0,0,0,0,0,0,-0.464976302627162,0,0.396725938151641,0,0,-0.761074495563244,0,0,1.43014425573232,0,0,-0.125517495268279,0,-0.699743680132421,0,0,0,0,0,0,0,-0.53258149345628,0,0,0,0.211320599216151,0,0,0,0,0,0,0,0,0,0,0,0.0652158171740191,0,0,-0.320212467047866,0,0.576269173537113,0,0,0,0,0,0,0,0,0,0,0,0,0,0,0,0,0,-0.0150728468494186
0,0,0,0,0,0,0,-0.0452669155280483,0,0,0,0,0,0,0,0,0,0,0,0,0,0,0,0,0,0,-1.2985517740931,0,0,0,0.41167978135062,0,0,0,0,0,0,0,0,0,0,0,0,0,0.158894062346776,0,0,0,0,0,0,0,0,0,0,0,0,-0.260619685647367,0,0,0,0,0,0,0,0,0,0,0,0,0,0,0,0,0,0,0,0.203403563079339,-0.0971780634643553,0,0,0,0,0,0.0879676690190128,-0.617269460183831,0,0,0,0,0,0,0,0,0,0,0,0,0,0,0,0,0,0,0,0,-2.95034633762746,0,0,0,0,-0.713530873927846,0,0,0,0,0,0,0,0.406984759143878,0,0,0,0,0,0,0,0,0,0,0,0,0,0,0,0,0,0,0,0,0.450769875447289,0,0,-1.07875152325411,0,0,0,0,0,0,0,0,0,-0.124865408920081,0,0,0,0,0,0,0,0,0,0,0,0,0,0,0,0,0,0,0,0,0,0,0,0,0,0,0,0,0,0,0,0,0,0,0,0,0,0,0,0,0,0,0,0,0,0
0,0,0,0,0,0,0,0,0,0,0,0,0,0,0,0,0,0,0,0,0,0,0,0,0,0,0,0,0,0,0,0,0,0,0,0,0,0,0,0,0,0,0,0,0,0,0,0,0,0,0,0,0,0,0,0,0,0,0,0,0,0,0,0,0,-0.014752926546544,0,0,0,0,0,0,0,0,0,0,0,0.1041993058185,0,0,0,0,0,0.208235626411889,0,0,0,0,0,0,0,0,0,0,0,0,0,0,0,0,0,0,0,0,0,0,0,0,0,0,0,0,0,0,0,0,0,0,0,0,0,0,0,0,0,0,0,0,0,0,0,0,0,0,0,0,0,0,0,0,0,0,0,0,0,0,0,0,0,0,0,0,0,0,0,0,0,0,0,0,0,0,0,0,0,0,0,0,0,0,0,0,0,0,0,0,0,0,0,-0.733890893427731,0,0,0,0,0,0,0,1.27074195083144,0,0.034851910934045,0,0,0.0421302095907992,0,0,-0.194953253885197,0,-0.301187205949282,0,0
0,0,0,0,0,0,0,0,0,0.0773437675308823,0,0,0,0,0,0,0,0,0,0,0,0,0,0,0,0,0,0,0,0,0,0,0,0,0,0,0,0,0,0,0,0,0,0,0,0,0,0,0,0,0,0,0,0,0,0,0,0,0,0,0,0,0,0,0,0,0,0,0,0,0,0,0,0,0,0,0,0,0.24304478829077,0,0,0,0,0,0,0,0,0,0,0,0,0.930950673850465,0,0,0,0,0,0,0,0,0,0,0,0,0,0,-1.99798828907559,0,0,0,0,0,0,0,0.0364502484372189,0.920799307520433,0,0,0,0,0,0,0,0,0,0,0,0,0,0,0,0,0,0,0,0,0,1.27790408303668,0,0,0,0,0,0.787778764263958,0,0,0,0,0,0,0,0,0,0,0,0,0,0,0,0,-0.0930102532926664,0.191981011800875,0,0,0,0,0,0,0,0,0,0,0,0,-0.13475703317137,0,0,0,0,0,0,0,0,-0.308486996650966,1.24688620208654,0,0,0.0555459020756661,0,0,0,0,0,0,0,0.0385647057964438,0,0,0,0
0,0,0,0,0,0,0.243405740114244,0,0,-0.214300001595306,0,0,0,0,0,0,0,0,0,-0.217682054863321,0.295375201473705,0,0,0,0,0,0,0,0,-0.275186690398733,0,0,0,0,0,0,0,0,0,0,0,0,0,0,0,0,0,0,0,-0.00845806502553104,0,0,0,0,0,0,0,0,0,0,0,0,0,0,0,0.316696147816112,0,0,0,0,0,0,-0.482369425515515,-0.445638562480745,0,0,0,0,0,0,0,0,0,0,0,0,0,0,0,0,0,0,0,0,0,0,0,0,0,0,0,0,0,0,0,0,0,0,0,0,-7.49914240728605,0,0,0,0,0,0,0.282232703801246,0,0,0.0129439904250308,0,0,0,0,0,0,0,0,0,0.393231661353388,0,-0.407768171212996,0,0,0,0,0,0,0,0,0,0,0,0,0,0,0,0,0,0,0,0,0,0,0,0,0,0,0,-1.01346575212434,0,0,0,0,0,0,0,0.585261297296919,0,-0.168022390603473,0,0,0,-0.00862685836009303,-0.125540249699655,0,0.963606708044522,0,0.275892996249941,0,0,0,0,0,0,0,0,0,0,0,0,0,0,0,0,0,0,0,0
0,0,0,0,0,0,-1.08661996483625,0,0,0,0,0,0,0,0,0,0,0,0,0,0,0,0,-0.08039555462708,0,0,0,0,-0.253221293542861,0,0,0,0,0,0,0,0,0.244923938372601,0,0,0,0.0994987007332038,0,0,0,0,0,0,0.318570521697555,0,0,0,0,0,0,-0.160005896554392,0,0,0,10.7584684660393,0,0,-0.93118510892032,0,0,0,0,0,0,0,0,0,0,0,0,0,0,0,0,0,0,-0.213187243451598,0,0.337839299562795,0,0,0.445218656732392,-0.138764470574473,0,-0.212775987569833,0,-2.25169983386924,0,0,0,0,0,0,0,0,0,0.227756913325159,0,0,0,0,0,0,-3.44971138879502,-0.23129006298775,0,0,0,0.224670686006371,0,0,0,0,0,0,0,0,0,-0.175760820838667,0,0,-0.32016146086513,0,0,0,0.573768705325841,0.87985869283864,-0.276658648480165,0,0,0,0,0,0,0,0,-0.629803460757984,0,0,0,0,0,0.781880879143243,0,0,0,0,0.551240165739825,0,0,0,0,0,0,0,0,0,0,0,0,0,0,0,0,0,0,0,-0.0727049420600019,0,0,0,0,0,0,0,0,0,-0.337046476839218,0,-0.274890576839826,0,0,0,0,-0.893943401383132,0,0,0,-0.18355998577243,0.60668193411048,0,0,0,0,0
0,-0.448688399789334,0,0,0,-0.445711634231853,0.251157250160819,0,0,0,0,0,0,0,0,0,0,0,1.21315591077823,0,2.00434327458964,0,0,0,0,0,0,0,0,0,0,0,0,0,0,0,0,0,0,0.191358256461559,0,1.7579713350649,0,0,0,0,0,0,0,0,0,-0.121263723739919,0,0,0,0,0,-0.500064605070855,0,27.7723264682193,0.0751973827093673,0,0,0,0,0,0,0,0,0,-1.73485358652383,0,-0.0860292071214694,0,0,0,0,0,0,0,0,0,0,0,0,0,0,0,0,0,0,0,0,0,0,0,0,0.607787527630698,-0.349670794334049,0,0,0,0,0,1.74111045611364,-1.07835840704969,0,0,0,0,0,0,-1.17925309549988,0,0,0,0,0,0,0,-1.39340717590777,0,0,0,0,0,0,0,0,0,0,0,0,0,0,0,0,0,0,0,0,0,0,0,1.21116465298113,0,0,0,0,0,0,0,3.23985253445867,0,-0.633314460483336,0,-0.559949077114014,0,0,0,0.497289598718104,0,0,0,0,0,0,0.084026213529989,0,0,3.98746629516921,0,0,0,0,0.602908362119774,0,0,0.769033254357165,0,0,0,-0.725467914828109,0,0,0,-1.00852942825574,0.244261104553843,0,0.149862280235267,0,0,0,0,0,0,0,0,-0.0236512484540927,0
0,0,0.250252567282207,0,0,0,-0.31961862055193,0,0,0,0,0,0,0,-0.173920448951962,0,0,0,0,0,0,0,0.188578946729409,0,0,0,0,0,0,0,0,0,0,0,0,0,0,0,0,-0.521543328550811,0,1.34639290569932,0,0,0,0,0,0,0,0,0,0,0,0,0,0,0,0,0,16.3140177034991,0,0.404605987340602,-0.92366663318444,0,0,0.831356766205103,0,0.183683518047556,0,0,0,0,0,0,0,0,0,0,0.322657787165736,0,0,0,0,0,0,0,0,0,0,0,0,-0.926037696253707,0,-0.149736841857787,0,0,0,0.267295313398221,0,0,0,0,0,0,0,0,0,0,-2.38262416065185,0,0,-1.2280781121589,-0.0635533468591489,0,0,0,0,0,0,0.383200092740544,0,0,0,0,0,0,0,0,0,0,0,0,0,0,0,0,0,0,0,-1.19161508369835,0,0,0,0,0,0,0,0,0,0,0.247640267833532,0,0,-0.179608396337996,0,0,0,0,0.0455813896627248,0,0,0,0,0,0,-0.162009297402309,0,0.0386012658068109,0,0,0,0,0,0,0,0,0,0,0,0,0,0,0,0.151214457284596,-1.85432450099928,0,0,0,0,-1.28529464137438,0,0,0,0,0,0,0,0,0,-0.326463640590553
0,0,0,0,0,0,0.401684889966217,0,0,0,0,0,0,0,0,0,0,0,0,0.682739786440562,0,0,0,0,0,0,0,0,0,0,0,0,0,0,0,0,0.014339854107577,0,0,0,0,0,0,0,0,0,0,0,0,0,0,-0.114989416581838,0,-0.359911456406887,0,0,0,0,0,0,0,0,0,0,0,0,0,0,0,0,0,0,0,0,0,0,0,0,0,0,0,0,0,0,0,0,0,0,0,0,0,-0.0294733836179595,0,0,0,0,0,0,0,0,0,0,0,0,0,0.141362008773663,0,0,0,0,0,0,0,0,0,0,0,0.107348323725687,0,0,0,0,0,0,0,0,0,0,0,0,0.359867721323379,0,0,0,0,0,0.308811690387351,0,0,0,0,0,0,0,0,0,0,0,0,0,0,0,0,0,0,0,0,0,0,0,0,0,0,0,0,0,0,0,-0.779123357678503,0.0962178856435776,0,0,0,0,0,0,0,0,0,0,0,0,0,0,0,0,0,0,0,0,0,0,0,0.246991664080391,0,0,0,-0.0779367799925217,0,0
0,0,0,0,0,0,0,0,0,-0.154300788496308,0,0,0,0,0,0,0,-1.50226549965595,0,0,0,0,0,0,0,0,0,0,0.720433046604849,0,0,0,0,0,0,0.272304880718043,1.90800318593133,-0.308982981308474,0,0,0,0,0,0,0,0,0,0,0,0,0,0.949280842368879,0,0,0.376630704344325,0,0,0,0,0,0,0,0,-0.189631387312763,-0.41552866777719,0,0,0.192230501070217,0.153559053254712,0,0,0,0,0,0,0,0,0,-0.0242621778789898,0,0,0,0,0,0,1.31384454003485,0,0,-0.512012952648133,0.306904070772546,0,-0.357598392510408,0,0.107800027157774,0,0,0,0,0,9.34378313202144,0,0,0,0,0,0.319669864782005,0,0,0,-0.129591278332529,0,0,0,0,0,0,0,0,0,0,0,0.152708181237282,0.162577622873091,0,0,0.102553458506034,0,-0.539907482650446,-0.629583287063731,0,0,0,-1.52832572576999,0,0,0,0,0,0,0,-0.726568872463572,0,0,0.0884923114047369,0.0845615508145989,-0.135864424903616,0,-0.0130571347823814,0,0,0,0,0,0,0,0,0,0,0,0,0,0,0,0,0,0,1.48441438780726,-1.21552120616625,0,0,0.540353762550049,0,0,0,0,-0.601275287347155,0,0,-0.103158414043865,0,0,0,0,0,0.134259433082067,0,-1.22388413162789,0,0,0,0,0,0,0,0,0,0,0.790085531654497,0,0
0,0,0,0,0.285386709918776,0,0,0,0,0,0,0,0,0,0,0,0,0,0,0,0,0,0.180166681319713,0,0,0,0,0,0,0,0,0,0,0.461429932565839,0,0,0.0351131567194343,0,0,0,0,0,0,-0.0703069481465011,0,0,0,0,0,0,0,0,0,0,0,0,0,0,0,0,0,0,0,0,0,0,0,0,0,0,-0.365552299895368,0,0,0,0,0,0,0,0,0.318008870253468,0,0,0,0,0,0,0,0,0,0,0,0,0,0,0,0,0,0,0,4.48413204867823,0,0,0,0,0,0,0,0,0.404209662982794,0,0,0,0,0,0,0,0,0,0,0,0,0,0,0,0,0,0,0,0,-0.107802460169179,0,0,0,0,0,0,0.440202946877073,0,0,0,-1.11355391946743,0,0,0,0,0,0,-1.80413040894769,0,0,0,0,0,0,0,0,0,0,0,0,0,0,0,0,0,0,0.692512507269183,-0.206917240294129,1.67099520131778,0,0,0,0,0,0,0,0,0,0,0,0,0,0,0,0,0,0,0.101843860146254,0,0,0,0,0,0,0,0,0,0.496786730592957,2.58012762351572,0
0,0,0,0,0,0,0,0,0,0,0,0,-0.109838060302319,0,0,0,0,0,0,0,0,0,0,0,-0.340863427935875,0,0,0,0,0,0,0,0,0,0,0,0,0,0,0,0,0,0,0,0,0,0,0,0,0,0,0,0,0,0,0,0.174706233916021,0,0,0,0,0,0,0,0,0,0,0,0,0,0,0,0,0,0,-0.160123669393874,0,0,-0.589289098829902,0,1.62372390611519,0,0.681116317256092,0,0,-0.9259537502577,0,0,0,0,0,0,0,0,0,0,-0.0363110022637927,0,0,0,0,0,0,0,0,0,0,0,0,0,-6.26701052493287,0,0,0,0,0.747047399966864,0,0,0,0,0,0.0253522514039077,0,0,0,0,0,0,0,0,0,0,-0.225609003692866,0,-3.29439417841133,0,0,0,0,0,0,0,0,0,0,0,0,0,0,0,0,0,0,0,0,0,0,0,0,0,0.19118189829115,0,0,-0.535203951592065,0,0,0,0,0,0,0,0,0,0,0,0,0,0,0,0,0,0,0,0,0.362620817481512,0.555219724140098,0,0,0,0,0,0,0,0,0,0,0,-0.706874358551356,0,0
0,0.0958403404795896,0,0,0,0,0,0,-0.300796588559338,0,0,0,0,0,0,0,0,0,0,0,0,0,0,0,-0.454303264462939,0,0,-0.812101075555499,0,0,0,0,0,0,0,0,0,0,0,0,0,0,0,0,0,0,0,0,0,0.429366115448585,0,0,0,0,0,0,0,0,0,0,0,0,0,0,0,0,0,0,0,0,-0.389013123795853,0,0,0,0,0,0,0,0,0,0,0,0.24121999531428,0,-0.450803187412785,-0.13726053184677,0.322866420577876,0,0,0,0,0,0,0.908322612886874,0,-0.10097828047473,0,0,0,0,0,0,0,0,0,0,0,0,0,0,-13.9626388133384,0,0,0,0,0,0,0,0,-0.182143130039515,-0.0605138039381361,0,0,0,0,0,0,0,0,0,0,0,0,0,-4.91035756144221,0,0.429003984640626,0,0,-0.351119660692285,0.0848847909283545,-0.760362157890224,0,0.123051160884498,0,0,0,0,0.20062469540236,0,0,0,0,0.460203921196079,0,0,0,0,0,0,0,0,0,0,0,0,0,0,0,0,-0.245675604622734,0,0,0,-0.118820920078514,0,0,0,0,0,0,0,0,-0.39491668998333,0,0,0,0,0,0,0,0,0,-0.367340567607155,0,0,0,0,0,0
0,0,0,0,0,0,0,0,0,0.358195701483259,0,0,0,0,0,0,0,0,0,0,0,0,0,0,0,0,0,-0.780117114672603,0,0,0,0,0,0,0,0,0,0,0,0.407225358508829,0,0,0,0,0,0,0,0,0,0.547114779000352,0,0,0,0,0,0,0,0,0,0,0,0,0,-0.40237916065508,0,0,0,0,0,0,0,0,0,0,0,0,0,0,0,0,0,0,0,0,0,-0.00214320033550774,0,0,-0.451532480019217,0,0,0,0,0,0,0,0,0,0,0,0,0,0,0,0,0,0,0,0,0,-13.7702636756853,0,0,0,0,0,0,0,0,0,0,0,0,0,0,0,0.0572688796607372,0,0,0,0,0,0,0,0,0,0,0,0,0,0,0,0,0,0,0,0,0,0,0,0,0,0,0,0,0,0,0,0,0,0,0,0,0,0,0,0,0,-0.0951421683191964,0,0,0,0,0,0,0,0,0,0,0,0,0,0,-0.409423573645081,0,0,0,0,0,0,0,0,0,-0.100851642743061,0.0104246161019339,0,0,0,0,0
0,0,0,0,0,0,0,0,0,0.745370556872965,0,0,0,0,1.06033347692211,0,0.00834047283248296,0,0,0.553603559634831,0,0,0,0,0,0.207959654039945,0,0,0,0,0,0,0,0,0,0,0,0,0,0.713222303043851,-0.569303269507266,0,0.096138720559297,0,0,0,0,0,0,1.58540706414273,0,0,0,0,0,0,0,-0.723894881705788,0.210478166003504,0,0,0,0,-0.00164597053406745,0,0.0547721268069843,0,0,0,0,0,0,0,0,0,0,0,0,0,0,0.097734302835542,0,0,0,0,0,0,0,-0.407221408567181,0,0,0,0,0,0,0,0,0,0,0.217399477213803,0,0,0,0,0,0,0,0,0,0,-14.265497442378,0,0,0,0,0,0,0,0,0,0,0,0,0,0,0,0.255570162703761,0,0,0,0,0,0,0,5.30253103152083,0,0,0,0,0,0,0,0,0,0,0,0,0,0,0,0,0,0,0,0,0,0,0.00764942460326168,0,0,0,0,0,0,0,0,0.224651244134109,0,0,0,0,0,0,0,0,0,0,0,0,-0.188072197713215,0,0,0,0,0,0,0,0.221745909266389,0,0,0.615808965478971,0,0,0,0.488240027181617,0,0,0,0,0
0,0,0,0,0,-0.380346561696402,0,0,0.32621016981868,0.718482320394466,0,0,0,0,0.483512164919075,0,0.483228995518794,0,0,1.29424833192087,0,0,0,0,0,0,0,0.413179799581957,0,0,0,0,0,0,0,0,0,0,0,0.487067063855697,0,0,0.480197212811924,0,0,0,0,0,0,2.87527133183064,0,0,0,0,0,0.069483857843631,-0.173422284819646,-0.408986850003765,0,0,0,-0.260008320563555,0,0,0,0,0,0,-0.31561781653556,0,0,0,0,0,0,0,0,0,0,0,0,0,-0.47248699557475,0,0,0,0,-1.12043850422797,-0.624011330301961,-0.24304227458388,0,0,0,-0.123675019907085,0,0.117459248227189,0,0,0,0,0,0,0,0,0,0,0,0,0,0,-14.4450203062444,0,0,0,0,0,0.167322685199758,0,0,0,0,0,0,0,0,0,0,0,0,0,0,0,0,0,8.96197192168996,0,0,0,0,0,0,0,0,0,0,0,0,0,-0.877095176689417,0,0,0,0,0,0,0,0,0,0,-0.652577150735252,0,0.434170522771797,0,0.285667684607814,0,0,0,0,0,0,0,0,0,0,0,0,0,0,0,-1.49536162813652,0,0,0,0,0,-0.395607826067701,0,0,0,-0.263851833927367,0,0,0,0,0,0,0,0,0,0
0,0,-0.208485481365375,0,0,0,0,0,0,0,0,0,0,0,0,0,0,0,0,0,0,0,0,0,0,0,0,0,0,0,0,0,0,0,0,0,0,0,0,0,0,0,0,0,0,-0.107187673346256,0,0,0,0,0,0,0,0,0,0,0,0,0,-0.122359231225546,0,0,0,0,-0.978152335169906,0,0,0,0,0,0,0,0,0,0,0,0,0,0,0,0,0,0,0.967820599004448,0,0,0,0,0,0,0,0,0,0,0,0,0.0993280003793671,0,0,0,0,-0.167704591266638,0,0,0,-0.477700921371168,0,0,0,0,0,0,0,0,0,0,0,0,0,-0.0395871005324169,0,0,0,0,0,0,0,-0.245705212398215,0,0,0,0,0,0,0,0.0485485820580136,0,0.0484472642268952,0,0,0,0,0,0,0,0,0,0,0,0.319128630829117,0,0,0,0,0.736588264949738,0,0,0,0,0.317739069150764,0,-0.113683197984631,0,0,0,0,0,0,0,0,0,0,0,0,0,0,0,0,0,0,0,0,0,0,0,0,0,0,0,-0.0104111191401639,0,0,-3.5778750172607,0,-0.0607408110457464,0,-0.348795560273619,0,0,0
0,0,-0.411645485592405,0,0,1.67762296159209,0,-0.381112017566715,0,0,0,-0.162003902051455,0,0,-0.110097349613373,0,0,0,0.122351003558771,0,-0.922721133350134,0,0,0,0,0.534827069611435,0,0,0,0,0,0,0,0.0685222320869376,0,0,-0.448389537238214,0.599514189601242,0,0,0,0,0,0,0,0,0,0,0,0,0,0,0,0,0,0,0.205608980615543,0,0,0,0,0,0,0.351994096768831,0,0,0,0,0,0,-0.355857968279949,0,0,0,0.972565307869473,0,0,0,-0.685186337505544,0,0,0,0,0,0,0,0.346143504324697,0,0,1.01696919823798,0,0,-0.0981791409032857,0,0,0,0,1.41826865099841,0,0.239575606076604,0,0,0,0,0,0,0,0,-0.298289087358968,0,0,0,0,0,0,0,0,0,0,0,-0.0651193204749707,0,0,0,0,0,0,0,0,0,0,0.703834680999978,0.297923999801441,0,0,0,0,0,0,0,0,0,0.00780729439708372,0.829204967484396,0,0,0,-1.55006065598048,0,0,-0.490592378410909,0,0,0,0,0,0,0,0,0,0,0,0,0,0,0,0.498665268864657,0,0,-0.443383383187002,0,0,0,0,0,0,-0.453202809393747,0,0.402340751642332,0,0,0,0,-1.5606029116203,0,0.792051560649807,0,0.288027667474989,0,0.63830363243828,0,0,0,0,0,0,-1.05692772214499,0,0,0
0,-0.197496117673347,-0.141942326761957,0,-0.251268183916161,0.485628496527577,0,0,0,0,0,0,0,0,-0.671820642614927,0,0,0,0,0,0,0,0,0,-0.0129056394117,0.505912359385441,0,-0.197740579875262,0,0,0,0,0,0,0,0,-0.0901445357372295,0,0,0,0,0,0,0,0,0,0,0,0,0,0,-0.0226299720327827,0,0,0,0,0,0,0,0,0,0,0,0.875616684513401,0,0,0,0,0,0,-0.119697196296596,0,0,0,0.966786165308482,-0.0413991941139518,0,0,0,0,0,0,0,0,-0.250872733893745,0,0,0,0,0.347655716327774,0,0,-0.244335334534937,0,0,0,0,0.695100917891283,0,0,0,0,0,-0.437680397143465,0,0.268606933365433,0,-0.356495478469846,-0.681770020202928,0,0,0,0,0,0,0,0,0,0,0,-0.386359350666533,0,0,0,0,0,0,0,0,0.412676481514991,0,0.236738898992979,-0.31599573676955,0,0,0,0,0,0,0.0538421224738046,0,0,0,0,0,0,0,-0.660249704214404,0,0,0,0,0,0,0,0,0,0,0,0,0,0,0,0,0,0,0,0,0,-0.294085944108369,0,0,0,0,0,0,-0.704791572229032,0,1.1104570592634,0,0,0,0,0,-0.472514638315536,0,0,0,0,1.14680478755545,0,0,0,0,0,0,-0.125303079951234,0,0,0
0,0,0,0,0,0.870832149282695,-0.227914321308269,0,0,0,0,0,0,0,-0.0418622285343435,0,0,0,-0.00823860320242931,0,0,0,0,0,0,0,0,-0.64779471405037,0.330570397247016,0,0,0,0,0,0,0,0,0,0,0,0,0,0,0,0,0,0,0,0,0,0,0,0,0,0,0,0,0,0,0,0,0.629523615440251,0,0,-0.392410777414518,0.597492293427851,0,0,0,0,-0.0973248001901945,0,0,0,0,0,0,0,0,0,0,0,0,0,0,0,0,0,0,0,0,0,0,0,0,0,0,0.28474746826771,0,0,0,0,0,0,0,0.0314246539204748,0,0,0,0,0,0,0,0,0,0,0,0,0,0,-1.16839983857896,-0.602453145457217,0,0,0,0,0,0,0,1.15024541924297,0,0,-0.18422690429991,0,0,0,0,0,0,0,0,0,0,0.115610040958968,0,0,0,-0.497221559254011,0,0,0,0,0,-0.119746596339827,0,0,0,0,0,0,0,0,0,0,0,0,0,0,0,-0.250386394543286,0,0,0,0,0,0,-0.640577246653804,0,0.547733697104358,0,0,0,0,0,0,0,0,0,0,1.23001742492719,0,0,0,0,0,0,-0.31927329742091,0,0,0
0,0,-0.367846177999741,0,0,0.237452138602244,0,0,0,0,0,0,0,0,0,0,0,0,0,0,-0.0407854867319746,0,0,0,0,0,0,0,0,0,0,0,0,0,0,0,0,0,0,0,0,0,0,0,0,0,0,0,0,0,0,0,0,0,0,0,0,0.0903650126699669,0,0.0286022170204974,0,0,0,0,-0.272544423744344,0,0,0,0,0,0,0,0,0,0,0,0,0,0,0,-0.0373546077692921,0,0,0,0,0,0,0,0,0,0,0,0,0,0,0,0,0,0,0,0,0,0,0,0,0,0,0,0,0,0,0,0,0,0,0,0,0,0,0,-0.882997478654223,0,0,0,0,0,0,0,0,1.08048383817189,0,0,0,0,0,0,0,0,0,0,0,0,0,0,0,0,0,0,0,0,0,0,0,0,0,0,0,0,0,0,0,0,0,0,0,0,0,0,0,-0.556842272255391,0,0,0,0,0,0,-0.409041497939472,0,0.456821306290493,0,0,0,0,0,0,0,0,0,0,0,0,0,0,0,0,0,-0.0934719561230306,0,0,0
0,0,0,0,0,0,0,0,0,-0.0470484650909584,0,0,0,0,0,0,0,0,0,0,0,0,0,0,-0.0651458786702934,0,-0.741813234569403,0,0,0,0.102003916721109,0,0,0,0,0,0,0,0,0,0,0,0,0,0,0,0,0,0,0,0,-0.539551696732695,0,0,0,0,0,0,0,0,0,0,0,0,0,0.573852179126862,0,0,0,0,0,0,0,0,0,0,0,0,0,0,0,0,0,0,0,0,0,0,0,0,0,0,0,0,0,0,0,0,0,0,0,0,0,0,0,0,0,0,0,0,0,0,0,0,0,0.0125360472971237,0,0,0,0,0,0,0,0,0,0,0,0,0,0,0,0,0,0,0,0,0,0,0,0,0,0,0,0,0,0,0,0,0,0,0,0,0,0,0,0,0,0,0,0,0,0,0,0,0,0,0,0,0,0,0,0,0,0,0,0,0,0,0,0,0,0,0,0.0258355083248183,0,0,0,0,0,0,0,0,0,0,0,0,0,0,0,0
0,0,0,0,0,0,0,0,0,0,0,0,0,0,0,0,0,0,0,0,0,0,0,0,0,0,-0.627817010601677,0,0,0,0,0,0,0,0,0,0,-0.68702683965912,0,0,0,0,0,0,0,0,0,0,0,0,0,0,0,0,0,0,0,0,0,0,0,0,0,0,0,0,0,0,0,0,0,0,0,0,0,0,0,0,0,0,-0.177879926760856,0,0,0,0,0,0,0,0,0,0,0,0,0,0.281771246472264,0,0,0,0,4.16809270623696,0,0,0,0,0,0,0,0,0,0,0,0,0,0,0,0,0,0,0,0,0,0,0,0,0,0,0,0,0,0,0,0,0,0,0,0,0,0,0,0,-0.0634910236986101,0,0,0,0,0,0,0,0,0,0.114345813662828,0,0,0,0,0,0,0,0,0,0,0,0,0,0,0,0,0,0,0,0,0,0,0,0,0,0,0,0,0,0,0,0,0,0,0,0,0,0,0,0,0,0,0,0,0,0,0,0,0
0,0,0,0,0,0,0,0,0,0,0,0,0,0,0,0,0,0,0,0,0,0,0,0,0,0,0,0,0,0,0,0,0,0,0,0,0,0,0,0,0,0,0,0,0,0,0,0,0,0,0,0,0,0.167188886570368,0,0,0,0,0,0,0,0,-0.0179659692695437,0,0,0,0,0,0,0,0,0,0,0,0,0,0,0,0,0,1.07712254079614,0,0,0,0.504669468826685,0,0,0,0,0.467917367740577,0,0,0,0,0,0,0,0,0,0,0,0,0,0,0,0,0,0,0,0,0,0,0,0,0,0,0,0,0,0,0,-0.0371693067369436,0,0,0,0,0.614351319285036,0,0,0,0,0,0,0,0,0,0,0,0,0,0,0,0,0,0,0,0,-0.115691529454558,0,0,0,0,0,0,0.465843717037512,0,0,0,0,0,0,0,0,0,0,0,0.139939774379388,0,0,0,0,0,0,0,0,0,0,0,0,0,0,0,0,0,0.627989156838235,0,0,0,0,0,0,0,0,0,-0.0895046192741646,0,0,-0.334936879843732,0,0
0,0,0,0,0,0,0,0,0,0,0,0,0,0,0,0,0,0,0,0,0,0,0,0,0,0,0,0,0,0,0,0,0,0,0,0,0,0,0,0,0,0,0,0,0,0,0,0,0,0,0,0,0,0,0,0,0,0,0,0,0,0,0,0,0,0.146868541781519,0,0,0,0,0,0,0,0,0,0,0,0.739305825980963,0,0,0.81880311161802,0,0,0,0,0,0,0,0,0,0,0,0,0,0,0,0,0,0,0,0,0,0,0,0,0,0,0,0,0,0,0,0,-0.430427775329799,0.368312712361474,0,0,0,0,0,0.598793235742068,0,0,0,0,0,0,0,0,0,0,0,0,0,0,0,0.0802809110466942,0,0,0,0,0,0,0,0,0,0,-0.951170137490883,0,0,0,0,0,0,0.300097260467883,0,0,0,0,0,-0.216555655694233,0,0,0,0,0,0.0437575062710378,0,-0.00730005604347039,0,0,0,0,0,0,0,0,0,0,0,0,0,0,0,0,0,0.197444071984341,0,0,0,0,0,0,0,-0.467441354133238,-0.238079305006494,0,0,0,0
0,0,-0.504059932361002,0,0,-0.317008780961508,0,0,-0.249648633254521,0,0,0,0,0,0,0,0,0,0,0,0,0,0,0,0,0,0,0,0,0,0,0,0,0,0,0,0,0,0,0,0,0,0,0,0,0.0934950737678062,0,0,0,0.0464384183802475,0,0,0,0,0,0,0,0,0,0,0,0,0,-1.13867834865398,0,0,0,0,0,0,0,0,0,0,0,0,-0.581998704802452,0,0,0,-0.711713511140041,0,0,0,0,0,0,0,0,0,0,0.101709323190679,0,0,0,0,0,-0.0439323427491927,0,0,0,0,0,-0.13676576595681,0,0,0,0,0,0,0,0,0,0,0,0,0,0,0,0,0,0,0,0,0,0,0,0,0,0,0.158179087823346,0,0,0,0,0,0,0,0,0.271452827112155,0,0,0,0,0,0,0,0,0,0,0,0,0,0,0,0,0,0,0,0,0,0,0,0.352665531468528,0,0,0,0,0.203590979269445,0,0,0,0,0,0,0,0,0,0,0,0,0,0,0,0,0,0,0,0,0,0,0,0,0,0,0,0,0,0,0
0,0,0,0,0,-1.2449110890612,0,0,-0.836969310045682,0,0,0,0,0,0,0,0,0,0,0,0,-0.056435017261014,0,0,0,0,0,0,0,0,0,0,0,0,0,0,0,0,0,0,0,0,0,0,0,0,0,0,0,0,0,0,0,0.243220411219892,0,0,0,-1.12714758267908,0,0,0,0,0,-1.30996969312586,0,0.0381954444978385,0,0,0,0,0,0,0,0,0,0,-3.77274167148671,0,0.56178743873505,0,-0.063265408671408,0,0,0,0,0,0,0,0,0,0,0.0492791915066564,0,0,0,0,0,0,0,0,0,0,0,0,0,0,0,0,0,0,0,0.0724539983343195,0,0,0,0,0,0,0,0,0,0,0,0,0,0,0,0,0,-0.277734007077892,0.482170689775524,0,0,0,0,0,0,0,0,0.393995978603453,0,0,0,0,0,0,0,0,0,0,0,0,0,0,0,0,0,0,0,0,0,0,0,0.249988265507567,0,0,0,0,0,0,0,0,0,0,0,0,0,0,0,0,0,0,0,0.211038663297281,0,0,0,0.423834922614295,0,0,0,0,0,0,-0.413370344165195,0,0,0,0,0
0,0,0,0,0,0,0,0,0,0,-1.01914643247303,0,0,0,0,0,0,0,0,0,0,0,0,0,0,-0.175179747778092,0,0,-0.0657751168368461,0,0,0,0,0,0,0,0,0.612409455922199,0,0,0,0,0,0,0,0.300431515786048,1.5987747477608,0,0,0,0,0,0,0,0,0,0,0,0,0,0,0,0,0,0,0.354516453524209,0,0,0,0,0,0,0,0,0,0,0,0,0,0,0,0,0,0,0,0,0,0,0,0,0,0,0,0,0,0,0,0,0,0,0,0,0,0,0,0,0,0,0,0,0,-0.436599742358539,0,0,0,0,0,0,0,0,0,0,0,0,0,0,0,0,0,0,0,0,0,0,0,0,0,0,0,0,0,0,0,0,0,0,0,0,0,0,0,0,0,0,-0.270922927262038,0,0,0,0,0,0,0,-0.0845110799830118,0,0,0,0,0,0,0,0,0,0,0,0,0,0,0,0,0,0,0,0,0,0,0,0,0,0,0,0,0,0,0,0,0,0,0,0,0
0,0,0,0,0,0,0,0,0,0,-0.094261848674422,0,0,0,0,0,0,0,0,0,0,0,0,0,0,0,0,0,0,0,0.387585458713614,0,0,-0.128781570960006,0,0,0,0,0,0,-0.37378945041763,0,0,0,-0.210779833274218,0,0,0,0,0,0,0,0,0.0219455489310922,0,0.214843361401016,0,0,0,0,0,0,0,0.327731839046331,0,0.573001445919527,0,0,0,-0.0270871093632452,0,0,0,0,-1.46137703051755,0,0,0,0,0,0,0,0,0,0,0,0,0,0,-0.193367769850682,0,0,0.0882807469924818,0,0,0,0,0,0,0,0,0,0,0,-0.0172124629534776,-0.0468611487940913,0,0,0,0,0,-0.805189017732078,0,0,0,0,0,0,0,0,-0.110171800971103,0,0,0,0,0,0,0,0,0,0,0,0,0,0,0,0,0,0,0,0.125688390808371,0,0,0,0,0,0,0,0,0,0,0,0,0,0,0,0,0,0,0,0,0,0,0,0,0,0,0.154441693682172,0,0,0,0,0,0,0,0.365754624895126,0,0,0,0,0,0,0,0,0,0,0,0,0,0,-0.228593611435199,0,0,0,0,0,0,0,0,0
0,0,0,0,0,0,0,0,0,0,-0.216737484569335,0,0,0,0,0,0,0,0,0,0,0,0,0,0,0,0,-0.210408080088514,0,0,0,0,0,-1.3142374146355,0,0,0,0,0,0,0,0,0,0,0,0,0,0,0,0,0,0,0,0,0,0,0,0,0,0,0,0,0,0.746637980211246,0,0.818681919795991,0,0,0,0,0,0,0,0,-0.566728998808202,0,0,0,0,0,0,0,0,0,0,0,0,0,0,0,0,0,0,0,0,0,0,0,0,0,0,0,0,0,0,0,0,0,0,0,0,0,0,0,0,0,0,0,0,0,-0.00225613254866897,0.0188698605228808,-0.0242390117925144,0,0,0,0,0,0,0,0,0,0,0,0,0,0.136693114861199,0,0,0,0.23030550452736,0,0,0,0,0,0,0,0,-0.757401590303655,0,0,0,0,0,0,0,0,0,0,0,0,-0.3352320382668,0,0,0,0,0.214482604721177,0,0.137250833890324,0,0,0,0,0,0,0,0,0,0,0,0,0,0,0,0,0,0,0,0,-0.154504225290603,0,0,0,0,0,0,0,0,0
0,0,0,0,0,0,0,0,0,0,0,0,0,0,0,0,0,0,0,0,-0.129256220688365,0,0,0,0,0,0,0,0,0,0,0,0,0,0,0,0,0,0,0,0,0,0,0,0,0,0,0,0,0,0,0,0,0,0,0,0,0.188490763478358,0,0,0,0,0,0.0709855169806148,0,0,0,0,0,0,0,0,0,0,-0.714120530559616,0,0,0,0,0,0,0,0,0,0,0,0,0,0,0,0,-0.33403655348744,0,0,0,0,0,0,0,0,0,0,0,0,0,0,0,0,0,0,0,0,0,0,0,0,0,0.0645183315867639,0,0,0,0,-0.319333500775535,0,0,0,0,0,0,0,0,0,0,0,0,0,0,-0.05677312681758,0,0,0,0,0,0,0,0,0,0,0,-0.326190037899964,0,0,0,0,0,0,0,0,0,0,0.360045116441597,0,-0.0465201115904881,0,0,0,0,0,-0.217399237058365,0,0,0,0,0,0,0,0,0,0,0,0,0,0,0,0,0,0,0,0,0,0,0,0,0,0,0,0,0,0,0
0,0,0.547695780069532,0,0,0,0,0,0,-0.274391948605781,0,0,0,0,0,0,0,0,0,0,-0.0802399583772675,0,0,0,0,0,0,0,0,0,0.188558865120081,0,0,0,0,0,0,0,0,0,0,0,0,0,0,0,0,0,0,0,0,0,0,0,0,0,0,0.395876104549926,0,0,0,0,0,0,0,0.051776309032495,0,0,0,0,0,0,0,0,0,0,0,0,-0.286318563381493,0,0.479255571395738,0,0.0714646350862278,0,0,0,0,0,0,0,0,0,0,0,0,0,0,0,0,-0.34554083537782,0,-0.315076465161636,0,0,0,0,0,0,0,-0.624958591783605,0,0,0,0,0,0,0,0,0,0,-0.946872387949409,0,0,0,0,0,0,0,0,0,0,-0.0641588519496186,0,0,0,0,0,0,0,0,0,0,0,0,0,0,0,0,0,-0.558725414268155,0,0,0,0,0,0,0,0,0,0,0.187160560113701,0,-0.519024235881636,0,0,0,0,0,0,0,0,0,0,0,0,0.0395959372663715,0,0,0,0,0,-0.0172517066406388,0,0,0,-0.179706847209412,0,0,0,0,0,0,0.221954096831773,0,0,0,0,0,4.4486105355644,0
0,0,0,0,0,0,0,0,0,0,0,0,0,0,0,0,0,0,0,0,0,0,0,0,0,0,0,0,-0.000358518337642444,-0.187178524581331,0,0,0,0,0,0,-0.101190753682862,0.0202567798791942,0,0,0,0,0,0,0,0,0,0,0,0,0,0,0,0,0,0,0,-0.675789890559809,0,0,0,0,0,0,0,-2.18793003380687,0.272272598653504,0,0,0,0,0,0,0,0,0,0,0,0,0,0,0,0,0,0,0,0,-0.194372674146366,0,0,0,0,-0.119946470315541,0,-0.335864888335889,0,0,0,0,0,0,0,0,0,0,0,0,0,0,0,0,0,0,0,0,0.474287466411325,0,0,0,0,0,0,0.14734508891528,0,0,0,0,0,0,0.728662324821236,0.0238181597486604,0,0,0,0,0.180305462554193,0,0,0,0.399657831417644,0,0,0,0,0,0,0,0,-0.202325499744953,0,0,0,0,0,0,0,0,0,0,0,0,0,0,0,0,0,-1.56416770179428,0,0,0,0,0,0,0,0,0,-0.041981502203841,-0.85987523509633,0,0,0,0,0,-0.0961405976014449,0,0,0.669411385664013,0,0,0,0,0,0,0,0,0,-1.29779850455981,0,0,0
0,0,0,0,0,0,0,0,0,0,0,0,0,0,0,0,0,0,0,0,0,0,0,0,0,0,0,0,0,0,0,0,0,0.121710603937104,0,0,0,-0.447231679262006,0,0,0,0,0,0,-0.417809180105259,0,1.23410310502063,0,0,0,0,0.190027514834477,0,0,0,0,0,0.215345926083904,0,0,0,0,0,0,0,0,0,-0.10300351488141,0,0,0,0,0,0,0,-0.0565694892633761,0,0,-0.264681902336227,0.527279753920146,0.109532040335656,0,0,0,0,0,0,0,0,0,-0.359583098556224,0,0,0,0,0,0,0,0,0,0,0,0,0,0,0,0,0,0.0955875618229702,0,0,0,0,0,0,0,0,0,0,0,0,0,0,0,0,0,-0.732805024110202,0,0,0,-0.705671922096586,0,0,0,0,0,0,0,0,0,0,0.499980653174582,0,0,0,0,0,-0.222098052114989,0,0,0,0,0,0,0,0,0,0,0,0,0,0,0,0,0,0,0,0,0,0,0,0,0,0,0,0,0,0,0,0,0,0,0,0,-0.64674257208496,0,0,0,0,0,0,0,0,0,0,0,0,0,0,0
0,0,0,0,0,0,0,-3.11142099036353,0,0,0,0,0,-0.144894400826874,0,0,0,-1.36833191459867,0,0.318468199245424,0,0,-0.429422813356622,0,0,2.07338101895668,-0.303706758936027,0,1.25836895078901,0,-0.527372970017395,0,0.619590149514536,-0.275198870832037,0,0,0,-0.492247977227213,0,0,0.529340030110672,0,0,-1.12228243375456,0,0,-3.78156873330359,0,0,0,0,0.165748600983594,0.73026283093552,0,0,0,0,0,0,0,0,0.0491612514777882,2.79107254568205,0,-0.308018167428696,-1.30716827878353,0,-0.00608951980867478,0,1.61492982920477,2.20961589709933,0,0,0,0,0,0,-0.855124946304699,0,-0.00335439751410527,0,0,0,0,0,-0.0700522060544304,0,0,0,-1.12949370254658,0,0,-0.464873671785787,0,0,0,0,0,0,0,0,0,0,0,0,0,0,0.533812393764325,-1.14008619595439,-1.38860500779042,0,-0.631251425335382,0,-0.136063497583421,0,-2.34192937255403,0,0.34367877715638,0,0,0,-0.391679349703769,0,0,0,0,0,0.25097853018239,0,0,0,-0.473123854708937,0,0,0,0,-0.793843221419817,0,0,0,0,0.558678713511438,-0.389512047279211,0,0,0,0,0,0,0,0,0,0,0,0,0,1.17781453318471,0,0,0,0,0,0,0,0,0,0,0,0,0,0,0,0,-0.840625205147198,0,-3.70118960950333,-0.133365667351481,0,0,0,0,0,0,0,0,0,0,0,0,0,0,0,0.0351035140975848,0,-0.987192466724827,1.13051260255309,0,0,0.69952292601489,-2.1931960074543
0,0,0,0,0,0,0,-0.307392400266157,0,0,-2.94112996581016,0,0,0,0,0.209183717198945,0,0,0,0,0,0,0,0,0,0.329616128489757,-0.000631573625136994,0,1.02291204889522,0,0,0,0,-0.674685322049839,0,0.336241097431165,0,0,0,0,0,0,0,-1.00927578098352,0.444469830213589,0.32036839367738,0,0.313536747705556,0,0,0,0,0.0468690915852474,0,0.12964732456125,0,0,0,0,0.148663510635122,0,0,0.358381346291722,0,0,0,0,0,0,0.11222781078475,0,0,0,0,0,0,-0.0766967187673482,0,0,0,0.676712708826878,0,0,0,0,0,0,0,0,0.32776793293661,-0.274330739981932,0,0,0,0,0,0,0,-0.0815603421156723,0,0.424708826672428,0,0,0,0,0,0,1.09275989683255,-0.364396712690225,0,0,-0.0979445677370692,-0.425217836685581,0,0,0,0,0,0,0.528321768297067,0,0,-0.107241285025508,0,0,0,0,0,0,0,0,0,0,0,0,0,-0.028758101999099,0,0,0,0,0,0,0,0,0,0,-1.57562277463852,0,0,0,0,0.791841595795502,0,0,0,0,0,0.0698067850470911,0.0056162312747714,0,0,0.0891614119849435,0,0,0,0,-0.255785661736658,0,0,0,0,0,-0.655056030570611,0,2.18973237164714,0,0.0827001224919439,0.374586999430411,-0.687742296940223,0,0.197314957110857,0,0,0,0,0.392403004761261,0,0,0,0,0,0,-0.657834212711849,0,0.279891042616408,0,0.0306020285593527,0,0
0,0,-0.187193306965748,0,0,0,0,0,-0.274181600490929,-0.253263739796451,2.44338560790022,0,-0.348839579145675,0.17927667855483,0,0,0,0,0,0,0,0,0,0,0,0,0,0,0,0,0,0,0,0,0,0,0,0,0,0,0,0,0,0,0,0,0,0,0,0,0,0,0,0,0,0,0,0.894583030178975,0,0,0,0,0,0,0,-0.211946305983653,0,0,0,0,0.0456480637788106,0,0,0,0,0,0,0,-1.65832592169063,0,0.262025511900924,0,-0.378655499956127,0,0,0,0,0,0,0.275123757252967,0.206187956209619,0,0,0,0,-0.957481954287132,0,0,0,0,0,0,0,0,0,0,0,0,0,0,0,0,0,0,0,0.560914234312053,0,0,0,0,0,0,0,0,0,0,0,-0.253125390780754,0,-0.0776283934498725,-0.994347667536055,-0.456880459494455,0,0,0,0.0279625916193091,0,0,0,-0.0805798915472997,0,0,0,-0.203278248028714,0,0,0,0,0,-0.0937021826709616,0,0,0,0,0,0,0,0,0,0,0,0,0.321816875756647,0,0,0,0,0,0,0,0,0,0,0,0,0.0247976459106232,0,0,0,0,0,0,0,0.479605126045493,0.0917747690512165,-0.402856510643144,0.0680807036189519,0,0,0,0,0,0,0,0,0,0.255512252276645,0.414338028787297,-0.226719639595787,-0.33186585724329
0,0,0,0,0,0,0,0,0,0,0,0,0,0,0,0,0,0,0,0,0,0,0,0,0,0,-0.536666739407707,0,0,0,0,0,0,0,0,0,0,0,0,0,0,0,0,-0.365657173383497,0,0,-0.129339773118909,0,0,0,0,0,0,0,0,0,0,0,0,0,0,0,0,0,0,0,0,0,0,0,0,0,0,0,0,0,0,0,0,0,0,0,0,0,0,0,0,0,0,0,0,0,0,0,0.0533004353846787,0,0,0,0,0,0,0,-0.0115814757923476,0.32817288378663,0,-0.17099532537468,0,0,0,0,0,1.22058984255444,0,0,0,-1.07687541407353,0,0,0,0,0,-0.560712869291098,0,0,0,0,0,0,0,0,0,0,0,0,0,0,0,0,0,0,0,0,0,0,0,0,0,0,0,0,0,0,0,0,0,0,0,0,0,0,0,0,-0.307198207424807,0,0,0,0,0,0,0,0,0,0,0,0,0,0,0,0,0,0,0,0,-0.291621412792632,0.214833484297814,0,0,0,0,0,0,0,0,0,0,0,0,0,0,0
0,0,-0.813417969822913,0,0,0,0,-1.27991621069949,0,0,-2.6640534381106,-0.861339522791224,0,0,0.17046541187091,0,1.06842195876822,0,0,0,0,0,0,0,0,0,0,0,0,0,0,0,0,0,0,0,0,0,0,0,0,0.874907088572964,0,0,0,0,0,0,0,0,0,0,0,0,0,0.375382671256012,0,2.00078731315873,0,0,0,0,2.5036601963576,0.740167841941779,-0.260158848458503,0,0,0,0,0,0,0,0.575544634491514,0,0,0.265583608668555,0,0,0,0,4.000258737239,0,-0.0548137263504362,0,0,0,0,0,0,1.19157911292627,0,0,0,0,0,0,0,0,0,0,0,0,-0.440085730110721,0,0,0.00430051024364508,0,0.34887498633171,0,0,0,-0.544125410288896,0,0,0,0.670109239892064,0,0,-0.480053433207957,-0.216411032234224,0.655549378196552,0,0,0,0,-0.314505352680575,0,0,0,-0.164910616569498,0,-0.336990325559473,0,0,-0.78486070277506,0,0.308262811077314,0,0,0,0,0,0,0.116392632793044,0,0,0,0,0,-0.117178573978692,0,0,0,0,0,0,0,0,1.08322765556855,0,0,0,0,0,0,0,0,-0.236239564670861,0,0,0.639929710166429,0,0,0,-0.188482089965126,0,0,0,0,0,0,0,0,0,0,0,0,-0.834596656650871,0,0,0,0,0,0,0,0,0,2.46897968240673,0,0
0,0,0,0,0,0,0,-0.315083063939345,0,0,0,0,0,0,0,0,0,0,0,0,0,0,0,0,0.380028094776427,0,0,0,0,0,0,0,0,0,0,0,0,0.400116206362541,0,0,0,0,0,-0.438906248809488,0,0,0,0,0,0,0,0,0,0,0,0,0,1.8905085392355,0,0,0,0,0,0,0,0,-0.756464227095721,0,0,0.172014581544838,0,0,-0.0345916256147802,0,0,0,0,0.762765444767768,1.35282425798827,0,0,0,0,-0.366492514729358,-1.03988658124144,0.0610367395761697,0,0,0,0,0,0,0,0,0,0,0,0,0,0,0,0,0,0.410793417767499,0,0,0,0,0,0,0,0,0,0.755785539730556,0,0,0,0,0,0,0,0,0,0,0,0,0,0,0,0,-0.193141556478453,0,0,0,-0.595674732316746,0,0,0,0,0,0.0572783532918328,0,0,0,0,0,0,1.43608092596715,0,0,0,0,0,0,0,0,0,0,0,0.333277301718238,0,0,0,0,0,0,0,0,0,0,0,0,0,0,0,0,0,-0.851035581544995,0,0,0,0,0,0,0,0,0,0,0,0,0,0,0.0597235610275766,0,0,-1.45506429193366,0,0,0,0
0,0,0,0,0,0,0,0,0,0,0,0,0,0,0,0,0,0,0,0,0,0,0,0,0,0,0,0,0,0,0,0,0,0,0,-0.0282617451108558,0,0,0,0,0,0,0,0,0,0,0,0,0,0,0,0,0,0,0,0,0,0.649066925253192,0,0,0,0,0,0,0,0.531490754445565,0,0,0,0,0,0,0,0,0,0,0,0.843029252793279,0,0,2.73899215919954,0,0,0,0,0,0,0,0,0,0,0,0,0,0,0,0.00948519473570464,0,0,0,0,0,0,0,0,0,0,0.35236649276594,0,0,0,0,0,0,0,0,0,0,0,-0.305895846417456,0,0,0,0,0,0,0,0,0,0,0,0,0,0,0,0,0.0455267007132414,0,0,0,0,0,0,0,0,0,0,0,0,0,0,0,0,0,0,0,0,0,0,0,0,0,0,0,0,0,-1.22184700598764,0,0,0,0,0,0,0,0,0,-0.0465003040540617,0,0,0,0,0.493766787102372,0,0,0,0,0,0,0,0,0,0,0,0,0,0,0,0,0,-0.190674078297945
0,-0.0629759238145511,0,0,0,0,0,0,0,0,0,0,0,0,0,0,0,0,0,0,0,0,0,0,0,0,0,0,0,0,0,0,0,0,0,0,0,0,0,0,0,0.20775860209084,0,0,0,0,0,0,0,0,0,0,0,0,0,0,0,0,0,0,0,0,0,0,0,0,0,0,0,0,0,0,0,0,0,0,0,0,0,0,0,0,0,0,0,0,0,0,0,0,0,0,0,0,0,0,0,0,0,0,0.0118683520879348,0,0,0,0,0,0,0,0,0,0,0,0,0,0,0,0,0,0,0,0,0,0,0,0,0,0,0,0,0,0,0,0,0,0,0,0,0,0,0,0,0,0,0,0,0,0,0,0,0,0,0,0,0,0,0,0,0,0,0,0,0,0,0,0,0,0,0,0,0,0,0,0,0,0,0,0,-0.102532254830709,0,0,0,0,0,0.39622875834108,0,0,0,0,0,0,0,0,0,0,0,0,0,0,0,0.18166764514404
0,0,0,0,0,0,0,0,0,0,0,0,0,0,0,0,0,0,0,0,0,0,0,0,0,0,0,0,0,0,0,0,0,0,0,0,0,0,0,0,0,0,0,0,0,0,0,0,0,0,0,0,0,0,0,0,1.10584978327758,0,0,0,0.145828800506385,0,0,0,0.208074919562395,0.314287550902631,0,0,0,0,0,0,0,0,0,0,0,0,0,0,0,0,0,0,0,0,0,0,0,0,0,0,0,0,0,0,0,0,0,0,0,0,0,0,0,0,0,0,0,0,0,0.231320436550844,0,0,0,0,0,0,0,0,0,0,0.0678579881738464,0,0,0,0,0,0,0,0,0,0,0,0,0,0,0,0,0,0.0899535063167503,0,0,-0.227890780104925,0,0,0,0,0,0,0,0,0,0,0,0,0,0,0,0,0,0,0,0,0,0,0.0825077022216543,-0.272956946642698,0,0,0,0,0,0,0,0,0,0,0,0,0,0,0,0,0,0,0,0,0,0,0,0,0,0,0,0,0,0,0,0
0,0,0,0,0,0,0,0,0.378010253584627,0,0,0,0,0,0,0,0,0,0,0,0,0,0,0,0,0,0,0,0,0,0,0,0,0,0,0,0,0,0,0,0,0,0,0,0,0.697291593546215,-0.436756807799861,0,0,0,0,0,0,0,0,0,0.432275620345692,-0.85623281460782,0,0,0,0,0,0.0910629542558947,0,0,0,0,0,0,0,0,0,0,0,0,0,0,0,0,0,0,0,0,0,0,0,0,0,0,0,0,0,0,0,0,0,0,0,0,0,0,0,0,0,0,0,0,0,0,0,0,0,0,0,0,0,0,0,0,0,0,0,0,0,0,0,0,0,0,0,0.237013321109256,0,0,0,0,0,0,0,0,0,0.0889101213198553,0,0,0,0,0,0,0,0,0,0,0,0,0,0,0,0,0,0,0,0,-0.0835670155955699,0,0,0,0.107483984873605,0.169617829179669,0,0,0,0,0,0,0,-0.558965529618829,0,0,0,0,0,0,0,0.394567075867049,0,0,0,0,0,0,0,0,0,0,-0.798848411655799,0,0,0,0,0.299116911038003
0,0,-1.01024538357963,0,0,0,0,-0.467272907107981,0,0,0,0,0.580159462426096,0.504519402519806,0,0,0.112666230781643,0,0,0,0,0,0,0,0,0,0,0,0,0,0,0,0,-0.33294570450335,0,0,0,0,0,0,0,0.65491049464269,0,-0.528760190522361,0,1.53994362488798,0,0,0,0,0,0,-0.463551228195127,0,0,0,0,0,0,0.196483482560024,0,0,0,0,0,0,0,0,0,0,0.978378155459535,0,0,0,-0.61358278242256,0,0,-0.568779177087518,0,0,0,0,0,0,0,0,0,0,0,0,0,0,0,0,0,0,0,0,0,0,0,0,0,-0.142584407480655,0,0,0,0,0,0,0,0,0,0,0,0,0,0.203393123761224,0,0,2.22113408425356,0,0,0,0,0,0,0,0,0,0,0,0,0,0,0,0,0,0,0,0,0.440750040250562,0,0,0,0,0,0,0,0,0,0,0,0,0,0,0,0,0,-0.254953943647988,0,0,0.141207764671381,0,0,0,0,0,0,0.143915686351895,0,0,0,0,0,-0.72351468275923,0,0.182276721615213,0,0,0,-0.240447029232309,0,0,0.137264450568833,0,0,0,0,0.783732903446588,0,0,0,0,0,0,0,0,0,0.490185883001795
0,0,0,0,0,0,0,0,0,0,0,0,0,0,0,0,0,0,0,0.119019193627449,0,0,0,0,0,0,0,0,-0.966921201493941,0,0,0,0,0,0,0,0,0,0,0,0,0,0,0,0,0.522317597794468,0,0,0,0,0,0,-0.0463403721365743,0,0,0,0,-0.278564598921507,0,0,0,0,0.475781069860108,0,0,0,0,0,0,0,0,0,0,0,-0.457516053103315,0,0,0,0,0,0,0,0,0,0,0,0,0,0,0.0369208180952687,0,0,0,0,0,0,0,0,0,0,0,0,0,0,0,0,0,0,0,0,0,0,0,0,0,0,0,0,0,0,0,0,0,0.00524462379679425,0,0,0,0,0,0,0,0,0,0,0,0,0,0,0,0,0,0.500031688131259,0,0,0,0,0,0,-0.0282262313466888,0,0,0,0,0,0,0,0,0,0,0,0,0,0,-0.119147940383783,0,0,0,0,0,0,0,0,0,0,0,0,0,0,0,0,0,0,0,0,0,0,0,0,0,0.344929412776494,0,0,0,0,0,0,0,0,0,0.972181562866702
0,0,0,0,0,0,0,0,0.583351365919593,0,0,0,0.169338917356149,0,0,0,0.0676904411719219,-1.0354247387219,0,0,0,0,0,0,0,1.77266669449233,0,0,0.849111796841506,0,0,0,0.244835649330459,-0.0705939305334424,0,0,0,-0.315744614723014,0,0,0.369339039942891,0.156952824253962,0,0,-2.15007392649706,-0.134801093762336,0.228092440801783,0,0,0,0,0,0.298465315638695,0,0,0,0,-0.797645882212234,0,0,1.36833500450526,0,1.90340064574127,0,0,0,0,0.0958628682109861,0,0,1.02626553840074,0,0,-0.536946516891826,-0.601960579304797,-0.665812101594271,0,0,0,0,0,-0.934573473769529,0,0,0,0,-0.476569138308289,0,0,0,0,0,0,0.742825855024337,1.12779072024385,0,0,-0.509268625828836,0,0,0,0,0,0,0,0,0,0,0,1.35772592606472,0,0,0,0,-0.045169353367654,0,0,0,0,0,1.25728018760919,0,0,0,0,0,0,0,-0.939431763241727,0,-0.00326106603560117,0,0,0,0,0,-1.15458657221162,0,0,0,0,0,0,-0.239822205621726,0,0,0,0,0,0,0,0.0718630837410033,0,0,4.6158580552063,0,0,0,0,0,0,0,0,0,0,0,0.340189580912903,0.544772259533546,-0.28855394997082,0,0,0,1.93321685414094,0.139315506115881,0,0,0,0.0968644729890653,0,0,0,-0.354501411142877,0,0.923896335378914,0,-0.677469234229889,0,-0.0426508685484879,0,2.07266855066689,0,0,0,0,0,0.677900295870117,0,0,0,0
0,-0.326579475031518,0,0,0.435936920777149,-0.317409632750185,-1.3656072301142,0,0,0.619456150655744,-0.786360199298723,0,0.559464558262456,0.95881546700699,0,0,0,0,0,0.137627543832627,0,0,0,0.0772233125681581,-0.623438067707906,-1.1993909896998,0,-0.0818152038509581,0,0,0,0,0,0,0,0,0,0.192342417147635,0,0,0,0,0,0,0,1.86964445915614,0,0,0,0,0,0,0,0,0,0,0,-2.0153172936964,0,0,0,0,-1.6646198978047,0.761464428819124,0,2.42282729518212,-5.96402656847239e-05,0.346527784237455,0,0,-0.592937106858247,0,0,0,-0.374631012946208,0,0,0.0489794351670838,0,0,0,0,0,0,0,0,0,0,0,0,0,-0.678863475515827,0,0.154086837831466,0,0,0,0,0,0,0.70905073128368,0,0,0,0,0,0,0,0,0,0,3.35246785935828,0,0,0,0,0,0,0,0,-2.17234567949985,0,0,0,0,1.09222762759138,-1.72990168381508,0,0,0,0,0,0,0,0,1.2765751253952,0,0,0,0,0.0679090117853893,0,0,-0.891930985706441,0,0,0,0,0,0,0,0,0,0,0.898438831747371,0.103715788391789,0,0,0.485114624650731,0,0,-0.499798291949584,0,0,0,0,0,0,0,0,0,-0.00827475965542845,0,0,0,-0.395616492160511,0,0.380891858367743,0,0,0,0,0,0,0,0,0,0,0,1.33357452472444,0.848870484295136,0,0,0,0,0,0,-2.79564656494466,0,0
0,-0.234432254635182,0,0,0,0,0,0,0,0,0.273843959038035,0,0,0,0,0,0,0,0,0,0,0,0,0,0,0,0,0,0,0,0,0,0,0,0,0,0,0,0,0,0,0,0,0,0,0.25022833342325,1.06960803877563,0,0,0,0,0,0,0,0,0,0,-0.474446686533334,0,0,0,0,0,0,0,0.346109163322453,0,0,0,0,0,0,0.0380596232435555,0,-0.740774683919903,0,0,0,0,0,0,0,0,0,0,0.137217556181322,-0.29053671315032,-0.219720810565033,0,0,0,0,0,0,0,0,0,0,0,0,0,0,0,0,0,0,0,0,0.363976946529442,0,0,0.745153426105247,0,0,0,0,0,0,0,-0.178953943318068,0,0,-0.386100936761193,0,0,0.956885081715086,0,0,0,0,0,0,0,0,0,0,0,0,0,0,0,0,0,0,0,0,0,0,0,0,0,0,0,0,0.592708570662318,0,0,0,0,0,0,0,0.0597117305719626,0,0,0,0,0,0,0,0,0,0,0.262740472181987,0,0,0,0,0,0,0,0,0,0.207891785286232,0,-0.462200275048067,0,0,0,0.723701524436821,0,0,0,-0.217288216479298,0,0.284509610770628,0,0,0,0
0,0,0,0,0,0,0,0,0.0543911496047012,0,-1.03656348984863,0,0,0.504434125408774,0,0,0,-0.0420162435183218,0,0,0,0,0,0,0,0.242297059639557,0,0,0,0,-1.05794185870616,0,0,0,0,-0.83799759255152,0,0,0,0,0,0,0,0,0,0,0,0,0,0,0,0,0,0,0,0,0,-0.488080938283916,0,0,0,0,0,0.0669094711461022,0,0,0,0,0,0,0,0,0,0,-0.379257555899122,0,0,-0.685531237542186,0,0,0,0,-0.106992107639658,0,0,-0.539065293707142,0,0,0,0,0,0,0,0,0,0,0,0,0,0,0,0,0,0,0,0,0,0,0,0,0,0,0,0,0,0,0,0,0,0,-0.155663733392327,0.420638108731142,0,0,0,0.658636354867749,0,0,0,0,0,0,0,0,0,0,0,0,0,0,0.511184113820701,0.557205102456214,0,0,0,0,0,0,0,0,0,0,0,0,0,0,0,0,0,0,0,0,0.872334512762057,0,0,0.256288442979456,0,0.0984438406391643,0,0,0,0,0,0,0,0,0,0,0.708414988263565,0,0,0,0,0.887043159860709,0,0,0,0,0,0.594534298742624,0,-0.0208828793913776,0,0,0,0,0,0,0,0.477874685843379
0,0,0,0,0,0,-0.407493328948054,-0.485112229578225,0.724988957118897,0,0,0,0,0,0,0,0,-1.41414791063834,0,0,0,0,0,0,0,0,0,0,0,0,1.42597797874679,0,0,-0.0964048368889807,0,-0.426122234785625,0,0.0836583231695351,0,0,0,0,0,0,0.0139652472963505,0.649495649732615,0.685745137204363,0,0,0,0,0,0,-0.0353338628760163,0,0,0,-1.03180937882654,0,0,0,0,0.124504213264409,0,-0.990681956129977,0.30121012840257,0,0,0,0.349155855317938,0,0,0.71924663182026,0,-1.1479660422997,0,0,-0.389435855437172,-0.323945972230498,0,0,0,0,-0.153412051320253,0,0,0,-0.367985578126055,0,0,0.417425340593632,0,0,0,0,-0.101831279968078,0,0,0.0439149907699818,0,0.850876576568245,0,0,0,0,0,0,0,0,0,0,0.00539502772674583,0,0,0,0,0,0,0,-0.15381127957072,0,0,0,0,0,0.168807515200489,0,0,-0.308827105226698,0,-0.212644899016729,0,0,0,0,0,0,0,0,0,0,0.177078862334692,0,0,0,0,0,0,0,0,0.241401541958819,0,0,0,0,0,0.600414703586257,0,0,-0.285841605723595,0,0,0,0,0,0,0,0,0.0623206667217397,0,0,0,0,0,0,0,0,0,0.467879112642813,0,0,0,0,0,0,0,0,0,0,0.99240678489812,0,0,0,0,0,0.0329630376612597,0,-1.16051775912411,0,0.938202851902247
0,-0.175727177836608,0,0,0,0,0,-0.0328754038729104,0,0,1.03645472223243,0,0,0,0,0,0,-2.45367405035905,0,0.448475217235506,0,0,0,0,0,0,0,0,0,0,0,0,0,0,0,0,0,0,0,0,0,0,0,1.07479165036714,0,0,0,0,0,0,0,0,0,-0.571798666588939,-0.46567199296555,0,0,0,0,0.0933924207058672,0,0,0,0.242927555849601,-0.749657292600834,0,0,0,0,0,0,0,0.884505087074632,0,-0.426213042379682,0,0,-1.18426805771205,0,0,0,0,0,-0.933686962090695,0,0,-0.904299281756619,-0.960062715700127,0,0,0,0,0,0,0,0,0,-0.549936752423844,0,0,0,0,0,0,0,0,0,0,0.0540242327324356,0,0,0,0,0,0,0,0,0,0,0,0,1.97066434615179,0,0,0,0.122438747274643,0,0,-1.49966000234806,0,0,-0.658915820552883,0,0,0.243801208729085,0.119215068943577,0,0,0,0,-0.0334288467181756,1.42481577819301,0,0,0,0,0,0,0,0,1.13884585982571,0,-0.46266768321628,0,0,0,0.262241627112273,0,0,0,0,0,0,0,0,0,0,0,0,0,0,0,0.519647894597015,0,-0.00192289003373869,-0.806916930242559,0,-1.00127739936877,0.474692663888538,0,0,0,-0.155731705810581,0.0502086969349156,0,0,-0.854835126011331,-0.376365610798403,0,0,0,-0.147739745921788,0,0,0,0,0,0,0,0
0,0,0,0,0,0,0,0,0,0,0,0,0,0,0,0,0.821484552295228,-1.1844843054483,0,0.471011964697575,0,0,0,0.027560891751919,0,0.265254152439234,0,0,1.0299113941962,0,0,0,0,0,0,0,0,0,0,0,0,-0.701487624648093,0,0.959799070319844,-0.613680855322515,1.22972964329378,-0.779133250523955,0,0,0,0,0,0,1.07959899646336,0,0,0,-1.11169365555627,0.0393871499959395,0,0,0,0.21573575177726,0,-0.57805460020173,0,0,0,0,0.165589221795978,0.963243361973956,0,0,0,-1.26113206568298,0,0,0,0,0,0,-0.393650226208694,0,0,0,0,-0.728892344193401,0,0,0,0,-0.588211414489091,0,0,0,0,-0.180269898404227,0,0.182117641896604,0,0.638001938603657,0,0,0,0.195560919860158,0,0,0,0,0,0,0,-1.00668599695279,0,0,0,0,0,-0.622212937673053,-1.28752460446319,0,1.81723482327033,0,0,0,0.904905061151252,0,0,-0.0183848940380504,0,-0.313403849226952,0.326815524783646,0,0,0.675129435928562,0,0,0,0,0,-1.00590378624908,2.24575849049962,0,0.116418300975793,0,0,0,0,0,0,0,0,0,0,0,0,0,0.557777338687026,0,0,0,1.16443202026392,1.92713649740785,0,0,0,0,0,0.632847575067309,-0.822881376794477,0,0,0,0.694799823051968,0,0,0,-0.920073336385098,1.12725349657866,0,-0.405135470659679,0,0,0,0,0,0.857136987369626,0,0,1.76023976498384,-1.28322705424094,-0.133844017677839,0,0.07342782221196,1.64491503998653,0,0.812487415570604,0,0,0
0,0,0,0,0,0.107264064554968,0,0,0,0,0,0,0,0,0,0,0,0,0,0,0,0,0,0,0,0,0,0,0,-1.32442439822882,0,0,0,0,0,0,0.9976280555568,0,0,0,0,0,0,0,0,0,0,0,0,0,0,0,0,0,0,0,0,-0.365118681780879,0,0,-0.0983602518656657,0,0,0,0,0,0,0,0,0,0,0,0,0,0,0,0,0,0,0,0,0,0,0,0,0.757653394988351,-3.49120608408879,0,0,0,0,0,0,0,0,0,0,0,0,0,0.0622710023222488,0,0,0,0,0,0,0,0,0,0,0,0,0,0,-0.0444329662449605,0,0,0,0,0,0,0,0,0,0,0,0,0,0,0,0,0,0,0,0,0,0,0,0,0,0,0,0,0,0,0,0,0,0,0,0,0,0,0,0,0,0,0.259750063946327,0,0,0,0,0,0,0,0,0,0,0,0,0,0,0,0,0,0,0,0,0,0,0,0,0,0,0,0,0,0,0,0,0,0,0,0,0,0,0,0,0
0,0,0,0,0,0,0,0,0,0,0,0,0,0,0,0,0,0,0,0,0,0,0,0,0,0,0,-0.274128593827774,0,-0.0273703687369367,0,0,0,0,0,0,0.0426060193249371,0,0,0,0,0,0,0,0,0,0,0,0,0,0,0,0,0,0,0,0,0,0,0,0,0,0,0,0,0.491472486751036,0,0,0,0,0,0,0,0.0196023543359911,0,0,0,0,0,0,0,0,0,0,0,0,0,0,0,0,0,0,0,0,0,0,0,0,0,0,0,-1.79170702966297,0,0,0,0,0,0,0,0,0,0,0,0,0.225881869993574,0,0,0,0,0,0,0,0,0,0,0,0,-0.0430755422555529,0,0,0,0.193646998509574,0,0,0,0,0,0,0,0,0,0,0,-0.380035747749043,0,7.03279158877832,0,0,0,-0.204868646032104,0,0,0,0,0,0,0,0,0,0,0,0,0,0,0,0,0,0,0,0.525984349513406,0,0,-1.29131372227699,0,0,0,0,-0.489790366082258,0,-0.0178282105803531,0,0,0,0,0,0,0,0,0,0.0710233176336212,0,0,0,0,0.0280223877526076,0,0,0,0,0
0,0,0,0,0,0,0,0,0,0,0,0,0,0,0,0,0,0,0,0,0,0,0,0,0,0,0,0,0,0,0,0,0,0,0,0,0.680001277898367,0,0,0,0,0,0,0,0,0,0,0,0,0,0,0,0,0,0,0,0,0,0,0,0,0,0,0,0,1.65527935449998,0,0,0,0,0,0,0,0.595252691574568,0,0,0,0,0,0,0,0,0,0,0,0,0,0,0,0,0,0,0,0,0,0,0,0,0,0,0,-0.823427107116777,0,0,0,0,0,0,0,0,0,0,0,0,0,-0.168217595921273,0,0,0,0,0,0,0,0,0,0,0,0,0,0,0,0,0,0,0,0,0.112599705667773,0,0,0,0,0.19804530756588,0,-0.628587605299393,0,6.44101369042789,0,0,0,0,0,0,0,0,0,0,0,0,0,0,0,0,0,0,0,0,0,0.284681682658379,0,0.238463313631536,0,0,-1.87263313776552,0,0,0,0.0055036502682182,0,0,0,0,0,0,0,0,0,0,0,0,0,0,0,0,0,0,0,0,0,0,0
0,0,0,0,0,0,0,0,0,0,0,0,0,0,0,0,0,0,0,0,-0.877421565327726,0,0,0,-0.0380940672167756,0,0,0,0,0,0,0,0,0,0,0,1.70274374695383,-0.197965718236132,0,0,0,0,0,0,0,0,-0.527071801108766,0,0,0,0,0,0,0,0,0.470677377495261,0,-0.777352095502127,0,0,0,0,0,-0.196219362788503,0,0,0,0,0,0,0,0.461401701521008,0,0,0,0,0,0.0948219676999336,0,0,0,0,0,0,-0.437297642409171,0,0,0,0.28050869260032,0,0,0,0,0,0,0,0,0,0,0.479936349838582,0,0,-0.76400608072522,0,0,0,0,0,0,0,0,0,0,0,0,0,0,0,0,0,0,0,-0.299993942780794,0,0,0,0,0,0,0,0,0,0.371630543068628,0,0,0,0,11.3572608905993,0,0,0,0,0,-0.160083720805304,0,0,0,0,0,0,0,0,0,0,0,0,0,0,0,0,0,0,0,0,0,0,0.0621346977383979,0,0,0.715378129156372,-0.114374669959987,0,0,-0.261420222903963,0,0,0,0,0,0.126375680952332,0,0,0,0,0,0,0,0,0,0,0,0,0,0,0.366821991744272,0,0,0,0,0
0,0,0,0,0,0,0.166164775340847,0,0,0,0,0,0,0,0,0,0,0,0,-0.23940255755952,0,0,0,0,0,0,0,0.3113412259896,0,0,0,0,0,0.243521172298869,0,0,0,0,0,0,0,0,0,0,0,0,0,0,0,0,-0.303643119119144,0,0,-0.335645597085844,0,0,0.160319676674159,0,0,0,0,0,0,0,0,0,0,0,0,0,0,0,0,0,0,0,0,0,0,1.1539731584418,0,0,0,0,-1.52317190729734,0,0,0,0,0,0,0.370317768882483,0,0,0,0,0,0,0,0,0,0,-0.0986564122784648,0,0,0,0,0,0,0,0,0.0478253755032334,0,-0.0413364292281369,0,0,0,0,0,-0.0203020203607986,0,0,0,0,0,0,0,0,0,0,0,0,-0.478279135917777,0,0,0,0,0,0,0,0,0,0,0,0,0,0,0,0,0,0,0,0,0,0,0,0,0,0,0,0,0,0,0.0444727162492808,0,0,0,0,0,0,0,0,0,0,0,0,0,0.278634011028232,0,0,0,0,0,-0.391895045632305,0,0,0,0,0,0,0.400344965240215,0,0,0,0,0,0,0,0,0
0,0.535400920237198,-0.976426360648867,0,-0.157330971674976,0,0,0,0,0,0,0,0,0,0,0,-0.291772825219785,-0.0275445037427968,-0.216613134415741,0,0,0,0,0,0,0,0,0,0,0.423380777575953,0,0,0,0,0,0,-0.404098796107923,0,0,0.304850652791868,0,0,0,0,0,0,0,0,-0.62172881122237,0,0,-2.49283669333772,0.615013609424778,0,0,0,0,0,0,0,0,0.991383453601321,0.0706461426045719,0,0,0,0,0,0,0,0,0,0,0,0,0,0,0,0,0,-0.166843450488332,0,0,0.0151052370023825,0,0,0,0.462079812445298,0,0,0,0.444702428487914,0,0,0,0,0,1.51798025615635,0,0,0,0,0,0,0,0,0,0,0,-0.103120492045866,0,0,0,0,0.110749770669652,0,0.067530004165266,0,0,0,0,0,0,0,0,0,0,0,0,0,0,0,0,0,0,0,0.457257521020908,0,0,0.0666187281151498,0,0,0,0,0,0,0,0,0,0,0,0,0,0,0,0,0,0,0,-0.422948625560054,0,0,0,-0.0673316720933361,0,0,0,0,0,0,0,0,0,0,0,0,0,0,0,0,0,0,0,0.194776281067236,0,0.402032686636624,0,0,0,0,0,0,0,0.268917225508736,0,0,0,0,0,0
0,0,0,0,0,0,0,0,0,0,0,0,0,0,0,0,-1.73701552378099,0,0,0,0,0,0,0,0,0,0,0,0,0,0,0,0,0,0,0,0,0,0,0,0,-0.102883112311269,0,0,0,0,0,0,0,0,0,0,0,0,0,0,0,0,0,0,0,0,0,0,0,0,0,0,0,0,0,0,0,0,0,0,0,0,0,0,-0.426662760041187,0.165767008959894,0,0,0,0,0,0,0,0,0,0,0,0,0,0,0,0,0,0,0.314370244154643,0,0,0,0,0,0,0,0,0,0,0,0,0,0,0,0,0,0,0,0,0,0,0,0,0,0,0,0,0,0,0,0,0,0,0,0,0,0,0.451428983361753,0,0,0,-0.518156468251171,0,0,0,0,0,0,0,0,0,0,0,0,0,0,0,0,0,0,0,-0.234560034403392,0,0,0,0,0,0,0,0,0,0,0,0,0,0,0,0,-0.346849488750659,0,0,0,0,0,0,0,0,0,0,0,0,0,0,0,0.187076557513471,0,0,0
0,0,0,0,-0.0842016067255862,0.371817553515848,0,0,-0.480928548193466,0.0295684550455841,0,0,0,0,0,0,-0.0281070164588899,0,0,-0.458211250455594,0,0,0,0,0,0,0,0,0,0,0,0,0,0,0,0,0,0,0,0,0,0,0,0,0,0,0,0,0,0,0,0,0,0,0,0,0,0,0,0,0,0,0,0,0,0,0,0,0,0,0,0,0,0,0,0,0,0,0,0,0,0,0,0,0,0,0,0,-2.33536634681642,0,0,0,0,0,0,0.341838793468673,0,0.687774269853134,0,0.10550179142613,0.458173536035364,0,-0.25433644754724,0,0,0,0,0,0,0,0,0,0,0,0,0,0,0,0,0,0,0,-0.0166835654968924,0,0,0,0,0,0,-0.313972156355914,0,0,0,0,0,0,0,0,0,0,0,0,0,0,0,0,0,0.0762248262209992,0,0,0,0,0,0,0,0,0,0,0.271785719848266,0,0.170643243376784,0,0,0,0,0,0,0,0,0,0,0,0,0,0,0,0,0,0,0,0,0,0,0,0,0,0,0,0,0,0,0,0,0,0,0,0,-0.254275971936859,0,0
0,0,-0.465037742492487,0,0.6410968783663,0,0,0,0,0,0,0,0,-0.15692909974431,0,0,0,0,0,0,0,0.215285717954351,0,0,0,0,-0.602163870349423,0,0,0,0,0,0.772884736166459,0,0,0,0,0.0387741924958089,0,0,0,0,0,0,0,0.253537798465598,0,0,0,0,0,0,0,0,0,0,-0.538418677129429,0,0,0,0,0,0,0,-1.22803785224812,-0.354629857781931,0,0,0,0,0,0,0.0607093159059269,0,-0.921703997215148,0,0,0,0,0.0541856955600593,-0.289458818813845,0,0,0.860457357062801,0,1.01502335697815,0,0.0169890603093055,0,0,0,-0.180651769556932,0,0,0,0,0,0,0,-0.320392664453758,0.448277542958386,-0.0757292687904338,2.97081501939712,-0.121906247487463,0,0,0,0.228617113898142,0,0.00259534010695694,0,0,0,-0.804358638928359,0,0,0,0.245503436140909,0,-0.325147711975497,0,0,0,0,0,0,0,0,0,0,0,-0.364452741543166,0,0,0,0,0,0,0,0,-0.354058905185155,0,0,0,0,0,0,0.722369731077258,0,0,0,0,0,0,0,0,0,0,0,1.33007122094544,0,0.550253663458225,0,0,0,0,0,0,0.773419628189262,0,0.373662328800569,0,0,0.614369757256664,0,0,0,0,0,-0.137004262949963,0,0,0,0,0,0,0,0,0,0,0,-1.53234417103364,0,0,0,0,0,0,0,0
0,0,0,0,0,0,0,0,0,0,0,0,0,0,0,0,0,0,0,0,0,0,0,0,-0.109047866047544,0,0,0,0,0,0,0,0,0.0734622885536449,0,-0.0131111789532261,0,0,0,0,0,0,0,0,0,0,0,0,0,0,0,0,0,0,0,0,0,0,0,0,0,0,0,0,0,0,0,0,0,0,0,0,0,0,0,0,0,0,0,0,0,0,0,0,0,0,0,0,0,0,0,0,0,0,0,0,0,0,0,0,0,0,0.241004520396881,-0.00663254801553581,0,0,0,0.0969721637353413,0,0,0,0,0,0,0,0,0,0,0,-0.225925657613649,0,0,0,0,0,0,0,0,0,0,0,0,0,0,0,0,0,0,0,0,0,0,0,0,0,0,0,0,0,0,0,0,0,0,0,0,0,0,0,0.0122268226688618,0,0,0,0,0,0,0,0,0,0,0,0,0,0,0,0,0,0,0,0,0,0,0,0,0,0,0,0,0,0,0,-0.29641725849839,0,0,0,0,0,-0.431093529404567,0,0
0,0,-1.03746163319515,0,0,-0.293134639633866,0,0,0,0,0,0,0,0,0,0,0,0,0,0,0,0,0,0,0,0,0.347083949967996,0,0,0,0,0,0,0,0,0,0,0,0,0,0,0,0,0.142663741604736,0,0,0,0,0,0,0,0,0,0,0,0,0,0,0,0,0,0,0,0,0,0.780249610364556,0,0,0,0,0,0,0,0,0,0,0,0,0,0,0,0,0,0,0,0,0,0,0,-0.476915110534277,0,0,0,0,0,0,0,0,0,0,0,0,0,0,0,-0.0636565713591368,0,0,0,0,0,0,0,0,0,0,0,0,0,0,0.614531698637255,0,0,0,0,0,0,0,0,0,-0.394467147067443,0,0,0,0,0,0,0,0,0,0.10532283551351,0,0,0,0,0,0,0,0,0,0,0,0,0,0,0,0,0,0,0,0,0,0,0,0,0,0,0,0.161569124565169,0,0,0,0,0,0,0,0,0.584068019423733,0,0,0,0,0,0,-0.996188161389659,0,0,0,0,0,-0.0515851551636588,0,0,0,0,0,0,0,0,0
0,0,0,0,0,0,0,0,0,0,0,0,0,0,0,0,0,0,0,0,0,0,0,0,0,0,1.03159328447716,0,0,0,0,0,0,0,0,0,0,0,0,0,0,0,0,0,0,0,0,0,0,0,0,0,0,0,0,0,0,0,0,0,0,0,0,-0.739190725836359,0,0,0,0,-0.0995942030629609,0,0,0,0,0,0,0,0,0,0,0,0,0,0,0,0,0,0,0,0,0,0,0,0,0,0,0,0,0,0,0,0,0,0,0,0,0,0,0,0,0,0,0,0,0,0,0,0,0,0,0,0,0,0,0,0,0,0,0,0,0,0,0,0,0,-0.0287823640016367,0,0,0,0,0,0,0,0,0,0,0,0,0,0,0,0,0,0,0,0,0,0,0,0,0,0,0,0,0,0,0,0,0,0,0,0,0,0,0,0,0,0,0,0,0,0,0,0,0,0,0,0,0,0,0,0,0,0,0,0,0,0,0,0,0
0,0,0,0,0,0,0.059501206164837,0,0,0.537921127976693,0,0,0,0,0,0,0,0,0,0,0,0,0,0,0,0,0,0,0,0,0,0,0,0.041899485545601,0,0,0,0,0,0,0,0,0,0,0,0,0,0,0,0,0,0,0,0,0,0,0,0,0,0,0.0931554916244615,0,0,-0.0981200184298086,0,0,0,0,-1.01312432072122,0,0,0,0,0,0,0,0,0,0,0,0,0,0,0,0,0,0,0,0,0,0,0,0,0,0,0,0,0,0,0,0,0,0,0,0,0,0,0,0,0,0,0,0,0,0.877887092180463,0,0,0,0,0,0,0,0,0,0,0,-0.641609746535437,0,0,0,0,0,0,0,0,0,0,0,0,0,0,0,0,0,0,0,0,0,0,0,0.451394498334321,0,0,0,0,0,0,0,0,0,0,0,0,0,0,0,0,0,0,0,0,0,0,0,0,0,0,0,0,0,0,0,0,-0.167382464297147,0,0,0,0,0,0,0,0,0,0,0,0,0,0,0,0
0,0,0.290373588381248,0,0,0,0,0,0,0,0,0,0,0,0,0,0,0,0,0,0,0,0,0,0,0,0,0,0,0,0,0,0,0,0,0,0,0,0,0,0,0,0,0,0,0,0,0,0,0,0,0.0594683611855011,0,0,0,0,0,0,0,0.075325539388102,0,0,0,0,0,0,0,0,-11.6790998140657,0,0,0,0,-0.941087983088695,1.36960563615519,0,0,0,0,0,0,0,0.445205862352608,0,0,-0.236372690507256,0.261622826862064,0,0,0,0,0,0,0,0,0,0,0,0,0,0.218532601065862,0,0,0,0,0,0,-0.162757958094154,0,0,0,0,0,0,0,0,0,0.223661771112789,0,0,0,0,0,0,0,0.249735175846491,0,0,0,0,0,0,0,0,0,0,0,0,0,0,-0.453603290823314,0,0,0,0,0,0,-0.145228548758171,0,0,0,0,0,0,0,0,0,0,0,0,0,0,0,0,0,0,0,0,0,0,0,0,0,-0.125592134549431,0,0,0,0,0,0,0,0,0,0,0,0,0,0,0,0,0,0,0,0,0,0,0,0,0,0
0,0,0,0,0,0,0,0,0,0,0,0,0,0,0,0,0,0,0,0,0,0,0,0,0,0,0,0,0,0,0,0,0,0,0,0,0,0,0,0,0,0,0,0,0,0,0,0,0,0,0,0,0,0,0,0,0,0,0,0,0,0,0,0,0,0,0,0,0,0,0,0,0,0,0,0,0,0,0,0,0,0,0,0,0,0,0,0,0,0,0,1.13947780756481,0,0,0,0,0,0,0,0.274592689908612,0,0,0,0,0,0,0,0,0,0,0,0,0,0,0,0,0,0,0,0,0,0,0,0,0,0,0,0,0,0,0,0,0,0,0,0,0,0,0,0,0,0,0,0,0,0,0,0,0,0,0,0,0,0,0,0,0,0,0,0,0,0,0,0,0,0,0,0,0,0,0,0,0,0,0,0,0,0,0,0,0,0,0,0,0,0,0,0,0,0,0,0,0,0,0,0,0,0,0,0
0,0,0,0,0,0,0,0,0,0,0,0,0,0,0,0,0,0,0,0,0,0,0,0,0,0,0,0,0,0,0,0,0,0,0,0,0,0,0,0,0,0,0,0,0,0,0,0,0,0,0,0,0,0,0,0,0,0,0,0,0,0,0,0,0,0,0,0,0,0,0,0,0,0,0,0,0,0,0,0,0,0,0,0,0,0,0,0,0,0,0,0.202093999877051,0,0,0,0,0,0,0,0,0,0,0,0,0,0,0,0,0,0,0,0,0,0,0,0,0,0,0,0,0,0,0,0,0,0,0,0,0,0,0,0,0,0,0,0,0,0,0,0,0,0,0,0,0,0,0,0,0,0,0,0,0,0,0,0,0,0,0,0,0,0,0,0,0,0,0,0,0,0,0,0,0,0,0,0,0,0,0,0,0,0,0,0,0,0,0,0,0,0,0,0,0,0,0,0,0,-0.364881596064167,0,0
0,0,0,0,0,0,0,0,0,0,0,0,0,0,0,0,0,0,0,0,0,0,0,0,0,0,0,0,0,0,0,0,0,0.295813752996783,0,0,0,0,0,0,0,0,0,0,0,0,0,0,0,0,0,0,0,0,0,0.0358109412077197,0,0,0,0,0,0,0,0,0.388043752882028,0,0,0,0,0,0,0,0,0,0,0,0,0,0,0,0,0,0,0,0,0.146801474925542,0,0,0,0,0,0,0,0,0,0,0,0,0,0,0,0,0,0,0,0,0,0.263178668851862,0,0,0,0,0,0,0,0.402010267291836,0,0,0,0,0,0,0,0,0,0,0,0,0,0,0,0,0,0,0,0,0,0,0,0,0,0,0,0,0,0,0,0,0,0,0,0,0,-0.0283425580757584,0.0776473379811478,0,0,0,0,0,0,0,0,0,0,0,0,0,0.0714156580510514,0,0,0,0,0,0,0,0,0,0,-0.25386540655015,0,0,0,0,0,0,0,0,0,0,0,0,0,0,0,0,0,-0.331837695516581,0,0
0,0,0,0,0,0,0,0,0,0,0,0,-0.00166696747475958,0,0,0,0,0,-0.35137998229915,0,0,0,0,0,0,0,0,0,0,0,0,0,0,0.123908632875862,0,0,0,0,0,0,0,0,0,0,0,0,0,0,0,0,0,0,0,0,0,0,0,0,0,0,0,0,0,0,0.0876911830213709,0,0,0,0,0,0,0,0,0,0,0,0,0,0,0,-1.03781347908264,0,0,0,-0.464858442886285,0.174760471597264,0,0,0,0,0,0,0,0,0,0,0,0,0,0,0,0,0,0,0,0,0,0.120789541927261,0,0,0,0,0,0,0,0,0,0,0,0,0,0,0,0,0,0,0,0,0,0,1.52286951580574,0,0,0,0,0,0,0,0,0,0,0,0,0,0,0,0,0.0780668620156417,0,0,0,0,0.0789921825005067,0,0,0,0,0,0.067931942881283,0,0,0,0,0,0,0,0,0,0.912734749177533,0,0,0,0,0,0,-0.579728835570769,0,0,0,-0.142310842816859,0,0,0,0,0,0,0,0,0,0,1.00219772788435,0,0,0,0,0,0,0,0,0
0,0,0,0,0,0,0,0,0,0,0,0,0,0,0,0,0,0,0,0,0,0,0,0,0.818460540438682,0,0,0,0,0,0,0,0,0,0,-0.089313625442067,0,0,0,0,0,0,0,0.567032757378219,-1.03410064562353,0,0,0,0,0,0,0,0,-0.0076798074520108,0,0,0,0,0,0,0,0,0,-1.34759323109684,1.27779413152101,0,0,0,0,0,0.0934161847061437,0,0,0,0,0,0,0,0,0,0,0,1.029041687779,0,0,0,0,-1.10123285615558,0,0.207012656118069,0,0,0.177073064532529,0,0,0,0,0,0,0,0,0,0,0,0,-0.627452159889881,0,0,0,0,0,0,0,0,0,0,0,0,0,0,0,0,0,0,0,0,0,0,0,0.0822996038291777,0,0,0,0,-0.430723322648888,0,0,0,0,-0.24707249658144,0,0,0,0,0,0,0,0,0,0,1.16953330065698,-0.286235083495921,0.460662302983075,0,2.74743129829911,0,0,0,0,0,0,0,1.11859110784534,0,0,0,0,0.728848027669066,0.582857597736863,0,0,0,0,0,0,0,0,0,0,-0.29638032237253,0,0,0,0,0,0,0,0,0,0,0,0,0,0,0,0,0,0,0,2.01002212483085
0,0,0,0,0,0,0,0,0,0,0,0,0,0,0,0,0,0,0,0,0,0,0,0,0,0,0,0,0,0,0,0,0,0,0,0,0,0,0,0,0,0.436553473134595,0,0,0,0,0.610586523579878,0,0,0,0,0,0,0,0,0,0,0,0,0,0,0,0,0,0,0,0,0,0,0,0,0,0,0,0,0,0,0,0,0,0,0,0,0,0,0,0,0,0,0,0,0,0,0,0,0,0,0,0,0,0,0,0,0,0,0,0,0,0,0,0,0,0,0,0,0,0,0,0,0,0,0,0,0,0,0,0,0,0,0,0,0,0,0,0,0,0,0,0,0,0,0,0,0,0,0,0,0,0,0,0,0,0,0,0,0,0,0,0,0,0,0,0.184262249385373,0,0,0,0,0,0,0,0,0,0,0,0,0,0,0,0,0,0,0,0,0.133507999653981,0,0,0,0.309196631699467,0,0,0,0,0,0,0,0,0,0,0,0
0,0,0,0,0,0,0.00369150188284295,0,0,0,0,0,0,0,0,0,0,0,0,0,0,0,0,0,0,0,0,0,0,0,0,0,0,0,0,0,0,0,0,0,0,0,0,0,0,0,-1.17338742846892,0,0,0,0,0,0,0,0,0,-0.0208872929787698,0,0,0,0,0,0,0,0,0,0,0.604993013603364,0,0,0,0,0,0,0,0,0,0,0,0,0,0,0,0,0,0,0,0,0,0,0,0,0,0,0,0,0,0,0,0,0,0,0,0,0,0,0,0,0,0,0,0,0.174765257220222,0,0,0,0,0,0,0,0,0,0,0,0,0,0,0,0,0,0,0,0,0,0,0,0,0,0,-0.169804832829261,0,0,0,0,0,0,0,0,-0.127159407974444,0,0,0,0,0,0,0,0,-0.294352701131942,0,0,0,0,0,0,0,0,0,0.023630527907248,0.317655041709702,0,0,0,0,0,0,0,0,0,0,0,0,0,0,0,0,0,0,0,0,0,0,0,0,0,0,0,0,0,0,0.50569262281084
0,0,0,0,0,0,0,0,0,0,0,0,0,0,0,0,0,-0.0397661207554774,0,0,0,0,0,0,0,-0.436799149695686,0,0,0,0,0,0,0,0,0,0,0,0,0,0,0,1.14393367675195,0,0,0,0,0,0,0,0,0,0,-0.770898061358972,0,0,0,0.053308552107852,0,0,0,0,0,0,0,0,0,0,0,0,0,0,0,0,0,0,0,0,0,0,0,0,0,0,0,0,0,0,0,0,0,0,0,0,0,0,0,0,0,0,0,0.16405634011748,0,0,0,0,0,0,0,0,0,0,0,0,0,0,0,0,0,0,0,0,0,0,0,0,0,0,0,0,0,0,0,0,0,0,0,0,0,0,0,0,0,0,0,0,0,0,0,0,0,0,0,0,0,0,0,0,0,0,0,0,0,0,0,0,0,0,0,0,0,0,0,0,0.624667603796231,0,0,0,-0.00676003633066702,0,0,0,0,0,0,0,0,0,0,0,0,0,0,0,0,0,0,0,0,0,0
0,0,0,0,0,0,0,0,0,0,0,0,0,0.989916311186417,0,0,0,0,0,0,0,0,0,0,0,-0.159206738001388,0,0,0,0,0,0,0,0,0,-0.201699504701708,0,0,0,0,0,0,0,-1.1543743798059,0,0,0,0,0,0,0,0,0,0,0,0,0,0,0,0,0.163676774800466,0,0,0,0,0,0,0,0,0,0,0,0,0,0,0,0,0,0,1.02225952525221,0,-0.125389257489542,0,0,0,0,0,0,0,0,0,0,0,0,0.300586031946393,0,0,0,0,0,0.722388747291998,0,0,0,0.34850729721123,0.125393831107248,0,0,0,0,0,0.405386894368423,0,0,0,0,0,0,0,0,0,0,0,0,0,-0.135809502308157,0,0,0,0,0,0,0.0983354533767358,0,0,0,0,0,0,0,0,0,0,0,0,0,0,0,0,0,0,0,0,0,0,0,0,0,0,0,0,0,0,-0.0923533990579199,0,0,0,0,0,0,0,0,0,0,0,-2.34464114511432,0,0,0,0,0,0,0,0,0,0,0.639795150486234,0,0,0,0,0,0,0,0,0,0,0,0.517768338484248,0
0,0,0,0,0,0,0,0,0,0,-0.333767929893399,0,0,0,0,0,0,0,0,0,0,0,0,0,0,0,0,0,0,0,0,0,0,0,0,0,0,0,0,0,0,0,0,0,0,0,-0.111699398089907,0,0,0,0,0,0,0,0,0,0,0,0,0,0,0,0,0,0,0,0,0,0,0,0,0,0,0,0,0,0,0,0,0,0,0,0,0,0,0,0,0,0,0,0,0,0,0,0,0,0,0,0,0,0.512977063218546,0,0,0,0,0,0,0,0,0,0,0,0,0,0,0,0,0,0,0,0,0,0,0,0,0,0,0,0,0,0,0,0,0,0,0,0,0,0,0,0,0,0,0,0,0,0,0,0,0,0,0,0,0,0,0,0,0,0,0,0,0,0,0,0,0,0,0,0,0,0,0,0,0,0,0,0,0,0,0,0,0,0,0,0,0,0,0,0,0,0,0,0,0,0,0,0,0,0,0
0,0,0,0,0,0,0,0,0,0,0,0,0,0,0,0,0,0,0,0,0,0,0,0,0,0,0,0,0,0,0,0,0,0,0,0,0,0,0,0,0,0,0,0,0,0,0.476671544447516,0,0,0,0,-0.395478053799144,0,0,0,0,0,0,0,0,0,0,0,0,0,0,0,0,0,0,0,0,0,0,0,0,0,0,0,0,0,0,0,0,0,0,0,0,0,0,0,0,0,0,0,0,0,0,0,0,0,0,0,0,0,0,0,0,0,0,0,0,0,0,0,0,0,0,0,0,0,0,0,0,0,0,0,0,0,0,0,0,0,0,0,0,0,0,0,0,0,0,0,0,0,0,0,0,0,0,0,0,0,0,0,0,0,0,0,0,0,0,0,0,0,0,0,0,0,0,0,0,0,0,0,0,0,0,0,0,0,0,0,0,0,0,0,0,0,0,0,0,0,0,-0.316593130261752,0,0,0,0,0
0,0.242156857674796,0,0,0,0,0,0,0,0,0,0,0,0,0,0,0,0,0,0,0,0,0.0916586695694896,0,0.410526728172685,0.605214084829783,0,0,0,0,-0.446020015361773,0,0,0,0,0,0,0,0,0,0,0,0,0,0,0,0,0,0,0,0,0,0,0,0,0,0,0,0,0,0,0,-0.149610595915201,0,0,0,0,0,0,0,0,0,0,0,0,0,0,0,-0.211642154172629,0,0,0,0,0,0,0,0,0.792041703965225,0,0,0,0,0,0.382301616810597,0,0,0,0,-0.00937530478880833,0,0,0,0,0,0,0,0,0,0,0,0,0,0,0,0,0,0,0,0,0,0,-0.911517553192764,0,0,0,0,0,0,0,0,-0.0481552187195782,0,0,0,0,0,0,0,0,0,0,0,0,0,0,0,0,0,0,0,0,0,0,0,0,0,-0.0874249079508982,0,0,0,0,0,0,0,0,0,0,0,0,0,0,0,0,0,0,0,0,0,0,0,0,0.144645331336301,0,0,0,0,0,0,0,0.459499292883552,0,0,0,0,0,0.293671266820118,0,-0.649591097101827,0,0
0,0,0,0,0,0,0,-0.750861433047305,0,0,-2.22050923379363,0,0,0,0,0,0,0,0,0,0,0,0,0,0,0,0,0,0,0,0,0,0,-0.300910778289864,0,0,0,0,0,0,0,0,0,-1.02688424519769,0,0.314275294903463,0,0,0,0,0,0,0,0,0,0,0,0,0,0,0,0,0,0,0,0,0,0,0,0,0,0,0,0,0,0,0,0,0,0.535751828591704,0,0,0.89491241402817,0,0.138644467462386,0,0,0,0,0,0,0,0,0,0,-0.0447923446207423,0,0,0,0,0,0,0,0,0,0,0,0,0,0,0,0,0,0,0,0,0,0,0,0,0,0,0,0,0,0,0,0,0,0,0,0,0,0,0,0,-0.0657048399228766,0,0,0,0,0,0,0,0,0,0,0,0,0,0,0,0,0.153131906123249,0,0,0,0,0,0,0,0,0,0,0,0,0,-0.0227749397604717,0,0,0,0,0,0,0,0,0,0,0,0,0,0,0,0.39261291626593,0,0,0.285038329334953,-0.228167688422761,0,0.307174085762448,0,0,0.387247107669604,0,0,0,0,0,0,0
0,0,0,0,0,-1.04069256157798,0,0,0,1.07664921794934,0,0,0,-0.648085446327668,0,0,0,0,0,0,0,0,0,0,1.13899401251965,0,0,0,0,0,0,0,0,0,0,0,0.231298752389554,0,0,0,0,0,0,0.874412463104918,0.216625714737995,2.16318422845902,0,0,0,0,0,0,0.214944597610345,0,0,0,0,0.515955714075381,0,0,0,0,0,0,0,0,0,0,0.0728366530606932,0,0.0311057272143307,0,0,0,0,0,0,0,0,0,0.528534802499752,0,0,0.869239552210071,0,0,0.384528430540641,0.0894957032146666,0,0,0,0,0,0,0,0,0,0.0739582050236307,-0.889757552331173,0,1.4418571228201,0,-0.25107210220798,0,-0.0657128897217316,0,0,0,0,0,0,0,0,0,-0.858744086650403,0.582875258893651,0,0,-0.146266424403226,0,-1.15111385286904,0,0,0,0,0.363558654567287,-1.69353577189565,0,0,0,0,0,0,0,0,0,0,0,0,0.401898582283625,0,0,0,0,0,0,0,0.423122460796282,0,0,0,0,0,0,0,0,-0.108725187643579,0,0,0,0,0,1.63679416605678,0,0,0,0,0,-0.9185623022405,0,0,0,0,1.04973652582258,0,0,0,0,0,0.802379730226315,0,0,0,0,0,0,1.26265590237839,0.287024933692194,0,0,0,0,0,0,1.61393570719125,0,0,0,0,0
0,0,0,0,0,0,0,0,0,0,0,0,0,0,0,0,0,0,0,0,0,0,0,0,0,0,0,0,0,0,0,0,0,0,0,0,0,0,0,0,0,0,0,0,0.503334723815551,0,0,0,0,0,0,0,0,0,0,0,0,0.192828607159345,0,0,0,0,0,0,0,0,0,0,0,0,0,0,0,0,0,0,0,0,0,0,0,0,0,0,0,0,0,0,0,0,0,0,0,0,0,0,0,0,0,0,0,0,0,0,0,0,0,0,0,0,0,0,0,0,0,0,0,0,0,0,0,0,0,0,0,0,0,0,0,0,0,0,0,0,0,0,0,0,0,0,0,0,0,0,0,0,0,0,0,0,0,0,0,0,0,0,0,0,0,0,0,0,0.355560176679953,0,0,0,0,0,0,0,0,0,0,0,0,0,0,0,0,0,0,0,0,0,0,0,0,0,0,0,0,0,0,0,0,0,0,0,0,0
0,0,0,0,1.92712952830249,0,0,0,0,0.367249236986522,0,0,0,0,0,0,0,0,0,0,0,0,0,0,0,0,0,0,0,0,-0.661919611267578,0,0,0,0,0,0,0,0,0,0,0,0,0,0.135149924843051,0,0.703133569554903,0,0,0,0,0,0,0,0,0.0412548268742787,0,0,0,0,0,0,0,0,0,0,0,-0.369207719545263,0,0,0,0,0,0,0,0,0,0,0.860593561327811,0,0,0,0,0,0,0,0,0,0,0,0,-0.844155702514329,0,0,0,0,0,0,0,0,0,-0.564404744589555,0,0,0,0,0,0,0.470284195203075,0,0,0.67651822611321,0,0,0,0,0,0,0,0,0,0.0736009603286052,0,0,0,-0.105930988535624,0,0,0,0,0,0,0,0,0,0,0,0,0,0,0,0,0,0,0,0,0,0,0,0,0.00783128732915017,0,0,0,-0.133401044305255,0,0,0,0,0,0.201373204851507,0,0,0,0,0,0,0.0443091060875018,0,0,0,0,0,0,0,0,0,0,0,0,0,0,0,0,0,0,0,0,0,0,0.771956400501451,0,0,0,0,0,0,0,0.143425019976657,0
0,0,0,0,0,0,0,0,0,0,0,0,0,0,0,0,0,0,0,0,0,0,0,0,0,0,0,-0.484252478361479,0,0,0.626224719803739,0,0,0,0,0,0,0,0,0,0,0,0,0,0,0,0,0,0,0,0,0,0,0,0,0,0,0,0,0,0,0,0,0,0,0,0,0,0,0,0,0,0,0,0,0,0,0,1.12071386045657,0,0,0,0,0,0,0,0,0,0,0,0,0.517637523842423,0,0,-0.0766632051831055,0,0,0,0,0,0,0.147938133800915,0,0,0,0,0,0,0,0,0,0,0,0,0,0,0,0,0,0,0,0,0,0,0,0,0,0,0,0,0,0,0,0,0,0,0,0,0,0,0,0,0,0,0,0,0,0,0,0,0,0,0,0,0,0,0,0,0,0,0,0,0,0,0,0,0,0,0,0,0,0,0,0,0,0,0,0,0,0,0,0,0,0,0,0,0,0.290584362301218,0,0,0,0,0.101830507290402,0,0,0,0,-0.21334202633029,0,0
0,0,0,0,0,0,0,0,0,0,0,0,0,0,0,0,0,0,0,0,0,0,0,0,0,0,0,0,0,0,0,0,0,0,0,0,0,0,0,0,0,0,0,0,0,0,0,0,0,0,0,0,0,0,0,0,0,0,0,0,0,0,0,0,0,0,0,0,0,0,0,0,0,0,0,0,0,0,0,0,0,0,0,0,0,0,0,0,0,0,0,0,0,0,0,0,0,0,0,2.33449367842594,0,0,0,0,0,0,0,0,0,0,0,0,0,0,0,0,0,0,0,0,0,0,0,0,0,0,0,0,0,0,0,0,0,0,0,0,0.585350044255265,0,0,0,0,0,0,0,0,0,0,0,0,0,0,0,0,0,0,0,0,0,0,0,0,0,0,0,0,0,0,0,0,0,0,0,0,0,0,0,0,0,0,0,0,0,0,0,0,0,0,0,0,0,0,0,0,0,0,0,0,0,0,0
0,0,0,0,0,0,0,0.109755638503597,0,0,0,0,0,0,0,0,0,-0.040447086217968,0,0,0,0,0,0,0,0,0.132497990514905,0,0,0,0,0,0,0,0,0,0,1.31974578646679,0,0,0,0,0,0,0,-0.559240067759186,0,0,0,0,0,0,0,0,0,0,0,0,0,0,0,0,0,0,0,0,0,0,0,0,0,0,0,0,0,-0.0880292830452236,0,0,0,0,0,0,0.294634005263,0,0,0.078598334396246,0,0,0,0,0,0,0,0,0,0,0,0,-0.256723194777904,1.9887559908609,0,0,0,0,0,0,0,0,0,0,0,0,0,0,0,0,0,0,0,0,1.30867517377208,0,0,0,0,0,0,0,0,0,1.38801171952531,0,0,0,0,0,0,0,0,0,0,0,0,0,0,0,0,0,0,0,0,0,0,0,0,0,0,0,0,0.613574354427791,-0.0938389840599165,0,0,0,0,0,0,0,0,0,0,0,0,-0.590560964246707,0,0,0,0,0,0,0,0,0,0,0,0,0,0,0,0,0.344000344032653,0,0,0,0,-0.557831419923474,0,0,0,0
0,0,-0.171981519972756,0,0,0,0,0,0,0,0,0,0,-0.0659763298552922,0,0,0,0,0,0,0,0,0,0,0,0,0,0,-0.505004107068236,0,0,0,0.841081642309556,0,0,0,0.00933402650776505,0,0,0,0,0,0,0,0,0,0,0.29174459624339,0,0,0,0,0,0,0,0.2865298782573,1.9042087174395,0.679466070911828,0,-0.00156462735363205,0,-0.459213700509649,0,-0.32155120565831,0,0,0,0,0,0,0,0,0,0,0,0,0,0,0,0,0,0,0.701209886007047,0,0,0,0,0,0,0,0,0,0,0,0,0,0,0,-0.412711801989567,0,0,0.474116790815639,0,-0.179160062406228,0,0,0,0,0,0,0,0,0,-0.572786484870091,0,0,0,0,0,0,0,0.0219574645044864,0,0,0,0,0.805302567998712,0,0,0,0,0,0,0,0,0,0,0,0,0,0,0,0,0,0,0,0,0,0,0,0,0,0,0,-0.298204122860327,0,0,0,0,0,0,0,0,0,0,0,0.0995590125221182,0.15535427571486,0,0,0,0,0,-0.354437658130168,0,0,0,0,0,0,0,0,0,0,0,0,0,1.57181186477402,0,0,0,0,0.00389706118489408,0,0,0,0,0,0,0
0,0,0,0,0,0,0,0,0,0.627988694613252,0,0,0,0,0,0,0,0,0,0,0,0.131506540797903,0,0,0,0.0566900059556064,0,-0.0242166828007773,0,0,0,0,13.8300460596853,0,0,0.532962511136609,-0.314546514208857,0,0,0,0,0,0,0,0,0,0,0,0,0,0,0,0,0,0,-0.567960284330373,0,0,0,0,0,0,0,-0.471893391114105,1.05837365614952,0,0,0,0,0,0,-0.523021200627964,0,0,0,-0.0205392642913953,0,0,0.269911582540201,-0.412346236229658,0,0,0,0,2.82826851609622,0,0,0,0,0.26310814718287,0,0,0,0,0,0,0,0,0,-0.391170629713003,0,0,0,0,0,0,0,0,0,0,0,-1.57118081479512,0,0,-0.152983483529949,-0.186900979425971,0,-0.932590163474461,0,0,0,0,0,0,0,0,0,0,0,0,-0.103132902379222,-0.366883487194127,0,0,0.302529952110475,0.892888847387818,0,0,0,0,0,0,0,0,0,0,0,0,0,0,0.162778201859608,0,-1.1889526392576,-0.262749804985507,0,0,0,0,0,0,0,0.227409662199755,0,-0.906416297509752,0,0,0,-0.384181003893525,0,0,0,0,0,0,0,0,0,0,0,0,0,0,0,0,0,0,0,0,0,0,0,0,0.0671260264556344,0,0,0,0,-0.0204998046270608,0,0
0,0,0,0,-0.539481172250195,0,0,0.0711244226705934,0,0,0,0,0,0,0,0,0,0,0,0,0,0,0,0,0,0,-0.572490335916801,0,0,0,0,0,6.42046622134521,0,0,0,0,0,0,0,0,0,0,0,0,0,0,0,0,0,0,0,0,0,0,-0.740433496503505,0,0,0,0,-1.2596346817732,0,0,0,0,0,0,0,0.0408573712849836,0,0,-0.592264914366925,0,0,0.176673812644335,0,0,0,0,0,0,0,0,0,0.0269397220041907,0,0,0,0,0.712577107216951,0,0,0,0,0,0,0,0,-0.587868568372073,0,0,0,0,0,0,0,0,0,-0.155982798038028,0,0,0,0,0,0,0,0,-1.98709732386465,0,-0.731163377679339,0,0,0,0,0,0,0,0,0,0,0,0,0,0,0,0.779198870686271,0,0,0,0,0.0608299014177869,0,0,0,0,0,0,0,0,0,0,0,-1.13238439144257,0,0,0,0,0,0,0,0,0,0,0,0,0,0,0,0,0,0,0,0,0,0,0,0,-0.0145181649148485,0,0.669662457148714,0,0,0,0,0.21643764241283,0,0,0,0,0,0.397045165846906,0,0,0,-0.00722682671485053,0,-0.449450987224832,-0.93390818850699,0,0
0,0,0,0,0,0,0,0,0,0,0,0,0,0,0,0,0,0,0,0,0,0,0,0,0,0,0,0,0,0,0,0,0,0,0,0,0,0,0,0,0,0,0,0,0,0,0,0,0,0,0,0,0,0,0,0,0,0,0,0,0,0,0,0.150677040357369,0,0,0,0,-15.2309901527878,0,0,0,0,0,0,0,0,0,0,0,0,0,0,0,0,0,0,0,0,0,0,0,0,0,0,0,-0.179172755212434,0,0,0,0,0,0,0,0,0,0,0,0,0,0,0,0,0,0,0,0,-0.555051018560828,0,0,0,0,0,0,0,0,0,0,0,0,0,0,0,0,0,0,0,0,0,0,0,0,0,0,0,0,0,0,0,0,0,0,0,0,0,0,0,0,0,0,0,0,0,0,0,0,0,0,0.0505621493591126,0,0,0,0,0,0,0,0,0,0,0,0,0,0,0,0,0,0,0,0,0,0,0,0,0,0,0,0,0,0,0
0,0,0,0,0,0,0,0,0,0,0,0,0,0,0,0,0,0,0,0,0,0,0,0,0,0,0,0,0,0,0,0,0,0,0,0,0,-0.353334988400404,0,0,0,0,-0.354544842117875,0,0,0,0,0,0,0,0,0,0,0,0,0,0,0.216450603671176,0,0,0,0,0,0,0,0,0,0,-8.24628091918001,0,0,0,0,0,0,0,0,0.00708158268814607,0,0,0,0,0,0,0,0.753488805718368,0,0.0599266760484312,0,0,0,0,0,0,0,0,0,0,0,0,0,0,0,0.374487770723356,0,0,0,0,0,0,0,0,0,0,0,0,0,0,0,0,0,0,0,0,0,0,0,0,0.0065852200906964,0,0,0,0,0,0,0,0,0,0,0,0,0.142048123266625,0,0,0,0,0,0,0,0.493510375187222,0,0,0,0,0,0.0393406433599579,0,0,0,0,0,0,0,0,0,0,0,0,0,0,0,0,0,0,0,-0.668844909292741,0,0,0,0,0,0,0,-0.726196618573714,0,0,0,0,0,0,0,0,0,0,0,0,0,0,0,0
0,0,0,0,0,0,0.238468103600782,0,0,0,0,0,0,0,0,0,0,0,0,0,0,0,0,0,0,0,1.30013160498197,0,0,0,0,0,0,0,0,0,0,0,0,0,0,0,0,0,0,0,0,0,0,0,0,0,0,0,0,0,0,0,0,0,0,0,0,0,0,0,0,0,0,0,0,0,0,0,0,0,0,0,0,0,0,0,0,0,0,0.264078737873142,0,0,0,0,0,0,0,0,0,0,0,0,0,0,0,0,0,0,0,0,0,0,0,0,0,0,0,0,0,0,0,0,0,0,0,0,0,0,0,0,0,0,0,0,0,0,0,0,0,0,0,0,0,0,0,0,0,0,0,0,0,0,0,0,0,0,0,0,0,0,0,0,0,0,0,0,0,0,0,0,0,0,0,0,0,0,0,0,0,0,0,0,0,0,0,0,0,0,0,0,0,0,0,0,0,0,0,0,0,0,0,0,0,0
0,0,0,0,0,0,0.051351045088361,0,0,0,0,0,0,0,0,0,0,0,0,0,0,0,0,0,0,0,2.50433252033041,0,0,0,0,0,0,0,0,0,0,0,0,0,0,0,0,0,0,0,0,0,0,0,0,0,0,0,0,0,0,0,0,0,0,0,0,0,0,0,0,0,0,0,0,0,0,0,0,0,0,0,0,0,0,0,0,0,0,0,0,0,0,0,0,0,0,0,0,0,0,0,0,0,0,0,0,0,0,0,0,0,0,0,0,0,0,0,0,0,0,0,0,0,0,0,0,0,0,0,0,0,0,0,0,0,0,0,0,0,0,0,0,0,0,0,0,0,0,0,0,0,0,0,0,0,0,0,0,0,0,0,0,0,0,0,0,0,0,0,0,0,0,0,0,0,0,0,0,0,0,0,0,0,0,0.159112890025762,0,0,0,0,0,0,0,0,0,0,0,0,0,0,0,0,0,0
0,0,0,0,0,0,0,0,0,0,-0.0998289373900745,0,0,0,0,0,0,0,0,0,0,0,0,0,0,0,0,0,0,0,0,0,0,0,0,0,0,0,0,0,0,0,0,0,0,0,0,0,0,0,0,-0.979702336276913,0,0,0,0,0,0,0,0,0,0.229647386827087,0,0,0,0,0,0,0,0,0,0,0,0,0,0,0,0.045932170521519,0,0,0,0,0,0,0,0,0,0,0,0,0,0,0,0,0,0,0,0,0,0,0,0,0.0300039380493682,0,0,0,0,0,0,0,0,0,0,0,0,0,0,0,0,0,0,0,0,0,0,0,0,0,0,0,0.104610873104895,0,0,0,0,0,0,0,0,0,0,0,0,0,0,0,0,0,0,0,0,0,0,0,0,0,0,0,0,0,0,0,0,0,0,0,0,0,0,0,0,0,0,0,0,0,0,-0.0506930763747866,0,-0.655789536714437,0,0,0,0.443950075714515,0,0,0,0,0,0,0,0,0,0,0,0,0,0,0,0
0,0,0.772405321089028,0,0,0,0,0.721174262235744,0,0,0,0,-0.263371158854158,0,0.44420667482387,0,0,0,0,0,0,0,-1.08299731938717,0,0,0.116248920692134,1.77002336140438,-0.113746837953982,0,0,0,0,0,0,0,0,0,-1.85500259753174,0,0,0,0,2.5865269156674,0,0.00264490702640985,-1.21574801519778,0,0,0,0,0,0,0,0,0,0.0026888099813176,0,-0.678506816373279,0,0,0,0,0.229105973296897,0,0,0,0.0359676245678933,0,0,0,0,0,0,0,-0.671225538363667,0,0,-0.454186089399591,0,0,0,0,-0.533653683361338,0.493806089349123,0,0,0,0,0,0,0,-2.38335122366235,0,0,-0.0477814623070663,-0.139078360782317,0,0,0,-0.168939363649531,0,0,0,0,0,0,1.20544991646379,0,0,0,0,0,0,0,0,0,0,-0.127050686824977,0,-0.0818581292345011,-0.208602240594326,0,0,0,0,2.71382020865922,0,0,0,0,0,0.145975870199449,-3.50903469052186,0,0,0,0,0,0,0.740539641017429,0,0,0,1.1628940078188,0,0,0,0,0,0,0.0158149958726774,0,0,0,0,0,0,0,0,0,0.622592245046876,-0.532510080933036,0,0,0,0,0,0,0,0,0,0,0,0,0,0,0,0.539298084149585,-0.319769469475726,0,-0.373351608569492,0,0,0,0.755704687113728,0,0,0,0,0,0,0,0,0,0,-4.98245266535265,0,0,0,0
0,0,0,0,-1.42357322689297,0,0,0,-1.64293086856477,0,0,-0.416843022174259,0,0,0,0,0,0,0,1.36150713176891,0,0,0,0,0,0,0,0,-0.618749828240691,0,0,0,0,0,0,0,0,0,0,0,0,0,1.16416532070486,0,0,0,0,0,0,-2.54481714884454,0,0,0,0,-0.195590723237141,0,0,0,0,-0.0608700663304036,-1.01919934464496,0,0,-2.56604388860237,0,0,0.954563184335438,0,0,0,-0.0867833924415031,0,0,0,-0.331672858402557,0,0,0,0,0,0,0,0.553311861793108,0.266548251758109,0.0795634924194368,0.68183783275155,0,-0.135569860993927,0,1.18205042911902,0,0,0.74155950975229,0.166192822715733,0,0,0,0,-0.512609017723453,0,0.551956039273436,0,0.555925655328425,0,0,-1.65426971025248,1.42469343504029,0,-0.110284255089226,-0.219015843878165,0,0,0,0,0,0,0,0,0,0,0,0,0,0,0,0,0,0,0,0,0,0,1.78318631114896,0,1.53626279659102,0,0,-0.583591210414793,0,0,-1.60357898287195,0,0,1.01800383169569,0,0,0,0,-1.65598976250363,0,0,0,0,0,0,0,0,0,0,0.658234910610728,0,0,0,0,0,0,0.837668035722263,0,0.0371411485605422,0,0,0,0,0,0.138428724335043,-1.27490712693256,-0.0233933083458395,0,0,-0.705318958485706,-1.72698033831351,0,0,0,2.53461677386522,0,0,-0.512010447022708,0,0,-0.385659950067916,0,0,0,-0.0550721282586863,0,0,1.15865067390514,0,-0.0498991592595124
0,0,-0.464369132476398,0,0,0,0,0,-0.42290168006726,0,2.37712329665556,0,0,0,0,0,0,0,0,0,0,0,0,0,0,0,0,0,0,0,0,0,0,0,0,0,0.000494241305145637,0,0,0,0,0,0,0,0,0,0,0,0,-0.73042292719617,0,0,0,0,0,0,-1.15301104462618,0,0,0,0,0,-0.964666240794287,0,0,0.0549155349865342,0,0,0,0,0,0,0,0,0,0,0,0.0333930172638455,-0.424690206440855,0,0,0,0.728637336017985,0,0,0,0.0808585210207029,0,0,1.78774721299671,-0.0392615031524057,0,0,0,0,0,0,0,0,0,0,0.326580978927404,0,0,-1.16113771953994,-1.6029462428116,0.731618949903618,0,0,0,0,0,0,0,0,1.02248376320109,0,0,0,0,0,-0.142443709423927,0,0,0,0.470677254434809,-0.67596196742863,0,0,0,0,0,1.4228150125865,0,0,0,0,0,0,0,0,0,0,0,0,0,0,0,-0.137280985482198,0,0,0,0,0,0,0,0,0,0,0,0,0,0.567624028720096,-0.460560478323417,0,0,0.679895015576496,0,0.405038680237608,0,0,0,0,0,0.0600060420874378,0,-0.133569617195338,0,0,0,0,0,0,0,0,0,0,0,0,0.0735386031128562,0,0,0,0,0,0,0,1.11804861217812,0,-0.519304333786039
0,0,0,0,0,0,0,0,0,0,0,0,0,0,0,0,0,0,0,0,0,0,0,0,0,0,0,0,0,0,0,0,1.16051720193939,0,0,0,0,0,0,0,0,0.107657222744594,0,0,0,0,0,0,0,0,0,0,0,0,0,-1.00032476821018,0,0,0,0,0,0,0,0,-0.654001066069958,0,0,0,-0.0948679712108544,0,0.195717601009015,0,0,0,0,0,0,0.201582432333481,0,-0.0611404238034912,0,0,0,0,0,0,0,0,0,0,0,0,0,0,0,0,0,0,0,0,0,0,0,0,0,0.710491958738748,0,0,0,0,0,0,0,0,0,0,0,0,0,0.710946126960677,0,-0.0142947948587737,0,0,0,0,0,1.96072657528571,0,0,0,0,0,0,0,0,1.11218709720855,0,0,0,0,0,0,0,0,0,0,0,0,0.755383512105857,0,0,0,-0.61985247474357,-1.11648741737012,0,0,0,0,0,0,0,0,0,0,0,0,0,0,0,0,0,0,0,0.00356644028385422,0,0,0,0,0,0,0,0,0,0,0,0,0,0,0,0.500286729251163,0,0,0,0,0,0,-0.0230460394532568,0,0
0,0,0,0,0,0,0,0,0,0,0,0.101731516314759,0,0,0.445934543570659,0,0,0,0,0,0,0,0,0,0,0,0,0,0,0,0,0,1.1013649693658,0,0,0,0.361153293221758,0,0,0,0.165098640341742,0,0,0,0,1.36501660242516,0,0,0,0,0,0,0,0,0,-0.834035243683508,0,0,-0.0328793874776248,0,0,0.995935119662533,0,0,-1.38232327532999,0.281415922177466,-0.233554966849883,0,-1.49459533295987,0,0.317073835239297,0,0,-0.170911537412405,0,-0.446240739062514,0,0.264730689126494,0,-0.104619440644821,0,0,0,0,1.04700658211882,0,-2.35950296270386,-0.399625206387636,0,0,0,-0.0989578141530223,0,0,0,0,0,-0.155922476068335,0,0,0,1.22962595812904,0,0,0,1.36414267576408,0,0,0,0,0,0,0,0,0,0,0,-0.139872135905988,0,0.889287291765465,0.236399737495051,-0.932852019762131,0,-0.44033554083506,0,0,0,3.53872780151923,0,0.409258875860032,0,0,0,0,0.0837069095953418,0,2.89715162384238,0,0,0,0,0.991883102842885,0,0,0,0,0,0,0,0,0.131965560499336,0,0,-0.83807359098778,-1.67535217265898,0,0,0,0,0,0,0,0,0,0,0,0,0,0,0,0,0,0,0,1.36834516908624,1.45166954564847,0,-1.38945902894635,-0.375509236496927,0,0,0,0.410420223401165,0,0,0,0,0,0,0,0.823903320956182,0,0,0,0,0,0,0,0,0
0,0,-0.577913344552367,0,0,0,0,0,0,0,0,0,-0.028299334588791,0,0,0,-0.362142733888293,-0.490380868645543,0,0,0,-0.328908578212934,0,0,0,0.0449863673773232,0,0,0,0,0.250780461295819,0,0,0,0,0,0,0.101120386962708,0,0,0,0,0,0,0,0,0,0,0,0,0,0,0,0,0,0,-0.53032518539521,-0.968669335715729,0,0,-0.324004162955619,0,0,0,0,0,0,0,1.2828453731692,0,0,0,0,0,0.263504310901771,0,0,0.0428487826189434,-0.0392062639978217,0,0,0,0,0,0.259655888346325,0,0,0,0,0.245787107586166,0,0,0.413631689608122,0,0,0,0.0421363656086156,0,0,0,0.722169806560005,0,0,0,0,0,0,0,0,0,0,0,0,0,0,1.68393871350519,-0.373144927689792,-1.76123747257076,0,0,0,0,-0.450974175515088,0,0,0,0,3.25644489760078,0,0,0,0,-1.3203664749258,0,0,0,1.60862600189315,0,0,0,0,0,0,0,0,0,0,-0.146792193786007,0,-0.0483534228930476,0,0,0,0,0,0,0,0,0,0,0,0,0,0,0,0,0.132835238390861,0,0,0,0,0,0,0,0,0,0,0,0,0,0,0,0,0,0,0,0,0,0,0,0,0,0,-0.00480904206356181,0,0,0,0,0,0
0,0,0,0,0.634627139487187,-0.0717574704109791,0,-0.0284892105818015,0,0,0,0,0,0,0,0,0,0,0,0,0,0,0,0,0,0,-1.11420951925104,0.039284677377442,0,0,0,0,0,-0.724772932197692,0,0,0,0,0,0,0,0,0,0,0,0,0,0,0,0,0,0,0,0,0,-0.352255130684226,0,0,0,0,0,0,0,0,0,0,0,0,0,0,0,0,0,0,0,0,0,0,0.00930277788740042,0,0,-0.129843858453445,0,0,0,0,0,1.72459145254405,0,0,0,-0.267035240707349,0,0,0,0,0,0,0,0.161733730057869,0,0,0,0,0,0,0,0,0,0,0,-1.31748594264612,0,0,0,0,0,0,0,0.209020546894502,0,0,0,0,0,0,0,0,0,0,0,0,0,0,-0.0735889812199488,0,0,0,0,0,0,0,0,-1.48152361662758,0,0,0,0,0.153717532591209,0,0,0,0.354217833567539,0,0,0.883871564284488,0,0,0,0,0,0,0,0,0,0,0,0,0,0,0,0,0,0,0,0,0,0,0,0,0,0,0,0,0,0,0,0,0,0,0,0,0,0,1.53812389365987,0,0,0,0,0
0,0,0,0,0,0,0,0,0,0,0,0,0,0,0,0,0,0,0,0,0,0,0,0,-0.0911872410426555,0,-0.432929066147512,0,0,0,0,0,0,0,0,0,0,0,0,0,0,0,0,0,0,0,0,0,0,0,0,0,0,0,0,-0.00733736925120332,0,0,0,0,0,0,0,0,0,0,0,0,0,0,0,0,0,0,0,0,0,0,0,0,0,0,0,0,0,0,0,0,0,0,0,0,0,0,0,0,0,0,0,0,0,0,0,0,0,0,0,0,0,0,0,-0.56335406778993,0,0,0,0,0,0,0,0.32226759982194,0,0,0,0,0,0,0,0,0,0,0,0,0,0,0,0,0,0,0,0,0,0,0,0,0,0,0,0,0,0,0,0,0,0,0,0,0,0,0,0,0,0,0,0,0,0,0,0,0,0,0,0,0,0,0,0,0,0,0,0,0,0,0,0,0,0,0,0,0,0,0,0,0,0,0,0,0,0,0,0
0,0,0,0,0,0,0,0,0,0,0,0,0,0,0,0,0,0,0,0,0,0,0,0,0,0,0,0,0,0,0,0,0,0,0,0,0,0,0,0,0,0,0,0,0,0,0,0,0,0,0,0,0,0,0,0,0,0,0,0,0,0,0,0,0,0.531268100450788,0,0,0,0,0,0,0,0,0,0,0,0,0,0,0,0,0,0,0,-0.265695475995731,0,0,0,0,0,0,0,0,0,0,0,0,0,0.098913732144204,0,0,0,0,0,0,0,0,0,0,0,0,0,0,0,0,0,0,0,0,0,0,0,0,0,0,0,0,0,0,0,0,0,0,0,0,0,0,0,0,0,0,0,0,0,0,0,0,0,0,0,0,0,0,0,0,0,0,0,0,0,0,0,0,0,0,0,0,0,0,0,0,0,0,0,0,0,0,0,0,0,0,0,0,0,0,0,0,0,0,0,0,0,0,0,0,0,0,0,0
0,0,0,0,0,0,0,0,0,0,0,0,0,0,0,0,0,0,0,0,0,0,0,0,0,0,0,0,0,0,0,0,0,0,0,0,0,0,0,0,0,0,0,0,0,0,0,0,0,0,0,0,0,0,0,-0.176720968855058,0,0,0,0,0,0,0,0,0,0,0,0,0,0,0,0,0,0,0,0,0,0,-0.135372145818978,0,0,0,0,0,0,0,0,0,0,0,0,0,0,0,0,0,0,0,0,0.311326149829583,0,0,0,0,0,0,0,0,0,0,0,0,0,0,0,0,0,0,0,0,0,0,0,0,0,0,0,0,0,0,0,0,0,0,0,0,0,0,0,0,0,0,0,0,0,0,0,0,0,0,0,0,0,0,0,0,0,0,0,0,0,0,-0.401075573472056,0,0,0,0,0,0,0,0,0,0,0,0,0,0,0,0,0,0,0,0,0,0,0,0,0.455510610515739,0,0,0,0,0,0,0.00741337805666054,0,0,0,0,0
0,0,0,0,0,0,0,0,0,0,0,0,0,0,0,0,0,0,0,0,0,0,0,0,0,0,0,0,0,0,0,0,0,0,0,0,0,0,0,0,0,0,0,0,0,0,0,0,0,0,0,0,0,0,0,0,0,0,0,0,0,0,0,0,0,0,0,0,0,0,0,0,0,0,0,0,0,0,-0.0504843011830549,0,0,0,0,0,0,0,0,0,0,0,0,0.0541326485497438,0,0,0,0,0,0,0,0,0,0,0,0,0,0,0,0,0,0,0,0,0,0,0,0,0,0,0,0,0,0,0,0,0,0,0,0,0,0,0,0,0,0,0,0,0,0,0,0,0,0,0,0,0,0,0,0,0,0,0,0,0,0,0,0,0,0,0,0,0,0,0,0,0,0,0,0,0,0,0,0,0,0,0,0,0,0,0,0,0,0,0,0,0,0,0,0,0,0,0,0,0,0,0,0,0,0,0,0
0,0,-0.0191114179047909,0,0,0,0,0,0,0,0,0,0,0,0,0,0,0,0,0,0,0,0,0,0,0,0.406404256528586,0,0,0,0,0,0,0,0,0,0,0,0,0,0,0,0,0,0,0,0,0,0,0,0,0,0,0,0,0,0,0,0,0,0,0,0,0,0,0,0,0,0,0,0,0,0,0,0,0,0,0,0,0,0,0,0,0,0,0,0,0,0,0,0,0,0,0,0,0,0,0,0,0,0,0,0,0,0,0,0,0,0,0,0,0,0,0,0,0,0,0,0,0,0,0,0,0,0,0,0,0,0,0,0,0,0,0,0,0,0,0,0,0,0,0,0,0,0,0,0,0,0,0,0,0,0,0,0,0,0,0,0,0,0,0,0,0,0,0,0,0,0,0,0,0,0,0,0,0,0,0,0,0,0,0,0,0,0,0,0,0,0,0,0,0,0,0,0,0,0,0,0,0
0,0,0,0,0,0,0,0,0,0,0,0,0,0,0,0,0,0,0,0,0,0,0,0,0,0,0,0,0,0,0,0,0,0,0,0,0,0,0,0,0,0,0,0,0,-0.186104370100593,0,0,0,0,0,0,0,0,0,0,0,0,0,0,0,0,0,0,0,0,0,0,0,0,0,0,0,0,0,0,0,0,-0.214108133895261,0,0,0,0,0,0,0,0,0,0,0,0,0,0,0,0,0,0,0,0,0,0,0,0,0,0,0,0,0,0,0,0,0,0,0,0,0,0,0,0,0,0,0,0,0,0,0,0,0,0,0,0,0,0,0,0,0,0,0,0,0,0,0,0,0,0,0,0,0,0,0,0,0,0,0,0,0,0,0,0,0,0,0,0,0,0,0,0,0,0,0,0,0,0,0,0,0,0,0,0,0,0,0,0,0,0,0,0,0,0,0,0,0,0,0,0,0,0,0,0,0
0,0,0,0,0,0,0.317381482625801,0,0,0,0,0,0,0,0,0,0.135370256651241,0,0,0.00479880318709203,0,0,0,0,0,0,0,0,0,0,0,0,-0.0193276165239749,0,0,0,0,0,0,0,0,0,0,0,0,0,0,0,0,0,0,0,0,0,0,-0.219566482060155,0,0,0,0,0,0,0,0,0,0.563376928810414,0,0,0,0,0,0,0,0,0,0,0,0,0,0,0,0,0,0,0,0,0,0,0,0,0,0,0,0,0,0,0,0,0,0,0,0,0,0,0,0,0,0,0,0,0,0,0,0,0,0,0,-2.34497020045734,0,0,0,0,0.198989273317839,0,0,0,0,0,0,0,0,0,0,0,0,0,0,0,0,0,0,0,0,-0.725281423357916,0,0,0,0,0,0.18117549393027,0,0,0,0,-0.170085531624403,0,0,0,0,0,0,0,0,0,0,0,0,0,0,0,0,0,0,0,0,0,0,0,0,0,0,0,0,0,0,0,0,0,0,-0.510538328783403,0,0,0,0,0,0,0,0,0,0
0,0,0,0,0,0.979997668012634,0,0,0,0,0,0,0,0,0,0,0,0,0,1.04825591575769,0,0,0,0,0,0,0,0,0,-4.78810648792841,0,0,0,0,0,0,0,0,0,0,0,0,0,0,0,0,0,0,0,0,0,0,0,0,0,0,0,0,0.12113013888974,0,0,-1.07309553350307,0,-0.470267796555037,0,0.794179410434897,0,0,0,0,0,0,0,0,0.189098705125117,0,0,0,-0.751499886880616,0,0,0,0,0,0,0,0.375204443158384,0,0,0,0,0,0,0,0.0274978283558382,-0.974353127492664,0,0,0,0,0,0,0,0,-0.225701712660605,0,0,0.733539427182934,0,0,0,0,0,0,0,0,0,-2.83854677955638,0,0,0,0,0,0,0,0,2.16863112942851,0,0,-0.406483368869798,0,0,-0.501286360939985,0,0,0,-1.08315147540022,0,0,-0.142338207830472,0,-0.706637381113749,0,0,0,0,0,0,-0.281456901368048,0,0,0,0,0,0,0,0,0,0,0.272409729443233,-0.452492860745145,0,0,0.414368493851509,0,0,0,-0.217211197972886,0,0,0,0,0,0,0,-0.600526216444104,0,0,0.278634190553006,0.479598343326937,0,0.163937175072088,0,0,1.44993697259384,0,0,0,0,0,0,0,0,0,-1.04496482932875,0,0,0,0,0
0,0,0,0,0,0,0,0,0,0,0,0,0,0,0,0,0,0,0,0.218099668493853,0,0,0,0,0,0,0.457650471615902,0,0,0,0.147561998832703,0,0,0,0,0,0,0,0,0,0,0,0,0,0.0837735224801879,0,0,0,0,0,0,0,0,0,0,0,0,0,0,0,0,0,0,-0.605965819041804,0,0.00922593369815239,0,0,0,0,0,0,0,0,0,0,0,0,0,0,0,0,0,0,0,0,0,0,0,0,0,0,0,0,0,0,0,0,0,0,0,0,0,0,0,0,0,0,0,0,0,0,0,0,0,0,0,0,0,0,0,0,0,0,0,0,0,0,0,0,0,0.00195048854200008,0,0,0,0,0,0,0,0,0,0,0,0,0,0,0,0,0,0.00878896850105804,0.179706376628005,0,0,-0.567360222499705,0,0,0,0,0,0,0,0,0,0,0,0,0,0,0,0,0,0,0.133026950551799,0,0,0,0,0,0,0,0,0,0,0,0,0,0,0.274574083562355,0,0,0,0,0,0,0,0,0,0,0,0
0,0,-0.103459820275775,0,0,0,0,0,0,0,0,0,0,0,0,0,0,0,0,0,0,0,0,0,0,0,0,0,0,0,0,0,0,0,0,0,0,0,0,0,0,0,0,0,0,0,0,0,0,0,0,0,0,0,0,0,0,0,0,0,0,0,0,0,0,0,0,0,0,0,0,0,0,0,0,0,0,0,0,0,0,0,0,0,0,0,0,0,0,0,0,0,0,0,0,0,0,0,0,0,0,0,0,0,0,0,0,0,0,0,0,0,0,0,0,0,0,0.0663285832711862,0,0,0,0,0,0,0,0,0,0,0,0,0,0,0,0,0,0,0,0,0,0,0,0,0,0,0,0,0,0,0,0,0,0,0,-1.39602514659983,0,0,0,0,0,0,0,0,0,0,0,0,0,0,0,0,0,0,0,0,0,0,0,0,0,0,0,0,0,0,0,0,0,0,0,0,0,0,0,-0.265276778759352,0,0,0,0,0,0
0,0,0,0,0,0,0,0,-0.081246311677299,0,0,0,0,0,0,0,0,0,0.167550587731879,0.0312101286487294,0,0,0,0,0,0,0,0,0,0,0,0,0,0,0,0,0,0,0,0,0,0,0,0,0,-0.637135348641431,0,0,0,0,0,0,0,0,0,0,0,0,0,0,0,0,0,0,-0.60139862075862,-0.181832757599962,0,0,0,0,0,0,-0.0386598676385255,0,0,0,0,0,0,0,0,0,0,0,0,0,0,0,0,0,0,0,0.0983436869307814,0,0,0,0,0,0,0,0,0,0,0,0,0,0,0,0,0,0,0,0,0,0,0,0,0,0,0,0,0,0,0,0,0,0,0,-0.213669792987784,0,0,0,0,0,0,0,1.24673819587678,0,0,0,0.275973301021872,-0.404338509641676,0,0,0,0,0,0,0,0,0,0,0,-0.185127885857413,0,0,0,0,0,0,0,0,0,0,0,0,0,0,0,-1.28504269026095,0,0,0,0,0,0,0,0,-0.298683013676639,0,0,0.230099845679424,0,0,0,0,0,0,0,0,0.124277516453387,0,-0.00876899841780188,0,0,0,0,0,0,0
0,0,0,0,0,0,-0.223769428590889,0,0,0,0,0,0,0,0,0,7.29576235463587,0,0,0,0,0,0,0,0,0,0,0,0,0,0,0,0,0,0,0,0,0,0,0,0,0,0,0,0,0,0,0,0,0,0,0,0,0,0,0,0,0,-0.404541471863126,0,0,0.117890056493631,0,0,0,0,0,0,0,0,0,0,0,0,0,0,0,0,0.0361765586047806,0,0,0,0,0,0,0,0,0,0,0.0679969959957762,0,0,0,0,0,0,0,0,0,0,0,0,0,0,0,0,0,0,0,0,0,0,0,0,0,0,0,0,0,0,0,0,0,0,0,0,0,0,0,0,0,0,0,0,0,0,0,0,0,0,0,0,0,-1.68608624903766,0,0,0,0,0,0.563027805271533,0,0,0,0,0,0,0,0,0,0,0,0.300817347393485,-0.37226984479622,0,0,0,0,0,0,-0.0401628946435357,0,0,0,0,0,0,0,0.0970589103268995,0,0,0,0,0,0,0,0,0,0,0,0,0.184714659920549,0,0,0,0,0,0,0,0,0
0,0,0,0,0,0,0,0.0630305310552208,0,0,0,0,0,0,0,0,7.09059025164901,0,0,0,0,0,0,0,0,0,0,0,0,0,0,0,0,0,0,0,0,0,0,0,0,0,0,0,0,0,0,0,0,0,0,0,0,0,0,0,0,0,-0.66003965806324,0,0,0,0,0,0,0.377640856255332,0,0,0,0,0,0,0,0,0,0,0,0,0,0,0,0,0,0,0,0,0,0,0,0,0,0,0,0,0,0,0,0,0,0,0,0.0756200494365091,0,0,0,0,0,0,0,0,0,0,0,0,0,0,0,0,0,-0.0555826858921167,0,0,0,0,0,0,0,0,0,0,0,0,0,0,0,0,0,0,0,0,0,0,0,-0.845777744632429,0,0,0,0,0,0.0937651167630265,0,0,0,0,0,0,0,0,0,0,0,0,0,0,0,0,0,0,0,0,0,0,0,0,0,0,0,0.24460928981805,0,0,0.0129728947834147,0,0,0,0,0,0,0,0,0,0,0,0,0,0,0,0,0,0,0
0,0,0,0,0,0,0,0,0,0,0,0,0,0,0,0,8.48957733938565,0,0,0,0,0,0,0,-0.104722475531219,0,0.114530711679763,0,0,0,0,0,0,0,0,0,0,0,0,0,0,0,0,0,-0.311425858640035,0,0,0,0,0,0,0,0,0,0,0,0,0,-0.634308461713783,0,0,0,0,0,0,0,0,0,0,0,-0.671378109961194,0,0,0,0,0,0,0,0,0,0,0,0,0,0,0,0,0,0,0,0,0,0,0,0,0,0,0,0,0,0,0,0,0,0,0,0,0,0,0,0,0,0,0,0,0,0,0,0,0,1.44143538622175,0,0,0,0,0,0,0,0,0,0,0.081829972601356,0,0,0,0,0,0,0,0,0,-0.0656771210045501,0,-0.0342115953644588,0,0,0,0,0,0.125438874241205,0,0,0,0,0,0,0,0,0,0,0,0.360676882292094,0,0,0,0,0,0,0,0,0,0,0,0,0,0,0,0,0,0,0,-0.496434434336999,0,0.239960035795118,0,0,0,0,0,0,0.176661177671165,0,0,0,0,0,0,0,0,0
0,0,0,0,0,0,0,0,0,0,0,0,0,0,0,0,9.39115827023779,0,0,0,0,0,0,0,0,0,0,0,0,0,0,0,0,0,0,0,0,0,0,0,0,0,0,0,0,0,0,0,0,0,0,0,0,0,0,0,0,0,0,0,0,0,0,0.17531962435971,0,0,0,0,0,0,0,0,0,0,0,0,0,0,0,0,0,0,0,0,0,0,0,0,0,0,0,0,0,0,0,0,0,0,0,0,0,0,0,0,0,0,0,0,0,0,0,0,0,0,0,0,0,0,0,0,0.65999242672913,0,0,0,0,0,0,0,0,0,0,0,0,0,0,-0.374619079071266,0,0,0,0,0.160629368138811,0,0,-0.192999742490138,0,0,0,0,0,0,0.165707681354327,0,0,0,0,0,0,0,0,0,0,0,0,0,0,0,0,0,0,0,0,0,0,0,0,0,0,0,0,0,0,-0.00362015520476011,0,0,0,0,0,0,0,0,0.18180021284034,0,0,0,0,0,0,0,0,0
0,0,0,0,0,0,0,0,0,0,0,0,0,0,0,0,9.19846740063251,0,0,0,0,0,0,0,0,0,0,0,0,0,0,0,0,0,0,0,0,-0.120795289830366,0,0,0,0,0,0,0,0,0,0,0,0,0,0,0,0,0,0,0,-0.104184285196117,0,0,0,0,0,0,0,0,0,0,0,0,0,0,0,0,0,0,0,0,0,0,0,0,0,0,0,0,0,0,0,0,0,0,0,0,0,0,0,0,0,0,0,0,0,0,0,0,0,0,0,0,0,0,0,0,0,0,0,0,0,0,0,0,0,0,0,0,0,0,0,0,0,0,0,0,0,0,0,0,0,0,0,0,0,0,0,0,0,0.280971035194623,0,0,0,0,0,0,0,0,0,0,0,0,0,0.400285309895337,0,0,0,0,0,0,0,0,0,0,0,0,0,0,0,0,0,0,0,0,0,0,0,0,0,0,0,0,0,0,0,0,0,0,0,0,0,0
0,0,0,0,0,0,0,0,0,0,0,0,0,0,0,0,12.8200958762535,0,0,0,0,0,0,0,0,0,0,0,0.0130019193884374,0,0,0,0,-0.0762486362146548,0,0,0,0,0,0,0,0,0,0,0,0,0,0,0,0,0,0,0,0,0,0,0,0,0,0,0,0,0,0,0,0,0,0,0,0,0,0,0,0,0,0,0,0,0,0,0,0,0,0,0,0,0,0,0,0,0,0,0,0,0,0,0,0,0,0,0,0,0,0,0,0,0,0,0,0,0,0,0,0,0,0,0,0,0,0,0,0,0,0,0,0,0,0,0,0,0,0,0,0,0,0,0,0,0,0,0,0,0,0,0,0,0,0,0,0,0,0,0,0,0,0,0,0,0,0,0,0,0,0,0,0,0,0,0,0,0,0,0,0,0,0,0,0,0,0,0,0,0,-0.616624121027267,0,0,0,0,0,0,0,0,0,0,0,0,0,0,0,0
0,0,0,0,0,0,0,0,0,0,0,0,0,0,0,0,12.089918045457,0,0,0,0,0,0,0,0,0,0,0,0,0,0,0,0,0.0260185326980726,0,0,0,0,0,0,0,0,0,0,0,0,0,0,0,0,0,0,0,0,0,0,0,0,-0.372918289375016,0,0,0,0,0,0,0,0,0,0,0,0,0,0,0,0,0,0,0,0.275586151425568,0,0.0500341297247651,0,0,0,0,0,0.92925350165039,0,0,0,0,0,0,0,0,0,0,0,0,0,0,0,0,0,0,0,0,-0.0067460483780899,0,0,0,0.0464569807684065,0,0,0,0,0,0,0,0,0,0,0,0,0,0,2.99746048222691,0,0,0,0,0,0,0,0,0,0,0,0,0,0,-0.276141806310432,0,0,0,0,0,0,0,0,0,0,0,0,0,0,0,0,0,0,0,0,0,0,0,0,0,0,0,0,0,0,0,0,0,0,0,0,0,0,0,0,0,0,0,0,0,0.23284738158825,0,0,0,0,0,0,0,0,0,0,0,0
0,0,0,0,0,0,0,0,0,0,0,0,0,0,0,0,13.3199388009495,0,0,0,0,0,0,0,0,0,0,0,0,0,0,0,0,0,0,0,0,0,0,0,0,0,0,0,0,0,0,0,0,0,0,0,0,0,0,0,0,0,-0.516581943280017,0,0,0,0,0,0,0,0,0,0,0,0,0,0,0,0,0,0,0,0,0,0,0,0,0.0361060707775067,0,0,0,0,0,0,0,0,0,0,0,0,0,0,0,0,0,0,0,0,0,0,0,0,0,0,0,0,0,0,0,0,0,0,0,0,0,0.346976492247023,0,0,0,0,0,0,0,0,0,0,0,0,0,0,0,0,0,0,0,-0.0180706881003765,0,0,0,0,0,0,0,0,0,0,0,0,0,0,0,0,0,0,0,0,0,0,0,0,0,0,0,0,0,0,0,0,0,0,0,0,0,0,0,0,0,0,0,0,0,0,0,0,0,0,0,0,0,0,0,0,0,0
0,0,0,0,0,0,0,0,0,0,0,0,0,0,0,0,14.9091403017579,0,0,-0.446398336928148,0,0,0,0,0,0,0,0,0,0,0,0,0,0,0,0,0,0,0,0,0,0,0,0,0,0,0,0,0,0,0,0,0,0,0,0,0,0,-0.438211444405848,0,0,0.0813729101850171,0,0,0,0,0,0,0,0,0,0,0,0,0,0,0,0,0,0,0,0,0,0,0,0,0,0,0,0,0,0,0,0,0,0,0,0,0,0,0.0812991127675764,0,0,0,0,0,0,0,0,0,0,0.25458861805611,0,-0.163664972713302,0,0,-0.624465592851485,0,0,0,0,0,0,0,0,0,0,0,0,0,0,0,0,0,0,0,0,0,0,0,0,0,0,0,0,0,0,0,0,0,0,0,0,0,1.26456900068283,0,0,0,0,0,0,0,0,0,0,0,0,0,0,0,0,0,0,0,0,0,0,0,0,0,0,-0.316745777143439,0,0,0,0,0,0,0,0,0.0828580416035083,0,0,0,0,0,0,0,0,0
0,0,0,0,0,0,0,0,0,0,0,0,0,0,0,0,14.5458599916765,0,0,-0.249283980146788,-0.0397062013976892,0,0,0,0,0,-0.308940493942796,0,0,0,0,-0.102619151941998,0,0,0,0,0,0,0,0,0,0,0,0,0,0,0,0,0,0,0,0,0,-0.190495680522532,0,0,0,0,0,0,0,0.364533012241326,-0.389331374040784,0,0,0,0,0,0,0,0,0,0.862002574005882,0.0634411942674309,0,0,0,0,0.591364127882308,0,0,0,0,0.429137314101,0,0,0,0,0,0,0,0,0,0,0,0.0255950566226513,0,0,0,0,0,0,0,-0.284969181390689,0,0,0,-0.766532374904334,0,-0.0178010148013648,0,1.65503890625166,0,0,0,0,-3.18464991388229,0,0,0,0,0,0.00726674323348875,-0.0432254605962896,0,0,0,0,0,0,0,0,0,0,0.0128475118932381,0,0,0,0,0,0,0,0,0.406771109414639,0,0,0,0,0,0,0,0,0,0,1.30890136297235,0,0,0,0,0.154901349826088,0,0,0,0,0,0,0,0,0,0,0,0,0,0,0,0,-0.242767376434913,0,0,0,0,0.358489898773675,0,-1.06711271301406,0,0,0,0,0,0,0,0,0,0,0,0,0,0,0,0
0,0,0,0,0,-0.448126659213482,0,0,0,0,0,0,0,0,0,0,0,0,0,0,0,0,0,0,0,0,-0.0162604124562815,0,0,0,0.60858638607189,0,0,0,0,0,0.141646406263612,0,0,0,0,0,0,0,0,0.0313267084218503,0,0,0,0,0,0,0,0,0,0,0,0,0,0,0,0,0,-1.13412148240445,0,0,0,0,0,0,0,0,0,0,0,0,0,0,0,0,0,0,0,0.00443676745859301,0,0,0,0,0,0,0,0,0,0,0,0,0,0,-0.73730700967818,0,0,0,0,0,0,0,0,0,0,0,0,0,0,0,0,0,0,0,0,0,0,0,0,0,0,0,0,0,0,0,-0.014968703955285,0,0,0,0,0,0,0,0,0.138747653167125,0,0,0,0,0,0,0,0,0,0,0,0,0,0,-0.168453523479857,0,0,0,0,0,0,0,0,0,0,0,0,0,0.217472268497404,0,0,0,0,0,0,0,0,0,0,0,0,0,0,0,0,0,0,0,0,0,0,0,0,0,0,0,-0.0368466115529298,0,0,0
0,0,0.0183668347202428,0,0,0,0,0,-1.37519760963207,0.52807205839914,0,0,0,0,0,0,0,0,0,0,0,0,0,0,0,0,0,0.143775169938145,0,0,0,0,0.311103366165205,0,0,0,0,0,0,0,0,0,0,0,0,0,0,0,0,0,0,-0.0298029249327134,0,0,0,-0.0730043558730513,0,-0.21622562417619,0,0,-0.121404137968211,0,0,-0.723652864509999,-0.313895847995098,0,0,0,0,0,0,0,0,0,0,0,0,0,0,0,-0.102478151420686,0,0,0,0,0,0,0,0,0,0,0,0,0,0,0,0,0,-0.18960925599837,-0.77325043045221,0,0,0,0,0,0,0,0,1.09372242146732,0,0,-0.372057473609418,0,0,0,0,0,-7.8552471682783,0,0,0,0,-0.905357824052754,0,0,0,0,-0.248255168722739,0,0,-1.10542887183065,0,0.829285341704357,0,0,0,0,0,0,0,0,0,0,0,0,0,0,0,0,0,0,0,0,-0.789289164017416,0,0,0,0,0,0,0,0.0191955384048803,0,0.659289058429727,0,0,0,0,0,0,0,0,0,-0.945049599589826,0.0900879626219577,-0.567512303252638,0.993976380883395,0,-0.0628621379608063,0,0,0,0,0,0,0,0,-1.01486052076728,0,0,0,0,0,0,0,0,0,0,0,0
0,-0.112278337677327,0,0,0,0,0,0,0,0,0,0,0,-0.755201121463243,0,0,0,0,0,0,0,0,0,0,0,-2.23243250028396,0,0,0,0,0,0,0,0,0,0,0,-0.278529848199408,0,0,0,0,0,0,0,0,-0.0672377087993257,0,0,0,-0.343010371071663,-0.532202797292501,0,0,0,0,-0.266333331922908,0.652002677390185,0,0,0,0,0,-1.94582083471432,0,0,0,0,0,0,0,0,0,0,0,0,0,0,0,0,0,-0.385064519069523,0,0,0,0,0,0,0,0,0,0,0,0,0,0,0,0,0,0,0,0,0,0,0,0,0,0,0.250383668189937,0,0,0,0,0,0,-1.55103231255423,0,-2.06326270370848,0,0,0,0,0,0,0,0,-0.160096698366421,0,0,0,0,0.167826187344606,1.41343928605654,0,-0.542595239617443,0,0,0,0,-0.115999845306258,0,1.10180928028055,0,-0.118586203700744,0,0,0,0,0,0,0,0,0.882002298909307,0,0,0,0,0,0,0,0,0,0.551489620791305,0,0,0,0,0,0,0,0,-0.245397702908311,0,0.601552049670709,0,0,0,0.202111518138179,0,0,0,0,0,-1.59893623550156,0,0,0,0,0,-0.809776798885065,0,0,0,0,0,0,0,0,0,0
0,0,-0.584278830303499,0,0,-0.534329658144768,0.497591280096454,0,0,0,0,0,0,0,0,0,0,0,0,0,0,0,0,0,0,0,0,-0.112436271623543,0,0.105157588242855,0,0,0,0,0,0,0,0.440205328142848,0,0,0,0,0,0,0,-0.960502464009061,0,0,0,0,0,0,0,0,0,0,0,0,0,0,0,0,0,0.0921187052008541,0,0,0,0,0,0,-0.249150659978289,1.00578246077737,0,0,0,0,0,0,0,0,0,0,0,0,0,0,0,0,0,0,0,-0.416974374496387,0,0,-0.0776879004147122,0,-0.308695688833996,0,0,-0.206868239343113,-0.669635261696721,-1.56156674594902,0,0,0,0,0,0,0,0,0,0,0,0,0,0,0,0,0,0,-0.169525361046128,-0.749893221251335,0,0,0,0,0,0,0,1.66417854525726,-0.114037764640308,0,0,0,0,0,0.609773723212126,0,0,0,0,-0.496110796951488,0,0,0,0.668872339873892,0,0,0,0,0,0,0,0,0,0,0,0,0,0,0,-1.11407397675697,0,0,0,0,0,0,0,-3.77536781330865,0,0,0,0,0,0,0,-0.784141288755087,0,0,0,0,0,0,0,0,0,0,0,0,0,0,-0.735281831323594,0,0,0,0,0,0,0
0,0,0,0,0,0,0,0,0,0,0,0,0,0,0,0,0,0,0,0,0,0,0,0,0,0,0,0,0,0,0,0,0,0,0,0,-0.332097396050973,0,0,0,0,0,0,0,0,0,0,0,0,0,0,0,-0.105487102097377,0,0,0.109461353188744,0.793301433001416,0,0,0,0,0,0,0,0,0,0,0,0,0,0,0,0,0,0,0,0,0,1.1430364956583,0,0,0,0,0,0,-0.364173281305335,0,0,0,0,0,0,0,0,0,0,0,0,0,0,0,0,0,0,0.0330848555643017,0,0,0,0,0,0,0.862073955345153,0,-0.0345827762724653,0,0,0,-0.754401094154199,0,-0.444221133415324,0,0,0,0,0,0,0,0,0,0,0,0.194495117752516,-0.158791987275971,0,0,0,0,0,0,0,0.181727175313291,0,0,0,0,0,0,0,0,0,0,0,0,0,0,0,0,0,0,0,0.225792936417104,0,0,0,0,0,0,0.101697543179438,0,-0.526725068057744,-0.0974560254345553,0,0,0,0,0,0,0,0,0,0,0,0,0,0,0,0,0,0,0,0,0,0,0,0,0,0,0,0,0
0,0,-1.43645580694631,0,0,0,0,0,0,0,0,0,-0.955747309677701,0,0,0,0,0,0,0,0,0,-0.0342203487086028,-0.0967237190007655,0,0,0,0,0,-4.57199027148719,0,0,0,0,0,0.137743604193753,0,0,0,0.069206516990467,0,0,0,0,0,0,0,0,0,0,0,0,0,0,0,0.648247731986337,0,0,0,0,-0.00820986855359451,-0.463673741708327,0,0,0,0,-0.0592395848215912,0,0,0,0,0,0,0,0,0.243693372188575,0,0,0.0352022555446982,0,0,0,0,0,-0.653068835311421,0,0,0,0,-0.99454307118745,0,0,-0.57859292650044,0,0,0,0,-0.223016388371604,0,0,0,0,0,0,0,0,0,0,0,0,0,0.175205793497546,0,0.51934081111107,0,-0.767034808256503,0,0,0,0.673990141424568,0,0,0,0,0,0,0,0,0,0,0,0,-0.697356730043235,0,0,0,0,0,0,0,0,0,0,0,0,0,0,0,0,0,0,0,0,0,0,0,0,0,0,0,0,0,-0.0673604042885343,0,0,0,0,0,0,-5.12787743545707,-0.268632955845683,-0.0766530956648086,0,0,0,0,0,0,0,0.0531994645139897,0,0,0,0,0,0,0,0,0,-0.0915312423212147,0,0,0,0,0,0,0,0.616833429348069,0,0
0,0,0,0,0,0,0,0,0,0,0,0,0,0,0,0,0,0,0,0,0,0,0,0,0,0,0,0,0,0,0,0,0,0,0,0,0,0,0,0,0,0,0,0,0,0,0,0,0,0,0,0,0,0,0,0,0,0,0,0,0,0,0,0,0,0,0,0,0,0,0,0,0,0,0,0,0,0,0,0,0,0,0,0,-0.754883150183181,0,0,0,0,0,0,0,0,0,0,0,0,0,0,0,0,0,0,0,0,0,0,0,0,0,0,0,0,0,0,0,0,0,0,0,0,0,0,0,0,0,0,0,0,0,0.364773904222681,0,0,0,0,0,0,0,0,0,0,0,0,0,0,0,0,0,0,0,0,0,0,0,0,0,0,0,0,0,0.308854056832504,0,0,0,0,0,0,0,0,0,0,0,0,0,0,0,0,0,0,0,0,0,0,0,0,0,0,0,0,0,0,0,0,0,0,0,0,0,0,0
0,0,0,0,0,0,0,0,0,0,0,0,0,0,0,0,0,0,0,0,0,0,0,0,0,0,-0.715994027301394,-0.189084363187272,0,0,0,0,0,0,0,0,0,0,0,0,0,0,0,-0.195104254470905,0,0,0,0,0,0,0,0,0,0,0,0,0,0,0,0,0,0,-0.134239925996676,0,0,0,0,0,0,0,0,0,0,0,0,0,0,0,-0.136208007356598,0,0,0,0,-0.669862190314686,0,0,0,0,0,0,0,0,0,0,0.166509989106027,0,0,0,0,0,0.16836463663214,0,0,0.357988806408575,0,0,0,0,0,0,0,0,0,0,0,0,0,0,0,0,-0.764899529932432,0,0,0,0,0,-0.0799186999708574,0,0,0,0,0,0,0,0,0,0,0,0,0,0,0,0,-2.75392976179613,0,0,0,0,0,0,0.359774448430786,0,0,0,0,0,0,0,0,0,0,0,0,0,0,0,0,0,0,0,0,0,0,-0.362122458275393,0,0,0,0,0,0,0,0,0,0,0,0,0,0,0,0,0,0,0,0,0.667574463853157,0,0,-0.660207436607725,0,0
0,0,-0.19531499806047,0,0,0,0,0.361023184166943,-0.800285726247016,0,0,0,0,0,0,0,0,0,0,0,0,0,0,0,0,1.44418105326004,-0.564316460358288,-1.75533183356357,0,0,0,0,0,0,0,0,0,0,0,0,0,0,0,0,-0.599045077425033,-0.0613282216105111,0,0,0,-0.301346399240972,0,0,0,0,0,0.0116997648644703,-0.868986221996847,-0.33381905313087,0,0,0,0,0,0.350714731837747,0,0,0,0,0,0,0,0,0,0,0,0,0,0,0,0,-0.499125539969218,0,0,0,0,0,0,0.173389724793449,0,0,0,0,0,0,0,0,0,0,0,0,0.537461217836205,0,0,0,0,0,0,0,0,0,0,0,0,0,0,0,0,0,0,0,0,0,0.985366114702677,0,0,0,0,-0.656758319262417,0,-0.291036211810754,0,0,0,0,0,0,0,0,0,0,-0.276256419152602,0,0,-3.16355642251946,0,0,0,0,0.407292886497193,0,0.25501490566461,0,0,0.388425397345935,0,0,0,0,0,0,0.162410624627837,0,0,0,0,0,0,0,0,0,0,0,0.509290665469018,0,0,0,0,0,0,0,0,0,0,0.896096272168788,-0.125197850422048,0,0,0,0,0,0,0,0,0,0,0,0,-0.136302046000863,-0.0909376173862655,0
0,0,0,0,0,0,0,0,0,0,0,0,0,0,0,0,0,0,0,0,0,0,0,0,0,0,-0.2442688112317,0,0,0,0,0,0,0,0,0,0,0,0,0,0,0,0,0,0,0,0,0,0,0,0,0,0,0,0,0,0,0,0,0,0,0,0,0.421939223591125,0,0,0,0,0,0,0,0,0,0,0,0,0,0,0,0,-0.0444079051404356,0,0,0,0,0,0,0,0,-0.0600059385449181,0,0,0,0,0,-0.147320520606926,0,0,0,0,0.602609841545588,0,0,0,0,0,0,0,0,0,0,0,0,0,0,0,0,0,0,0,-0.481944570787507,0,0,0,0,0,0,0,0,0,0,0,0,0,0,0,0,0,0,0,0,0,0,-1.98564013046792,0,0,0,0,0,0,0,0,0,0.214720761709797,0,0,0,0,0,0,0,0,0,0,0,0,0,0,0,0,0,0,0,0,0,0,0,0,0,0,0,0,0,0,0,0,0,0,0,-0.00967944394934239,0,0,0,-0.743619299080004,0,0,0,0,0,0
0,0,0,0,0,0,0,0,0,0,0,0,0,0,0,0,0,0,0,0,0,0,0,0,0,0,0,0,0,0,0,0,0,0,0,0,0,0,0,0,0,0,0,0,0,0,0,0,0,0,0,0,0,0,0,0,0,0,0,0,0,0,0,0.49229336469215,0,0,0,0,0,0,0,0,0,0,-0.0647367828123497,0,0,0,0,0,0,0,0,0,0,0,0,0,0,0,0,0,0,0,0,0,0,0,0,0,0.201420786814976,0,0,0,0,0,0,0,0,0,0,0,0,0,0,0,0,0,0,0,0,0,0,0,0,0,0,0,0,0,0,0,0,0,0,0,0,0,0,0,0,0,0,-0.907785833609784,0,0,0,0,0,0,0,0,0,0,0,0,0,0,0,0,0,0,0,0,0,0,0.0572856098232106,0,0,0,0,0,0,0,0,0,0,0,0,0,0,0,0,0,0,0,0,0,0,0,0,0,0,0,0,0,0,0,0,0
0,0,-0.821893312946168,0,0,0,0,0,0,0,0,0,0,0,0,0,0,0,0,0,0,0,0,0,0.890513347008921,0,0,0,0,0,0,0,0,0,0,0,0,0,0,0,0,0,0,0,0,0,0,0,0,0,0,-0.69291309102448,0,0,0,0,-0.563128766310938,0,0,0,0,-0.569969663645489,0,0,0,0,0,0,0,0,0.131129600032764,0,0,0,0,-0.0649476805969849,0,0,3.29364738872568,-0.457378839303108,0,0,0,0,0,0,0,0,0,-0.254537796923376,0,0,-0.525775638446593,0,0,0,0,0,0,0,0,-0.20342712720442,0.461943752443256,0,0,1.74454601989153,0,0,-1.13613585181447,0,0,0,0.509892122981648,0,0,0,0,0.568043359825172,0,0,0,0,0,0,0,0,0,0,0,0,2.42762050548819,0,0,0,-0.310541857947363,0,0,0,0,0,0,0,0,0,0,3.60607001271955,0,0,0,0,0,0,0.754037915927121,0,0,0,0,0,0.315956831717149,0,0,0,0.141956671620709,0,0,0,0,0,0.452116024340459,0,0,-0.0501574999479202,0,0,0,0.094383134654203,0,0,0,0,0,0.590127201384098,0,0,0,0,0,0,0,0,0,0,0,0,-0.607148223515316,0.0720601232958951,0,0,0,0
0,0,0,0,0,0,0,0,0,0,0,0,0,0,0,0,0,0,0,0,0,0,0,0,0.18716650585745,0,0,0,0,0,0,0,0,0,0,0,0,0,0,0,0,0,0,-0.39985680893728,0,0,0.189588133387079,0,0,0,0,0,0,0,0,0.12017596966644,0,0,0,0,0,0,0,0,0,0,0,0,0,0,0,0,0,0,0,0,0,0,0,0,0,0,0,0,0,0,0,0,0,0,0,0,0,0,0,0,0,0,0,0,0,0,0,0,0,0,0,0,0,0,0,0,0,0,0.091413208464771,0,0,0,0,0,0,0,0,0,0,0,0,0,0,0,0,0,0,0,0,0,0,0,0,0,0.818152226893931,0,0,0,0,0,0,0,0,0,0,0,0,0,-0.273992879242172,0,0,0,0,0,0,0,0,0,0,0,0.0138045967803591,0,0,0,0,0,0,0,0,0,0,0,0,0,0,0,0,0,0,0,0,0,0,0,0,0,0,0,0,0,0,0,0,0
0,0,0,0,0,0,0,0,0,0,0,0,0,0,0,0,0,0,0,0,0,0,0,0,0,0,0,0,0,0,0,0,0,0,0,0,0,0,0,0,0,0,0,0,0,0,0,0,0,0,0,0,0,0,0,0,0,0,0,0,0,0,0,0.336420964470074,0,0,0,0,0,0,0,0,0,0,0,0,0,0,0,0.0901736715932338,0,0,0,0,0,0,0,0,0,0,0,0,0,0,0,0,0,0,0,0,0,0,0,0,0,0,0,0,0,0,0,0,0,0,0,0,0,0,0,0,0,0,0,0,0,0,0,0,0,0,0,0,0,0,0,0,0,0,0,0,0.165745011292997,0,0,-0.031672193928828,0,0,0,0,0,0,0,0,0,0,0,0,0,0,0,0,0,0,0,0,0,0,0,0,-0.128151435232617,0,0,0,0,0,0,0,0,0,0,0,0,0,0,0,0,0,0,0,0,0,0,0,0,0,0,0,0,0,0,0
0,0,-0.862275771281887,0,0,0,0,0,0,0,-0.121753681433163,0,0,0,0,0,0,0,0,0,0,0,0,0,0,-0.0545746797468716,0,0,0,0,0,0,0,0,0,0,0,0,0,0,0,0,0,0,0,0,1.73675124660442,0,0,0,0,-0.371744703543257,0,0,0,0,0,0,0,0,0,0,0,0,0,0,0,0,0,0,0.210461204049122,0,0,0,0,0,0,0,0,0,0,0,0,0,0,0,0,0,0,0,0,0,0,0,0,0,0,0,0,0,0,0,0,0,0,0,0,0,0,0,0,0.665186071609987,0,0,0.105416669754938,0,0,0,0,0,0,0,0,0,0,0,0,0,0,0,0,0,0,0,0,0,0,0,0,0,0,0,0,0,0,0,0,0,0,0,0,0,0,0,0,0,0,0,0,0.113100379479777,0,0,0,-0.0501111852545439,0,0,0,0,0,0,0,0,0,0,0,0,0,0,0,0,0,0,0,0,0,0,0,0,0,0,0,0,0,-0.591167663856409,0,0.021404325686327,0,0,0,0
0,0,0,0,0,-0.319916059376515,0,0,0,0,0,0,0,0,0,0,0,0,0,0,0,0,0,0,0,0.063690930759317,0,0,0,0,0,0,0,0,0,0,0,0,0,0,0,0,0,0,0,0,0,0,0,0,0,0,0,0,0,0,0.855686205893031,0,0,0,0,0,0,0.561179427552847,-0.289862059070443,0,0,0,0,0,0,0,0,0,0,0,0,0,0,0.181753044581127,0,0,0,0,0,0,0,0,0,0,0,0,0,0,0,0,0,0,0.214257210907137,0,0,0,0,0,0,0,0,0,0,0,0,0,0,0,0,0,0,0,0,0,0,0,0,0,0,0,0,0,0,0,0,0,0,0,0,0,0,0,0,0,0.164584571321652,0,0,0,0,0,0,0,0,0,0,0,0,0,0,0,0,0,0,0,0,0,0,0,0,0,0,0,0,0,0,0,0,0,0,0,0,0,0,0,0,0,0,0,0,0,0,0,0,0,0,0,0,0,0,0,0,0,0,0
0,0,0,0,0,0,0,-1.86472851105702,0,0,0,0,0.23638333043531,0,0,0,0,0,0,0,0,0,0,0,0,-0.0926948404821859,0,0,0,0,0,0,0,0,0,0,0.228512971038171,0,0,0,0,0,0,0,0,0,-0.270933031732705,0,0,0,0,0,0,0,0,0,0,0,0,0,0,0,0.237871845824801,1.1315319180786,0,0,0,0,0,0,0.505543217796955,0,0,0,0,0,0,0,0,0.296753287944096,0,0,0,0,0,0,0,0,0,0,0,0,0,0,0,0,0,0,0,0,0,0,0.728484216604681,0,0,0,0,0,0,0,0,0.570832506235897,0,0,0,0,0,0,0.0691170697824774,0,0,0,0,0,0,0,0,0,0,0.113260015767807,0,0.0983507224648423,0,0,0.0965605210425264,0,0,0,0,0,0,0.417760443277291,0,0,0,0,0,0,0,0,0,0,0,0,0,0,0,0,0,0,0,0,0,0,0,0,0,0,0,0,0,0,0,1.08986964290299,0,0,0,0,0,0,0,0,0,0,0,0,0,-0.098985707629009,0,0,0,0,0,0,0,0,0,0,0,0
0,0,0,0,0,0,0,-0.455091472461395,0,0,0,0,0,0,0,0,0,0,0,0,0,0,0,0,0,0,0,0,0,0,0,0,0,0,0,0,0,0,0,0,0,0,0,0,0,0,0,0,0,0,0,0,0,0,0,0,0,0,0,0,0,0,0,0,0,0,0,0,0,0,0,0,0,0,0,0,0,0,0,0,0,0,0,0,0,0,0,0,0,0,0,0,0,0,0,0,0,0,0,0,0,0,0,0,0,0,0,0,0,0,0,0,0,0,0,0,0,0,0,0,0,0,0,0,0,0,0,0,0,0,0,0,0,0,0,0,0,0,0,0,0,0,0,0,0,0,0,0,0,0,0,0,0,0,0,0,0,0,0,0,0,0,0,0,0,0,0,0,0,0,0,0,0,0,0,0,0,0,0,0,0,0,0,0,0,0,0,0,0,0,0,0,0,0,0,0,0,0,0,0.0682076527902875
0,0,0,0,0,0,0,0,0,0,0,0,0,0,0,0,0,0,0,0,0,0,0,0,0,0,0,0,0,0,0.330076540599431,0,0,0,0,0,0,0,0,0,0,0,0,0,0,0.0476528406973877,0,0,0,0,0,0,0,0,0,0,-0.261901725054883,0,0,0,0,0,0,0,0,0,0,0,0,0,0,0,0,0,0,0,0,0,0,0,0,0,0,0,-0.335930631864585,0,0,0,0,0,0,0,0,0,0,0,0,0,0,0,0,0,0,0,0,0,0,0,0,0,0,0.471690769826012,0,0,0,0,0,0,0,0,0,0,0,0,0,0,0,0,0,0,0,0.115688118298323,0,0,0,-0.0765393393807332,0,0,0,0,0.104694414705474,0,0,0,0,0,0,0,0,0,0,0,0,0,0,0,0,0,0,0,0,0,-0.00112002953606649,0,-0.54741552872425,0,0,0,0,0,0,0,0,0,0,0,0,0,0,0,0,0,0,0,0,-0.429824962383782,0,0,0,0,0,0,0,0,-0.292922614609162,0,0,0,0,0
0,0,1.01203740892709,0,0,0,0,0,0,0,0,0,0,0,0,0,0.223052043635639,0,0,0,0,0,0,0,0,0,-0.448479198502789,0,0,0,0,0,0,0.58936704537287,0,0,0,0,0,0,0,0,0,0,0,0,0,0,0,0,0,0,0,0,0,0,0,0,0,0.100424194288443,0,-0.653484223066599,0,0,0,0,0,0,-2.50161842375394,0,0,0,0,0,0,0,0,0,0,0,0,0,2.17575589033401,0,0,0,0,0,0,0,0,0,-1.41046617569885,0,0,-0.939234563810446,0,0,0,0,0,0,0,0,0,-0.287543696560644,0,0,0,0,0,0,0,0,0,0,0,0,0,0,0,0,0,0,0,0,0,0,0,0,0.736375458618906,0,0,0,0,0,0,0,0,0,-0.0107312855139503,0,0,0.732874147809151,0,0,0,0,0,0,0,0,0,0,0,0,0,0,0,0,0,0,0,0.196218314831532,0,0,0,0,0,0,0,-0.0467719856384106,0,-0.171953579340556,0,0,0,0,0,0,0,0,0,0,0,0,0,0,0,0,0,0,0,0,1.4024331340174,0,0,0,0,0
0,0,0,0,0,0,-0.81374532321077,0,-1.26604451152792,0,0,0,0,0.0110042566970128,0,0,0.401238634087659,0,0,-0.956746700440826,0.305714177539666,0,0,0,0,-0.0516403898029589,0,0,0.00356674204272034,0,0,-0.201819347059913,0,0,0,-0.0504927046467918,0,0,0,0,0,0,0,0,0,0,0,0,0,0.826953510386854,0,0,0,0,0,0,0,0,0,-0.276943061250553,0,-2.7187872188122,0,0.741055470544857,-1.02433838746403,0,0,0,0,0,0,0.0307131396244431,0,0,0,-0.024778268254543,-0.643785006243834,0,0,0,0,0,0,0,-0.0418108731673847,0,0,0,1.42079289931303,0,0,0,0,0,0,0,-0.261466601549372,0,0,0,0,0,0,0,0,0,0,-13.6279389233007,0,-0.902898074507759,0,0,-0.234533026826969,0,0,0,0,0,0,0.475385662535708,0,0,0,-0.733811070723893,0,0,0,0,0,0.984749062622485,0,-0.318638596120095,0,0,0,0,0,0,0,2.08077725763344,0,0,-0.0429232871948007,0,0.118103462770788,0,0,0.862859648902983,0,-1.77984466962467,-0.521100996096779,-0.0796015601433089,0,0,0,0,0,0.323249142121079,0,0,0,0,-0.526095727410366,0,0,0,0,0,0,0,0.0757425792098882,0,0,0,0.195311212028142,0,0,0,-0.723100942030445,0,0,0,0,0,0,0,0,-0.793682483320296,0.0997261062213659,0,0,0,0,0,0,0,0,0,0,0
0,0,0,0,0,0,0,0,0,0,0,0,0,-0.0254367426324995,0,0,0,0,0,0,0,0,0,0,0,0,0,0,0,0,0.292269310599099,0,0,0.113432953636004,0,0,0,0,0,0,0,0,0,3.16826016122596,0,0,0,0,0,0,0,0,0.50053109514377,0,0,0,0,0,0,0,0,0,0,0,0,0,0,0,0,0.679909737069466,0,0,0,0,0,0,0,0,0,0,-0.202330544950759,0,0,0.197160152356085,0,-1.14953347342421,0,0,0,-0.345965952747054,0,0,0,0,0,0,0,0,0,0,0,0,0,0,0,0,0,0,0,0,0,0,0,0,0,0,0,0,0,0,0,0,0,0,0,0,0,0,0,0,0,0,-0.57421867983009,0,0,0,0,0,0,0,0,0,0,0,0,0,0,0,0,0.00154416270640834,0,0,0,0,0,0,0,0,0,0,-2.33215330012546,0,0,0,0,0,0,0,0.118347506347398,0,0,0,0,-0.161359698363304,0,0,0,0,0,0,0,0,0,0,0,0,0,0,0,0,0.311297006125728,0,0,0,0,0,0,0,0,0
0,0,0,0,0,0,0,0,0,0,0,0,0,0,0,0.464956539665051,0,0,0,0,0,0,0,0,0,0,0.221896806191158,0,0,0,-0.234220295798907,0.0838274342856604,0,0,0,0,0,0,0,0,0,0.649714793739268,0,-14.0589895949312,0,0,-2.20199601446429,0,0,0,0,0,-3.49676586410257,0,0,0,0.0439442335047942,0,0,0,0,0,0,0,0,6.17609862210156e-05,0,0,0,-5.19858407625903,0,0,0,0,0,0,0,0,0,0,0,0,0,-0.091457431898246,0,0,0,0.867472541011362,0,0,0,0,0,0,0,0,0,0,0,0,0,0,0,0,0,0,0,0.072312146850269,0,0,0,0,0,0,0,0.546105136769375,0,0,0.312631723367799,0,-0.0206365142571159,0,0,0,0,0,0,0,-0.45675315629281,0,0,0,0,0,0,0,0,0,0,0,0.181804234084606,0,0,0,0,0,0,0,0,0,0,0,0,0,0,0,-1.35757388068592,0,0,0.228847137178972,0,0,0,0,0,0,0,0.0936702845702013,0,0,0,0,0,0,0,0,0,0,0,0,0,0,0,0,0,0,0,0,0,0,0,0,-0.0160560798638503,0,0,0,0,0,0,0
0,0,0,0,0,0,0,0,0,0,0,0,0,0,0,0,0,0,0,0,0,0,0,0,0,0,0,0,0,0,0,0,0,0,0,0,0,0,0,0,0,0,0,-0.177477807573299,0,0,0,0,0,0,0,0,0,0,0,0,0,0,0,0,0,0,0,0,0,0,0,0,0,0,0,0,0,0,0,0,0,0,-0.584601408693998,0,0,0,0,0,0,0,0,0,0,0,0,0,0,0,0,0,0,0,0,0,0,0,0,0,0,0,0,0,0,0,0,0,0,0,0,0,0,0,0,0,0,0,0,0,0,0,0,0,0,0,0,0,0,0,0,0,0.26516940618813,0,0,0,0,0,0,0,0,0,0,0,0,0,0,0,0,0,0,0,0,0,0,0,0,0,0,0,0,0,0,0,0,0,0,0,0,0,0,0,0,0,0,0,0,0,0,0,0.637308247589083,0,0,0,0,0,0,0,0,0,0,0,0,0,0,0
0,0,0,0,0,0,0,0,0,0,0,0,0,0,0,0,0,0,0,0,0,0,0,0,0,0,0,0,0,0,0,0,0,0,0,0,0,0,0,0,0,0,0,0,0,0,0,0,0,0,0,0,0,0,0,0,0,0,0,0,0,0,0,0,0,0,-0.0330005556141824,0,0,0,0,0,0,0,0,0,0,0.128059744830906,0,0,0,0,0,0,0,0,0,0,0,0,0,0,0,0,0,0,0,0,0,0,0,0,0,0,0,0,0,0,0,0,0,0,0,0,0,0,0,0,0,0,0,0,0,0,0,0,0,0,0,0,0,0,0.322531674045577,0,0,0,0,0,0,0,0,0,0,0,0,0,0,0,0,0,0,0,0,0,0,0,0,0,0,0,0,0,0,0,0,0,0,0,0,0,0,0,0,0,0,0,0,0,0,0,0,0,0,0,0,0,0,0,0,0,0,0,0,0,0,0,0,0,0,0
0,0,0,0,0,0,0,0,0,0.489698571384731,0,0,0,0,0,0,0,0,0,0,0,0,0,0,0,0,0,0,0,0,0,0,0,0,0,0,0,0,0,0,0,0,0,0,0,0,0,0,0,0,0,0,0,0,0,0,0,0,0,0,0,0,0,0,0,0,0,0,-11.9925839922689,0,0,0,0,0,0,0,0,0,0,0,0,0,0,0,0,0,0,0,0,0,0,0,0,0,0,0,0,-0.00923447396967569,0,0,0,0,0,0,0,0,0,0,0,0,0,0,0,0,0,0,0,0,0,0,0,0,0,0,0,0,0,0,0,0,0,0,0,0,0,0,0,0,0,0,0,0,0,0,0,0,0,0,0,0,0,0,0,0,0,0,0,0,0,0,0.439269398425982,0,0,0,0,0,0.195664461211148,0,0,0,0,0,0,0,0,0,0,0,0,0,0,0,0,0,-0.306952634986466,0,0,0,0,0,0,0,0,0,0,0,-0.148621674395253,0,0,0
0,0,0,0,0,0,0,0,0.253974645675992,0,0,0,0,0,0,0,0,0,0,0.137109980191978,0,0,0,0,0.238627696500327,0,0,0,0,0,0,0,0,0,0,0,0,0,0,0,0,0,0,0,0,0,0,0,0,0,0,0,0,0,0,0,0,0,0,0,0,0,0,0,0,0,0,0,0,0,0,0,0,0,0,0,-2.48164266620404,0,0,0,-0.0333443784749208,0,0,0,0,0,0,0,0,0,0,0,0,0,0,0,0,0,0,0,0,0.598948349619248,0,0,0,0,-1.27770474945019,0,0,0,0,0.26517793893582,0,0,0,0,0,-1.47594736974253,0,0,0,0,0,0,0,0,0,0,0,0,0,0,0,0,0,0,0,0,0,0,0,0,0,0,0,0,0,0,0,0,0,0,0,0,0,0,0,0,0,0,0,0,0,0,0,0,0.0489454693810805,0,-0.479595921603586,0,0,0,0,0,0,0,-0.0486882810237304,0,0,0,0,0,0,0,0,0,0,0,0,0,0.0356045822299795,0,0,0,0,0,0,0,0,0
0,0,0,0,0,0,0,0,0,-0.321977296120849,0,0,0,0,0,0,0,0,0,0,0,0,0,0,0,0,0,0,0,0,0,0,0.050363529217657,0,0,-0.880303548088289,0,-0.468289779887181,0,0,-0.19889043490362,0,0,0,0,0,0,0,0,0,0,0,0,0,0,0,0,0,0,0,0,0,0,-0.732647427347812,0,0,0,0,0,0,0,0,0,0,0,0,0,-0.702379588900152,0,0,0,0,0,0,0,0,0,0,0,0,-0.0861845433655404,0,0,0,0,0,0,0,0,0,0,0,0,0,0,0,0,0,0,0,0,0,0,0,0,-1.27061637308702,0,0,0,0,-0.165720607720262,0,0,0,0,0,0,0,0,0,0,0,-0.281696829960587,0,0,0,0,0,0,0,0,0,0,0,0,0,0,0,0,0,0,0,0,0.00990331492564334,0,0,0,0,0,0,0,0.184543964225409,0,0,0,0,0,0,0,0,0,0,0,0,0,0,0,-0.11939039258793,0,0,0,0,0,0,0,0,0,0,0,0,0,0,0,0,0,0,0,0,0,0
0,0,-0.220599937957925,0,0,0,0,0,0,0,0,0,0,0,0,0,0,0,0,0,0,0,0,0,0,0,0,0,0,0,0,0,0,0,0,0,0,0.0461548489785619,0,0,-0.157132145875817,0,0,0,0,0,0,0,0,0,0,0,0,0,0,0,0,0,0,0,0,0,0,-0.059225557792342,0,0,0,0,0,0,0,0,0,0,0,0.0134808808797124,0,0,0,0,0,0,0,0,0,0,0,0,0,0,0,0,0,0,0,0,0,0,0,0,0,0,0,0,0,0,0,0,0,0,0,0,0,0,0,0,0,0.260661974675628,0,0,0,0,0,0,0,0,0,0,0,0,-0.181499104296227,0,0,0,0,0,0,0,0,0,0,0,0,0,0,0,0,0,0,0,0,0,0,0,0,0,0,0,0,0,0,2.57095813583753,0,0,0,0,0,0,0,0,0,0,0,0,0,0,0,0,0,0,0,0,0,0.21901369433028,0,0,0,0,0,0,0,0,0,0,0,0,0,0,0,0
0,0,0,0,-0.831065428422747,0.337316821850117,0,0,0,0,0,0,0,0,-0.561344297066377,0,0,-0.569913461079906,-0.116245242267542,0,0,0,0,-0.0406663480426268,0.552709058735434,0,-0.062266139951717,0,0,0,0,0,0,-0.360951915185567,0,-0.0639737101709992,-0.23612680825918,0,0,0,0,-1.38860472535946,0,0,0,0,0,0,0,0,0,0,-0.0432461646448827,-0.796271235759888,0,0,0,0,0,0,0,0,0,-0.415266639519418,0,0,-0.800260108761679,0,0,0,-0.363543226218848,0,-0.931613813641994,0,0,0,0,0,0,0,0,0.139948316153707,0.0356174454063756,0,0,0,0,0,0,0,0,0,0,0,0,0,0,-0.0489980206433622,0,0.0746382310819473,0.0785832002515268,0,0,0,0,0.969364221975942,0,0,0,0,0,0,0,0,0,0,0,-0.444978167827496,0,1.21463594869,0,0,0.6888730480202,0,0,0,0,0,0,0.786980279785008,0,0.819813399483815,0,0,1.03428918764923,0.549781320692965,1.42482823354716,0,0,0.274828198506598,0,0,0,0,0,0,0,-1.30265691752517,0,0,0,0,0,0,-1.85202542781824,0,0,0,0.682260814297648,0,0.101210350668441,0,0,0.0111099265316081,0,0,0,0,0,0,0,0,0,0,-1.1399839209773,0,0,0,0,0,0,0,0,0,0,0.441042968553403,0,0,0,0,0,0,0.859457457128214,0,-1.16039073714458,0,0,-0.916517238761605,0,0
0.0923226219089472,0,0,0,0,0.854782009126299,0,0,0,0,0,0,2.05914297996842,0,0,0,-1.65640944310575,-0.0874212272822625,0,0,0,0,-0.34440592210137,0,0,1.97456874704701,0,0,0,0,-0.246733223986014,0,0,0,0,0,0,-0.720354856848313,0,0,0,0,0,0.57174941390091,0,0,0,0,0,0,0,0,0,0,0,0,0.862751370846121,0,0,0.547807793591405,0,0,2.00060153821316,-0.406054492352503,0,-0.262044792841303,0,0,0,0,0,0,0,0,0,0,0,0,0,0,0,0.0238650670500775,0,0,0,1.66157957513981,0,0.256676677351266,0,-0.425671927053062,0,0,0.0856847088652422,0,0,0,0,0,-0.890681838711959,0,1.81813290493666,0,0,-0.561621469279388,0,0,0,0,0,0,0,0,0,0.53361268697356,0,-1.57600746201458,0,-4.95249917370878,0,0,1.15965299793196,0,-0.268687950126406,0,0,0,0,0,0,0,0,-0.242515977538189,0,0,0,0,0,0,0,2.16399068152442,-1.18858714228968,0,0,0,0,0,0,0,0,0,0,0,0,0,0,0,0,0,0.0822877706036329,-0.247479900319221,0.33905982719197,0,0,0,0,0.327041329141952,0,-0.470480875457665,0,0,0,0,0,0,0,0,0,1.4803293286887,0,0,-0.145237761078045,0,0.277343854843533,0,0,0,-0.022649709044718,0,0,0,0,0,0,0,0,-0.824003109725968,0,0,0,0
0,0,0,0,0,0,0,0,0,0,-0.0926668556333183,0,0,0,0,0,0,0,0,0.0384486154657602,0,0,0,0,0,0.0858449796214238,0,0,0,0,0,0,0,0,0,0,0,0,0,0,0,0,0,0,0,0,0,0,0,0,0,0,0,0,0,0,0.142875712449714,0,0,0,0,0,0,0.417792845077358,0,0.0294686329300533,0,0,0,0,0,0,0,0,0,0,0,0.616353787315173,0,0,0,0,0,0,0,2.11207939159624,0.0514577380380525,0,0,0,0,0,0,0,0,0,0,0,0,0,0,0,0,0,0,0.193027176370357,0,0,0,0,0,0,0,0,0,0,0,0.104185463441124,0,-0.392638694953858,0,0,0,0,0,0,0,0,0,0.0819828591500755,0.681441024034207,0,0,0,0,0,0,0,0,0,0.48895100705743,0,0,0,0,0,0,0,0,0,0,0,0,0,0,0.258235556549493,0,0,0,0,-0.353673348444912,0,0,0,0,0,0,0,-0.718454834932018,0,0,0,0,0,0,0,0,0,0,0,0,0,0,0,-0.465232816237131,0,0,0,0,0,0,0,0,0,0,0,0,0,-0.111811071792263,-0.060057593679617
0,0,0,0,0,0,0,0,0,0,0,0,0,0,0,0,0,0,0,0,0,0,0,0,0,0,0,0,0,0,0,0,0,0,0,0,0,-0.212789842884586,0,0,0,0,0,0,0,0,0,0,0,0,0,0,0,0,0,0,0,0,0,0,0,0,0,0,0,0,0,0,0,0,0,0,0,0,0,0,0,0,-0.144785676345558,0,0,0,0,0,0,0,0,0,0,0,0,0,0,0,0,0,0,0,0,0,0,0,0,0,0,0,0,0,0,0,0,0,0,0,0,0,0,0,0,0,0,0,0,0,0,0,0,0,0,0,0,0,0,0,0,0,0,0,0,0,0,0,0,0,0,0,0,0,0,0,0,0,0,0,0,0,0,0,0,0,-0.589432396584913,0,0,0,0,0,0,0,0,0,0,0,0,0,0,0,0,0,0,0,0,0,0,0,0,0,0,0,0,0,0,0,0,0,0,0,0,-0.455247481465693,0,0
0,0,0,0,0,0,0,0,0,0,0,0,0,0,0,0,0,0,0,0,0,0,0,0,0,0,1.09746516914201,0,0,0,0,0,0,0,0,0,0,-0.00291258329876776,0,0,0,0,0,0,0,0,0,0,0,0,0,0,0,0,0,0,0,0,0,0,0,0,0,0,0,0,0,0,0,0,0,0,0,0,0,0,0,0,0,0,0,0,0,0,0.248671522174801,0,0,0,0,0,0,0,0,0,0,0,0,0,0,0,0,0,0,0,0,0.096939533562288,0,0.477665025720736,0,0,0,0,0.0179232279859407,0,0,0.0409660222016655,0,0,0,0,0,0,0,0,0,0,0,0,0,0,0,0,0,0,0,0,0,0,0,0,0,0,0,0,0,0,0,0,0,0.796457162735214,0,0,0,0,0,0.267763847243522,0,0,0,0,0,0,0,0.0401220926939114,0,0,0,0,0,0,0,0,0,0,0,0,0,0,0,0,0,0,0,0.0712794465727027,0,0,0,0,0,0,0,0,0,0,0,0,0,0,0,0
0,0,0,0,0,0,0,0,0,0,0,0,0,0,0,0,0,0,0,0,0,0,0,0,0,0,0,0,0,0,0,0,0,0,0,0,0,0,0,0,0,0,0,0,0,0,0,0,0,0,0,0,0,0,0,0,0,0,0,0,0,0,0,0,0,0,0,0,0,0,0,0,0,0,-0.505166850993353,0,0,0,0,0,0,0,0,0.543144245117233,0,0,0,0,0,0,0,0,0,0,0,0,0,0,0,0,0,0,0,0,0,0,0,0,0,0,0,0,0,0,0,0,0,-0.585717819200563,0,0,0,0,0,0,0,0,0,0,0,0,0,0,0,0,0,0,0,0,0,0,0,0,0,0,0,0,0,0,0,0,0,0,0,0,0,0,0,0,0,0,0,0,0,0.221340065275648,0,0,0,0,0,0,0,0,0,0,0,0,0,0,0,0,0,0,0,0,0,0,0,0,0,0,0,0,0,0,0,0,0,-0.0233756190757251,0,0
0,0,0,0,0,0,0,0,0,0,0,0,0,0,0,0,0,0,0,0,0,0,0,0,0,0,0,0,0,0,0,0,0,0,0,0,0,0,0,0,0,0,0,0,0,0,0,0,0,0,0,0,0,0,0,0,0,0,0,0,0,0,0,0,0,0.248507038757098,0,0,0,0,0,0,0,0,0,0,0,0,0,0,0,0,0,0,0,0,0,0,0,0,0,0,0,0,0,0,0,0,0,0,0,0,0,0,0,0,0,0,0,0,0,0,0,0,0.00572886227347413,0,0,-1.27113008631647,0,0,0,0,0,0,0,0,0,0,0,0,0,0,0,0,0,0,0,0,0,0,0,0,0,0,0,0,0,0,0,0,0,0,0,0,0,0,0,0,0,0,0,0,0,0,0,0,0,0,0,0,0,0,0,0,0,0,0,-0.234665468348813,0,0,0,0,0,0,0,0,0,0,0,0,0,0,0,0,0,0,0,0,0,0
0,0,0,0,0,0,0,0,0,0,0,0,0,0,0,0,0,0,0,0,0,0,0,0,0,0,0,0,0,0,0,0,0,0,0,0,0,0,0,0,0,0,0,0,0,0,0,0,0,0,0,0,0,0,0,-0.0993122996385079,0,0,0,0,0,0,0,0,0,0,0,0,0,0,0,0,0,0,0,0,0,0,0,0,0,0,0,0,0,0,0,0,0,0,0,0,0,0,0,0,0,0,0,0,0,0,0,0,0,0,0,0,0,0,0,0,0,0,0,0,0,0,0,0,0,0,0.12097463295693,0,0,0,0,0,0,0,0,0,-0.0116617803857149,0,0,0,0,0,0,0,0,0,0,0,0,0,0,0,0,0,0,0,0,0,0,0,0,0,0,0,0,0,0,0,0,0,0,0,0,0,0,0,0,0,0,0,0,0,0,0,0,0,0,0,0,0,0,0,0,0,0,0,0,0,0,0,0,0,0,0
0,0,0,0,0,0,0,0,0,0,0,0,0,0,0,0,0,0,0,0,0,0,0,0,0,0,0,0,0,0,0,0,0,0,0,0,0,0,0,0,0,0,0,0,0,0,0,0,0,0,0,0,0,0,0,0,0,0,0,0,0,0,0,0,0,0,0,0,0,0,0,0,0,0,0,0,0,0,0,0,0,0,0,0,0,0,0,0,0,0,0,0,0,0,0,0,0,0,0,0,0,0,0,0,0,0,0,0,0,0,0,0,0,0,0,0,0,0,0,0,0,0,0,0,0,0,0,0,0,0,0,0,0,0,0,0,0,0,0,0,0,0,0,0,0,0,0,0,0,0,0,0,0,0,0,0,0,0,0,0,0,0,-0.124644086674303,0,0,0,0,0,0,0,0,0,0,0,0,0,0,0,0,0,0,0,0,0,0,0,0,0,0,0,0,0,0,0,0,0,0,0,0,0
0,0,0,0,0,0,0,0,0.0795142411920955,0,0,0,-0.486040889187274,0,0,0,0,0,0,0,0,0,0,0,0,0.734834514777938,0.299997002168467,0,0,0,0.10025207901029,0,0,0,0,0,0.340894005718277,0,0,0,0,0,0,0,0,0,0,0,0,0,0,0,0,0,0,0,0,0,0,0,0,0,0,0,0,0,0,0,0,0,0,0,0,0,0,0,0,0,0,0,0,0,0,0,0,0,0,0,0,0,0,0,0,0,0,0,0,0,0,5.26838834761825,0,0,0,0,0,0,0,0,0,0,0,0,0,0.0621998549600944,0,0,0,0,0,0,0,0,0,0,0,0,0,0,0,0,0,0,0,0,0,0,0,0,0,0,0,0,0,-0.00289816428145517,0,0,0,0,0,0,0,0,0,0,0,0,0,0,0,0,0,0,0,0,0,0,0,0,0,0,0,0,0,0,0,0,0,0,0,0,0,0,0,0,0,0,0,0,0,0,0,0,0,0,0,0,0,0,0,0
0,0,0,0,0,0,0,0,1.13400724324077,0,0,0,-0.172646835410209,0,0,0,0,0,0,0,0,0,0,0,0,0,0,0,0,0,0,0,0,0,0,0,0,0,0,0,0,0,0,0,0,0,0,0,0,0,0,0,0,0,0,0,0,0,0,0,0,0,0,0,0,0,0,0,0,0,0,0,0,0,0,0,0,0,0,0,-0.29692582013053,0,0,0,0,-0.297368285005971,0,0,0,0,0,0,0,0,0,0,0,0,0,5.26200782953457,0,0,0,0,0,0,0,0,0,0,0,0,0,0,0,0.000927642506470594,0,0,0,-0.00736383454119571,0,0,0,0,0,0,0,0,0,0,0,0,-0.280264316029974,0,0,0,0,0,0,0,-0.160672269966525,0,0,0,0,0,0,0,0,0,0,0,0,0,0,0,0,0,0,0,0,0,0,0,0,0,0,0,0,0,0,0,0,0,0,0,0,0,0,0,0,0,0,0,0,0,0,0,0,0,0,0,0,0,0,0,0,0,0,0
0,0,0,0,0,0,0,0,0.775651653951653,0,0,0,-0.0772746966224935,0,0,0,0,0,0,0,0,0,0,0,0,0,0,0,0,0,0,0,0,0,0,0,0,0,0,0,0,0,0,0,0,0,0,0,0,0,0,0,0,0,0,0,0,0,0,0,0,0,0,0,0,0.106238221243051,0,0,0,0,0,0,0,0,0.0102629835711059,0,0,0,0,0,0,0,0,0,0,0,0,0,0,0,0,0,0,0,0,0,0,0,0,8.415232491656,0,0,0,0,0,0,0,0,0,0,0,0,0,0,0,0.558065962029643,0,0,0,0,0,0,0,0,0,0,0,0,0,0,-0.405782637509433,0,0,0,0,0,0.38937873245962,0,0,0,0,0,0,0.323637251041893,0,0,0,0,0,0,0,0,0,0,0,0,0,0,0,0,0,0,0,0,0,0,0,0,0,0,0,0,0,0,0,0,0,0,0,0,0,0,0,0,0,0,0,0,0,0,0,0,0,0,0,0,0.344771010655694,0,0,0
0,0,0,0,0,0,0,0,1.45053157467668,0,0,0,-0.442541677386132,0,0,0,0,0,0,0,0,0,0,0,0,0,0,0,0,0,0,0,0,0,0,0,0,0,0,0,0,0,0,0,0,0,0,0,0,0,0,0,0,0,0,0,0,0,0,0,0,0,0,0,0,0,0,0,0,0,0,0,0,0,0,0,0,0,0.305057955643239,0,0,0,0,0,-0.298818223843537,0,0,0,0,0,0,0,0,0,0,0,0,0,0,7.97265010968498,0,0,0,0,0,0,0,0,0,-0.171735748834657,0,0,0,0.387865785897712,0.385800363422863,0,0,0,0,0,0.505822656055668,0.0949705818025108,0,0,0,0,0,0,0,0,-0.039757302071425,0,0,0,0,0,0,0,0,0,0,0,0,0.0639214563097035,0,0,0,0,0,0,0,0,0,0,0,0,0,0,0,0,0,0,0,0,0,0,0,0,0,0,0,0,0,0,0,0,0,0,0,0,0,0,0,0,0,0,0,0,0,0,0,0,0,0,0,0,0.334577136563084,0,0,0
0,0,0,0,-2.41195580898441,0,0,0,0,0,0,0,0,0,0,0,0,0.452923556522299,0,0,0,0,0,0,0,0,0,0,-0.151168200469329,0,0,0.842443858661829,2.36227347276921,0,0,-0.91165508971245,0,1.0376170641169,0,-0.195542585608432,0,0,0,0,0,0,0,0,0,0,0,0,0,4.2091977441465,0,0,0,-0.153823489757751,0,0,0,0,0,-4.0527320015967,0,0.119106505574993,0,0,0,-0.257142158177854,-0.38937515509584,-2.06554717837298,0,0,0.0362419307407262,0,0,0,0,0,0,0,0,-0.775956599030556,0,0,0,0,0,0,0,-2.24878018449414,-2.01650426880479,0,0,0,0,0,1.92586748244307,1.07735070098672,0,0,0,0,0,0,0,-3.19483508052325,0,0,0,0,0,0,0,0,0,0,-0.0328652352417411,-0.300487656558715,0,0,0,-1.41573846061545,0,0,-0.842376677715045,0,1.1132176163206,0,0,0,0,0,0,-5.92852968118983,2.54338961103518,0.395085224217872,0,0,0,0,0,0,0,0,0,0,0,0,0.9208035381761,-0.0622951758701931,0,-0.155450834349035,-1.24406075881552,0,0,-0.565233120717346,0.399994984479043,0,-1.27732636322887,0.176928821180151,0.537897663951911,0.538374217404175,0,0,0,-0.25710222827331,-0.000562095054302603,0,0,0,0.659619142147783,0,-0.573639318121021,0.623819531754806,0,1.75453245989156,0,0.426886240022078,0.131321914993133,0,0.0888495509140435,0,0,0,0,0,0,-0.0858245242094287,0,0,0,0,0,0,2.84670225890576,-3.74735145190692,0,0
0,0,0,0,0,0,0,0,0,0,0,0,0,0,0,0,0,0,0,0,0,0,0,0,0,0,0.0797361795541609,0,0,0,0.0562172049719523,0,0,0,0,0,0,0,0,0,0,0,0,0,0,0.0572715646055961,0,0,0,0,0,0,0,0,0,0,0,0,0,0,0,-0.0435588058950169,0,0,0,0,0,0,0,0,0,0,0,0,0,0,0,0,0,0,0.240233407415982,0,0,0,0,0,0.637638785359021,0,0,0,0,0,0,0,0,0,0,0,-1.05541921806857,0.28859266328095,0,0,0,0,0,0,0,0,0.032050750631738,0,0,0,0,0,0,0,0,-2.01793351132947,0,0,0,0,0,0,0,0,0.279136483295076,0,0,0,0.123436547528203,0,0.00912897822888437,0,0,0,0,0,0,0,0,0,0,0,0,0,0,0,0,0,0,0,0,0,0.806439261943442,0,0,0,0,0,0,0,0,-0.818782329671168,0,0,0,0,0,0,0,0,0,0,0,0,0,0,0,0,0,0,0,0,0,0,0,0,0,0,0,0,0,0,0,0,0,0,0,0
0,0,0,0,0,0,0,0,0,0,0,0,0,0,0,0,0,0,0,0,0,0,0,0,0,0,0,0,0,0,0,0,0,0,0,-0.323941577064924,0,0,0,0,0,0,0,0,0,0,0,0,0,0,0,0,0,0,0,0,0,0,0,0,0,0,0,0,0,0.74606631240449,0,0,0,0,0,0,0,0,0,0,0,0,0,0.270084966592223,0,0,0,0,0,0.837728396025521,0,0,0,0,0,-0.562187458229945,0,0,0,0,0,0,0,0,0,0,0,0,0,0,0,0,0,0,0,0,0,0,0,0,0,-2.06473166140923,0,0,0,0,0,0,0,0,0,0,0,0,0,0,0,0,0,0,0,0,0,0,0,0,0,0,0,0,0,0,0,0,0,0,0,0,0,0,0,0,0,0,0.336963778183023,0,0,0,0,0,0,0,0,0,0,0,0,0,0,0,0,0.0385481561265602,0,0,0,0,0,0,0,0,0,0,0,0,0,0,0,0,0,0,0,0,0,0
0,0,0,0,-0.551807736418554,0,0,0,0,0,0,0,0,0,0,0,0,0,0,0,0,0,0,0,0,0,0,-0.826166890588052,0,0,0,0,0,0,0,0,0,0,0,0,0,0,0,0,0,0,-0.130828758686508,0,0,0,0,0,0,0,0,0,0.397247624040765,0,0,0,0,0,0,0,0,-0.108059442023132,0.112189595770876,0,0,0,-0.533317904645307,0,0,0,1.13896561608811,0,0,0,0.659302574989398,-0.0129083211731298,0,0,-0.0311154049860132,0,-0.0816196820029178,0,0,0,0,0,0,1.84605216605923,0,0,0,0,0,0,0,0,0,0,0,0,0,0,0,0,0,0,0,0,0,0,0,0,0,0,0,0,0,0.211602770997924,0,0,0,0,0,0,0,0,0,0.235614584928639,0,0,0.112922708916993,0,0,0,0,-0.270928277245382,-0.0850724833422627,0,0,0,0,0,0,0,0,0,0,0,0,0,0,0,0,0,0,0,0,0,0,0,0,0,0,0,0,0,0,0,0,0,0,0,0,0,0,0,0,0,0,0,0,0,0,0,0,0,0,0,0,0,0,0,0,0,0,0
-0.00308553370252329,0,0,0,0,0,0.469790447670062,0,-0.51333186187232,0,0.812281973061495,0,0,0.796823091241858,0,0,0,0,0,0,0,0,0,0,0.485368030742384,0,0,-0.553710153810427,0,0,0.255142604265276,0,0,0,0,0,0,0,0,0,0,0,0,0,0,0,0,0,0,0,0,0,0,0,0,0,0.519057929002025,0.357372094069152,0,0,0,0,0,0,0.770391117454328,0.363838425385221,0,0,0,0,0,0,0,0,0.17919092484425,0,0,0,1.7172003734866,0,0,0,-0.0336503341594232,-0.400064359487485,0,0,0,0,0,-0.544645369330558,0,0,0,0,0,0,0,0,0,0,1.09082827540366,0,0,-0.011669231707959,0,0,0,0,0,0,0,0,0,-0.0785346604721771,0,0,0,0,0,0,0,0,0.0792861355944954,0,0,0,0,0,0,1.0703554562457,0,0,0,0,0,0,-0.274317949092237,0,0,0,0,0,0,1.43963063248077,0,0,0,0,0,0,0,0,0,0,0,0,0,0,0,-1.14075501648271,0,0,0,0,0,0,0,0,0,0,0,0,0,0,0,0,-0.785988183293564,0,0,0,0,0,0,0,0,0,0,0,0,0.0401970250498151,0,0,0,0,0.738304033384444,0,0,0,0,0
0,0,0,-0.703273405102231,0,0,0,0,0,0,0,0,-1.15581544684982,0,0,0,-5.16568918653516,-2.68793548347623,0.718464716469023,1.25512062886714,0,0,0.211320637854875,0,-3.97980300513088,0,0.663736562119944,0,0,0,0,0,0,0,0,1.4517634088361,0,0,0,0,0,0,-0.548391037913984,0,0,0,0,0,0.0271540328806963,0.184460500121108,0,16.6441575481716,-0.961103461646768,0.0981932456604027,-2.0855736155977,0,0,0,0,0,0,0,0,0,0,2.41794305686972,0.157769154270594,0,0,0,0,0,0,0,0,-0.679461267583464,0,-0.330000703155262,0,0,0,0,0,0,0,0,0,0,0,-0.28242925401925,0,-0.198964492423229,0,0.0323869428132542,0,0,0,-1.27992230725613,0,0,0,-0.186264444236425,0,0,0,0.755905296630955,0,1.49930670630307,-0.0534378966492359,0,0,0,-2.16559614406215,1.9502580151526,-2.01669778396554,0,11.66144704929,1.55328962031553,0,0,0,0,0,0.546464249312771,0,-0.387506462687065,0,0,0,0,-3.20847915818082,0,0,0.627179908059752,0,2.56234179336389,0,0,0,0,1.5800938085656,0,1.07878978183121,0,-2.09628846751156,0,0,0,0,0,0,0,2.04845360996649,0,0,0,0,0,-0.839786228978566,0,-2.66322581582895,1.38178218291667,0,-0.368458090892941,0,0,-0.570488868882705,0,0,0,-0.343371134223526,0,-0.897003867231089,0,0,0,6.0128786567748,0.9586500028862,0.904747177099111,0,0,-0.29338701059725,0,0,0,0,0,0,0,0,0,0,0.0812355912134264,2.10432215169162,0,0,-0.0239220332899521,0,0,-0.281926805315677
0,0,0,0,0,0,0,0,0,0,0,0,0,0,0,0,0,0,0,0,0,0,0,0,0,0,0,0,0,0,0,0,0,0,0,0,0,0,0,0,0,0,0,0,0,0,0,0,0,0,0,0,0,0,0,0,0,0,0,0,0,0,0,0,0,-0.122162872752605,0,0,0,0,0,0,0,0,0,0,0,0,0,0,0,0,0,0,0,0,0,0,0,0,0,0,0,0,0,0,0,0,0,0,0,0,0,-0.0295999021355691,0,0,0,0,0,0,0,0.0472117720565783,0,0,0,0,0,0.0183570017283536,0,0,0,0,0,0,0,0,0.025163125514239,0,0,0,0,0,-0.247106500441481,0,0,0,0,0,0,0,0.345199225382298,0,0,0,0,0,0,0,0,0,0,0,0,0,0,0,0,0,0,0,-1.05588092512491,0.0439015697489038,0,0,0,0,0,0,0,0,0,0,0,0,0,0,0,0,0,0,0,0,0,0,0,0,0,0,0,0,0,0,0,0,0,0,0,-0.760557433748518,0,0
0,0,2.06531003837815,0,0,0,0,0,0,0,0,0,0,0,0,0,-1.14616186240323,0,0,0,0,0,0,0,0,4.08962821831448,0,2.48712177145055,0,-0.532768522716289,0,0,0,0.64903505625393,0,0,0,0,0,0,0.255036823674877,0.164898943498938,0,0,0,0,0,0,0.22762843744816,0,0,0,0,0,0,0,0,-1.54952376939478,0,0,0,0,0.0610383461512691,0.238973156887196,0,0,0,0,0,0,0,0,0,-0.0214779677180605,0,0,-1.18771622818575,0,0,5.18935134851817,0.175261786539102,0,0,0,0,0,0,0.116257768602012,0,0,0,0,-3.20351606135108,0,0.455027909875807,0.795547169293827,0,-0.469643067380864,-0.352894025167321,0,0,0,-0.559816732705,-2.23596229213529,0,0,0,0,0,-0.809827982776286,0,0.862138126096239,0.688937494751968,0,0,0,0,0,0,-1.10546099984427,0,0,0,0,0,0,0,0,0,-0.820377843870834,0,-1.46059037206847,-0.204898830012859,0,-0.721528482861427,0,-0.483295141436978,0,0,1.2846096163618,4.04343049555124,0,1.33838249105989,0,-0.472825431054208,0,0,0,0,0.689979539469209,0,0,-0.251139633065366,0,-0.217531311974223,0,0,-0.317901237850816,0,0,0,0,0,-0.573125389923574,0,0.172864797115997,0,0,0,0,0,0,0,0,0,0,0,0,-0.331041475343699,0,0,-2.08761500109319,0.35270255773814,0,-2.45040693058406,-0.242552646483109,0,0,0,-1.11428263627017,0,0,0,-0.805554887779175,0,0,0.335435440136139,-5.77064815144938,0,0.462568212383425
0,0,0,0,0,0,0,0.56497231813323,1.02454364036049,0.194342303951847,0.282669988242939,0,-0.299886483847595,0,0,0,-2.2214364785387,0,0.629662361576428,-0.499280431489478,0,0,0,0,0,3.82727457537872,0,1.78246633045185,1.16633401848591,-4.42183052531062,-0.289653839297371,0,0,0,0,0,0,0,0,0,0,0,0,-0.237559779564138,0,0,0,0,0.0203762820180036,0,0,0,0,0,0,0,0,0,0,0,0,0.0947634278874199,0,0,0,0,0,0,0,0,0,0,0,0,0,0,-14.709232009915,0,0,3.98458408545169,-0.154469823069795,0,0,0,0,0,0,0,0,0,0,0,-2.40787815918416,0,1.14446196049841,0,0,0,-0.2617036486346,0,0,0,0,-2.25564077760702,0,0,0,0,1.0664529439314,-0.0545567065296186,0,0.751584693964085,0,0,0,0,-0.57191526096597,0,0,-0.0279151576520507,0,0.173598377506294,0.125171458713274,0,0,0,0,0.126034161100854,0,-1.37903509718331,-1.77067947295534,-0.286492929655882,-0.487871020097859,0,0,-0.484184871629708,0,0,0,0.0742225670786809,4.49438034993864,0,0.443663332055045,0,0,-0.130237205700393,0,-1.21206114628544,0,0,0,0,-1.22441884165441,0,-0.836851824603054,0,0,0,0,0,0,0,0,0,0,0,0,0,1.45911659914247,0,0,0,-0.232545735316064,0,0,0,0,0,-0.540958273090681,0,0,-2.58549098751815,0,0,-1.759337566889,0,0,0,0,-0.287947780803477,0,0,0,-1.53141270325669,0,0,0,-3.8520940593024,0,0.110989084411972
0,0,0.315446030771162,0,0,-1.1901764108531,0,0,0.119997186039425,0,0.512049042908817,0,0,0,0,0,-1.04543525861335,0,0,0,0,0,0,0,0,2.10942813831826,0,0.395717263184375,0,0,0,0,0,0,0,0,0,0,0,0,0.0395143782821292,0.089534541745899,0,0,0,0,-0.459781792765625,0,0,0.139618212331106,0,0,0,0,0,0,0,-0.74373962247288,-0.0728229332078338,0,0,0,0.416241017791023,0,0,0,0,0,0,0,0,0,0,0,0,0,-3.55843167598301,0.45943819622258,0,2.5386559031978,-0.0353616057064448,0,0.513721439187451,0,0,0,0,0,0,0,0,0,-2.81839744683151,0,0,0,0,0,0,0,-0.00355894872177731,0,0,-3.02934129338339,0,0,0,0,0.297948739970795,-0.621603087527581,0,0.831188612078915,0,0,0,0,0,-0.15404062680254,0,-1.66481138844874,0,0,0.318308414023171,0,0,0,0.757235807267925,0,0,-0.275388743290691,-0.152468681077652,0,-2.27097087495631,0,0,-0.694888465597516,0,0,0,0.042169227771931,1.22322896528179,0,0.343259590810128,0,0,0,0,0,0,0.228406070122104,-1.29790068069719,0,-0.130335470792916,0,0,0,0,0,0,-0.0741625287148739,0,0,-0.536962576048075,0,0,0,0,0,0,0,0,0,0,0,0,0,0,0,-0.626589286632894,0,0,-2.70323374152916,0,0,0,-0.241781440937473,0,0,0,0,0,0,0,0,0,0,0,-4.12929180407877,0,0
0,0,0,0,0,0,0,0,0,0,0,0,0,0,0,0,0.117922486224101,0,0,0,0,0,0,0,0,-0.327682730066145,0,0,0,0,0,0,0,0,0,0,0,0,0,0,0,0,0,0,0,-0.356701670056863,0,0,0,0,0,0,0,0,0,0,0,0,0,0,0,0,0,0,0,0,0,0,0,0,0,0,0,0,0,0,0,0,0,0,-0.148061776166929,0,0,0,0,0,0,0,0,0,0,0,0,0,0,0,0,0,0,0,0,0,0,0,0,0,0,0,0,0,0,-0.197251313765988,0,0,0,0,0,0,0,0.202534394777907,0,0,0,0,0,0,0,0,0,0,-0.191122789470359,0,0,0,0,0,0,0,0,0,0,0,0,0.0836944155938653,0,0,0,0,0,0,0,0,0,0,1.41485434279274,0,0,0,0,0,0,0,0,0,0,0,0,0,0,-1.33289195257497,0,0,0,0,0,0,0,-0.420962482435025,0,0,0,0,0,0,0,0,0,0,0,0,0,0,-1.75816684280651,0,0,0,0,0,0,0
0,0,0,0,0,0,0,-0.00436679332484324,0,0,0,0,0,0,0,0,0,0,0,0,0,0,0,0,0,0,0,0,0,0,0,0,0,0,0,0,0,0,0,0,0,0,0,0,0,0,0,0,0,0,0,0,0,0,0,0,0,-0.00929255534850459,0,0,0,0,0,0,0,0,0,0,0.196505432916894,0,0,0,0,0,0,0,0,0,0,0,0,0,0,0,-0.0135623302989916,0,0,0,0,0.648876548912299,0,0,0,0,0,0,0,0,0,-0.26348501171143,0.160797013716487,0,0,0.024645380514646,0,0,0,0,0,0,0,-0.61944029140708,0,0,0,0,0,0,0,0,0,0,0,0,0,0,0,0,0,0,0,0,0,0,0,0,0,0,0,0,0,0,-0.0314771786327386,0,0,0,0,0,0,0,0,0,0,0,0,0,0,0,0,0,-0.405720709049063,0,0,0,0,0,0,0,0,0,0,-0.115234084917691,0,0.0397060047054358,0,0.0544360396650609,0,-0.607759038767404,0,0,0,0,0,0,0,-0.199417536970667,0,0,0,0,0,0,0,0,0,0,0,0,0,0
0,0,0,0,1.91895546330282,0,-0.444074971367033,0,0,0,0,0,0,0,0,0,0,0,0,0,0,0,0,0,0,-0.442766265896502,0,0,0.406273807313168,0.158274740633667,3.15114119883627,0,0,0,0,0,0,0,0,0,0,0.00846043922486328,-0.16750735133611,0.173085497024913,0,0,0,0,0,0,0,0,0,0,-0.40093052823047,0,1.60580464894718,0,0,0,0,0,-0.50283720583456,0,0.555051806959734,0,-0.302569113967604,0,0,0,0,0,0,0,0,0,0,0,0,0,0,0,0,-2.00969527306212,0,0,0,0,0,0,0,0,0,0,0,0,0,0,0,0,0.691038422050335,0,0,-0.0865786949824598,0,0,0,0,0,-0.13562632797874,0,0,0,0,0,0,0,0,-0.609684687058236,0,0,0.704473274956201,0,0,0,0.794148041848701,0,0,0,0,0,0,0,0,0,0,0,0,0,0,0,-0.411326080161233,0,-0.0594965803183869,0,0,0,0,0,0.889872857305178,2.59693288256755,0,0,0,0,0,0,0,0,0,0,0,-0.0888008177241018,0,0,0,0,0,0.821066490153196,0,0,0,0.115006889942386,0,0,2.44325749913196,0,0,0,0,0,0,0,0.0303310438408386,0,-0.679128703725559,0,0,0,0,0.870968608153341,0,0,0,0.532218188015912,0,0,-0.42839258264221,6.1113880122466,0
0,0,0.0394471375586258,0,0,0,0,0,0,0,0,0,0,0,0,0,0,0,0,0,0,0,0,0,0,0,0,0,0,-5.99795041681436,0,0,0,0,0,0,0,0,0,0,0,0.113918364817223,-0.104705000148968,0,0,0,0,0,0,0,0,0,0,0,0,0,0,0,0,0,-0.530061286032198,0,0,-1.30932507254882,0,0,0,0,0,0,0.0235566163405283,0,0,0,0,0.760073143945099,0,0.0360328885082535,0.44092602125818,0,0,0,0,0,0,0,0.278075185707108,0,0,0,0,0,0,0,0,0,0,0,1.05386668362065,0,0,0,0,0,0,0.263105930628316,0,0,0,0,0,0,0,0,0,0,0,0,-0.238634697238709,0,0,0,0,0,0,0,0,0,0,0,0,0,0,0,0.177457471993206,0,0,0,0,0,0,0,0,0,0,0,0,-0.638715688452363,0,-0.484465960278117,0,0,0,0,0,0,0,0,0,0,0,0,-0.300251002839556,0,0,0,0,0,0,0.15113249524874,0,0,0,0,-0.147644230697899,0,0.316716087412578,0,0,0,0,0,0,0,0,0,0,0,0,0,0,0,0,0,0.0827179827201185,0,0,0,0,0
0,0,0,0,0,0,0,0,0,0,0,0,0,0,0,0,0,0,0,0,0,0,0,0,0,-0.225979291013026,0,0,0,0,0,0,0,0,0,0,0,0,0,0,0,0,0,0,0,0,0,-11.2209899625074,0,0,0,0,0,0.125359008277911,0,0,0,0,0,0,0,0,0,0,0,0,0,0,0,0,0,0,0,0,0,-0.538922358588593,0,0,0,0,0,0,0,0,0,0,0,0,0,0,0,0,0,0,0,0,0,0,0,0,0.124551489179517,0,0,0,0,0,0,0,0,0,0,0,0,0,0,0,0,0,0,0,0,0,0,0,0,0,0,0,0,0,0,0,0,0,0,0,0,0,0,0,0,0,0,0,0,0,0,0,0,0,0,0,0.0653942757311159,0,0,0,0,0,0,0,-0.344856111653739,0.0689821054117006,0,0,0,0,0,0,0,0,0,0,0,0,0,0,0,0,0,0,0,0,0,0,0,0,0,0,0,0,0,0,0,0,0,0,0,0,0,-0.222924029160241
0,0,0,0,0,0,0,0,0,0,0,0,0,0,0,0,0,0,0,0,0,0,0,0,0,0,0,0,0,0,0,0,0,0,0,0,0,0,0,0,0,0,0,0,0,0,0,0,0,0,0,0,0,0,0,0,0,-0.351492886367255,0,0,0,0,0,0,0,0,0,0,0,0,0,0,0,0,0,0,0,0,0.205325895063704,0,0,0,0,0,0,0,0,0,0,0,0,0,0,0,0,0,0,0,0,0,0,0,0,0,0,0,0,0,0,0,0,0,0,0,0,0,0,0,0,0,-0.00659363384778278,0,-0.398428252361134,0,0,0,0,0,0,0,0,0,0,0,0,0,0,0,0,0,0,0,0,0,0,0,0,0.0621145349764591,0,0,0,0,0,0,0,0,0,0,0,0,0,0,0,0,0,0,0,0,0,0,0,0,0,0,0,0,0,0,0,0,0,0,0,0,0,0,0,1.15431910180501,0,0,0,0,0,0,0,0,0,0,0,0
0,0,0,0,0,0,0,0,0,0,0,0,0,0,0,0,0,0,0,0,0,0,0,0,0,0,0,0,0,0,0,0,0,0,0,0,0,0,0,0,0,0,0,0,0,0,0,0,0,0,0,0,0,0,0,0,0,0,0,0,0,0,0,-0.329042623736752,0,0,0,0,0,0,0,0,0,0,0,0,0,0,0,0,0,0,0,0,-0.063056005615731,0,0,0.067619469117473,0,0,0,0,0,0,0,0,0,0,0,0,0,0,0,0,0,0,0,0,0,0,0,0,0,0,0,0,0,0,0,0,0,0,0,0,0,0,0,0,0,0,0,0,0,0,0,0,0,0,0,0,0,0,0,0,0,0,0,0,0,0,0,0,0,0,-0.330339296756832,0,0,0,0,0,0,0,0,0,0,0,0,0,0,0,0,0,0,0,0,0,0,0,0,0,0,0,0,0,0,0,0,0.942167356040567,0,0,0,0,0,0,0,0,0,0,0,0
0,0,0,0,0,0,0,0,0,0,0,0,0,0,0,0,0,0,0,0,0,0,0,0,0,0,0,0,0,0,0,0,0,0,0,0,0,0,0,0,0,0,0,0,0,0,0,0,0,0,0,0,0,0,0,0,0,-0.202281634796576,0,0,0,0,0,0,0,0,0,0,0,0,0,0,0,0,0,0,0,0,-0.102114412686432,0,0,0,0,0,0,0,0,0,0,0,0,0.539191619283253,0,0,0,0,0,0,0,0.870587723555782,0,0,0,0,0,0,0,0,0,0,0,0,0,0.23873179844454,0,0,0,0,0,0,0,0,0,0,0,0,0,0,0,0,0,0,0,0,0,0,0,0,0,0,0,0,0,0,0,0,0,0,0,0,0,0,0,0,0,0,0,0,0,0,-1.76754380200137,0,0,0,0,0,0,0,0,0,0,0,0,0,0,0,0,0,0,0,0,0,0,0,0,0,0,0,0,0,0,0,0,0,0,0,0,0,0,0
0,0,0.7750303808443,0,-0.0574313198281731,1.73505936065252,0,-0.775177529061903,0,0,0,-0.187791410624406,-0.474856228735993,0,0,0,0,2.0342805439346,1.61313517662398,0,-0.129592147565745,1.03263979901238,0,-0.273904129030444,0,0,0,0,0,0,0,0,-0.0012768260893139,0.576775050698449,0,-2.4141690565234,0,0,0,0,0,0,8.15384375881812,0,0,-0.00934968684151816,0,0,0,0,0,0,0,0,0.367483633864434,0.868496873138133,-0.478783806807243,2.10603159797347,0,0,0,0,0,0,0,0,0,0,0.309368802017799,0,0,0,0.422852521792643,0.10069654861105,0,0,0.35659396742149,0,-0.156368866914387,0,-0.850398904469652,0.949659403580546,0,0,-0.735106118683067,0,0,0,0,0.349282375017734,0,0,-1.41109861907711,0,3.06696359037927,0,4.11747096989287,0,-0.379133065555595,0,0,0,-0.769810230868096,0,0,0,0,3.66746354006894,-2.31577472389187,0,0,0,0,0,0,0,1.34989112978478,0.43909355247557,-0.0602528910961806,0,0,1.76301184702638,0.986102170373281,0,0,0,0,3.83034064600068,0.684002095394893,0,-0.59223864595926,0,0,0,0,1.32080840904206,0,0,0,-0.00685069784996695,0.991989019965652,0,0,0.632441135431939,0,0,0,0,1.28148126709615,0,0,0,0,0.269855717154664,1.08160958193912,0,0,0,0,0,0,0,0,0,0,0,0,0,0,-0.410368197957578,0,0,0,0,0,0,0,0,0,0,0,0,0,-1.8429479360005,0,0.188201520429136,0,-0.246998273091151,0,0,1.04367378740974,0,-3.48746965613546,0.0932793472271478,-0.118142345820867,-1.33559760250998,0,0,0,0
0,0,0,0,0,0,0,0,0,0,0,0,-1.59886582707789,0.959236381189239,0,0,-0.620039428854051,0,0,0.0660478245856604,0,0.0961272588197206,0,-0.808263260161012,0,-0.138061925988335,0,-0.794681899849937,0.419262076263296,0,0,0,0,0,0,0,0,0,0,-0.452433325795679,0,0,0,0,0,0,0,0,0,0,0,0,0,0,0,0,0,-0.811509886835405,0,-1.34908928344942,0,0,0,0,-0.176508151262934,0,0,0,0,0,0.3266149113688,0,0,0,0,0,0,0,0,0,0,-1.45533708988098,0,0,1.2521132675372,0,0,1.38802787797509,0,-0.158821700518922,0,0,0,0,2.23872400354292,0,0.228763631485249,2.14285845898943,0,0,0,0,0,0,-7.17672596229096,0,0,0,0,0.329024319324891,0,0.235827423456866,0,0,0,0.607870013000486,0,0,0,0,-0.528204124238735,-1.0622569688439,0,0,0,0,0,0,0,2.07565440562321,0,-0.688312440960693,0,0,0,-1.52195941165009,0.994219393548713,0,0,-1.35752108095235,0.438123818948153,0,0.0259163034316712,0,0,0,0,0,0,0,-0.779595001807047,0,0,-0.519908452558738,-0.271471275297317,0,0,0,-1.99963931918888,0,0,0,-1.63448647602873,0,0,0,0,0.0913391459579289,0,0,0,-1.10392766488361,-0.163494674612102,0.122916494800771,0,0,0,-0.857753632502932,0,0,0,0,0,0,0,0,0,0,0,0,0,0,0,0,0,0,-0.156585412225072,0,0,-0.945727608361964
0,0,0,0,0,0,0,0,0,0,0,0,0,0,0,0,0,0,0,0,0,0,0,-0.0311015030554935,0.390100915779741,0,0,0,0,0,0,0,0,0,0,0.0332082159354974,0,0,0,0,0,0,0,0,0.0355509439337263,0,0,0,1.07884638979936,0,0,0,0,0,0,0,0,0,0,0,0,0,0,0,0,0,0,0,-0.109419561410825,0,0,0,0.729295229985826,0,0,0,0,0,0,0,0.498675523588247,0,0,0.0316818252964783,0,0,0,0,0,0,0,0,0,0,0,0,0,23.1031379089199,0,0,0,0,0,0,0,0,0,0,0,-0.51900690038401,0,0,0,0,0,0,0,0,0,0,0,0,0,0,0,0,0,0,0,0,0,0,0,0,0,-0.0753335974878138,0,0,0,0,0,0,0,0.681197332744232,0,0,0,0,0,0.0995059331499712,0,0.198644306355143,0,0,0,0,0,0,-9.28079892532717,0,0,0,0,0,0,0,0.0214876420659116,0,0,0,0,0,0,0,0,0,0,0,0,0,0,0,0,0.0765414639079864,0,0.159146328798569,0,0,0,0,0,0,0,0,0,0,0,0,0,0
0,0,0,0,0,0.110757188549115,0,0,0,-0.0238682267989594,0,0,0,0,0,0,0,0,0,0,0,0,0,0,0,0,0,0,0,0,0,0,0,0,0,0,0,-0.152808704755492,0,0,0,0.065944284927774,0,0,0,0,0,0,1.14572776671709,0,0,0,0,0,0,0,0,0,0,0,0,0,0,0,0,0,0,0,0,0,0,0,0.731498664138947,0,0,0,0,0,0,0,0,0,0,0,0,0,0,0,0,-0.22695449251283,0,0,0,0,0,0,0,27.3642444038436,0,0,0,0,0,0,0,0,0,0,0,-0.419212822084564,0,0,0,0.310635869790729,0,0,0,0,0,0,0,0,0,0,0,0,0,0,0,0,0,0,0,0,0,0,0,0,0,0.0798319877643974,0,0,0,0,0,0,0,0,0,0,0,0.34042772122125,0.25022716785282,0.494380884378152,0,0,0,0,-10.0167206964707,0,0,0,0,0,0,0,0,0,0,0,0,0,0,0,0,0,0,0,0,0,0,0,0,0,0,0.0724917954896855,0,0,0,0,0,0,0,-0.684920102954432,0,0,0,0,0,0
0,0,0,0,0,0,0,0,0,0,-1.20542160668674,0,0,0,0,0,0,0,0,0,0,0,0,0,0,0,0,0,0,0,0,0,0,0,0,0,0,0.587205568006197,0,0,0,0,0,0,0,0,0,0,0,0,0,0,0,0,0,0.584428941194039,0,0,0,0,0,0,0,0,0,0,0,0,0,0,0,0,0,0,0,0,0,0,-0.108969812950223,0,0,0,-0.0768907489370618,0.711552222989696,1.28855220732648,0,0,0.181002033011892,0,0,0,0,0,0,0,0,0,6.04580096176116,0.0566294944205876,0,0,-0.457295973199655,0,0,0,0,0,0,0,0,0,0,0,0,0,0,0,0,0,0,0,0.274730035946,0,0,0,0,-0.184439120985211,-0.229565201252463,0,0,-0.991673832997924,0,-0.613443396055234,0,0,-0.109387788452698,1.54310687989471,0,0,0,0,-0.0528417889196129,0,0,0,1.83730805198483,0,0,0.374178886819154,0,0,0,0,0.276687555764262,0,0,0,0,-3.11957342555121,0,0,0,0,0,0,0,0,0.382665176256273,0,0,0,-0.114911859357075,0,0,0,0,0,-1.33285594047956,-0.996111963681249,0,0,0,0,0,0,0,0.478343470725295,0,0,-0.0300763458839357,0,0,0,0.493601011411477,0.818830378206673,0,0,0.506345166420344,0,0
0,0,0,0,0,0,0,0,0,-0.516619054041607,0,0,0,0,0,0,0,0,1.41176591981193,0,0,0,0,0,0,0,0,0,0,0,0,0,0,0,0,0,0,0,0,0,0,0,0,0,0,0,0,0,0,0,0,0.0052278361628102,0,0,0,0,0,0,0,0,0,0,0,0,0,-0.226327263543885,0.299527592187423,0,0,0,0,0,0,0,-0.05609209947945,0,0,0,0,0,0,0,0,0,0,0,0,0,0,-0.708373466878106,0,0.102313205709102,-0.369456857395462,0,-0.439981213028537,0,0,0,-0.444677701523432,0,0,0,3.60811021957473,0,0,0,0,0,0,0,0,-0.498466788567529,0,0.375195378430065,-0.495788862409743,0,0,0,0,0,0,0,0,0,0,0,0,-0.228438342747369,0,0,-1.20046568558456,1.03168995989599,-0.674833861266411,0,0,0,0,-0.0276707537443073,0,0,0.164117181632634,-0.000691966093606444,0,0,0,0,0,0,0,0,0,0,0,0,0,-0.463028657861009,0,0,0,-0.0885600927822978,0.0558616343312008,0,-0.116718074280416,0,0,0,0.185577412583146,0.587665265187224,-0.628514771314413,0,0,0,0,0,0,0,0,0,0,-0.446697412007434,0,0,0,0,0,0,0.963663366158821,0,0,-0.258898020140885,0,0,0,0,0,-0.293083444451653,0,0,0,0
0,0,0,0,0.14932423111286,0,0,0,0,0,0,0,0,0,0,0,0,0,0.47537687073988,0,0,0,0,0,0,0,0.61705246414891,0,0,0,0,0,0,0,0,0,0,0,0,0,0,0,0,0,0,0,0,0,0,0,0,0.03649248030019,0,0,0,0,0,0,0,0,0,0,0,0,0,0,0,0,0,0,0,0,0,0,0,0,0,0,0,0,-0.416188818894829,0,0,0,-0.788531188697462,0,0,0,0,0,0,0,0,0,0,0,0,0,0,0,0,0,2.81201285184858,0,0,0,0,0,-0.272611025467307,0,0,0,0,0,-0.38639905489516,0,0,0,0,0,0,0,0,0,0,0,0,0,0,0,0,0.602365452586774,0,0,0,0,0.54535735074763,0,0,0,0,0,0,0,0,0,0,0,0,0,0,0,0,0,0,-0.0522474564991844,0,0,0,0,0,0,0,0,0,0,0,0,0,0,0,0,0,0,0,0,0,0,-0.297350210545681,0,0,0,0,0,0,0,0,0,0,0,0,0,0,0,0,0,0,0,0,0
0,0,0,0,0.180163838701464,-0.0771292929308389,0,0,0,-0.0952328856131357,0,0,0,0,0,0,0,0,0.0746150930518596,0,0,0,0,0,0,0,0.252694165088673,0,0,0,0,0,0,0.140371782781378,0,0,0,0,0,0,0,0,0,0,0,0,0,0,0,0,0,0,0,0,0,0,0,0,0,0,0,0,0,0,0,0,0,0,0,0,0,0,0,0,0,0,0,0,0,0,0,0,0,0,0,0,0,0,0,0,0,0,-0.279007321923767,0,0,0,0,0,0,0,0,0,2.87726327819462,0,0,0,0,0,-0.220669211728738,0,0,0,0,0,0,0,0,0,0,0,0,0,0,0,0,0,0,0,0,0,0,1.39808850218083,-1.12115167121802,0,0,0,0.775841564400041,0,0,0,0,-0.399061652583069,0,0,0,0,0,0,0,0.804579355631791,0,0,0,0,0,0,0,0,0,0,0,0,0,0,0,0,0,0,0,0,0,0,0,0,0,0,0,0,0,0,0,0,0,0,0,0,0.392593859871299,-0.423052768831081,0,0,0,0,0,0,0,0,0,0,0,0
0,0,0,0,0,0,0,0,0,0,0,0,0,0,0,0,0,0,0,0,0,0,0,0,0,0,0,0,0,0,0.371988658042227,0,0,0,0,0,0,0.51015612199496,0,0,0,0,0,0,0,0,0,0,0,0,0,0,-0.244656860555438,0,0,-3.58852887482748,0,0,0,0,0,0,0,0,0,0,0,0,0,0,0,0,0,0,0,0,0,0,1.81050539720013,0,0,0,0,0,0,0,0.294390060075525,0,0,0,0,0,0,0,0,0,0,0,0,0,0,0,0,0,0,0.609557366789266,0,0,0,0,0,0,0,0,0,0,0,0,0,0,0,0,0.0444368805271771,0,0,0,1.30253060153529,0,0,0,0,0,-0.255467247140803,0,0,0,0,0,0,0,0,0,0,0,-0.0511281910667292,0,0,0,0,0,-0.0678574557042171,0,0,0,0,0.340810503892763,0,0,0,0,0,0,0,0,0,0,0,0,0,0,0,0,0,0,0,0,0,0,0,0,0,0,0,0,0,0,0,0,0,0,0,0,0,0,0,0,0,0,0,0
0,0,0,0,0,0,0,0,0,0,0,0,0,0,0,0,0,0,0,0,0,0,0,0,0,0,0,0,0,0,0,0,0,0,0,0,0,0,0,0,0,0,0,0,0,0,0,0,0,0,0,0,0,0,0,-4.11313732333191,0,0,0,0,0,0,0,0,0,0,0,0,0,0,0,0,0,0,0,0,0,0,0,0,0.0315778793346639,0,0,0,0,0,0,0,0,0,0,0,0,0,0,0,0,0,0,0,0,0,0,0,0,0.0201668953974838,0,0,0,0,0,0,0,0,0,0,0,0,0,0,0,0,0,0,0,0,0,0,0,0,0,0,-0.246818304855465,0,0,0,0,0,0,0,0,0,0,0,0,0,0,0,0,0,0,0,0,0,0,0,0,0,0,0,0,0,0,0,0,0,0,0,0,0,0,0,0,0,0,0,0,0,0,0,0,0,0,0,0,0,0,0,0,0,0,0,0,0,0,0.0669024599059074,0,0,0,0
0,0,0,0,0,0,0,0,0.00205130446863189,0,0,0,0,0,0,0,0,0,0,0,0,0,0,0,0,0,0,0,0,0,0,0,0,0,0,0,0,0,0,0,0,0,0,0,0,0,0,0,0,0,0,0,0,0,0,-3.99938662524905,0,0,0,0,0,0,0,0,0,0,0,0,0,0,0,0,0,0,0,0,0,0,0,0,0,0,0,0,-0.241855700120316,0,0,0,0,0,0,0,0,0,0,0,0,0,0,0,0.218957067480118,0,0,0,0,0.0735654646860877,0,0,0,0,0,0,0,0,0,0,0,0,0,0,0,0,0,0,0,0,0,0,0,0,0,0,-0.288441484123237,0,0,0,0,0,0,0,0,0,0,0,0,0,0,0,0,0,0,0,0,0,0,0,0,0,0,0,0,0,0,0,0,0,0,0,0,0,0,0,0,0,0,0,0,0,0,0,0,0,0,0,0,0,0,-0.900289252321112,0,0,0,0,0,0,0,0,0,0,0,0
0,0,0,0,0,0,0,0,0,0,0,0,0,0,0,0,0,0,0,0,0,0,0,0,0,0,0,0,0,0,0,0,0,0,0,0,0,0,0,0,0,0,0,0,0,0,0,0,0,0,0,0,0,0,0,-3.66770799816334,0,0,0,0,0,0,0,0,0,0,0,0,0,0,0,0,0,0,0,0,0,0,0,0,0,0,0,0,0,0,0,0,0,0,0,0,0,0,0,0,0,0,0,0,0,0,0,0,0,0.412828836965203,0,0,0,0,0,0,0,0,0,0,0,0,0,0,0,0,0,0,0,0,0,0,0,0,0,0,-0.182552290715611,0,0,0,0,0,0,0,0,0,0,0,0,0,0,0,0,0,0,0,0,0,0,0,0,0,0,0,-0.0262605611914322,0,0,0,0,0,0,0,0,0,0,0,0,0,0,0,0,0,0,0,0,0,0,0,0,0,0,-0.372611073588007,0,0,0,0,0,0,0,0,0,0,0,0
0,0,0,0,0,0,0,0,0,0,0,0,0,0,0,0,0,0,0,0,0,0,0,0,0,0,0,0,0,0,0.00744046758948302,0,0,0,0,0,0,0,0,0,0,0,0,0,0,0,0,0,0,0,0,0,0,0,0,0,0,0,0,0,0,0,0,0,0,0,0,0,0,0,0,0,0,0,0,0,0,0,0,0,0,0,0,0,0,0,0,0,0,0,0,0.148300754118163,0,0,0,0,0,0,0,0,0,0,0,0,0,0,0,0,0,0,0,0,0,0.0113901081158163,0,0,0,0,0,0,0,0,0,0,0,0,0,0,0,0,0,0,0,0,0,0,0,0,0,0,0,0,0,0,0,0,0,0.179550478181848,0,0,0,0,0,0,0,0,0,0,0,0,0,0,0,0,0,0,0,0,0,0,0,0,0,0,0,0,0,0,0,0,0,0,0,0,0,0,0,0,0,0,0,0,0,0,0,0,0,0,0,0
0,0,0,0,0,0,0,0,0,0,0,0,0,0,0,0,0,0,0,0,0,0,0,0,0,0,0,0,0,0,0,0,0,0,0,0,0,0,0,0,0,0,0,0,0,0,0,0,0,0,0,0,0,0,0,0,0,-0.0162506017371928,0,0,0,0,0,0,0,0,0,0,0,0,0,0,0,0,0,0,0,0,0,0,0,0,0,0,0,0.492463102596366,0,0,0,0,0,0,0,0,0,0,0,0,0,0,0,0,0,0,0,0,0,0,0,0,0,0,0,0,0,0.0849219000116945,0,0,0,0,0,0,0,0,0,0,0,0,0,0,0,0,0,0,0,0,0,0,0,0,0,0,0,0,0,0,0,0,0,0,0,0,0,0,0,0,0,0,0,0,0,0,0,0,0,0,0,0,0,0,0,0,0,0,0,0,0,0,0,0,0,0,0,0,0,0,0,0,0,0,0,0,0,0,0,0,0,0,0,0
0,0,0,0,0,0,0,0,0,0,0,0,0,0,0,0,0,0,0,0,0,0,0,0,0,0,0,0,0,0,0,0,0,0,0,0,0,0,0,0,0,0,0,0,0,0,0,-7.51348022502459,0,0,0,0,0,0,0,0,0,0,0,0,0,0,0,0,0,-0.20491035694691,0,0,0,0,0,0,0,0,0,0,0,0,0,0,0.172645012314978,-0.0260303446259635,0,0,0,0,0,0,0,0,0,-0.282207274014978,0,0,0,0,0,0,0,0,0,0,0,0,0,0,0,0,0,0,0,0,0,0,0,0,0,0,0,0,0,0.0028614809045151,0,0,0,0,0,0,0,0,0,0,0,0,0,0,0,0,0,0,0,0,0,0,0,0,0,0,0,0,0,0,0,0,0,0,0,0,0,0,-1.54645447905631,0,0,0,0,0,0,0,0,0,0,0,0,0,0,0,0,0.0711860142712089,0,0,0,0,0,0,0,0.344980467093243,0,1.19757194959873,0,0,0,0,0,0,0,0,0,0,0,0
0,0,0,0,0,0,0,0,0,0,0,0,0,0,0,0,0,0,0,0,0,0,0,0,0,0,0,0,0,0,0,0,0,0.103323993282031,0,0,0,0,0,0,0,0,0,0,0,0,0,0,0,0,0,0,0,0,0,0,0,0,0,0,0,0,0,0,0,0,0,0,0,0,0,0,0,0,0,0,0,0,0,0,0,0,0,0,0,0,0,0,0,0,0,0,0,0,0,0,0,0,0,0,0,0,0,0,0,0,0,0,0,0,0,0,0,0,0,0,0,0,0,0,0,0,0,0,0,0,0,0,0,0,0,0,0,0,0,0,0,0,0,0,0,0,0,0,0,0,0,0,0,0,0,0,0,0,0,0,0,0,0,0,0,0,0,0,0,0,0,0,0,0,0,0,0,0,0,0,0,0,0,0,0,0,0,0,0,0,0,0,0,0,0,0,0,0,0,0,0,0,0,0
0,0,0,0,0,-11.9880220806203,0,0,0,0,0,0,0,0,-0.140737758563433,0,0,0,0,0,-4.3976012393253,0,0,0,0,0,0,0,0,0,0,0,0,0,0,0,0,0,0,0,0,0,0,0,0,0,0,0,0,0,0,0,0,0,0,0,0,0,0,0,-0.046667329397065,0,0,0.68545559842608,0,0,0,0,0,0,0,0,0.384939796469289,0,0,0,-0.404753972616401,0,0,0,0,0,0,0,0,0,0,0,0,0,0,0,0,0,0,0,0,0,0,0,0,0,0,0,0,-0.539665848508027,0,0,0,0,0,0,0,0,0,0,0,0,0,-0.708378609998014,0,0,0,0,0,0,0,0,0,0,0,0,0,0,0,0,0,0,0,0,0,0,0,0,0.474808571671915,0,0,0,0,0,-0.285425045442175,0,0,0,0,0,0,0,0,0,0,0,0,0,0,0,0,-0.13206453647543,0,0,0,0,0,0,0,0,0,0,0,0,0,0,0,0,0,0,0,0,0,0,0,0,0,0,0,0,0,0,0,0.0586240092561419
0,0,0,0,0,-0.319719465192884,0,0,0,0,0,0,0,0,0,0,0,0,0,0,0,0,0,0,0,0,0,0,0,0,0,0,0,0,0,0,0,0,0,0,0,0,0,0,0,0,0,0,0,0,0,0,0,-0.808425854047401,0,0,0,0,0,0,0,0,0,0,0,0,0,0,0,0,0,0,0,0,0,0,0,0,0.339257938476253,0,0,0,0,-1.49818252047131,0,0,0,0,0,0,0,0,0,0,0,0,0,0,0,1.32208987794489,0,0,0,0,0,0,0,0.138646958055271,0,0,0,0,0,0,-0.24240380953098,0,0,0,0,0,-0.752873869408339,0,0,0,0,0,0,0,0,0,0,0,0,0,0,0,0,0,0,0,0,0,0,0,0,0,0,0,0,0,0,0,0,0,0,0,0,0,0,0,-1.41156853698834,0,0,0,0,0,0,0,0,0,0,0,0,-0.285370406297111,0,-0.805567987800566,0,0,0,0,0,0,0,0,-0.197483586740461,0,0,0,0,0,0,0,0,0,0,-0.643813156169794,0,0,0,0
0,0,0,0,0,0,0,0,0,0,-0.424315501912996,0,0,0,0,0,0,0,0,0,0,0,0,0,0,0.079302033298758,0,-0.0999829870926621,0,0,0,0,0,0,0,0,0,0,0,0,0,0,0,0,0,0,0,0,0,0,0,0.0422122636173421,0,0,0,0,0,0,0,0,0,0,0,0,0,0,0,0,0,0,0,0,0,0,0,0,0,-0.0772387610830394,0,0,0,0,1.55010860634345,0,0,1.18865494214379,0,0,0,0,0,0,0,0,0.0641639609811393,0,0,0.182449382023407,-0.524229754608752,0,0,0,0,0,0,0,0,0,0,0.136393464038873,0,0,0,0.108680522085842,0,0,0,0,0,0.0755845758377975,0.923049349937942,0,0,0,0,0,0,0,0,0,0,0,-0.633912404765288,0,0,-0.55415736617243,-0.269447105107242,0,0,0.0392842368089477,0,0,0,0,0,0,0,0,0,0,0,0,0,0,0,0.246177124388649,0,0,0,0,0,0,0,0,0,0.364437214835402,0,0,0,0,0,0,0,0,0,-0.807698364442063,0,0,0,0,0,0,0,0,0,0,0,0,0,0,0,0,0,0,0,0,0,0,0,-0.506926354716688
0,0,0,0,0,0,0,0,0,0,0,0,0,0,0,0,0,0,0,0,0,0,0,0,0,0,0,0,0,0,0.191320753892735,0,0,0,0,0,0,0,0,0,0,0,0,0,0,0,0,0,0,0,0,0,0,0,0,0,0,0.0317866440035497,0,0,0,0,0,0,0,0,0,0,0,0,0,0,0,0,0,0,0,0,1.36474676185231,0,0,0,0.724041691398181,0.101978027451991,0,0,0,0,0,0,0,0,0,0,0,0,0,0,0,0,0,0,0,0,0,-0.160549379500553,0,0,0,0,0,0,0,0,0,0,0,0,0,0,0,0,0,0,0,0,-0.443132455045756,0,0.0465914307501423,0,0,0,0,0,0,-0.203871898911019,0,0,0,0,0,0,0,0,0,0,0,0,0,0,0,0,0,0,0,0,0,0,0,0,0,0,0,0,0,0.578142245240129,0,0,0.387085895288034,0,0,0,0,0,0,0,0,0,0,0,0,0,0,0,0,0,0,0,0,0,0,0,0,0,0,0,0,0,0,-0.0581711307248416
0,0,0.690661849542943,0,0,0,0,0.341184647612948,0,0,0,0,0,0,0,0,0,0,0,0,0,0,0,0.0240678443234792,0,0,0,0,0,0,0,0,0,0,0,0,0,0,0,0,0,0,0,0,0,0,0,0,0,0,0,0,0,-1.08742958193282,0,0,0,0,0,0,0,0,0,-0.237941131851932,0,0,0,0,0,0,0,0,0,0,0,0,0,0,0,0,0,0,0,0.220155579052442,0,0,0,0,0,0,0,0,0,0,0,0,0,0,0,0,0,0,0,0,0,0,0,0,0,0,0,0,0,0,-0.144538069706202,0,0,0,0,0,0,0,0,0,0,0,0,0,0,0,0,0,0,0,0,0,0,0,0,0,0,0,0,0,0,0,0,0,0,0,0,0,0,0,0,0,0,0,0,0,0,0,0,0,0,0,0,0,0,0,0,0,0,0,0,0,0,0,0,-0.286949649498345,0,0,0,0,0,0,0,0,0,0,0,0,0,0,0,0,0,0,0,0
0,0,0,0,0,0,0,0,0,0,0,0,0,0,0,0,0,0,0,-0.243847100839902,0,0,0,0,0,0,0,0,0,0,-0.0292569022400422,0,0,0,0,0.133826834011258,0.645445702761658,0,0,0,0,0,0,0,0,0,0,0,0,0,0,0,0,0,0,0,0,0.0219768455039855,0,0,0,0,0,0,0,0,0,0,0,0,0,0,0,0,0,0,0,0,0,0,0,0,0,0,0,0,0,0,0,0,0,0,0,0,0,0,0,0,0,0,0,0,0,0,0,0,0,0,0,0,0,0,0,0,0,0,0,0.160225119961278,0,0,0,0,0,0,0,0,0,0,0,0,0,0,0,0,0,0,0,0,0,0,0,0,0,0,0,0,0,0,0,0,0,0,0,0,0,0,0,0,0,0,0,0,0,0,0,0,-1.39553043996084,0,0,0,0,0,0,0,0,0,0,0,0,0,0,0,0,0,0,0,0,0,0,0,0,0,0,0,0,0,0,0,0,0
0,0,0,0,0,0,-2.25282337732514,0,0,-0.136637333515384,0,0,0,0,0,0,0,0,0,-0.344805197514595,0,0,0.824432776561122,0,0,0,0,0,0,0,0,0,0,0,0,0,0,-1.1017280082142,0,0,0,0,0,0,0,0,-0.392997412246421,0,0,0,0,0,0,0,0,0,0,0,0,0,0,0,0,0,0,0,0,0,0,0,0,0,0,0,0,6.4647371608384e-05,0,0,0,0,0,0,0.246029665655976,0,0,0,0,0,0,0,0,0,0,0,0,0,0,0,0,0,0,0,0,0,0,0,0,0,0.396742160614846,0,0,0,0,0,0,0,0,0,0,0,0,0,0,0,0,0,0,0,0,0,0,0,0,0,0,0,0,0,0,0,0,0.482041471821298,0,0.0972868554524877,0,0,0,-0.541450432118624,0,0,0,0,0,0,0,0,0,0,0,0,-0.0445080096037334,0,0,0,0,0,0,0,0,0,0,0,0,-0.0237330464185717,0,0,0,0,0,0,0,0,0,0,0,0,0,-0.142470542077831,0,0,0,0,0,0,0,0,0,0,0,0
0,0,0.230206018601498,0,0,0,-0.731918761632206,0,0,0,0,-0.138801215185656,0,0,0,0,0,0,0,0,0,0,0,0,0,-0.0705694553670762,0,0,0,0,0,0,0,0,0,0,0,0,0,0,-0.190782132965322,0,0,-0.818225320228314,0,0,0,0,0,0,0,0,0,0,0,0,-0.946819856923613,0,0,0,0,0,2.58335711739931,0,0,0,0,0,0,0,0,0,0,0,0,0,0,0,0,0,0,0,0,0,0,-0.295043251893673,0,0,0,0,0,0,0,0,0,0,0,0,0,0,0,0,0,0,0.000215243547436517,0,0,0,0,-0.662089309220844,0,0,0,0,0,0,0,0,0,0,0,0,0,0,0,0,1.12679910524123,0,0,0,0,0,0,0,0,0,0,0,0,0,0,0,0,0,0,0,0,0,0,0,0,0,0,0,0,0,0,0,0,0,0,0,0,0,0,0,0,0,0,0,0,0,0,0,0,0,0,-0.145947871205569,0,0.405547503777811,0,0,0,0,-0.0767263978562747,0,0,0,0,0,0,0,0,0,0,0,0,0,0,0
0,0,0,0,0,-0.192871527318218,-0.0980252614117467,0,0,0,-0.385931896502272,0,0,0,0,0,0,0,0,0,0,0,0,0,0,0,0,0,0,0,0,0,0,0,0,0,0,0,0,0,0,0,0,0,0.451229731418493,-0.0936160535860138,-0.571955289671064,0,0,0,0,0,0.251116011197668,0,0,0,0.515330063319689,0,0,0,0,0,2.73212537749702,0,0,0,0,0,0,0,0,0,0.0975393381551977,0,-0.05066450913159,0,0,0,0,0,-0.800004169731708,0,0,0,-0.261647491501225,-0.0503338909801436,0,0,0,0,0,0,0,0,0,0,0,0,0,0,0,0,0,0.198876181722311,0,0.415423003577916,0,0,0,0,0,0,0.372871685778399,0,0,0,0,0,0,0,1.64251109301479,0,-0.303324292268538,0,0,0,0,0,0,-0.0403383129696184,0,0.345086484030879,0,0,0,0,0,0,0,0,0,0,0,0,0,0,0,-0.525006851242556,0,0.20517746408236,-0.146649538794366,0,0,0,0,0,-2.45419087167513,0,0,0.73608141316231,0,0,-0.153798147527407,0,0,0,0,0,0,0,0,0,0,0,0,0,0,0,0,0,0,-0.198263360763913,0,0,0,0,3.19929772119166,-0.16926072309457,0,0,-0.807056674238669,0,0,0,0,0,0,0,0,-0.637330074782428
0,0,0,0,0,0,-0.0273250035047918,0,0,0,0,0,0,0,0,0,0,0,0,0,0,0,0,0,0,0,2.25809584333972,0,0,0,0,0,0,0,0,0.32593073881398,0,0,0,0,0,0,0,0,0,0,0,0,0,0,0,0,0,0,0,0,0,0,0,0,0,0,0,0,0,0,0,0,0,0,0,0,0,0,0,-0.338661890426991,0,0,0,0,0,0,0.387858426986074,0,-0.0655830534257871,0,0,0,0,0,0,0,0,0,0,0,0,0,0,0,0,0,0,0,0,0,0,0,0,0,0,0,0,0,0,0,0,0,0,0,0,0,0,0,0,0,0,0,0,0,-0.292935500773761,0,0,0,0,0,0,0,0,0,0,0,0,0,0,0,0,0,0,0,0,0,0,0,0,0,0,0,0,0,0,0,0,0,0,0,0,0,0,0,0,0,0,0,0,0,0,0,0,0,0,0,0,0.127539917192217,0,0,0,0,0,0,0,0,0,0,0,0,0,0,0,0
0,0,-0.146316378319501,0,0,0,-0.183506458664186,0,0,0,0,0,0,0,0,0,0,0,0,0,0,0,0,0,0,0,0.123573976968489,0,0,0,0,0,0,0,0,0,0,0,0,0,0,0,0,0,0,0,0,0,0,0,0,-0.493517262267374,0,0,0,0,0,0,0,0,0,0,0,0,0,0,0,0,0,0,0,0,0,0,0,0,0,0,0,0,-0.0359595838566142,0,0,0,-0.143980847440057,0,0,0,0,0,0,0,0,0,0,0,0,0,0,0,0,0,0,0,0,0,0,0,0,0,0,0,0,0,0,0,0,0,0,0,0,0,0,0,0,0,-0.040962168565817,0,0,0,0,0,0,0,0,0,0,0,0,0,0,0,0,0,0,0,0,0,0,0,0,0,0,0,0,0,0,0,0,0,0,0,0,0,0,0,-0.108785001584452,0,0,0,0,0,0,0,0,0,0,0,0,0,0,0,0,0,0,0,0,0,0,0,0,0,0,0,0,0,0,0,0,0
0,0,0,0,0,-0.592272059830347,0.665327643552065,0.885540223816498,0,1.29924334115463,-1.50308362380296,-0.55534666720235,0,0,0,0,0,0,0,0.537547389433991,0,0,0.232183372386869,0,0,0,0,-0.126516202349488,0,0,-0.776593392979582,-0.895866388400784,0,0.905391566431454,0,0,-0.364045220109477,0,0,0,0,0,0,0,-0.0115940760090254,0.0248212027527224,0,0,0,0,0,0,0,0,-0.576729376536185,0.164426421102244,2.27786905818301,0.693742464613688,0,0,0,0.267567538290327,0,-0.098380393215924,0,0,0,0,0,0,-0.343250910109399,0,0,0.355265916471319,0,0,0,0,0,0,0,0,0,-0.0322299152591885,-0.789410563106343,0,0,0,0,0,0,0,0,-0.173170932366898,0,0,0,0,0,0,-1.75934323485005,0,0,0,0,0,0,-0.252998408475423,0,0,0,0.326141101326335,0.367664038079283,0,0,-0.619412068834565,0,-0.198017409034865,0,0,-1.3414959770092,3.04093609088773,0,0,0,0,-1.1530921291221,0,0,0,0,0,0,0.379018395607243,0.0039671959459513,0,0,0,0,1.87106531322119,0,0.165261475727762,0,-4.12721272144387,0,0,0,-0.0270670581190513,0,-0.128865904646016,0,0.344214482823216,0,-0.368816953251888,0,0,0,0,0,0,0,0,0,-0.124149793467472,0,0,0,-0.997834911784667,0,0,0,0,1.12650804184977,0,-0.446468782666819,-0.18516269677485,0,0,-0.331886815059385,0,-0.458695030111241,0,-0.127612983021671,0,0,-0.189503841157257,0.635477795113707,0,0,0,0.205875581956459,0,0.385225179669664,1.55383987910895,0,0,0,1.7852889108798,0,0
0,0,0,0,0,0,0,0,0,0,0,0,0,0,0,0,-0.315429740352806,0,0,0,0,0,0,0,0,0,0,0,0,0,0,0,0,0,0,0,0,-0.630581756930833,0,0,0,0,0,0,0,0,0,0,0,0,0,0,0,0,0,0,0,0.720157324992291,0,0,0,0,0,0,0,-0.102676404354984,0,0,0,0,0,0,0,0,0,0,0,0,0.0629886228750132,0,0,0,0,0,0,0,0,0,0,0,0,0,0,0,0,0,0,0,0,0,0,0,0,0,0,0,0,-0.441248853725095,0,0,0,0.0201939134473275,0,0,0.488061221062077,0,0,0,0,0.318262690654595,0.425727469250792,0,0,0,0,0,0,0,0,0,-0.103719583877421,0,0,0,0,0,0,0,0,0.644759205901399,0,0,0,-0.00619687108626921,0,0,0,0,0,0,0,0,0,0,0,0,0,0,0,0,0,0,0,0,0,0,-1.99101513246294,0,0,0,0,0,0,0,0,0,0,0,0,0,0,0,0,-0.101992498126294,-0.413084260357895,0,0,-0.425872893328639,0,0,0,0,0,0,0,0,0,0,0,0
0,0,0,0,0,0,0,0,0,0,0,0,0,0,0,0,-0.341765235493041,0,0,0,0,0,0,0,0,0,0,0.326485167864921,0,0,-1.88794557948248,0,0,-0.0742331782832348,0,0,0,0,0,0,0,0,0,0,0,0,0,0,0,0,0,0,0,0,0,0,0,0,0,0,0,0.300968801329307,0,0,0,0,0.11845414375636,0,0,0,0,0,0,0,0,0,0,0,0.502488957436056,0,0,0,0,0,0,0.176524095289571,0,0,0,0,0,0,0,0,0,0,0,0,0,1.32422916340836,0,0,0,0,0,0,0,-0.373392962053775,0,0,0,0,0,0,0,0,0,0,0,0,0,0,0,0,0,0,0,0,0,0.250430417223568,0,0,0,0,0,0,0,0,0,0,0,0,0,-0.157018846539407,0,0,0,0,0,0,0,0,0,0,-0.12004127519698,0,0,0,0,0,0,0,0,0,0,0,-0.947862111784573,0,0,0,0,0,0,0,0,0,0,0,0,0,0,0,0,0,0,0,0,0,0,0,0,0,0,0,0,0,0,0,0,0
0,0,0,0,0,0,0,0,0,0,0,0,0,0,0,0,0,0,0,0,0,0,0,0,0,0,0,0,0,0,-0.879397638283599,0,0,0,0,0,0,0,0,0,0,0,0,0,0,0,0,0,0,0,0,0.120721039845783,0,0,0,0,0,0,0,0,0,0,0,0,0,-0.176092949621228,-0.0331517607549372,0,0,0,0,0,0,0,0,0,0,0,0,0,0,0,0,0,0,0,0,0,0,0,0,0,0,0,0,0,0,0,0,0,0,0,0,0,0,0,0,0,0,0,0,0,0,0,0,0,0,0,0,0,0,0,0.271489195023336,0,0,0,0,0,-0.128598280280607,0,0,0,1.36411001288396,0,0,0,-0.92130497459113,0,0,0.0353932944878179,-0.0266801796972052,0,0,0,0,0,0,0,0,0,0,0,0,0,0,0,0,0,0,0,0,0,0,0,0,0,0,0,0,0,0,0,0,0,0,0,0,0,0,0,0,0,0,0,0.658840593071616,0,0,0.141957275993234,0,0,0,0,0,0,0,0,0,0,0,0
0,0,0,0,0,0,0,0,0,0,-1.31631317107768,0,0,0,0,0,0,0,0,0.777830613592075,0,0,0,0,0,1.99259129301883,0,0,0,0,0.58428870749735,-0.118676278310105,0,0,0,0,0,0,0,0,0,0.258817436455557,0,0,0,0,0,0,0,0,0,0,0,0,0,0,0,0,0,0,0,0,0,0,0,0,0,0,0,0.0181824601276426,0,0,0,0,0,0,0,0,0,0,0,0,0,0,0,0.641846619822934,0,0,0,0.269396200292272,0,0,0,0,0,-0.83009096949083,0,0,0,0,0,0,0,0,-0.029483844878001,0,0,0,0,0,0,0.211929127004947,0,0,0,0,0,0,0,0,0.11627148287166,-0.194139797128426,0,0,0,0,0,0,-0.433514365416326,0,0,0,0.487608296941093,0,0,0,-0.00371957587715466,0,0,0,0,0.247633083573131,0,0,0,0,0,0,0,0,0,0,0,0,0,0,0,0,0,0,0,0,0.844452298017762,0,0,0,0,0.0138476341331144,0.913042469296424,0,0,0,0,0.681703010720726,0,0,0,0,0,0,0,-0.285141194824191,0,0,0,0,0,0,0,0,0,0,0,0,0,0,0,0.605041772270685,0,0
0,0,0,0,0,0,0,2.37022742295251,0.972283247196818,0,0,0,0,0,0.0471178875031115,0,0,0,0,0,0,0,0,0,0.307165718114499,0,0,0,0,0,0,0,0,0,0,0,-0.0132216695728526,0,0,0,0,0,0,0,0,0,-1.53097222859841,0,0,0,0,0,0,0,0,0,-0.322304698249029,0,0,0,0,0,0,0,0,0,0,0,0,0,0,0,0,0,0,0,0,0,0,0,0,0,0,0.0352284878304203,0,0,0,0,0,0,0,0,0,0,0,0,0,0,0,0,0,0,0,-0.0584856790293122,0,0,0,0,0,0,0,0,0,0,0,0.643849259699832,0,0,0,0,-0.852163588882579,0,0,0,0,0,0,0,0,0,0,0,0,0,0,0,0,0,0,0,0,0,0,0,0,0,0,0,0,0,0,0,0,0,0,0,0,0,0,0,0,0,0,0,0,0,0,0,0,0,0,0,0,0,0,-0.538167349758215,0,0,0,0,0,0,0,0,0,0,0,0,0,0,0,0,0,0,0,0,0,0,0.125274486663978,0.639916554105401
0,0.738459678647172,0,0,0,0,-0.503320042497522,0,0,0,-0.732230122138238,0,0,-0.376739289940443,0.777601270979953,0.167684930098736,-0.19518014704713,-3.47902770561106,0,0,0,0.613930805419541,0,0,0,-0.598477647580659,-0.416840122482891,0,0,0,0,0,0,0,0,2.03303776073533,0,0,0,0,0,0,0,-0.689494999763604,0,0,0,0,0,0,0,-0.18953039863305,0,0,0.119992716760384,0,0,0,0,0.147510106530067,0,-0.0478063103691737,-0.563750463458686,0,0,0,0,0,0,0.899256966023807,0,0,0,0,0,0,0,0,0,2.48794210046687,-0.0927942874660852,-0.649483005569945,0,0,-0.233925564032733,0.462314842891935,0,-0.85608366375027,0,0,0,-0.887914186764239,0,0.489315772031624,0.279034575818929,-0.596110559592014,0,0,0,0,-0.817848887201526,0,-1.12310774622878,-1.42157672704785,0,0.792901476147892,0,0,0,0.675168006643801,0,0,0,0,0,0.229848655488492,0,0,0,0,0,0.422899340923076,-0.281995109756133,0,0,0,0,-1.15367348868279,0,0,0,0,0,0,0,0,0,0,0,0,0,0,0,0,0,0,0,0,-0.781997264913065,0,0,-0.700567663450153,0,0,0,0,0,0,0,1.53456156625931,0.2690856630671,0,1.74862095917846,-0.483655854826035,0,0,0,0,0,0,0,0,0,5.52611216520316,0,0,0,0,0,0,0,-1.04367873979707,-0.50240449541272,0,-0.726681466499457,0,-1.00651987317315,0,-0.065352971618305,0,0,0,0.680231379798421,-0.288820344684533,0,0,0,0,0,0
0,0,0,0,0,-0.123417810752199,0,0,0,0,-0.582189200202254,0,0,0,0,0,0.47593137226785,0,0,0,0,0,0,0,0,-1.62771746901889,0,0,0,0,0,-0.361554419160705,0,0,0,0,0,0.00488246355458344,0,-0.436206746833518,-0.34456207213928,0,0,-0.20526522121597,1.93599889398811,0,0,0,0,0,0,0,0,0,0,0,0,0.887773866485702,0,0,0,0,0,0,0,0,0,0,-0.664646161291017,0,0,0,0,0,0,0,0,-0.281814638275646,0,0.165317624104228,0,0,0,0,0,0,0,0,-0.674129815503614,0,0,0.653242166029919,0,0,0,0,0,0,0,0,-0.273132150972666,-0.396891214334147,0,0,0,0,0,0,0,-0.337683470642206,0,0,0,0,0,0,0,0,0,-2.52582076828081,2.29353672230014,-0.88256044718509,0,0,0,0,0,-0.97448378773971,0,0,0,0,0,0,0,0,-0.104261665940957,0,0,0,0,0,0,0,0,0,0,0,-0.0258374816580356,-0.929416719770304,0.0730142850688971,0,0,0,0,0,0,0,0,0,0,0,0,0,0,0,0,0,0,0,0,0,0,0,0,0,0,0,0,0,0,0,0,0,0,0,1.93167758783747,0,0,0,0,0,0,0,0,0,0,0,0,0.789278308274094
0,0,0,0,0,0,0,0,0,0,-1.6221515573672,0,0,0,0,0,0,0,0,0,0,0,0,0,0,0,0,0.264168601704669,0,0,-0.903647993082733,-0.0507918256446205,0,0,0,0,0,1.02528450990951,0.314365498682328,0,0,-0.0355121640032454,0,0,1.11331417391904,0,-0.00582142320331602,0,0,0,0,0,0,0,0,0.0122891112108603,0,0,0,0,0,0,0,0,0,0,0,0,0,0,0,0,0,0,0,0,0,0,0,0,0,0,-0.396777591322489,0,0,0.303812127434486,0,0,0,0,0,0,0,0,0,0,0,0,0,0,0,0.0837295981812889,0,0,0,0,0,0,0,0,0,0,0,0,0,0,0,0,0,-0.26485381024115,0,0,1.73345056446162,0,0,0,0,0,0,0,0,0,0,0,-1.09889526883236,0,-0.0110247046925749,0,0,0,-0.112745186384398,0,0,0,0,0,0,0,0,0,0.826341400483801,0,0,0,0,0,0,0,0,-0.316699217566214,0,0,0,0,0,0,0,0,0,0,0,0,0,0,0,0.880629385639085,0,0,0,0,0,0,0,0,0,0,0.159589244439416,0,0,0,0,0,0,1.32750795991452,0,0,0,0.270326928470566,0,0.583285854155685
0,0,-0.0846969299192315,0,1.90624859803335,0,0,-0.858716522219229,-0.275284998326012,0,0.60184832212107,0,0,0,0,0,0,0,0,0,0,0,1.07993548316024,0,0,0,0,0,0,0,0,0,0,0,0,0,0,0.122262427225656,0,0,0,0,0,-0.606065361898033,0.233645179329036,0,0,0,0,-0.0313075161673682,0,0,0,0.625437532863204,0,0,0.695031448068401,0.924099043746794,0,0,0,0,0,0,0,0,0,0,0,0,0.224561118375697,0,0,0,0,0,0,0.0586905252573453,0,-0.230456063392692,0,0,0,0,0,0,0,0,0,0,-0.355241250004469,0,0,0,0,1.20711489998888,0,0,-0.616816860892844,0.895050383956661,0,0,0,0,0,0,0,0,0,0,0,0,0,-0.650775529607564,0.460804165199496,0,0,0,0,0,0,0,0.55709279752096,0,0,0,0,0,0.889329209563339,0,0,0,0,0,0,-1.03961519098611,0.78239126020424,0,0,0,0,0,0,-0.0133391672228176,0,0,0,-0.100737177033942,0,0,0,0,0,0,0,0,0,0,0,0.0633903481258806,0,0,0,0,0,0,0,-0.620663054922849,1.48701163072064,0,0,0,0,0,0,0,0,-0.606910551549477,-0.04488741474749,-0.821085783675432,0,0,0,0,0,0,0.0130070716649751,-0.796180604421578,0,0,0,0,0,0,0,0,0,0,2.77282043220738,0
0,0,0,0,0,0,0,0,0,0,0,0,0,0,0,0,0,0,0,0,0,0,0,0,0,0,0,0,-0.810146345278168,0,0,0,0,0,0,0.00139553140126836,0,0,0,0,0,0,0,0,0.167399331553401,0,0,0,0,0,0,0,0,0,0,0,0,0,0,0,0,0,-0.0723094495722778,0,0,0,0,0,0,0,0.297842150062972,0,0,0,0,0,0,0,0,0,0,0,0,0,0,0,0,0,0,0,0,0,0,0,0,0.10079224918304,0,0,0,0,0,0,0,0,0,0,0,0,0,0,0,0.101651679401332,0,0,0,0,0,0,0,0,0,0,0,0,0,0,0,0,0,0,0,0,0,0,0,0,0,0,0,0,0,0,0,0,0,0,0,0,0,0,0,0,0,0,0,0,0,0,0,0,0,0,0,0,0,0,0,-0.893066207868594,-0.294972990660854,0,0,0,0,0,0,0,0,0,0,0,0,0,0,0,0,0,0,0,0,0,0,0,0,0,0,0,0,0,0,0
0.0788181432651285,0,0,0,0,0.626482181221647,-4.38756320482896,0,0,0,0,0,0,0,0,0,0,0,0,0,0.464643187319818,0,5.60402354077419,0,0.525099566690504,0,2.53510893208539,0,0,0,0,0,0,0,0,0,0,0,0,0,0,0,0,0.327872461502435,0,-0.556036073551176,0,0,0,0,0,0,0,0,0,0.70333772762519,0,-1.61726203198526,0,0,0,0,0,0,0.159668505006214,0,0,0,0,0,0,0,0,0,0,0,0,0,0,-0.422341111881956,0,0,1.75336374399384,0,0,0,0,0.206351093607949,0,-0.237785366500778,0,0,0,0,0,0,0,0,0,0,0,0.193052482799036,0,0,0,0,0,0,0,0,0,0,0,0,0,-0.11887810462276,0,0,0,0,-0.649388063289481,0,0,0,0,0,0,0,0,0,0,0,-0.306029931802637,0,-1.63605468233297,0,0,0,0,0,0,0.0139069209791116,0,0,0,0,0,0,0.119318049766729,1.16300199207446,0,0,0,0,0,0,0,0,0,0,0,0,0,0,0,0,0,0,1.75519964652627,0,0,0,0,-0.163333265125317,0,0,0,0.0579491615373069,-0.154657859204204,0,0,0,0,0,0,-0.190554798907868,0,0,0,0,0,0,0,0,0.429731051976622,0,0,0,0,0
0,0,0,0,0,0,0,0,0,0,0,0,0,0,0,0,0,0,0,0,0,0,0,0,0,-0.345585838638763,0,0,0.421612424740795,0,-0.0214638875620985,0,0,0,0,0,0,0,0,0,0,0,0,0,0,0.371344434654975,0,0,0,0,0,0,0,0,0,0,0,0,0,0,0,0,0,0,0,0,0,-0.129498230637066,0,0,0.0284004704009431,0,-0.368937962466043,0,0,0,0,0,0,0,0,0,0,0,0,0,0,0,0,0,0,0,0,0,0,0,0,0,0,0,0,0,0,0,0,0,0,0,0,0,0,0,0,0,0,-0.087355575474416,0,0,0,0,0,0,0,0,0,0,0,0,0,0,0,0,0,0,0,0,0,0,0,-0.362095395463564,0,0,0,0,0,0,0,0,0,0,0,0,0,0,0,0,0,0,0,0,0,0,0.156684289654279,0,0,0,0,0,0,0,0,0,0,1.04772784259318,0,0,0,0,0,0,0,0,0,0,0,0,0,0,0,0,0,0,0,0,0,0,0,0,3.18584188749685,0.169756784676125
0,0,0,0,0,0,0,0,0,0,0,0,0,0,0,0,0,0,0,0,0,0,0,0,0,-0.760432629162286,0,0,-0.130332719459507,0,-0.459448125825786,0,0,0,0,0,0,0,0,0,0,1.27362832370312,0,0.32650073421319,0,0,0,0,0,0,0,0.243325309819203,0,0,0,0,-1.50736728924076,0,0,0,0,0,0,0,0,0,0,0,0,0,0,0,0,0,0,0,0,0,0,0.645179444825768,0,0.0425283169253254,0.151405294657635,0,0,0,0.159535653822099,-0.571934911530413,0,0.0326400012515133,0,-0.758578482976043,-0.233127345362184,0,0,0,0,0,0,0,0,0,-0.0738497366089019,0.568091897005515,0,-0.945473861656486,0,0.239834352356392,0,0,0,0,0,0,0,0,0,0,0,0,0,0,0,0,0,0,0,0,0,0,0,0,-0.339939655408681,0,0,0,0,0,0,0,0.209813767367256,-0.118041453675851,0,0.166231186606396,0,0,0,0,0.413969872419888,0,0,0,0,0,0,-1.14488647111229,0,0,0,0,0,0,0,0,0,0,0,0,0,0,0,0,0,0,0,0,0,0,0,0,0,0,0,0,0,0,0,0,0,0,0,0,0,0.00123132938850024,0,0,0,0,0.239435051288113,0.276974363616593
0,1.12674269564155,-0.256661354367942,0,0,0.557711553313274,0,1.4557041704508,0,0,-0.412151880800914,0,0,0.0992236078315616,0,0,0,0,0,0,-1.07053495087,0,0,0,0,-0.434345652131875,0,-0.3666800617802,-0.41610460564708,-0.220431431000499,0,0,0,0,0,0,0,0,0,-0.341448778969455,0,0.76167652544087,0,0,0.933484370009428,0,0,0,0,0,0,0,-0.674638457514948,0,0,0,0,0,0,0,0,0,0,0,0,0,0,0,0,0,0,0,-0.0768620637680986,0,0,0,0,0,0,0,0,0,0,0.0840966084849013,0,0.141318783830594,0,0,0,0,0,0,0,0,0.372905956026404,0,0,0,0,0,0,0,0,0,0,-1.19445221326226,0,0,0,0,0,0,0,0,0.0769984311851393,0.295200887594891,0,0,0.00153190518485213,0,-0.98002998777574,-0.630428056581547,0,-0.0607168894281238,0,0.483646323023679,0,0,0,0,0,-0.120821441439902,0,0,0,0,0,0,0,0,0,-1.07834520424543,0,0,0,0,0,0,0,0.0648494642187361,0,0,0,0,0,0,0,0,0,1.32576288727353,0,0,0,-0.215960345312438,0,0,0,0,0,0,0,0,0,4.36732368708758,0,0,0,0,0,0,0,0,0,0,0,0,0,0,0,-0.552094477197804,-1.1879807053325,0,0,0.083615327138449,0,-0.360198007353467,0,0,0.779806632167804,1.31453364543467
0,0,1.64598961111361,0,0,0,0.0569063921356783,0.045302899177291,0,0.536570431663981,0,0.337641629712174,0,0,0,0,0,0,0,0,-0.483437668880433,0,0.151092628085111,0,0,-1.51143278573076,0,0,-4.12657108112573,0,0,0,0,0,0,0,0,0,0,0.694537260795147,0,0,0,0,2.33149128378766,-2.46096592514056,-0.727932765994327,0,0,0,0,0.356735976115929,0.438280447402381,0,0,0,-2.25156175217178,1.69492337546101,0,1.18220941752917,0,0.917845318867046,0,0,0,0,0,0,0,0,0,0,0,0,0,0,0,0,0,0.116154765899635,0,0,0,0,0,-0.167647417890043,0,0,-1.21887767198321,0,-0.383476723650041,0,0,0,0,0,0,-0.592542295533867,0,0,-0.799049151022475,0,-1.00351275568648,0,-0.951765377088022,1.69991442849618,-2.35361817870034,-0.104046410704464,0,0,0,0,0,0,-0.430242936416189,-1.68932070632406,-0.254471701589963,0,0,0,0,1.78425838103333,0.115530400595564,0,0,0.104356422747598,0,0,0,0,0.116042966776234,0,0,0,0,-0.305162627896217,0,0,0,0,0,0,0,0,0,0,0,0,0,0,0,0,-0.694442538402432,0,0,0,0,0,0,0,0,0,0,0,0,0,0,-2.21243986916433,0,0,-0.135657255112752,0,-1.28363636638185,0,0,0,0,0,0,0,0,0,0,-1.45404216950248,0,0,0,0,0,0,0,0,0,0,-0.152305646115224,0,-0.13011880640587,0.40213527071131,1.51708560062138,0
0,0,0,0,0,0,0,0,0,0,0,0,0,0,0,0,0,0,0,0,0,0,0,0,0,0,0,0.0411949411750074,0,0,0,0,0,0,0,0,0,0,0,0,0,0,0,0,0,0,0,0,0,0,0,0,0,0,0,0,0,0,0,0,0,0,0,0,0,0,0,0,0,0,0,0,0,0,0,0,0,0,0,0.0858222444943142,1.03160023406433,0,0,0,0,0,-0.232146541901196,0,0,0,0,0,0,0,0,0,0,0,0,0,0,0.129290153507626,0.811680528924442,0,0,0,0,0,0,0,0,0,0,0,0,0,0,0,0,0,0,0,0,0,0,0,0,0,0,0,-0.0240517993098019,0,0,0,0,0,0,0,0,0,0,0,0,0,0,0,0,0,0,0,0,0,0,0,0,0,0,0,0,0,0,0,0,0,0,0,0,0,0,0,0,0,0,0,0,0,0,0,0,0,0,0,0,0,0,0,0,0,0,0,0,0,0,0,-0.0881095367808704,0,0,0,0,0
0,0,0,0,0,1.51296157435118,-0.360330675621198,0,0,0,0.0455225658496841,0,0,0.295226716125265,0,0,0,0,2.4227802279144,0,0,0,0.558484332418916,0,0,0,0,0,0,0,0,0.117826249366179,0,0,0,0,0,0.450046762814938,0,0,0,0,0,0.211823526453885,0,0,0.531843463678459,0,0,0,0,-0.194186302220263,0,0,0,0,0,0,0,0,-0.392855985477837,0,3.93892195424594,0,0,0,0,0,0,0,0.135633523610463,0,0,0,0,0,0,0,0,0,0,-0.0386267853429905,0,0,0.304345563249461,-0.130194824177666,0,0,0,-0.522383966442023,0,0,0,0,0.12087080318229,0,0,0,0,0,0,0,-0.0109432789562676,0,0,0,0,0,0,0,0,0,0,0,0,0,0,0,0,0,0,0,-0.0420164502185774,0,0,0,0,0,0,0,0,-0.202121098792811,0,0,0,0,0,0,0,1.19000387552806,0.460323860248794,0,0,0,0,0,0,0,0,-0.370583048835228,0,0,0,0,-0.170180156693611,-0.290516399725894,0,0,0,0,0.480666191448782,0,0.268958818802859,0,0,0,0,0,0,0,0.499920321480247,0,0,0,0,0,0,0,-0.0827127644508181,0,0,0,0,0,0,0,0,0,0,0,0,0,0.19305044875789,0,0,0,0,0,0,0
0,0,0,0,0,0.626783386601804,0,0,0,-0.414407927938546,0,0,0,0,0,0,0,0,0,0,0,0.589762507976975,0,0,0,0,0,0,0,0,0,0,0,0,0,-0.0884055782121071,0,0,0,0,0,0.593508681230535,0,0,-0.912935512625162,0,0,0,0,0,0,0,0,0,0,0,0,0,0,0,0,-0.303500211148051,3.93489313605102,0,0,0,0,0,0,0,0,0,0,0,0.228276532118759,0,0,0,0,0,0,0,0,0.427395283713394,0,0,0,0,0,0,0,0,0,0,0,0,0,0,0,0,0,0,0,0,0,0,0,0,0,0,0,0.0174427508622998,0,0.314890780393483,0,0,0,0,0,0,0,0,0,0,0,0,0,0,0,0,0,0,0,0,0,0,0,0,0,-0.285868628195617,0,0,0,0,0,0,0,0,0,0,0,0,0,-0.084643551200702,0,0,0,0,0,0.106425757360468,0,0,0,0,0,0,0,0,0,0,0.0712875926173531,0,0,0,0,0,0,0,0,0,0,0,0,0.941364713269672,0,0,0,0.742129000421009,0,0,0,0,0,0,0.239624665097148,0,0,0,-0.205356573593634,0.283649554866684
0,0,0,0,0,0,0,0,0,0.431147507052969,0,0,-0.70963099604456,0,0,0,0,0.26724825897513,0,0,-0.104565931763881,0,0,0,-0.192477531550057,0,0.81210842495015,0.525025115232747,0,-0.226613890373311,-1.43235648944581,0,0,0,0,0,0.136628437075076,0,0,0,0,-0.0536554388705697,0,0,0,0,0,0,0,0,0,0,0,0,0,0,0,0,-0.205939560015196,0,0,0,0,0,0,0,0,0,0,0,-0.0826287939030879,0,-0.210325704145423,-0.473437025296535,0,0,0.136729744109566,0,-0.33741864672432,0,0,0,0,0,0,0,0,0,0,-0.598816631577219,0,-1.12704082130781,-0.391284693893786,0,0.164156602213066,0,0,0,0.13708600618279,-1.76785564578075,-2.26767951254607,8.21016684736159,0,0,0,0,0,0,0,0,0,0,0,-0.949187171082679,4.81865673734604,0,0,0,0.273346517742635,0,0,-0.374407489607819,0,0,0,0,0,-2.03160433923127,0.803488353560446,0,0,-0.1510780344256,0,0,0,1.31421593057084,0,0,0,0.233158704949386,0,1.34464221057167,0,0,0,1.36037141203251,0,0,0.0700632702551676,0,0,0,0.111116660892762,0,0,0,-0.721491485661949,-0.914495106683866,-0.146021146292404,0.289832442670968,-0.49184110281154,0,0,0.120778830678276,0,0,0,0,0,0,0,0,-0.0149199241742248,0,0,-3.20248189556987,0,0,0,0,0,0,0,0,0,0,0,0,0,0,0,0,0,0,0,0,0.273170132246695,-1.80766329061816,0,0
0,0,0,0,0,0,0,0,0,0,0,0,-0.228426399789773,0,0,0,0,0,0,0,0,0,0,-0.158750947844915,0,0,0,0,0,0,-0.341929515888969,0,0,0,0,0,0,-0.197361172165531,0,0,0,0,0,0,0,0,0,0,0,0,0,0,0,0,0,0,0,0,0,0,0,0,0,0,0,0,0,0,0,0,0,0,-0.344700134371904,0,0,0,0,0,0,0,0,0,0,0,0,0,0,0,0,0,0,0,-0.628133321678351,0,0,0,0,0,0,-1.46031608220753,-0.840550707413628,5.43335797562377,0,0,0,0,0,0,0,0,0,0,0,-0.0626968137654154,4.24615084957655,0,0,0,0,0,0,0,0,0,0,0.771456296610296,0,-0.830223244407705,0.0780460304211408,0,0,0,0,0,0,1.1602675800281,-0.106486219377767,0,0,0,0,0,0,0,0,2.83508095828724,0,0,0,0,0,0,0,0,0,-0.111138853553183,0,0,0,0,0,0,0,0,0,0,1.63953301388924,0,0,0,0,0,0,0,0,-3.09040629377197,0,0,0,0,0,0,0,0,0,0,0,0,0,0,-0.163894963905618,0,0,0,0,0,0,-1.1358665242281,0,0
0,0,0,0,0,0,0,0,0,0,0,0,0,0,0,0,0,0,0,0,0,0,0,0,0,0,0,0,0,0,0,0,0,0,0,0,0.119143670528756,-0.396446735132941,0,0,0,0,0,0,0,0,0,0,0,0,0,0,0,0,0,0,0,0,0,0,0,-0.747290197318319,0,0,-0.195177678923875,0.621377219823195,0,0,0,0,0,0,0,0,0,0,0,0,0,0,0,0,0,0,0,0,0,0,0,0,0,0,-0.326460368188675,0,0,0,0,0,1.75914433890949,-0.940167290145795,-0.516656251025284,2.95469518487977,0,0,0,0,0,0,0,0,0,0,0,0,2.02008669795609,0,0,0,0,0,0,0,0,0,0,3.00778539390048,0,0,0,0,0,-0.108328905692922,0,0,0,0.641946250205501,0,0,0,0,0,0,0,0,0,3.93116304878955,0,0,0,0,0,0,0,0,0,0,0,0,0,0,0,0,0,0,0,0,1.51725463475869,0,0,0.885457043969703,0.374318969613403,0,0,0,0,-2.10162347163867,0,0,0,0,0,0,0,0.586161150915117,0,0,0,0,0,0,-0.858826526926528,0,0,0,0,0,0,0,0,0
0,0,0,0,0,0,0,0,0,0,0,0,-0.17413154268334,0,0,0,0,0,0,0,0,0,0,0,0,0,0,0,0,0,0,0,0,0.504572556879092,0,0,0,-0.394110630883937,0,0,0,-0.0697529750801094,0,0,0,0,0,0,0,0,0,0,0,0,0,0,0,-0.110422065281145,0,0,0,-0.789444371627114,0,0,-0.0411042963406094,0.98646994388924,0,0,0,0,0,0,-0.444015715745137,0,0,0,0,0,0,-0.0212749566589867,0,0,0,0,0,0,0,0,0,0,0.0297597555681242,0,-0.571121968590698,0,0,0,0,0,1.55961625510279,-0.794525827441304,-0.741925642296722,3.72494035252956,0,0,0,0.204208849626868,0,0,0,0,0,0,0,0,2.10523132232804,0,0,0,0,0,0,0,0,0,0,3.72698487463851,0,0,0,0,0,0,0,0,0,1.40693224566214,0,0,0,0,0,0,0,0,0,3.48679877667378,0,0,0,0,0,0,0,0,0,0,0,0,0,0,0,0,0,0,0,0,1.66887758592021,0,0,0.762952894190351,0,0,0,0,0,-3.8099148911839,0,0,0.164247190453272,0,0,0,0,0.300058514328342,0,0,0,0,0,0,-0.824691435236725,0,0,0,0,0,0,-0.118639111159134,0,0
0,0,0,0,0,0,0,0,0,0,0,0,-0.755005342350279,0,0,0,0,0,0,0,0,0,0,0,0,0,0.581971819780903,0,0,0,-0.927854511674918,0,0,1.2835802724536,0,0.0845738688933206,0,0,0,0,0,-0.0480894250150543,0.035050279516899,0,0,0,0,0,0,0,0,0,0,0.237589524617401,0,0,0,0,-0.123877059728965,0,0,-0.116270171958193,0,0.406744372456436,0,1.24968452245079,0,0,0,0.00715540418736538,0.0132024060069778,0,-1.04209829162784,0,0,0,0,-0.0182002012979237,0.0603436913978943,0,0,0,0,0,0,0,0,0,0,0,0,0,-0.303878480727031,0,0,0.385010077143253,0,0,2.31025022990116,-0.179106773453862,-0.600352024790161,4.62363045010991,0,0,0,1.16045699318225,0,0,0,0,0,0,0,0,0.758754352142385,0,0,-0.0142671334164473,0,0,0,0,0,0,0,4.78736874216002,0,0,0,0,0,0,0,0,0,0.538415536498948,0,0,0,0,0,-0.362859575690803,0,0,0,2.15699966045911,0,0,0,-0.814403548806341,0,0,0,0,0,0,0,0,0,0,0,0,0,0,0,0,1.64044382605566,0,0,1.06910047976231,0,0,0,0,-0.0960240534181886,-2.53183741494038,0,0,0,0,0.471967665383231,0,0,0,0,0,0,0,0,0,-0.298076962370199,0,0,0,0.023885537306874,0,0,-1.12925537416359,0,0
0,0,0,0,0,0,0,0,0,0.0979145762449229,0,0,-0.464000971342351,0,0,0,0,0,0,0,0,0,0,0,0,0,0,0,-0.227764324945719,0,0,0,0,0,0,0,0,0,0,0,0,0,0,0,0.105617290140836,0,0,0,0,0,0,-0.136559206839299,0,0,0,0,0,0,0,0,0,-0.513104774491452,0,0,0,0,0,0,0,0,0,0,0,0,0,0.0330314536364615,0,0,0,0,0.342886332815076,0,0,0,0,0,0,0,0,0,0,0,0,0,0,0,0,0,0,0,0,2.90374978163195,0.0424537935303839,0,0,0.0134583594595126,0,0,0,0,0,0,0,0,0.545025842516485,0,0,0,0,0,0,0,0,0,0,3.09773933636294,0,0,0,0,-0.288312787797258,0,0,0,0,0,-0.236435952313795,0,0,0,0,0,0,0,0,0,0,0.356548341170064,0,0,0,0,0,0,0,0,0,-0.910339631585439,0,0,0,0,0,0,0,0,0,0,0,0,0,0,0,0,0,-1.20526572910097,0,0,0,0,0,0,0,0,0,0,0,0,0,0,0,0,0,0,0,0,0,-0.628825365245908,0,0
0,0,0,0,0,0,0,0,0,-0.726154618146862,0,0,-0.221440295613668,0,0,0,0,0,0,0,0,0,0,0,-0.370917372865048,0,0,0,0,0,0,0,0,0,0,0.234546383703866,0,0,0,0,0,0,0,0,0,-0.0194329941509335,0,0,0,0,0,0,0,0,0,0,0,0,0,0,0,0,0,0,0,0,0,0,0,0,0.147384881932218,0,0,0,0,0,0,0,0,0,0.188908455300137,0,0,0,0,0,0,0,0,0,0,0,0,0,0,0,0,0,-0.76679521415314,0,0,0,0,0,0,0,0,0,0,0,0,0,0,0.174526594174872,0,-0.22645640200817,0,0,0,0,0,0,0,0,0,0,3.82676162501821,0,0,0,-2.46436621747943,0,0,0,0,0,-0.231997377182348,-0.0627942329881348,0,-0.0739098059528229,0,0,0,0,0,3.95413373970719,0,-0.310431846513954,0,0,0,0,0,0,0,0,0,0,0,-0.233382626265581,-1.71634249839028,0,-0.284036445705189,0,0,0,-0.0759943400471279,0,0,0,-0.0437943451150318,0,0,0,0,0,0,-0.255089259875424,0,0,0,0,0,0.428496338649304,0,0,0,-0.304269423466248,0,0,0,0,0,0,0,0,0.464061999968645,0,0,0
0,0,-1.86304579347242,0,0.147575595520167,0,0,0,-0.392926841219141,0,1.01187659518581,0,-0.174478690314477,-0.326586338014032,0,0,0,0,0.719956868901199,0,0,0,0,0.0534349718813738,-3.50138146771393,0,0,1.33274176973019,0,0,0,0,0,0,0,0,0,1.69291659312896,0,0,0,-0.725431167706678,2.51004170184841,0,0,0.136152050886376,0,0.024385070193927,0,0,0,-1.1297874511954,0,0,0,0,0,4.29174673999748,0,-0.212785342176483,0,0,0,0,0,-0.15257320747512,-0.0990350065404626,0,-0.318353738805697,0,0,0,0,0,-0.11471471774828,0,0,0,0.883520047074909,-0.138230631938989,0.274562645351834,0,0,0,0,0,0,0,0,0,0,0,0,0,0,-0.035743487002545,0,0,0,0,0,0.614077308365916,0,0,0,0,0,0,-1.95834328080144,0,0,1.42059081819574,0,0,0,-3.49381675669957,-0.0483601628878811,0.097717563402721,0,-0.0250768837810569,-1.90101491240568,0,0,0,0,0,1.97945823776265,0,-1.10798603063488,0.831829988207521,-1.05832026113537,-1.11432442709677,-0.411360258293332,0,0,0,0,0.0672029701533203,0,-0.405246607573802,0,0,0,0,0,0.445258520623843,0,0,0,0.961923112604008,-0.480763439305797,0,0,0.445422105183692,-0.0820746685781026,0,0,0,0,0,0,0,0,0,0,0,-0.48529368684958,0.0956581414456312,0,0.35928171902527,0,0,0,0.0370971233541246,0,0,0,0,0,0,0,0,0,0,0,0,0,-0.43334513463757,0,0,0,0,0.610848849794322,0,1.81309657219295,-4.1084170475903,0,0,0,0
0,0,0,0,-0.239862608750728,-1.76828115374115,0,0,0,0,-1.6211781771656,0,0,0,-0.0271789230717423,0,0,-0.0525121082549576,0,0.259371660558737,0,0,0,0,0,0,0,0,0,0,0,0,0,-0.76809649906978,0,0,-1.34184297220235,0,0,0,0,0,0.040192175344778,0,0,0,0,0,0,0,0,0,0,0,0,0,0.215119769978901,-0.145222544995614,0,0,0.67758550300784,0,0,-0.993653355592346,0,0,0.159742185839335,0,0,0,0,0,0,0,0.69542398497087,0,0,0,0,0.719930138782573,0,0,0,0,0,0,0.241775581787538,0,0,0,0,0,0,0,0,0.0362804013181941,0,0.617874714273824,0,0,0.371308929866664,0.759785727340673,0,0,0,0,0,0,0,0,0,0.0423786847317715,0,0,-0.307759400304807,0,0,0,0,0,0,0,1.27530695945286,0,0,-0.830168355946469,-0.678362659509493,0,0,0,0,0,0,0,0,0,0,0,0,1.12055396758983,0,-0.467646687788378,0,0,0,0,0,0,0,0,0,0,0,0,0.781402453883008,0,0,0,0,0,0,0,0.993860052860784,0,0,-0.213841240731202,-0.788077702067106,0,0,0,0.0165363142416544,0,0,0,-0.504203777335009,0,0,0,0,0,0,-0.166956225445365,0,0,0,-0.266196870429155,0.77991702269322,0,0,-0.0879249093890544,-1.42179614562151,0,0,0,0,0,0,-0.128614379564781,-0.421129640028614,-1.5189796167955
0,0,0.148578562824787,0,-0.207853365758549,0,-0.53235456777758,0,-0.53852569679553,0,0,0,0,0,0,0,0,0,0,0,0,0,0,0,0.539859698835126,0,0,0,0,0,0,0,0,-0.850716118020985,0,0,-0.858571210818801,0,0,0,0,0,0.312351581695644,0,0,0,-0.35311979555631,0,0,0,0,0,0,0,0,0,0,0,0,0,0,0,-0.0243240772748403,0,0,0,0,0,0,0,0,0,0,0,0,0,0,0,0,0,0,0,0,0,0,0,0.0202448414957892,0,0,-0.0210548152913965,0,0,0,0,-1.23719393391311,0,0,0,0,0.200953233704093,0.195257192863733,0,0,0,0,0,0,0,0,0,0,0,0,0,0,0,0,0,0,0,0,1.57435794951373,1.48166666423034,0,0,0,0,0,0,0,0,0,-0.235993368930555,0,0,0,0,0,0,0,0,-0.651282600663998,0,0,0,0,0,0,0,0,0,0,0,0,0,0,0,0,0,0,0,0,0,0,0,0,-1.58967025485229,0,0.242389410214609,0,0,0,0,1.66474657789092,-0.750152376560638,0,0,0,0,0,0,0,0,0,0,0,0.429097797430498,0,0,0,-0.651864684267709,0,0,0,0,0,0,-0.898228627494106,0,-0.609672087916573
0.0312611829261806,0,0.649927057718481,0,0,0.464897756476561,0,0.00624860286489559,0,0,0,0,-1.67323028629993,-1.53331495020384,0,0,0.733743858522357,0,0.442627150557531,0,0,0.175127493720322,0,0,1.10619900124625,0.179991578139922,0,0,-0.165696039629365,0,-0.830669808676333,0,0.0188554816125532,0,0,0,-0.681711991332204,0,0,0,0.398917921627319,0,0,0,0,0,0,-0.258883734558741,0,0.253985443562968,0,0,0,0,0,0,0,2.33201807254975,0,0,0,0,0,0,-0.766450343592864,0,-3.71069448928522,0,0,0,0,-5.99154649945622,0.252261203327341,0,0,2.11073105026594,0,-0.320421630589571,0,0.282170233597465,0,0,0,0.580881106288534,0,0,0,-1.24796059668142,-0.154331833824983,-0.525058742170887,0,0,-1.93080080539286,-0.160973688836466,0,0,0,0,0,-0.891911721144182,0.833190024865041,0,2.74001631827051,-4.19063293851076,0,0,0,0,1.27302733380027,0,0,0,0,0,0,0,0,-1.30346387785716,0,4.0311583100632,0,-0.0947825314493866,0,0,0,0,0,0,0,0,3.12941521792456,0,0.957719329668675,0,1.68513759923649,-0.0199584735384022,0,0,-0.578771368363506,0,0,0.165125687026722,0,0,0,0,0,0.913080494504483,0.691329909558938,0,0,0,0,2.06812014960436,0,0,0,-0.285227479066249,0,1.11171140783793,-2.24021238593049,0,-0.558461453776509,0,0,0,-4.18635036838905,0,0,0,0,0,0,0,0.799715009629644,0,0,0,-1.73368989737423,0,-0.839318037154113,0,0,0,0,-0.0691912017052974,1.33033202969613,0,0,0.39206412233673,0,-0.89476698130838,0,0,3.23062050308216,0,0,0.413110814633814,0,0
0,0,0,-0.102898456638719,0,0,0,-0.343400335316388,0,8.74473547279783,0,0,-1.71331970365209,-1.06770622338415,-0.185195976932991,0,0,-0.99135132186125,0,0,-0.627733066092883,0,0,0,-3.46170809684498,0,0,-2.712945221383,0.172593370696881,0,0,0,0,-2.16816855474902,0,0,0.542914039833915,0,0,-0.323363888828382,0,-0.88291486249535,0,0,0,0,1.88334906943848,0,0,0,0,-1.18124908142586,0,-4.58710403653244,0,0,1.28413676868754,0,-0.697951395081546,0,0,-1.53135542117961,-0.396737436922884,0,1.86600368036967,0,0.342192116740416,0,0,0,0,10.5111347400637,0,0,0.373390660382106,-1.18070192506667,0,0,0,0,0,0,2.12007025936307,1.90475672295451,0,0,0,0,3.87097932151522,0,0,-0.811795070872083,0,0,3.75608911259893,-1.97560201548886,0,-0.0444978467587374,0,0,0,0,0.990304540772747,0,1.00056025824524,9.26787360307886,0,2.59689336820062,-1.70903006277615,-0.75923838393153,0,0,0,0,0,0,1.29522940388298,0,0,0.626973264968796,-0.194705494280772,0,0,0,0,0,-3.03845802420193,0,-0.895579181721436,0,-8.35102343018377,0,0,0,0,0.445032290718667,-0.445558267200211,0,0,0,0,0,0,0,0.255668246084624,0,0,0,-2.4056350530368,0,-0.667424598116947,0,-0.568041853203413,0,0,0,0,0,0,0,0,0,2.11354084258029,0,0,0,0.0208618603031927,0.41571583856858,0,0,0,0,0,-1.01872396139856,-0.165510186983243,-0.29192978857971,0,8.07522132361622,0.532424233904311,-1.97970483490961,0,0.142952366705964,0,-1.28085347294495,2.97871118580059,1.76952912217029,-0.368362384389419,0,0,-3.15659136147224,0,0.49550749392124,0.773040736906764,0,0,0,0,0,0,0
0.837881181732659,0,0,0,0,0,-0.472682363751985,0,-0.277284124571564,0,0,0,0,-0.696055214172744,0,0,0,0.694337082254,-0.134251729991847,0,0,0,0,0,0,0.117649335374266,0,0,0,0,0,0,0,0,0,0,0,0.00627515111203758,0,0,0,0,0,0,0,0,0,0,0,0,0,0,0,0.333264787280175,0,0,0,0,0,0,-0.00973863845849543,0,0.0284480895332986,0,0,0,0,0,0,0,0,0,0,0,0,0,0,0,0,0,0,-0.0191344092608812,0,0,0.144028523013298,0,0,0,0,0,0,0,0,0,0,0,0,0,-0.0515091583534901,0,0,0,0,-0.35965925458861,0,0,0,0,0,0,0,0.273107079689891,0,0,0,-1.0231520161713,0,0,0,0,-0.305575244800973,0,0,0,0,0,1.09932823054313,0,0,0,-0.149169092978094,0,0,0,0.174703581364266,0,0,8.21645259454407,0,0,0,0,0,0,0,0,0,-0.174530865377592,0.14772523682319,0,0,0,0,0,0,0,0,0,0,-0.135241008952831,0,0,-0.885124825581165,0.693434843094846,0,0,0,0,0,0,0,0,0,0,0,0,0,0,0,0,0,0,0,0,0.337386677913218,0,0,0,0,0,0.428122680291836,0,0,0,0,0,0,-0.105920995938917,-0.235258753772865,0
0,1.032545812639,0,0,-0.98752333667562,0,0,-1.76678623581799,0,0,-0.824444533054048,0,0,0,0,0,0,0,0,0,0,0,0,0,0,0,-1.57977527960985,0,0,0,0,0,0,0,0,0,0,0,0,0,0,0,0,0,0,0,0,0,0,0,0,0,0,0,0,0,0.00641488479777963,0,0,-0.364587659597273,0,0,0,-1.10422291378056,0,0,0,0,0,0,0,0,0,0.901712140011317,0,0.112201740740612,0,0,0,0,1.91537581413726,0,0,-2.42036321567653,0,0,0,-1.20986375359832,0.182378703587754,0.528544455509656,0,1.27209020147697,0,0,0,0,0,0,-1.37820726435609,-0.587602236238885,0,0,0,0,0,0,0,0,1.02534860931903,0,0,0,-0.0929820710907938,0,-0.147382197100087,0,0,0,0,0,0,0,0.795502775485562,0,0,0,7.04646691697151,0.00501294456859092,-0.895485768084999,0,-0.0814483653535127,0,0,0,0,0,0,0,0,0,0,0,0,0.316908062877411,0,9.04799516698028,0,0,0.406654279905826,0,0,0,-1.04951991610821,0,-0.176306755732944,0,0,0,0,0,-0.528593860916152,0.508295500535583,0.215011424411526,0,0,0,0,0,0,0,0,0,0,0,0,0,0,0,0,0,0,0,0,0.132478600937172,0,0,0,-0.613497015670026,0,0,0,0,0,0,0,0,0,1.78685949468501,0,-0.228587832739309
3.56354239006218,0,0,0,0,0,0,0,0.507170325556761,0,0,0,0,0,0,0,0.244583593490902,0,0,0,-0.157677345502023,0,0,0,0,0,0,0,0.0300290607288733,0,0.694311371516664,0,-0.0638151452087836,1.10729488734522,0,0,0,0,0,0.00873128036405824,0,0,0,0,-0.141945214869032,0,0,0,0,0,0,0,0,0,0,0,0,0.125892020559018,0,0,0.485349127072725,0,0,0,-0.206576097464653,0,0,0,0,0,0,-0.217920497220132,-0.282420820184627,0,0,0,0,0,0,0,0,-0.183080166185482,-1.05944003404301,0,0,0,0.400169585110994,0,0,0,0,0,0,0,-0.665205384390135,0,0,-0.0995427317325372,-1.02289537216617,0,0.0221442477431251,0,1.21895203724566,0,-0.00245059170773576,1.75389302024344,0,0,0.305324081256798,-0.613080455586605,0,0,0,0,0,0,0,0,0,0,0,0,-0.248598633593655,0,0,0,0,0,0,0,0,0,0,0,0,0.514073476131354,0,0,2.77653652523608,0.455600965210046,0,0,0.0144168608655606,0,0,0,0,0,0,0,1.2939027768659,0.0170714845304487,0,0,0,0,0,0,0,0,0,0,1.5285807187259,17.7673541873306,0,0,0,0,0,0,0,0,0,0,0,1.01438532934109,-0.560179508051806,0.0469896742519156,0.087951246181819,0,0,0,0,0.567794739560703,0,0,0,1.31518371738283,0,0,0,-0.519981579386005,0,0,0,0,0,0,0,0
3.53472077669454,0,-0.293461552852176,0,0,0,0,0,0,0,0,0,0,0.449155192001079,0,0,0,0,0,0,-0.273207468336133,0,0,0,0,0,0,0,0,0,0,0,-0.275116408154274,0,0,0,0,-0.0890652372799676,0,0,0,0,0,0,0,0,0,0,0,0,0,0,0,0,0,0,0,0,0,0,0.721477060881771,0,0,0.0426704124143464,0,0.119816254417418,0,0,0,0,0,0,-0.186588972581873,0,0,0,0,0,0,0,0,0,0,0,0,0,0,0,0,0,0,0,0,0,0,0.428594307171323,0,0,-0.00657371716167621,0,0,0,0,0,0,0,0,0,0,0,0,0,0,0,0,0,0,0,0,0,0,0,0,0,0,0,0,0,0,0,0,0,0,0,0,0,0,0,3.08364269400116,0,0,0.119385175444851,0,0,0,0,0,0,0,0,0,0,0,0,0,0,0,0,0,0.412837326263461,0,0,0,16.7280700587335,0,0,0,0,0,0,0,0,0,0,0,0,0,0,0,0,0,0,0,0,0,0,0,0,0,0,0,0,0,0,-0.0422631688188861,0,0,0,0,0
1.87366931638778,0,0,0,0,0,0,0,0,0,0,0,0,0,0,0,0.112584839140424,0,0,0,0,0,0,0,0,0,0.540526550297435,0,0,0,0,0,-0.622295675834554,0.072594761918835,0,0,0,0,0,0,0,0,0,0,0,0,0,0,0,0,0,0,0,0,0,0,0,0,0,0,0.910375424674729,0,0,1.34923362562561,0,0.454606693648354,0.0152134372584665,0,0,0,0,0,-0.426222261207412,0,0,0,0,0,0,0,0,0,0,0,-0.0529537524103996,0,0,0,0,0,0,0,-0.658320172463815,0,0,0,0,0,0.227834001160409,0,0,0,0,0,0,0,0,0,0,0,0,0,0,0.0476733781578542,0,0,0,0,0,0,0,0,0,-0.303447307350244,0,0,0,0,0,0,0,0,0,0,0,0,0,0,3.79161099780657,0,0,0.250703310216123,0,0,0,0,0,0,0,0,0,0,0,0,0,0,0,0,0,0,0,0,0,14.9256095946269,0,0,0,0,0,0.264018849885088,0,0,0,0,0,0,-0.807005479874154,0,0.180442859594609,0,0,-0.23499855562764,0,0,0,0,0,0,0,0,0,0,0,0,0,0,0,0,0,0
0,0,0,0,0,0.0479765371811318,0,0,0,0,0,0,0,0,0,0,0,0,0,0,-0.0790752673662307,0,0,0,0,0,1.91532570070422,0,0.527204512389258,0,0,0,-0.752233349533722,0,0,0,0,0,0,0,0,0,0,0,0,0,0,0,0,0,0,0,0,0,0,0,0,0,0,0,0.0499504420312711,0,0,1.07391628363628,0,0,0.19452349166363,0,0,0,0,0,-0.225663647629648,0,0,0.46622274634297,0,0,0,0,0,0,0.227583178163105,0,-0.352347727373904,0,0,0,0,0,0,0,-1.36605134271898,0,0.234220334754666,1.43060695447355,0,0,0,0,0,0,0,-0.000918875229701799,0,0,0,0,0.260647883237645,0,0,0,0,0.0218135914247795,-0.530539851806716,0,0,0,0,0,0,0,0,-0.616426091781988,0,0,0,0,-0.0226495414227732,0,0,0,-0.0440089126796119,0,0.267891959814391,0,0,0,4.51749527809164,0,0,1.05890840333088,0,0,0,0,0,0,0,0,0,0,0,0,0,0,0,0,0,0,-0.263746084222821,0,0,13.3301405467357,0,0,0,0,0,0,0,0,0,0,0,-1.14988772539123,-0.0418162241897562,0,0.66344772111819,0.582107717801118,0,0,0,-0.0444139572619278,0,0,0,0,0,0,0,0,0,0,0,0,0,0,0,0
0,0,0,0,0,0,0,0,0.194746299606,0,0,0,0,0,0,0,1.54748887344889,0,0,0,0,0,0,0,0,0,0,0,0,0,0,0,0,0,0,0,0,0,0,0,0.879156549153215,0,0,0,0,0,0,0,0,0,0,0,0,0,0,0,0,0,0,0,0,0,0,0,0.0900113394906372,0,0,0,0,0,0,0,-0.00822720495953821,0,0,20.7583442709269,0,0,0,0,0,0,0,0,0,0,0,0,0,0,0,0,0,0,0,0,0,0,-0.400559840220031,0,0,-0.27257020020524,1.95124368276176,0,0,0,0,0,0,0,0,0,0,0,0,0,0,-0.766010907851235,0,0,0,0,0,0,0,0,0,0,0,0,0,0,0,0,0,0,0,0,0,0,-0.909300778561067,0,0,0,0,0,0,0,0,0,0,0,0,0,0,0,0,0,0,0,0,0.381766724845812,0,0,0,0,0,0,0,0,0,0,0,0,0,0,0,0,0,0,0,0.170274301265785,0,-0.0666033780800837,0,0,0,0.576422963190167,0,0,0,0,0,0,0,0,0,-0.955691805987072,0,0
0,0,0,0,0,0,0,0,0,0,0,0,0,0,0,0,1.57109268304807,0,0,0,0,0,0,0,0,0,0,0,0,0,0,0,0,0,0,0.115409869131429,0,0,0,0,0.430618372656395,0,0,0,0,0,0,0,0,0,0,0,0,0,0,-0.423276064951087,0,0,0,0,0,0,0,0,0,0,0,0,0,0,0,0,0,0,0,21.5438653580232,0,0,0.364491431870497,0,0,0,0,0,0,0,0,0,0,0,0,0,0,-0.0676341087436958,-0.138655972550966,0,0,0,0,0,0,0,0.524108463797764,-0.864030642759852,0,0,0,0,0,0,0,0,0,0,0,0,0,0,0,0,0,0,0,0,0,0,0,0,0,0,0,0,0,0,0,0,0,0,0,0,0,0,0,0,0,0,0,0,0,0,0,0,0,0,0,0,0,0,0,0,0,0.472100655831166,0,0,0,0,0,0,0,0,0,0,0,0,0,0,0,0,0,0,0,0,0,0,0,0,0,0.411894518047132,0,-0.195080421700774,0,0,0,0,0,0.241347775357365,0,0,0,0
-0.00499686205193095,0,0,0,0,0,0,0.843326975889298,0,0,0,0,0,0,0,0,1.22524930734195,0,0,0.414320833700123,0,0,0,0,0,0,0,0,0,0,0,0,0,0,0,0,0,-0.124235045234259,0,0,0,0,0,0,0,0,0,0,0,0,0,0,0,0,0,-0.935794203994196,0,0,0,0,0,0,0,0,0,0,0,0,0,0,0,0,0,-0.131176226305488,0,20.9681973306894,0,0,0,0,0,0,0,0,0,0,0,0,0,0,0,0,0,0,0,0,0,0.0958895953515353,0,0,-0.0433543042711155,0,0.116623448183058,0,0,-0.202272064609815,0,0,0,0,0,0,0,0,0,0,0,0,0,0,0,0,0.372305835742882,0,0,0,-0.334348728820418,0,0,0,0,0,0,0,0,0,0,0,0,0,0,0,0,-1.69250900966905,0,0,0,0,0,0.362537022299386,0,0,0,0,0,0,0,0,0,0,0,0.200835056453957,0,0,0,0,0,0,0,-0.506631597263991,0,0,0,0,0,0,0,0,0,0,0,0,0,0,0,0.857180914422983,0.226906250270628,-0.00209330842945454,0,-1.37951627597564,0,0,0,0,0,0,0,0,0,0
0,0,0,0,-1.65064917784712,0,0,0,0,0,0,0,0,0,0,0,0,0,-3.59477502792226,0.323976236013426,0,0.0694552714382373,0,0,0,-0.0727771204562602,0,0,0.210846583495011,0,0,-0.0827814195105063,0.0778184288893389,0,-0.059104282360692,0,0,0,0,0,0.429089871796213,0,0,0,0,-0.0314719089588902,-0.0623522509354246,0,0,0,0,0,0,0.437697896050636,0,0,0,1.66007383473158,0,0,0,0,0,-0.250770450316792,0,0,0,0,0,0,-0.598084119871352,0,0,0,0.408990384370394,7.17998554294785,0,0,0.0526328866735204,0,0,0,0,0,0,-1.88205840212578,-0.00290277443228182,0.737034029673095,0,0,-0.0520905294765179,0,0,-0.5193523320773,0,0,0,0,0,0,0.437252314713955,0,-0.530538625953272,0.575783716332498,0,0,-4.7321298283687,0.990243758752745,0,-1.06306718945077,0,1.44859957888788,0,0,0,0,0,-0.0296587419876191,0,0,0,0,0,0,0,0,0,0,0,0,0,0,0,0,0,0.00810109971737827,0.796235476778576,0,0,0,2.36198566011078,0,0,-0.134560134686652,0,0,0,0,0,0,0,0,0.2117120277015,0,0,-0.303822480523019,0,0,0,0,0,0,0,0,0,0,0,0,0,1.2420122716368,0,-0.784218068861503,0,0,0.991350115634996,0,0,0,0,0,0,0,0,0,0,1.07966585921376,0,0,0,0,0,0,0,0,0,0,0,0.618580390866564,0.327647405953972,0
0,0,0,0,0,0.232233893056811,0,0,0.488589497412284,-0.29905691071459,0,0,0,0,0,0,0,0,1.69338207145303,0,0,0,-0.0428779652927471,0,0,0,0,-0.670765252513744,0,0,0,0,0,0,0,0,0,0,0,0,0,0,0.335175042622296,0,0,0,0,0,0,0,0,0,0,0,0,0,0,-0.0106670254733987,0,0,0,0,0,0,0,-0.764317375215233,0,0,-1.03659259081582,0,-0.323094942049668,0,0,0,0,0.56345516120621,0,0,1.10741325378648,0,0,0,0,0,0,0,0,0,0,0,0,0,0,0,0,0,0,0,0,0,0,0,0,0,0,0,0,0,0,0,0,0,0,0.148877697413276,0,0,0,0.567834792273171,0,0,0,0,0,0,0,0,1.86671496507267,0,0,0,0.644715543665135,0,0,0,0,0,0,0,0,0.0230577611139489,0,0,0,0,0,0,0,0,0,0,0,0,0,0,0,0,0,0,0,0,0,0,0,0,0,0,0,0,0,0,0,0,-0.595111332128026,0,0,0,0,0,0,0,0,0,0,0,0,0,0,0,0,-0.221944226946267,0,0,0,0,0,0,0,0,0,0
0,0,0,0,0,0.788022972207175,0,-0.336401361537815,0,0,-0.0790618637068168,0,0,0,0,0,0,0,5.33816633801615,0,0,0,0,0,-0.176847290205031,0,1.23906865615056,-2.69336776962827,0,0,0,0,0,0,0,0,0,0,0,0,0,0,0.581746288347896,0,0,0,0,0,0,0,0,0,0,0.129091801314878,0,0,0,-1.08106403303769,0,0,0,0,0,0,0,-3.7745885768848,0,0,-0.557418579715845,0,0,-0.0369650155147496,0,0,-0.547383122400612,0.684997749365302,0,0,0,-0.337972897485968,0,0,0,0,0,0.545657447628706,0,0,0,0,0,-1.04876137417067,0,0,0,0,0,0,0,0,0,-0.369084142672874,0,0,0,0,0,0,0,0,0,0,0,0,0,0.0900049346741751,0,0.0583955169050432,0,0,0,0,0,0,0,0,0.128878132532992,-0.291813532119745,0,0,0,0,0,0,0,0,0,0,0,0,0,0,0,0,0,0,0,0,0,-0.0199944000403729,0,0,0,0,0,0,0,0,0,0,0,0,0,-0.487708288452045,0,0,0,0,0,0,0,0,-1.04170890825776,0,0,0,0,0,0,0,0,0,0,0,0,0,0,0,0,-0.0726005589184497,0,0,0,0,0,0.0733356791055568,0,0,0,0
0,0,0,0,-2.84605647495099,0.310849004224602,-0.241116652124381,0,0,0,0,0,-0.414346302791815,0.209039264117358,0,0,0,0,3.78379711313701,-0.0236618898521117,0,0,0,0,0,0,0.400426538949419,-0.538558941480686,0,0,-1.41627084395857,0,0,0,0,0,0,0,0,0,0,-0.258099401812497,0,0,0,0,0,0,0,0,0,0,0.104903454084081,0,0,0,0,-0.158601742683925,0,0.35413096585749,0,0,0,0,0,0,0,0,0,0,0,0,0,0,0,0,0,-0.584811928078134,0,-0.44228292323174,0,0,0,0,0,0,0,0,0,0,0.0515201736829738,0,0,0,0,0,0,0,-0.102819615999995,-0.0356088752182584,0,0,0,0,0,0,0,0,0,0,0,0,0,0,0,0,0,0,0,0.0143794412279754,0,0,0,0,0,0,0,-0.95832037400402,0,-0.375868762245498,0,-0.0961473335222862,0,0,0.236515430062277,0,0.398029908810665,0,0,0,0,0,0,0,0,0,0,0,0,-1.11597526359034,0,0,-0.0318850515549001,0,0,0,0,0,0,0,0,0,0,0,0,0,0,0,0,0,0,0,0,0,0,0,0,0,0,0,0,0,-0.244761432030155,0,1.7787604501931,0.00352456746759611,0,0.788085910075665,0,-0.0886217954130668,0.0302295054212991,0,0,0,0,0,0,0,0,0
0,0,0,0,-1.72057499087603,0,0,0,0.36774328567061,1.0170437867207,0,0,-0.1098700202277,0,0,0,0,0,0.136739788310266,0,0,0,0,0,0,0,0,0,0,0,0,0,0,0,0,0,0,0,0,0,0,-0.803395053630006,0,0,0,0,0,0,0,0,0,0,0.76985990579393,0,0.115093145607101,0,0,0,0,0,0,0,0,0,-0.14237012970009,-0.125957385062453,0,0,0,0,0,0,0,0,0,0,0,0,0,-0.297537708612061,0,0,0,0,0.0601952076673502,0,0,0,0,0,0,0,0,0,-0.154641864711477,0,0,0,0,0,0,0,0,0,0,0,0,0,0,0,0,0,0,0,0,0,0,0,0,0,0,0,0,0,0,0,0,0,0,0,0,-0.40137322074476,0,0,0.848803211466962,0,1.19577539348177,0,0,0.0532695744255365,0,0,0,-1.34717235553994,0,0,0,0,0,-0.190807651802029,0,0,0,0,0,0,0,0,0,0,0,0,0,-0.460692086746199,0,0,0,0,0,0,0,0,0,0,0,0,0,0,0,0.198181278741339,0,-0.0494171336674969,0,0,0.249910541067626,0,0,0,-0.0367018258049681,0,0,0,0,0,0,0,0,0,0,0.136861304205827
0,0,0,0,-1.61876942252037,0,0,0,0,0.818421559138853,0,0,-0.60607734997703,0,0,0,0,0,0,-0.307035058552008,0,0,0,0,0,0,0,0,0,0,0,0,0,0,0,0,0,0,0,0,0,0,-0.0887566596589995,0,0,0,0,0,0,0,0,0,0.253273535334021,0,0.159813107965678,0,0,0,0,0,0,0,0,0,0,0,0,0,0,0,0,0,0,0,0,0,0,0,0,-0.629798518482905,0,0,0,0,1.23510726942511,-0.241607187014222,0,0,0,0,0,0,0,0,-0.993536107239775,0,0,0,0,0,-0.251788998867008,0,0,0,0,0,0,0,0,0,0,0,0,0,0.687486151104627,0,0,0,0,0,0,0,0,0,0,0,0.227980903050056,0,0,0,0,0,0,0,0.387139564339425,0,1.15369094811131,0,0,0.0124734822656236,0.498886770422925,-0.351615076263053,0,-0.825393304877307,0,0,0,0,0,0,0,0,0,0,0,0,0,0,0,0,0.248718676337325,0,0.034146302979315,-0.670536356991969,0,0,0,0,0,0,0,0,0,0,0,0,0,0,0,0,0,-0.643284879299146,0,0,0.0319441586392211,0,0,0,0,0,0,0,0,0,0,0,0,0,0,0
0,-3.2573057018967,0,0,0,0,0,-0.125452086156254,0,0,0,0,0,-0.70276681636397,0,0,0,0,0,0,0.358830445724778,0,0,0,-1.1748110236133,0,0,0,0,0,0.0720042368618505,0,0,0,0,0,0,0,0,0,0,0,0,0,-2.4575313128871,6.84405913080835,0,0,0,0,0,0,0,0,0,0,12.2988848646046,0,0,0,-0.0969764081947986,0,0,0,0.141754740910802,0,0,-2.57072625397173,0,0,0,0,0,0,0,0.264539877285513,0,-0.404978873058818,0,0,0,0,0,0,0.274473094668238,0,0,0,0,0,0,0,0,0.721786240871114,0,0,-0.407055282860233,0,0,0,-0.468353184308244,0,-0.490593391246557,0,0,0,0,0,-4.50995250213432,0,0,-2.00306363922489,-1.30548119553797,2.15610410848908,0,0,0,0,1.20258657305532,0.514134723503541,-5.03369717691329,0,0,0,0,0,0,0,0,0,0,0.362406196838213,0,0,0,0,0,0,-0.0121265168094296,0,0,0,0,0,0,0,0,0,0,0.474309447999379,0,0,0.304231716316848,0,6.42561170619379,0,0,0,0,0,-0.52289761121386,0,0,1.24236686326826,0,0,0,-19.6649834995217,-4.16719946415223,0,0,0,0,0,0,0,0,2.71396379427298,-1.27158653795382,-1.22931439274272,0,0,0,0,0,0,0,0,-0.263118192129426,0,0,0,0,0,0,0,0,0,0,0.239431672711914
0,0,0,0,0,0,0,0,0,0,0,0,0,0,0,0,0,0,0,0,0,0,0,0,0,0,0,0,0,0,0,0,0,0,0,0,0,0,0,0,0,0,0,0,0,0,0,0,0,0,0,0,0,0,0,0,0,0,0,0,0,0,0,0,0,0,0,0,0,0,0,0,0,0,0,0,0,0,0,0,0,0,0,0,0,0,0,0,0,0,0,0,0,0,0,0,0,0,0,0,0,0,0,0,0,0,0,0,0,0,0,0,0,0,0,0,0,0,0,0,0,0,0,0,0,0,0,0,0,0,0,0,0,0,0,0,0,0,0,0,0,0,0,0,0,0,0,0,0,0,0,0,0,0,0,0,0,0,0,0,0,0,0,0,0,0,0,0,0,0,0,0,0,0,0,0,0,0,0,0,0,0,0,0,0,0,0,0,0,0,0,0,0,0,0,0,0,0,0,0
0,0,0,0,0,0,0,0,0,0,0,0,0,0,0,0,0,0,0,0,0,0,0,0,0,0,0,0,0,0,0,0,0,-0.303856741495829,0,0,0,0,0,0,0,0,0,0,0,0,0,0,0,0,0,0,0,0,0,0,0,0,0,0,0,0,0,0,0,-0.0966228362477122,0,0,0,0,0,0,0,0,0,0,0,0,0,0,0,0,0,0,-0.0866539074336323,0,0,0,0,0,0,0,0,0,0,0,0,0,0.131268879218665,0,0,0,0,0,0,0,0,0,0,0,0,0,0,0,0,0,0,0,0,0,0,0,0,0,0,0,0,0,0,0,0,0,0,0,0,0,0,0,0,0,0,0,0,0,0,0,0,0,0,0,0,0,0,0,0.359836553840531,0,0,0,0,0,0,0,0,0,0,0,0,0,0,0,0,0,0,0,0,0,0,0,0,0,0,0,0,0,0,0,0,0,0,0,0,0,0.0985272610809227,0,0,0,0,0,0,0
0,0,0,0,0,0,0,0,0,0,0,0,0,0,0,0,0,0,0,0,0,0,0,0,0,-0.442291709728466,0,0,0,0,0,0,0,0,0,0,0,0,0,0,0,0,0,0,0,0.0468814094599252,0,0,0,0,0,0,0,0,0,0,0,0,0,0,0,0,0,0,0,-0.356454548151425,0,0,0,0,0,0,0,0,0,0,0,0,0,0,0,0,0,0,0,0,0,0,0,0,0,0,0,0,0,0,0,0,0,0,0,0,0,0,0,0,0,0,0,0,0,0,0,0,0,0,0,0,0,0,0,0,0,0,0,0,0,0,0,0,-0.304965427626173,0,0.331350449383592,0,0,0,0,0,0,0,0,0,0,0,0,0,0,0,0,0.0742185779243991,0,0,0,0,0,0,0,0,0,0,0,0,0,0,0,0,0,0,0,0,0,0,0,0,0,0,0,0,0,0,0,0,0,0,0,0,0,2.00482519213094,0,0,0,0,0.203626651329861,0,0,0,0,0,0,0
0,0,0,0,0,0,0,0,0,0,0,0,0,0,0,0,0,0,0,0,0,0,0,0,0,0,0,0,0,0,0,0,0,0,0,0,0,0,0,0,0,0,0,0,0,0,0,0,0,0,0,0,0,0,0,0,0,0,0,0,0,0,0,0,0,0.148581440342823,0,0,0,0,0,0,0,0,0,0,0,0,0.133880243295663,0,0,0,0,0,0,0,0,0,0,0.0926167227580412,0,0,0,0,0,0,0,0,0,0,0,-0.607779011593786,0,0,0,0,0,0,0,0,0,0,0,0,0,0,0,0.106934702334796,0,0,0.506368246902326,0,0,0,0,0,0,0,0,0,0,0,0,0,0,0,0,0,0,0,0,0,0,0,0,0,0,0,0,0,0,0,0,0,0.0805184375660966,0,0,0,0,0,-1.32477041320565,0,0,0,0,0,0,0,0,0,0,0,0,0,0,0,0,0,0,0,0,0,0,0,0,0,0,0,0,0,0,0,0.123213770901753,0,0.309047910475433,-1.61438498137236,0,0,0,0
0,0,0,0,0,0,0,0,0,0,0,0,0,0,0,0,0,0,0,0,0,0,0,0,0,0,0,0,0,0,0,0,0,0,0,0,0,0,0,0,0,0,0,0,0,0,0,0,0,0,0,0,0,0,0,-0.289311688155739,0,0,0,0,0,0,0,0,0,0,0,0,0,0,0,0,0,0,0,0,0,0,0,0,0,0,0,0,0,0,0,0,0,0,0,0,0,0,0,0,0,0,0,0,0,0,0,0,0,0,0,0,0,0,0,0,0,0,0,0,0,0,0,0,0,0,0,0,0,0,0,0,0,0,0,0,0,0,0,0,0,0,0,0,0,0,0,0,0,0,0,0,0,0,0,0,0,0,0,0,0,0,0,0,-0.219659120494091,0,0,0,0,0,0,0,0,0,0,0,0,0,0,0,0,0,0,0,0,0,0,0,0,0,0,0,0,0,0,0,0,0,-0.0147011435271502,0,0,0,0,0
0,0,0.687362593077892,0,0,-7.6571052091806,0,-0.0318994001875597,-0.555950362886838,0,0,0,0,0,0,0,0,0,0,0,-0.652366446882118,0,0,0,0,-1.49174948697706,-2.2671412507003,1.02070618500224,0,0,0,0,0,0,0,0,0,-0.797529402274577,0,0,0,0,0,0,0,-0.636482357965993,0,0,0,0,0,0,0,0,0,-0.464346160064956,0,0.16136754246644,0,0,0,0,-0.269586983267747,0,-0.0366726897627709,0,0,0,0,0,0,0,0,0,0,0,0,0,0.458551793045174,0.829495865912879,0,0,0.208167584965734,0.200001528854044,0,0,0,0,0,0,0,0,0,0,0,0,0,-0.739337337965867,0,0,0,0,-0.918507606410487,0,0,0,0,0,0.110986567849711,0,0,0,0,0.377220745639564,0,0,0,0,0,0,0,0,0,0,0,0,0,0,-0.0720006224299317,-0.159520041640603,0,1.10211800205952,0,0,0,0,0,0,0,0,0,0,0,0,0,0,0,0,0,0.406384535746066,0,0,0,0,0,-0.541209691694395,0,0,0,0,0,0,-2.63626583354684,0,0,0,0,0,0,0,0,0,0,0.0620912745508941,1.09758668580156,0,0,0,0,0,0,0,0,0,0,0,0.27247890927883,0,0,0,0,0,0,0.137296845832474,1.879516382551,0,-0.332996131915208,0,0,0
0,0,0.21848014924632,0,0,-8.46494249634885,0,0,0,0,0,0,0,0,0,0,0,0,0,0,-1.16503486891783,0,0,0,0,0,0,0,0,0,0,0,0,0,0,0,0,0,0,0,0,0,0,0,0,0,0,0,0,0,0,0,0,0,0,0,0,0,0,0,0,0,0,0.337635404213745,0,0,0,0,0,0,0,0,0,0,0,0,0,0,0,0,0,0,0,0,0,0,0,0,0,0,0,0,0,0,0,0,0,0,0,0,0,0,0,0,0,0,0,0,0,0,0,0,0,0,0,0,0,0,0,0,0,0,0,0,0,0,0,0,0,0,0,0,0.0953511601927037,0,0,0,0,0,0,0,0,0,0,0,0,0,0,0,0,0,0,0,0,0,0,0,0,0,0,0,0,0,0,0,0,0,0,0,0,0,0,0,0,0,0,0,0,0,0,0,0,0,0,0,0,0,0,0,0,0,0,0,0,0,0,0,0,0,0,0
0,0,0,0,0,0,0,0,0,0,0,0,0,0,0,0,0.0667275194923609,0,0,0,0,0,0,0,0,0,-0.185183168644234,0,0,0,0,0,0,0,0,0,0,0,0,0,0,0,0,0,0,-0.223975968963901,0,0,0,0,0,0,0,0,0,0,0,0,0,0,0,0,0,0.0375785894205625,0,0,0,0,0,0,0,0,0,0,0,0,0,0,-0.166674577013847,0,0,0,0,0,0,0,0,0,0,-0.089064041865502,0,-0.414109842614981,0,0,0,0,0,0,0,0,0,-0.0374561555124018,0,0,0,0,0,0,0,0,0,0.394066408918883,0,0,0,-0.0361356915471418,0,0,0,0,0,0,0,0,0,0,0,0,0,0,0,0,0,0,0,0,0,0,0,0,0,0,0,0,0,0,0,0,0,0,0,0,0,0,0,-0.402998650213116,0,0,0,0,-0.501230221060853,0,0,0,0,0,0,0,0,0,0,0,0,0,0,0.117457194150249,0,0,0,0,0,0,0,0,0,0,0,0,0,0,0,0,0,-0.013825258491345,0,0,0,0,0,0
0,0,0,0,0,0,0,0,0,0,0,0,0,0,0,0,0,0,0,0,0,0,0,0,0,0,0,0,0,0,0,0,0,0,0,0,0,0,0,0,-0.0922679690866774,0,0,0,0,0,0,0,0,0,0,0,0,0,0,0,0,0.336587234176843,0,0,0,0,0,0,0,0,0,0,0,0,0,0,0,0,0,0,0,-0.144899535546183,-0.521308961153885,0,0,0,0,0,0,0,-0.921095653597232,0,0,0,0,0,0,0,0,0,0,0,0,0,0,0,0,0,0,0,0,0,0,0,0,0,0,0,0,0,0,-0.754488312137024,0,0,0,0,0,0,0,0,0,0,0,0,0,0,0,0,0,0,0,0,0,0,0,0,0,0,0,0,0,0,0,0,0,0,0,0,0.148647959328909,0,0,0,0,0,0,0,0,0,0,0,0,0,0,0,0,0,0,0,0,0,0,0,0,0,0,0,0,0,0,0,0,0,0,0,0,0,0,0,0,0,0,0,0,0
0,0.0187131728686449,0,0,0,0,-0.769863730948813,0,0,-0.270669899804653,0,0,0,0,0,0,0,0,0,0,0,0,0,0,0,0,0,0,0,0,0,0,0,0,0,0,0,0,0,0,0,0,0,0,0,0,0,0,0,0,0,0,0,0,0,0,0,0,0,0,0,0,0,0,0,0,0,0,0,0,0,0.366719103360351,-22.5700047367365,0,-0.618473866307739,0,0,0,0,0,0,0,0,0,0,0,-0.00211793569129415,-0.244191468066299,0,0,0,0,0.115793898241229,0,-0.51438812962243,0,1.36964031298004,0,0,0,0,0,0,0,0.657399712020085,0,0,1.79185232893356,0,0,0,0,0,0,0,0.900902355929282,0,0,0,0,0,0,0,0,0,0,0,0,0,0,0,0,0,0,0,-0.0431956024027471,0.107139863762565,0,0,0,0,0,0,0,0,0,0,0,0,0,0,0,0,0,-0.205705063031788,0,0,0,0.948130942354474,0,0,0,0,0,0,0,0,0,0,0,0,0,0.232552368270553,0,0,-0.690749425889166,0,0,0,0,0,0,0,0,0,0.484621350561185,0,0,0,0,1.03482738707974,0,0,0,0,0,0,0,0,0.330562027381286
0,0,0,0,0,0,0,0,0,0,0,0,0,0,0,0,0,0,0,0,0,0,0,0,0,0,0,0,0,0,0,0,0,0,0,0,0,0,0,0,0,0,0,0.065836873053448,0,0,0,0,0,0,0,0,0,0,0,0,0,0,0,0,0,0,0,0,0,0,0,0,0,0,0,0.186785248612753,-21.459099603613,0,0,0,0,0,0,0,0,0,0,0,0,0,0,0,0,0,0,0,0,0,0,0,0.685269718829554,0,0,0,0,0,0,0,0,-0.0295245341258425,0,0,0,0,0,0,0,0,0,0,0,0,0,0,0,-0.761901638786624,0,0,0,0,0,0,0,0,0,0,0,0,0,-0.418634756566946,0,0,0,0,0,0,0,0,0,0,0,0,0,0,0,0,0,0,0,0,0,0,0,0,0,0,0,0,0,0,0,0,0,0,0,0,0,0,0,-0.5268951538014,0.133160812379678,0,0,0,0,0,0,0,0,0,0,0,0,0,0,0,0,-0.812872087295311,-0.719398121932004,0,0,0,0,0
0,0.260810834623816,0,0,0,0,0,0,0,0,-1.27875273127742,0,0,0,0,0,0,0,0,0,0,0,0,0,0,0,0,0,0,0,0,0,0,0,0,0,0,0.21361490812292,0,0,0,0,0,0,0,0,0,0,0,0,0,0,0,0,0,0,0,0,0,0,0,0,0,0,0,0,0,0,0,-0.078493296173505,0,0,-22.0278713601953,0,-0.241447857594679,0.072646953493597,0,0,0,0,0,0,0,0,0,0,0,-2.18960339741974,0,0,0,0,0,0,0,0,1.45324021124007,0,0,0,0,0,0,0,0,0,0,0,0,0,0,0,0,0,0,0,0,0,0,0,-0.0385133969761855,-0.706815672892584,0,0,0,0.574836215265824,0,0,0,0,0,0,0,0,0,-0.345351318712266,0,0,0,0,0,0,0,0,0,0,0,0,0,0,0,0,0.0694997495473388,0,0,0,0,0,0,0,0,0,0.822577175600267,0,0,0,0,0,0,0,0,-0.554694723340947,0,0,0.311942101536274,0.984584371818428,1.71449043515598,0,0,0,0,0,0,0,0,0,0,0,0,0,0,0,0.319559313123165,0,0,0,0,0,0,0
0,0,0,0,0,0,0,0,0,0,0,0,0,-0.701948731677742,0,0,0,0,0,0,0,0,0,0,0,0,0,0.0186939541701008,0,0,0,0,0,0,0,0,0,0,0,0,0,0,0,0,0,0,0,0,0,0,0,0,0,0,0,0.0969950184982351,0.195209597126136,0,0,0,0,-0.721937899553588,0,0,0,0,0,0,0,0,0,0,-19.4352763881578,0,0,0,0,0,0,-0.0604536497597863,0,0,0,0,0,-1.56606742860813,0,0,0,0,0,0,0,0,0,0,0.822743999574682,-0.126231592535147,0,0,0,0,0,0,0,0,0,0,0,0.727073464272618,0,0,0,0,0,0,0,0,0,0,0.0770278145131327,0,0,0,0,0,0,0,0,0,0,0,0,0,0,-0.0806436946039049,0,0,0,0,0,0,0,0,0,0,0,0,0,0,0,0,0,0,0,0,0,0,0,0.237047942711834,0,0,0,0,0,0,0,0,0,0,0,0,0,0,0,0,2.08989378962932,0,0,0,0,0,0,0,0,0,0,0,0,0,0,0,1.07036754650849,0,0,0,0,0,0,0
0,0,0,0,0,0,0,-0.199173136498907,0,-0.814420356181306,0.47061246600887,-0.255297168745405,0,0,0,0,0,0,0,0,0,0,0,0,0,2.15473777183163,0,0,-0.652775856778414,0,-0.046022450819194,0,0,0,0,0,0,0,0,-0.389428518340247,0,0,0,0,0,0,0,0,0.561493706212073,0,0,-0.172622905553261,0,0,-0.318866078019968,0,0,0,0,0,0.101019632609564,0,1.07302333697948,0,0,0,0,0,0,0,1.18885817213258,0.807243579243239,-12.6790594532732,0,0,0,0,0,0,0,0,0,0,-0.193365028528244,0,0,0,0.489875657324801,0,0,0,-0.222865276474875,-0.392408049300586,0,0,-0.894767278186282,0,0,0,0,0,0,0,0.163078270322627,0,0,0,0,0,-0.212642104900459,0,0,0,0,-0.862052198135156,0,0,0,0,0,-0.220773998245509,1.05836516097453,0,0,0,0,0,0.613524669597385,0,2.399242923861,0,2.61234241133639,0,0,0,0,0,0,0,0.705604128763253,0,0,0,0,0,0,0,0,0,0,0,0,0,0,1.0790887930546,0,0,0,0.476419404896657,0,1.75611271242037,0,0,0,0,0,0,-1.00206768536883,0.215091458059159,0,-0.00679410263578983,0,0,0,0,0.634655303473447,0,0.577349191644686,0,0.175657383663868,0,0,0,0,0,0,0,0,0,0,0,0,0,-0.946780136328186,0,0,0,0,0,0
0,0,0,0,0,0,0,0,0,0,0,0,0,0,0,0,0,0,0,0,0,0,0,0,0,0,0,0,0,0,0,0,0,0,0,0,0,0,0,0,0,0,0,0.220721656665022,0,0,0,0,0,0,0,-1.38183472877281,0,0,0,0,0,0,0,0,0,0.17985596803066,0,0,0,0,0,0,0,0,0,0,-4.90311852285854,0,0.0196042548131858,0,0,0,0,0,0,0,0,0,-0.334886283744076,0,0,0,0,0,0,0,0,0,0,0,0,0,0,0,0,0,0,0,0,0,0,0,0,0,0,0,0,0,0,0,0,0,0,0,0,0,0,0,0,0,0,0,0,0,0,0,0,0,0,0,0,0,0,0,0,0,0,0,0,0,0,0,0,0,0,0,0,0,0,0,0,0,0,0,0,0,0,0,0,0,-0.887904642824918,0,0,0,0,0,0,0,0,0,0,0,0,0,0,0,0,0,0,0,0,0,0,0,0,0,0,0,0,0,-0.175165767125635,0,0,0
0,0,0,0,0,0,0,0,-0.317019451768521,0,0,0,0,0,0,0,0,0,0,0,0,0,0,0,0,0,0,0,0,0,0.742600855350392,0,0,0,0,0,0,0,0,0,0,0,0,0,0,0,0,0,0,0,0,-0.582253137381467,0,0,0,0,0,0,0,0,-0.222465188893386,0.422615791910069,0,0,0,0.481331935017692,0,0,0,0,0,0,-4.43897222513346,0,0,0,0,0,0,0,0,0,0,0,0,0,0,0,0,0,0,0,0,0,0,0,0,0,0,0,0,0,0,0,0,0,0,0,0,0,0,0,0,0,-0.127804021334407,0,0,0,0,0,0,0.0940394720754341,0,0,0,0,0,0,0,0,0,0,0,0,0,0,0,0,0,0,0,0,0,0,0,0,0,0,0,0,0,0,0,0,0,0,0,0,0,0,0,0,0,0,0,0,-0.414705032484422,0,0,0,0,0,0,0,0,-0.4262537284465,0,0,0,0,0,0,0,0,0,0,0,0,0,0,0,0,0,0,0,0,0,0,0,0
0,0.253136959731484,0,0,-0.419549118343405,1.14024723390241,0,0,0,0,-0.169023720936671,0,0,0,0,0,0,0,0,0,0,0,0,0,0,0,0,-1.05618849859198,0,0,0,0,0,0,0,0,0,0,0,0,1.42020206932879,0,0,0,0,0,0,0,0,0,0,0,0,0,0,0,0,0.248320309852196,-0.130447331604279,0,0,0,0,0,0,0,0,0,0,0,0,0,0,0,0.431678241718931,0,0,0,0,0,0,0,0,0,0.198642531900121,0,0,0,0,0,0,0,0,0,0,0,0,0,0,0,0,0,0,-0.0083910776119549,0,0,0,0,0,0,0,0,0,0,0,0,0,0,0,0,-0.00722332871632281,0,0,0,0,0,0,0,0,0,0,0,0,0,0,0,0,0,0,0,0,0,0,0,0,0,0,0,0,0,0,0,0,0,0,0,0,0,0,0,0,0,0,0,0,0,0.68016838653132,0,0.184632742186902,0,0,0,0,-0.509366812658085,0,0,0,0,0,0,0,-0.359945462330278,0,0,0,0,0,1.29015599025035,0,0,0,0,0,0,-0.276895730398148,0,0,0,0,0.190106926184801
0,0,0,0,0,0,0,0,0,-0.878757804692957,-0.379666668226936,0,0,0,0,0,0,0,0,0,0,0,0,0,0,0,0,-0.360841500052347,0,0,0,0,0,0,0,0,0,-0.210821675631023,0,0,0,0,0,0,0,0,0,0,0,0,0,0,0,-0.559840102148105,0,0.365482697119337,0,0,0,0,0,0,0,0,0,0,0,0,0,0,0,0,0,-0.0222592582910122,0,0,0,0,0,0,0,0,-0.640553699096001,0,0,0,0,0,0,0,0,0,0,0,0,0,0,0,0.301624164024581,-0.018363012478579,0,0,0,0,0,0,0,0,0,-1.0966781032757,0,0,0,0,-0.533838902428324,0,0,0,0,0.370866337198311,0,0,-0.0533892876358397,0,0,0,0,0,0,0,0,0,-0.112017193767806,0,0.626467777384691,0,-1.31142787043674,0,0,-0.0733720762646732,0,0,0,-0.392728503093004,0,0,0,0,0,0,0,0,0,0,0,0,0,-0.329462995131582,0,0,0,0,-0.44977793348733,0,0,0,0,0,0,0,0,0,0,0,0,0,0,0,0,-0.43930395096796,0,0,0,0,-2.38042858330745,0,0,0,0,-0.589642110862952,0,0,0,0,0.00156380468419837,0,0,0,0,0
0,0,0,0,0,0,0,0,0,-0.400845057082645,0,0,0,0,0,0,0,0,0,0,0,0,0,0,0,0,0,0,0,0,0,0,0,0.151967214448588,0,0,0,0,0,0,0,0,0,0,0,0,0,0,0,0,0,0,0,0,0,0,0,0,0,0,0,0,0,0,0,0,0,0,0,0,0,0,0,-0.297340817198094,0,0,0,0,0,0,0,0,0,0,0,0,0,0,0,0,0,0,0,0,0,0,0,0,0.325329113239776,0,0.145312321748143,0,0,0,0,0,0,0,0,-0.699203871561969,0,0,0,0,-0.494856262456831,0,0,0,0,0,-0.321281771119061,0.18760041107633,0,0,0,0,0,0,0,0,0,0,-0.0571222922992964,0,0.257465762720867,0,-0.175321467164863,0,0,-0.140220748592498,0,0,0,-0.0114926796981107,0,0,0,0.393689687143609,0,0,0,0,0,0,0,0,0,0,-0.252786708980536,0,0,0,-0.703842751825174,0,0,0,0,0,0,0.230942599243861,0,0,0,0,0,0,0,0,0,0,0,0,0,0,-1.08664748758558,0,0,0,0,0,0,0,0,-0.0990708946175067,0,0,0,0.3164752293894,0,0
0,0,0,0,0,0,0,0,0,0,0,0,0,0,0,0,0,0,0,0,0,0,0,0,0,0,0,-0.208948335412991,0,0,0,0,0,0,0,0,0,0,0,0,0,0,0,0,0,0,0,0,0,0,0,-1.29058264487641,0,0,0,0,0,0,0,0,0,0.388475468027778,0,0,0,0,0,0,0,0,0,0,0,0,0,0,0,0,0,0,0,0,0,0,0,0,0,0,0,0,0,0,0,0,-0.448488673665248,0,0,0,0,0,0,0,0,0,0,0,0,0,0,0,0,0,0,0,0,0,0.777956587685954,0,0,0,0,0,0,0,0,0,0,0,0,0,0,0,0,0,0,0,0,0,0,0,0,0,0,0.184543131695843,0,0,0,0,0,0,0,0,0,0,0,0,0,0,0,0,0,0,0,0,0,0,0,0,0,0,0,0,0,0,0,0,0,0,0,0,0,0,0,0,0,0,0,0,0,0,0,0,0,0,0,0,0,0,0,0
0,-0.334440034852418,0,0,0,0,0,0,0,-1.01538906598388,-1.53598498602974,0,0,0.519233084699378,0,0,0,0,0,0,0,0,0,0,0,0,0,0,0,0,0,0,0,2.0578774318192,-0.0996602367916803,0,0,2.47421842609692,0,0,0,-0.360511676344303,0,-0.208569422903165,0,-1.10612547671878,0,0,0,0,0,-0.219643988993766,0,0,0,0,0,0,0,0,0,0,-0.416229058594382,0,0,0.854395073045877,0,0,0,0,0,0,0,0,0.50977532999936,0,0,0,0,-0.214615058336526,0,0,0,0,0,0,-0.543293799689857,0,0,0.457493367622853,0,0,0,0,0,0,0,0,0,0,7.39022091897681,0,0,0,0,0,0,-1.35237734854649,0,0,0,0,-0.957644167229557,0,0,0,0,0,0,0,0,0,0,0,0,0,0,0,0,0,0,0,0,0,0,0,0,0,0,0.441776509161707,0,1.42558767443973,0,-2.63009602847643,0,0,0,-0.972018659179859,0,0,0,0,0,0,0.338611134346086,0,0,0,0,-0.303555442753839,0,0,0.333388264070091,0,0,0,0,0,0,0,0,0,-1.35792371121503,0,0,0,0,0,0,0,0,0,0,0,0,0,0.0899427802723607,0,0,0,0,0,0,0,0,0,0.284496177009958,0.541173243813342,0,0.72922412205322
0,0,0,0,0,0,0,0,0,0,0,0,0,0,0,0,0,0,0,0,0,0,0,0,0,0,-0.448593260018617,0,0,0,0,0,0,0,0,0,0,0,0,0,0,0,0,0,0,0,0,0,0,0,0,0,0,0,0,0,0,0,0,0,0,0,0,0,0,0,0,0,0,0,0,0,0,0,0,0,0,0,0,0,0,0,0,0,0,0,-4.65890565411036,0,0,0,0,0,0,0,0,0,0.477622238350271,0,0,0,0,0,0,0,0,0,0,0,0,0,0,0.136950851368484,0,0,0,0,0,0,0,0,0,0,0,0,0,0,0,0,0.502515925606305,0,0,0,0,0,0,0,1.22691754861801,0,0,0.256695819973202,0,0,0,0,0,0,0,0,0,0,0,0,0,0,0,0,0,0,0,0,0,0,0,0,0,0,-0.715225921692705,0,-0.486228400870127,0,0,0,0,0,0,-0.339224803672446,0,0,0,0,0,0,0,0,0,0,0,0,0,0,0,0,0,0,0,0,0,0,0,0
0,0,0,0,-0.030972562341423,0,6.02784419700552,0,0,0,0.859782391174928,0,0,0,0,0,0,0,0,0,0,0,0,0,0,0,0,0,0,0,0,0,0,0,0,0,0,0,0,0,0,0,0,0,0,0,0,0,0,0,0.089285963647036,0,0,0,0,0.328158024235008,0,0,0,0,0,0,0,0.270952059249753,0,0.907559756781072,0,0,0,0,0,0,0,0,0,0,0,0,1.24430022116217,0,0,0,0,0,0,0,0,-2.25888641423857,0,0,0,-0.401183371716667,0,0,0,0,0,0,0,-0.49505172121589,0,0,0,0,0,0,0,0,0.450247230730594,0,0,0.108659587664033,0,0,0,0,0,0,0,-0.207413162472417,0,0,0,0,0,0,0,0,0,0,0,0,-0.0460353742189361,0,0,0,0,0,0,0,0,-0.388840842233382,0,-4.81611063559907,0,0,0,0,0,0.0207556976900352,0,0,0,0,0,0,0,0,0,0,0,0,0,0.0343103958431707,0,0,0,0,0,0,0,0,-1.84025625124347,0,0,0,0,-0.333896044939084,0.943876826820674,0,-0.302589206354892,1.43362665707772,0,0,0,0,1.02405234078624,0,0,0,0,0,0,0,0,0,0,0,0,0
0,0,0,0,-0.489773448938329,0,5.61629602539321,0,0,-0.61545252246345,0,0,0,0,0,0,0,0,0,0,0,0,0,0,0,0,0,0,0,0,0,0,0,0,0,0,0,0.659034492588399,0,0,0,0,0,0.304190371504803,0,0,0,0,0,0,0.427418917806611,0,0,0,0,0.150479966474196,-0.125756716720129,0,0,-0.753155037804373,0,0,0.341357044677024,0.655854618385169,0,0,0,0,0,0,0.347000425714965,0,0,0,0.355993572987031,0,0,0,0.388130317511683,0.187281867745827,0,0,0,0,0,0,0,-1.16127898772061,0,0,0,0,0,0,0,0,0,0,-0.0700457987985306,0,0,0,0,0.138099275414832,0,-0.43490879318074,0,0,0.0697525956757481,0,0,0,0,0,0,-0.887419386189579,0,0,0,-0.522764815292574,0,0,0,0,0,0,0,0,0,0,0,0,-0.0756405960686275,0,0,0,0,1.84076702008536,0,0,0,0,0,-5.0297191492731,0,0,0,-0.402443843879284,0,0,0,0,0,0,0,0,-0.206720050621726,0,0,0,0,0,0,0.0567614294837897,0,0,0,0,1.15536137810556,0,0,0,-0.58508844058598,0,0,0,0,0,0.291359506454302,0,0,1.46715716720948,0,0,0,0,0.601191915864535,0,0,0,0,0,0,0,0,0,0,0.123934054633052,0,0
0,0,0,0,0,0,0,0,0,0,0,0,0,0,0,0,0,0,0,0,0,0,0,0,0,0,-0.683990214430878,0,0,0,0,0,0,0,0,0,0,-0.0844973142761007,0,0,0,0,0,0,0,0,0,0,0,0,0,0,0,0,0,0,0,0,0,0,0,0,0,0,0,0,0,0,0,0,0,0,-0.150790721206911,0,0,0,0,0,0,0,0,0,0,0,0,0,0,0,0,0,0,0,0,0,0.132445805249006,0,0,0,0,0,0.210138494313165,0,0,0,0,0,0,-0.545507710237575,0,0,0,0,0.537941318671065,0.092720233073827,0,0,0,0,0,0,0,0,0,0,0,0,0,0,0,0,-1.2367490158478,0,0,0,0,0,-0.0518035382224771,0,0,0,-0.0394897734236173,0,0,0,0,0,0,0,0,0,0,0,0,0,0,0,0,-0.0875244559855386,0,0,0,-0.176170083549438,0,0,0,0,0,0,0,0,0,0,0,-1.47541911328776,0,0,0,0,0,0,0,0,0,0,0,0,0,0,0,0,0,0,-0.451005751055308,0,0,0,0,0,0,0
0,0,-0.606621113057929,0,0,0,0,0,0,0,0,0,0.136268674125843,0.241026415122829,0,0,0.267299395901339,0,0,-0.176688877249247,0,0,0,0,0,-0.688306113929581,0,0,0,0,0.477243055519802,0,0,0,0,0,0,0,0,0,0,0,0,-1.40212768016581,0,0,-1.60155815557704,0,0,0,0,0,0,0,0,0,-3.21774902095735,0,0,0,0,0,0,0,0,0,-0.2833132281884,0,0,0,0,0,0,0,0,0,0,0,0,0,0,0,0,0,-0.164396040647958,0,0,0,0,0,0,0,0,0,0,0,0,0,0,0.171281145403813,2.15614833861725,0,0,0,-0.245525508782501,0,0,0,0,0,0,0,0,0.509272530606416,0.144043210387643,0,0,0,0,-0.324643613957146,0,0,0,0,0,0,0,0,0,0,0,0,0.547240090556615,0,0,0,0,0,0,0,-0.315352390552347,0,0,0,0,0,0,0,0,0,0,0,0,0,0,0,0,0,0,0,0,0,0,0,0,0,-0.0675043936469357,0,0,0,0,0,0,0,0,-0.0124579607693744,0,0,-0.103213290879234,0,0,0,0.282580814331008,0,-0.486306636992262,0,0,0,0,0,0,0,0,0,0,0,0,0,0,0
0,0,0,0,0,0,0.177853289713773,0,0,0.59042402881908,-0.125099163017957,0,0,0,0,0,0.405453438004754,0,0,0,-0.780027837728606,0,0,0,0,0,0,0,0,0.329090685354449,0,0,0,0,0,0,0,0,0,0,0,0,0,0,0,0,0,0,0,0,0,0.468459444678382,0.13059559185578,0,0,0,0,0,0,0,0,0,0,0,0.0341361896017665,0,0,0.151701321927486,0,0,0,0,0,0,0,0,0,0,-0.153414994598793,0,0,0,0,-0.269508124689315,0,0,0,0,0,0,0,0,0,0,0,0,0,0,0,0,3.6232465848816,0,0,0,0,0,0,0,0,0,0,0,0,0,0,0,0,0,0,0,0,0,0,0,0,0,0,0,0,0,0,0,0,0,0.438962487864123,0,0,0,0,0,0,0,0,0,0,0,0,0,0,0,0,0,0,0,0,0,0.313144690599295,0,0,0,0,0,0,0,0,0,0,0,0,0,0,0,0,0,-0.0290787774141901,0,0,0,0,0,0,0,0,0,-0.314644220959265,0,0,0,0,0,0,0,0,0,0,0.0145052829518879,0,0.26007532528375,0,0
0,0,0,0,0,-0.465774427977402,0,0,0,0.569557021092989,0,0,0.774170079526808,0,0,0,0.214293711056399,0.185404425824018,0,0,0,0,0,0,-0.0642501972404113,-1.40286872356479,0,0.826850144687983,1.16474239902091,0,0,0,0,0,0,0,0,0,0,0,0,0,0,-0.977575938723457,0,0,0,0,0,0,0,0.0912467124507594,0,0,0,0,0,0.833221222437305,0,0.0339577876412369,0.324150048516261,0,0,0,0,0,0,0,0,1.26375826935459,-0.802314654665943,0,0,0,0,0,0,0,-0.787025645122096,0,0,0,0,0,0,0.606906548581764,0,0,0,0,0,0,0,0,0,0,0,0,0,0,5.30960348531447,0,0,0,0,0.329677800079727,0,-1.43827339561673,0,0,0,0,0,0,0,0.252225546629371,0,0.666619049619824,0,0,0,0,0,0,0,0,0.572766006162086,0,0.0943554705087095,0,0,0.364349522338438,0,0,0.937973395935264,0,-0.680407000039732,0,0,0,-0.33899775538648,0,0,0,0,0,0,-0.796530297539898,-0.233790025486463,0,0,0,0,0,0,0,0.868501721329438,0,0,0,0,0.0973881123428837,-0.115294008425771,0,0,0,0,0,0,0,0,0,0,-1.18704588063827,0,-2.15285448574575,0,0,0,0,0,0,0,-0.439902372384373,0,0,0.444669099192648,0,0,-1.33755674824919,0,0,0,0,0,1.05566791236644,0,0,0,0
0,0.235311153413108,0,0,0,0,0,0,0,0,0,0,0,0,0,0,0.37922588658974,0,0,0,0,0,0,0,0,0,0,0,0,0,0,0,0,0,0,0,0,0,0,0,0,0,0,0,0,0,0,0,0,0,0,0,0,0,0,0,0,0,0,0,0,0,0,0,0,0,-0.0901318473199715,0,0,0.812912942567682,-1.21527861317778,0,0,0,0,0,0,0,0,0,-0.315667215450383,0,0,0,0,0,0,0,0,0,0,0,0,0,0,0,0,0,0,0,6.47041252156691,0,0,0,0,0.363396357189266,0,0,0,0,0,0,0,0,0,0,0,0,0,0,0,0,0,0,0,0,0,0,0,0,0,0,0,0,0,0,0,0,0,0,-0.246297604745976,0,0,0,0,0,0,-0.405049553019047,-0.281022397332214,0.00968414548836272,0,0,0,0,0,0,0.287209907969988,0,0,0,0,0,0.0712851533740337,0,0,0,0,0.10356782233576,0,0,0,0,0,0,0,0,0,0,0,0,0,0,0,0,0,0,0,0,0,0,0,0,0,0,0,0.0840094539790315,0,0,0,0
0,0,0,0,0,0,0,0.927694255256219,0,0,0,0,0,-0.32967359428645,0,0,0,0,0,0,-0.71960431677321,0,0,0,0,0,0,0,0,0,0,0,0,0,0,0,0,0,0,0,0,0,0,0,-0.245396342932815,0,0,0,0,0,0,0.314410193696333,0,0,0,0,0,0,0,0,0,0,0.521843643848701,0,0,0,0,0.633719925384581,0,0.381211408345467,-0.474759460012545,0,0,0,0,0,0.141405276313985,0,0,0,0,0,0,0,0,1.07142940511545,0,0,0,0,0,0,0,0,0,0,0,0,0.140228378956209,0,7.5974340502405,0,0,0,0.254093655011132,0,0,-1.73817492747231,0,0,0,0,0,0,0,0,0,0,0,-0.0431170637817166,0,0,0,0,0,0,0,0,0,0,0,0,0,0,1.04041772483244,0,-0.352338190794799,0,0,0,0,0,0,0,0,0,0,0,-0.930554478209582,0,0,0,0,0,0,0,0.799490540258475,0,0,0.0755763441501935,0,0,0,0,0,0,0,0,0,0,0,0,0,0,0,0,0,0,0,0,0,0,0,0,0,0.2673147868019,0,0,0,0,-0.0035302470709464,0,0,0,0,0,0,0,0,1.26783113014435
0,0,0,0,0,0,0,0,0,0,0,0,0,0,0,0,0,0,0,0,0,0,0,0,0,0,0,0,0,0,0,0,0,0,0,0,0,0,0,0,0,0,0,0,0,0,0,0,0,0,0,0,0,0,0,0,0,0,0,0,0,0,0,0,0.0923238968034064,0,0,0,0,0,0,0,0,0,0,0,0,0,0,0,0,0,0,0,0,0,0,0,0,-0.235033524858587,0,0,0,0,0,0,0,0,0,0,7.1740054895273,0,0,0,0,0,0,-0.520609489303506,0,0,0,0,0,0,0,0,0,0,0,-0.275444564750451,0,0,0,0,0,0,0,0,0,0,0,0,0,0,0,0,0,0,0,0,0,0,0,0,0,0,0,0,0,0,0,0,0,0,0,0,0,0,0,0,0,0,0,0,0,0,0,0.0257628177762359,0,0,0,0,0,0,0,0,0,0.318345416484538,0,-0.309543514933986,0,0,0,0,0,0,0,0,0,0,0,0,0,0,0,0,0,0,0,0.00785272527830028
0,0,0,0,0,0,-0.784417994908523,0,0,0,0,0,-0.291056330657275,0,0,-0.169276588916243,0.87999297693833,0,0,0.12061526834358,0,0,0,0,0,0,-0.0243503176564164,0,0,0,0.628401014051178,0,0,0.33677132079413,0,0,-1.02092632942965,0,0,0,-0.19424817579617,0,0,0,-0.333568331530295,0,0.241076702753744,0,0,0,0,0,0,0,0,-0.299852536296418,-1.33079014323117,0,0,0,0,0,0,0,0.114944475243,0,-0.372776642591055,0,0,0,-1.7124984897686,0,0,0,0,0,0,0,0,0,0,0.117350495142571,0,0,0,0,0,-0.48287338896248,0,0,0,0,0,0,0,0,0,0,0,0,10.3799114385455,0,0,0,0,0,0,-1.57137558151762,0,0,0.290351225479588,0,-0.00813413468486224,0.758603390483315,0.231834059066465,0,0,0,0,-1.04802971953272,0,0,-0.422551752252317,0,0,0,-0.256262120121388,0,0,0,0,0,0,0,0,0,0,0,0,0,-0.853259698452449,0,0,0,0,0,0,0,0,0,0,0,0,0,0,0,0.00189570171812581,0,0,0.520042058546975,0,0,1.14349451787535,0,0,0,0,0,0,0,0,0,0,0,0,0,0,0,0,-0.367696957177035,0,0,0,0,0,0.771790903608911,0,0,0,0,0,0,0,0,0,0,0,0,0,0
0,0,0,0,0,0,0,0,0.252074323511214,0,0.180989470040848,0,-0.31846207776624,0,0,0,0.000985545781840624,0,0,0,0,0,0,-0.544238831589644,-0.966673923343603,0.135950155979292,0,0,0,0,-0.154322872969427,0,0,4.60912705251456,0,0,0,-0.0700169622632398,0,0,0,-2.1185022647238,-1.01337115424154,1.76803712999172,0,0,0,0,0,0,0,0,1.09081265709999,0,0,-0.943891081209491,0,0,-1.4706377523688,0,0,0,0,0,0,0.501067239609255,0,0,-0.113522385952078,0,0,0,0,0,0.659617777646994,0,0,0,0,0,0,0,0,0,0,0,0,0,0,0,0,0,0,0,0,0,0.0794733354077055,0,0,0,15.6070851191654,-0.437214869552532,0,-0.441232211092375,0,0,0,-3.49932311574315,0,0,0.954816453335364,0,0,0.0499492070026215,0,0,0,0,0,0,0,0,0.238765422221035,0,0,0,-2.95446641322124,0,0,0,0,0.235598299166536,0,0,0,0,0,0,0,0,0,0,0.256495294745875,0,0,0,0,0,0,0,0.434644418853247,0,-0.165125145259073,0,0,0,0,-1.02690780045828,0,0,0,1.01783418235226,0.244597155153252,0.0472914234055852,0,0,0,0,0,0,0,0,0,0.105873554156058,0,-1.55989931872929,0,0,0,0,0,0,-0.101841013545215,0,0,0.463865093163879,0,0,0,0,0,0.0274989267369437,-0.036675332830485,-0.256460149029433,0,0,1.13224173578748,0,0,0
0,0,0,0,0,0,0,0.945297991555288,0,0,0,0,0.0748381856210922,0,-0.193804192199443,0,0,-0.747740729344037,0,0,0,0,0,0,0,0,0,0,0,0,0,0,0,0.942108367994736,0,0,0,0,0,0,-0.0794443906739857,0,0,0,0,-1.29343310744001,0,0,0,0,0,-4.00850112373669,0,0,0,0,0,1.00614543075905,0,0.719111747782032,0,0.280765096696642,0,0,0.376570831034389,0,0,0,0,0,-0.0127763114441259,0,0.333173233157613,0,0,-0.0745723311100279,0,-1.29115465192055,-3.02424217153248,0,-0.219538449188271,0,-0.0257127090002911,-0.747225625537118,0,0,0,0,0.186266666053597,0.978383380165927,0,0.616097173521568,0,0,0,0,0,0,0,0,0,0,0,0,0,0,0,-0.487888071640723,0.0456005450238548,0,0,0.0349856935857189,0.270602304509709,0,0,0.269197368897508,4.62254392518449,0,0,-1.67617956252149,0,0,0,0,0,0,0,0,0,1.06623869746061,0,0,0,0,0.0335977032439196,0,0.0735512331547623,0,0,0,0,0,0,0,0,0,0,0.280135450208674,0,0.274320707175063,0.668953474800819,0,0.378978354794967,0,0.489704405390678,-0.107660922383898,0,-3.12506473636763,0,1.07214210810191,0,0,0,-0.523741297983107,0,0,0,0,0,0,0,0,0,0,0,0,0,0.985866176917324,0,0,0,-2.79920621470825,0,0,-1.57473858244883,0.271522892768085,0.105295693895821,-2.46504869842178,0,0,0,0,0,-0.973563808490133,0.0196222209192563,0,0,0,0,0
0,0,0,0,0,0,0,0,0,0,0,0,0,0,0,0,0.267606972302233,0,0,0.461167206731295,0,0,0,0,0,0,0,0,0,0,0.215904686051962,0,0,0,0,0,0,0,0,0,0,-0.360701431223861,0,0,0,-1.15343488106533,0,0,0,0,0,-1.80360322226398,0,0,0,0,0.690431068952558,0,0,0,0,3.3417963183379,0,0,0,0,0,0,0,0,0,0,0,0,0.375472446081828,0,0,-0.245947200167655,-0.951605628865542,0,-0.00567657969404278,0,0,0,0,0,0,0,0,0,0,0,-0.0999274748995784,0,0,0,0,0,0,0,0,0,0,0,0,0,0,0,0,0,0,0,0,0,0,0,4.48274697172844,0,0,-0.520222105137677,0,0,0,0,0,0,0,0,0,0,0,0,0,0,0,0,0,0,0,0,-0.814454612183765,0,0,0,0,0,0,0,0,0,0,0,0,0,0.498363437041573,0,0,-1.10340464563473,0,0,0,0,0,-0.694105855129562,0,0,0,0,0,0,0,0,0,0,0,0,0,0,0,0,0,-0.616344763711229,0,0,0,0,0,0,0,0,0,0,0,0,0,0,0,0,0,0
0,0,0.383579727349248,0,0,-0.545444905430778,0.21298579350327,0,0,0.223075972822244,2.20051030336405,0,0,0.504144025276821,0.203111264291868,0,0,0,0,1.27512300433488,0.208190366834908,0,0,0,0,0,0,-0.286329993814543,0,0,0,0,0,0,0,0,0,0,0,0,0,0,0,0,-1.77465675109114,-1.22371321495354,0,0,0,0,0,-1.05531691113511,0,0,0,0,1.12987200134876,0.419251611277942,0,0.564440109224339,0,5.35617854110716,0.321972470619173,0,1.14900950616903,0,0,0,0,0,0,0,0,0,0.655766558252786,0,0,-0.198887356398738,-1.47269707445966,0.740822541408531,0,0,0,0,0,0,0,-0.408816976810952,0,0,0,0,0,-0.177553175160827,0,0,0,0,0,0,0,0,0,0,-0.231138146684799,0,0,-0.354881795383614,0,0,0,0.0406678915596534,0,0,0,0,2.39479224482477,0,0,-1.13423517993953,0,0.464803626370817,0,0,0,0,0,0,0,0,0.472703680021785,-0.594719766811418,0,0,-0.709467932759806,0.0204199750332499,0,0,0,0.337372954205994,-0.630291579815945,0,0,0,0,0,0,0,0,0,0.144712771694782,-0.128620644596353,0,0.100771985342916,1.60383212548045,0,0,-1.18871706863618,0,0,0,0,0,-0.274781352485747,0,0,0,0.675480699057407,-0.957297389477936,0,0,-0.458941232283119,0,0,0,0,0,0,0,0,0,0,0,0,0,0,0,-0.347253282000464,0,0,0.655313335925026,0,0,0,0,0,0,0,0,-0.402296210032726
0,0,0,0,0,0,0.193062321540803,0,0,0,0,0,0,0,0,0,0,0,0,0.278669342157498,0,0,0,0,0,0,0,0,0,0,0.518987003083716,0,0,0,0,0,0,0,0,0,0,0,0,0,0,-0.992651374362752,0,0,0,0,0,-1.49743924687467,0,0,0,0,0,0,0,0,0,5.75109465011391,0,0,0,0,0,0,0,0,0,0,0,0,0,0,0,0,0,0,0,0,0,0,0,0,0,0,0,0,0,0,0,0,0,0,0,0,0,0,0,0.33752571664057,0,0,0,0,0,0,0,0,0,0,0,0,0,0,0.358477829139357,0,0,0,0,0,0,0,0,0,0,0,0,0.219710335880149,0,0,0,0,-0.973190801401585,0,-0.289599056318859,0,0,0.0108673169104283,-0.687136426759473,0,0,0,0,0,0,0,0,0,0.00593804205546378,0,0,0,0.418868023327787,0,0,-0.269578901076368,0,0,0,0,0,0,0,0,-0.0406228043738615,0,0.64386796161122,0,-0.204345435477972,0,0,0,0,0,0,0,0,0,0,0,0,0,0,0,0,0,0,0,0,0,0,0,0,0,0,0,0,0
0,0,0,0,0,0,0.134589711216295,0,0,0,0,0,0,0,0,0,0,0,0,0,0,0,0,0,0,0,0,0,0,0,0,0,0,0,0,0,0,0,0,0,0,0,0,0,0,-0.742885475128337,0,0,0,0,0,-1.19541766999546,0,0,0,0,0,0,0.805141268652047,0,0,4.40995379294822,0,0,0,0,0,0,0,0,0,0,0,0,0,0,0,0,0,0,0,0,0,0,0,0,0,0,0,0,0,0,0,0,0,0,0,0,0,0,0,0,0,0,0,0,0,0,0,0,0,0,0.0518914783499851,0,0,0.685955668462445,0,0,0,0,0,0,0,0,0,0,0,0,0,0.0680810770632834,0,0,0,0,-1.09077822254975,0,-1.15434122256421,0,0,0.547293360089335,0,0,0,0,0,0,0,0,0,0,0,0,0,0,0,0,0,-0.446543610740806,0,0,0,0,0,0,0,0,0,0,0,0,-0.481178233849668,0,0,0,0,0,0,0,0,0.21860826300302,0,0,0,0,0.189445402947933,0,0,0,0,0,0,0,0,0,0,0,0,0,0,0
0,0,0,0,0,0,0,0,0,0,0,0,0,0,0,0,0,0,0,0,0,0,0,0,0,0,0,0,0,0,0,0,0,0,0,0.548494126410435,0,0,0,-0.353334663445482,0,0,0,0,0,-0.522601134493948,0,0,0,0,0,0,0,0,0,0,0,1.04096721872662,0,0,0,1.09936737356816,0,0,0,0,0,0,0,0,0,0,0,0,0,0,2.33087322817678,0.492475364197552,-0.271808694702467,0.100886788184713,0,0,0,0,0,0,0,0,0,0,0,0,0,0,0,0,0,0,0,0,0,0.266138677334812,-0.763029060763722,0,0,0,-0.161871333755929,0,0,0,0,0,0,0,0,0,0,0,0,0,0,0,0,0,0,0,0,0,0,0,-0.0201263676073804,0,-0.507363630276238,0,-0.302847240112178,0,0,0,0,0,0,0,0,-0.727422381671144,0,0,0,0,0,0,0,0,0,0,0.0225165821399567,0,0,0,0,0,0,0,0,0,0,0,0,0,0,0,0,0,-0.242188362136721,0,0,0,0,0,0,0,0,0,0,0,0,0,0,0,0,0,0,0,0,0,0,0,0,-0.724323327710383,0,0
0,0,0,0,0,0.807888285803939,-0.883906855167784,0,0.474203671988637,0,0,0,0,0,0,0,1.06270492569747,0,0.131737590430639,0,0,0,0.318511307309234,0,-0.955102110005154,2.77493081407372,0,0,-1.0607970046932,0,0,0,0,0,0,-0.637339393769071,-0.769813230682409,0,0,0,0,0,0,0.163850683823948,0,2.06390663345271,0,0.247798667302195,0,0,0,0,0,-1.59120476887907,0,0,0,0,0,-1.214871139228,0,-0.0444779483359243,-0.429556827068692,0,0,0,0,0,0,0,0,0.125225797565671,0,0,0,0,0,0.649478626701769,0,0,0,0,0,0,0,0,0,-0.419921339284597,1.27029096141389,0,0,0,0,0,1.48948221634494,0,0,0,0,0.708685043905571,0,0,0,0.0933339403997959,0,0,0,-12.1291331914449,0,-0.319528665950125,0,0,0,0,-0.148484168049227,0,0,0,0,0,0,0,0,0,0,0,0,0,0.411641377607728,0,-2.1438995289536,0,0,0,0,0,0,0,0,0.0262226181028973,0,0,0,0,0,0,0,0,0,0,0,0,0.170278507414134,0,0,0,0,0,0,0,0.297371719528799,-0.0361449526835267,0,0.601313688629936,0,-0.9963196963746,0,0,1.61756656016978,0,0,0,0,0,0,-1.71306585963198,-1.2890247176578,0,0,0,0,0,0,0.224805376272323,0,0,0.868595712158629,0.16288425100085,0,0,0,0,0,0,0,0,0,-1.83285559696895,0,0
0,0,0,0,0,0,0,0,0,0,0,0,0,0,0,0,0,0,-0.50914646775768,0,0,0,0,0,0,0,-0.0907743712509717,0,0,0,0.239723893293825,0,0,0,0,0,0,0,0,0,0,0,0,0,0,0,0,0,0,0,0,0,0,0,0,0,0,0,0,0,0,0,0,0,0,0,0,0,0,0,0,0,0,0,-0.835845238930875,0,0,0,-0.233001911191015,0,0,0,0,0,0,0,0,0,0,0,0,0,0,0,0,0,0,0,0,0,0,0,0,0,0,0,0,0,0,0,0,0,0,0,0,0,0,0,0,0,0,0,0,0,0,0,0,0,0,0,0,0,0,0,0,0,0,0,0,0,0,0,0,0,0,0,0,0,0,0,0,0,0,0,0,0,0,0,0,0,0,0,0,0,0,0,0,0,0,0,0,0,0,0,0,0,0,0,0,0,0,0,0,0,0,0,0,0,0,0,0,0,0,0,0,0,0,0,0,0
0,-0.351429100488032,0,0,0,0,-0.156887680703038,0.677421389474624,0,0,0,0,0,0,0,0,0,0,0,0,0,0,0,0,0,-0.775726197640146,0,0,0,0,0,-0.160359229580772,0,0,0,0,1.9394078692371,0,0,0,-0.221005262381717,0,0,0,0,0,-0.829471316267726,0,0,0,0,0,0,0,0,0,0.392030459335228,0,0,0,0,0,0.131405808406919,0,-0.960065701411386,0,0,0,0.118592003400086,0,0,0,0,0,0,0,0,0,0,0,-0.234951507315416,0,0,0,0,0,0,0,0,0,0,0,0,0,0,0,0,0,0,0,0,0.859366364616123,0,0,0,-0.209111004017009,0,0,0,0,0,0,0,0,0,0.682425690425404,0,0,0,0.938743057196464,0,0,0,0,0,0,0,0,0,0,0,0,0,0,0.559665262896249,-0.254095335280038,-1.0353369061789,0,0,0,-1.11583571553017,0,0,0,0,0,0,0,0,0,0,0,0,0.519826681435032,0,0,0,0,0,0,0,0,-0.496568918298006,-0.117172844625189,0,0,0,0,0,0,0.22821462544835,0,0,0.531948363422251,0,0,0,0,0,0,0,0,0,0,0,0,0,0,0,-0.329447973007122,-0.078169356420432,0,0,0,0,0,0,0,0,0
0,0,0,0,0,0,0,0.313602617769441,0,0,0,0.126093589868784,0,0,0,0,0,0,0,0,0,0,0,0,0,-0.11211037474449,0,0,0,0,0.615644721057592,0,0,0,0,0,0,0,0,0,0,0,0,0,0,0,0,0,-1.69083618942878,0,0,0,0,0,0,0,0,0,0,0,0,0,0,0,0,-0.970210140723596,0,0,0,0,0,0,0,0,0,0,0,0,0,0,1.06436365885681,0,0,0,0,-0.62257889512081,0,-0.167355691966289,0,0,0,0,0,0,0,0,0,0,0,0,0,0,0,0,0,0,0,0,0,-3.15579852820284,0,0,0,0,0,0,0,0,0,0,-0.166539771076405,0,0,0,0,0,0.0203826920624806,0.628045483870626,0,0,0,0,0,0,0,0,0.129246478025806,0,0,0,0,0,0,0.227647702935662,0,0,0,0,0,0,0,0,0,0,-0.64843922100191,0,0,0,0,0,0,0,0,0,0,0,0,0,0.00891833588674507,-0.598355818959229,-0.203092856396446,0,0,-0.113753840877852,0,0,0,0,0,0,0,0,0,0,0,0,0,-0.121017506362859,0,0,0,0,-0.0165427729130898,0,0,0,0,0,0,0
0,0,0,0,0,0,0,0,0,0,0.335952257887731,0,0,0,0,0,0,0,0,-0.25269523208995,0,0,0,0,0,0,0,0,0,0,0,0,-0.173815444163895,-0.0524112701753821,0,0,0.284366165090876,0,0,0,0,0,0,0,0,0,0,0,-5.64736062592008,0,0,0,0,0,0,0,1.18133857849806,0.134095797362351,0,0,0,0,0,0,0,0,0,0,0,0,0,0,0,0,0,0,0,0,0,0,0,0,0,0,0,0,0,0,0,0.285751019056554,0,0,0,0,0,0,0,0.729982590131603,0,0,0,0,0,0,0.122818444314714,0,0,0,0,-17.6158815535048,0,0,0,0,0,0,0,0,0,0,0,0,0,0,0,0,0,-0.113056201136452,0,0,0,0,0,0,0,0,-1.67019471976003,0,0,0,0,0,0,0,0,0,0,0,0,0,0,0,0,0,0,0,0,0,0,0,0,0,0,0,0,0.697260374163994,0,0,0,0,0,0,0,0,0,0,0.0676395263083462,0,0,0,-0.215313410522985,0,0,0,0,0,0.0155531356419616,0,0,0,0.300309349127552,0,0,0.867337923701983,0,0,0,0,0,0
0,0,0,0,0,0,0,0,0,0,-0.715233737118462,0,0,0,0,0,0.549735145367297,0,0,0,0,0,0,0,0,0,0,0,0,0,0,0,-0.00151711117272724,0,0,-0.124319960917026,0,0,0,0,0,0,0,0,0.318345393508504,0,0,-0.286331448302633,-4.75534990568202,0,0,0,0,0,0,0,0,0,0,0,0,0,0,0,0,0,0,0,0,-0.0880904735544035,-0.698215609299521,0,0,0,0,0,0,0,0,0,0,0,0,0,0,0,0,0,0,0,0,0,0,0,0.23960822232574,0,0,0.700110075603229,0,0,0,0,0,0,0,0,0,0,0,-15.7319325086065,0,0,0,0.0761286720700611,0,0,0,0,0,0,0,0,0,0,0,0,0,0,0,0,0,0,0,0,0,0,0,0,0,0,0,0.178071669786071,0,0,0,0,0,0,0,0,0,0,0,0,0,0,0,0,0,0,0,-0.922145901804159,0,0,0,0.321776254529953,0,0,0,0,0,0,0,0,0,0,0.28990638392756,0,0,0,0,0,0,0,0,-0.0794241194526402,0,0,0,0,0,0,0,1.12187572278247,0,0,0,0,0,0
0,0,0,0,0,0,0,0,0,0,0,0,0,-0.996750529255476,0,0,0,0,0,0,0,0,0,0,0,0,0,0,0.594972625000772,0,0,0,0,0.0214816913430684,0,0,0,-0.292286956198426,0,0,0,0,0,0,0,0,0,0,-5.11847362792926,0,0,0,0,0,0,0,0,0,0,0,0,0,0,0,0,0,0,0,0,0,0,0,0,0,0,0,0,0,0,0,0,0,0,0,-0.464389780516758,0,0,0,0,0,0,0,0,0,0,0,0,0.0674340389100432,0,0,0,0,0,0,0,0,0,0,0,-16.4021124534955,0,0,0,0,0,0,0,0,0,0,0,0,0,0,0,0,0,0,0,0,0,0,0,0,0,0,0,0,0,0,0,0,0,0,0,0,0,0,0,0,0,0,0,0,0,0,0,0,0,0.286378407119655,0,0,1.27563953027349,0,0,0,0,0,0,0,0,0,0.102292643369831,0,0,0,0.100193912188115,0,0.161018589761956,0,0,0,0,0,0,0,0,0,0,0,0.0359589393780568,0,0,0,0,0,0,0,0,0
0,0,0,0,0,0,0,-0.0462002986328707,0,0,0,0,0,0,0,0,0,0,0,0,0,0,0,0,0,0,0,-0.318950890310379,0,0,0,0,0,0,0,0,0,0,0,0,0,0,0,0,0,0,-0.158034580985461,0,-4.34509407016168,0,0,0,0,0,0,0,0,0,0,0.0897967369582438,0,0,0,0,0,0,0,0,0,0,0,0,0,0,0,0,0,0,0,0,0,0,0,0,0,0,0,0,0,0,0,0,0,-0.0709517985043249,0,0,0,0,0,0,0,0,0,0,0,0,0,0,0,-14.761392990311,0,0,0,0,0,0,0,0,0,0,0,0,0,0,0,0,0,0,0,0,0,0,0,0,0,0,0,0,0,0,0,0,0,0,0,0,0,0,0,0,0,-0.0138835662593331,0,0,0,0,0,0,0,0,0,0,0,0,0,0,0,0,0,0,-0.489253499766315,0,0,0,0,0,0,0,0,-0.155073728220335,0,0,0,0,0,0,0,-0.7438277713867,0,0,0,0,0,0,0,0,0,0,0,0
0,0,0,0,0,0.220418859343155,0,0,0,0,0,0,0,0,0,0,0,0,0,0,0,0,0,0,0,0,0,0,0,0,0,0,0,-0.114107720747459,0,0,0,0,0,0,0,0,0,0,0.95640411722844,0,0,0,-3.29671659372187,0,0,0,0.043081870803922,0,0,0,0,0,0,0,0,0,0,0,0,0,0,0,0,0,0.255299329779801,0,0,0,0,0,0,0,0,0,0,0,0.317360106064597,0,0,0,0,0,0,0,0,0,0,0,0,0,0,0,0,0,0,0,0,0,0,0,0,0,0,-10.0513092344496,0,0,0,0,0,0,0,0,0,0,0,0,0.370251355288273,0,0,0,0,0,0,0,0,0,0,0,0,0,0,0,0,0,0,0,0,0,0,0,0,0,0,0,0,0,0,-0.0598754070115981,-0.039119858740793,0,0,0,0,0,0,0,1.74540390429759,0,0,0,0,0,0,0,0,0,0,-0.00592186226975056,0,0,0,0,0,0,0,0,0,0.00284281090210237,0,0,0,0,0,0,0,0,0,0,0,0,0,0,0,0
0,-0.545572170901258,0,0,0,0,0,-0.000581428702217446,0,0,0,0,0,0.606220099414935,0,0,0,0,0,-0.13959103056038,-0.0655803538073165,0,0,0,0,0,-1.84924726234075,0,0,-0.299437503917615,0,0,0,0,0,0,-0.351935332464592,0.0386184496156452,0,0,0,0.163655451124856,0,0,0,-0.295564113947072,0,0,0,0,0,0,0,0,0,0,0,0,0,0,0.103262764722674,0,0,0,0,0,-0.0230827402853171,0,0,0,0,0,0,0,0,0,0,0.232542777167378,0,-0.0801928004067254,-0.178847234953443,0,0,0,0,0,-3.4784638876869,0,0,0,0,0,0,0,0.0629334365865497,0,0,0,0,-0.245730067908555,0,0,0,0,0,0,0,0,0,0,0,0,0,0,0,0,0,0.336758550035819,0,0.226335347896647,0,0,-0.712769715710353,0,0,0,0,0,0,0,0,-1.7117170274454,0,0,0,0,0,0,0,0,0,0,0,0,0,1.12192520574811,0,0,0,0,0,0,-0.213602475154068,0,0,0,0,0,0,0,0.0486673964032653,0,0,0,0,0,0,0,0,0,0,0,0,0,-0.573521001206303,0,-0.0297897319317806,0,0,0,0,0,0,0,0,0,0,0.612167096764275,0,-0.784470616652637,0,0,0,0,1.22044012623526,0,-0.348610560335306,0,0,0
0,0,0,0,0,0,0,0,0,0,0,0,0,0,0,0,0,-0.281712152450356,0,-0.625248872664481,-0.0678762667795541,0,0,0,0.436333491293482,0,0,-0.541931979102363,0,0,0,0,0,0,0,0,0,0,0,0,0,0,0,-0.227708398033191,0,0,0,0,0,0,0,0,0,0,0,0,0,0,0,0,0,0,0,0,0,0,0,0,0,0,0,0,0,0,0,0,0,0,-0.403500578054778,-0.665326674512976,0,0,0,0,0,0,-7.80672781903862,0.0623829353673904,0,0.402181100894877,0,0,0,0,0,0,0,0,0,0,0,0,0,0,0,0,0,0,0,0,0,0.108316374613893,0,0,0,0,0,0,0,0,0,0,-0.024203548113946,0,0,0,0,0,0,0,0,0,0,0,0,0,1.48123590151563,0,0,0,0,0,0,0,0,0,0,0.533919220323607,0,0,0,0,0,0,0,0,0,0,0,0,0,0,-0.0326164106956921,0,0,0,0,0,-0.202086911079949,-0.872470093837227,0,0,0,0,-0.303367247883044,0,0,0,0,0,0,0,0,0,0,0,0,-1.11944115219403,0,0,0,0,0.187715802792891,-0.756557337168033,0,-0.554425938735222,0,0,0,0
0,0,-0.102740542841247,0,0,0,0,0,0,0,0,0,0,-0.291371220988472,0,0,0,0,0,0,0,0,0,0,0,0,0,0,0,0,0,0,0,0,0,0,0,0,0,0,0,0,0,0,0,0,0,0,0,0,0,0,0,0,0,0,0,0,0,0,0,0,0,0,0,0,0,0,0,0,0,0,0,0,0,0,0,0,0,0,0,0,0,0,0,0,0,0,0,0,0,0,0,0,0,0,0,0,0,0,0,0,0,0,0,0,0,0,0,0,0,0,0,0,0,0,0,0,0,0,0,0,0,0,0,0,0,0,0,0,0,0,0,0,0,0,0,0,0,0,0,0,0,0,0,0,0,0,0,0,0,0,0,0,0,0,0,0,0,0,0,0,0,0,0,0,0.0450645966394583,0,0,0,0,0,0,0,0,0,0,0,0,0,0,0,0,0,-0.0922622748797581,0,0,0,0,0,0,0,0,0,0,0,0,0,0,-0.0891799743091257
0,0,-0.0853993089349598,0,0,0,0,0,0,0,0,0,0,0,0,0,0,0,0,0,0,0,0,0,0,0,0,0,0,0,0,0,0,0,0,0,0,0,0,0,0,0,0,0,0,0,0,0,0,0,0,0,0,0,0,0,0,0,0,0,0,0,0,0,0,0,0,0,0,0,0,0,0,0,0,0,0,0,0,0,0,0,0,0,0,0.0963081503309999,0,0,0,0,0,0,0,0,0,0,0,0,0,0,0,0,0,0,0,0,0,0,0,0,0,0,0,0,0,0,0,0,0,0,0,0,0,0,0,0,0,0,0,0,0,0,0,0,0,0,0,0,0,0,0,0,0,0,0,0,0,0,0,0,0,0,0,0,0,0,0,0,0,0.142052640123055,0,0,0,0,0,0,0,0,0,0,0,0,0,0,0,0,0,0,0,0,0,0,0,0,0,0,0,0,0,0,0,0,0,0,-0.0595144230287246,0,0,0,0,0
0,0,-0.332266596343569,0,0,0,0,0,0,0,0,0,0,0,0,0,0,0,0,0,0,0,0,0,0,0,0,0,0,0,0,0,0,0,0,0,0,0,0,0,0,0,0,0,0,0,0,0,0,0,0,0,0,0.242755040869719,0,0,0,0,0,0,0,0,0,0,0,0,0,0,0,0,0,0,0,0,0,0,0,0,-0.558703715256206,0,0,0,0,0,0,0,0,0,0,0,0,0,0,0,0,0,0,0,0,0,0,0,0,0,0,0,0,0,0,0,0,0,0,0,0,0,0,0,0,0,0,0,0,0,0,0,0,0,0,0,0,0,0,0,0,0,0,0,0,0,0,0,0,0,0,0,0,0,0,0,0,0,0,0,0,0,0,0,0,0,0,0,0,0,0,0,0,0,0,0,0,0,0,0,0,0,0,0,0,0,0,0,0,0,0,0,0,0,0,0,0,0,0,0,0,0,0,0,0,0
0,0,0,0,0,0,0,0,0,0,0,0,0,0,0,0,0,0,0,0,0,0,0,0,0,0,0.346491216596948,0,0,0,0,0,0,0,0,0,0,0,0,0,0,0,0,0,0,0,0,0,0,0,0,0,0,0,0,0,0,0,0,0,0,0,0,0,0,0,0,0,0,0,0,0,0,0,0,0,0,-0.0407294933642295,-0.484460143143174,0,0,0,0,0,0,0,0,0,0,0,0,0,0,0,0,0,0,0,0,0,0,0,0,0,0,0,0,0,0,0,0,0,0,0,0,0,0,0,0,0,0,0,0,0,0,0,0,0,0,0,0,0,0,0,0,0,0,0,0,0,0,0,0,0,0,0,0,0,0,0,0,0,0,0,0,0,0,0,0,0.262851981242423,0,0,0,0,0,0,0,0,0,0,0,0,0,0,0,0,0,0,0,0,0,0,0,0,0,0,0,0,0,0,0,0,0,0,0,0,0,0,0,0
0,0,0,0,0,0,0,0,0.588582421342081,0,0,0,0,0,0,0,0,0,0,0,0,0,0,0,0,0,0,0,0,0,0,0,0,0,0,0,0,0,0,0,0,0,0,0,0,0,0,0,0,0,0,0,0,0,0,0,0,0,0,0,0,0,-0.258547295174993,0,0,0,0,0,0,0,0,0,0,0,0,0,0,0,0,0,0,0,0,0,0,0,0,0,0,0,0,0,0,0,0,0,0,0,0,0,0,0,0,0,0,0,0,0,0,0,0,0,0,0,0,0,0,0,0,0,0,0,0,0,0,0,0,0.485863916757679,0,0,0,0,0,0,0,0,-0.103077392980903,0,0,0,0,0,0,0,0,0,0,0,0,0.112442137831037,0,0,0,0,0,0,0,0,0,0,0,0,0,0,0,0,0,0,0,0,0,0,0,0,0,0,0,0,0,0,0,0,0,0,0.363070972543931,0,0,0,0,0,0,0,0,0,0,0.356868679270137,0,0,0,0
0,0,0,0,0,0,0,0,0.0705564884461178,0,0,0,0,0,0,0,0,0,0,0,0,0,0,0,0,0,0,0.0756026676278378,0,0,0,0,0,0,0,0,0,-0.0795981119665319,0,0,0,0,0,0,0,0,0,0,0,0,0,0,0,0,0,0,0,0,0,0,0,0,0,0,0,-0.037068531966608,0,0,0,0,0,0,0,0,0,0,0,0,-0.0814637005931522,0,0,0,0,0.760282543778753,-0.171097170158277,0,0,0,0,0,0,0,0,0,0,0,0,0,0,0,-0.108477231312124,0,0,0,0,0,0,0,0,0,0,0,0,0,0.251701181677621,0,0,-0.577824634023626,0,0,0,0,0,0,0,0,0,0,0,0,0,0,0,0,0,0,-0.101660600738604,0,0,0,0,0,0,0,0,0,0,0,0,0,0,0,0,0,0,0,0,0,0,0,0,0,0,0,0,0,0.065908607793105,0,0,0,0,0,0,0,0,0,0,-0.0332476648946349,0,0,0,0,0,-0.376634381424285,0,0,0,0,0,0,0,0,0,0,-0.0135175305206672,0,0,-0.483624612407036,0,0
0,0,0,0,-1.07516477843996,0,0,0,0,0,0,0,0,0,0,0,-0.0595076089056519,0,0,-0.763870681917144,0,0,0,0,1.33896171105323,0,0,0,0,0,0,0,0,-0.450893321383339,0,0,0,0,0,0,0.603105519968843,0,0,0,0,0.449725330941439,0,0,0,-0.783077069104291,0,0,0,-0.396685727995164,0,0,0,0,-0.0173147840323937,0,0.263155693367193,0,-0.453170704766013,0,0,-1.98279987999567,0.118584060211916,0,0,0,0.165710895328704,0,0,0,0,0,0,-0.710495662240755,0.0206990430636138,0,0,0,0,0,0,0,-2.59970544292534,1.13334397426711,0.309423875099065,0,0,0,0,0,0,0,0,-0.169691380222188,0,1.26649053404362,0,0,0,0,0,-0.866905222349506,0,0,0,0,-5.64198889252941,0,0,0,0.881185849476942,0,-0.194254883715892,0,0,0,0,0,0.998678392437217,0,0,0,0,0,0,0,0,0,0,0,0,0,-1.26027227754203,0,0,0,-0.193739850162848,0,0,0,0,0,0,0,-0.172882217277494,0,0,0,-0.589103163101891,0,0,0,0.125230694874558,0,0,0.61946719560603,0.549174981940044,0.303237168793019,-0.415750856071322,0,0,0,0.185294757284307,0,0.166800283465802,-0.280752433201374,0,0,0,0,0,-0.31036089863798,0,0,0,0.0491612275851494,0,0,0,-1.1059739894828,0,0,0,0,0,0,0,0,0,-0.366071610987788,0,0,0,0,0,0.577650666709376
0,0,0,0,0,0,0,0,0,0,0,0,0,0,0,0,0,0,0,-0.191267099722954,0,0,0,0,0,0,0,0,0,0,0,0,0,-0.368633932033815,0,0,0,0,0,-1.31329487179456,0,0,0,0,0,0,0,0,0,-0.681879407401215,0,0,0,0,0,0,0,0,0,0,0,0,0,0,0,0,0,0,0,0,0,-0.0148355460425114,0,0,0,0,0,0,0,0,0,0,0.292584638833841,0,0,0,-4.25498754547286,0,0,0,0,0,-0.632059753142816,0,0,0,0,0,0,0,0,0,0.436220510327587,0,0,0,0,0,0,0,-12.6812841331516,0,0.403649194162964,0,0,-0.528358560281335,0,0,0,0,0,0,0,0,0,0,0,0,0.311953454063214,0,0,0,0,0,-4.5059317281023,0.367449676693912,0,0,0,0,0,-0.360891181416372,0,0,0,0,0,0,0,0,0,0,0,0,0,0,0,0,0,0,0,0,0,0,0,0,0,0,0,0,0,0,0,0,0,0,0,0,0,0,0,0,0,-0.928826762240967,0,0,0,-0.28458566765809,0,0,0,0,0,0,0,0,0,0,0,0
0,0,0,0,0,0,0,0,0,-0.145321235058424,0,0,0.283650192084706,0,0,0,0,0,0,0,0,0,0,0,0,0,0,0,0,0,0,0,0,0,0,0,0,0,0,-0.71508825257949,0,0,0,0,0,0,0,0,0,-0.940504070738087,0,0,0,0,0,0,0,0,0,0,0,0,0,0,0,0,0,0,0,0,0,0,0,0,0,0,0,0,0,0,0,0,0,0,0,0,-0.486506118871085,0,0,0,0,0,-0.262434092354671,0,0,0,0,0,0,0,0,0,0.0383075651145655,0,0,0,0,0,0,0,-13.5342583531244,0,0,0,0,-0.68578530542012,0,0,0,0,0,0,0,0,0,0,0,0,0,0,0,0,0,0,-3.08697867286814,0,0,0,0,0,0,-0.220105762103439,0,0,0,0,0,0,0,0,0,0,0,0,0,0,0,0,0,0,0.450978708799548,0,0,0,0,0,0,0,0,0,0,0,0,0,0,0,0,0,0,0,0,0,0,0,0,0,0,0,0,0,0,0,0,0,0,0,0,0,0,0
0,0,0.0258840873110613,0,0,0,0,0,0,0,0,0,0.397435003538166,0,0,0,0.183899328720663,0,0,0,0,0,0,0,0,0,0,0,0,0,-0.0213682743226467,0,0,0,0,0,0,0,0,-0.720891761547103,0,0,0,0,0,0,0,0,0,0,0,0,0,0,0,0,0,0,0,0,0,0,0,0,0,0,0,0,0,0,0,0,0,0,0,0,0,0,0,0,0,0,0,-0.139903183527738,0,0,0,0,0,0,0,0,-0.4299585287222,0,0,0,0,-0.481241903682174,0,0,0,-0.387231625455257,0.693070192889856,0,0,0,0,0,0,0,-15.7903754194329,0.10798681856438,0,0,0,-0.156090488572452,0,0,0,0,0,0,0,0,0,0,0,0,0,0,0,0,0,0,0,0,0,0,0,0,0,0,0,0,0,0,0,0,0,0,0,0,0,0,0,0,0,0,0,0,0,0,0,0,0,0,0,0,0,0,0,0,0,0,0,0,0,0,0,0,0,0,0,0,0,0,0,0,0,0,0,0,0,0,0,0,0,0,0,0
0,0,-0.152329983483561,0,0,0,0,0,0,0,0,0,0,0,0,0,0,0,0,0,0,0,0,0,-1.15292783909646,0,0,0,-0.0750892666358871,0,0,0,0,0,0,0,0,0,0,0,0,0,0,0,0,0,0,0,0,0,0,0,0,0,0,0,0,0,0,-1.52581052530099,0,0,0,0,0,-0.887898265925085,0,0,0,0,0,0,0,0,0.174467868720357,-0.249737226189254,0,0,-0.0294873021681945,0,0,0,0,0,-1.50720161913692,0,0,0,0,0,0,0.363602040884196,0,0,0,0,0,0,0,0,0,0,3.47050585680954,0,0,0,-0.102993031454323,0,0,0,0,0.646258946206064,0,0,0,0,0,-0.27943856130093,0,0,0,0.312574936318252,0.222939399690175,0,0,0,0,0,0,0,0,0,0,0,0.841644164321789,0,0,2.08385858001527,0,0,0,0,0,0,0,0,0,0,0,0.741887809546848,0,0,0,0.269187829222625,0,0,0,0,0,0,0,0,0,0,0,0,0,0,0,0.986116074466608,0,0,0,0,0,0,0,0.505367530102556,0,0,0,0,0,0,0,0,0,0,0,0,0,0,0,0,-0.423460724768075,0,-0.334210744433099,0,0,0
0,0,0,0,-0.406488251190652,0,0,0,0,0,-0.0658714075807398,0,0,0.580448012234729,0,0,0.206056287726464,-0.8050349955681,0,-0.00195591970746678,0,0,0,0,0,0,0,0,0,0,0,0,0,0,0,-0.13270914986098,0,0,0,0,0,0,0,0,0.0918494590542625,0.813337894161263,0,0,0,0,0,0,0,0,0,0,0,0,0,0,0,0,0,0,0,0,0,0,0,0,0,0,0,0,0,0,0,0.00814126822849959,0,0,1.1818999656438,0,0.0811762662287168,0,-1.48340014318735,0,0,0,0,0,0,0,0,0,0,0,0,0,0,0,0,0,0,-1.26458437977682,0,0,0,0.435087020027607,0,0,0,0,0,0,0,0,0,0,0,0,0,0.693798405533214,0,0,0,0,-0.413436894509954,0,0,0,0,0,0,0,0,-0.134680440847722,0,0,0,0,-0.370469956457748,0,0,0,0,0,0,-0.936483867858467,0.794168394452074,0,0,0,0,0,0,0,0,0,0,0,0,0,0,0,0,0,0,-0.856457542170778,0,0,0,0,-0.194298579086939,0,0,0,0.0740615907297233,0,0,0,0,0,0,0,0,0,0,0,0,0,0,0,0,0,0,0,0,0,0,0
0,0,0,0,0,0,0,0,0,0,-0.0768014890818765,0,0,0,0,0,0,0,0,-0.428818504282215,0,0,0,0,0,0,0,0,0,0,0.015631516831536,0,0,0,0,0,0,0,0,0,0,0,0,0,0,0.102569524871874,0,0,0,0,0,0,0,0,0,0,0,0,0,0,0,0,0,0,0,0,0,0,0,0,0,0,0,0,0,0,0,0,0,0,0.110089896786252,0,0,0,0,0,0,0.118080256606915,0,-0.0371438712661327,0,0,0,0,0,0,0,0,0,0,0,0,0.657833150054549,0,0,0,0,0,0,0,0,0,0,0,0,0,0,0,0,-0.32105781422783,-0.96531054077491,0,0,0,0,0,0,0,0,0,0,0,0,0,0,0,0,0,0,0,0,0,0,0,0,0,0,0,0,0,0,0,0,0,0,0,0,0,0,0,0,0,0,0,0,0,0.127125647747228,0,0,0,0,0,0,0,0,0,0,0,0,0,0,0,0,0,0,0,0,0,0,0,0,0,0,0,0,0,0,0,0,0
0,0,0,0,0,0,0,-0.511802538478381,0,0,0,0,0,0,0,0,0,0,0,-0.149793668391045,0,0,0,0,0,-0.312421114510139,0,0,0,0,0,0,0,0,0,0,0,0,0,0,0,0,0,0,0,0,0,0,0,0,0,0,0,0,0,0,-0.560898487251373,0,0,0,0,0,0,1.01711301382673,0,0,0,0,0,0,0,-0.181708991633796,0,0,0,0,0,0.767207774032696,0,0,0,0,0,0,0,0,0,0,0,0,0,0,0,0,0,0,0,0,0,0,0,0,4.12151029346054,0,0,0.126090231931993,0,0,0,0,0,0,0,0,0,0,0,0,0,0,0,0,0,0,0,0,0,0,0,0,0,-0.111683174705581,0,0,0,0,0,0,0,0,-0.701642459390503,0,0,0,0,0,0,0,0,0,0,0,0,0,0,0,0,0,0,0,0,0,0,0,0,0,0.493665683196282,0,0,0,0,0,0,0.324155712237656,0,0,0,0,0,0,0,0,0,0,0,0,0.30376405396237,0,0,0,0.0670788309724351,0,0,0,0,0,0,0,0,0
0,0,0,0,0,0,-0.439614974384129,0,0,0,0,0,0,0,0,0,0,0,0,0,0,0,-0.0562872896593964,0,0,0.280433777186181,0,0,0,0,0,0,0,0,0,0,0,0.191651906074182,0,0,0,0,0,0,-0.478225069307589,0,0,0,0,0,0,0,0,0,0,0,-0.384729972569564,0,0,0,0,0,0,0,0,0,0,0,0,0,0,0,0,0,0,0,0,0.611366975044595,0,0,0,0,0,0,0,0,0,0,0,0,0,0,0,0,0,0,0,0,0,0,0,0,2.38025651478191,0,0,0,0,0,0,0,0,0,0,0,0,0,0,0,0,0,0,0,0,0,0,0,0,0,0,0,0,0,0,0,0,0,0,0,0,0,0,0,0,0,0,0,0,0,0,0,0,0,-0.049582415050728,0,0,0,0,0,0,0,0.121594983262781,0,0,0,0,0,0.261220186761627,0,0,0,0,0,0,0,0,0,0,0,0,0,0,0,-0.02800876614488,0,0,0,0,-0.0651309811119389,0,0,0,0,0,0,-0.182048579842491,0,0,0,0,0
0,0,0,0,0,0,-1.04922007562729,0,0,0,0,0,0,0,0,0,0,0,0,0,0,0,0,0,0,0,0.0160116949894888,0,0,0,0,0,0,0,0,0,0,0,0,0,0,0,0,0,0,0,0,0,0,0,0,0,0,0.0301768751335927,0,0,0,0,0,0,0,0,0,0.370403691605812,0,0,0,0,0,0,0,0,0,0,0,0,0,0,0,0,0,0,0,0,0,0,0,0,0,0,0,0,0,0,0,0,0,0,0,0,0,0,1.68176838178973,0,0,0,0,0,0,0,0,0,0,0,0,0,0,0,0,0,0,0,0,0,0,0,0,0,0,0,0,0,0,0,0,0,0,0,0,0,0,0,0,0,0,0,0,-0.0540978432805517,0,0,0,0,0,0,0,0,0,0,0,0,0,0,0,0,0,0,0.707964203771886,0,0,0,0,0,0,0,0,0,0,0,0,0,0,0,0,0,0,0,0,0,0,0,0,0,0,0,0,0,0,0,0,0
-0.148239383538425,0,0,0,0,0,-2.58892855516823,0,0,0,0,0,0,0,0,0,-0.119734574975341,0,0,0,0,0,-0.276017101571374,0,0,0,0,0,0,0,0,0,0,0.820932157964931,0,0,0,0,0,0,0,0,0,0.489805682620418,0,0,0,0,0,0,0,0,0,0,0,0,0,0,0,0,0,0,0,0.709986006851052,0,-0.695945423176729,0,0,0,0,0,0,0,0,0,0,0,0,0,0,0,0,0,0,0,0.130430139444194,0,0.0208206077012747,0,0,0,0.408558204489168,0,0,0,0,0,0,0.115884768642942,-0.0139864260192486,0,0,0.395839996544298,0,0,-0.567093548371742,0,0,0,0,0,0,0,0,0,0,0,0.412706465723847,0,0,0,0,0,0,0,0,0,0.0836207438972929,0,-0.169694225807806,0,-0.799201303233163,0.108889677444444,0,0,0,0,0,0,0,-1.5572247568906,0,0,0,0,0,0,0,0,0,0,0,0,0,0,0,0,0,0,0,0,0,0,0.117829022900844,0,0,0,0,0.943610090081547,0,0,0,0,0.140548273717711,0,0,0,-0.296789653935395,0,0,0,0,0,0.264267459538446,0,0,0,0,0,0,0,0,0,0,-1.13267258414827,0,0,0,0,0
0,0,0,0,0,0,-0.899648110653743,0,0,0,0,0,0,0,0,0,-0.643899393541318,0,0.0314920137807857,0,0,0,0,0,0,-0.796815532681295,0,0,0,0,0,0,0,0,0,0,0,0,0,0,0,0,0,0,0,0,-0.14874329565623,0,0,-0.456005162412728,0,0,0,0,0,0,0,0,0,0,0,0,0.562544682422957,0,0,0,0,0,0,0,0,0,0,0,0,0,0,0,0,0,0,0,0,0,0,0,-1.4956859266859,0,0,0,0,0,0,0,0,0,0,0,0,0,0.236542073457128,0,0.262474292116694,0,0,0,0,0,0,0,0,0,0,0,0,0,0,0,0,0,0,0,0,0,0,0,0,0,0,0,0,0,0,0,0,-0.254679236657616,0,0,0,0,-0.917295739727515,0,0,0,0,0,0,0,0,0.321501680813757,0,0,0,0,0,0,0,0,0,0,0,0,0,0,0,0,0,0,0,0,0,0,0,0,-0.43402491319,0,0,0,0,0,0,0,0,0,0,0,0,0,0,0,0,0,0,0,0,0,0,0,0,0
0,0,0,0,-0.133740439852534,0,-0.46124080640077,0,0,0,0,0,0,0,0,0,0,0,0,0.741372562459977,0,0,0,0,0,0,0.226678407520079,0,0.248864091115932,0,0,0,0,0,0,0,0,0,0,0,0,0,0,0,0,-0.19717770572939,0,0,0,0,0,0,0,0,0,0,0.67415196284732,0,0,0,0,0,0,0.0680995213961473,-0.76298568959294,0,0,0,0,0,0,0,0,0,0,0,0,0,0,0,0,0,0,0,0,0,0,0,0,0,0,0,0,0,0,0,0,0,0,-0.516943629157088,0.163553037657121,0,0.377882354663665,0,0,-0.489683721453099,0,0,0,0,-1.99190027039836,0,0.30345228674404,0,0,0.679089733125337,0,0,0,0,0,0,0,0,0,0,0,0,0,0,-0.258956739392934,-0.294297712225369,0,0,-0.855203353292546,0,0,0,0,0,0,0,0,0,0,0,0,0,0,0,0,0,0,0.274142582378892,1.09444503699177,0,0,0,0,0,0,0,0,0,0,0,0,0,0,0,0,0,0,0,0,0,0,0,0,0,0,0,0,0,0,0.154848008373756,0,0,0,0,0,0,-2.23362785192884,0,0,0,0,0,0,-0.892112369105225
0,0,0,0,0,0,0,0,0,0,0,0,0,0,0,0,-0.490417647457878,0,0,0,0,0,0,0,0,0,0,-0.0807711519932592,0,0,0,0,0,0,0,0,0,0,0,0,0,0,0,0,0,0,0,0,-0.0324830308742166,0,0,0,0,0,0,-0.84337426782947,0,0.474183547591519,0,0,0,0.604531418173772,0,0,0,0,0,0,0,0,0,0,0,0,-0.150797901784117,0,0,0,0,0.0619488557238657,0,0,0,0,0,0,0,0,0,0,0,0,0,0,0,-1.11652311921073,0,0,0,0,0,0,-0.241463855652941,0,0,0,0,0,0,0,-12.8412418272481,0,0.213773019071636,0,0,0,-0.346024330364519,0,0,0,0,0.261301286319301,0,0,0,0,0,0,0,0,0,0,0,0,-9.37256323418597,0,0,0,0,0,0,0,0,0,0.394790439584787,0,0,0,0,0,0,0,-0.0710812528455416,0,0,0,0,0,0,0,0.539057205730317,0,0,-0.761331937902733,0,0,0,0,0,0,0,0,0,0,0,0,0,0,0,0,0,0,0,0,0,0.669315404802663,0,-1.22287487146465,0,0,0,0,0,0,0,0,0,0,0,0
0,0,0,0,0,0.0395636408002404,0,0,0,0,0,0,0,0,0,0,0,0,0,0,0,0,0,0,0,0,0,-0.578448689984267,0,0,0,0,0,0,0,0,0,0,0,0,0,0,0,0,0,0,0,0,0,0,0,0,0,0,0,-0.883715273745241,0,0,0,0,0,0.283312868470898,0,0,0,0,0,0,0,0,0,0,0,0,-0.167102298238388,0,0,0,0,0.178646579894785,0,0,0,0,0,0,0,0,0,0,0,0,0,0,0,-0.282646431155237,0,0,0,0,0,0,-0.0347172413191446,0,0,0,0,0,0,0,-14.5656449944892,0,0,0,-0.26873089730532,0,0,0,0,0,0,0,0,0,0,0,0,0,0,0,0,0,0,0,-5.58795349895921,0,0,0,0,0,0,0,0,0,0,0,0,0,0,0,0.932229277905141,0,0,0,0,0,0,0,-0.395195222575772,0,0,0,0,-0.954962067147803,0,0,0,0,0,0,0,0,0,0,0,0,0,0,0,0,0,0,0,0,0,0,0,0,0,0,0,0,0,0,0,0,0,0,0,0
0,0,0,0,0,0.26466805644319,0,0,0.205601067641458,0.0614727657704086,0,0,0,0,0,0,0,0,0,0,0,0,0,0,0,0,0,-0.170642301818735,0,0,0,0,0,0,0,0,0,0,0,0.101170168792034,0,0,0,0,0,0,0,0,0,0,0,0,0,0,0,0,0,0,0,0,0,0,0,0,0,0,0,0,0,0,0,0,0,0,0,0,0,0,0,0,0,0,-0.0589062525514252,0,0.229564284372234,0,0,0,-0.252161727066976,0,0,0,0,0,0,0,0,0,0,0,0,0,0,0,0,0,0,0.45070341319197,0,0,-14.788262356943,0,0,0,0,0,0,0,0,0,0,0,-0.46216369271049,0,0,0,0,0,0,0,0,0,0,0,0,0,0,0,0,0.586826648136301,0,0,0,-0.0179975557140506,0,0,0,0,0,0,0.0388022338106893,0,0,0,0,0,0,0,0,-0.601346490619531,0,0,0,0,0,0,0,0,0,0,0,0,0,0,0,0,0,0,0,-0.594131390723345,0,0,0,0,0,0,0,0,0,0,0,0,0,0,0,0,0,0,0,0
0,0,0,0,0,0,0,0,0,0,0,0,-0.943506539505593,0,0,0,0,0,0,0,0,0,0,0,0,0,0,0.122840212416536,0,0,0,0,0.149564974841135,0,0,0,0,0.93105252471946,0,0,0,0,0,0,0,0.453011893941989,0,0,0,0,0,0,0,0,0,0,0,0,0,0.421276138337888,0,0,-0.0355439415365768,0,0,0,0,0,1.36157180145133,0,0,0,0,0,-0.394279725782676,0,0,0,0,0,0,0,0,0,0,0,0,0,0,0,0,0,0,0,0,0,0,0,0,0,0,0.918168143110135,0,0,0,0,0,0,0,0,-0.464205067995243,0,0,-0.489407077465839,0,-0.709187568891094,0,-4.50783275204898,0,0,0,0,0,0,0,0,0,0,0,0,0,0,0,0,0,0,-0.168021577299076,0,0,0,0,0,0,0,0,0,0,-0.161816881683756,0,0.0150566729716577,0,0,0,0,0,-0.194465292668327,0,0,0,0,0,0,0,0,0,0,0,0,1.20122027809947,0,0,0,0,0,0,0,0,0,0,0,0,0,0,0,0,0,0,0,0,0,0,0,0.583000973274691,-0.0374319199617608,-0.0923797490927585,-0.0803333792392884,0,0,0,0
0,0,0,0,0,0,-0.366052373828881,-1.68523407722299,0,0,0,0,0,0.283149938501522,0,0,0,0,0,0,0,0,0,0,0,0,0,0.196668791830853,-0.105909376872473,0,0,0,0,0,0,-0.270549519483202,0,0.115052140841035,0,0,0,0,0,0,0,0,0,0,0,0,0,-0.699723023895172,0,0,0,0,0.0156221361289288,0,0.102016783464428,0.00615444729527548,0,0,0,-0.0852413099719973,0,0,0,0,0,0,0,0,0,0.28029327804719,0,0,0,0,0,0,0,0,0,-0.546175245033086,0,0,0,1.54716830352783,0,0,0,-0.932917397883198,0,0,0,0,0,0,0,0,0,0,0,0,0.369748587505772,0,0,0,0,0,0,0,0,-0.0130720145669956,0,0,0,0,0,0,0,0,0,0,0,0,0,0,0,0,0,0,-0.309423081160196,0,0,0,-0.427198870124397,0,0,0,1.18753796930118,-0.708458722361383,0,0,0,0,0,0,0,0,0,0,0,0,0.926924271658126,0,0,0,0,0,0,0,-0.0227805382824182,0,0,0,0,0,0,-0.495893109205465,0,0,0,0,0.227942360225037,0,0,0,0,-0.61726562762052,0,0,-0.357069082738157,0,0,0,0,0,0,0,0,0,-1.84577902333795,0,-0.133012380478904,0,0,0,0,0
0,-0.299537137883279,0,0,0,0.438080623420625,0,-1.54140087678209,2.63150477542498,0,-2.26379162668189,0,2.65386619597815,0.464284909764199,0,0.202862681527963,1.40277018997877,0,0,0,-0.0157726557074038,0,-6.90368300284572e-05,0,0,1.06552673721587,0,2.58283956015202,0,0,0,0,0,0,0,0,0,0,0,0,0,0,0,0,0.316178639220466,0,-1.90833485651165,0,0,0,0,0,0,0,0,0,0,0,0,0.517057793316907,0,0.535162673422685,0,0,0,-2.43479487837316,0,0,0.0502827173514455,0,0,0,0,0,0,0,0,-2.87252723516318,0,1.53830951879135,-1.01645183413979,0,1.48112789744706,0,0,0.116366894009036,0,2.87864046044619,0,0,0,0,0,0,0,0,0,0,0,0,0,0,0,0,0,0,0.374051360595667,0,0,2.09411888533315,0.521138371179894,0,-0.737534647530711,0,0,2.72372989430685,0,0,0,0,0,0,0,0,0,0,1.39676573466982,-0.871611652539738,0,0,0,0,0,0,0,0,0,0,0,0,0.178501764629466,0,0,0,0,0,0,0.356776694430865,0,0,0,0.521952823596503,0,-0.16323575603055,0.346980860239918,0,0,0,-0.440343392978403,0,0,-0.0426438890199907,0,0,0,0,0,0,0.0394054941169983,0,0.686118701558055,-0.498918778349576,-0.564578532644625,0,0.273592005280696,-1.43582646807436,0,0,0,-0.862518003939623,0,0,-0.32366005078519,0,0,0.465805130329457,0,0,0,0,0,0,0,0,-0.21084199766034,0.0462160660984019,0,0,0,-0.740594168839762
0,0,0,0,0,0,0,0,0,0,0,0,0,0.908549575698089,0,0,0,0,0,0,0,0,0,0,0,2.51857761535934,0,0.820082001748727,-0.0395651949993545,0,0,0,0,0,0,0,0.673996399997993,0,0,0,0,-0.272502491286683,0,0,0,-0.83877798144315,0,0,0,0,0,0,0,-0.512847651040041,0,0,0,0,0.0308632648429052,0,0,0.803769341201174,0.874582842069328,0,0,0,0,0,0,0,0,0,0,0.340990899740611,0,0,0,0.483870920174184,0,0,0,0,0.25096646015503,0,-0.657050021295252,0,0,0,0,0,0,0,-0.285858282431285,0,0,-0.177208771238394,0,0,0,0,0,0,0,0,0.245581077505783,0,0,0,0,0,0,0.789127164343596,0,0,0,0,0,0,0,0,0,0,0,0,0,0,0,0,0,0,0,0,0,0,0,0,-0.427613782255755,0,0,0,0.00623661383026364,0,0,-0.409924380816271,0,0,0,0,-0.174778928358793,0,0,0,0,-0.428852594418767,0,0,0,0,0,0,0,0,-0.208862527498366,0,0,0,0,0,0,-0.811612839340135,0,0,0,0.470977442706198,0,0,0,0,0,-0.026994371992251,0,0,0,0,0,0,0,0,0,-0.018529751524738,0,0,-0.244813003092371,0,-0.0452076154847585,0,0,0,0,0
0,0,0,0,0,0,0,0,0,0,-0.737428778047572,0,0,0,0,0,0,0,0,0,0,0,0,0,0.0255479878283293,0.197927376690274,0,0,-0.709942326886232,0,0.553078983921888,0,0,0,0,0,-0.358312492891596,0,0,0,0,0,0,0,0,0,0.14800040944013,0,0,0,0,0,0,0,0,0,0,0,0,0,0,0,0,0,0,0,0,0,0,0,0,0,0,0,0,0,0,0,0,0,0.670290882071089,0,0.25977763808125,0,0,0,0,0,0,0,0,0,0,0,0,0,0,0,0,0,0,0,0,0,0,0,0,0,0,0,0,0,0,0,0,0,0,0,0,0,0,0,0,0,0,0,0,0,0,0,0,0,0,0,0,0,0,0,0,0,0,0,0,0,0,0,0,0,0,0,0,0,0,0,0,0,0,0,0,0,0,0,0.0939709139584013,0,0,0,0,0,0.175265730954032,0.411047170662306,0,0,0,0,0,0,0,0,0,0,0,0,0,0,0,0,0,0,0,0,0,0,0,0,0,0,0,0,0,0
0,0,0,0,0,0.518982853883108,0,0,0,-0.130508352762077,-2.8181174513779,0,0,0.232100552297871,0,0,0,0,0,0,0,0,0,0,0,0,0,0.150694061001205,-0.259533694950877,0,0.302665417023178,0,0,0,0,0,0,0,0,0,0,0.36063630280767,0,0,0,0.56438632423502,0.0259259151421412,0,0,0,0,0,0,0,0,0,0.288531580979918,0,0,-0.0519046502341809,0,0,0,0,0,0,0,0,0,0,-0.618435503064827,0,0,0,0,0,0,0,0,0,0.532167558540803,0,0,0,0,0,-0.435231489362656,-0.398554192803469,0,0,0,0,0,0,0,0,0,0,0,0,0,0,0,0,0,0,0,0,0,0,0,0,0,0,0,0,0,0,0,0,0,-0.849212961232342,0,0,0,0,0,0,0,0,0,0,0,0,-0.315221963769982,0,0,0,0,0,0,0,0,0,0,0,0,0,0,0,0,-0.366455276392566,0,0,0,0,0,0,0,0,0,0,0.887255759468606,0,0,0,0,-2.51422033769598,0.0705914301011346,0,0.0715020847948589,0,0,0,0,0,0,0,0,-0.252214747863074,0,0,0,0,0,0,0,0,0,0,0,0,0,0,0,0.482744520622846,0,0,0,0
0,0,0,0,0,0,0,0,0,0,0,0,0,0,0,0,0,0,0,0,0,0,0,0,0,0.181021594810831,0,0.200820615666041,0,0,0.087659550184217,0,0,0,0,0,0,0,0,0,0,0,0,0,0,0,0,0,0,0,0,0,0,0,0,0,0,0,0,0,0,0,0,0,0,0,0,0,0,0,0,0,0,0,0,0,0,0,0,0,0,0,0,0,0,0,0,0.22448821609063,0,0,0,0,0,0,-0.145964085287471,0,0,0,0,0,0,0,-0.372012739303048,0,0,0,0,0,0,0,0,0,0,0,0,0,0,0,0,0,0,0,0,0,0,0,0,0,0,0,0,0,0,0,0,0,0,0,0,0,0,0,0,0,0,0,0,0,0,0,0,0,0,0,0,0,0,0,0,0,0,0,1.51577911474442,0,0,0,0,0,0,0,0,0,0,0.562105050540074,0,-0.0891172916249465,0,0,0,0,0,-0.116946070925136,0,0,0,0,0,0,0,0,0,0,0,0,0,0,0,0,0,0.674970949158804
0,0,0.765177607652187,0,0,0,0,0,0,-0.373151436772704,0,0,0,0,0,0,0,0,0,0,0,0,0,0,0,0,-3.25118486771858,0,-0.0493242334471959,0,0,0,0,-0.443450365943558,0,0,0,0,0,0,0,0,0,0,-0.207474296106386,0,0,0,0,0,0,0,0,0,0,0,0,0,0,0,0,0,0,0,0,-0.0029214580945065,0,0,0,0,0,0,0,0,0,0,0,0,0,0,0,0,0.331007425507145,0,0,0,-0.113218807662012,3.55829081323712,0,0.755325686906139,0,0,0,0,-0.108169641156199,0.146913243616529,0.544681768198318,0,0,0,0,-0.393178584968412,0,0,0,-0.114998907106842,0,0,0,0,0,0,0,0,0,0,0,0,0,0.328447204742997,0,-0.129306279515676,0.0251351413248189,0.637083510054341,0,0,0,0,0,0,0,0,0,0,0,0,-2.91213411828861,0,0,-1.40334315519827,0,0,0,0,0,0,0,0,0,0,0,0,0.386770795529259,0,0,0,0,0,0,-0.558558890740006,0,0,0,0,0,0,0,0,0,0,0,0,0,1.61187323986546,0.434779459346151,0,0,0,0,0.0998183501298739,0,0,0,0.107691670668703,0.0544011606540638,0,0,0,0,0,-0.30134414606692,0,-1.57952633250725,0,0,0,0,0,0,0.946710831133514
0,0,0,0,0,0,0,0,0,0,0.132370638104399,-0.0671004690760897,0,0.249513510776123,0,0,0,0,0,0,0,0,0,0,0,0,-0.736169427402063,0,0,0,0,0,0,0,0,0,0,0,0,0,0,0,0,0,0,0,0,0,0,0,0,0,0,0,0,0,0,0,0,0,0,0,0,0,0,-0.0869380276751412,0,0,0,0,0,0,0,0,0,0,0,0,0,0,0,0,0,0,0,0,0,0.880956698013926,0,0.411898017777252,0,0,0,0,-0.0186680356905391,0,0,0,0,0,0,-0.000941518490270354,0,0,0,0,0,0,0,0,0,0,0,0,-0.0359300837987488,0,0,0,0,0,0,0,0,0,0,0,0,0,0,0,0,0,0,0,0,0,-2.51330439520169,0,0,-0.147236243845867,0,0,0,0,0,0,0,0,0,0,0,0,0,0,0.674486844784743,0,-0.615290117165742,0,0,0,0,0,0,0,0,0,0,0,0,0,0,0,0,0.676166408844638,0.797152874085824,0,0,0.0547061002980724,0,0,0,0,0,0,0,0,0.593279986884587,0,0,0,0,0,-2.72582382855041,0,0,0,0,0,1.76099057552901,0
0,0,0,0,0,0,0,0,0,0,0.25050255393791,-0.00235514443603457,0,0,0,0,0,0,0,0,0,0,0,0,0.0132305604540881,0,0,0,0,0,0,0,0,0,0,0,-0.371180751030599,0,0,0,0,0,0,0.726729500512566,0,0,0,0,0,0,0,0,0,0,0,0,0,0,0,0,0,0,0,0,0,0,0,0,0,0,0,0,0,0,0,0,0,0,0,0,0,0,0,0,0,-0.158448551854422,0,0.58542525196879,0,0,0,0,0,0,0,0,0,0,0,0,0,-0.19597249507982,-0.211078095904011,0,0,0,0,0,0,0,0,0,0,0,-0.777751233775925,0,0,0,0,0,0,0,0,0,0,0,0,0,0,0,0,0,0,0,0,0,-0.633114623206861,0,0,0,0,0,0,0,0,0,0,0,0,0,0,0,0,0,0,0,0,0,0,0,0,-0.0137040699610402,0,0,0,0,0.00159462894552376,0,0,0,0,0,0,0,0,0,0,0,0,0,0,0,0,0,0,0,0.289937298677299,0,0,0,0,0,0,0,0,0,0,0,0,0
0,0,0,0,0,0,0,0.141771933324562,0,0,0,0,0,0,0,0,0,0,0,0,0,0,0,0,0,0,0,0,0,0,0,0,0,0,0,0,0,0,0,0,0,0,0,0,0,0,0,0,0,0,0,0,0,0,0,0,0,0,0,0,0,0,-0.372330260336421,-1.3682229890679,0,0,0.807951310786241,0,0,0,0,0,0,0,0,0,0,0,0,0,0,0,0,0,0,0,-5.2910343846383,0,0,0,0,0,0,0,0,0,0,0,-0.0574058029338045,0,0,0,0,0,0,0,0,0,0,0,0,-0.937011468322697,0,0,0,0,0,0,0,0.611591475904006,0,0,0,0,0,0,0,0,0,0,-0.965969113302577,0,0,0,0,0,0,0,0,0,0,0,0,0,0,0,0,0,0,0,0,0,0,0,0,0,0,0,0,0,0,1.49681639025337,0,0,0,0,0,0,0,0,0,0,0,0,0,0,0,0,0,0,0,0,0,0,0,-0.223424841832162,0,0,0,0,-0.542037069067037,0,0,0,0,0,0,0,0,0
0,0,0,0,0,0,0,0,0.052984120053031,0,0,0,0,0,0,0,0,0,0,0,0.173918206335245,0,0,0,0,-1.1103593061266,0,0,0,0,-0.464228765902314,0,0,0,0,0,0,0,0,0,0,0,0,0,0,0.0389629118430515,0,0,0,0,0,0,0,0,0,0,0,0,0,0,0,0,1.51927594363668,0,0,0,0,0,0,0,0,0,0,0,0,0,0,0,0,0,0,0,0,0,0,0,0,0,0,0,0.00935590163043631,0,0,0,0,0,0,0,0,-0.190975793461295,0,0,0,0,0,0,0,0,0,0,0,0,0,0,0,0,0,0,0,0,0,0,0,0,0,0,0,0,0,0,0,0,0,0,0,0,0,0,0,0,0,0,0,0,0,0,0,0,0,0,0,0,0,0,0,0,0,0,0,0,0,0,0,0,0,0,0,0,0.0885721605626217,0,0,0,0,0,0,0,0,0,0,0,0,0.371142647719755,0,-0.140545297208927,0,0,0,0,0,0,0,0,0,0,0,0,0,0,0,0
0,0,1.66121668750257,0,0,0,0,0,0,0,0,0,0,0,0,0,0,0,0,-0.284640586721456,0,0,0,-1.69268050536862,0,0,0,0,0,0,0,0,0,0,0,0,-0.0510207785159114,0,0,0,0,0,0,0,0,0,0,0,0,0,0,0,0,0,0,0,0,0,0,0.221482272959631,0,0,0,0,0,0,0,0,0,0,0,0,0,0,0,0,0,0,0,0,0,0,0.348536053037567,0,-0.10396415335614,0,0,0,0,0.146859879653712,0,0,-0.103684933935756,0,0,0,0,0,0,-0.863652739388207,0,0,0,-0.0182036161414063,0,-0.784025180458463,0,-0.658170352956497,0,0,0,0,0,0,0.127602697586988,0,0,0,0.0086702681710733,0,0,0,-0.201553244226319,0,0,0,0,0,0,0,0,0,0,0,0,0,0,0,0,0,0,0,0,0,0,0,0,0,0,0.57631125458618,0,0,0,0,0,0,0,0,0,0,0,0,0.417781804210354,0,0,0,0,0,0,0,0,0,0,0,1.07585541990692,0,0,0,0,0,0,0,0,0,0,0,0,-0.225450732007005,0,0,0,0,0,0,0.754716291284401,0,0,0,0,0
0,0,0,0,0,0,0,0,0,0,0,0,0,0,0,0,0.374006395020938,0,0,0,0,0,0,-0.379596714782283,0,0,0,0,0,0,0,0,0.11472026800654,0,0,0,0,0,0,0,0,0,0,0,0,0,0,0,0,0,0,0,0,0,0,0,0,0,0,0,0,0,0,0,0,0,0,0,0,0,0,0,0,0,0,0,0,0,0,0,0,0,0,0,0,0,0,0,0,0,0,0.147260669563493,0,0,0,0,0,0,0,-0.904737895580226,0,0,0,-0.058477940521573,0,0,0,0,0,0,0,0,0,0,0,0,0,0,0,0.08720324912398,0,0,0,0,0,0,0,0,0,0,0,-0.150849952600204,0,0,0,0,0,0,0,0,0,0,0,0,0,0,0,0,0,0,0,0,0,0,0,0,0,0,0,0,0,0,0,0,0,0,0,0,0,0,0,0,0,0,0,0,0,0,0,0,0,0,0,0,0,0,0,0,0,0,0,0,0.0886967601435633,0,0,0,0,0,0,0
0,0,0,0,0,0,0,0,0,0,0,0,0,0,0,0,0,0,0,0,0,0,0,0,0,0,0,0,0,0,0,0,0,0,0,0,0,0,0,0,0,0,0,0,0,0,0,0,0,0,0,0,0,0,0,0,0,0,0,0,0,0,0,0,0,0,0,0,0,0,0,0,0,0,0,0,0,0,0,0,1.49280507690859,0,0,0,-0.298517377909943,0,0,0,0,0,0,0,0,0,0,0,0,0,0,0,0,0,0,0,0,0,0,0,0,0,0,-0.24186175179308,-0.207119484816119,0,0,0,0,0,0,0,0,0,0,0,0,0,0,0,0,0,0,0,0,0,0,0,0,0,0,0,0,0,0,-0.22194520760402,0,0,0,0,0,0,0,0,0,0,0,0,0,0,0,0,0,0,0,0,0,0,0,0,0,0,0,0,0,0,0,0,0,0,0,0,0,0,0,0,0,0,0,0,0,0,0,0,0,0,0,0,0,0,0,0
0,0,0,0,0,0,0,0,0,0,0,0,0,0,0,0,0,0,0,0,0,0,0,0,0,0,0,0,0,0,0,0,0,0,0,0,0.0742241523265901,-0.0996428937534588,0,0,0,0,0,0,0,0,0,0,0,0,0,0,0,0,0,0,0,0.493448782111394,0,0,0,0,0,0,0,-0.389682389216816,0,0,0,0,0,0,0,0,0,0,0,0,0,0,0,0,0,0,0,0,0,0,0,0,0,0,0,0,0,0,0,0,0,0,0,0,0,0,0,0.121420111227312,0,0,0,0,0,0,0,0,0,0,0,0,0,0,0,0,0,0,0,0,-0.19213744623886,0,0,0,0,0,0,0,0,0,0,0,0,0,-0.605724608655209,0,0,0,0,0,0,-0.0687883667747835,0,0,0,0,0,0,0,0,0,0,0,0,0,0,0,0,0,0,0,0,0,0,0,0,0,-0.758555150231881,0,0,0,0,0,0,0,0,0,-0.147268570436694,0,0,0,0,0,0,0,0,0,0,0,0,0,0,0,0
0,0,-0.187529380075141,0,0,0,0,0,0,0,0,0,0,0,0,0,0.0405425941551654,0,0,0,0,0,0,0,0,0,0,0,0,0,0,0,0,0,0,0,0,0,0,0,0,0,0,0,0,0,0,0,0,0,0,0,0,0,0,0,0,0,0,0,0,0,0,0,0,-0.0255612124265794,0,0,0,0,0,0,0,0,0,0,0,0,0,0,0.453114550385677,0,0,0,0,0,0,0,0,0.111992100774745,0,0,0,0,0,0,0,0,0,0,0,-0.509961372531458,0,0,0,0,0,0,0,0,0,0,-0.32882219112502,0,0,0,0,0,0,0.0611415306601306,0,0,0,0,0,0,0,0,0,0,-0.0341352361725471,0,-0.0424134343827047,0,0,0,0,0,0,0,0,0,0,0,0,0,0,0,0,0,0.019722064351497,0,0,0,0,0,0,0,0,0,0,0,0,0,0,0,0.0147260154531659,0,0,0,0,0,0,0,0,0,0,0,0,0,0,0,0,-0.324634982746652,0,0,0,0,0,0,0,0,0,0,0,0,0,0,0,-0.347439203647026
0,0,0,0,0,0,0,0,0,0,0,0,0,0,0,0,0,0,0,0,0,0,0,0,0,0,0,0,0,0,0,0,0,0,0,0,0,0,0,0,0,0,0,0,0,0,0,0,0,0,0,0,0,0,0,0,0,0,0,0,0,0,0,0,0,0,0,0,0,0,0,0,0,0,0,0,0,0,0,0,0,0,0,0,0,0,0,0,0,0,0,0,0,0,0,0,0,0,0.0572591004548466,0,0,0,0,0,0,0,0,0,0,0,0,0,-0.167349559425814,0,0,0,0,0,0,0,0,0,0,0,0,0,0,0,0,0,0,-0.105131299898704,0,0,0,0,0,0,0,0,0,0,0,0.236170919931684,0,0,0,0,0,0,0,0,0,0,0,0,0,0,0,0,0.114906106246336,0,0,0,0,0,0,0,0,0,0,0,0,0,0,0,0,0,0,0,0,0,0,0,0,0,0,0,0,0,0,0,0,0,0,0,0,0,0,0
0,0,-0.131618502519677,0,0,0,0,0,0,0,0,0,0,0,0,0,0,0,0,0,0,0,0,0,0,0,0,0,0,0,0.273948845515052,0,0,0,0,0,0,0,0,0,0,0,0,0,0,0,0,0,0,0,0,0,0,0,0,0,0,0,0,0,0,0,0,0,-0.358925234280892,0,0,0,0,0,0,0,0,0,0,0,0,0,0,0,0,0,0,0,0,0,-2.32308373794722,0,0,0,0,0,0,0,0,0,0,0,0.451326011320734,0,0,0,0,0,0,0,0,0,0,0,0,0,0,0,0,0,0,0,0,0,0,0,0,0,0,0,0,0,0,0,0,0,0,0,0,0,0,0,0,0,0,0,0,0,0,0,0,0,0,0,0,0,0,0,0,-0.643978943347917,0,0,0,0,0,-0.112888679393679,0,0,0,0,0,0,0,0,0,0,0,0,0,0,0,0,-0.0799801937856977,0,0,0,0,0,0,0,0,0,0,0,0,0,0,0,0,0,0,0,0,0
0,0,0,0,0,0,0,0,0,0,0,0,0,0,0,0,0,0,0,0,0,0,0,0,0,0,1.0588561826011,0,0,0,0,0,0,0,0,0,0,0,0,0,0,0,0,0,0,0,0,0,0,0,0,0,0,0,0,0,0,0,0,0,0,0,0,0,0,0,0,0,0,0,0,0,0,0,0,0,0,0,0,0,-0.0915311584639891,0,0,0,0,0,0,0,0,0,0,0,0,0,0,0,0,0,0,0,0,0,0,0,0,0,0,0,0,0,0,0,0,0,0,0,0,0,0,0,0,0,0,0,0,0,0,0,0,0,0,0,0,0,0,0,0,0,0,0,0,0,0,0,0,0,0,0,0,0,0,0,0,0,0,0,0,0,0,-0.040069048343198,0,0,0,0,0,0,0,0,0,0,0,0,0,0,0,0,0,0,0,0,0,0,0,0,0,0,0,0,0,0,0,0,0,0,0,0,0,0,0,0
0,0,0,0,0,0,0,0,0,0,0,0,0,0,0,0,0,0,0,0,0,0,0,0,0,0,0,0,0,0,0,0,0,-0.256919037232103,0,0,0,0,0,0,0,0,0,0,0,0,0,0,-14.9092753530393,0,0,0,0,0,0,0,0,0,0,0,0,0,0,0,0,0,0,0,0,0,0,0.107378106224242,0,0,0,0,0,0,0,0,0.0488693552147279,0,0,0,0,0,0,0,0,0,0,0,0,0,0,0,0,0,-0.162714770716603,0,0,0,0,0.752686423945347,0,0,0,0,0,0,0,0,0,0,0,0,0,0,0,0,-0.231443841549602,0,0,0,0,0,0,0,0,-0.231391039598954,0,0,0,0,0,0,0,0,0,0,0,0,0.00736008021921308,0,-0.376734019381629,0,0,0,0,0,0,0,0,0,0,0,0,0,0,0,0,0.0355266567337269,0,0,0,0,0,0,0,0.435597857744321,-0.457672088578979,0,0,0,0,0,0,0.118037985058529,0,0,0,0,0,0,0,0,0,0,0,0,0,0,0,0,0,0,0,0,0,0
0,0,0,0,0,0,0,0,0,0,0,0,0,0,0,0,0,0,0,0,0,0,0,0,0,0,0,0,0,0,0.0907474196769853,0,0,0,0,0,0,0,0,0,0,0,0,0,0,0,0,0,-15.6425689138602,0,0,0,0,0,0,0,0,0,0,0,0,0,0,0,0,0,0,0,0,0,0,0,0,0,0,0,0,0,0.276713450468782,0,-0.0817619284734117,0,0,0,0,0,-0.67499785703763,0,0,-0.412005694151931,0,0,0,0,0,0,0,0,0,0,0,0,0,0.319666318806906,0,0,0,0,0,-0.344540075285297,0,0,0,0,0,0,0,0,0,0,0,0,0,0,0,0,0,0,0,0,0,0,0,0,0,0,0,0,0,0,0,0,0,0,0,0,0,0,0,0,0,0,0,0,0,0,0,0,0,0,0.408298379064519,0,0,0,0,0,0,0,0,0.252346610380325,-0.336582037420283,0,0,0,0,0,0,0,0,0,0,0,0,0,0,0,0,0,0,0,0,0,0.0138232210299121,0,0,0,0,0,0,0
0,0,0,0,0,0,0,-0.04397688358311,0,0,0,0,0,0,0,0,0,0,0,0,0,0,0,0,0,0,0,0.0296821257180409,0,0,0,0,0,0,0,0,0,0,0,0,0,0,0,0,0,0,0,0,-19.1710952921885,0,0,0,0,0,0,0,0,0,0,0,0,0,0.112651463821496,-1.15412652262183,0,0,0,0,0,0,0,0,0.482941638950223,0,0,0,0,0,0.0274548211019174,0,0,0,0,0,0,0,0,0,0,0,0,0.689560311366272,0,0,0,0,0,0,0,-0.174844283987812,0,0,0,0,0,0,0,0,0,0,0,0,0,0,-0.159683937785973,0,0,0,0,0,0,0,0,0,0,0,0,0,0,0,0,-0.0267040660028732,0,0,0,0,0,0,0,0,0,0,0,0,0,0,0,0,0,0,0,0,0,0,0,0,0,0,0,0,0,0,0,0,0,0,0,0,0,0.253384890323335,0,0,0,0,-0.03543143964378,0,0,0,0,0,0,0,0,0,0,0,0,0,0,-0.214823146003855,0,0,0,-0.22908016560469,0,0,0,0,0,0
0,0,0,0,0,0,0,0,0,-0.234684177891637,0,0,0,0,0,0,0,0,0,0,0,0,0,0,0,0,0,0,0,0,0,0,0,0,0,0,-0.05981745062579,1.02183724474446,0,0,0,0,0,0,0,0,0,0,0,0,0,0,0,0,0,0,0,0,0,0,0,0,-0.0453894139867674,0,0,0,0,0,0,0,0,0,0,0,0,0,0,0,1.18893437461522,0,0,0,0,0,0,0,0,0,0,0,0,0,0,0,0,0,0,0,-0.151901011578601,0,0,0,0,0,0,0,0,0,0,0,0,0,0,0,0,0,0,0,0,0,0.297415943263021,0,0,0,0,0,-0.0359800141805009,0,0,0,0,-0.410087280396738,0,0,0,0,0,0,0,0,0,0,0,0,0,0,0,0,0,0,0,0,0,0,0,0,0,0,0,0,0,0,0,0,0,0,-1.70542454262736,0,0,0,0,0,0,0,0,0,0,0,0,0,0,0,0,0,-0.968659239153115,0,0,0,0,0,0,0,0,0,0,0,0,0,0,0
0,0,0,0,0,0.263740524656021,0,0,-0.0317398634976813,0,0,0,0,0,0,0,0,0,0,1.21770066273896,0,0,0,0,0,0,0,0,0,0,0.404773677745305,0,0,0,0,0,0,0,0,0,-0.0904964883714086,0,0,0,0,-0.646067966748065,0.232112903573823,0,0,0,0,0,0,0,0,0,0,0,0,0,0,0,0,0,0.240600454432667,0,0,0,0,0,0,0,0,0,0,0,0,0,0,0,0,0,0,0,0,0,0,0,0,0,0,0,0,0,0,0,0,0,0,0,0,0,0,0,0,0,0,0,-0.808778364092132,0,0,0,0,0,0,0,0,-0.574629441089574,0,0,0,0,0,0,0,0,0,0,0,0,0,0,0,0,0,0,0,0,0,0,0,0,0,-0.227039090834281,0,0,0,0,-0.0657584435547278,0,0.105179290939086,0,0,0,0,0,0,0,0,0,0,0,0,0,0,0,-1.68082107766024,0,-0.0623698110088837,0,0,0,0,0,0,0,0,0,0,0,0,0,0,0,0,0,0,0,0,0,-0.353860251048326,0,0,0,0.395339786887923,0,0,-0.505656812444135,0,0
0,0,0,0,0,0.555416926650514,-0.46268186795861,0,0,0,-0.168570671367021,0,0,0.224363985025483,0,0,0,0,0,0.241170553229756,0,0,0,0,0,-0.157754738896015,-1.36257466890037,0,0.400103658367957,0,0,0,0,0,0,0,-0.693832197018832,0,0,0,-0.486816021138237,0,0,0,0,-0.100064882225871,0,0,0,0,0,0,0,0,0,0,0,0.26137679903442,0,0,0,0,0,0.637176474707395,0.26616763783972,0,0,0,0,0,0,0,0.184168934412924,0,0.472663266652529,0,0,0,0,-0.656848022001258,0,0,0,0,0,0,0,0,0,0,0,0,0,0,-0.259606112093134,0,0,0,0,0,0,0.251514598478715,0,0,0,0,0,0,-0.880067107752485,0,0,-0.771999899133066,0,0,1.2045179911007,0,0,-0.699174276980534,0,0,0,0,0,0,0,0,0,0,0,0,0,0.965911519052099,0,0,0,0,0,0,0,0,0,0,0,-0.181801690345537,0,0,0,0,-0.443791911690671,0,0,0,0,0,-0.615539035546754,0,0,0,0,0,1.12899295410802,0,0,0,0,0,-1.55636886027123,0,0,0,0,0,0,0,0,0,0,0,0,0,-0.211735737296305,0.726435353412708,0,0,0,0,0,0,0,0,-0.404354254579992,0,0,0,2.37300523327554,0.181153002191117,0,-1.00495764098206,0,-0.118143040200316
0,0,0,0,0,0,0,0,0,0,0,0,0,0,0,0,0,0,0,0,0,0,0,0,0,0,0,0,0,0,0,0,0,0,0,0,0,0,0,0,0,-0.170212081639896,0,0,0,0,0,0,0,0,0,0,0,0,0,0.0333656495464898,0.0770552461435758,0,0,0,0,0,0,0,0,0,0,0,0,0,0,0,0,0,0,0,0,0,0,0,0,0,0,-0.811586798032868,0,0.0893518009959542,0,0,0,0,0,0,0,0,0,0,0,0,0,-0.352058213047624,0,0,0,0,0,-0.0221895395406275,0,0,0,0,0,0,0,0,0,0,0,0,0,0,0,0,0,0,0,0,0,0,0,0,0,0,0,0,0,0,-0.436800315989334,0,0,0,0,0,0,0,0,0,0,0,0,0,0,0,0,0,0,0,0,0,0,0,0,0,0,0,0,0,-1.29962941696056,0,0,0,0,0,0,0,0,0,0,-0.104723951413555,0,0,0,0,0,0,-0.28398198242031,0,0,0,0,0,0,0,0,0,0,0,0,0,0,0
0,0,0,0,0,0,0,0,0,0,0,0,0,0,0,0,0,0,0,0,0,0,0,0,0,0,0,0,0,0,0,0,0,0,0,0.179056623409296,0,0,0,0,0,0,0,0,0,0,0,0,0,0,0,0,0,0,0,0,0,0,0,0,0,0,0,0,0,0,0,0,0,0,0,0,0,0,0,0,0,0,0,0,0,0,0,0,0,0,0,0,0,0,0,0.0835523588737943,0,0,0,0,0,0,0,0,0,0,0,0,0,0,0,0,0,0,0,0,0,0,0,0,0,0,0,0,0,0,0,0,0,0,0,0,0,0,0,0,0,0,0,0,0,0,0,0,0.146826447733311,0,0,0,0,0,0,0,0,0,0,0,0,0,0,0,0,0,0,0,0,0,0,0,0,0,-1.85054473429556,0,0,0,0,0,0,0,0,0,0,-0.744948097195702,0,0,0,0,0,0,0,0,0,0,0,0,0,0,0,0,0,0,0,0,0,0
0,0,0,0,0,0,0,0,0,0,0,0,0,0,0,0,0,0,0,0,0,0,0,0,0,-0.293487674907496,0.798330893964341,0.229824840313843,0,0,0,0,0,0,0,0,0,0,0,0,0,0,0,0,0,0,0,0,0,0,0,0,0,0,0,0,0,0,0,0,0,0,0,0,0,0,0,0,0,0,0,0,0,0,0,0,0,0,0,0,0,0,0,0,0,0,0,0,0,0,0,0,0,0,0,0,0,0,0,0.592587706425855,0,0,0,0,0,0,0,0,0,0,0,0,0,0,0,0.142241571887702,0,0.0321140812266201,0,-0.034311487303073,0,0,0,0,0,0,0,0,0,0.507522703889708,0,0,-0.32134635656173,0,-0.572963653826608,0,0,0,0,0,0,-0.0169062329472458,0,0,0,0,0,0,0,0,0,0,0,0,0,0,0,0,0,0,0,0,0,0,0,0,-1.86653656170884,0,0.0865651944366048,0,0,0,0,0,0,0,0,0,0,0,0,0,0,0,0,0,0,0,0,0.371987275676246,0,0,-0.113645707315748,0,0,0,-0.00122621225776753,0,0,0
0,-0.210036664609823,0,0,1.03591286009115,0,0.183193238090813,1.09280433441979,0,0.303935266353881,0,0,0,0,0,0,-0.67196392784339,0,0,0,0,0,0,-0.800072902299214,0,0,0,0,0.0922672712329473,0,0,0,0,0,0,0,0,0,0,0,0.138096576973907,0,0,0.372471727385312,0,0,0,0,-0.711729978768934,0,0,0,0,0,0,0,0,3.23893225993331,0,0,0,0,0,0,-0.0138532945929724,0,0,0,-1.62451165957906,-0.166963866229751,0,6.30526817687467,-0.118958217723057,0,-0.0752129046623158,0.0290583177537538,0,1.43893365281841,0,2.64471645508188,-0.985413963348719,-0.383864133466404,0,0,0,0,0,0,0,0,0,0,0.10456006777368,0.419827937327398,0,0,1.4432770561285,0,0.456070399681132,-0.90002040018676,0,-1.22249185864159,0,-1.92304944204142,0,0,0,0,0,0,0,0,0,0,0,-0.756027852358655,0,0,0,0,0,0,0,0,0,0,0,0,0,0,1.09993617571734,1.07509871718422,0,0,0,0,-1.68079017117694,0,0,0,0,0,0,0,0,0,0,0,0,-0.462599379564117,0,0,0,0,0,0,0,0.0163075768561336,0,0,0,0,0,0.165156826670163,0,0,-2.55280990833106,0,0,0,0,0,0,-0.600519143709013,0,0,0,-0.565102122017141,0,0,0,0,0,0,0,0.186235170010489,0,0,0,0.118963015244216,0,0,-0.489333490326002,0.836509204603283,-0.875358638794299,0,0,0,0,-0.250117823733937
0,0,-0.128593742429228,0,0.202685212616222,0,0.586855171598491,1.02673521431129,0,0,0,0,0,0,0,0,-1.13356562313062,0,0,0,0,0,0,-0.261112940621459,0,0,0,0,0,0,0,0,0,0,0,0,0,0,0,0,0,0,0,0,0,0,0,0,-0.489588594699029,0,0,0,0,0,0,-0.770249211293163,0,2.77788734862655,0,0,0,0,0,0,0,0,0,0,-1.05082647172984,0,0,5.90043251739851,-0.418034796311271,0,-0.702761488743228,0.134362974677936,0,0.826968229920609,0,2.73535356983959,-0.969527010997215,0,0,0,0,0.123802159821703,0,0,0,0,0,0,0.20753687520163,0,0,0,0.808811732665396,0,0.557011058946631,0,0,-2.07949352735823,0,-2.54296989594826,0,0,0.044076300474974,0,0,0,0,0,0,0,0,0,0,0,0,0,0,0,0,0,0,0,0,0,0,0,0.836973591400007,1.49569127657249,0,0,0.176995259655827,0,-2.6439482022702,0,0,0,0,0,0,0,0,0,0,0,0,0,0,0,-0.255354792110591,0,0,0,0,0,0,0,0,0,0,0,0,0,-2.32515425807403,0,0,0,0,0,0,0,0,0,-0.423838276058816,-1.11911309765071,0,0,0,0,0,0,0,0.584922420766731,0,0,0,0.330565599286356,0,0,-0.65665968917111,0.912330726692369,-0.803240709504804,0,0,0,0,-0.70904708039495
0,0,-0.0724967105510606,0,0,0,0,0,0,0,0,0,0,0,0,0,-0.113242171915599,0,0,0,0,0,0,0,0,-0.0485068677194649,0,0,0,0,0,0,0,0,0,0,0,0,0,0,0,0,0,0,0,0,0,0,0,0,0,0,0,0,0,0,0,0,0,0,0,0,0,0,0,0,0,0,0,0,-0.196190607028125,0,0,0,0,0,0,0,0,-0.452742335064059,0,0,0,0,0,0,0,0,0,0,0,0,0,0,0,0,0,0,0,0,0,0,0,0,0,0,0,0,0,0,0,0,0,0,0,0,0,-0.181151471186073,0,0,0,0,0,0,0,0,0,0,0,0,0,0,0.235754144095046,0,0,0,0,0,0,0,0,0,0,0,0,0,0,0,0,0,0,0,0,0,0,0,0,0,0,0,0,0,0,0,0,0,-2.10164942603557,0,0,0,0,0,0,0,0,-0.0711830013673667,0,0,0,0,0,0,0,0,0,0,0.0989809697293,-0.0806497470320056,0,0,0,0,0,0,-0.39839731185888,0,0,0,0,0
0,0,0,0,0,0,0,-0.305874405507397,0,0,0,0,0,0,0,0,0,0,0,0,0,0,0,0,0,0,0,0,0,0,0,0,0,0,0,0,0,0,0,0,0,0,0,0,0,0,0,0,0,0,0,0,0,0,0,0,0,0,0,0,0,0,0,0,0,0,0,0,0,-0.0788918573881185,0,0,0,0,0,0,0,0,0,-0.969675121446584,0,0,0,0,0,0,0,0,0,0,0,0,0,0,-0.0447840919404341,0,0.710962068994813,0,0,0,0,-0.68258647333641,0,0,0,0.0102954990339399,0,0,0,1.71184310015512,0,0,0,0,0,-0.0251508111814849,0,0,0,0,0,0,-0.60926725349324,0,0,0,0,-1.68824192823729,0.138252916855347,-0.583095857732918,0,0,0,0,0,0,0,0,0,0,0,0,0,0.127569064046997,0,0,0,0,0,0,0,14.6213370129945,0,0,0.96142613987882,0,0,0,0,0,0,0,0,0,0,0,0,0.578145290803072,0,0,0,0,0,-0.476156167647277,0.180367624135654,0.949927503502981,0,-0.322045256616355,0,0,0,0,0,0.368676231183421,0,0,0,0,0,0,0,0,-0.293475927457435,0,0,0,-0.111552801836086,0,0,0
0,0,0,0,0,0,0,0,0,0,0,0,0,0,0.322457782127519,0,0,0,0,0,0,0,0,0,0,0,0,0,0,0,0,0,0,0,0,0,-0.267093898268583,0.147606891099542,0,0,0,0,0,0,0.104385876289128,0,0,0,0,0,0,0.177633003007994,0,0,0,0,0,0,0,0,0,-0.530937225333958,0,0,0,-0.130489185811408,0,0,0,0,0,0,0,0,0,0,0,0,0,0,0.48322092759029,0,0,1.44837014353786,-0.429343058681553,0,0,0,0.277027079191237,0,0,0,0,0,0,0.489191250921327,0,0.640778303508052,0,0.463457996297594,0,0,0,0,0,0,0,0,0,1.37466739230404,0,0,0,0,0,-0.0245970191714378,0.223449771852939,0,0,0,0,0.816474870183373,0,0,0,0,0,-1.79150994575433,0,0,0,0,0,0,-0.0653267698542943,-0.29001223591847,0.263519720192682,0,0,0,0,0,0,-0.119059896825417,0,0,0,0,0,0,-0.157601673395163,17.4692048102163,0,-0.0836124871397803,1.04181468287542,-0.044681061307424,0,0,0,0,0,0,0.342377614215847,0,0,0,0,0,0,0,0,0,0,0,0,0,0,0,0,0,0,0,0,0,0,0,0,-0.155366721117485,0,0,0,0,-0.42834509073852,0,0,0,-0.155101349971162,-0.320019855133365,0,0
0,0,0,0,0,0,0,0,0,0,0,0,0,0,0.0726084159719047,0,0,-0.0583396697742462,0,0,0,0,0,0.0924733333594199,0,0,0,0,0,0,0,0,0,0,0,0,0,0,0,-0.248265074069907,0,0,0,0,0,0,0,0,0,0,0,0,0,0,0,0,0,0,0,0,0,-0.264994902920533,-0.393365434058347,0,0,0,0,0,0,0,0.211752164647989,0,0.0563536869887593,0,-0.167587991752895,0,0,0,0,0,0,0,0,0,0,-0.988449873293265,0,0,0,0,0,0,0,0,0,0,0,0,0,0,0,-0.449612187737575,0,0,0,0,0,0,-1.01737986318951,1.33967992814091,0,0,0,0.435022520781372,0,0,0,0,0,0,-0.153581920674166,0,0,0,0,0,0,0,0,0,0,1.03910093779307,0,0,0,0,0,0,0,0,0,0,0,0,0,0,0,0,0,0,0,17.3349661938112,0,0,0,0,0,0,0,0,0.65409604655399,0,0.480533047788723,0,0,0,0,0,1.10002632598844,0,0,0,0,0,0.885345405258134,1.19954288138629,0,0,0,0,0,0,0,0,0,0,0,0,0,0,0,0,-4.89446641993624,0,0,0,-0.164869480279586,0,0.0404769710457893,0.750881297130722
0,0,0,0,0,0,0,0,0,0,0,0,0,0.345781279573457,0,0,0,0,0,0,0.145850340320077,0,0,0,0,-0.453205203300719,0,0,0,0,0,0,0,0,0,0,0,0,0,0,0,0,0,0.32870691199595,0,0,0,0,0,0,0,0,0,0,-0.390771908984755,0,0,0,0,0,-0.00363026776988185,0,0,0,0,0.270465750537814,0,0,0,0,0,0,0,0,-0.157595123378045,0,0,0,0,0,0,0,0,0,0,0,0,0,0,0,0,0,0,-0.565587124735954,0,0,0,0,0,0,0,0,0,0,0,0,0,0,0,1.75389590570323,0,0,0,0,0,0,0,0,0,0,0,0,0,-0.1638851920156,0,0,0,-0.278672638104566,0,0,0,0.394595135514311,0,0,0,0,0,0,0,0,0,0,0,-0.349824492619468,0,0,0,0,0,0,0,16.334212985734,0,0,0,0,0,0,0,0,0,0,0,0,0,0,0,0,0,0,0,0,0,-0.0786334077968234,0.517234466517082,0,0.559057731168042,0,0,0,0,0,0,0,0,0,0,0,0,0,0,0,0,0,0,0,-0.696974064295001,0,0,0
0,0,0,0,0,0,0,0,0,0,0,0,0,0,0,0,0,0,0,0,0,0,0,0,0,0,0,0,0,0,0,0,0,0,0,0,0,0,0,0,0,0,0,0,0,0,0,0,0,0,0,0,0,0,0,0,0,0.0840667567127482,0,0,-0.384729562457345,0,0,0,0,0,0,0,0,0,0,0,0,0,0,0,0,0,0,0,0,0,0,0,0,0.1724960176809,0,0,0,0,0,0,0,0,0,0,0,0,0,0,0,0,0,0,0,0,0,0,-0.148279049887704,1.8684057488892,0,0,0,0,0,0,0,0,0,0,0,0,0,0,0,0,0.209996400152647,0,0,0,0,0,0,0,0,0,0,0,0,0.121831746391657,0,0,0,-0.126115274153275,0,0,0,0,0,0,0,12.9601000352473,0,0,0,-0.882478328902601,0,0,0,0,0,0.0566497881581365,0,0,0,0,0,-0.0707975349506422,0,0,0,0,0,0,0.143843214014257,0,0,0,0,0,0,0,0,-0.141395299529116,0,0,0,0,0,0,0,0,0,0,0,0,0,0,0,0
0,0,0,0,0,0,0,0,0,0.847951492161248,0,0,0,0,0,0,0,0,0,0,0,0,0,0,0,0,0,0,0,0,0,0,0,0,0,0.199373693336725,0,0,0,0,0,0,0,0,0,0,0,0,0,0,0,0,0,0,0,0,0,1.93798495482111,0,0,0,0,0,0,0,0,0,0,0,0,0,0,0,0,0,0,0,0,0,-0.621747409242806,0,0,0,0,0,0,0,0,0,0,0,0.0852159807538759,0,0,0,0,0,0,0,0,0,0,0,0,0,0,0,0,-0.482430891873556,0.713016163597289,0,0,0,0,0,0,0,0,0,0,0,0,0,0,0,0,0,0,0,-0.348721935203324,0,-0.306668446525838,0.949550555799595,0,0,-0.0107725588369099,0,0,0,0,0,0,0,-0.153663528104364,0,0,0,0,0,0,0,9.82581925106212,0,0,0.131962005222993,0,0,0,0,0,0,0.505160153920425,0,0.177446765243372,0,0,-0.00019578587026059,0,0,0,0,0,0,0,0,0,0,0,0,0,0,0,0,0,0,0,0,0,0,-0.571045571848519,0,0,0.258336172204001,0,0,0,0,0,0,0
0,0,0,0,0,0,0,0,0,0,0,0,0,0,0,0,0,0,0,0,0,0,0,0,0,0,0,0,0,0,0,0,0,0,0,0,0,0,0,0,0,0,0,0,0,0,0,0,0,0,0,0,0,0,0,0,0,0,0,0,0,0,0,0,0,0,0,0,0,0,0,0,0,0,0,0,0,0,0,0,-0.220746409142762,0,0,0,0,0,0,0,0,0,0,0,0,0,0,0,0,0,0,0,0,0,0,0,0,0,0,0,0,0,0,0,0,0,0,0,0,0,0,0,0,0,0,0,0,0,0,0,0,0,0,0,0,0,0,0,0,0,0,0,0,0,0,0,0,0,0,-0.688123921832952,0,0,0,2.53998450740191,-0.626884006088274,0,0,0,0,0,0,0,0,0,0,0,0,0,0,0,0,0,0,0,0,0,0,0,0,0,0,0,0,0,0,0.0424330602577723,0,0,0,0,0,-0.191652070912992,0,0,-1.32144458152417,0,0,0,0,0,0,0
0,0,0,0,0,0,0,0,0,0,0,0,0,0,0,0,0,0,0,0,0,0,0,0,0,0,0,0,0,0,0,0,0,0,0,0,0,0,0,0,0,0,0,0,0,0,0,0,0,0,0,0,0,0,0,0,0,0,0,0,0,0,0,0,0,0,0,0,0,0,0,0,0,0,0,0,0,0,0,0,0,0,0,0,0,0,0,0,0,0,0,0,0,0,0,0,0,0,0,0,0,0,0,0,0,0,0,0,0,0,0,0,0,0,0,-0.14849334208239,0,0,0,0,0,0,0,0,0,0,0,0,0,0,0,0,0,0,0,0,0,0,0,0,0,0,0,0,0,0,0,0,0,0,0.188740165131538,0,0,0,0,0,0,0,0,0,0,0,0,0,0,0,-2.57804859820463,0,0,0,0,0,0,0,0,0,0,0,0,0,0,0,0,0,0,0,0,0,0,0,0,0,0,0,0,0,0,0,0,0
0,0,0,0,0,0,0,0,0,0,0,0,0,0,0,0,0,0,0,0,0,0,0,0,0,0,0,0,0,0,0,0,0,0,0,0,0,0,0,0,0,0,0,0,0,0.11762958264948,0,0,0,0,0,0,0,0,0,0,0,0,0,0,0,0,0,0,0,0,0,0,0,0,0,0,0,0,0,0,0,0,0.0670337807595651,0,0,0,-0.949274123528514,0,0,-0.0146259801645767,0,0,0,0,0,-0.349728733456353,0,0,0,0,0,0,0,0,0.190818465300762,0,0,-0.0618597516913486,0,0,0,0,0,0,0,-0.00819719779852845,0,0,0,-0.312698453066395,0,0,0,0,0,0,0,0,0,0,0,0,0,0,0,0,0,0,0,0,0,0,0,0,0,-0.21266077602576,0,0,0,0,0,0,0,0,1.4328683855545,0,0,0,0,0,0,0,0,0,0.431266653986962,0,0,0,0,0,-2.31729969667044,0,0,0,0,0,0,0,0,0,0,0,0,0,0,0,0,0,0,0,0,0,0,0,0,0,0,0,0.137410597743779,0,0,0,0,0
0,0.00391424264884255,0,0,0,0,0,0,0,0,0,0,0,0,0,0,0,0,0,0,0,0,0,0,0,0,0,0,0,0,0,0,0,0,0,0,0,0,0,0,0,0,0,0,0,0,0,0,0,0,0,0,0,0,0,0,0,0,0,0,0,0,0,0,0,0,0,0,0,0,0,0,0,0,0.487026742689286,0,0,0,0.389736199513325,0,-0.0995657295019448,0,0,0,0,0,0,0,0,0.117784386822442,0,0,0,0,0,0,0,0,0,0,0,0,0,0,0,0,0,0,0,0,0,0,0,0,0,0,0,0,0,0.258327388953457,0,0,0,0,0,0,0,0,0,0,0,0,0,0,0,0,0,0,0,0,0,0,0,0,0,0,0,0,0,0,0.0968529714112676,0,0,0,0,0,0,0,0,0,0.74025235338711,0,0,0,0,0,-2.01912980091475,0,0,0,0,0,0,0,0,0,0,0,0,0,0,0,0,-0.0613940690269059,0,0,0,0,0,0,0,0,0,0,0,0,0,0,0,0
0,0,-0.275755644903997,0,-0.302400450997518,0.585064489568252,-0.390477828419807,-0.420953031429947,0.37550570177637,0,0,0,-0.464930342930649,0.0238500558157817,-1.37043861829058,0,0,0,-2.60246800947369,0,-0.231367379464275,0,0,0,0,0,0,0,0,0,0,0,0,0,0,-1.08329959644673,0,0,0,0,0,0,0,0,0,0,0,0,0,0,0,-0.284356910415715,-0.217895787373921,0,0.728888428725933,0,-0.0223874724930311,-1.82807120108656,0,0.145035979797255,0,0,0,0,-0.0634413172079122,0,0,0,0,0,0,0,0,0,0,0.532741527548435,0,0,0,0,-1.2370039175287,0,0,0,0,-1.06845296028059,0,0,0,0,0.197437964003106,-1.53699213969,0,0,0,-0.658140640448261,0,0,0,0,-0.565748435178744,0,0,0,0.0955234940710419,0,0,-0.482245830013016,0,0,0,0,-0.0333886509786812,0,0,0.102728787863722,0,0,0,1.10013154303586,0,0,0,0,0,0,-0.39938189143822,-0.238798369662892,0,0,-0.418558866630514,-0.847906164859952,0,0,0,0,0,3.85565331393693,0,0,0,0,0,-0.0276555644926428,0,2.98835732265526,0,0,0.629837120632903,0,0.146672680236391,0,0,0,0.913498389567874,0.214994037292555,0.348318558395752,0,0,0.237079799324,0,0,0,0,0,0,-0.686695480692772,0,0,0,0,0,0,0,0,-0.287235862708048,0,0,0,0.109031076394937,0,0,-0.0593631642148642,0,-0.573860158579979,0,0,-1.10510253801145,0,0,0,0,0,0,0,-3.81596867891549,0.875191806305354,0,0,0.91366359922181
0,0,0,0,0,0,0,0,0,0,0,0,0,0,0,0,0,0,0,0,0,0,0,0,0,0,0,0,0,0,0,0,0,0,0,0,0,0,0,0,0,0,0,0,0,0,0,0,0,0,0,0,0,0,0,0,0,0,0,0,0,0,0,0,0,0,0,0,0,0,0,0,0,0,0,0,0,0,0,0,0,0,0,0,0,0,0,0,0,0,0,0,0,0,0,0,0,0,0,0,0,0,0,-0.341494362510921,0,0,0,0,0,0,0,0,0,0,0,0,0,0,0,0,0,0,0,0,0,0,0,0,0,0,0,0,0,0,0,0,0,0,0,0,0,0,0,0,0,0,0,0,0,0,0,0,0,0,0,0,0,0,0,0,0,0,0,0,0,0,-2.09924620796587,0,0,0,0,0,0,0,0,0,0,0,0,0,0,0,0,0,0,0.0353919926762996,0,0.339285031421218,0,0,0,0,0,0,0,0,0,0,0,0
0,0,0,0,0,0,0,0,-0.195455243936299,0,0,0,-0.211463366583826,0,0,0,0,0,0,0,0,0,0,0,0,0,0,0,0,0,0.212584099884754,0,0,0,0,0,0,0,0,0,0,0,0,0,0,0,0,0,0,0,0,0,0,0,0,0,0,0,0,0,0,0,0,0,0,0,0,0,0,0,0,0,0,0,0,0,0,0,-0.257527936393345,0,0,0,0,0,0,0,0,0,0,-0.0664981692227209,0,0,0,0,0,0,0,0,0,0,0,0,0,-1.19157790904414,0,0,0,0,0,0,0,0,0,0,0,0,0,0,0,0,0,0,0,0,0,0,0,0,0,0,-0.225914967658754,0,0,0,0,0,0,0,0,0,0,0,0,0,0,0,0,0.118028945702386,0,0,0,0,0,0,0,0,0,0,0,0,0,0,0,0,0,0,-1.58528079053654,0,0,0,0,0,0,0,0,0,0,0,0,0,0,0,0,0,0,0,0,0,0,0,0,0,0,0,0,0,0,0,0,0
0,0,0,0,0,0,0,0,0,0,0,0,0,0,0,0,0,0,0,0,0,0,0,0,0,0,-1.45674934334634,0,-0.223706489502992,0,0.18707177913274,0,0,0,0,0,0,0,0,0,0,0,0,0,0,0,0,0,0,0,0,0,0,0,0,0,0,0,0,0,0,-0.0869119956784921,0,0,0,0.015322623334928,0,0,0,0,0,0,0,0,0,0,0,0,0,0,0.29767607414823,0,0,0,0,0,0,0,0,0,0,0,0,0,0,0,0,0,0,0,0,0,0,0,0,0,0,0,0,0,0,0,0,0,0,0,0,0,0,0,1.18693885861887,0,0,0,0,0,0,0,0,0,0,0,0,0,0,0,0,0,0,0,0,0,0,0,0,0,0,0,0,0,0,0,0,0,0,0,0,0,0,0,0,0,-0.0726828798559347,0,0,0,0,0,0,0,0,0,0,0,0,0,0,0,0,0,0,0,0,0,0,0,0,0.408610444489361,0,0,0,0,0,0,0,0,0,0,0,0
0,0,0,0,-0.227501884670007,0,0,0,0,0,0,0,0,0,0,0,0,0,0,0,0,0,0,0,0,0,-0.0823543483940423,0,0,0,0,0,0,0,0,0,0,0,0,0,0,0,0,0,0,0,0,0,0,0,0,0,0,0,0,0,0,0,0,0,0,0,0,0,0,0,0,0,0,0,0,0,0,0,0.0476674464061591,0,0,0,0,-0.305049868947818,0,0,0,0,0,0,0,0,0,0,0,0,0,0,0,0,0,0,0,0,0,0,0,0,0,0,0,0,0,0,0,0,0,0,0,0,0,-0.697712877176706,0,0,0,0,0,0,0,0,0,0,0,0,0,0,0,0,0,0,-0.341636360320438,0,0,0,0,0,0,0,0,0,0,0,0,0,0,0,0,0,0,0,0,0,0,0,0,0,0,0,0,0,0.0291210567969029,0,0,0,0,0,0,-0.149138532150637,0,0,0,0,0,0,0,0,0,0,0,0,0,0,0,0,0,0,0,-0.0990933689254161,0,0,0,0,0,0
0,0,0,0,0,0,0,0,0,0,0,0,0,0,0,0,-0.804519502233667,0,0,0,0,0,0,0,0,0,-0.203812794455952,0,0,0,0,0,0,0,0,0,0,0,0,0,0,0,0,0,0,0,0,0,0,0,0,0,0,0,0,0,0,0,-0.304163440222205,0,0,0,0,0,0,0,0,0,0,0,0,1.85937956939432,0,0,0,0.153805472737853,0,0,0,0,0,0,1.05052202813409,0,0,0,0,0,0,0,0,0,0,0,0,0,0,0,0,0,0,0,0,0,0,0,0,0,0,0,0,0,0,0,0,0,0,0,0,0,0,0,0,0,0,0,0,0,0,0,0.246918699467612,0,0,0,0,0,0,0,0,0,-0.525293070698245,0,0,0.102977171246818,0,0,0,0,0,0,0,0,0,0,0,0,0,0,0,0,-0.0163867694835875,0.397323585005493,0,0,0,0,0.742985448957707,0,0,0,0,0,0,0,0,0,0,0,0,0,0,0,0,0,0,0,0,0,0,0,0,1.29529760859954,0,0,-0.398661589947815,0,0,0,0,0
0,0,0,0,0,0,0,0,0,-0.40604514451193,0,0,0,0,0,0,0,0,0,0,0,0,0,0,0,0,0,0,0,0,0,0,0,0,0,0,0,0,0,0,0,0,0,0,0,0,0,0,0,0.300190445654178,0,0,0,0,0,0,0,0,0,0,0,0,0,1.68970478799894,0,0,0,0,0,0,0,0,0,0.00663833986047435,0,0,0,1.06889074553124,0,0,-0.2154315568915,0,0,-0.0318019240079963,0,0,0.0364437439425258,0,0,0,0,0,0,0,0,0,0,0,0,0,0,0,0,0,0,0,0,0,0,0,0,0,0,0.301509380598617,0,0,0,0,0,0,0,0,0,0,0,0,0,0,0,0,0,0.100791862249412,0,0,0,0,0,0,0,0,0,0,0,0,0,0,0,0,0,0,0,0,0,0,0,0,0,0,0,0,0,0,0,0.285853387974941,0,-0.78031591805739,0,0,0,0,0,0,0,-0.344379023761884,-0.0964209120235691,0,0,0,0,0,0,0,0,0.0730818478217472,0,-0.0258214776881565,0,0,0,0,0,16.1612975899271,0,0,0,0,0,0,0,0
0,0,-0.246189599483076,0,0,0,0,0,-0.0560121063285803,0,0,0,0,0,0,0,0,0,0,0,0,0,0,0,0,0,1.40554775650904,0,0,0,0,0,0,0,0,0,0,0,0,0,0,0,0,0,0,0,0,0,0,0,0,0,0,0,0,0,0,-0.15968414560152,0,0,0,0,0,0,0,0,0,0,0,0,0,0,0,0,0,0,0,0,0,0,-0.174662360181241,0,0,0,0,0,0,0,0,0,0,0,0,0,0,0.138622773697176,0,0,0,0,0,0,0,0,0,0,0,0,0,0,0,0,0,0,0,0,0,0,0,0,0,0,0,0,0,0,0,0,0,0,0,0,0,0,0,0,0,0,0,0,0,0,0,0.092701768346632,0,0,0,0,0,0,0,0,0,0,0,0,0,0,0,0,0,0,0,0,0,0,0,0,0,0,0,0,0,0,0,0,0,0,0,0,0,0,0,0,-0.264600186114579,0,0,0,0,0,0,0,0,0,0,0,0,0,0,0
0,0,0,0,0,0,0,0,0,0,0,0,0,0,0,0,0,0,0,0,0,0,0,0,0,0,1.52680639835093,0,0,0,0,0,0,0,0,0,0,0,0,0,0,0,0,0,0,0,0,0,0,0,0,0,0,0,0,0,0,0,0,0,0,0,0,0,0,0,0,0,0,0,0,0,0,0,0,0,0,0,0,0,-0.275906493628063,0,0,0,0,0,0,0,0,0,0,0,0,0,0,0,0,0,0,0,0,0,0,0,0,0,0,0,0,0,0,0,0,0,0,0,0,0,0,0,0,0,0,0,0,0,0,0,0,0,0,0,0,0,0,0,0,0,0,0,0,0,0,0,0,0,0,0,0,0,0,0,0,0,0,0,0,0,0,0,0,0,0,0,0,0,0,0,0,0,0,0,0,0,0,0,0,0,0,0,0,0,0,0,0,0,0,0,0,0,0,0,0,0,0,0,0,0,0,0
0,0,0,0,0,0,0,0,0,0,0,0,0,0,0,0,0,0,0,0,0,0,0,0,0,0,0,0,0,0,0,0,0,0,0,0,0,0,0,0,0,0,0,0,0,0,0,0,0,0,0,0,0,0,0,0,0,0,0,0,0,0,0,0,0,0,0,0,0,0,0,0,0,0,0,0,0,0,0,0,-0.368884068819772,0,0,0,0,0,-0.179917856859463,0,0,0,0,0,0,0,0,0,0,0,0,1.01678071672723,0,0,0,0,0,0,0,0,0,0,0,0,0,0,0,0,0,0,0,0,0,0,0,0,0,0,0,0,0,0,0,0,0,0,0,0,0,0,0,0,0,0,0,0,0,0,0,0,0,0,0,0,0,0,0,0,0,0,0,0,0,0,0,0,0,0,0,0,0,0,0,0,0,0,0,0,0,0,0,0,0,0,0,0,0,0,0,0,0,0,0,0,0,0,0,0,0,0,0,-0.175975177798491
0,0,0,0,0,0,0,-0.470353869060498,0,0,0,0,0,0,0,0,0,0,0,0,0,0,0,0,0,0,0,0,0,0,0,0,0,0,0,0,0,0,0,0,0,0,0,0,0,0,0,0,0,0,0,0,0,0,0,0,0,0,0,0,0,0,0,0,0,0,0,0,0,0,0,0,0,0,0,0,0,0,0,0,0,0,0,0,0,0,0,0,0,0,0,0,0,0,0,0,0,0,0,0,0,0,0,0,0,0,0,0,0,0,0,0,0,0,0,0,0,0,0,0,0,0,0,0,0,0,0,0,0,0,0,0,0,0,0,0,0,0,0,0,0,0,0,0,0,0,0,0,0,0,0,0,0,0,0,0,0,0,0,0,0.214909824638153,0,0,0,0,0,0,0,0,0,0,0,0,0,0,0,0,0,0,0,0,0,0,0,0,0,0,0,0,0,0,0,0,0,0,0,0,0,0,0
0,0,0,0,0,0,0,-0.057983452370906,0,0,0,0,0,0,0,0,0,0,0,0,0,0,0,0,0,0,0,0,0,0,0,0,0,0,0,0,-0.838000643127038,0,0,0,0,0,0,0,0.291861699025034,0,0,0,0,0,0,0,0,0,0,0,0,0,0,0.0851593774355213,0,0,0,0,0,-0.962079546760267,0,0,0,0,0,0,0,0,0,0,0,0,0,0,0,0,0,-0.886900870182723,0,0,0,0.373769008226283,0,0,0,0.327829743626822,0,0,0,-0.428352825512138,0,0,0,0,0,0,0,0.166090677904595,0,0,0,0,0,0,0,0,0,0,0.013378467143607,0,0,0,0,0,0,0,0.149402195703039,0,0,0,-1.01119058148017,0,0,0,0,-0.215899125396211,0.161047082143958,0,-0.779735082878659,0,0,0,0,0.364730629495982,0,0,0,0,0,0,0,0,0,0,0,0,0,0,0,0,0,0,0,0,0.658506351976717,0,-0.300485705919961,0,0,0,0,0,0,0,0,0,0,0,0,0,0,0,-0.253062839738023,0,0,0,0,0,0,0,-0.0122854077773482,0,0,0,0,0,0,0,0,0,0,0,0,0
0,0,0,0,0,0,0,-1.06233973814774,0,-0.346747150109555,0,0,0,0,0,0,0,0,0,0,0,0,0,0,0,0,0,0.235140613905831,0,0,0.544963114502805,0,0,0.701503848050519,0,0,0,1.06003654363563,0,0,0,0,0,0,0,1.55505372984109,0,0,0,0,0,0,-1.06213909548058,0,0,0,-0.052628728441328,-0.210574364619772,0,0,0,0,0,0.0846443083928323,0,0,0,0,0,0,0,0,0,0,0.106699227003555,0,0,0,0,0,0,0,0,0.678374554050328,0,-0.499794659306653,0,0.312926808440168,0,-0.409118636504455,0.0853745557797578,0,0,0,0,-0.308331495290438,0,0,0,0,0,0,-0.0282648541241144,0,0,0,0,0,0.0106288851884846,0,0,-0.239855600696672,0,0,0,0,0,0,0,0,0.0633574336842722,0,0.0232810361346369,0,0,0,0,0,0,0,0,0,1.82944572691431,0,0,0,0,0,0,0,0,0,0,0,0,0,0,0,0,0,0,0,0,0,-0.279439841598301,0,0,0,0,0,0,0,0.273204935519971,0,0,0,0,0,0,0,0,0,0,0,-0.172761612109736,-0.1135874888046,0,-0.0389282662602517,0,-0.0940221036901043,0,0,0,0,0,0,0,0,0,0,0,0,0.260857370503076,0,0,0,0,0.287715820017863,0,0
0,0,0,0,0,0,0.446757952705397,-1.84303523874842,0,-0.0497420510058728,1.42943594380422,0,0,0,0,0,0.357116422913924,0,0,0,0,0,0,0,0,-0.0765434941641572,0,0,0,0,0,0.377028352213087,0,0,0,0,0,0,0,0,0,0,0,0.24186868877141,0,1.60447714016415,-0.204890271400078,0,0,0,0,0,0,0,0,0,0,0,0,0,0,0,0,0,0,0,0,0,0,0,0,0,0,0,0,0,0,0,0,0,0,0,0,0.28994337280726,0,-0.813123835163001,0,0.239243741528827,0,0,0,0,0,0,0,-0.110785984095272,0,0,0,0,0,0,0,0,0,0,0,0,0,0.266523995169095,0,0,0,0,0,0,0,0,0,0,0.570793774257035,0,0,0,0,0,-0.593490138189786,0,0,0,0,0,0.875795844061105,0,0,0,0,0,0,0,0,0,0,0,0,0,0,0,0,0,0,0,0,0.183120652914849,0,0,0,0,-0.0940152838141142,0,0,0,0,0,0,0,0,0,0,-0.566517565467251,0.238726201743101,0,0,0,-0.0698843795765312,0,0,0,0,-0.181883939295448,0,0.292737187234478,0,0,0,0,0,0,0,0,0,0,0,0,0,0,0,0.616464251301879,0,0
0,0.542817374785569,0,0,0,-0.371511137546604,0.598218103953459,0,0,0,0,0,0,0,0,0,1.4844195882039,0,-0.063416816394235,0.0756605135551884,0,0,0,0,0,-0.593749913520646,0.00827056826376116,0,0,0,0,0,0,0,0,0,0,0,0,0,0,-0.120527121030738,0,0,0,0,-0.582940201019404,0,0,0,0,0,0,0,0,0,0,0,0,0,0,0,0,-0.449189822133802,0,0,0,0,0,0,0,0,0,0,0,0,0,0,0,0,0,0,0,0,-0.278795691089441,0,0.253684689838957,0,0,-0.989501879932581,0,-0.695704903568934,0,0,-0.0808576063177329,0,0,0,0,0,0,0,0,0.751981523873577,0,0,0,0,0,0,0,0.502195637591698,0,0,-0.160689110711551,0,0,0,0,0,0,1.54763139017172,0,0,0,0,-1.74722906533673,0,0,0,0,0,0.0218864179357332,0,0,0,0,0,0,0,0.807161557567175,0,0,-0.281873356408093,0,0,0,-0.0516275038578311,0,0,0,0,0,0,0,0,0,0,0,0.376499289326793,0,0,3.0209699271424,0,0,0.174306457209072,0,0,0,-0.520146919493992,0,0,0,0,0,1.95276656401553,0,0,0,0,0,0,0,0,0,0,0,0,0,0,0,0,0,0,0,0.859008336364206,0,0,0,0
0,0,0,0,0,0,0,0,0,0,0,0,0,0,0,0,0,0,0,0,0,0,0,0,0,0,0.922570527783033,0,0,0,0,0,0,0.561123009734082,0,0,0,0,0,0,0,0,0,0,0,0,0,0,0,0,0,0,0,0,0,0,0,0,0,0,0,0,0,0,0,-0.200351352194215,0,0,0,0,0,0,0,0,0,0,0,0,0,0,0,0,0,0,0,0,0,0,0,0,0,0.0168387117559061,0,0,0,0,0,0,0,0,0.0191783312184648,0,0,0,0,0,0,0,0,0,0,0,0,0,-0.0761276268644246,0,0,0,0,0,0,0,0,0,0,0,0,0,0,0,0,0,0,0,0,0,0,0,0,0,0,0,0,0,0,0,0,0,0,0,0,0,0,0,0,0,0,0,0,0,0.844294620833655,0,0,0,0,0,0,0,0,0,0,0,0,0,0,0,0,0,0,0,0,0,0,0,0,0,0,0,0,0,0,0,0,0,0,0,0,0,0,0
0,0,0,0,0,0,0,0,0,0,0,0,0,0,0,0,0,0,0,0,0,0.198709941652826,0,0,0,0,0,0,0,0,0,0,0,0,0,0,0,0,0,0,0,0,0,0,0,0,0,0,0,0,0,0,0,0,0,0,0,0,0,0,0,0,0,0,0,0,0,0,0,0,0,0,0,0,0,0,0,0,0,0,0,0,0,0,0,0,0,0,0,0,0,0,0,0,0,0,0,0,0,0,0,0,0,0,0,0,0,0,0,0,0,0,0,0,0,0,0,0,0,0,0,0,0,0,0,0,0,0,0,0,0,0,0,0,0,0,0,0,0,0,0,0,0,0,0,0,0,0,0,0,0,0,0,0,0,0,0,0,0,0,1.05914066896038,0,0,0,0,0,0,0,0,0,0,0,0,0,0,0,0,0,0,0,0,0,0,0,0,0,0,0,0,0,0,0,0,0,0,0,0,0,0,0
0,0,0,0,0,0,0,0,0,0,0,0,0,0,0,0,0,0,0,0,0,0,0,0,0,0,0.17619987249775,0,0,0,0,0,0,0.105674233909189,0,0,0,0,0,0,0,0,0,0,0,0,0,0,0,0.0891860034194285,0,0,0,0,0,0,0,0,0,0,0,0,0,0,0,0,0,0,0,0,0,0,0,0,0,0,0,0,0,0,0,0,0,0,-0.109011538925428,0,0,0,0,0,0,0,0,0,0,0,0,0,0,0,0,0,0,0,0,0,0,0,0,0,0,0,0,0,0,0,0,0,0,0,0,0,0,0,0,0,0,0,0,-0.223530669890317,0,0,0,0,0,0,0,0,0,0,0,0,-0.254988621980991,0.640207224407293,0,0,0,0,0,0.165577240894136,0,0,0,0,0,0,0,0,0,0,3.14481279557116,0,0,0,0,0,0,0,0,0,0,0,-0.0769322942833797,0,0,0,0,0,0,0,0,0,0,0,0,0,0,0,0,0,0.0234652111466662,0,0,0,0,0,0,0,0,0
0,0,0,0,0,0,0,0,0,-0.515774143256556,0,0,0,0,0,0,0,0,0,0,0,0,0,0,0,0,0,0.140297472418945,0,0,0,0,0,0.598805524718024,0,0,0,0,0,0,0,0,0,0,0,0,0,0,0,0,0,0,0,0,0,0,0,-0.00568820938102355,0,0,0,0,0,0.0619712108849595,0,-0.327893633449412,0,0,0,0,0,0,0,-0.488558375797667,0,0,0,0,0,0,0,0,0,0,-0.713263278942305,0,0,0,0,0,0,0.0772402964239092,0,0,0,0,0,0,0,0,0,0,0,0,0,0,0,0,0,0,0,0,0,0,0,0,0,0,0,0,0,0,0,0,0,0,-0.994749433176993,0,0.163549596792658,-0.368120940746461,-0.265274040217662,0,0,0,0,0,0,0,0,0,0,0,-0.437751281881426,0,0,0,0,0,0,0.328381827271931,0,0,0,0,0,-0.0596009020727102,0,0,0,0,3.71125639322002,0,0,0,0,0,0,0,0,0,0,0,0,-0.942057414630303,0,0,0,0,0,0,0,0,0,0,0,0,0,0,0,0,0,0,0,0,0,0,0,-0.000653521900185527,0,0
0,0,-0.455375765253044,0,0,0,-0.0656060193458772,0,0,-0.02705105472563,0.634932669868295,0,0,0,0,0,0,0,0,0,0,0,0,0,0,0,0,0,0,0,0,0,0,0,0,0,0,0.581484251809228,0,0,0,0,0,0,0,0,0,0,0,0,0,0,0,0,0,0,0,0,0,0,0,0,0,0,0,-0.107218969504003,0,0,0,0,0,0,0,0,0,0,0,0,0,0,0,0.09049533609815,0,0,0,0,0,-0.365307279280035,0,0,0,0,0,0,0,0,0,0,0,0,0,0,0,0,0,0,0,0,0.0277404418991705,0,0,0,0,0,0,0,0,0,0,0,0,0,-0.474319596518216,0,0,0,0,0,0,0,0,0,0.0970410146806937,0,0,0,0,0,0,0,0,0,0,0,0,0,0,0.555520369140623,0,0,0,0,0,0,0,0,0,0,0,0,0,0,-0.0805196795676453,0,0,0,0,0,0,0,0,0,0,0,0,0,0,0,0,0,0,0,0,0,-0.348336364730717,0,0,0.00367638094394684,0,-0.55998365871921,0,0,0,0,0,0,0,0,0,0
0,0,0,0,0,0,0,0,-0.0855589294283126,0,0,0,0,0,0,0,0,0,0,0,0,0,0,0,-0.297151434903059,0,-0.320669748484267,0,-0.0141560615495337,0,0,0,-0.0356881987591766,-0.600644567837148,0,0,0,0,0,0,0,0,0,0,0,0,0,0,0,0,0,0,0,0,0,0,0,0,0,0,0,0,0,-0.379184811220803,0,0,0,0,0,0,0,0,0,0,0,0,0,0,1.72146556839186,0,0,0,0,0,0,0,0,0,0,0,0,0,0,0,0,0,0,-0.229639176481996,0,0,0,0,-0.239391942874048,0,0,0,0,0.0418175056068764,0,0,0,0,0,0,-0.11940934696101,0,0,-0.365389564928424,0,0,0,0,0,0,0,0,0,0,0,0,0,0,0,0,0,0,0,0,0,0,0,0,0,0,0,0,0,0,0,0,0,0,0,0,0,0,0,0,0,0,-0.221505407411006,-1.35812577153297,0,0,0,0,0,0,-0.660352784316361,0,0,0,0,0,0,0,0,0,0,-0.423563282482005,0,0,0,0,0,0,0,0,0,0,0,0,0.112742461142962,0,0,0,-0.0953929263030742,0,0,0
0,0,0,0,0,0,0,0,0,0,0,0,0,-1.11058143695884,0,0,0,0,0,0,5.91894209795996e-05,0,0,0,0,0,0,0,0,0,0,0,0,0,0,0,-0.845826719343814,0.0874577023226248,0,0,0,0,0,0,0,-2.28393994332529,0,0,0,0,0,0,0,0,0,0,0,0,0,0,-0.561456633533036,0,0,0,0,0.868767302202314,0,0,0,0,0,0,0,0,0,0,0,0.113820262172378,0.996845281678502,0.0969464764836183,0,0,0,0,0,0,-0.0631816247463119,0,0,0,0,0,0,0,0,0,-0.319770402875461,0.505381668569594,0,0,0,0,0,0,0,0,0,0,0,0.451825714641565,0,0,0,0,0,0,0,0,0,0,0,0,0,0,0,0,-0.358507857691023,0,0,0.0937514119583145,0,0,0,0,0.383700805789246,0,0,4.98360795432867,0,0,1.12678345350847,0,0,0,0,0,0,0,0,0,0,0,0,0,0,0,0,0,0,0,0,1.56622276793893,0.0370564979204542,0,0,0,0,0,0,-0.627851831891737,0,0,0.00636352030726028,0,0.46687414191748,0,0,0.306451389305901,0,0,0,0,0,-0.754952836718251,0,0,0,0,0,0,0,-0.308652090747128,0,0,0,-5.0940827784186,0,0,0,0
0,0,0,0,0,0,0.124210405240022,0,0,0,0,0,0,0,0,0,0,0,0,-0.357613918476473,0.0227473400446749,0,0,0,0,0,0,0,0,0,-0.017089430395558,0,0,0,0,0,0,0,0,0,0,0,0,0,0,0,0,0,0,0,0,0,0,0,0,0,0,-0.336127461318072,0,0,0,0,0,0,0,0,0,0,0,0,0,0,0,0,0,0,0,0,0,0,0,0,0,-0.678921266455252,0,0,0,0,0,0,0,0,0,0,0,0,0,0,0,0,0,0,0,0,0,0,0,0,0,0,0,0,0,0,0,0,0,0.11207317523323,0,0,0,0,0,0,0,0,0,0,0,0,0,0,0,0,0,0,0,0,0,0,0,0,0,0,0,0,0,0,0,0,0,0,0,0,0,0,0,0,0,0,0,0,0,0,0,0,0,0,0.0947648065361604,0,0,0,0,0,0,0,0,0,0,0,0,0,0,0,0,0,0,0,0,0,0,0,0,0,0,0,0,0,0,0
0,0,0,0,0,0,0,0,0,0,0,0,0,0,0,0,0,0,0,0,0,0,0,0,0,0.105247957104746,0,0,0,0,0,0,0,0,0,0,0,0,0,0,0,0,0,0,0,0,0,0,0,0,0,0,0,0,0,0,0,0,0,0,0,0,0,0,0,0,0,0,0,0,0,0,0,0,0,0,0,0,0,0,0,0,0,0,0,-0.0444904098677146,0,0,0,0,0,0,0,0,0,0,0,0,0,0,0,-0.534289417042366,0,0,0,0,0,0,0,0,0,0,0,0,0,0,0,0,0,0,0,0,0,0,0,0,0,0,0,0,0,0,0,0,0,0,0,0,0,0,0,0,0,0,0,0,0,0,0,0.31233549305728,0,0,0,0,0,0,0,0,0,0,0,0,0,-0.185799793924135,0,0,0,0,0,0,0,0,0,0,0,0,-0.213854632573155,0,0,0,0,0,0,0.360102030702869,0,0,0,0,0,0,0,0,0,0,0,0,0,0,0,0
0,0,0,0,0,0,0,0,0,0,0,0,0,0,0,0,0,0,0,0,0,0,0,0,0,0,0,0,0,0,0,0,0,0,0,0,0,0,0,0,0,0,0,0,0,0,0,0,0,0,0,0,0,0,0,0,0,-0.0962168566240542,0,0,0,0,0,0,0,0,0,0,0,0,0,0,0,0,0,0,0,0,0,0,0,0,0,0,0,0,0,0,0,0,0,0,0,0,0,0,0,0,0,0,0,0,0,0,0,0,0,0,0,0,0,0,0,0,0,0,0,0,0,0,0,0,0.0652866769529283,0,0,0,0,0,0,0,0,0,0,0,0,0,0,0,0,0,0,0,0,0,0,0,0,0,0,0,0,0,0,0,0,0,0,0,0,0,0,0,0,0,0,0,0,0,0,0,0,0,0,0,0,0,0,-0.444044884577145,0,0,0,0,0,0,0,0,0,0,0,0,0,0,0,0,0,0,0,0,0,0
0,0,0,0,0,0,0,0,0,0,0,0,0,0,0,0,0,0,0,0,0,0,0,0,0,0,0,0,0,0,0,0,0,0,0,0,0,0,0,0,0,0,0,0,0,0,0,0,0,0,0,0,0,0,0,0,0,-0.37051458087928,0,0,0,0,0,0,-0.157395083002443,-0.636031363472459,0,0,0.057251836743863,0,0,0,0,0,0,0,0,0,0,0,0,0,0,0,0,0,0,0,0,0,0,0,-0.147866533509606,0,0,0,0,0,0,0,0,0,0,0,0,0,0,0,0,0,0,0,0,0,0,0,0,0.0815907636909088,0,0,0,0,0,0,0,0,0,0,0,0,0,0,0,0,0,0,0.484885055647268,0,0,0,0,0,0,0,0,0,0,0,0,0,0,0,0,0,0,0,0,0,0,0,0,0,0,0,0,0,0,0,0,0,0,0,0,0,0,0,0,0,0,0,0,0,0,0,0,0,2.23486883089087,0,0,0,0,0,0,0,0,0,0,0,0,0
-0.769237682038559,0.264365403719107,-0.361673377546131,0,0.621789946185663,2.0549359472124,-0.261694525798448,0,1.00813114244051,-5.92925401411693,0,0,-2.64182795736996,0,0,0,0.282790762587186,0,0,0.135930701919568,0,0,0,0,2.56985054580286,-1.03266854373758,0,-0.0167144690808856,0,-1.24972931936097,0,0,0,0,0.240821890151312,0,0,0,0,0,0,-0.766928898275403,0,0,0,0.895878834908602,0.794992146091249,0,-0.449372151901584,0,0,2.85882464598888,0,0,0,0,0,0,0,0,0,1.26190078416204,0,0,0,0,0,0,0,0,0,0,2.00804358154175,0,0,0,0,0,0,-0.141992375108878,0,-2.52645162381495,0,0,3.24805008775428,0,-0.534370820764849,0,-2.67639870236508,0,0.355854737369322,-1.40349111991232,-0.394108918357666,0,0.94290970387158,0,0,0.00377753781199908,0,-2.82589836146156,0,-0.464579206563248,0,0,0,0,0,-0.720823761848023,0,4.19317741702476,-0.649134632360111,0,0,0,0,0,0,-0.58803622766767,0.450588126895104,-0.719819999703146,0,0,0,-0.381603935651719,0,0,0,0,0,7.15854621350641,0,-6.21872736489104,0,0,0,-5.06418726966064,-0.195534438688777,1.09816793966188,0,-2.48694780161855,0.931578555470384,0.629059009471448,0,0,0,0,0,0.802257839540091,0,0,0,0,0,0,0,0,0,0,0,0,0,0,0,-0.71028579822957,0,0,0,0,0,1.43794934359638,0,-0.170986415456275,0,1.9148181755653,0,0,-2.9656844655412,2.3268043684002,0,-0.080810570754396,0,0,0,0,0,1.22527974894503,0,-0.289100676716387,0,0,0,0,0,0,0,0,0,0,0,-3.35694890215636
0,0,0,0,0,0,0,0.397716418052203,0,0,0,0,0,0,0,0,0,0,0,0,0,0,0,0,0,0,0,0,0,0,0,0,0,0,0,-0.00752313610923383,0,0,0,0,0,0,0,0,0,0,0,0,0,0,0,0,0,0,0,0,0,0,0,0,0,0,0,0,0,0,0,0,0,0,0,0,0,0,0,0,0,0,0,0,0,0,0,0,0,0,0,0,0,0,0,0,0,0.0521129654607992,0,0,0,0,0,0,0,0,0,0,0,0,0,0,0,0,0,0,0,0,-0.505087752374503,0.115354072697148,0,0,0,0,-0.177097598873615,0,0,0,0,0,0,0,0,0.74803440134995,0,0,0,0,0,0,0,0,0,0,0,0,0,0,0,0,0,0,0,0,0,0,0,0,0,0,0,0,0,0,0.446751677861599,0,0,0,0,0,0,0,0.175234348368055,0,0,0,0,0,0,0,0,0,0,0,0,0,0,0,0,0,0,0,0,0,0,0,0,0,-0.473495191878215,0,0,0,0,0
0,0,0,0,0.139614154459259,0,0,-0.0165184969065304,0,0,0,0,0,0,0,0,0,-0.114287026813716,0,0,0,0,0,0,0,0,0,0,0,0,0,0,0,0,0,0,0,0,0,0,0,0,0,0,0,0,0,0,0,0,0,0,0,0,0,0,0,0,0,0,0,0,0,0.756385465341464,0,0,0,0,0,0,0,0,0,0,0,0,0,6.47657045300676e-05,0,0,0.664369361801101,0,0,0.497148455526662,0,0,0,0,0,0,0,0,0,0,0,0,0,0,0,0,0,0,0,0.494262761832462,0,0,0,0,0,0,0,0.828197032112244,0,-0.540331272251173,0,0,0,0,0,0,0,0,0,0,0,0,0,0,0,0,0,0,0,0,0,0,0,0,0,0,0,0,0,0.120903724650965,0,0,0,0,0,0,0,0.0915513765987308,0,0,0,0,0,0,0,0,0.0014265954190591,0,0,0,0,0,0,0,0,0,0,0,0,0,0,0,0,0,0,0,0,0,0,0,0,0,0,-0.404907283040547,0,-0.899973195411402,0,0,0,0,0,0,0,0,0,0
0,0,0,0,0,0,0,0,0,0,0,0,0,0,0,0,0,0,0,0,0,0,0,0,0,0,0,0,0,0,0,0,0,0,0,0,0,0,0,0,0,0,0,0,0,0,0,0,0,0,0,0,0,0,0,0,0,0,0,0,0,0,0,0,0,0,0,0,0,0,0,0,0,0,0,0,0,0,0,0,0,0,0,0,0,-0.538794347636913,0,0,0,-0.995286780821565,0,0,0,0,0,0,-0.0138570263978186,0,0,0,0,0,0,0,0,0,0,0,0,0.843913884475793,0,0,0,0,0,0,0,0,0,0,0,-2.09239963571056,0,0,0,0.0337585639621587,0,0,0,0,0,0,0,0,0,0,0,0,0,0,0,0,0,0,0,0,0,0,0,0,0,3.16626941240724,0,0,0,0,0,0,0,0,0,0,0,0,0,0,0,0,0,0,0,0,0,0,0,0,0,0,0,0,0,0,0,0,0,0,0,0,0,0,0,0,0,0,0,0,0,0,0,0
0,0,0,0,0,0,0,0,0,1.23740282117885,0,-8.87306466249295,0,-0.0137862761232341,0,0,0,0,0,0,0,0,0,0,0,1.98443335705976,0,0,0,0,0,0,0,0,0,0,0,0,0,0,0,-0.10406442304265,0,0,0,1.88241287645356,0,0,-0.404368248845352,0,0,0,0,0,0,0,0,0,0,0.108088647406862,0,0,0,0,-2.86183103011632,0,0,0,0,0,0,0,0,0,0.249782765980551,0,0,0,0,0,0,0,0,0,0,0,-1.36848471932688,0,0,0,0,0,0,0,0,0,0,0,0,0,0,0,0,0,0,0,0,0,0,3.33839486202004,0,-0.0763657037208574,0,0,0,0,0,0,0,0,0,0.737213205488475,0,0,0,0,0,0,0,0,0,0,0,0,0,0,0,0,0,0,0,0,0,0,0,0,0,0,0,0,0.728144341087698,0,0,0,0,0,0,0,0,0,0,0.098670100429801,0.6741614744513,0,0,0,0.130418089614116,0,0,-1.56628688830024,0,0,0,0,0,0,0,0,0,0,0,0,0,0,0,0,0,0.120811718740362,0,0,0,0,0,0,0,0,0,0.0270994409222303,0,0.492811127904885
0,0,0,0,0,0,0,0,0,1.6154085190999,0,-10.1918164864302,0,0,0,0,0,0,0,0,0,0,0,0,0,0,0,0,0.435859861824291,0,0.955070251554279,0,0,0,0,0,0,0,0,0,0.251490355317603,0,0,0,0,0.381766441527936,0,0,-0.361287064291793,0,0,0,0,0,0,-0.00021026346418429,0,0,-0.757776510746586,0.399095042030033,-0.184038226997374,0,0,0,-3.43884646433825,-0.365562025785083,0,0,0,0,0,0,0,0,0,0,0,0,0,0,0,-0.878765643741848,0,0,0,0,-1.18134960769896,0,0,0,0,-1.23057773734334,0.388691787973914,0,0,0,0,0,-0.281651870595785,0,0,0,0.225464182660287,0,0,0,0,0,0,3.62277349568822,0,0,0,0,0,0,0,0,0,0,0,1.50213516528076,0,-0.048733435857186,0,0,1.18579444550775,-1.06469258343206,0,0,0,0,-0.37869477434264,0,0.0869417956926024,0,0,0,0,0,0,0,0,-0.817722888398588,0,0,0,0,0,0,0.835186036161113,0,0,0,-0.672877306304759,0,0,0,0,-0.559358150111972,0,0.964307028606207,0.415661418427475,0,0,0,0,0,0,-3.77171071123119,0,0,0,0,0,0,0,0,0,0.0918619829579952,-0.81897941317474,0,0,0,0,0,0,0,0.330898285677306,-0.127432747030716,0,0,0,0,0,0,0,0,0,1.82525945907987
0,0,0,0,0,0.631764382458423,0,0,0,0,0,0,-0.0333184916593734,0,0,0,0,0,0,-0.0188578586042438,0,0,0,0,-1.23783400646499,0,0,0,0,-3.64497431253974,0,0,0,0,0,0,0,0,0,0.463445775328152,0,0,0,0,0,0,0,0,0,0,0,0,0,0,0.113012871902599,0,0,0,0,0,0,-0.1591379082322,0,0,0,0,0,0,0,0,0,0,0,0,0,0,0,0,0,0,0,0,0,0,0,-0.367755177359969,0,0,0,0,0,-1.89593095148711,0,0,0,0.258150031650682,0.796824754835835,0,0,0,0,0,0,0,0,0,0,0,0,0,0,0,0,1.44182137812838,0,0,0,0,0,0,0,0,-0.0332302418493355,0,0,0,0,0,0,0,0.451352916463446,-1.40117987219276,0,0,0,0,0,0,0,0,0,0,0,0,0,0,0,0.437698051431743,0,0,0,0,0,0.31871740031362,-1.74440106955767,0,0,0,0,0,0,0,0,0,0,0,0.786975424610802,0,0,-3.55501936941708,0,0,0,-0.494711764683444,-0.0286457270521108,0,0,0,0,0,0,0,0,0,0,0,0,0,0,0,0,0,-0.619348291025356,0,0,0,0.402605201543981,0,0,0
0,0,-0.791302587125851,0,0,0,0,1.03338009032862,0,0,0,0,0,0,0,0,0,0,0,0,0,0,0,0,-0.00238619875171642,0.0641105301306941,0,-0.718432897175061,0,-0.585913703632399,0,0,0,0,0,0,0,0,0,0,0,0,0,0.0742425053756268,0,0,0,0,0,0,0,0,0,-0.678755192317397,0,0,0,0,0,0,0,0,0,0.592076222596172,0,0,0,0,0,0,0,6.39025332255225,0,0,0,0,0,0.600246408266679,0.317812592085748,0.240648036273602,0,0,0,0,0,0,0,0,0,0,0,0,0,0,0.105327801612008,0,0,0,0,0,0,0,0,0,0,0.194911769191893,0,0,-0.439038835260036,0,0,0,0,0,0.269398487744058,0,0,0,0,0,-0.581195016322135,0,0.601551749264919,0,0,0,0,0,0,0,0.412486370438241,0,0,0,0,0,0,0,0,0,0,0,0,0,0,0,0,0,0,0,0,0,0,0,0,0,0,0,-0.0913985724883091,0,0,0,0,0,0,0,-0.80443189928941,0,0.681364887028456,0,0,0,0,0,0,0,0,0,0,0,0.37588683269404,0.155036130013906,0,0,0.0264469691571572,0,0,0,0,0,0,0,0,0,0,0,0,-0.0882957816715149,0,1.08548472671003
0,0,0,0,0,0.10158141536253,0,0,0,0,0,0,0,0,0,0,0,0.504984538704215,0,0,0,0,0.624806383777781,0,0,0,0,0,0,0,0.53428661305507,0,0,0,0,0,0,0,0,0,0,0,0,0,0,-0.0686281770352268,0,0,0,0,0,0,0,0,0,0.0554860854917261,2.88041683283904,0,0,0,0,-0.81124965911886,0.874570499404923,0,0,0,-0.207818082348471,0,0,0,0,0,0,0,0.0373842415129479,0,0,0.580058829182097,0,0,-0.268969843118522,0.00754483395788852,0,0,0,0,0,-0.18515198315078,0,0,0,0,0,0,0,0,0,0,0,-0.223842124907607,0,-0.177556878386573,0,0,-0.266207050565656,0,0,0.446222799019009,0,0,0,0,0,0,-0.540433746923221,0,0,0,0,0,0,0,0,0,0,0,0,0,0,-0.335950215022685,0,0,0,0,0,0,0,0,0,0,0.0832344667270002,0,0,0,0,0,0,-0.569883536587815,-0.0367626582818652,0,0,0,0,0,0,0,-0.150484359319004,0,0.35395728464086,0,0,0,0,0,0,0,0,0,0,0,0,0,0,0,0,0,0,0,0,0,0,0,0,-0.449244070428878,0,0,0,0,0,0,0,0,0,0,0,0,0,0,0,0.240156742881621
0,0,0,0,-1.18887184560352,0,-3.71573421920615,0.793612320664859,0,0,0,0.417382282661763,0,0,0.208084912619699,0,0,0,0,1.77000991289216,0,0,0,0,0,-0.58879439442646,0,0,0,2.96240945983851,0,0,0,0,0,0,0,0,0,0,0.687246775820149,0.556672624727309,0,0,0,0.6902385904132,3.76722895863126,0,0,0,0,-0.407022324220568,0,0,0,0,0,-1.99033806431407,-0.331475881458292,0,0,0.661452546597275,0,0,0,0.146632380528277,0,0,0,0,0,0,0,0,-0.538528585717871,0,0,-0.424841352857035,0,-0.338709373340516,0,0.442213606456292,-1.16309402251255,-1.30867093193967,0,0,0,0,-0.595920489811183,0,0,0.063865205005067,0,0,0,0,0.0733869414953041,0,0,0,0,-1.71473004329836,-0.133230766485046,0,0,0,0,0,0.198662936378127,0,0,0,0,0.10670881816061,0,-0.730725688093266,0,-0.721922386715141,0,0,-0.0409774032964154,0,1.48204708783516,0,0,0,-0.183955429042477,-0.424710458677219,0,0,-0.278281553162077,0.6165565875557,0,0,0,0,0,0,0,0,0,-1.11521947874319,0,0,0,0,0,0,0,0,0,0,0,0,0,0,0,0,0,0.413087641433771,0,0,0,0,0,0,0,0,0,0,0,-0.0823715236349172,0,0,0,-0.562217889673002,0,0,0,-0.850628125522331,0.359481937856099,2.02647005144938,0,0,0,0,0,0,0,0.0277207920917411,0,0,0,0,0,0,0,0,0,0
0.00751612002837954,-0.251532638893557,0,0,0,0,-3.29050283077958,0.0509544076667168,0,0,0.590910549531466,0,0,0,0.130928031566476,0,1.17257660884229,-0.0569512058075099,0,1.06161786971201,0,0,2.03041215418246,0,0,-2.0948209252103,0,0,-0.193174368293479,2.38316438704528,0.535851494033723,0,0,1.0441408341151,0,0,0,0,0,0.273426622083991,0.166285437779104,0,0,0.389543041220376,-0.222813447585615,-2.14661067576436,0,0,0,0,0,0,0,0,0,0.606408028858363,0,-2.1550062624508,0,0,-0.0418208546365924,0,0.15759503340898,0,0,0,-0.773174418682366,-0.550792958343211,0,-0.129544262574488,0,0,0,0,0,0,0,0,0,0,0,0,-0.51562600429106,0,-0.0173208827427245,0,0,-0.16980158184071,-0.50687739366935,0,0,0,0,0,0,0,0,0.0880773571543114,0,0,0,0,0,0,0,0,0,0,0,0.572132386726539,0,0,0,1.17831438863104,0,-0.578701723764718,0,-1.23621799282771,-0.050924680974727,0,0,1.06854401427614,1.40442038911411,0,0,0.434460566275144,0,0,0,0,0,0,-0.15931837673217,0,0,0,0.345888775927651,0,0,0.873121838821898,0,-0.198539581753767,0,0,0,0,0,0,0,0,0,0,-0.951016423036467,0,0,0,0,0,0.860723285312151,0.357635835192987,0,0,1.06825680710218,0,0,0.18027907221556,0,0,0,0,0,0,0,-0.160832818489786,0,0,0,0,0,0,0,2.19673863929866,0,0,0,0,-0.0594490396274063,0,0,0.1773430185123,0,0,0,0.539992729460827,0.765150412319846,0,0,0,0,0
0,0,0.252442281623755,0,0,0.426317062948042,0,0,0.28647189643162,0,1.12300074670222,0,0,0,0,0,0,-0.855893814363703,0,-0.190464338819764,0,0,1.51655824459398,0,0,-3.32400240627737,0,0,0,0,0,0,0,0,0,0,-1.58531807905743,-0.653818305913209,0,0,0,0,0,1.09829235883832,-0.985372063919722,0,0,0,0,-0.255548235862173,0,0,0,0,0,0,0,-0.0471629873697523,0,0,-0.741327076198077,0,3.87270495886407,0,0.139829166263253,0.10378295631228,0,0,0,0,0,0,-0.141697573688801,-0.044134210666481,0,0,0,0,0,0.0462426016498485,0,0,1.49756708066007,0,0,0,0,0.00211980030587045,0,0,0,0,0,0,0,0,-0.0123625737317146,0,0,0,0,0,0,0,0,-0.665605034780994,0,0,0,0,0,0,0,0,0,0,0,0,0,0,0,1.228761921272,0,0,0,0,0,0.237569607112612,-0.373798625001316,0,0,0,0,0,0,0,0,0,0,0,0,0,0,0,0,0,0,0,0.390696597937024,0.131527847662932,0,0,0,0,0,0,0,0,0,0,0,0,-0.162385627381685,0,0,0,0,0,0,0,0,0,0,0,0,0,-0.112272014721974,0,0,0,0,0,0,0,0,0,0,0,0,0,0.490693370236633,0,0,0.175786979982683,0,-0.131443871271256,0,-0.678313619907264,0,0.212898843009209
0,0,0,0,0,0,0,0,0,0,0,0,0,0,0,0,0,0,0,0,0,0,0.23751778706048,0,0,-2.71254776729256,0,0,0,0,0,0,0,0,0,0,0,0,0,0,0,0,0,1.25578331114575,0,0,0,0,0,0,0,-0.510360502576353,0,-0.24302934308522,0,0,0,0,0,0,0,0,2.19033194932724,0,0,0,-0.0184392580799064,0,0,0,0,0,0.305735742846458,0,0.228724556737398,0,0,0,0,0,0,0,0,0,0.054728231956281,0,0,-0.191776195410549,0,0,0,0,0,0,0,0,0,0.139117561285442,0,-0.469134263693377,0.674585168324418,0,0,0.211722055687569,0,0,0,0,0,0,0,0.0349149156378152,-0.243654411952943,0,0,0,0,0,0,0,0,0,0,0,0,-0.545864419382187,-0.0201365600756058,0,0,0,0,0,0.0550498928402616,0,0,1.04522124730693,0,0,0,0,-0.620601882930013,0,0,0,0,0,0,0,0,0,0,0,0,1.06701615386221,0,0,-0.126887930313314,0,0,0,0,0,0,0,0,0,0,0,0,0,0,0,0,0,0,0.559591531064281,0,0,0,0,0,0,0,0,0,0,0,0.607590193756277,0,0,0,0,0,0,0,0,0,0,0,0
0,0,0,0,0,0,0,0,0,0,0,0,0,0,0,0,0.133006469871717,0,0,0,0,0,1.34963268115121,0,0,0,0,0,0,0,0,0,0,0,0,0,-0.407522216314529,0,0,0,0,0,0,0.986365231487514,0,0,-1.38241066935685,0,-0.540945026360423,0,0,0,0,0,0,0,1.12004000001893,0,0,0,0,0,4.01292291654154,0,0,0,0,0,0,0,0.0694346888253596,0,0,0,0,0,0,0,0,0,0,0,-0.577272925958511,-0.648991598314307,0,-0.258938947908229,0,0,0,0,0,0,0,0,0,0,0,0,0,0,0.0215636411790274,0.0677669259571856,0,0,0,0,0,0,0,0,0,0,0,0,0,0,0,0,0,0,0.829812934672224,0,0,0,0,0,0,0,0,0,0,0,0.0923658754786285,0,0,0,0,0,0,0,-0.456191946156578,0,0,0.175772039417602,0,0,0,0.974644011934743,0,0,0,0,0,0,0,0,0,0,0,0,0,0,0,0,0,0,0,0,0,0,0,0,0,0,0,0,-0.535626590930088,0,0,0,0,0,0,0,0,0,0,0,0,0,0,0,0,0.138817429072716,0,0,0,0,0,0
0,0,0,0,0,0.100936148285471,0,0,0,0,-0.764413856164899,0,0,0,0,0,0,0,0,0,0,0,0,0,0,-0.148492998031711,0,0,-0.167559321555431,0,0,0,0,0,0,0,0,0,0,0,0,0,0,0,0,0,0,0,0,0,0,0,0,0,0,0,0,0,0,0,0,0,3.40938739847967,0,0,0,0,0,0,0,0,0,0,0,0,0,0,0,-0.129224522910471,0,0,0,0,0,0,0,0,0,0,0,0,0,0,0,0.0599074541174043,0,0,0,0,0,0,0,0,0,0,0,0,0,0,0,0,0,0,0,0,0,0,0,0,0,0,0,0,0,0,0,0,0,0,0,0,0.232907538020008,0,0,0,0,0,0,0,0,0,0,0,0,0,0,0,0,0,0,0,0,0,0,0,0,0,0,0,0,0,0,-0.20211476590813,0,0,0,0,0,0,0,0,0,0,0,0,0,0,0,0,0,0,0,0,0,0,0,0,0,0,0,0,0,0,0,0,0,0,0,0,0
1.03479519313736,0.0685191270803123,-1.25579147324548,0,0.272394355855421,0,0,0,0,0.172275187926999,-3.50294222489551,0,0,0,-0.416555610067477,0,0,0,0,0,-0.77828342990072,0,2.50264553983726,-0.417224650425171,0,0,0,1.39270335740631,0,0,-0.214597794492851,-0.392542982849357,0,0,0,0,-1.36344153047798,-2.64230813987469,0.230212865480685,-0.445578613878584,0,0,0,-5.04970756797692,-1.71525395143478,-0.745288124239031,0.761450689068651,0.233567152368472,0,0,0,0,1.63171530123067,-0.186569538576363,-0.164296872510787,0,0.192768824915648,-0.196771109535683,0,0,0,-0.349366106123465,0.327207551171997,0,0,0,0,2.34399175051038,-0.251933266166379,-1.69647709273073,1.03518143395839,0,0,0,0,0,0,0,0,0,0,0,-1.24794712213034,0,0,-1.18474289612147,0,-0.414814026984383,0,0.239042788217177,0,0,0.488649545953104,0,0,0,0.683528789645755,0,0,0,0,0,0,0,0,0,0,2.86607543409899,0,0,0,-1.2545144999934,0,0.681353486868425,0,-1.17092607638243,0,0,-0.205981140402946,1.13864446638385,0,-2.78670847429896,0,0,0,0.0957576869302454,0,0,0,1.87931671980285,-0.12857416170476,0.736919735208594,0,0,-0.489097287685322,0,0.0726362891281829,0,-0.437086106408627,0,3.03341291783996,2.22658147478216,0,0,0,-0.0452532510419019,0,0,0,0,0,0,0.137639827988077,0,0,0.157832390947791,0,0,0,0,0.59587371790336,0.283307830150515,0,0,0,0.0960040409630678,0,-1.27799320504734,0,-0.0849099786670842,0,0,0,0,0.527882440210806,-1.09147597939772,0,1.09400284271924,-0.258041471151177,0,0,0,0,0,1.57730395652887,1.11506828426719,0,0,0,0,0,0,0.134389046380957,0,0,-0.301672556349255,0,0,0,-0.0949195711847841
0,0.544064092129308,0,0,0,0,0,0.0799410997040264,0,0,0,0,-0.00544867748453526,1.24277646366559,0,0,0,0,0,-0.113738899230672,-0.344677429025141,0,0.969780001048736,0,0,0,0,0,0,0,-0.0511259303885359,0,0,0,0,0,0,-1.05664631631721,0,0,-0.258114745287243,0,-0.192524321603998,0,0.504479777298955,-0.171423689732687,0,0,0,-1.62704255850364,0,0,0,0.102544003798414,0,0,-0.543575008949901,0,0,0,0,0,4.11498522410758,0.487382182595903,0,0,0,-0.854957881347582,0,0,0.149449587329338,0,-0.279782267374373,0,0,0,0,0,0,1.14627500232773,0,0,0,0,0,-1.4647514021902,0,1.86871739622032,0,0.450673963278566,0,-0.647292472280386,0,0,0,0,0,0,0,0,0,-0.388727486150712,-0.450036684678055,-1.45131626366312,0,-0.984058912626044,0,0,0,0,0,-0.274781629689733,-0.000225633288639671,0,0,0,0,0,0,-0.15682106198162,0.911465997418434,0,0,0,0,0,0,0,0,0,0,2.68011943471153,0,0,0,0,0,0,0,0,0,0,0.429234470717374,0,0,0,0,-0.75546256131866,0,0,0,0.410036970320936,0,0,-0.691887551289227,0,0,0,0,0,0,0.114115869467839,0.396053812799428,0,0,0,0,0.0375243185076504,0,0,0.121839396608552,0,0,-1.69439655586296,0,0,0,0,0.482635307908796,0,0,0.118591220417401,0,-0.0865518334309361,0,0.503952356495135,0,0,0,-0.14305959714089,0,0,-0.105766145932299,0,0,0,0,0,0,0
0,0,0.401550843434581,0,0,-0.658111620745358,0,0,-0.922669900442524,0,0,-0.171738640527009,-0.0173942516296948,0,0,0,0,-0.0159798971682872,0,0,1.32233070553508,0,0,0,0.365304720262097,0,0,0,0.155799605735836,0,0.404526242795856,0,0,0,0,0,0,0,0,0,-0.222121878376579,0,0,0,-2.37736213971095,0,0,0,0,0,0,0,0,0,0,-0.101744619387896,0,0,0.026226030912053,0,0,0,3.74733150665985,0,0,0,0,0,-0.160922403474357,0,-0.833119016930706,0,0,0,0,0.559580383795368,0,0,0,0,0,-0.39670718435369,0,0,0,0,0,-0.473535652604184,0,0,0,0,0,0,0,0,0,0,0,0,0,-0.149420398002881,0,1.28345371956373,0,0,0,-0.36587367984523,-0.0707909423979247,-0.777888850675455,0,0,0.0798298898843475,0,0,0,0,0,0.124110284167449,0,0,0,-0.676286080275507,0,0,0.377409815301463,0,0,1.01560720184429,0,0,0,0,0,1.12146750851731,0,0,0,0,0,0.279192730253716,0.771006018796822,0,0,0,0,0,0,-0.875042086746621,0.643744162059694,0,0,0.00517417581060808,0,0,0,-0.802236322131378,0,0,0,0,0,0,0,0,0,0,0,-0.131322557570332,0,0,-0.0132493667578433,0,0,0,0,0,0,0,0,0,0,0,0,0,0.628873097704025,0,0,0,0,0,0,0,0,0,0,0,0,0,0
0,0,0,0,0,0,0,0,0,0,-0.128609235278607,0,0,0,0.402224949581771,0,0,0,0,0,0,0,4.94888141089301,0,0,0,0,0,-1.03948252251297,0,0,0,0,0,0,0,0,0.0693511301550149,0,0,0,0,0,0,0,0,0,0,0,0,0,0,0,0,0,0,0,0,0,-0.353302134643239,0,0.040554250858587,3.10016687394137,0,0,0,0,-0.148686141856041,0,0,0,0,-0.0319435340577241,0,0,0,0,0,0,0,0,0,0,0,0,0,0,0,0,0,0,0,0,0,0,0,0,0,0,0,0,0,0,0,0,-1.61950178266798,0,0,-0.0255974851433731,0.745576103158063,0,0,0,0,0,0,0,0,0,0,0,0,0,0,0,0,0.121209695989533,0,0,0,0.695631815373878,0,0,0,0,0,-0.0157272465480891,0,0,0,-0.168232956682464,0,0,0,0,0,0,0.345925963065607,0.799068148869545,0,0,0,0,0,-0.967688410477304,0,0,0,0,0,0,-0.933327692207208,0,0,0,0,0,0,0,0,0,0,0,0,0,0,0,0,0,0,0,0,0,2.01616154986652,0,0,0,0,0,0,0,0,0,0.344650311916043,0,0,0,0,0,0.194402978832315
0,0,0,0,0,0,-0.212848552668368,0,-0.123835627428319,0,0,0.484256084472359,0,0,0.415234555689544,0,0,0,0,0,0,0,0,0,0,0.616008922355176,0,-0.300931973493244,0,0,0,0,0,0,0,0.48723097845411,0,0,0,0,0,0,0,0,0,0,0,0,0,0,0,0,-0.235719579120139,0,0,0,-0.870631920598468,0.146437063350955,0,0.515377262291366,0,0,1.60782315177367,0,-0.00756763547665806,-0.763509558468513,0,0,0.8247155107382,0,0.27258228388317,-0.20817823063362,0,0,0.914127557558836,0,0,0,0,0,0,0,-0.274101519258026,0,-0.424102742185555,-0.288466739001383,0,0,0,0,0,-0.041095542496663,0,0.257663333561437,0,0,0,0,0,0,-0.323741345317885,0,0,-0.646793108014271,-0.626075632120477,-2.38256673552798,0,-0.625428565604228,0.881603857376904,0,0,0,0,0,0,-0.407324888240137,0,0,0,0,0,0,0,0,0,0,0,0,0,0,0.397035359068388,0.269384800035118,0,0,0,0,0,0,0,0.227334319543067,-0.0181570728795561,0,0,0,0,0,0,0,0,0,0,0,0.266499300478169,0,0,0,0,0.0943619229948744,0,-0.283608681620669,1.401815738666,0,0,0,0,0,0,0,0,0,0,0,0,0,0,0,0,-4.83601642013998e-05,-0.641119704024796,0,0,0,0,0,0.680915676163609,0,0,0,0,-0.223768850620251,0,0,0,0.0799865014149848,0.277844130663567,0,0,0,-0.295794216898032,-0.858513390205718
0,0,0,0,0,0,0,0,0,0,0,0,0,0,0,0,0,0,0,0,0,0,0,0,0.795377427419591,0,0,0,0,0,0,0,0,0,0,0,0,0,0,0,0,0,0,0,0,0,0,0,0,0,0,0,0,0,0,0,0,-0.185605783105754,0,0.0997375907666516,0,0,0,0,0,0,0,0,0,0,0,0,0,0,0,0,0,0,0,0,0,0,-0.365849601520748,0,0,0,0,0,0,0,0,0,0,0,0,0,0,0,0,0,0,0,0,0,0,0,0,0,0,0,0,0,0,0,0,0,0,0,0,0,0,0,0,0,0,0,0,0,0,0,0,0,0,0,0,0,0,0,0,0,0,0,0,0,0,0,-6.74696150635262,0.0674981394506549,0,0,0,0,0,0,0,4.96468819005931,0,0,0,0,0,0,0,0,0,0,0,0,0,0,0,0,0,-0.657730065114522,0,0,0,0,0,0,0,0,0,0,0,0,0,0,0,0,0,0,0,0,0,0,0,0,0,0
0,0,0,0,0,0,0,0,0,0,0,0,0,0,0,0,0,0,0,0,0,0,0,0,0.714396398206576,0,0,0,0,0,0,0,0,0,0,0,0,2.23968552581405,0,0,0,0,0,0,0,0,0,0,0,0,0,0,0,0,0,0,0,0,0,0.548926807171023,0,0,0,0,-0.189033941405384,0,0,0,0,0,0,0,0,0,0,0,0,0,0,0,0,0,-0.631753217828523,0.213091119495241,-0.0723863084748289,0,0,0,0,0,0,0,0,0,0,0,0,0,0,0,0,0,0,0,0,0,0,0,0,0,0,0,0,0,0,0,0,0,0,0,0,0,0,0,0,0,0,0,0,0,0,0,0,0,0,0,0,0,0,0,0,0,0,0,0,0,-9.5963927452991,0,0,0,0,0,0,0,0,4.66348279187314,0,0,0,0,0,0,0,0,0,0,0,0,0,0,0,0,0,0,-0.0869841457423324,0,0,0,0,0,0,0,0,0,0,0,0,0,0,0,0,0,0,0,0,0,0,0,0,0
0,0,0,0,0,0,0,0,0,0,0,0,0,-0.423617604531927,0,0,0,-0.216636457663329,0,0,0,0,0.219805114295333,0,0,0,-0.198512005954703,0.281486476162094,0,0,0,0,0,0,0,0.601495919607321,0,0,0,0,0,0,0,-0.395416439523833,0,-0.44827988844154,0,0,0,0,0,0,0,0,0,0,0,0.879264292953832,0,0,0,0,0,0,0,0,0,0,0,0,0.401784371006373,0,0,0,0,-0.240156632171789,0,0,0,0,-0.615931963521171,-1.04916023817999,0,0,0,0,0,0,0,0,0,0,0,0,0,0.476563292349448,0,0,0,0,0,0,0.851364448947541,-0.529806198951789,0,0,0,0,0,0,0,0,0,0,0,0,0,0,0,0,2.04973081878518,0,0,0,0,0,-0.531088643344325,0,0,0,0,0,0,0,0.0834356764201221,0,0,0,0,0,0,0,0,-0.444961708026856,0,0,0,0,0,0,0,0,0.431374233279677,0,0,0,0,0,0,0,0.510005985038048,0,0,0,0,0,0,-1.93268113656604,0,0,0,0,0,1.41964903965882,0,0.830214360228621,0,0,0,0,0,0,0,0,0,0,0,0.0966270224861034,0,0,0,0,0,0,0,0,0,0,0,0.0491740764390511
0,0.283054610974607,0,0,0,0,-0.9683595765602,0,0,1.18066251179194,0,0,0,0,0,0,0,0,0,0,0,0,0,0,0,0,-0.858059249799423,0.330088370952592,0,0,0,0,0,-0.657850276663206,0,0,0,0,0,0,0,0,0,0,0,0,0,0,0,0,0,0,0,-0.883454777344673,0,0,0,0.56522386081416,0,0,0,0,0,0,-0.163495720763642,-0.136402927577704,0.394071111149366,0,0,0,0,0,0,0,0,0,0,0,0,0,0,0,0,0,0,0.974548747692815,0,0,0,0,0,0,0,0,0,0,0,0,0,-0.185628882873264,0,0,0,0,0,-2.02587430219771,0,0,0.00768095226926468,0,0,0,0,0,0,0,0,-0.560476958601338,0,0,0,0,0.50152127029598,0,0,0,0.126407790589854,0,0,0,0,0,0,0,0,0,0,0,0,0,0,0,0,-0.361165103176341,0,0,0,0,0,0,0,0,0,0,0,0,0,0,0,0,0,0,0.923485968510099,0,0,0,-0.27579338102408,0,0,0,0,0,0,0,-0.895972165394709,0,0,0,0,0,0,0,0,0,0,0,0,0,0,0,0,0,0,0,0,0.568473761467089,0,-0.290571917207344,0,0
0,0,0,0,0,0,0,0,0,0,0,0,0,0,0,0,0,0,0,0,0,0,0,0,0,0,0,0,0,0,0,0,0,0,0,0,0,0,0,0,0,0,0,0,0,0,0,0,0,0,0,0,0,0,0,0,0,0,0,0,0,0,0,0,0,0,0,0,0,0,0,0,0,0,0,0,0,0,0,0,0,0,0,0,0,0,0,0,0,0,0,0,0,0,0,0,0,0,0,0,0,0,0.62554629600728,0,0,0.224722037806377,0,0,0,0,0,0,0,0,0,0,0,0,0,0,0.358040790298199,0,0,0,0,0,0,0,0,0,0,0,0,0,0,0,0,0,0,0,0,0,0,0,0,0,0,0,0,0.039106486812247,0,0,0,0,0,0,0,0,0,0,0,0,0,0,0,0,-1.46277814312976,0,0,0,0,0,0,0,0,0.103866077543804,0,0,0,0,0,0,0,0,0,0,0,0,0,0,0.205427388798647,0,0,0,0,0,0,0,0,0
0,0,0,0,0,0,0,-0.659826393832127,0,0,0,0,0,0,0,0,0,0,0,4.47077312604645,0,0,0,0,0,0,0,0,0,0,0,0,0,0,0,0,0,-0.586702279575001,0,0,0,0,0,0,0,0,0,0,0,0,0,0,0,0,0,0,0,0,0,0,0,0,0,0,0,0,0,0,0,0,0,0,0,0,0,0,0,0,0,0,0,0,0,0,0,0,0,0,0,0,0,0,0,0,-0.0351093198939176,0,0,0,0,0,0,0,0,0,0,0,0,0,0,0,0,0,0,0,0,0,0,0,0,0,0,0,0,0,0,0,0,0,0,0,0,0,0,0,0.119768960863994,0,0,0,0,0,-0.34010073283155,0,0,0,0,0,0,0,0,0,0,0,0,0,0,0,0,-0.341160535206334,0,0,0,0,0,0,0,0,0,0,0,0,0,0,0,0,0,0,0,-0.0225258316622157,0,0,0,0,0,0,0,0.194318570015103,0.432235761487247,0,0,0,0,0,-0.741512308498595,0,0,0,0,0,0,0
0,0,0,0,0,0,0,-0.686974326823797,0,0,0,0,0,0,0,0,0,0,0,4.44454240122424,0,0,0,0,0,0,0,0,0.00561836892373746,0,0,0,0,0,0,0,0,-0.938273687841897,0,0,0,0,0,0,0,0,0,0,0,0,0,0,0,0,0,0,0,0,0,0,0,0,0,0,0,0,0,0,0,0,0,0,0,0,0,0,0,-0.0536956386115661,0,0,0,0,0,-0.0621844158556537,0,0.0542521656895052,0,0.52814623764656,0,0,0,0,0,0,-0.419916652697374,0,0,0,0,0,0,0,0,0,0,0,0,0,0,0,0,0,0,0,0,0,0,0,0,0,0,0,0,0,0,0,0,0,0,0,0,0,0,0,0,0,0,0,0,0,-0.381013463686555,0,0,0,0,0,0,0,0,0,0,0,0,0,0,0,0,0,0,0,0,0,0,0,0,0,0,-0.262590586448141,0,0,0,0,0,0,0,0,0,0,0,0,0,0,0,0,0,0,0,0,0,0,0,0,-0.0486253417341349,0,0,0,0,0,0,0
0,-0.0618312052093466,-0.284543988803911,0,0,0,0,-0.411409955672914,0,0,0,0,0,0,0,0,0,0,0,3.56450655349689,0,0,0,0,0,0,0,0,0,0,0,0,0,0,0,0,0,0,0,0,0,0,0,0,0,-1.15304483585077,-0.179734269347073,0,0,0,0,0,-0.0790657707254228,0,0,0,0,0,0,0,0,0,0,0.25818433663632,0.441302905055251,0,0,0,0,0,0,0,0,0,0,0,0,0,0,0.0288891056916158,0,0,0,-0.893617040966924,0,0,0,0,0,0,0,0,0,0,-0.180941030733351,0.208532330181038,0,0,0,0.430732459139727,0,0,0,0,0,0,0,0,0,0,0,0,-0.12407230641331,0,0,0,0,0,0,0,0.441854246965336,0,0,0,0,0,0,0,0,0,0,0,0,0,0,0,-0.306449985653326,0,0,0,0,0,0,0.369235572269436,0,0,0,0,0,0,0,0,0,0,0,0,0,0,0,0,0,-0.29277595485226,-0.675029419959142,0,0,0,0,0,0,0,0,0,0,0,0,0,0,0,0,0.968889390366277,0,0,0,0.105106724371273,0,0,0,0,0,-0.59223023594565,0,0,0,0,0,0,0,0,0,0
0,0,0,0,0,0,0,0,-1.2545243822398,0,0,0,0,0,0,0,0,0,0,0,0,0,0,0,0.318604943729704,0,0.0524709346571182,0,0,0,0,0,0,0,0,0.382081617869041,0,0,0,0,0,0,0,0,0,0,0,0,0,0,0,0,0,0,0,0,0.0956872278303138,0,0,0,0,0,0,0,0,0,0,0,1.90635116081068,0,0,0,0,0,0.38487404336636,0,0,0,0,0,0,0,0,0,-0.986629240351345,0,0,-0.220014612124463,0,0,0,0,0,0,0,0,-0.204585212179248,0,0,0,0,0,0.55571771571036,0,0,-0.286951095599636,0,0,0.45668183685484,0,0,0,0,0,0,-0.0423493428926116,0,0,0,-0.649469207484665,0,-0.160937746489541,0,0,0,0,0,-2.10371098228293,0,0,-0.998944422088309,-2.4892128228714,0,0,0,0,0,0,0,0,0,0,0,0.45755881151314,0,0,0,0,0,0,0,0,0,0,0,0,0,0,0,0,0,0,0,0,0,0,0,0,0,0,0,0,0,0,0,0,0,0,0,-0.081622065573316,0,0,0,0.365341546215138,0,0,0,0,0,0.183285250280768,0,0,-5.46524665554693,0,0,0,0,0,0,0
0,0,0,0,0,0,0,0,0,0,0,0,0,0,0,0,0,0,0,13.1771718311734,0,0,0,0,0,0,0,0,0,0,0,0,0,0,0,0,0,0,0,0,0,0,0,0,0,0,-0.187423416082866,0,0,0,0,0,0,-0.24639972283765,0,0,0,0,0,0,0,0,0,0,0,0,0,0,0.438476510891207,0,0,0,0,0,0,0,0,0,0,0,0,0,0,0,0,0,0,0,0,0,0,0,0,0,0,0.257638825815211,-0.0137635813082155,0,0,0,0,0,0,0,0,0,0,0,0,0,0,0,0,0,0,0,0,0,-0.311234404826195,0.0310828985075287,0,0,0,0,0,0,0,-0.397965861889999,0,0,0,0,0,0,0,0,0.141505577028775,0,0,-0.853577472851367,0.37939309175838,0,0,0,0,0,0,0,0,0.568895371377369,-0.291520255633922,0,0,0,0,0,0,-0.635450186798049,0,0,0,0.58516190146608,0,0,0,0,0,0,0,0,0,0.0629695119513263,0,0,0,0,0,0,0,0,0,-0.281513654769735,0,0,0,0,0,0,0,0,0,0,0,0,0,0,0,0,0,0
0,0,0,0,0,0,0,0,-0.484947201682421,0,0,0,0,0.155121101467713,0,0,0,0,0,11.851485408638,0.0638820771608481,0,0,0,0,0.0505732383303885,0,0,-0.143341375665125,0,0,0,-0.178804576285816,0,0,0,0,0,0,0,0,0,0,0,0,0,0,0,0,0,0,0,0,0,0,0,0,0,0,0,0,0,0,0,0,0,0,0,0,0,0,0,0,0,0,0,0,0,0,0,0,0,0,0,0,0,0,0,0,0,0,0,0,0,0,0,0,0,0,0,0,0,0,0,0,0,0,0,0,0,0,0,0,0,0,0,0,0,0,0,0,0,0,0,0,0,0,0,0,0,0,0,0,0,0,0,0,0,0,0,0,0,0,0,0,0,0,0,0,0,0,0,0,-0.181754188258862,-1.0310183025458,0,0,-0.137613609083894,0,0,0,0,0,0,0,0,0,0,0,0,0,0,0,0,0,0,0,0,0,-0.0994615402552352,0,0,0,0,0,0,0,0,0,0,0,0,0,0,0,0,0,0,0.505576563072736,-0.243728871107404
0,0,0,0,-0.189801169736945,0,0,0,0,-0.158615105543326,0,0,0,0,0,0,0,0,0,10.0814004154779,0,0,0,0,0,0,0,0,0,0,0,0,-0.123321705122421,0,0,0,0,0,0,0,0,0,0,0,0,0,0,0,0,0,0,0,0,0,0,0,0,0,0,0,0,0,0,0,0,0,0,0,0,0,0,0,0,0,0,0,0,0,0.43885389581809,0,0,0,0,0.201808328109402,0,0,0,0,0,0,0,0,0,0,0,0,0,0,0,0,0,0,0,0,0,0,0,0,0,0,0,0,0,0,0,0,0,0,0,0,0,0,0,0,0,0,0,0,0,0,0,0,0,0,0,0,0,0,0,0,0,0,0,-0.0983360275750167,0,0,0,0,0,0,0,0,0,0,0,0,0,0,0,0,0,0,0,0,0,0,0,-0.236934977955924,0,0,0,0.208924472185204,0,0,0,0,0,0,0,0,0,0,0,0,0,0,0,0,0,0,0,0,0,0,0,0,0,0,0,0
0,0,0,0,0,0,0,0,0,0,0,0,0,0,0,0,0,0,0,6.78853946442771,0,0,0,0,0,0,0,0,0,0,0,0,0,0,0,0.161719716083404,0,0,0,0,0,0,0,0,0,0,0,0,0,0,0,0,0,0,0,0,0.88982482505309,0,0,0,0,0,0,0,0,0,0,0.199400531377653,0,0,0.272018046371175,0,0,0,0,0,0,0,0,0,0,0,0,0,0,0.14756985316178,0,0,0,0,-0.125334366569493,0,0,0,0,0,0,0,0,0,0,0,0,0,0,0,0,0,0,0,0,0,0,0,0,0,0,0,0,0,0,0,0,0,0,0,0,0,0,0,0,0,0,0,0,0,0,0,0,0,0,0,0,0,0,0,0,0,0,0,0,0,0,0,0,0,0,0,0,0,0,0,0,0,0,0,0,-0.138246087968268,0,0,0,0,0,0,0,0,0,0,0,0,0,0,0,0,0,0,0,0,0,0,0,0,0,0,0,0,0,0,0,0
0,0,0,0,0,0,0,0,0,0,0,0,0,0,0,0,0,0,0,0.733066981032921,0,0,0,0,0,0,0,0,0,0,0,0,0,0,0,0,0,0,0,0,0,0,0,0,0,0,0,0,0,0,0,0,0,0,0,0,0,0,0,0,0,0,0,0,0,0,0,0,0,0,0,0,0,0,0,0,0,0,0,0,0,0,0,0.248062750404627,0,-0.823488300853363,0,0,0,0,0,0,0,0,0,0,0,0,0,0,0,0,0,0,0,0,0,0,0,0,0,0,0,0.0745156784056731,0.102666059936383,0,0,0,0,0,0,0,0,0,0,0,0,0,0,0,0,0,0,0,0,0,0,0,0,0,0,0,0,0,0,0,0,0,0,0,0,0,0,0,0,0,0,0,0,0,0,0,0,0,0,0,0,0,0,0,0,0,0,0,0,0,0,0,0,0,0,0,0,0,0,0,0,0,0,0,0,0,0,0,0,0,0,0,0,0
-0.765969439150319,0,0,0,0,0,0,-0.945562281813929,0,0.24840746222332,-0.14281813471855,0,0,0,0,0,0,0,0,2.34200840439964,0,0,0,0,0,0,0,0,0,0,0,0,0,0.325139731563878,0,0,0,0,0,0,0,0,-0.0298291294128203,0,0,-0.212604247347655,0,0,0,0,0,0,0,0,0,0.106231396076573,0,0,0,0,0,0,0,0,0.0813497709560118,0,0,0,1.08214576316528,0,0,0,0,0,0,0,0,0,0,0,0,0,0,0.256641902818363,0,0,0,0,0,0.269483787744661,0,1.1558772909816,0,0,0,0,0,0,0,0,0,0,0,0,0,0,0,0,0,0,0,0,0,0,0,0,0,-0.257434063203607,0,0,0.161524642063407,0.253353647880821,-1.10173408792062,0,0,0,0,0,0,0.270486253617491,0,-0.877081785374354,0.17059247673586,0,0,0,0,0,0,0,0,0,0,0,0,0,0,0,0,0.615975406032306,-0.496531875541645,0,0.276726774947574,0,2.28672620801836,0,0,-4.51312648713814,0,0,0,0,-0.182439287771262,0,0,0,0,0,0,0,0,0,0,0,0,0,0.0657387688622684,0,0,0,0,0,0,0,-0.885759275912964,0,0,0,0,0,0,0,-1.5443096783297,0,0,0,0,0,-0.0789369300589975,0
-2.22368796846542,0.707173211052153,0.653595773589089,0,0,0,0,-0.800342203942986,0,2.8797682715616,0,0,0,0,0,0,0,0,0,0,0,0,0,0,0,0,0,0,0,0,0,0,0,0.986585333471449,0,0,0,0,0,0,0,0,-0.493878840946409,0,0,-0.581792079941714,0,0,0,0.297980451267913,0,-0.154405297985666,0,0,0,0,0,-0.912832457338954,0,0,0,0.196626445359106,0,0,0,0,0,0,2.57483384890911,0,0,0,0,0,0.136133132439772,0,0,0,0,0,0,0,0,0,-0.649379870832458,0,0,0,0.064365393927575,0,0.196747696079711,0.851229263709115,0,0,0.425221546150856,0,-0.0971704763314285,0,0,0,0,0,0,0,0,0,0,0,0,0,0,0,-0.0679743577655876,0,-0.448028599271331,0,0,0,-0.099415460671529,0,0,0.732538258290739,0,0,0,0,0,-0.632932881103968,0,0,-0.294521448545195,-2.16422960550656,0.759976856812135,0,0.123659679535241,-0.886626077013197,0,0,0.211383987731788,0,0.107030977072492,0.478852379732196,0,0,-0.157047040161844,0,0,0,0,0,-0.922438417907141,0,0,0,2.05773019839535,0,0,-4.82278399515724,0,0,0,0.209536244590866,0,0,0,0,0,1.09825143126561,0,0,0,0,0.0765111982001774,0,0,-0.764627130943983,0,0,0,-0.950174378056496,0,-0.435046672182925,0,0,-0.046504731021072,0,0,0,0,0,0,0,-7.98818548343375,0,0,0,0,0,0,0
-1.27175761508417,0,1.3548538581253,0,0.507035024428219,-0.496170085951955,-1.10024186918135,0,-0.0576645258328288,2.22953039021091,0,0,0,0,0,0,0,0,0,0,0,0,0,0,-0.0192975611660169,1.05422184894376,0,0.273685769321034,0,0,0,0,0,0,0,0,0,0,0,0,0,0,-0.440479840536482,0,0,0,0,0,0,0,0,-2.43403599289572,0,0,0,0,0,0,0,0.168485978795012,0,0,0,0,0,0,0,0,2.04957754187099,0,0,0,0,0,0,0,0,0,0,0.118183297212245,0,0,0,0,0,0,0,0,0,0,0,0,0,0,1.2984028556662,0,-0.30406017314587,0,0,0,0,0,0,0,0,0,0,0,0,0,0,0,0,-0.79553726564093,-0.269685871120663,0,0,-0.662608217680508,0,0,0,0,0,0,0,0,-0.0322582312297395,-2.43064596822555,0,0,-3.78738531838219,0,-0.306977192058776,0,0,0,1.62264314269926,0,0,0,0,0,0,0,0,0,0,0,0,0,0,0,0,0,0,0,0,0,0,0,1.04998091238327,0,0.179232857793387,0,0,0,0,0,1.33281325330125,0.9570875421135,0,0,0,0,0,-0.528236797070805,0,0,-0.0697376995499448,-0.629302683913099,0.0923777165730062,0,0,-1.26992526712436,0,0,0,0,0,0.506589757453695,0,0,-5.71316882532047,0,-0.0639777824809944,0,0,0,0,0
0,0,0,0,0,0,0,0,0,0,0,0,0,0,0,0,0,0,0,10.9862726654434,0,0,0,0,0,0,0,0,0,0,0,0,0,0,0,0,0,0.0868807891980012,0,0,0,0,0,0,0,0,0,0,0,0,0,0,0,0,0,0,0,0,0,0,0,0,0,0,0,0,0,0,0,0,0,0,0,0,0,0,0,0,0,0,0,0,0,0,0,0,0,0,0,0,0,0,0,0,0,0,0,0,0,0,0,0,0,0,0,0,0,0,0,0,0,0,0,0,0,0,0,0,0,0,0,0,0,0,0,0,0,0,0,0.332253539289235,0,-0.0805191443556734,0,0,0,0,0,0,0,-0.294796584191684,0,0,0,0,0,0,0,0,0,0,0,0,0,0,0,0,0,0,0,0,0,0,0,0,0,0,0,0,0,0,0,0,0,0,0,0,0.0592827137472993,0,0,0,0,0,0,0,0,0,0,0,0,0,0,0,0,0,0,0,0,0,0.514359556054895,0
0,0,0,0,0,0,0,0,0,0,-0.313778691937687,0,0,0,0,0,0,0,0,9.6862644604507,0,0,0,0,0,0,0,0,0,0,0,0,0,0,0,0,0,0,0,0,0,0,0,0,0,0,0.174638786085377,0,0,0,0,0,0,0,0,0,-0.762392937917331,0,0,0,0,0,0,0,0,0,0,0,0,0,0,0,0,0,0,0,0,0,0,0,0,0,0,0,0,0,0,0,0,0,0,0,0,0,0,0,0,0,0,0,0,0,0,0,0,0,0,0,0,0,0,0,0,0,0,0,0,0,-0.234925103793066,0,-0.362879524522304,0,0,0,0,0,0,0,0,0,0,0,0,0,0,0,0,0,0,0,0,0,0,0,0,0,0,0,0,0,0,0,0,0,0,0,0,0,-0.0488927312461811,0,0,0,0,0,0,0,0,0,0,0,0,0,0,0,0,0,0,0,0,0,0,0,0,0,0,0,0,0,0,0,0,0,0,0,0,0,0,0,0,-0.0757199779094027
0,0,0,0,0,0,0,0,0,0,0,0,0,0,0,0,0,0,0,8.67809673401535,0,0,0,0,0,-0.408899274760574,0,0,0,0,0,0,0,0,0,0,0,0,0,0,0,0,0,-0.78897633454875,0,0,0,0,0,0,0,0,0,0,0,0,0,0,0,0,0,0,0,0,0,0,0,0,0,0,0,0,0,0,0,0,0,0,0,0,0,0.0562175504072735,0,0,0,0,0,0,0,0,0,0,0,0,0,0,0,0,0,0,0,0,0,0,0,0,0,0,0,0,0,0,0,0,0,0,0,0,0,0,0,0,0,0,0,0,0,0,0,0,0,0,0,0,0,0,0,0,0,0,0,0,0,0,0,0,0,0,0,0,0,0,0,0,0,0,0,0,0,0,0,0,0,0,0,0,0,0,0,0,0,0,0,0,0,0,0.472230086137923,0,0,0,0,0,0,0,0,0,0,0,0,0,0,0,0,0,0,0,0,0,0,0
0,0,0,0,0,0,0,0,0,0,0,0,0,0,0,0,0,0,0,6.70868794714967,0,0,0,0,0,0,0,0,0,0,0,0,0,0,0,0,0,0,0,0,0,0,0,0,0,0,0,0,0,0,0,0,0,0,0,0,0,0,0,0,0,0,0,0,0,0,0,0,0,0,0,0,0,0,0,0,0,0,0,0,0,0,0,0,0,0,0,0,0,0,0,0,0,0,0,0,0,0,0,0,0,0,0,0,0,0,0,0,0,0,0,0,0,0,0,0,0,0,0,0,0,0,0,0,0,0,0,0,0,0,0,0,0,0,0,0,0,0,0,0,0,0,0,0,0,0,0,0,0,0,0,0,0,0,0,0,0,0,0,0,0,0,0,0,0,0,0,0,0,0,0,0,0,0,0,0,0,0,0,0,0,0,0,0,0,0,0,0,0,0,0,0,0,0,0,0,0,0,0,0
0,0,0,0,0,0,0,0,0,0,0,0,0,0,0,0,0,0,0,1.95452488561259,0,0,0,0,0,0,0,0,-0.798121140059188,0,0,0,0,0,0,0,0,0,0,0,0,0,0,0,0,0,0,0,0,0,0,0,0,0,0,0,-0.0846232080826554,0,0,0,0,0,0,0,0,0,0,0,0,0,0,0,0,0,0,0,0,0,0.0726692885379587,0,0,0,0,0,0,0,0,0,0,0,0,0,0,0,0,0,0,0,0,0,0,0,0,0,0,0,0,0,0,0,0,0,0,0,0,0,0,0,0,0,0,0,0,0,0,0.255615784410568,0,0,0,0,0,0,0,0,0.49873607697064,0,0,0,0,0,0,0,0,0,0,0,0,0,0,0,0,0,0,0,0,0,0,0,0,0,0,0,0,0,0,0,0,0,0,0,0,0,0,0,0,-1.18639084781542,0,0,0,0,0,0,0,0,0,0,0.201745085622765,0,0,0,0,0,0,0,0,0,0,0,0.649407112329011,0
0,0,0,0,0,0,0,-0.392953277592553,0,0,0,0,0,0,0,0,0,0,0,1.82172935604476,0,0,0,0,0,0,0,0,0,0,-0.179057021169536,0,0,0.942043922877842,0,0,0,0,0,0,0,0,0,0,0,0,0,0,0,0,0,0,0,0,0,0,0,0,0,0,0,0,0,0,0,0,0,0,0,0,0,0,0,0,0,0,0,0,0,0,0,0,0,0,0,0,0,0,0,0,0,0,0,0,0,0,0,0,0,0,0,-0.407897192533398,0.19005677313763,0,0,0,0,0,0,0,0,0,0,0,0,0.652674689122667,0,0,0,0,0,0,0,0,0,6.14634522099258,0,0,0,0,0,0,0,0,0,0,0,0,0,0.408682739395036,0,0,0,0,0,0,0,0,0,0,0,0,0,0,0,0,0,-0.915733203758242,0,0.309879562742968,0,0,0,0,0,0,0,0,0,0,0,0,0,0,0,0,0,0,0,0,0,0,0,0.06481830981902,0,0,0,0,0,0,0,0,0,0,-0.0762426869264421,0,0,0,0,0
0,0,0,0,-0.141752634413907,0,0,0,0,0,0.703782916373772,0,0,0,0.373138767175163,0,0,0,0,1.40343072070184,0,0,0,0,0,0,0,0,0,0,0,0,0,0,0,0,0,0,0,0,0,0.0186948336290047,0,-1.16482073646367,0,0,2.52821044006268,0,0,0,0,0,0,0,0,0,0,0,0,0,0.435044773554661,0,0,-0.114606827849862,0,0,0,-0.193396673429084,0,0,0.0420563266001845,0,-0.916091443092411,0,0,-0.577923607210151,0,0,0,-0.630423178652913,0,0,0,0,0,0,0,0.719353736864855,0,-0.773722805811675,0,0,0,0,0,0,0,0,-0.416119291275525,0,0,0.441007896610911,0,-1.37820361392505,0.197468033371319,0,0,0,0.439929444467577,0,0,0.130463954610451,0,0,0,0,0,0.262823167350621,-0.119093398605786,0,-0.677184663298229,-0.312866176883208,0.878722099119829,0,0,0,0,0,0,0,0,0.743104762896145,0.304246857363544,0,0,0,-0.311889232568676,0,0,0,0,0,0,0,0,0,0,0,0,0,0,0,0,0,0,0,0,0,0.32170849238807,-0.547211801292228,0,0,0,0,0,0,0,0,0,0,0,0,0,0,0.318556251246065,0,-0.647984091603656,0,0,0,0,-0.620189924655618,0,0,0,0,0,0,0,0,0,0,0,0.802694100905262,0,0,0,0,0,0
0,0,0,0,0,0,0,0,0,0,0,0,0,0,0,0,0,0,0,4.6643536173773,0,0,0,0,0,0,-0.191248847701781,0,0,0,0,0,0,0,0,0,0,0,0,0,0,0,0,0,0,0,0,0,0,0,0,0,0,0,0,0,0,0,0,0,0,0,0,0,0,0,0,0,0,0,0,0,0,0,0,0,0,0,0,0,0,0,0,0,0,0,0,0,0,0,0,0,0,0,0,0,0,0,0,0,0,0,0,0,0,0,0,0,0,0,0,0,0,0,0,0,0,0,0,0,0,0,0,0,0,0,0,0,0,0,0,0,0,0,0,0,0,0,0,0,0,0,0,0,0,0,0,0,0,0,0,0,0,0,0,0,0,0,0,0,0,0,0,0,0,0,0,0,0,0,0,0,0,0,0,0,0,0,0,0,0,0,0,0,0,0,0,0,0,0,0,0,0,0,0,0,0,-0.0142340990022043,0,0
0,-0.57714964149658,0,0,0,0,0,0,0,0,0,0,0,0,0,0,-0.017118868342181,0.249116140059129,0,8.50058962627656,0,0,0,0,0,0,0,0,0,0,0,0,0,0,0,0,0,0,0,0,0,0,0,0.664281189259461,0,0,0,0,0,0,0,0,0,0,0,0,0,0,0,0,0,0,0,0,0,0,0,0,0,0,0,0,0,0,0,0,0,0,0,0,0,0,0,0,0,0,0,0,0,0,0,0,0,0,0,0,0,0,0,0,0,0.0296181779365221,0,0,0,0,0,0,0,0,0,0,0,0,0,0,0,0,0,0,0,0,0,0,0,0,0,0,0,0,0,0,0,0,0,0,0,0,0,-1.83947367535386,0,0,0,0,0,0,0,0,0,0,0,0,0,0,0,0,0,0,0,0,0,0,0,0,0,0,0,0,0,0,0,0,0,0,0,0,0,0,0,0,0,0,0,0,0,0,0,0,0,0,0,0,0,0,0,0,0,0,0,0
0,0,0,0,-1.12131350132917,0,0,0,0,0,0,0,0,0,0,0,0,0,-2.62209247137284,0,0,0,0,0,0,0,0,0,0,0,0.329809434555587,0,0,0,0,0.219154725073859,0.231152135248714,0,0,0,0,0,0,0,0,0,0,0,0,0,0,0.499062234847364,0,0,0,0,0,0.45226030907678,0,0,0,0,0,-0.520698066811901,-0.124026548200704,0,0,0.121595456801061,0,0,0,0,0,0,0,0,0,0.411830031697639,0,1.53833446351621,0,0,0,0,0,0,0,0,0,0,0,0,0,0,0,0,0,0,0,0,0,1.19211151077875,0,0,0,0,-4.78461360394062,0,-0.0525897089398593,0,0,0,0,0,0,-0.0142491557388067,0,0,0,0.979735568736226,0,0,0,0,0,0,0,0,0,0,-1.10839242141629,0,0,0,0,0,0,0,0,0,0,0,0,0.0285868707800332,0,0,0,0,0,0.510980901563448,0,0,0,0,0,0,0,0,0,0,0,0,0,0,0,-0.232945615685088,-0.308530769294113,0,0,0,0,0,0,0,0,0,0,-0.934645961177603,0,0,0,0,0,0,0,0,0,0.0542130413628754,0,0,0,0,0,0,0,0,-0.0872402583402325,-0.282794841246069,0,0
0,0,0,0,0,0,0,0,0,0,0,0,0,0,0,0,0,0,0,-0.0263504088503257,0,0,0,0,-0.0974421017265426,0,0,0,0,0,0,0,0,0,0,0,0,0,0,0,0,0,0,0,0,0,0,0,0,0,0,0,0,0,0,-1.01465015314363,0,0,0,0,0,0,0,0,0,0,0,0,0,0,0,0,0,0,0,0,0,0,0,0,0,0,0,0,0,0,0,0,0,0,0,0,0,0,0,0,0,0,0,0,0,0,0,0,0,0,0,0,0,0,0,0,0,0,0,0,0,0,0,0,0,0,0,0,0,0,0,0,0,0,0,0,0,0,0,0,0,0,0,0,0,0,0,0,0,0,0,0,0,0,0,0,0,0,0,0,0,0,0,0,0,0,0,0.269685835287207,0,0,0,0,0,0,0,0,0,0,0,0,0,0,0,0,0,0,0,0,0,0,0,0,0,0,0,0,0,0,0,0,0,0,0,0
0,0,0,0,0,0,0,0,0,0,0,0,0,0,0,0,0,0,0,0,0,0,0,0,-0.0630158408496855,0,0,0,0,0,0,0,0,0,0,0,0,0,0,0,0,0,0,0,0,0,0,0,0,0,0,0,0,0,0,-0.144524273842981,0,0,0,0,0,0,0,0,0,0,0,0,0,0,0,0,0,0,0,-0.267185550721534,0,0,0,0,0,0,0,0,0,0.514765395761924,0,0,0,0,0,0,0,0,0,0,0,0,0,0,0,0,0,0,0,0,0,0,0,0,0,0,0,0,0,0,0,0,0,0,0,0,0,0,0,0,0,0,0,0,0,0,0,0,0,0,0.0243230996138288,0,0,0,0,0,0,0,0,0,0,0,0,0,0,0,0,0,0,0,0,0,0,0,0,0,0,0,0,0,0,0,0,0,0,0,0,0,0,0,0,0,0,0,0,0,0,0,0,0,0,0,0,0,0,0,0,0,0,0,0,0,0,0
0,0,0,0,0,0,0,0,0,0,0,0,0,0,0,0,0,0,0,0,0,0,0,0,0,0,0,0,0,0,0,0,0,0,0,0,0,0,0,0,0,0,0,0,0,0,0,0,0,0,0,0,0,0,0,0,0,0,0,0,0,0,0,0,0,0,0,0,0,0,0,0,0,0,0,0,0,0,0,0,0,0,0,0,0,0,0,0,0,0,0,0,0,0,0,0,0,0,0,0,0,0,0,0,0,0,0,0,0,0,0,0,0,0,0,0,0,0,0,0,0,0,0,0,0,0,0,0,0,0,0,0,0,0,0,0,0,0,0,0,0,0,0,0,0,0,0,0,0,0,0,0,0,0,0,0,0,0,0,0,0,0,0,0,0,0,0,0,0,0,0,0,0,0,0,0,0,0,0,0,0,0,0,0,0,0,0,0,0,0,0,0,0,0,0,0,0,0,0,0
0,0,0,0,0,0,0,0,0,0,0,0,0,0,0,0,0,0,0,0,0,0,0,0,0,0,0,0,0,0,0,0,0,0,0,0,0,0,0,0,0,0,0,0,0,0,0,0,0,0,0,0,0,0,0,0,0,0,0,0,0,0,0,0,0,-1.22267074521609,0,0,0,0,0,0,0,0,0,0,0,0,-0.586810673644576,0,0,0,-0.0298538320158144,0,0,0,0,0,0,0,0,0,0,0,0,0,0,0,0,0,0,0,0,0,0,0.0559994279735692,0,0,0,0,0,0,0,0,0,0,0,0,0,0,0,0,0,0,0,0,0,0,0,0,0,0,0,0,0,0,0,0,0,0,-0.0914522987537167,0,0,0,0,0,0,0,0,0,0,0,0,0,0,0,0,0,0,0,0,0,0,0,0,0,0,0,0,0,0,0,0,0,0,0,0,0,0,0,0,0,0,0,0,0,0,0,0,0,0,0,0,0,0,0,0,0,0,0
0,0,0,0,0,0,0,0,0,0,0,0,0,0,0,0,0,0,0,0,0,0,0,0,0,0,0,0,0,0,0,0,0,0,0,0,0,0,0,0,0,0,0,0,0,0,0,0,0,0,0,0,0,0,0,0,0,0,0,0,0,0,0,0,0,0,0,0,0,0,0,0,0,0,0,0,0,0,0,0,0,0,0,0,0,0,0,0,0,0,0,0,0,0,0,0,0,0,0,0,0,0,0,0,0,0,0,0,0,0,0,0,0,0.202765693537807,0,0,0,0,0,0,0,0,0,0,0,0,0,0,0,0,0,0,0,0,0,0,0,0,0,0,0,0,0,0,0,0,0,0,0,0,0,0,0,0,0,0,0,0,0,0,0,0,0,0,0,0,0,0,0,0,0,0,0,0,0,0,0,0,0,0,0,0,0,-0.509255790251581,0,0,0,0,0,0,0,0,0,0,0,0,0,0,0,0
0,0,0,0,0,0,0,0,0,0,0,0,0,0,0,0,0,0,0,0,0,0,0,0,0,0,0,0,0,0,0.0363706211906685,0,0,0,0,0,0,0,0,0,0,0,0,0,0,0,0,0,0,0,0,0.258390091447068,0,0,0,0,0,0,0,0,0,0,0,0,0,0,0,0,0,0,0,0,0,0,0,0,0,0,0,-0.377706830905345,0,0,0,0,0,0,0,0,0,0,0,1.27662899334723,0,0,0,0,0,0,0,0,0,0,0,0,0,0,-4.83200347101431,0,0,0,0,0,0,0,0,0,0,0,0,0,0,0,0,0,0,0,0.0530621985348034,0,0,0,0,0,0,0,0,0,0,0,0,0,0,0,0,0,0,0,0,0,0,0,0,0,0,0,0,0,0,0,0,0,-0.586873495391104,0,0,0,0,0,0,0,0.16247547059485,0,0,0,0,0,0,0,0,0,0,0,0,0,0,0,0,0,0,-0.258247932467581,0,0,0,0,0,0,0,0,0,0,0,0
0,0,0.335686637759263,0,0,0,0,0,-0.0210706961481273,-0.999139845863831,0,0,0,0,0,0,0,0,0,0,0,0,0,0,0,0,0,0,0,0,0,0,0,0,0,-0.108855641428902,0,0,0,0,0,0,0,0,0,0,0,0,0,0,0,0,0,0,0,0,0,0,0,0,0,0,0,0,0,0,0,0,0,0,0,0,0,0,0,0,0,0,0.3430797860192,0,0,0,0,0,0,0,0,0,0,0,0,0,0,0,0,0,0,0,0,0,0,0,0,0,0,0,0,0,0,0,0,0,0,0,0,0,0,0,0,0,-0.00234840812696335,0.166566206407389,0,0,0,0,0,0,0,0,0,0,0,0,0,0,0,0,0,0,0,0,0,0,0,0,0,0,0,0,0.0701063431282092,0,0,0,0,0,0,0,0,0,0,0,0,0,0,0,0,0,0,0,0,0,0,0,0,0,0,0,0,0,0,-0.106320654460006,0,0,-0.115563793156118,0,0,0,0,-0.116117468810045,0,0,0,0,0,0,0,0,0,0
0,0,0,0,0,0,0,0,0,-0.196539326243026,0,0,0,0,0,0,0,0,0,0,0,0,0,0,0,0,0,0,0,0,0,0,0,0,0,0,0,0,0,0,0,0,0,0,0,0,0,0,0,0,0,0,0,-0.00690616431256386,0,0,0,0,0,0,0,0,0,0,0,-0.232712277062686,0,0,0,0,0,0,0,0,0.088090598336662,0,0,0,0,0,0,0,0,0,0,-0.13810421193642,0,0,0,0,0,0,0,0,0,0,0,0,0,0,0,0,0,0,0,0,0,0,0,0,0,0,0,0,-0.182595574304279,0,0,0,0,0,0,0,0,0,0,0,0.828414060081092,0,0,0,-0.562416097015227,0,0,0,0,0,0,0,0,0,0,0,0,0,0,0,0,0,0,0,0,0,0,0,0,0,0,0,0,0,0,0,0,0,0,0,0,0,0,0,0,0,0,0,0,0,0,0,0,0,0,0,0,0,-0.981418358968516,0,0,0,0,-0.0297965120703827,0,0,0,0,-0.220097123479202,-1.08214047990241,0,0,0,-0.440808180655443
0,0,0,0,0,0,0,0,0,0,0,0,0,0,0,0,0,0,0,0.696166845675501,0,0,0,0,0,0,0,0,0,0,0,0,0,0,0,0,0,0,0,0,0,0,0,0,0,0,0,0,0,0,0,0,0,0,0,0,0,0,0,0,0,0,0,0,0,-0.0443423916486163,0,0,0,0,-0.316748416482504,0,0,0,0,0,0,0,0,0,0,0,0,0,0,0,0,0,0,0,0,0,0,0,0,0,0,0,0,0,0,0,0,0,0,0,-5.04683324885242,0,0,0,0,0,0,0,0,0,0,0,0,0,0,0,0,0,0,0,0,0,0,0,0,0,0,0,0,0,0,0,0,0,0,0,0,0,0,0,0,0,0,0,0,0,0,0,0,0,0,0,0,0,0,0,0,0,0,0,0,0,0,0,0,0,0,0,0,0,0,0,0,0,0,0,0,0,-0.195767410668629,0,0,0,0,0,0,0,0,0,0,0,0,0,0,0
0,-1.5587376254162,0,0,-0.443438950629508,-0.54467328099998,0,0,0,0,0,-0.0791557534640404,0,-0.179334744348357,0,0,0,0,0,0,0,0,0,0,-0.451341948438591,0,0,0,-0.817051527737138,0.601307834736362,0,-0.353265990500125,0,0,0,1.42478901872432,0,0,0,0,0,0,0,0,0,0,0,0,-0.0211343734126492,0,0,0,0,0,0,0.133439098938053,0.876723956334906,0,0,0,0,-1.12845042383752,-0.195168727398102,0,0,-0.0863647405509931,1.14446247780889,0,0,0.452934725661847,0,0,0,0,0,0,0,0,2.51296132281617,0.0393044505213507,0,0,0.250996617897473,0,0,-0.216694192756052,0,0,0,0,0,-1.29864434198186,-0.658112557144873,0,0,0,0,-0.773443800160481,0,0,0,0,0,0.771442514711061,-11.149057018778,-0.797421992722161,0.566489336691415,0,0,0,0,-0.969142233120301,0,0,0,0.557664780438306,0,0,-0.583256013954132,0,0,0,-0.37538389432919,0,0,0,0,0,1.23323616712006,-0.193956012471594,-1.10351243262046,0,0,0,0,1.0937296677068,0.285984887803488,0,0,0,0,0,0,0,0.0318584718187414,0,0,0,0,0,0,0,0,0,0,0,0,0,-0.140280221700592,0,0,-0.929486245013251,-0.417644177758061,-0.206693766442779,0,0,0,0.317419888161277,0,-1.06419633027662,0,0,0,0,-0.400565957716921,0,0.12867692454065,0,-0.905037418879262,0.52572220978635,-0.338368209416432,0,-0.135567798352405,0.417776855245908,-1.74930391285827,0,0,0,0,-0.0252093669588833,0,0,0,0,0,0,0.108158620060699,0,0,0
0,0,0,0,0,0,0,0,0,0,0,0,0,0,0,0,0,0,0,0,0,0,0,0,0,0,0,0,0.281796122193488,0,0,0,0,0,0,0,0,0,0,0,0,0,0,0,-0.227134666031687,0,0,0,0,0,0,0,0,0,0,0,0,0,0,0,0,0,0,0,0,0,0,0,0,0,0,0,0,0,0,0,0,0,0,0.22442031419134,0,0,0,0,-0.122437455406244,0,0,-0.146811359097015,0,0,0,0,0,0,0,0,0,0,0,0,0,0,0,0,0,0,0,0,0,0,0,0,0,0,0,0,0,0,0,0,0,0,0,0,0,0,0,0,0,0,0,0,0,0,0,0,0,0,0,0,0,0,0,0,0,0,0,0,0,0,0,0,0,0,0,0,0,0,0,0,-1.3571762639526,0,0,0,0,0,0,0,0.171668740980429,0,0,0,0,0,0,0.0405193099575911,0,0,0,0,0,0,0,0,0,0,0,0,0,0,0,0,0,0,0,-0.302554107969923,0,0,0,0
0,0,0.431467885356485,0,0,0,0,0,0,0,0,0,0,0,0,0,0,0,0,0,0,0,0,0,0,0,0,0,0,0,0,0,0,0,0,0,0,0,0,0,0,0,0,0,0,0,0,0,0,0,0,0,0,0,0,0,0,0,0,0,0,0,0,0,0,0,0,0,0,0,0,0,0,0,0,0,0,0,0,0,0.0499718183276214,0,0,0,0,0,0,0,0,0.204612540185076,0,0,0,0,0,0,0,0,0,0,0,0,0,0,0,0,0,0,0,0,0,0,0,0,0,0,0,0,0,0,0,0,0,0,0,0,0.646503290680416,0,0,0,0,0,0,0,0,0,0,0,0,0,0,0,0,0,0,0,0,0,0,0,0,0,0,0,0,0,0,0,0,0,0,1.4417651415006,0,0,0,0,0,0,0,0,0,0,0,0,0,0,0,0,0,0,0,0,0,0,0,0,0,-0.014783868011518,0,0,0,0,0,0,0,0,0,0,0,0
0,0,0,0,0,-0.815411128862213,0,0,0,0,0,0,0,0,0.175865482809948,0,0,-0.257561826008423,1.15584615719863,-0.887139155268678,0,0,0,0,0,0,0,0,0,0,0,0,0,0,0,0,0,0,0,0,0,0,0,0,0,0,0,0,0,-1.26541348471975,0,0,-1.02852698382278,0,0,0,0,0,0,0,0,0,0,0,0,0,0,0,0,0,0,0,0,0,0,0,0,0,0,0,0.996600258459035,0,0,0,0,0,0,0,0,0,0,0,0,0,-0.0656419825487073,0,0.0974344942910024,0,0,0,0,0,0,0,0,-0.103419797984501,0,0,0,0,0,0,-0.311836788107821,0,0,0,0,0,0,0,0,0,0,0,0,0,0.0652482068772828,0,0,0,0,0,0,0,0,0,0,0,0,0,0,0,0.0157737798511404,0,0,0,0,0,0,0,0,0,-11.5338385837479,0,2.01967345191887,0,0,0,0,0.106694214338806,0,0,0,0,0,0,0,0,0,0,0,0,0,0,0,0,0,0,0,0.589590559412335,0.338675223028035,0,0,0,0,0,0.493107121179301,0,0,0,0,0,0,-0.108292342427445,0,0.581093666043983,0,0,0,0
0,0,0,0,0,-1.04456589301568,0,0,0,0,0,0,0,0,0,0,0,0,0.548365230999402,0,0,0,0,0,0,0,0,0,0,0,0,0,0,-0.246523278852257,0,0,0,0,0,0,0,0,0,0,0,0,0,0,0,-1.80363527986653,0,0,-0.166034814046315,0,0,0,0,0,0,0,0,0,0,0,0,0,-0.137876070164445,0,-1.28725982439636,0,0,0.670720848941415,0,0,0,0,0,0,0,0,0,0,0,0,0,0,-2.24192289783776,0,0,0,0,0,0,0,0,0,0.0377163004506913,-0.199000014235133,0,0,0,0,0,0,0,-0.317690557798863,0,0,0,0,0,0,0,0,0,0,0,0.213017649427883,0,0,0,0,0,0,0,0,0,0,0,0,0,0,0,0,0,0,0,0,0,0,0,0,0,0,0,0,0,-0.0446306189699075,0,0,0,0,-19.5664835445075,0,0,0,0,0,0,0,0,0,0,0,0,0,0,0,0,0,0,0,0,0,0,0,0,0,0,0,0.470491983249915,0,0,0,0,0.0967583834082391,0,0,0,0,0,0,0,0,0,0,0,0,0,0
0,0,0,0,0,-1.25773866986649,0,-0.122040140217311,0,0,0,0,0,0,0,0,0,0,0.716569862151429,0,0,0,0,0,0,0,0,0,0,0,0,0,0,0,0,0,0,0,0,0,0,0,0,0,0,0,0,0,0,-0.628548094865786,0,0,-0.115226357789559,0,0,0,0,0,0,0,0,0,0,0,0,0,0,0,-0.879084431191425,0,0,0.72323221253763,0,0,0,0,0,0.1328438741513,0,0,0,0,0,-0.149972592811729,0,0,0,0,0,0,0,0,0,0,0,0,0,-0.452227775784781,0,0,0,-0.121868288438642,0,0,0,0,0,0,0,0,0,0,-0.888190585392669,0,0,0,0,0.133461582866698,0,0,0,0,0,0,0,0,0,0,0.729011002270559,0,0,0,0,0,0,0,0,0,0,0,0,0,0.147078403072642,0,-0.143475077018632,0,0,0,0,0,0,0,-20.7124666561862,0,0,0,0,0,0,0,-0.412262659905477,0,0,0,0,0,0,0.432717256552563,0,0,0,0,0,0,0,0,0,0,0,0,0,-0.746136753400131,0,0,0,0,0,0,0,0,0,0,0,0,0,0,0,0,0,0
0,0,0,0,0,-0.301866371483616,0,0,0,0,0,0,0,0,0,0,0,0,0.113906460785286,0,0,0,0,0,-0.20967135056731,0,0,0,0,0,0,0,0,0,0,0,0,0,0,0,0,0,0,0,0,0,0,0,0,-1.75304603922036,0,0,0,0,0,0,0,0,0,0,0,0,0,0,0,0,0,0,-2.67437600086721,0,0,0.963349978783909,0,0,0,0,0,0,0,0,0,0,0,0,0,0,0,0,0,0,0,0,0,0,0,-0.44264026312386,0,-0.616391478948398,0,0,0,-0.0812587463679924,0,0,0,0,0,0.0177345796123078,0,0,0,0,-0.256016656300997,0,0,0,0,0,0,0,0,0,0,0,0,0,0,0,0,0,0.051230624731101,0,0,0,0,0,0,0,0,0,0,0,0,0,0,0,0,0,0,0,0,0,-20.2400362933146,0,0,0,0,0,0,0,0,0,0,0,0,0,-0.0831165684171085,0,0,0,0,0,0,0.432201068304165,0,0,0.0706229795842519,0,0,0,0,0,0,0,1.21814152983938,0.173802461457802,0,0,0,0,0,0,0,0,0,0,0,0,0,-1.01403582021072
0,0,0,0,0,0,0,0,0,-0.421356586509936,0,0,0,0,0,0,0,0.0355093072216315,0,0,0,0,0,0,0,0,0.20550648641592,0,0,0,0,0,0,0,0,0,0,0,0,0,0,0,0,0,0,0,0,0,0,0,0,0,0,0,0,0,0,0,0,0,0,0,0,0,0,0.135656577583749,0,0,0,0,0,0,0,0,0,0,0,0,0,0,0,0,0,0,0,0,0,0,0,0,0,0,0,0,0,0,0,0,0,0,0,0,0,0,0,0,0,0.0452170280530342,0,0,0,0,0,0,0,0,0,0,0,0,0,0,0,0,0,0,0.327134549564061,0,0,0,0,0,0,0,0,0,0,0,0,0,0,0,0,0,0,0,0,0,0,0,0,0,0,0,0,0,0,0,0,0,0,0,0,0,0,0,0,0,0,0,0,0,0,0,0,0,0,0,0,0,0,0,0,0,0,0,0,0,0,0,0,0,0,0,0,0,0,0,0,0
0,0.276020514953882,0,0,0,0,0,0,0,-0.547714500042225,0,0,0,0,0,0,0,0,0,0,0,0,0,0,0,0,0,-0.0489648393705977,0,0,0.115170759748761,0,0,0,0,0,0,0,0,0,0,0,0,0,0,0,0,0,0,0,0,0,0,0,0,0,0,-0.201911113570493,0,0,0,0,0,0,-0.0394456269323578,2.1073655277418,0,0,0,0,0,0,0,0,0,0,0,0,0,0,0,0,0,0,0,0,0,0,0,0,0,0,0,0,0,0,0,0,0,0,0,0,0,0,0,0,0,0,0,0,0,0,0,0,0,0,0,0,0,0,-0.133052942094985,0,0,0,0,0,0,0,0,0,0,0,0,0,0,0,0,0,0,0,0.0777026842741466,0,0,0,0,0,0,0,0,0,0,0,0,0,0,0,0,0,0,0,0,0,0,0,0,0,0,0.0707300305143743,0,0,0,0,0,0,0,0,0,0,0,-0.0380448343438415,0,0,0,0,0,0,0,0,0,0,0,0,0,0,0,0,0,0,0,0
0,0,0,0,0,0,0,0,0,-0.304821537652346,0,0,0,0,0,0,0,0,0,0,0,0,0,0,0,0,0,0,0,0,0,0,0,0,0,0,0,0,0,0,0,0,0,0,0,0,0,0,0,0,0,0,0,0,0,0,0,0,0,0,0,0,0,0,0,0,0,0,0,0,0,0,0,0,0,0,0,0,0,0,0,0,0,0,0,0.0519627117490162,0,0,0,0,0,0,0,0,0,0,0,0,0,0,0,0,0,0,0,0,0,0,0,0,0,0,0,0,0,0,0,0,0,0,0,0,0,0,0,0,0,0,0,0,0,0,0,0,0,0,0.115068941308049,0,0,0,0,0,0,0,0,0,0,0,0,0,0,0,0,0,0,0,0,0,0,0,0.155866838726314,0,0,0,0,0,0,0,0,0,0,0,0,0,0,0,0,0,0,0,0,0,0,0,0,0,0,0,0,0,0,0,0,0,0,0,0,0,0,0
0,0,0,0,0,0,0,0,0,-0.164828114453815,0,0,0,0,0,0,0,0,0,0,0,0,0,0,-0.101703867132589,0,0,0,0,0,0,0,0,0,0,0,0,0,0,0,0,0,0,0,0,0,0,0,0,0,0,0,0,0,0,0,0,0,0,0,0,0,0,0,0,0,0,0,0,0,0,0,0,0,0,0,0,0,-0.0656988818167321,0,0,0,0,0,0,0,0,0,0,0,0,0,0,0,0,0,0,0,0,0,0,0,0,0,0,0,0,0,0,0,0,0,0,0,0,0,0,0,0,0,0,0,0,0,0,0,0,0,0,0,0,0,0,0,0,0,0,0,0,0,0,0,0,0,0,0,0,0,0,0,0,0,0,0,0,0,0,0,0,0,0,0,0,0,0,0,0,0,0,0,0,0,0,0,0,0,0,0,0,-0.367091225220763,0,0,0,0,-0.468497608107774,0,0,0,0,0,0,0,0,0,0,0,0,0,0,0
0,0,0,0,0,0,0,0,0,0,0,0,0,0,0,0,0,0,0,-0.158957733559465,0,0,0,0,0,0,0,0,0,0,0,0,0,0,0,0,0,0,0,0,0,-0.0289129394970959,0,0,0,0,0,0,0,0,0,0,0,0,0,0,0.0165804611293145,0,0,0,0,0,0,-0.438048065402508,0,-0.462973829897993,0,0,0,0,0,0,0,0,0,0,0,0.430961239211229,0,0,-0.153818704721147,0,0,0,0,0,0,0.18131901497259,0,0,0,0,0,0,0,0,-0.10119546465738,0,0,0,0,0,-0.14307434634368,0,0,0,0,0.556380250986648,0,0,0,0,0,0,0.234903287175157,-0.0506803480485725,0,0,0,0,0,0,0,0,0,0,-2.20053753129308,0,0,0,0,0,0.317003752989697,0,0,0,0,0,0,0,0.27222321798088,0,0,0,0,0,0,0.513119835971538,0,0,0,0,0,0,0,0,0,0,0,0,-0.832830377786226,0,0,0,0,0,0,0,0,0,0,0,0,0,0,0,0,0,0,0,0,0,0,0,0,0,0,-0.706615872197543,0,0,0,0,0,0,0,-1.09331881269872,0,-0.150989632112378,0,0
0,0,0,0,0,-0.163719515735187,0,0,0,0,0,0,0,0,0.27794301929629,0,0,0,0,0,0,0,0,0,0,0,0,0,0,0,0,0,0,0,0,0,0,0,0,0,0,0,0,0,0,0,0.0198156521018167,0,0,0,0,0,0,-0.132593523791673,0,0,0,0,0,0,0,0,-0.0667847852930856,-2.57233414013379,0,0,1.58286717547367,0,0,0,0,0,0,0,0,0,0,0,0,0,0,0,0.559708834464778,0,-0.501464127360156,0,0,-0.0757114114826303,0,0,0,0,0,0,0,0,0,0,-0.20558004792872,0,0,0,0,-0.310285921220449,0,-0.0883894207009461,0,0,0,0.242441144627636,0,0,0,0,0,0,0,0,0,0,0,0,0,0,0,0,0,0,0,0,0,0,0,0,0,-0.298315774083814,0.49242365246636,0,0,0,0.525517842240065,0,0,-0.122458487544134,0,0,0,0,0,0,0,0,0,0,0,0,0,0,0,0,0.711427652437622,0,0,0,0,0,0,0,0,0,-0.287115401454931,0,0,0,0,0,0,0,0,0,0,0,0,0,0,0,0,0,0,0,0,0,0,0,0,0.0305059668512087,0,0,0,0
0,0,0,0,0,-0.333012318180468,0,0,0,1.62669104619023,0,0,0,0,0,0,0,0,0,0,0,0,0,0,0,0,0,0,0,0,0,0,0,0,0,0,0,0,0,0,0,0,0,0,0,0,0,0,0,0,0,0,0,0,0,0,0,0,0,0,0,0,0,0,0,0,0,0,-3.45171225081661,0,0,-2.33814812398847,0.115163276099996,0,0,0,0,0,0,-0.0703689171667516,0,0,0,0,0,0,-1.05401234676554,0,0,0,0,0,0,0,0,-0.0016083035336345,0,0,-0.847790875041463,0,0,0,0.219218005233234,0,0,0,0,0,0,0,0,0,0,0,0,0,0,0,0,0,0,0,-0.0592097080933316,0,0,-4.598088714566,0,2.29472496547565,0,0,0,0.0168906580333441,-0.151128347504227,0,0,0,0,0,0,0,-0.036908303358582,0,0,0,0,0,0,0,0,-1.12754597796798,0,0,0,0,0,0,0,0,0,0,-0.021644691695629,-0.919688912843585,0,0.689988404883194,0,0,0,0,0,0,0,0,0,0,0,0,0,0.285003274706213,0,0.0283100138200616,0,0.0526969733291343,0,0,0,0,0.0473693088644722,0.0352699949152404,0,0,0,0,0,0,0,0,0,0,0,0
0,0,0,0,0,0,0,0,0,0,0,0,0,0,0,0,0,0,0,0,0,0,0,0,0,0,0,0,0,0,0,0,0,0,0,0,0,0.746341024051793,0,0,0,0,0,0,0,0,0,0,0,0,0,0,0,0,0,0,0,0,0,0,0,0,0,0.0587407592311098,0,0.496979102707066,0,0,0,0,0,0,0,0,0,0,0,0,-0.194802840075869,0,0,0,0.0107557364473729,0,-0.420498539967773,0,0,0,0,0,0,0,0,0,0,0,0,0,0,0,0,0,0,0,0,0,0,0,0,0,0,0,0,0,0,0,0,0,0,0,0,0,0,0,0,0,0,0,0,0,0,0,-0.567514292611162,0,0,0,0,0,0,0,0,0,0,0.00830090070147538,0,0,0,0.441669912568636,0,0,0,0,0,0,0,0,0,0,0,0,-0.180326548807774,0,0,0,0,0,0,0,0.22673582658995,0.871321199245723,0,0,0,0,0,0,0,0.219392963160054,-0.0511145823236003,0,0,0,0,0,0,0,0,0,0,0,0,0,0,0,0,0,0,0,0,0
0,0,0,0,0,0.527643256787088,0,0,0,0,0,0,0,0,0,0,0,0,0,0,0,0,0,0,0,0,0,0,0,0,0,0,0,0,0,0,0,0,0,0,0,0,0,0,0,0,0,0,0,0,0,0,0,0,0,0,0,-0.172878101572675,0,0,0,0,0,0,0,0,0,0,0,0,0,0,0,0,0,0,0,0,-0.156129263489801,-0.0393097609527724,0,0,0,0,0,0,0,0,0,0,0,0,0,0,0,0,0,0,0,0,0,0,0,0,0,0,0,0,0,0,0,0,0,0,0,0,0,0,0,0,0,0,0,0,0,0,0,0,0,0,0,0,0,0,0,0,-0.368887571644424,0,0,0,0,0,0,0.601801347447871,0,0,0,0,0,0,0,0,0,0,0,0,0,0,0,0,0,0,0,0,0,0,-1.47435690326614,0,0,0,0,0,0,0,0,0,0,0,0,0,0,0,0,0,0,0,0,0,0,0,0,0,0,0,0,0,0,0,0,0
0,0,-0.10255491743684,0,0,0,0,0,0,0,0.753399531374078,0,0,0,0,0,0,0,0,0,0,0,0,0,0,-0.541408932647055,0,0,0,0,-0.397224156281474,0,0,-0.0626656432423425,0,0,0,0,0,0,0,0,0,0,0,0,0,0,0,0,0,0,0,0,0,0,0,0,0,0,0,0,0,0,0,0,0,0,0,0,0,0,0,0,0,0,0,0,-0.413478662753541,0,0,0,0,0,0,0,0,-0.249116798834215,0,0,0,0,0,0,0,0,0,0,0,0,0,0,0,0,0,0,0,0,0,0,0,0,0,0,0,0,0,0,0,0,0,0,0,0,0,0,0,0,0,0,0,0,0,0,0,0,0,0,0,0,0,0,0,0,0,0,0,0,0,0,0,0,0,0,0,0,0,0,0,0,0,0,0.0275094709812744,0,0,0,0,0,0,0,0,0,0,0,0,0,0,0,0,0,0,0,0,0,0,0,0.496974713756806,0,0,0,0,0,0,0,0,0,0,0,0,0
0,0.0636449730688398,0,0,0,0,0.725211327166458,0,0,0,-1.13503480185669,0,0,0,0,0,0,0,0,0,0,0,0,0,0.453499609477435,-0.26531731760728,0,0,0.65706025624343,0,0,0,0,0,0,0,0,0,0,0,0,0.177648873092057,0,0,0,0.230951193478069,0,0,0,0,0,0,-0.350916574056064,0,0,0,0,0,0,0,0,0,0,0,0,0,0,0,0,0,0,0,0,0,0,0,0,0,0,0,0,0,0,0,0,0,0,0,0,0,0,0,0,0,0,0,0,0,0,0,0.216763601946652,0,0,0,0,0,0,0,0,-0.416234913133874,0,0,0,0,0,0,0,0,0,0,0,0,0,0,0,0,0,0,0,0,0,0,0,0,0,0,0,0,0,0,0,0,0,-0.142029426255406,0,0,0,0,0,0,0,0,0,0,0,0,0,0,0,0,0,0,1.7507655576125,0,0,0,0,-0.739227045601065,0.298803538159017,0,0,0,0,0,0,0,0,0,0,0,0,0,0,0,0,0,0,0,0,0,0,0,0,0,0,0,0,0,0,0
0,0,0,0,0,0,0.0202204751855519,-0.222145029284527,0,0,0.382582432146822,0,0,0,0,0,0,0,0,0,0,0,0.36349783487579,0,0,0,0,0,0,0,0,0,0,0,0,0,0,0,0,0,0,0,0,0,0,0,0,0,0,0,0,0,0,0,0,0,0,0,0,0,0,0,0,0,0,0,0,0,0,0,0,0,0,0,0,0,0,0,0,0,0,0,0.00102897202482644,0,0,0,0,0,0,0,0,0,0,0,0,0,0,0,0,0,0,0,0,0,0,0,0,0,0,0,0,0,0,0,0,0,0,0,0,0,0,0,0,0,0,0,-0.338318750113763,0,0,0,0,0,0,0,0,0,0,0,0,0,0,0,0,-1.39995632377902,0,0,0,0,0,0,0,0,0,0,0,0,0,0,0,0,0,0,0,0,0,0,0,0,0,0,0,0,0,0.00397524911211011,0,0,0,0,0,0,0,0,0,0,0,0,0,0,0,-0.329810704207866,0,0,0,0,0,0,0,0,0,0
0,0,0,0,0,0,0,-0.752589848101662,0,0,0.202404149687188,0,0,0,0,0,0,0,0,0,0,0,0,0,0,0,0,0,0,0,0,0,0,0,0,0,0,0,0,0,0,0,0,0,0,0,0,0,0,0,0,0,0,0,0,0,0,0,0,0,0,0,0,0,0,0,0,0,0,0,0,0,0,0,0,0,0,0,0,0,0,0,0,0,0,0,0,0,0,0,0,0,0,0,0,0,0,0,0,0,0,0,0,0,0,0,0,0,0,0,0,0,0,0,0,0,0,0,0,0,0,0,0.322041140336275,0,0,-0.214369512608267,0,0,0,0,0,0,0,0,0,0,0,0,0,0,0,0,0,-0.0240239218084397,0,0,0,0,0,0,0,0,0,0,0,0,0,0,0,0,0,0,0,0,0,0,0,0,0,0,0,0,0,0,0,0,0,0,0,0,0,0,0,0,0,0,0,0,0,0,0,0,0,0,0,0,0,0,0,0
0,0,0,0,0,-1.2126275775457,-0.159327804174005,0,0,-0.0227949961344245,0,0,0,0,0.103015716797269,0,0,0,0,0,0,0,0,0,0.409084226810625,0,0,0,-0.0455024281000262,0,0,0,0,-0.642534771028577,0,0,0,0,0,0,0,0,0,0,0,0,0,0,0,0,0.309080543677309,0,0,0.525740706380048,0,0,0,0,0,0,0,0,0,0,-0.536192267855916,0,0,0,0,0,0,0,0,0,0,0,0,0,0,0,0,0,0,0,0,0,0,0,0,0,0,0,0,0,0,0,0,0,0,0,0,0,1.10479287333086,0,0,-0.652148180858686,0,0,0,0,0,1.44259436490723,0,0,0,0,0,0,0,-0.80679006518391,0,1.36239186920046,0,0,0,0,0,0,0.512122775488067,1.15080573111968,0.275215079559258,0,0,0,-0.0156955672262546,0,0,2.51656672676998,0,0,0,0,0,0,0,0,0,0,0,0,0,0,0,0,0.829255588800602,0,0,0,0,0,0.453344610084059,0.269657379624625,0,0,0,0,0,0,0,0,0,0,0,0,0,0,0,0,0,0,0,0,0,0,1.21025363004018,0,0,-0.241199354935892,0,0,0,0,-0.815253882068135,0,0,0,0,0.57502034031087,0,0
0,0,0,0,0,0,0,0,0,0,0,0,0,0,0,0,0,0,0,0,0,0,0,0,0,0,0,0,0,0,0,0,0,0,0,0,-0.218382521374334,0,0,0,0,0,0,0,0,0,0,0,0,0,0,0,0,0,0,0,0,0.00970628070945545,0,-0.172149693914969,0,0,0,0,0,0,0,0,0,0,0,0,0,0,0,0,0,0,-0.44297347493575,0,0,0,0,0,0,0,0,0,0,0,0,0,0,0,0,0,0,0,0,0,0,0,0,0,0,-0.801765270654069,0,0,0,0,0,0.205348195052248,0,0,0,-0.0431716867022927,0,0,0,-0.0824027356890451,0,0,0,0,0,0,0,0,0,0,0,0,0,0,0,0,0,2.94088335159106,0,0,0,0,0,0,0,0.246684917039607,0,0,0,0,0,0,0,0,0,0,0,0,0,0.299527698254504,0,0,0,0,0,0,-2.00862179609202,0,0,0,0,0,0,0,0,0,0,0,0,0,0,0,0,0,0.664197978580035,0,0,0.488611735059898,0,0,0,0,0,0,0,0,0,0,0,0
-0.0141992778032829,0,0,0,0,0,0,0,0,0.15335600042594,0,0,-0.0776538600380117,0,0,0,0,-0.133627557150907,0,0.182164774909135,0,0.0767817860257811,0,0,0.526920696113431,0,0,0,0,0,0,0,0,0,0,-0.0978498848196789,0,0,0,0,0,0,0,0,0,0.829016724903516,0,0,-0.643035364355168,0,0,0.333400327091912,0,0,0.279402534020094,0,0,0,0,0,0,0,0,0,0,0,0,0,0,0,0.0177510557758531,0,2.59862975281579,0,0.863629777209704,0,0,0,0,0,0,0,0,0,0,0,0,0,0,-1.65894789831067,0,0,0,0,0,0,0,0,0,0,0,0,0,0,0,0,0,0,0,0.386694791317393,0,0,0,0,0,-0.189040486431387,0,0.131940194368688,0,0,0,0,0.214190714087669,0,0,0,0,0,0,1.64836609420225,0,0,0,0,0,-0.0851121166493976,0.389844023279827,0,0,-1.35301443175397,0,0.378400615374719,0,-0.133262099785344,0,0,0,0,0,0,0,0,0.0580728479815953,-1.453466252705,0.909558071594685,0,0,0,0,0,0,-0.285005318516517,-0.745353523167896,0,0,0,-0.499602888079627,0,0,0,0,0,0.715330062218058,-1.46515916085226,0,0,0.784444602241771,0,0,0,0,0,0,0,0.35235270551502,0,0.11544909942591,0.490665695735264,0,0,0,-0.893980238110878,1.31226158352479,-0.0204621413269315,0,0,0,0,0,-0.24810092586093
0,0,0,0,1.53462571925059,0,0,0.0529644889567435,0,0,0,0,-0.127592937264544,0,0,0,-0.560303384112549,0,0.0882470416487879,0,0,0,0,0,0.34711745654966,0.763278455508887,0,0,0,0,0,0,0,0,0,0,0,0,0,0,0,0,0,0,0,0,0,0,0,0,0,0,0,0,0,0,0,0.473182696581837,0,0,0,-0.113743522710375,0,0,0,0.337012303247983,0,0.54557442038018,0,0,0.376675835920793,1.06254244840635,0,-0.126962477721664,0,0.0968324943921688,0,0,0.212324474047689,0,0,0,0,0,0.0437827847062346,0,0,0,0,0,0,0,0.248144093092001,0.306690314696512,0,0,0.0609861465042838,0,0,0,0,0,0,0.503571108329876,0,0.349950523814888,0,0,0,0,0,0,0,0.395964998767746,-0.0375718069933524,-1.13501034123351,0,0.52396281844946,0,0,0.122788713668677,0,0,0,0,0,0,6.34858647537065,0,0,0.00392742413110603,0,0,0,-0.10163556373761,0,0,0,0,0,0,0,0,0,0,0,0,0,0,-0.68356037970897,0,0,0,-1.94266926860103,0,0,0,0,0,0,-0.00196061920363633,0,-0.31745562011949,0,0,0,-0.981590182916896,0,-0.945028342100003,0,0,0,0,-0.131240958862799,-1.04463446302774,0,0,0.0208735214551949,0,0.141019499080785,0,0,0,0,2.02857778134057,0,0,0,0,0,0,0,0,0,0,0.339772185713545,1.25250362250399,0,0,0
0,0,1.74921161865419,0,0,0,0,0,0,0,0,0,0,0,0,0,0,0,0,0,0,0,0,-3.3674683656462,0,0,0,0,0,0,0,0,0,0,0,0,0,0,0,0,0,0,0,0,0,0,0,0,0,0,0,0,0,0,0,0,0,0,0,0.371696601445362,0,0,0,0.00528310704412793,0,0,0,0,0,0,0.911273770245891,0,0,0,0,0,0,0,-0.0969780374744396,0,0,0,0,0,0,0,0,0,0,0,0,0,0,0,0,0,0,0.455320131907352,0,0,0,0,0,0,0,0,0,0,0,0,0,0,0,0,0,0,0,0,0,0,0,0,-0.262557187865736,0,0,0,0,0,0,0,0,0.84071808829955,0,0,0,0,0,0,0,0,0,0,0,0,0,0,0,0,-0.6027728848468,0.352039332482339,0,0,0,0,0,0,0,0,0,0,0,0,0,0,0,0,0,0,0.373813084477966,0,0,0,0,0,0.100690737967182,0,0,0,0,0,0,0,0,0,0,0,0,0,0,0,0,0,0,0.0769176283929256,0.251481491059868,0,0,0,0,0
0,0,2.50372931118949,0,0,0,0,0,0,0,0,0,0,0,0,0,0,0,0,0,0,0,0,-3.84303696168485,0,0,0,0,0,0,0,0,0,0,0,0,0.144035480233209,0,0,0,0,0,0,0,0,0,0,0,0,0,0,0,0,0.301102872919273,0,0,0,0,0,0.00761322126506969,0,0,0,0,0,0,0,0,0,0,0.751578219843798,0,0,0,0,0,0,0,0,0,0,0,0,0,0,0,-0.0378220689517088,0,0,0,0,0,0,0,0,0,0,0,0,0,0,0,0,0,0,0,0,-0.593363541608994,0,0,0,0,0,0,0,0,0,0,0.0475132771707729,0,0,0,-0.126355667919602,0,0,0,0.0562995153979082,0,0,0,0,0,0,0,0,0,0,0,0,0,0,0,0,0,0,0,0,0,-0.591221231421063,0,0,0,0,0,0,0,0.00222361721922737,0,0,0,0,0,0,0,0,0,0,0,0.254266928808378,0,0,0,0,0,0.885861543882521,0,0,0,0,0,0,0,0,0,0,0,0,0,0,0,0,0,0,0.393923602064225,0,0,0,0,0,0
0,0,0,0,0,0,0,0,0,-0.0416285911986218,0,0,0,0,0,0,0,0,0,0,0,0,0,-7.04114091790045,0,0,0,0,0,0,0,0,0,0,0,0,0,0,0,0,0,0,0,0,0,0,0,0,0,0,0,0,0,0.178632405525755,0,0,0,0,0,0,0,-0.61534168579196,0,0,0,0,0,0,0,0,0,0,0,0,0,0,0,0,0,0,0,0,0,0,0,0,0.0776009171977281,0,0,0,0,0,0,0,-0.211683854872739,0,0,0,0,0,0,0,0,-0.210835230555916,0,0,0,0,0,0,0,0,0,0,0,0,0,0.123906288877586,0,0,0,0,-0.845793774107307,0,0,0,0,0,0,0,0,0,0,0,0,0,0,0,0,0,0,0,0,0,0,0,0,0.52394282240834,-0.296695316560968,0.550804901851465,0,0,0,0,0,-0.0255461184360248,0.00279241986496337,0,0,0,0,0,0,0,0,0,0,0,0,0,0,0,0,0,0,0,0,0,0,0,0,0,0,-0.127470780936101,-0.424845963873413,0,0,-0.753934915185682,0,-0.00155226716311785,0,0,0,0,0,0,0,0,0,0
0,0,0,0,0,0,0,0,0,0,0,0,0,0,0,0,0,0,0,0,0,0,0,0,0,0,0,0,0,0,0,0,0,0,0,0,0,0,0,0,0,0,0,0,0,0,0,0,0,0,0,0,0,0,0,0,-0.0772068272510669,0,0,0,0,0,0,0,0,0,0,0,0,0,0,0,0,0,0,0,0,0,0,0.157728097859108,0,0,0,0,0,0,0,0,0,0,0,0,0,0,0,0,0,0,0,0,0,0,0,0,0,0,0,0,0,0,0,0,0,0.0245381233294981,0,0,0,0,0,0,0,0,0,0,0,0,0,0,0,0,0,0,0,0,0,0,0,0,0,0,0,0,0,0,0,0,0,0,0,0,0,0,0,0,0,0,0,0,0,0,0,0,0,0,0,0,0,0,0.00644890569882595,0,0,0,0,0,0,0,0,0,0,0,0,0,0,0,0,0,0,0.338541225144737,0,0,0,0,0,0,0,0,0,0,0,0
0,0,0,0,0,0,0,0,0,-0.138967069213171,0,0,0,0,0,0,0,0,0,0,0,0,0,0,0,0,0,0,0,0,0,0,0,0,0,0,0,0,0,0,0,0,0,0,0,0,0,0,0,0,0,0.0121422916281488,0,0,0,0,-0.00938629713495298,0,0,0,0,0,0,0,0,0,0,0,0,0,0,0,0,0,0,0,0,0,0,0,-0.250426793880417,0,0,0,0,0,0,0,0,0,0,0,0,0,0,0,0,0,0,0,0,0,0,0,0,0,0,0,0,0,0,0,0,0,0,0,0,0,0,0,0,0,0,0,0,0,0,0,0,0,0,0,0,0,0,0,0,0,0,0,0,0,0,0,0,0,0,0,0,0,0,0,0,0,0,0,0,0,0,0,0,0,0,0,0,0,0,0,0.217308881234571,0,0,0,0,0,0,0,0,0,0,0,0,0,0,0,0,0,0,0.373743220924845,0,0,0,0,0,0,0,0,0,0,0,0
0,0,0,0,0,-0.307273960556239,0,0,0,0.0104283967191781,0,0,0,0,0,0,0,0,0,0,0,0,0,0,0,0,0,0,0.406754582645227,0,0,0,0,0,0,0,0,0,0,0,0,0,0,0,0,0,0,0,0,0,0,0,0,0,0,0,0,0,0,0,0,0,0,0,0,0,0,0,0,0,0,0,0,0,0,0,0,0,-0.0906853576264943,0,0.839722126625298,0,0,0,0,0,-0.938921603590634,0,0,-0.300070399530802,0,0,0,0,0,0,0,0,0,0,0,0,0,0,0,0,0,0,0,0,0,0,0,0,0,0,0,0,0,0,0,-0.201552472852312,0,0,0,0,0.549592984877247,0,0,0,0,0,0,0,0,0,0,0,0,0,0,0,0,0,0,0,0,0,0,0,0,0,0,0,0,0,0,0,0,0,0.00289264167166992,0,0,0,0,0,0,0,0,0,0,0,0,0,0,-0.183608018441465,0,0,0,0,0,0,0,0,0.325168127315407,0,0,0,0,0,0,0,0,0,0,0,0,0,0,0.199853856475164
0,0,0,0,0,0,0,0,0,0,-2.19241694666019,0,0,0,0,0,0,0,0,0,0,0,0,0,0,0,-0.100803150107299,0,-0.690506532350927,0,0,0,0,0,0,0,0,0,0,0,0,0,0,0,0,0,0,0,0,0,0,0,0,0,0,0,0,0,0,0,0,0,0.759139476591952,0,0,0,0,0,0,0,0,0,0,0,0,0,0,0,0,0,0,0,0,0,0,0,0,0,0,0,0,0,0,0,0,0,-0.502241580186786,0,0,0,0,0,0,0,0,0,0,0,0,0,0,0.351225880045806,0,0,0,0,0,0,0,0,0,0,0,0,0,0,0,0,0,0,0,0,0,0,0,0,-0.037288507180119,0,0,-0.166334478384992,0,0,0,0,0,0,0,0,0,0,0,0,0,0,0,0,0,0,0,0,0,0,0,0,0,0,0,0,0,0,0,0,0,0,0,0.0328376869848446,0,0,0,0,0,0,0,0,0,0,0,0,0,0,0,0,0,0,0,0,0,0,0,0.162985055531528
0,-0.458780065343119,-1.49918003883374,0,0.37907890261891,0,-1.04274333336469,0,0,0,0,0,0.471599670442842,-0.976142194055472,0,0,0,0,-0.0581399079836511,0,0,0,0,0,-0.140011000483,0.263619372188843,0,-1.63471650731963,0.18170937093391,0,0,0,0,0,0,0,0,0,0,0.214802597064617,0,0,0,0.753957437834943,0.327055273223239,0,0,0,0,0,0,0,0.07400508638246,0,0,0,0,0,0,0,0,0,0.462302003037278,0,0,0,0,0.0223841504743019,0,0,2.24181273383286,0,0,0,0,0,0,0,0,-1.27210921951606,0,0,0,0,0,0,0,0,0,0,0,-3.71674331340266,0,0,-0.0705844940147857,0,0,0.0995300473696812,0,0,0,0,0,0,0,0,0,0,2.72062310930075,0,0,0,0,0,0,-1.28584065002507,0,0,0.931068123216333,0.0502019509794847,0,-0.748493714880237,-0.0157243878203384,0,0,-0.184389356029365,0,-1.66623932306449,0,-0.329639441738841,0,0,0,0,0,0,0,0,0,-1.06326733945769,0,0,0,0.2332328679581,0,0,0,0,0,0,0,0,0,-0.0754321311538413,0,0.103308805775347,0,0,0,0,0.430107432123052,0,0,0.0308345272567767,0,0,0,0,0,0,0,0,0,0,-0.700002293393961,-3.1893564269271,0,0,0,0.598302110158863,0,0,0,-0.023795738950305,0,-0.114714601716246,0,0,0,0,0,0,-1.08557508390928,0,1.18146929066015,0,0,0,0,0
0,0,0.123931391154005,0,0,0,0,0,0,0,0,0,0,0,0,0,0,0,0,0,0,0,0,0,0,0,0,0,0,0,0,0,0,0,0,0,0,0,0,0,0,0,0,0,0,0,0,0,0,0,0,0,0,0,0,0,0,0,0,0,0,0,0,0,0,0,0,0,0,0,0,0,0,0,0,0,0,0,0,0,0,0,0,0,0,0,-0.419751972990192,0,0,0,0,0,0,0,0,0,0,0,-0.0694786013009021,0,0,0.382763725994562,0,0,0,0,0,0,0,0,0,0,0,0,0,0.346016703923303,0,0,0,-0.0191908791994331,0,0,0,0,0,0,0,0,0,0,0,0,0,0,0,0,0,0,0,0.077731047074906,0,0,0,0,0,0,0,0,0,0.369800061865463,0,0,0,0,0,0,0,0,0,0,0,0,0,0,0,0,0,0,0,0,0,0,0,0,0,0,0,0,0,0,0,0,0,0,0.412800199348017,0,0,0,0,0,0,0,0,-0.0811243089574905,0,0.320123217994394,0,0,0,0
0,0,0,0,0,0,0.111458979958327,0,0,0,0,0,0,0,0,0,0,0,0,0,0,0,0,0,0,0,0,0,0,0,0,0,0,0,0,0,0,0,0,0,0,0,0,0,0,0,0,0,0,0,0,0,0,0,0,0,0,0,0,0,0,0,0.353934596727044,0.12852984444105,0,0,0,0,0.301678669363949,0,0,0,0,0,0,-0.191176411808162,0,0,-0.0131281405106807,0.841254868136936,0,0,0,0,0,0,0,0,0,0,0,0,0,0,0,0,0,0,0,0,0,0,0,0,0,0,0,0,0,0,0,0,0,0,0,0,0,0,0,0,0,0,0,0,0,0,0,0,0,0,0,-0.151626902569749,-0.550226573914017,0,0,0,0,4.73672279477166,0,0,0.0628723339905977,0,0,0,0,0,0,0,0,0,0,0,0,0,0,0,0,0,0,0,0.447380074248747,0,0,-0.430602315630993,0,0,0,0,0.437901246338324,-0.200811673854644,0,0,0,0,0,0,0,0,0,0,0,-0.451709102238862,0,0,0,0,0,0,0,0,0.224296439363998,0,-0.344443464652381,0,0,0,0,0,0,0
0,0,0.69515384750317,0,0,0.0246727996229927,0.429509602940335,0,0,0,0,0,0,0,0,0,0,0,0,0,0,0,0,0,-0.320322827945837,0,-1.19242454772681,0,0,0,0,0,0,0,0,0,0,0,0,0,0,0,0,0,0,0,0,0.0639068474805908,0,0,0,0,0,0,0,-0.991390801048369,0,-0.173208997153986,0,0,0,0,0,0,0,0,0,0,0,0,0,0,0,0,0,-0.204380077283955,0,0,0,0,0.341079094394563,0,0,0,0,-0.423263218886711,-0.50601865268751,0,0,0,0,0,0,0,0,0,0,0,0,-0.0270444636626466,0,0,0,0,0,0,0,0,-1.19076239087515,0,0,0,0,0,0,0,0,0,0,0,0,0,0,0,0,0,0,0,0,0,0,0,0,0,0,0,0,0,0,0,0,0,0,-1.22201577325058,-0.0263130703396834,0,0,0,0,0.517235240137756,0,0,0,0,0,0,0,0,0,0,0,0,0,-0.383081796438022,0,0,0,0,0,0,0,0,0,0,0,0,0,-1.64993649335002,0,0,0,0.189565157505421,0,0,0,0,0,0,0,0,0,0,0,0,0,0,0.400884258460384,-0.612313393957783,0,0
0,0,0,0,0,0,1.64465399695446,0,0,0,0,0,0,0,0,0,0,0,0,0,0,0,0,0,0,0,0,0,0,0,0,0,0,0,0,0,-0.35365048622899,0,0,0,0,0,0,0,0,0,0,0,0,0,0,0,0,0,0,-0.174094008406851,0,-0.488487222926234,0,0,0,0,0,0,0.0761972399096644,0.443317824862341,0,0,0,0,0,-0.346700034592771,0,0,0,0,0,0,0,0,0,0,-1.40340140337627,0,0,0,0,0,0,0,0,0,0,0,0,0,0,-0.115111029878283,0,0,0,-0.106875937165782,0,0,0,-0.162156558639629,0,0,-0.86416831326266,0,0,-0.00119144080352696,0,0,0,0,0,0,0,0,0,0,0,0,0,0,0,0,-0.666384989294663,0,0,-0.212138913731003,0,0,0,0,0,0,0,0,0,0,0,-1.52667661667671,0,0,0,0,0,0,0,0,0,0,0,0,0,0,0,0,0.0532520580136808,0,0,0,0,0,0,0,0,0,0,-0.332677774631104,0,-0.413806258599879,0,0,0,-1.22504233173693,0,0,0,0.103051389373083,0,0,0,0,0,0,0,0,0,0,0,0,0,0,0,0,0,0
0,0,0.388084833805554,0,0,0,1.14726534120418,0.513971699286986,0.691236181875003,0,0,0,0,0,0.330444905555178,0,0.597935360424307,0,0,0.301658759944095,0,0,0.453007091851551,0,0,0,-0.30381036240207,0.811552922264835,0,0,0,0,0,0.523624576363884,0,0,-2.88260501338411,0.493256435895202,0,0.110962879808264,0,-0.894449057878547,0,0,1.10815947740099,0.808089113496916,0,0,0,0,0,0.482161186609973,0,0,-0.642293354248564,-0.0451082335720669,-0.010986482246369,0,0,0,0,0,0,0.429702838574906,1.23920463752045,0,0,0,-0.450077912955737,0,0,-0.274886739928086,-1.07900382016839,0.135204319691603,0,0,0,-1.47135750403915,0.781603607430815,0,-0.545028121826824,0,-1.81838083873917,-1.20635450912513,0,-0.247547906068051,0.664292672225554,-0.0289867612400627,0,1.65329670241326,0,0,0,0,0,0,0,-1.69739826269991,0,0,-0.665968780414328,-0.720810245360335,-0.445798924660606,0.351755721636943,0,0,0,0,0,0,0,0,0,0,-0.14983150887746,0,0,0,0,0,0,0,0.0635944475543169,0,0,0,0,0,-1.06487499493658,0,0.000849303100309173,0,0,0,0,0,-2.47099898147362,0,0,0,0,-1.95828999460591,0,-0.963473258725353,0,0,0,0,0,0,-1.04593809241516,0,0,0.480723899585938,0,0,0,0.0165120361473079,0,0,0,0,0,0,0,0,0,-1.10800110261559,0.66246598045125,0,-1.08208328661294,-0.705800949718695,0,0,0,0,0,-1.53776131042455,0,0,0,0,0,0,0.709966406108678,0,0,0,0,0,0.0374273332181689,0,0,0,0,0,0,0,0,-0.427233814229804
0,0,0,0,0,0,0.518376379734591,-2.06195604549452,0,-0.78528935254961,0,0,0,0,-1.74784492238218,0,0,0,-0.266389943951879,-1.71920340806578,0.316425817667269,0,0,0,0,-0.645409798883571,0,0,0,0,0,0,0,-2.44096718855218,0,0,0,1.44577022064187,0,0,0,-2.08229220018219,0,5.16386347532166,-2.38910577197564,2.10770806478758,-1.46896017247146,0,0,0,0,0,0.181421869672479,0,0,0,0,0,0,0,0,0,0,0,0,0,-0.482760569736976,1.35418868066262,0,0,0,0,0,-0.44759273408508,0,1.20043612401574,0,0,0,0,0.077415476718026,-1.28384092261039,-0.252117280039991,0,0,0,0,0,0,0.608396146274785,0,0,0,0,0,0,0.206475732292698,0,0,0,0.276444020414876,0,0,0,0,0,0,0.126833658459355,0,0,0,0,-0.171855712377228,0.371934028879499,0,0,0,0,0,0,-0.456911051003523,-0.756426427702706,-1.10434752065209,0,0,-0.124946368581302,-1.77139873105681,0,-6.40362825476859,0,0,0,0,0,0,0,0,0,0,0.847354210128678,0,0,0,0,0,0,0,0,-0.313026360427482,0,0,-0.467684120332336,1.60057473591692,0,0,0,-0.663868540544718,0.0797571758282907,0,-2.68347249272527,0,0,0,0,0,0,0,0,0,0,0,0,1.0231397746826,-1.0528947718591,0,-0.820472102637515,0,0,0,0,0,0,0,0,0,0,0.569684731642724,0,0,0,0,0,0,-3.43959899505231,-0.375551892434246,0,0,0,15.5843764692814,-4.80243143242534
0,0,0,0,0,0.0248446331454548,0,2.50569746766495,1.32976441426778,0.237831182947831,-1.09188708656607,0,0,0,-1.06231154925734,-0.544194676435876,0.419901943517625,0,0,0.712982712156301,0,0.590849088065679,0,-0.503874991606167,1.32290597538328,0.507706987338957,0,0.226957075002972,0,0,0,0,0,8.47856785995652,0,0,1.5311612577862,0,0,0,0,0,0,0,0,-2.18782650370568,2.27759412480931,-0.776286812641781,0,1.49619635220661,0,0,-0.650495360409034,0,0,0.941435230269714,1.59319068720478,0,0,0,0,0.517358130347993,0,0,0.0426839274478961,0,0,1.39529481965464,0,0.0324158543905415,1.98439201835111,0,-0.414172162677815,0,0,0,0,0,0.0036126035919275,-4.01003263153061,-0.514536180020377,-2.10932931390136,0,-0.780342737582369,0,0,-0.193178600386933,0,0,-1.84961404632161,-0.453195047259725,0.432586714678018,-0.547449426902491,0.394418252404066,-1.1202169937068,0,0,0.174648846606698,0,0,0,0,0,-0.715160638242829,0,0,0,0.250113830455013,0,0,0,0,-0.492991642658286,-1.26033897914359,0,0,0,0.180854130139046,0,0.924406331311046,2.41956641254468,0,-1.05929287300384,0,0,0,0,0,2.30072848716768,0,1.29616367941043,0,2.20215611624176,0,0,0.10151771287855,0.937787745661456,0,0,0,0,-0.0148026334138696,0,0,-0.54343058617027,0,0,0,-0.549802040950933,0.935693204256587,-4.76069694675955,0,0,0,0,3.19204044102964,0,0.801852088671877,0,0,0,0,0,0,0,-2.01817865030348,0,0.770606152964497,0,0,-1.05269992139604,0,0,1.11640108317722,0,1.47160662412158,0,0,0,0,0,0,0,-2.78960939247419,0,-1.11175833137207,0,0,0.0562929619707857,0,-0.933577712725791,0,0,0,0,0,0,0,10.2900864801456,0
0,0,0.438385715011376,0,0,0.652396850249332,0.771817681308715,0,0.876475483655495,0.534478901965107,0,0,0,0,0,0,0,0,0,0,0,0,0,0,0,0,0,-0.368919820709232,0,0,0,0,0,0,0,0,0,0,0,0,0.12037166677944,-0.398696543505391,0,0,0,0,0,0,0,0,0,0,0,0,0,-0.199563339451489,0,0,0,0,0,0,0,0.380888081958903,0,0,0,0,0,0,0,0,0,-0.139925379504367,0,0,0,0,0,0,0,0.199174040375716,0,0,1.93062361135365,0,0,0,0,0.529261359176933,0,0,0,0,-0.0458098577067394,0,0,-0.262867599000062,-0.259030520650492,0,0,0,0,0.882160791284825,0,0,0,0,0,0,0,0,-0.498266423630784,0,0.302129252042151,0,0,0,0,2.21966582507575,0,0,0,0,0,0,0,0,-0.00872226306707291,0,0,0,0,0,0.68190085752809,0,0,0,0,0,0.238865746389322,0,0,0,0,-0.134478172557331,0,0,0,0,0,0,0.4275862758697,0,-0.277928752232019,0,0,0,0,0,0,0,0,0.0861728133713462,0,-8.5534991501712,0,0,0,1.05185881999833,-0.301314465056356,0,0,-0.382325039908668,0,0,0,-1.79684248709971,-0.371953046514934,0.449021367011179,0,0,0.0144714295108115,-0.0838312191161881,0,0,0,0,0,0,0,0,0,0,-0.910057920265771,0,0,-0.432632123349746,0,-0.528634665122326
0,0,3.55258203218186,0,0.34856960795492,0,-0.491738186151152,0.79943823234603,0,0,0,0.0992535249717763,0,0,-6.55842266094752,0,0,0,-0.292338223657885,-0.697353304075829,0,0,0,0,0,0,0,-0.68814240452557,0,0,0,0,0,0,0,0,0,0,0,-0.141787285324416,-0.427036711934074,0,-1.2703172933822,0,0,-0.0444413091518312,0,0,0.0303448961580295,-0.0191567233390713,0,-0.393932587974063,0,0,0,0,0,0,0,-10.6205139623409,1.06452521544885,0.498401584532404,0,0,0,0,0,0,0,0,0,0,-0.37755380619829,0,0,0.890573968363106,0,0,0,0,0,-0.88591675520972,0,0.540236010729342,0,0,0,0,0,0,0.153439552653544,0,0,0,-0.484977107383337,0,0,0,0,1.41601265988337,1.64876742426603,0,0,0,0,0,0,0,-6.50963658531067,0,0,-0.0242188774429442,0,0.807241865660821,0,0,0,0,0,0,0,0,0,0.261818349097285,0,0,0,0,0,3.36934910801255,0,0.601466352562851,0.909009807303596,0,0.425835845106521,0,0,4.224320789099,0,4.09799745053322,0,0,0,0,0,0,0,0,0.0629984807399251,0,0,0,0,0,0,0,0.220808095041901,0,0,0,0,0,0,0,0,0,0,0,-0.24249477063859,0,-2.69116181252765,0,0,0,-0.580016414595034,0,0,0,-0.570663339700134,0,0,0,0,0,0,1.15586913900938,-2.93367261600647,0,0,-1.17207539228633,0,0,0,0,0,0,0.902379082165752,0,0,-0.00794932911686708
0,0,1.26547562374637,0,0,0,0,0,-1.22195447156249,0,1.81938696274787,0,0,0,0,0,0,-0.0890531406346557,0,0,0,0,0,0,0,0,0,0,0,0,0,0,0,-0.878175262269947,0,0,0,0.490960372145833,0,0,0,0,0,0,0,0,0,0,0,0,0,0,0,0,0,0.173233201405146,0,0.285911986069182,0,-2.75625619861293,0,0,0,0,0,0,0,0,0,0,0,0,0,0,0,0.179227919942287,0,0,0,0,-0.380493273344495,0,0,0,0,0,0,0,0,0,0,-0.280949007516764,0,0,-1.27387533705845,0,0,0,0,0.970192431672805,0,0,-0.239346559461452,0,0,-0.559643704915421,0,0,0,0,0,0,0,0,-0.695572480288474,0,0,-3.92877381791729,0,0,-0.13123308265776,0,0,0,0,0,0,0,0,0,0,0,0,0,0,-0.094123989287739,0,0.121321628575627,0,0.423304533334092,-0.526333904635932,0,0,0,0,0,0,0,0,0.569750944074597,0,0,0,0,0,0,0,0,0,0,0,-0.138744207239184,0,0,0,0,0,0,0,0,0,0,0,-0.0275163604071649,0,-0.337486970498446,0,0,0,0,0,0,0,0,0,0,0,0,0,0,0,0,0,0,-0.460940669038475,0,-0.0307657902802259,0,0,0
0,0,-0.811757855490013,0,0,0,0,0,0,0,-1.19717187828362,0,0,0,0,0,0,0,0,-1.72730097847741,0,0,0,0,0,-0.691167442572863,0,0,0,0,0,0,0,0,0,0,0,0.867911719257863,0,0,0,0,0,0,0,0,-1.17278309917412,0,0,0,0,-2.89701826729865,0,0,0,0,0,0.0910502661336596,0,-0.293753889414101,0,0,0,0,0,-0.39129456869956,0,0.10389469621812,0,0,0.089711914517888,0,0,0,0,0,0,0,0,0,0,0,-0.0987700959303621,0,0,0,0,0,0,0,0,0,0,0,0,0,0,0,0,0,0,0,0,0,0,-1.5456772126574,0,0,-0.0315270054543166,0,0,0,0,0,0,-0.0460573540219631,0,-0.796996620910892,0,0,0,0,0,0,0,0,0,0,0,0,0,0,0,0,-0.44089832838704,0,0,0,0,0,0,0,0,-0.319398867550796,0,0,0,0,0,0,0,0,0,0,0,0,0,0,0,0,0,-0.188852389640639,0,0,0,0,0,0,-0.354377523263083,0,-0.2106529406844,0,0,0.401555938845124,0.425015162688158,0,0,0,0,0,0,0,0,0,0,-0.075829875106014,0,0,0,-0.299344629540204,0,0,0,0,0,0,0,0.189347442296563,0,0
0,0,0,0,-0.326837764057944,0,0,0,0,0,0,0,0,0,0,0,0,0,0,0,0,0,0,0,0,0,-0.102690247014404,0,0,0,0,0,0,0,0,0,0,0,0,0,0,0,0,0,0,0,0,0,0,0,0,0,0,0,0,0,0,0,0,0,0,0,0,0,0,0,0,0,0,0,0,0,0,0,0,0,0,0,0,0,0,0,0,0,0,0,0,0,0,0,0,0,0,0,0,0,0,0,0,0,0,0,0,0,0,0,0,0,0,0,0,0,0,0,0,0,0,0,0,0,0,0,0,0,0,0,0,0,0,0,0,0,0,0,0,0,0,0,0,0,0,0,0,0,0,0,0,0,0,0,0,0,0,0,0,0,0,0,0,0,0,0,0,0,0,0,0,0,0,0,0,0,0,0,0,0,0,0,0,0,0,0,0,0,0,0,0,0,0,0,0,0,0,0,0,0,0,0,0,0
0,0,0,0,-0.702903006582906,0,0,0,0,0,0,0,0,0,0,0,0,0,0,0,0,0,0,0,0,0,0,0,0,0,0,0,0,0,0,0.113850807315622,0,0,0,0,0,0,0,0,0,0,0,0,0,0,0,0,0,0,0,0,0,0,0,0,0,0,0,0,0,0,0,0,0,0,0,0,0,0,0,0,0,0,-0.201023528296733,0,0,0,0,0,0,0,0,0,0,0,0,0,0,0,0,0,0,0,0,0,0,0,0,0,0,0,0,0,0,0,0,0,0,0,0,0,0,0,0,0,0,0,-0.0489965470281037,0,0,0,0,0,0,0,0,0,0,0,0,0,0,0,0,0,0,0,0,0,0,0,0,0,0,0,0,0,0,0,0,0,0,0,0,0,0,0,0,0,0,0,0,0,0,0,0,0,0,0,0,0,0,0,0,0,0,0,0,0,0,0,0,0,0,0,0,0,0,0,0,0,0,0,0,0
0,0,0,0,0,0,0,0,0,0,0,0,0,0,0,0,0,0,0,0,0,0,0,0,0,0,0,0,0,0,0,0,0,0,0,0,0,0.601093642402749,0,0,0,0,0,0,0,0,0,0,0,0,0,0,0,0,0,0,0,0,0,0,0,0,0,0,0,0,0,0,0,0,0,0,0,0,0,0,0,0,0,0,0,0,0,-0.0473712252731224,0,0,0,0,0,0,0,1.15082714104456,0,0,0,0,0,0,0,0,0,0,0,0,0,0,0,0,0,0,0,0,0,0,0,0,0,0,0,0,0,0,0,0,0,0,0,0,0,0,0,0,0,0,0,0,0,0,0,0,0,0,0,0,0,0,0,0,0,0,0,0,0,0,0,0,0,0,0,0,0.100189250961298,0,0,0,0,0,0,0,0,0,0,0,0,0,0,0,0,0,0,0,0,0,0,0,0,0,0,-0.681751067364508,0,0,0,0,0,0,0,0,0,0,0,0
0,0,0,0,0,0,0,0,0,0,0,0,0,0,0,0,0,0,0,0,0,0,0,0,0,0,0,0,0,0,0,0,0,0,0,0,0,0,0,0,0,0,0,0,0,0,0,0,0,0,0,0,0,0,0,0,0,0,0,0,0,0,0,0,0,-0.348826852956994,0,0,0,0,0,0,0,0,0,0,0,0,0,0,0,0,0,0,0,0,0,0,0,0,0,0.968222724605573,0,0,0,0,0,0,0,0,0,0,0,0,0,0,0,0,0,0,0,0,0,0,0,0,0,0,0,0,0,0,0,0,0,0,0,0,0,0,0.4166538345711,0,0,0,0,0,0.426465187455517,0,0,0,0,0,0,0,0,0,0,0,0,0,0,0,0,0,0,0,0,0,0,0,0,0,0,0,0,0,0,0,0,0,0,0,0,0,0,-0.0890813424771044,0,0,0,0,0,0,0,0,0,0,0,0,0,0,0,0,0,0,0.703771898932531,0,0,0,0,0
0,0,0,0,0,0,0,0,0,0,0,0,0,0,0,0,0,0,0,0,0,0,0,0,0,0,0,0,0.384169309225755,0,0,-0.389597270440999,0,0,0,0,0,0,0,0,0,0,0,0,0,0,0,0,0,0,0,0,0,0,0,0,0.590665554159105,0,0,0,0,0,0,0,0,0,0,0,0,0,0,0,0,0,0,0,0,0,0,0,0,0,0,0,0,0,-2.75284077557765,0,0,0,0,0,0,0,0,0,0,0,0,0,0,0,0,0,0,0.322496148359608,0,0,0,-0.003037186016833,0,0,0,0,0,0,0,0.0086403680467384,0,-0.173258509205232,0,-0.00789769127875384,0,0,0,0,0,0,0,0,0,0,0,0,0,0,0,0,0,-0.673818618052198,1.05763947800467,0,0,0,0,0,0,0,0,0,0,0,0,0,0,0,0,0,0,0,0,0,0.682650669390555,0,0,0,0,0,0.482558952601487,0,0,0,0,0,0,0,0,0,0,0,0,0,0,0,0,0,0,0,0,0,0,0,0,0,0,0,0,0,0,0.116049396462262
0,0,0,0,0,0,0,0,0,0,0,0,0,0,0,0,0,0,0,0,0,0,0,0,0,0,-0.33885898556676,-0.0729187539421812,0,0,0,0,0,0,0,0,0,0,0,0,0,0,0,0,0,0,0,0,0,0,0,0,0,0,0,0,0,0,0,0,0,0,0,0,0,0,0,0,0,0,0,0,0,0,0,0,0,0,0,0,0,0,0,0,0,0,0,0,0,0,0,0,-2.15885228389856,0,0,0,0,0,-0.011938350139177,0,0,0,0,0,0,0,-0.194168561885515,0,0,0,0,0,0,0,0,0.556371076220683,0,0,0,0,0,0,0,0,0,0,0,0,0,0,0.254119655590689,0,0,0,0,0,0,0,0,0,0,0,0,0,0,0,0,0,0,0,0,0,0,0,0,0,0,0,0,0,0,0,0,0,0,0,0,0,0.968578451429575,0.319492522660795,0,0,0,0,0,0,0,0,0,0,0,0,0,-0.678938471061452,0,0,0,0,0,0,-0.0996293488921121,0,0,0,0,0,0,0,0,0
0,0,-0.0926248899252788,0,0,0,0,0,0,0,0,0,0,0,0,0,0,0,0,0,0,0,0,0,0,0,0,0,0,0,0,0,0,0,0,0,0,0,0,0,0,0,0,0,0,0,0,0,0,0,0,0,0,0,0,0,0,0,0,0,0,0,0,0.346741508640694,0,0,0,0,0,0,0,0,0,0,0,0,0,0,0,0,0,0,0,0,0,0,0,0,0,0,0,0,-1.24214317659342,0,0,0,0,0,0,0,0,0,0,0,0,0,0,0,0,0,0,0,0,0,0,0,0,0,0,0,0,0,0,0,0,0,0,0,0,0,0,0,0,0,0,0,0,0,0,0,0,0,0,0,0,0,0,0,0,0,0,0,0,0,0,0,0,0,0,0,0,0,0,0,0,0,0,0,0.159154903980722,0.236087343601894,0,0,0,0,0,0,0,0,-0.00823103415037707,0,0,0,0,0,0,0,0,0,0,0,-0.141848556476639,0,0,0,0,0,0,0,0,0
0,0,0,0,0,0,0,0,0,0,0,0,0,0,0,0,0,0,0,0,0,0,0,0,0,0.06405791881509,0,0,0,0,0,0,0,0,0,0,0,0,0,0,0,0,0.113492535728973,0,0,0,0,0,0,0,0,0,0,0,0,0,0,0,0,0,0,0,0,0.193123609492233,0,-1.68574973350595,0,0,0,0,0,0,0,0,0,0,0,-0.330591442303952,0,0,-0.307975334187432,0,0,0,0,0.553620719785021,0,0,0,-0.573678498028377,0,0,-1.10953227781409,0,0.0348689605717956,0,0,0,0,0,0,-0.33093190217797,0,0,0,0,0,0,0,-0.0609553006764667,0,0.228046902785922,0,0,0,0,0,0,0,0,0,0,0,0,0,0,0,0,0,-0.318675623842531,0,0,-0.427773691537985,0,0,0,0,0,0,0,0,-0.148052784979868,0,0,0,0,0,0,0,0,0.239462254925243,0,0,0,0,0,0,0,0,0,0,0,0,0,0,0,0,0,0,0,0,0,0,0,0,0,0,0,0,0,0,0,0,-0.351544104621528,0.365628720153483,0,0,0,0,0,0,0,0,0,0,0,0,0,0,0
0,0,0,0,0,0,0,0,0,0,0,0,0,0,0,0,0,0,0,0,0,0,0,0,0,0,0,0,0,0,0,0,0,0,0,0,0,0,0,0,0,0,0,0,0,0,0,0,0,0,0,0,0,0,0,0,0,0,0,0,0,0,0,0,0,0,0,0,0,0,0,0,0,0,0,0,0,0,-0.124712797213769,0,0,0,0,0,0,0,0,0,0,0,0,0,-0.525105770386779,0,0,0,0,0,0,0,0,0,0,0,0,0,0,0,0,0,0,0,0,0,0,0,0,0,0,0,0,0,0,0,0,0,0,0,0,0,0.194253597383355,0,0,0,0,0,0,0,0,0,0,0,0,-0.623589402522901,0,0,0,0,0,0,0,0,0,0,0,0,0,0,0,0,0,0,0,0,0,0,0,0,0,0,0,0,0,0,0,0,0,0,0,0,0,0,0,0,0,0,0,0.00655641724065115,0,0,0,0,0,0,0,0,0,0,0,0
0,0,0,0,0,0,0,0,0,0,0,0,0,0,0,0,0,0,0,0,0,0,0,0,0,0,0.00229497062270334,0,0,0,0,0,0,0,0,0,0,0,0,0,0,0,0,0,0,0,-0.475597025791388,0,0,0,0,0,0,0,0,0,0,0,0,0,0,0,0,0,0,0,0,0,0,0,0,0,0,0,0,0,0,0,0,0.024850244124212,0,0,0,0,0,0,0,0,0,0,0,0,-0.64318343095005,0,0,0,0,0,0,0,0,0,0,0,0,0,0,0,0,0,0,0,0,0,0,0,0,0,0,0,0,0,0,0,0,0,0,0,0,0,0.138260285241345,0,0,0,0,0,0,0,0,0,0,0,0,-0.596085912258583,0,0,0,0,0,0,0,0,0,0,0,0,0,0,0,0,0,0,0,0,0,0,0,0,0,0,0,0,0,0,0,0,0,0,0,0,0,0,0,0,0,0,0,0,0,0,0,0,0,0,0,0,0,0,0,0
0,0,0,0,0,0,0,0.619230013387288,0,0,0,0,0,0,0,0,0,0,-1.53091505035397,0,0,0,0,0,0,-0.515444125458313,0,0,0,0,0,0,0,0,0,0,0.3770842907677,-0.694978326610364,0,0,0,0,0,-2.11269053902702,0,0,-0.938833552642499,0,0,0,0,0,0,0,0,0,0,1.11161597869778,0,0,0,0,0,0,0,0,0,0,0,0,0,0,0,0,0,0,0,0,-0.720302879068586,0,0,0.382881321388145,0,0,0,0,0,0,0,0,0,0,0,0,0,0.0210876228530381,0,0,0,0,0,0,0,0,0,0,0,0,0,0,0,0,0,0.281138666034539,-0.281211435964605,0,0,0,0,-0.0200819837044555,0,0,0,0,0,0,0,0,0,0,0,0,0,0,0.791504050837642,0,0,0,0,0,0,0,0,0,0,0,0,-0.142862555745971,0,0,0,0,0,0,0,0,0,0,0,0,-0.929854025288752,0,0,0,0,0,0,0,0,0,0,0,0,0.0480885775369053,0,0,0,0,0,0,0,0,0,0,0,0,0,0,0,0,0,0,0,0.215373375868867,0,0,0,0.153834025653216,0,0.680404672631274
-1.77950570681535,0.298259464620741,0,0,0,0,1.09210888524407,1.63886165763786,0,-1.7796125126072,0,0,0,0,0,0,-0.191361040690953,0,0,2.14715242866877,0,0,0,0,0.447649591501526,-0.0069545591548561,-0.352325842823894,-0.887976863139349,-0.0389482212296943,0,0,-0.973010514813381,0,0,0,0,-2.97719450980987,0,0,0.530052167061495,0,0,0,0,0,0,0,0,0,0,0,-3.9981399254962,0,0,-0.444301959394265,0,0,0,0.11154143217802,0,0.821176084476952,0,0,0,0,0.432989229225338,0,0,-0.228134570247007,0,0,0.319386377418686,-0.552822050792185,-1.34732431266131,0,0,0.525400805165169,-0.734905733211161,0,0,0,0,0,0,0,0,-0.49136528664807,0,0,0,0,0,0.228730103098872,0,0,0,-0.560349409299996,0,0,1.1811779984865,-0.0450207490895598,-2.04979404496063,0,0,0,0,0,0,-0.708757814021924,0,0,0.879600992081132,0,0,-0.0909492807548771,0,0,0,0,0,0,0,0,0.0321026891388325,0,0,0,0,0,0,-0.499903844995016,-0.109354958382376,0,0,-0.69128329114697,-0.492083429636304,3.42049924353792,0,0.24110848343534,0,0,0,0,0,0,0,0,0,-1.26056264036083,0,0,0,1.63221000295687,0,0,0,0,0,0.697231423980308,-2.15026393922975,0,0,0.371840360616621,0,0,0,0,0,0,-0.0745432732253757,0,0.0581358413848849,0,0,0,0,2.4797516212716,0,0,2.7513481019267,0,0,0,0,0,0,0,0,0,0,0.0644442367122684,0,0,0,1.84936271047036,0,0.180601272585508,0,0,0
0,-0.453492929350525,0,0,0,0,0,0,0,0,0,0,0,0,0,0,0,0,0,0,0,0,0,0,0,0,-1.18818848198253,0,0,0,0,0,0,0,0,0,-0.275357817228794,0,0,0,0,0,0,0,0,0,0,0,0,0,0,0,0,0,0,0,0,0.940335870377939,0,0,0,0,0,0,0,0,0,0,0,0,0,0,0,0,0,0,0,0,0,0,0,0,-0.526042074140454,0,0,0,-5.3130732766097,0,0,0.268324181712927,0,0,0,0,0,0,0,0,0,3.0539490080633,0,0,0,0,0,0,0,0,0,0,0,-0.0764708238055678,0,0,0,0,0,0,0,0,0,0,0,0,0,0,0,0,0,0,0,1.08431475679463,0,0,0,0,0,0,0,0,0,0,0,0,0,0,0,0,0,0,-0.395130796688459,0,0,0,0,0,0,0,0,0,0,0,-0.233500516758984,0,0,0,0,0,0,0,0.385395610183182,0,0,0,0,0,0,0,0,0,0,0,0,0,0,0,0,0,0,0,0,0,0,0,0.575495099070555,0.0245009796304334,0,0,0,0
0,0,0,0,0,0,0,0,0,-0.275568966345677,0,0,0,0,0,0,0,0,0,0,0,0,0,0,0,0,0,0.364601077630615,0,0,0,0,0,0.247156150669468,0,0,0,0,0,0,0,0,0,0,0,0,0,0,0,0,0,0,0,0,0,0,0,0,0,0,0,0,0,0.726077553143829,0,0.419759320823985,0,0,0,0,0,0,0,0,0,0,0,0,0,0,0.644470521998727,0,0,0,0,0.949620211567704,0,0,0,0,0,0,0,0,0,0,0,0,0,0,0,0,0,0,0,0,0,0,0,0,0,-1.0404730403309,0,0,0,0,0,0,0,0,0,0,0,0,0,0,0,0,0,-0.139274403339079,0,0,0,0,0,0,0,0,0,0,0.0819910983467835,0,0,0,0,0,0,0,0,0,0.564322702340432,0,0,0,0,0,0,0,0,0,0,0,0,0,0,0,0,0,0,0,0,0,0,0,0,0,0,0,0,0,0,-0.146536740997371,0,0,0,0,0,0,0,0,0,0,0,0.690719577885709,0,0,0,0,0,0
0,0,0,0,0,0,0,0,0,0,0,0,0,0,0,0,0,0,0,0.221568921726038,0,0,0,0,0,0,0,0,0,0,0,0,0,0,0,0,0,0,0,0,0,0,0,0,0,0,0,0,0,0,0,0,0,0,0,0,-0.610166044346245,0,0,0,0,0,0,0,0,0.532455825094152,0,0,0,0,0,0,0,0,0,0,0,0,0,0,0.604974975173931,0,0,0,0,0.446299187487016,0,0,0,0,0,0,0,0,0,0,0,0,0,0,0,0,0,0,0,0,0,0,0,0,0,0,0,0,0,0,0,-0.811703635203548,0,0,0,0,0,0,0,0,0,0,0,0,0,0,0,0,0,0,0,0,0,0,0,0,0,0,0,0,0,0,0,0,0,0,0,0,0,0,0,0,0,0,0,0,0,0,0,0,0,0,0,0,0,0,0,0.160857873981986,0,0,0,0,0,0,0,0,0,0,0,0,0,0,0,0,0,0,0,0,0,0,0,0,0,0
0,0,0,0,0,0.130878677315013,0,0,0,-0.165770950770375,0,0,0,0,0,0,0,0,0,0,0,0,0,0,0,0,0,0,0,0,0,0,0,0,0,0,0,0.111058396521525,0,0,-0.00783246128295922,0,0,0,0,0,0,0,0,0,0,0,0,0,0,0,0,0,0,0,0,0,0,0,0,0,0,0,0,0,0,0,0,0,0,0,0,0,0,0,0,0,0,-0.111561799003765,0,0,0,0,0,0,0,0,0,0,0.22525248221007,0,0,0,0,0,0,-0.165683350018885,0,0,0,0,-0.798548936483425,0,0,0,0,0,0,0,0,0,0,-0.763863105007124,0,0,0,0,0,0,0,0,0,0,0,0,0,0,0,0,0,0,0,0.13886300464009,0,0,0,0,0,0,0,0,0,0,0,0,0,0,0,0.0981504691340693,0,0,0,0,0,0,0,0,0,0,0,0,0,0,0,0,0,0,0,0,0,0,0,0,0,0,0,0,0,0,0,0,0,0.199581011416533,0,0,0,0,0,0,0,0,0,0,0,0
0,0,0,0,0.874640500221904,0,0,0,0,0,0,0,0,0,0,0,0,0,0,0,0,0,0,0,0,0,0,0,0,0,0,0,0,0.696383778098397,0,0,0,0.702918153964172,0,0,0,0,0,0,0,1.16042914966321,0,0,0,0,0,0,0,0,0,0,0,1.09567636314695,0,0,0,0,0,1.41103277156416,0,-1.0603391011443,0,0,0,0,0,0,0,0,0,0,0,0,0,0,0,-0.352253601107181,0,-0.0167378344013414,0,0,0.447664313547671,0,0,0,0,0,0,0,0,0,0,0,0,0,0,0,0,0,0,0,-6.88413120146631,0,0,0,0,0,0,0,0,0,0,0,0,0,-0.132686054854572,0,0.386294528897153,0,0,0,0,0,0,0,0,0,0,0,0,0,0,0,0,0,0.329596232118962,0,0.267639203037347,0.506564806384759,0,0,0,0,0,0,0,0,0,0,0,0,0,0,0,0,0,0,0,0,0,0,0,0,0,0,0,0,0,0,0,0,0,0,0,0,0,0,0,0,0,0,0,0,0,0.00598816220821297,0,0,0,0,0,0,0,0,0,0
0,0,0,0,0.642391897163692,0,0,0,0,0,0,0,0,0,0,0,0,0,0,0,0,0,0,0,0,0,0.936590356735579,0,0,0,0,0,0,0,0,0,0,0,0,0,0,0,0,0,0,0.0583482736955019,0,0,0,0,0,0,0,0,0,0,0,0,0,0,0,0,0,0,0,0,0,0,0,0,0,0,0,0,0,0,0,0,0,0,-0.174969761959213,0,0,0,-0.113196439981,0,0,0,0,0,0,0,0,0,0,0,0,0,0,0,0,0,0,0,0,0,-5.75843210216017,0,0,0,0,0,0,0,0,0,0,0,0,0,0,0,0,0,0,0,0,0,0,0,0,0,0,0,0,0,0,0,0,0,0,0,0,0,0,0,0,0,0,0,0,0,0,0,0,0,0,0,0,0,0,0,0,0,0,0,0,0,0,0,0,0,0,0,0,0,0,0,0,0,0,0,0,0,0,0,0,0,0,0,0,0,0,0,0,0,0,0,0,0
0,-0.329054691599921,0,0,0.369050734544809,0,0.919476815161401,0,0,0,0,0,0,1.4630855796668,0,0,0,0,0,0,0,0,0,-0.355779938324545,0,0,0.201303456339269,-0.570308283323913,0,0,0,0,-0.903571624204191,0,0,0,0,0,0,0,0,0,0,0,0,0,0,0,0,0,0,0,0,0,0,0,0,0,0,0,0,0,0,0,-8.70825543666528,0,0,0,0,0,-1.58859835674804,0,0,0,0,-0.153763115391406,0,0,0,-0.595812275659261,-0.246057380614783,0,0,-0.148550186655871,0,0,0,0,0,0,0.619965389973501,0,0,0,0,0,0.0246416513243615,0,0,0,-0.904738573671479,0,0,0,0,0,-1.57816918233112,0,0,0,0,-0.649327699487974,0,0,0,0,0,0,0,0,0,0,0,0,0,0,0,1.67610008277727,0,0,0,0,0,0,0,0,0,0,0,0,0,0.00198663719260872,0,0,0,0,0,0,0,0,0,0,0,0,0,0,-0.0617946789720849,0,0,0,-0.867680479145262,0,0,0,0,0,0.949814195557428,0,0,-1.1388085960896,0,0,0,0,-0.0408913363707144,0,0,-0.499515093130505,0,0,0,-0.0427892975208963,0,0,-0.298158042258166,0,0,0.221072329564447,0,1.1114465515383,0,0,-1.5034720559286,0,0,0,0,0.639080552086316,0,-0.222105042173173
0,0,0,0,0,0,0,0.0107855460214585,0,1.44350970300023,0,0,0,0,0,0,0,0,0,0.313138298484082,0,0,0,0,0,0,-0.424858606003515,0.491145500673443,0,0,0,0,0,0.0281781259817886,0,0,0,0,0,0,0,0,0,0,0,1.59472495820681,0,0,0,0,0,0,0,0,0,0,0,0,0,0,-0.261859681182435,0,0,0.783436719260836,2.90329135214964,0,0,0,0,0,0,0,0,0,0,-0.586468881191533,0,0,0,0,-1.22031342545777,0,-0.715095555057248,0,0,0,0,0,0,0,0.675917806850845,0,0,0,0,0,0,0,0,0,0,0,0,0,0,0,0.202870865196889,0,-1.34086694698897,0,0,0,0,0,0,0,0,0,0.0102465023777745,0,0,0,0,0,0,0,0,0,0,0,0,0,0.914598036020598,0,0,0,-0.0713644772494098,0,0,0,0,0,0,-0.103535306930115,0,0,0,0,0,0,0,0,0,0,0,0,0,0,0,0,0.681924989811397,0.0135703645522516,-0.0690168753390843,0,0,0,0,0,0.341241597603591,0,0,-0.644225531463383,0,0,0,0,0,0,-0.155168297126354,0,0,0.145657527615282,0,0,0,0,0,0,0,0,0.594319012497136,0,0,0,-0.0443992645501798,0,0,0,0,-0.168929470943175
0,0.407277756476258,0,0,0,0,0,0,0,0,-0.514491037050241,0,0.0494466082997764,0,0,0,0,0,0,0,0,0,0,0,0,0.602566252228227,0,0,0,0,0.827205303645191,0,0,0,0,0,0.255398692566912,0,0,0,0,0,0,0,0,0,0,0,0,0,0,-2.25710510641435,0,0,0,0,0,0,0,0,0,0.353187971532765,0,0,0,0,0.907121488588631,0,0,0,0,0,0,0,0.218981915388269,0,0,-0.529898308461486,0,1.11311939878281,0,0.201989873416097,0,0,0.815825720512782,-1.66580037633791,0,0.777183790054885,0,0,0,0,-0.259972797696438,0,0,0,0,0,0,0,0,0,0,0,0,0,-1.19623210716992,0,0,0,0,0,0,0,0,0.402543310167897,1.25955096495475,0,0,0,0,0,0,0,0,0,0,0,0,0,0,0,0,0,0,0,0,0,0,0,0.905250597456174,0,0,0.00238407233798954,0,0,0,0,0,0,0,0,0,0,0,0,0,0,0,0,0,0,0.0434228111480346,0,0,0,0,0,1.95441329591747,0,0,0,0,-0.446815778166013,0,-0.701684166057086,-0.0221489184044446,0,0,0,0,0,0,0,0,0,0,0,0,0,0,0,0,0,0,0,-0.501129993666156,0,0,0
0,0,0,0,0,0,0,0,0,0,0,0,0,0,0,0,-0.195362071520893,0,0.299828881525242,0,0.112619503044697,0,0,0,0,0,0,0,-0.200994745247259,0,0,0,0,0,0,0,0,0.290983823009427,0,0,0,0,0,-0.89775195030186,0,1.00431009384098,0,0,0,0,0,0,0.452834586108877,0,0,0,-1.19677320628672,0,0,0,0,0,0.631004528994794,0,0,0,0,0,0,0,0,0,0,0,0,0,0,0,-0.259361434340627,0.435149304830885,0.501667695793897,0,0,0.449243579191491,0,0,0,0,0,0,0,0,0,0,0,0,0,0,0,0.767360067161059,0,0,0,0,0,0,0,-0.0406848342174708,0,0,0,0,0,0,0,0,0,0,0,0,0,0,0,0,0,0,0,0,0,0,0,0.527115282133568,1.44128755875045,0,0,0,0,0,0,-0.334685042388187,0,0,0,0,0,0,0,0,0,0,0,0,0,0,0,0,0,0,0,0,-0.15830406966052,-0.0808352213372061,0,0,0,0,0,0,0,0,0,0,0,0,0,0,-0.046853568848318,0,0,0,0,0,0,0,0,0,0.0191835340272219,0,0,0,0,0,0,0,0,0,0,0,0,0
0,0.899594950760902,0,0,0,0,0,-0.107754453933154,-0.389212377214499,0.0968332802194218,0.298120282640011,0,0,0,0,0,-0.413344138264576,0,3.00566194500053,0,-0.0672781086508518,0,0,0,0,0,0,0,0,0,0,0,0,0,0,0,0,0,0,0,0,0.302383751428194,0,0,0,0,-2.29245804358122,0,0,0,0,0,0,0,0,0,0,0,-0.280377406389246,0,0,0,0,0,0,0,0,0,0,0,0,0,0,0,0,0,0,0,0,0,0,0,-0.700491996510914,0,0,-0.0302034867830769,0,0.339302689596198,0,0,0,0,0,0,0,0.154205426214144,0,0.389790849182597,0,0,-0.165028987983605,-0.00539772072019118,0,0,0,-0.101845057298096,0,0,-0.192178838767579,0,0,0,0,0,0,0,0,-0.300321907015878,0,0,0,0,0,0,0,0,0,0,0,0,0,0,0,0,0,0,0,0,0,0,0,0,0,0,0,0,0,0,0,0,0,0.356486262237708,0,0,0,0,0,0,0,0,0,0,0,0,0,0,0,0,-0.329224494229946,0,0,0,0,0,0,0.136873836167623,0,0,0,0,0,0,0,1.38266153292219,0,0,0,0,0,0,-0.390304897510989,0,0,0,-0.353999477262019,0,0,0,7.76085135026439,0
0,0.313853026979924,0,0,0,-0.812845083504951,0,0,0,0,0,0,0,0,0,0,0,0.103081822914876,9.74249163631075,0,0,0,0,0,0,0,0,0,0,0,0.346425425379812,0,0,-0.291421843536886,0,0,-0.613264617034204,0,0,0.0605710625256759,-0.767929476640976,0,0,-0.190483817929297,0,1.32631018657015,0,0,0,0,0,0,0,0,0,0,0,0,0,0,0,0,0,0,0,0,0,0,0,0,0,0,0,0,0,0,0,0.663401828772422,0,0,0,0.00316688265681919,0,1.84832756533399,1.56193768222344,0,0,0,0.183961856336638,0,0,0,0,0,0.556185136860107,0,0,0,0,0,-0.853906899784038,0,0,0,0,-0.128870108754567,0,-0.281226920035945,0,0,0,0,0,0,0,0,0,-0.115367614058925,0,0,-0.307550268218519,-0.120367720688519,-0.36431015158232,0.0605551886780888,0,-0.470818115942067,0,0,0,0,1.59176669342444,0,0,0,0,-0.0173955886383537,-1.10894682552969,0,0,-0.14989771686147,0,0,0,0,0,0,0,0,0,0,0,0.0488833408676239,0,0,0,0,0,0,0,0,0,0,0,0,0,0,0,0,0,0,0,0,0,-0.166154418917905,0,0,0,0,0,0,0,0,0,-0.186211755671085,0.0728067468274134,0,0,0,0,0.103969655973301,-1.15371887524623,0,0,0,-1.06315263307229,0,0,0,0,0
0,-0.0626839075858316,0,0,0.716677466170126,0,-0.524510196312145,0,0,0,2.07757435643428,0,0,0,0,0,0,0,13.1329353666542,0.68542988888379,0,0,0,0,-0.592062869635403,0.256484630025147,-0.79087787669602,-0.367423510804927,0,0,0,0,0,-1.41754486796557,0,1.55825692470701,0,0,0,0,0,0,0,0,0,1.01666403651041,0,0,0,0,0,0,0,0,0,0,3.55780058659066,0,0,0,0,0,0,0,-0.070254265906585,0,0,0.143754807841937,0,0,-0.156582552187258,0,-0.186185345502965,0,0,0,0,0,0,0,0,0,0,0.85281921380037,1.07445265629661,0.00926199686304452,0,0,0.605950264382003,0,0,0,0,0,0.571497581674622,0,0,0,0.328093041102756,-0.286866019921461,-2.27575738469624,0,0,-0.41591297241539,0,0,0,0,0,0,0,0,0,0,0,1.61395663208347,0,-0.497404469453184,0,0,0,0,0,0,0,0,0,0,0,-0.0217860914764836,2.38498962096556,0,1.26365029450701,0,0,-2.67453876020711,-0.207170370899784,0,0,0,0,0,0,0,0,0,0,0,0,0,0,0,0,0,0,0.332140451145976,0,0,0,0,0,0.482763722109639,0,0,0,0,0,-0.898986768712469,-0.252377787210105,0,0,0,0,0.20534973502698,0,0,0,-0.38624555216018,-1.31321852286199,-0.558987456460869,0,0,0,0,0,0,0,0,0,0,-3.10195533456371,0,0,0,-1.26030550730756,0,0,0,0,0
0,0,-1.43802289351054,0,0,0,-0.186304544251277,0,0,0,0,0,0,0,0,0,0,0,7.44511810562459,0,0,0,0,0,0,-1.53364223401087,0,0,0,0,-0.0061399630224801,0,0,-0.844483802717927,0,0,0,0,0,0,-0.564572329242907,0,0,-0.961952503980795,0,0,0,0,0,0,0,0,0,0,0,0,0,0,0,0,0.173746048079183,0.262500600669668,0,0,0,0,0,0,0,0,0,0,0,0,0,0,0,0,0,0,0,0,0,0,0.138142935662907,0,0.480730360137315,0,0,0,0,0,0,0,0,0,0,0,0,0,-2.34220228700316,0,0,-0.0158354254604627,0,0.172423390629875,0,0,0,0,0,0,0,0,0,0,0,0,0,0,0,0.196863057749321,0,0,0,0,0.12988305879979,0,0,0,1.00404003504099,0,0.88860602834889,0,0,0,-0.486731604571029,0,0,0,0,0,0,0,0,0,0,0,0,0,-0.21444260322058,0,0,0,0,0,0,0,-0.36020531678243,0,0,0,0,0,0,0,0,0,-1.38736426842335,0,0,0,0,-1.2277574284154,0,-0.941712566522651,0,0,0,0,0,0,0,0,-0.830551242823692,0,0.228249150515394,0,0,0,0,0,0,0,0,0,0,0,0,0
0,0,0,0,0,-0.536587604557008,0,0,0.46296175198417,0,0,0,0,0.332964643645687,0,0,-0.048396606325432,0,0,0,0,0,0,0,0,0,0,0,0,0.528414721700398,0,0,0,0,0,1.21141451599959,0,0,0,0,-0.703694125243469,0,0,0,0,0,0,0,0,0,0,0,0,0,0.119396109358834,0,0,-0.566894855112278,0,1.32486944003319,-9.98035807865876,0.457061515504519,0,0,0,0,0,0,0,0,0.454455843974206,-1.08466064474216,0,0,-0.723627370345948,0,0,0,0,0,0,0,0,0,0,0,0,0,0,0,0,0,0,0,0,-0.333969166850692,0,0,0.481829530119418,0,0,0,1.42304172646599,0.431647146312525,0,0,0,0,0,0,0,0,0,0,-1.49639620827498,0,0,0,0,0,0,0,0,0.190425473902606,0,0,0,0,0,0,0,0,0,0,0.684799169183243,-0.727654606606772,0,0,0,0,1.39519754621265,0.0274510924920266,0,0,0,0,0,0,0,0.816003831911594,0,2.5905910747658,0.876256588595897,0,-1.10216313503645,0,0,0,0,0.925768839819887,0,0,0,0,0,0,0.0660521259661873,0,0,0,0,0.284548016700762,0,0,0,0,0,0,-0.0388910929353279,-0.260334857767501,0,0,-0.0433860884707431,0,0.746446301560588,0,0.523571985361022,0,-0.0765543382553575,0,0,0,0,0,0,0,0,0,0,0
0,0,0,0,0,0,0,0,0,0,0,0,0,0,0,0,0,0,0,0,0,0,0,0,0,0,0,0,0,0,0,0,0,0,0,0,0,0,0,0,0,0,0,0,0,0,0,0,0,0,0,0,0,0,0.530409238448022,0,0.632562405250111,0,0,0,-14.8572334086947,0,0,0,0,0,0,0,0,0,0,0,0,0,0,0,0,0,0,0,0,0,0,0,0,0,0,0,0,0,0,0,0,0,0,-0.218125550958477,0,0,0,0,0,0,0,0,0,0,0,0,0,0,0,0,0,0,0,0,0,0,0,0,0,0,0,0,0,0,0,0,0,0,0,0,0,0,0,0,0,0,0,0,0,0,0,0,0,0,0,0,0,0,0,4.10416465660093,0,0,0,0,0,0,0,0,0,0,-0.060790131779626,0,0,0,0,0,0,0,0,0,0,0,0,0,0,0,0,0,0.11766404298982,0,0,0,0,0,0,0,0,0,0,0,0,0,0,0,0,0,0,0
0,0,0,0,0,0,0,0,0,0,0,0,0,0,-0.189428009853303,0,0,0,0,0,0,0,0,0,0,0,0,-0.686897546654695,0,0,0,0,0,0,0,0,0,0,0,0,-0.149576506257752,0,0,0,0,0,0,0,0,0,0,0,0,0,0.686664147266064,0,0,0,0,0,-16.5558451165779,0,0.23742281088591,0,0,0,0,0,0,0.177320337256111,0,0,0,0,0,0,0,0,0,0,0.630337307041428,0,0,0.641302250087404,0,0.582152682286403,0,0,0,-0.140663592246004,0,0,0,0,0,-0.298849774384675,0,0,0,0,0,-0.0674157799374746,0,0,0,0,0,0,0,0,0,0,0,0,0.267574474877839,0,0,0,0,0,0.413228679942967,0,0,0,0,0,0,0,0,0,0,0,0,0,0,0,0,0,0,0,0,0,0,0,0,0,0,0,0,0,0.253188474723815,4.24619565884067,0,0,0.0148750140213367,0,0,0,0,0,0,0,0,-0.0841515097914551,0,0,-0.299317630811442,0,-0.0712891929824258,0,0,0,0,0,0,0,0,0,0,0,0,0,0,-0.297497371350202,0,0,0,0,0,0,0,0,0,0,0,0,0,0,0,0
0,0,0,0,0,0,0,0,0,0,0,0,0,0,0,0,0,0,0,0,0,0,0,-1.2282899906157,0,0,0,0.341271339133179,0,0,0,0,0,0,0,0,-1.11717768836756,0,0,0,0.673231632079878,0,0,0,0,0,0,0,0,0,0,0.83926457401963,0,0,1.23357790393276,0,0,0.221091553808119,0,0,-21.8044064427083,0,0,0,0,0,0,0,0,0,-0.745562263431544,0,0,0,0,0,0,0,0,0,0,0,-0.310492758739858,-0.0622908055780091,0,0,0,0,-0.569974660088482,0,0,0,0,0,0,0,0,-0.968509154145716,0.16207692384934,0,0,0.480718497102215,0,-0.686311005848503,0,0,0,0,1.12384268295164,0,0,0,0,0.0958733013586675,0,0.147980768326043,0,0,0,0,0,0,0,0,0,0,0,0,0,-0.0824507498787683,0,0,0,0,0,0,0,0,0,0,0,0,0,0.323422730813905,0,-0.445675944361416,0,0,0,0,0,3.59937807248012,-0.515616701071651,0,0,0,0,0,0,0,0,0,1.11635367904494,0,0,0,0,0,0,0,0,0,0,0,0,0,0,-0.539746747350722,0,0,-0.533525324765415,0,0,0,0,0,0,0,0,0,0,0,0,-0.864138858095711,0,0,0,0,0,0
0,0,-1.33876365116861,0,0,0,0,0,0,0,0,0,-0.0289726026230568,0,0,0,0,0,0,0,0,0,0,0,0,0,0,0,0,-8.67738580609079,0,0,0,0,0,0,-0.0237791893247312,0,0,0,0,0,0,0,0,0,0,0,0,0,0,1.16582533171568,0,0,0.117078137698293,0,0,0,0.244929498427835,0,0,0,0,0.652557515027021,0,0,0,0,0,0,0,0,0,0,0,0,0,0,0,0,-0.253484055904139,0,0,0.562849582853352,0.542385431442978,0,0,0,-0.470685029428424,0,0,0,-0.801924525078451,0,0,0,0,0,0,0,0.401843636914264,0.0183384076832609,0,0,0,0,0,0,0,0,0,0,0,1.03584384790186,0,0,-0.273563184960344,0,0,0,0,0,0,0,0,0,0,0,0,0,-0.773748634106415,0,0,0,-1.06611825487306,0,1.08082755712589,0,0,0,0,0,0,0,0,0,0,0,0,-0.326783695558721,0,-0.81482880379526,0,0,0.685323471971222,0,0,0,0,1.40585118153978,0,0.122511514759273,0,-0.129124886652893,0,0,0,0,0,0,-0.282660658071892,0.879566044792302,0,0,0,0,0,0.398870663568163,0,0,0,0.775698065918321,0,0,0,0,0,0.821027076936003,0,0,0,0,-2.41443002463315,0,-0.555085770070899,0,0,0,0,0
0,0,0,0,0,0,0,0,0,0,-0.161850721900012,0,0,0,0,0,0,0,0,0,0,0,0,0,0,0,0,0,0,0,0,0,0,0,0,0,0,0,0,0,0,0.298360921934814,0,0,0,0,0,0,0,0,0,0,0,0,0,0,0,0,0,0,0,0,0,0,0,0,0,0,0,0,0,0,0,0,0,0,0,0,0,0,0,0,0,0,0,0,0,0,0,0,0,0,0,0,0,0.386662560657196,0,0,0,0,0,0,0,0,0,0,0,0,0,0,0,0,0,0,0,0,0,0,0,0,0,0,0,0,0,0,0.00857207458451126,0,0,0,0,0,0,0,0,0,0,0,0,0,0,0,0,0,0,0,0,0,0,0,0,0,0,0,0,0,0,0,0,0,0,0,1.06266844202969,0,0,0,0,0,0,0,0,0,0,-0.0101857100356912,0,0,0,0,0,0,0,0,0,0,0,0,0,0,0,0,0,0,0,0,0,0,0,0,0.060664534209985,0
0,-0.132847353258342,0,0,0,0,0,0,0,0,0,0,0,0,0,0,0,0,0,0,0,0,0,0,0,0,0,-0.944863010340298,0,0,0,0,0,0,0,0,0,0.27669944085442,-0.00343739378051033,0,0,0.047579763201326,0,0.989113521355188,0,0,0.436502219783798,0,0,0.164948218415047,0,-0.457368828403424,0,0,0,0.232093793759168,0.0443079102921473,0,0,0,0,0,0.451873343875386,0,0,0,0,0,0,0,-1.07048324234306,0,0,0,0,0,0,0,0.171881135371152,0,0,0,0,0,0.126493825183549,0,0,0,0,0,0,-0.476481271694005,0,0,-0.554129822196008,0,0,0,0,0,0.106322680518078,0,0,0,0,0,0,0,0,0,0,0,0,0,-0.276928486961553,0,0,0,0,0,0,0,0,0,0,0,0,0,0,-0.677277418128747,0,0,0,0,0,0,0,0,0,0,0,0,0,0,0,0,11.3895749225157,0,0,0,0,0,0,0,0,6.87207307609638,0,0,0,0,0,0,-0.481563007321328,0,0,0,-0.760928349513355,0.827620639562697,0,0,0,0,-0.12450559622465,-0.0252361391473686,0,0,0,0,0,0,-0.0716267308299428,0.4365686935639,0,0,0,0,0,0,0,0,0,0,0,0,0,0,-0.189299382662733,0,0,0
0,0,0,0,0,0,0,0,0,0,0,0,0,0,0,0,-0.360443378057689,0,0,0,0,0,0,0,0,-1.16471625173525,0,0,0,0,0,0,0,0,0,0,0,0,0,0,0,0,0,0,0,0,0,0,0,0,0,0,0,0,0,0,0,0,0,0,0,0,0,0,0,0,0,0.0743819416118801,0,0,0,0,0,0,0,0,0,0,0,0,0,0,0,0,0,0,0.153623947220239,-0.244403844235746,0,0,0,0,0,0,0,0,0,0,0,-0.0339915765555225,0,0,0,0,0,0,0,0,0,0,0,0,0,0,0,0,0,0,0,0,-0.184634132547602,0,0,0,0,0,0,0,0,0,0,0,0,0,0,0,-0.31947616684087,0,0,0,0,0,0,0,0,0,0,0,0,0,0,0,0,0,0,0,0,0,0,0,0,0,0,0,0,0,0,0,0,0,0,0,0,0,0,0,0,0,0,0,0,-0.622830283098103,0,0,0,0,0,0,0,0,0,0,0,-0.288490723259787,0,0,0,0,0.452038905409268,0
0,0,-0.0422768832185727,0,0,0,0,0.29355377729767,0,0.105609636476745,0,0,0,0,0.369743365031133,0,0,0,0,0,0,0,0,0,0,0,0,0,0,0,0,0,0,0,0,0.511691637026712,0,0,0,0,0,0.139109926352547,0,0,-0.344618145221512,0,-1.13909106621966,0,0,0,0,0,0,0,0,0,0,0,0,0,0,0,0,0,0.12354946327974,0,0,0.0423958597281706,0,0,0.0426756626372311,0,0,0,0,0,0,0,0,0,-0.0862013389494396,0,0,0.274516886658205,0,0,0,0,0,0,0,0,0,0,0,0,0,0,0,0,0,0,0,0,0,0,0,0,0,0,0,0,0,0,0,0,0,0,0,0,0,0,0,0,0,0,0,0,0,0,0,0.0206985073139219,0,0,0,0,0,0,0,-0.231934048730874,0,0,0,0,0,0,0,0,0,0,0,0,0,0,0,0,0,0,0,0,1.07116055497589,0,0.189790890177407,0,0,0,0,0,0,0,0,0,0,1.44775025314174,0,0,0,0,0,0,0,0,0,0,0,0,0,0,0,0,0,0,0,0,0,0,0,0,0,0
0,0,0,0,0,0,0,0,0,0,0.473844993501203,0,0,0,0,0,0,0,0,0,0,0,0,0,0,-1.69367295923914,0,0,1.30807795926322,0,0,0,0,0,0,0.00126598285938617,0,0,0,0,0,0,0,-0.773994038666746,0,0,0,0,0,0,0,0,0,0,0,0,0,0,0,0,0,0,0,0,0,0,0,0,0,0,0,0,0,0,0,0,0,0,0,0,0,0,0,0.0957279226905869,0,-0.0947077580185069,0,0,0,0,0,0,0,0,0,0,0,0,0,0,0,0,0,0.0104942060115063,-0.573088587686661,0,0,0,0,0,0,0,0,0,0,0,0,0,0,0,0,-0.526483871483105,0,0,0,0,0,0,0,0,0,0,0,0,0,0,0,0,0,0,0,1.07594996143672,0,0,0,0,0,0,0,-0.187568738449864,0,0,0,0,0.0167594282482595,0,0,0,0,0,0,0,0.49911773524724,0,0,0,0,0,0,0,0,0,0,0,0,0,0,0,0,0,0,0,0,0,0,0,0,0.390086070299087,0,0,0,0,0,0,0,0,0,0,0,0.473298603623104
0,0,0,0,0,0,0,0,0,0,0.665669488438926,0.0230397803273505,0,0,0,0,0,0,0,0,0,0,0,0,0,0,0,0,0,0,-0.481284509533693,0,0,0,0,0,0,0,0,0,0,0,0,0,0,0.702797898259406,0,0,0,0,0,0,0,0,0,0,0,0,0,0,0,0.00140932521220827,0,0,0,0,0,0,0,0,0,0,0,0,0,0,0,0,0,0,0,0,0,0.249837638168189,0,0,0,0,0,0,0,0,0,0,0,-0.242374143783235,0,0,0,0,0,0,0,0,0,0,0,0,0,0,0,0,0,0,0,0,0,0,0,0,0,0,0,0,0,0,0,0,0,-0.185485549005568,0,0,0,0,0,0,0,0,0,0,0,0,0,0,0,0,0,-0.0838215181720103,0,0,0,0,0,0,0,0,0,0,0,0,0,0,2.4147953380183,0,0,0,0,0.910138305677533,0,0,0,0,0,0,0,-0.349950303063518,0,0,0,0,0,0,0,0,0,0,0,0,0,0,0,0,0,0,0,0,0,0,0,1.1717792823934
0,0,0,0,-0.123973020228996,0.0276149365800431,0,0,0,0.202833958901182,0,0,0,0,0,0,0,0,0,0.192733663424759,0,0,0,0,0,-0.456078676578163,0,0,0,0,-0.544148779946413,0,0,0,0,0,0,0,0,0,0,0,0,0,0,0,0,0,0,0,0,0,0,0,0,0,0,0,0,0,0,0,0,0,0,0,0,0,0,0,0,0,0,0,-0.260833653335347,0,0,0,0,0,0,0,0,0,0,0,0,0,0,0,0,0,0,0,0,0,0,0,0,0,0.0857682858924735,0,0,0,0,0,0,0,0,-0.0436549142330744,0,0,0,0,-0.122898281619465,0,0,0,0,0.173934779029919,0,0,0,0,0,0,0,0,-0.133007345072691,0,0,0,0,0,0,0,0,0,0,0,0,0,0,0,0,0,0,0,0,0,0,0,0,0,0,0,0,0,0,0,0,0,0.560292215200535,0,0,0,0,0,0,0.0262298840300961,0,0,0,0,0,0,0,0,0,0,0,0,0,0.473857640421556,0,0,0,0,0,0,0,0,0,0,0,0,0,0,0,0
0,0,0,0,0,0,0,0,0,0,0,0,0,0,0,0,0.211952076971074,0,0,0,0,0,0,0,0,0,0,0,0,0,0,0,0,0,0,0,0,-0.0745730597265684,0,0,0,0,0,0,0,0,0,0,0,0,0,0,0,0,0,0,0,0,0,0,0,0,0,0,0,0,0,0,0,0,0,0,0,0,0,-0.611996435992538,0,0,0,-0.583558240369929,0,0,0,0,0,0,0,0,0,0,0,0,0,0,0,-0.340566497382887,0,0,0,0,0,0,0,0,0,0,0,0,-0.196338394112991,0,0,0,0,0,0,0,0,0.548195198577276,0,0,0,0,0,0,0,0,0,0.36150906019382,-0.194427080738221,-0.00927829966651883,0,0,0,0,0,0,0,0,0,0,-0.0141981303620509,0,0,0,0,0,0,0,0,-0.0105785715909241,0,0,0,0,0,0,0,0,0,0,0,0,0,0,0,0,0,0,0,0.587227448655373,0,0,0,0,0.360881927462736,0,0,0,0,0,0,0,0,0,0,0,0,0,0,0,0,0,0,0,0,0,0,0,0,0
0,0,0,0,0,0,0,0,0,0,0,0,0,0,0,0,0,0,0,0,0,0,0,0,0,0,0,0,0,0,0,0,0,0,0,0,0,0,0,0,0,0,0,0,0,0,0,0,0,0,0,0,0,0,0,0,0,-1.3680912523328,0,0,0,0,0,0.0814107089709581,0,0.735634287288459,0,0,0,0,0,0,0,0,0,0,0,0,0,0,0,0,0,0,-1.22711284053046,0,0,0,0,0,0,0,0,0,0,0,0,0,0,0,0,0,0,0,0,0,0,0,0,0,0,0,0,0,0,0,0,0,0,0,0,0,0,0,0,0,0,0,0,0,0,0,0,0,0,0,0,0,0,0,0,0,0,0,0,0,0,0,0,0,0,0,0.141926088172266,0,0,0,0,0,0,0,0,0,0,0,0,0,0,0,0.402288714987951,0,0,0,0,0,0,0,0,0,0,0,0,0,0,0,-0.142738641949354,0,0,0,0,0,0,0,0,0,0,0,0,0,0,0
-0.54557344392282,0,0,0,0,0,0,0,0,0,0,0,0,0,0,0,0,0,0,0.409363024850622,0,0,0,0,0,0,0,0,0,0,0,0,0,0,0,0,0,0.940978895670804,0,0,0,0,0,0,-0.109577298939598,2.21903858964288,0.208271441663038,0,0,0,0,0,0,0,0,0.237642941979299,0,0,0,0,0,0.607478235107695,0.569630680467461,0,0,-0.18314960123942,0,0,0.414862520225397,0,0,0,0,0,0,0,0,0,0,0.806558853031624,0,0,0,0,0.12565510461284,0,0,0,0,0,0,0,0,0,0,0.723106958482994,0,0,0,0,0.290144514014052,0,0,0,0,0.305088795315639,0,0,0,0,0,0,0,0,1.78500894689719,0,0,0,0,0,0.0580435388582003,0.0427009371551739,0.00183410121027405,0,0,0,0,0,0,0,0,0,0,0,0.887134525730872,0,0,0,0,0.0217791046693292,0,0,0,0,0,0,0,0,0,0,0,0,0,0,0,0,0,0,0,0,0,0,0,0,0,-0.0122137496210526,0.00329753352314888,0.0498729482699178,0,0.0142020871643649,0,0,0,-0.976618748422816,0,0,0.644308643545075,0,0,0.334100347633861,0,0,0,0.271958697182305,0,0,0,2.0796559517326,0,0,0,0,0,0,0,0,0,0,0,-0.294547036251201
0,0.288194448274011,0,0,0,0,0,0,0,0,-1.67899333696322,0,0,0,0.0538863211093068,0,0,0,0.0763689324874326,0.423849652476692,0,0,0,0,0,0.211388143689899,0,0,0,0,0,0,0,0,0,0.0100055822085827,-0.552266382304086,0,0,0,0,0,0,0,0,0.044134434763013,0,0,0,0,0,0,0,0,0,0,0,0,0,0,0,0.956913512631658,0,0,0,-1.43785178962418,0,0,0,0,0,0,0,0,0,0,0,0,0,1.53635425861019,0,0,0.00508694400287202,0,0,0,0,0,0,0,0,0,0,0,0,0,0,0,0,0,0,0,0,0,0,0,0,0,0,0,0,-0.246714581027923,0,0,2.33079475587125,0,0,0,0,0,0,1.07419373273006,0,0,0,0,0,0,0,0,0,0,0,0,2.06484609451459,0,0,0,0,0,0,0,0,0,0,0,0,0,0,0,0,0,0,0.0914444262895973,0,0.681919356957244,-0.138130285701475,0,-0.176909538076075,0.6826306542675,0,0,0,0,0,0,0.465639936155531,0,0,0,0,0,0,-1.56514045096061,0,0,1.42414884000475,0,0,1.37128673509715,0,0,0,0.467471136387215,-0.374518795113585,0,0,0.361985965337164,0,0,0,0,0,0,0.616163314529647,0.0878310056309908,0,0,0,0
0,0,0,0,0,0,0,0,0,0,0,0,0,0,0,0,0,-0.447335141410313,0,0.230791383145398,0,0,0,0,0,0,0,0,0,0,0,0,0,-0.165336793659772,0,0.101563962358249,-0.597202962273072,0,0,0,0,0,0,0,0,0,0,0,0,0,0,0,0,0,0,0,0,0,0,0,0,0.426951527723371,0,0,0,0,0,0,0,-0.138540329005146,-0.104627478718983,0,0,0,0,0,0,0,0,0.575695730372688,0,0,0,0,0,-0.313816824225937,0,0,0,0,0,0,0,0,0,0,0,0,0,0,0,0,0,0,0,0,0,0,0,0,0,0,0,0,2.18469497050498,0.0459191686412592,0,0,0,0,0,0.599648855878174,0,0,0,0,0,0,0,0,0.00621887990696557,0,0,0,0,0,0,0,0,1.78953501945323,0,0,0,0,0,0,0,0,0,0,0,0,0,0,0,0,0,0,0,0,0,0,0,0,0,0,0,0,0,0,0,0,0,0,0,0,1.15414794481581,0,0,0.259039647322463,0,0,0,0,0,0,0,0.744655498157639,0,0,0,0,0,0,0.0629736923270188,0,0,0.249555140450953,-0.115373252663122,0
-0.286865326998152,0,0,0,0,0,0,0,0,0,0,0,0,0,0,0,0,-0.00222612950599466,0,0.0926689152025311,0,0,0,0,0,0,0,0,0,0,0,0,0,0,0,0.207827639076491,-0.636149073374455,0,0,0,0,0,0,0,0,0.942565548216738,0,0,0,0,0,0,0,0,0,0,0,0,0,0,0,0.160570186587612,0,0,0,0,0,0,0,0,0,0,0,0,0,0,0,0,0,0,0,0,0,0.3488339839517,0,0,0,0,0,0,0,0,0,0,0,0,0,0,0,-0.786852522791218,0,0,0,0,0,0,0,0,0,0,0,0,0,0,1.84912448337971,0,0,0,0,0,0,0.0113002146380612,0,0,0,0,0,0,0,0,0,0,0,0,0,0,0,0,0,1.38568503530396,0,0,0,0,0,0,0,0.474186530572793,0,0,0,0,0,0,0,0,0,0,0,0,0,0,0,0,0,0,0.00853344848106286,0,0,0,0,0,0,0,0,0,1.20889062985616,0,0.0980873970410245,0,0,0,0,0,0,0,0,1.17376666709503,0,0,0,0,0,0,0,0,0,0,0,0
-0.395103498012869,0,0,0,-0.357487007082376,0.171824174757488,0,0,0,0,0,0,0,0,0,0,0,0,0,0,0,0,0,0,0,0,0.135416179808276,0,0,0,0,0,0,0,0,0,-0.625947733356404,0,0,0,0,0,0,0,0,0,0,0,0,0,0,0,0,0,0,0,0,0.500715677373563,0,0,0,1.70453650586962,0,0,-0.857602238833438,0,0,0,0,0,0,0,0,0,0,0,0,0.183694427478162,0,0.0858213745239078,0,0,0,0,0,0,-1.90116692769568,0,0,0,0,0,0,0,0,0,0,0,-0.0544513251904912,-0.480216149873597,0,0,0,0,0,0,0,0,0,0,0,0,0,0,1.95523701805075,0,0,0,0,0,0,0,0,0,0,0,0,0,0,0,0,0,0,0,0.125884585893709,0,0,0,0,0.300673217385414,0,0,0,0,0,0,0,0,0,0,0,0,0,0,0,0,0,0,0,0,0,0,0,0,0,0,0,0,0,0,0,0,0,0,0,0,1.32953262052543,0,0,0.74358054509013,0,0,0,0,0,0,0,0,0,0,0,0,0,0,0,0,0,0,0,0
-0.231436114142903,0,0,0,-0.504170869705799,0.487840312654134,0,0,0.13479403548856,0,0,0,0,0,0,0,0,0,0,0,0,0,0,0,0,0,0,0.249673332536335,0,0,0,0,0,0,0,0,-0.606864887969877,0,0,0,0.0218336959258012,0,0,0.446641829561965,0,0,0,0,0,0,0,0,0,0,0,0,-0.199887325914128,0.666474726519461,0,0,-0.319412665235873,5.15369375098826,0,0,-0.953279837533742,0,0,0,0,0,-1.41993568792454,0,0,0,0,0,-0.0137326010993315,0,0.136660996595846,0,0,0,0,0,0,-1.6553853806981,0,0,0,0,0,0,0,0,0,0,0,0,-0.247488235396912,-0.245511369927492,0,0,0,0,0,0,0,0,0,0,0,0,0,0,3.07148604241798,0,0,0,0,0,-0.242051561730663,0,0,0,0,0,0,0,0,0,0.810448316150674,0,0,0,0,0,0,0,0,0,0,0,0,0,0,0,0,0,0,0,0,0,0,0,0,0,0,0,0,0,0,0,-1.21924116724191,0,0,0,0,0,0,0,0,0,0,0,0,0,1.03932462780547,0,0,0,0,0,0,0,0.186484031990571,0,0,0,0,0,0,0,0,0,0,0,0,0,0,0.183206526134248
0,0,0,0,-0.756647872726407,0.477155859684006,0,0,0,-0.228120659599085,0,0,-0.207170199222142,0,0,0,0.542097674861826,0,0,0,0,0,0,0,0,0,0,0.406656477276901,0,0,0,0,0,0,0,0,0,0,0,0,0,0.21232744795167,0,0.229625150789422,0,0,0,0,0,0,0,0,0,0,0,0,0,0,0,0,-0.719324813307897,6.19515404634793,-0.0473261869166905,0.46096619387829,-0.877056494670551,0,0,0,0,0,-2.45727531594383,0,0,0,0.237198720559763,0,0,0,0,0,0,0,0,0,0,0,0,0,0,0,0,0,0,0,0,0,0,0,-0.458257138481171,0,0,0,0.349310373127412,0,0,0,0,0,0,0,0,0,0,0,3.42070155169155,0,0.271779131013461,0,0,0,0,0,-0.900961309557777,0,0,0,0,0,-0.0827364181722055,0,0,0,0,0,-0.231368421156069,0,0,0,0,0.603480251454627,0,0,0,-0.801926284239486,0,0,0,0,0,0,0,0,0,0,0.248250792764763,0,0,0,0,-0.895216756247684,0,0,0,0,0,0,0,0,0,0,0,-0.116916081312785,0,0,0,0,0.967170683672879,0,0,-0.141652057611382,0,0,0,0,0,-0.640316705919039,0,0,0,0,0,0,-0.192498782098473,0,-0.225273746770326,0,0,0,0,0
0,0,0,0,-0.253963252591733,0.642552237631909,0,0,0,0,0,0,0,0,0,0,0.717015220564186,0,0,0,0,0,0,0,0,0,0,0.281133983301999,0,0,0,0,0,0,0,0,0,0,0,0,0,0,0,0,0,0,0,0,0,0,0,0,0,0,0,0,0,0,0,0,-0.902278317189256,3.51294258669977,0,0.818298914133743,-1.81055930523305,0,0,0,0,0,-2.8870134860419,0,0,0,1.23228928279509,0,0,0,0,0,0,0,0,0,0.804428811833336,0,0,0,0,0,0,0.357139909158664,0,0,0,0,0,0,-0.0214004625482982,0,0,0,0.0489652793287803,0,0,0,0,0,0,0,0,0,0,0,2.92164085681499,0,3.48863562602586,0,0,0,0,0,0,0,0,0,0,0,0,0,0,0,0,0,0,0,0,0,0,0,0,0,0,-1.04982385180106,0,0,0,0,1.73865447829172,0,0,0,0,0,0,0,0,0,0,0,0,0,0,0,0,0,0,0,0,0,0,0,0,0,0,0,0.291543084482558,0,0,0,0,0,0,0,0,0,0,0,0,0,0,0,-0.906257781340885,0,0,0,0,0,0,0
0,0,0,0,0,-1.78284654611849,0,1.68706425606108,6.0357668987625,0,0,0.269574086866919,0,0,2.06356926508904,-0.667946520351027,0.16395455202134,0,0,0,1.59540869613207,0,0,0,-1.90971122647899,0,0,0,0.537098481105164,0,-0.836154010821017,0,0.21013869713902,0,0,0,0,0,0,-3.68252105581486,0,0,0,2.01308186751643,0,0,0,0,0,0,0,0.578263313462763,2.64879629847081,0.790463449768543,0,0,0.117396765414437,0.00320920786434287,0,0,-0.582377861150321,0,2.60201923404948,1.67324024799151,0,0.00328520716983283,0,-0.869091513829197,0.400589441719319,-1.53996881716649,-22.3178472064578,0,0,0,0,0,0,0,0,0,0,0,0,0,0,0,0,0,0,0.0734031245744746,0,0,-0.0305981448787682,0,0,0,0.0413480629494898,0,-0.0484357770544714,0.475229456658026,0,0,1.31837375786224,-0.0303469373483736,0,0,0,0.275378708050063,0,0,0,0,0,0.0777590674780435,3.12616884419058,0,0,0,0,0,0,0,0,0,0,0,-0.941772549047518,0,0,0.229029738216788,-0.19889125690257,0.571615853976215,0,0,0,0,0,0,0,0,0,0,-0.0428135491014079,0,0,0,-0.0273481892014713,0,-1.16166036975939,-1.28591129290889,0,-0.426506879596361,1.32484723137813,0,0,0,0,0,0.622633421860647,0,0,0,0,0,0,0,0,0,0,0,0,0,-0.504825077379955,0,0,0,0,0,-0.24546308627103,0,0,0,0.930178637375392,0,0,0,0,0,0,0,0,0,0.36636879005497,0,0,-0.248027766840923,0,0,0,-0.430388715547198
0,0,0,0,0.0159070633712444,0,0,0,-0.183609744766692,0,0,-2.31500078702072,0,-0.0778436234579252,0,0,0,0,0,0,0,0,0,0,0,0,0,0,0,0,0,0,0,0,0,0,0,0,0,0,0,0,0,0,0,0,0,0,0,0,0,0,0,0,0,0,0,0,0,0.38623062732761,-0.434143299907997,0.258015085956327,0,0.324104392148021,0,0,0,0,0,0,0,0,0,0,0,0,0,-1.04358877021575,0,0,0,0,0,0,0,0,0,0,0,0,0,0,0,0,0,0.853811735201276,3.22528889170775,0,0.106726267562516,-0.203175666455902,0,-0.224259253729361,0,0,0,0,0,0,0,0.237479490711256,0,0,0,0,0,0,0,0,0,1.01089206517289,0,0,0,0,0,0,0,0,0,0,0,0,0,0,0,0,0,0,0,0,-0.167398616956991,0,0,0,0,0,0,0,0,0,0,0,0,0,1.24393376191145,0,0,0,0,0,-0.969586324044519,0,0,0,0,0,0,0,0,-0.978126347459259,0,0,0,0,0,0,0,0,0,0.293341157676297,0,0,0,0,0,0,0,0,0,0,0,0,-3.56217556809284,0,0,0,0,0,0,0
0,0,0,0,0,0.0406581721818731,0,0,0,0,0,0,0,0,0,0,0,0,0,0,0,0,0,0,0,0,0,0.142191514613638,0,-1.97697164152173,0,0,0,0,0,0,0,-0.343497739115157,0,0,-0.0980158804142246,0,0,0,0,0,0,0,0,0,0,-0.0938848299568986,0,0,0,0,0,1.04638199548766,0,0,0,0,0,0,0,0,0,0,0,0,0,0,0,0,-0.00281435942920338,0,0,0,1.30032109894317,0,0,0,0,0,-0.050552691696111,0,0.638672473031927,0,0,0,0,0,0,0,0,0,0,0,0,0,0,0,0,-0.0248941202238944,0,0,0,-0.0042890017213284,0,0,0,0,0,0,-0.55789614338945,-0.282040362081475,0,0,0,0,0,0,-0.938949314840404,0,0,0,0.191983782272932,0,0,0,0,0,0,0,0,0,0,0,0,0,0,0.216646073302823,0,0,0,0,0,0,-0.0426836561573858,0,0,0,0,0,0,0,0,0,0,-0.294668595023293,-0.874639772617367,0,0,0,0,0,0.313280786867344,0,0,0,0,0,0,-0.746724923574272,0,0,0,0,0,0,0,0,0,0,0.865657236761955,0,0.0330833406774158,0,0,0,0,0,0.483104285395401,0,0,0,-0.55292373141352,0,0,0
-0.228653320803251,0,0,0,0,0,0,0,0,-1.2784232858307,-0.159149670431989,0,0,0,0,0,0,0,0,0,0,0,0,0,0,0,-0.236735509950238,0,0,0,0,0,0,0,0,0,0,0,0,0,-0.063435007773367,0,0,0,0,0,0,0,0,0,-0.952890835840313,0,0,0,0,0.321588622409605,0,0,0,0,0,0,-0.182707191324261,0,0,0,0,0,0,0,0,0,0,-0.119032435444665,0,0,0,0,0,2.90699071709843,0,0,0,0,0,0,0.835919448017057,0,0,0,0,-0.708933721299511,0,0,0.450019665496999,0,0,0,0,0,0,0,-0.179535156920001,0,0,0,0,0,0,0,0,0,0,0,-0.352200793387191,0,0,0,0,1.11707952013627,-1.22186977100634,-0.228079194207482,-1.42811926609498,0,0,0,0,0,0,0,0,0.922558183896784,0,0,0.270490183171304,-0.15309905980989,0,1.11230877457717,0,0,0.130135795476425,0.290849570363211,0,0,0,5.6280704247575,0,0,0,0,0,0,0,0,0,0,0,0,0,0,0.743695179229322,0,0,0,0,0,0,0,0,0,0,0,0,0,0,0,0,0,0.0950543347141952,0,0,0,0,0,0,0,0.146614937506551,0,0,0,0,0,0.920596007870256,0,0,0,0,-0.267825571568167,0,0
9.34632174205244,0,0,0,-0.204365639955576,0,0,0,0,0,0,0,0,0,0,0,0,0,0,0,0,0,0,0,0,0,0,0,0,0,0,0,0,0,0,0,0,0,0,0,0,0,0,0,0,0,0,0,0,0,0,-0.33489614569324,0,0,0,0,0,0,0,0,0,0,0,0,0,0,0,0,0,0,0,0,0,0,0,0,0,0,0,0,0,0,0,0,-0.809569636276104,-1.41222408407756,0,0,0,0,0,0.555311727458128,0,0,0.193866905080341,0,0,0,0,0,0,0,0,0,0,0,0,0,0,0,0,0.0761596594919292,0,0,0,0,0,0,0,0,0.603475574732317,0,0,0,0,0,0,0,0,0,0,-0.166751168257029,0,0,0,0,0,0,0.315218836587766,-0.265278271696516,-0.526500376963449,0,0,0,0,0,0,0.618655844202767,0,0,0,0,0,0,0,0,0,0,0,0,0,0,0,0,0,0,0,0,0,0,0,0,0,0,0,0,0,0,0,0.0464127583473573,0,0,0,0,0,0,0,0,0,0,0,0,0,0,0,0,0,0,0,0
10.6424681114792,0,0,0,0,0.237208483885739,0,0,0,0,0,0,0,0,0,0,0,0,0,0,0,0,0,0,0,0,0,0,0,0,0,0,0,0,0,0,0,0,0,0,0,0,0,0,0,0,0,0,0,0,0,-2.13518561959464,0,0,0,0,0,0,0,0,0,0,0,0,0,0,0,0,0,0,0,0,0,0,0,0,0,0,0,0,0,0,0,0,-0.727694493589027,-1.93377847477049,0,0,0,0,0,0,0,0,0.424991826039299,0,0,0,0,0,0,0,0,0,0,0,0,0,0,0,0,0.408315204066394,0,0,0,0,0,0,0,0.414443019406395,0,0,0,0,0,0,0,0,0,0,0,0,0,0,0,0,0,0,0,-0.833055093659679,0,0,0,0.191903076409309,0,0,0,0,0,0,0,0,0,0,0,0,0,0,-0.156622551176211,-0.22284855914168,-1.00490383301021,0,0,0,0,0,0,0,0,0,0,0,0,0,0,0,0,-0.0500459866512197,0,0.0269601851699575,0,0,0,0,0,0,0,0,0,0,0,0,0.1992247509554,0,0,0,0,-0.557096404398272,0,0
0,0,0,0,0,0,0,0,0,0,0,0,0,0,0,0,0,0,0,0,0,0.20443333912075,0,0,0,0,0,0,0,0,0,0,0,0.776698850606939,0,0,0,0,0,0,0,0,0,0,0,0.0930182713641956,0,0,0,0,0,0,0,-0.241437446509538,0,0,0,-0.548783754857061,-0.122642199337705,0,0,0,0,0,0,0.0232195984616153,0,0,0.0760958534300533,0,0,0,0,0,0,0,0,0,0,0,0,0,0.669901476700727,0,0,0.266453769348914,0,0,0,0,0,0,0,0,0,0,0,0,0,0,0,0,0,0,0,0,0,0,0,0,0,0,0,0,0,0,0,0,0,0,0.630967378969534,0,0,0,0,0,0,0,0,0,0,0,0,0,0,0,0,0,0,0,0,0,0,0,0,0,0,-0.345631429624689,0,0,0,0,0,0,0,0,0,0,0,-0.619478620423214,0,0,0,0,0,-7.75984390821489,0,0,0,0,0,0,0,0,0,0.0499173966094646,0,0,0,0,0,0,0,0,0,0.0915752573439181,0,-0.210495987333569,0,0,0.163117547806416,0,0,0,0,0,0,0,0,0
0,0,0,0,0,0,0,0,0,0,0,0,0,0,0,0,0,-0.283778206081542,0,0,0,0,0,0,-0.0216778507600361,0,0,0,0,0,0,0,0,0,0,0,0,0,0,0,0,0,0,0,0,0,0,0,0,0,0,-0.341606997334215,0,-0.33169527616191,0,0,0,0,0,0,0,0,0,0,0,0,0.109937311991273,0,0,0,0,0,0,0,0,0,0,0,0.744023608871779,0,0,0,0,0,0,0,0.253622437891836,0,0,0,0,0,0,0,0,0,0,0,0,0.27948401069607,0,0,0,-0.535120386839692,0,0,0,0,-0.0827447974415938,0,0,0,0,0,0,0,0,0,0,0,-0.233847716915017,0,0,0,0,0,0.00645535486657334,0,0,0,0,0,-0.538677616677243,0,0,0,0,0,0,0,0,0,0,0,0,0,0,0,0,0,-0.28996665578766,0,0,0,0,0,0,0,-0.121181063893031,0,0.805424988649351,0,0,0,0,-2.3329485402199,0,0,0.493723061494167,0,0,0,0,0,0,0,0,0,0,0,0,0,0,0,0,0,0,0,0,0,-0.305678453978532,0,-0.342542060091307,0,0.603309577992121,0,0,0,0,0
0,0.108459377005607,0,0,-0.186195270528573,-1.29045392573877,0,0,0.516691972195013,0,0,0,0,0,-0.284920341046941,0,0,0,0,0,0,0,0,0,0,0,0,-1.77953917412381,0,0,0,0,0,0,0,0,0,0,0,0,0,0.127674845915852,0,0,0,0.662688528839457,0,-0.0342103702402368,0,0,0,0,0,1.82408582150747,0.0241544448475495,0,0,0,0,0,0.627052645427783,0,0,0,-0.541323451164471,-0.27690853053,0,0.226864613697342,0,0,0,0,0,0,0,0,0,0,0,0,0,0,-0.0557386575572494,0.35593799806049,0.977765892415224,0.800276095315333,0,0,0.399467404206872,0,0.948379926887484,1.43897589776064,0,0,0,0,0,0,0,0,0,-0.783199044500861,0,0,0,0,0,0,0,0,0,0,0,0,0,-3.76970339610337,0,0.000641843159685074,0,0,0,0,0,0,0,0,0,0,0,-0.835498159793822,0,0,-0.503291761378941,0,0,0,0,0,0,0,0,0,0,0,0,0,0,0.0871698390167068,0,0,0,1.50119062280869,0.537042192319749,0,0,0,0,0,0,0,0,0,0,0,0,0,0,0,0,0.0811418371139343,0,0,0,0,0,0,0,0,0,0,-0.137119200077796,0,0,1.12281411257345,0.54012868092095,0,0,0,0,0,0,0,0,0,-0.640174524147573,0,-0.0905591788163691,0,0,0
0,2.12859450504027,0,0.755399673531991,0,-2.47756389744863,-1.99643934083852,0,0,0,0,0,0.674028661001624,0,-0.36096264405975,0,1.80868191673948,0,0,0,0,0,0,-0.334207396379677,0,0,0,-2.30059367219616,0,0,0,0,0,0,0,0,0,0,0,0,0,3.450354795135,-0.17700626131281,0,0,0,0,0,0.0651230938531631,0.292006732230309,0,0,0,4.53600509389879,2.02137191989114,0.308042270003551,0,0,-0.160903738567211,0.106302647887885,0.727397874621863,0,0,0.612459412177469,-1.71884313437911,0,0,0.338619474810853,0,0,0.3284077815857,0,0,0,0,-0.428317335517781,0,0,0,0.318017621886138,0,0,-0.263654653853479,0.264929624992837,0.307313454919971,2.7317629778992,0,0,1.50208869900841,0,3.09405570206336,0,0,0,0,0,0,0,0,0,-1.70832276437386,0,0,0.285003249576151,0,-1.90866408056617,-0.889425689515881,0,0.630785348286982,0,-0.00181839495367209,-3.82962790324896,-0.49910905187356,0.525296451847991,0,-5.37702769135317,0,0,-0.557589711897097,-1.96995200513664,0,0.0140691828210047,0,0,0,-0.0430034241445094,0,0,-1.01638182408974,-0.553173374207925,0,0,-0.530312505639362,0,0,0,0,0.319776992186098,0,0,0,-1.04129470693675,1.1370954162972,0.0846240550063113,-0.144931904517016,0,0,2.2282359314635,-1.28925610748225,0,-0.202961948708118,5.73284205770127,2.93082956127313,0,0,0,0,0,0,0,0,0,0,0.108229313120743,0,0,0,0,0,1.26887551596383,0,0,-0.775494981237811,0,0,0.115296199367701,-0.795662487796392,2.43784059859643,-0.184462236088248,0,-0.757482128561046,0.455233650318003,0,3.00597029675394,0,0,-1.52950542848806,0,0,-0.619781575121277,0,-0.510055620669874,0,-1.3107201986226,-0.188620585447375,0,-1.79870817561317,0,0,0
0,0.13542254455145,0,0,0,-1.47505982693569,-1.640473292405,0,0,0,0,0,0,0,-0.225564829390138,0,0.991165854809041,0.773228498122747,0,0,0,0,0,-0.117586049128501,0.301233956662013,0,0,-1.24343710325456,0,0,0,0,0,0,0,0,0,0.692424201904862,0,0,0,3.07587108681823,0,0,0,0,0,0,0,0,0,0,0,3.06578949167554,0.687217893076374,0,0,0,0,0,0.339991001915109,0,0,0.0215854203110983,0,0,0,0,0,0,0.325476361161602,0,0,0,0.506411078135082,0,0,-0.314516843631866,0,0.627163940217268,0.465101908327451,0,0,0,0,1.59442902318478,0,0.237028003507307,0,0,2.41883821587439,0,0,0,0.19222619023329,0,0,-0.124711584754554,0,0,0,0,0,0,0,-0.913439423954749,0,0,0,0,0,-0.874945723236989,0,0,0,-0.701541987436431,0,0,0,0,0,0,0,0,0,0,0,0,0,0,0,0.150365348498174,0,0,-0.0279991728224922,-0.175133462459267,0,0,0,0,0,-0.427755233665817,0,0.428013236704545,0,1.15341842000757,0,1.02243567808952,0,0,0,3.0123888050087,0,0,0,0,0.00560120449266077,0.0812722606374221,0,0,0,0,-0.609487755840295,0,0,0,0,0.0685748987103127,0,0,0,0,0,0,0,0,0,1.14124351461191,-0.235835874587822,0,0,0,0,0.610984491773502,0,0,-0.637752170651237,0,0,0,0,0,0,0,-0.284991491306055,0,0,0,0,0
0,0,-0.699514835269329,0,0,0,0,0,0.0728814803246891,0,0,0,0,0,0,0,0,0,0,0,0,0,0,0,0,-0.553546093824563,0,0,0,0,-0.785687442678457,0,0,0,0,0,0,0,0,0,0,0,0,-1.43465016169341,0,0,0,0,0,0,0,0,0,1.04871943097233,0,0,0,0.386856398485781,0,0,0,0,0,0,0,0,0,0,0,0,0,0,0,0,0,0,0,0,0,0.0993163351047115,0,0,0,0,0,0,0,-0.268136376744813,0,0,0,0,0,0,0,0,0,0,0,0,0,0,0.227538835715802,0,0,0,0,0,0,0,0,0,0,0,0,0,0,0,0,0,0,0,0,0,0,0,-0.475756015410185,0,0,0,0,0,0,0,0,0,0,0.2534817431601,0,0,0,0,0,0,0,0,0,0,0,0,0,0,0,0,0,0,0,0,0,0,0.0659648999049294,0,0,0,0,0,0,0.249687800107655,0,0,0,0,0,0,0,0,0,0,0,0,0,0,0,0,0,0,0,0,0,0,0,0,0,0,0,0,0,0,0,0
0,0,0,0,0,0,0,0,0,0,0.474696260450346,0,0,-0.646422193292452,0,0,0.504752432901861,0,0,0,0,0,0,0,0.0694965133316587,0,0,-1.04330862336855,0,0,0,0,0,0,0,0,0.558759378957414,0,0,0,-0.147394213559479,0,0,0,1.67346901116381,0,0.228672164050698,0,0,0,0,0,0,0.646386173713443,0,0,0,0,0,-0.00312321934593518,-0.670793335112429,0,0,0.200700778338782,-0.484649403119678,0,0,0,0,0,0,0,0,0,0,0,0,0,0,0,0,-0.434735614062761,-0.193109068122145,0,-1.35438596934786,0,0,1.38813300204873,0,-0.271214461231381,0.806982146703337,0,-0.428433556031026,0.0243886974958034,0,0,0,0,0,0,-1.16636667352337,0,0,1.42606471333547,0.324681838958221,0,0,0,0,0,0,0,0,0,0,0,0,0,0,0,0,2.3683451155881,0,0,0,0,-0.504171032998194,0,0,0,0,0,0,0,0,0,0.724929168479484,0,0,0,0,0,0.500971054165658,0,0.155416364196394,0,0,0,0,0.64337260642921,0,0.240529979428062,0,0,-0.755153941604767,0,0,0,-0.508978894285591,2.30011503137631,0,0,4.30886509025832,0,0,0,0,0,0.114374533754038,0,0,0,0.081244545741525,1.43798819173046,0,0,-0.114883624760156,0,0,0,0,0,-1.26644944345359,0,0.916285535555728,0,0,1.0325420992569,0,0,0,0,0,0,0,0,0,0,1.25572411198833,-0.789675799551188
0,0,0,0,0,0,0,0,0,0,0,0,0,0,0,0,0,0,0,0,0,0,0,0,0,0,0,0,0,0,0,0,0,0,0,0,0,0,0,0,0,0,0,0,0,0,0,0,0,0,0,0,0,0,0,0,0,0,0,0.214693093586383,0,0,0,0,0,0,0,0,0,0,0,0,0,0,0,0,0,0,0,0,0,0,0,0,0,0,0,0,0,0,0,0,0,0,0,0,0,0,0,0,0,0,0,0,0,0,0,0,0,0,0,0,0,0,0,0,0,0,0,0,0,0,0,0,0,0,0,0,0,0,0,0,0,0,0,0,0,0,0,0,0,0,0,0,0,0,0,0,0,0,0,0,0,0,0,0,0,0,0,0,0,0,0,0,0,0,0,0,0,0,0,0,0,0,0,0,0,0,0,0,0,0,0,0,0,0,0,0,0,0,0,0,0,0,0,0,0,0,0,0
0,0,0,0,0,0,0,0,0,0,0,0,0,0,0,0,0,0,0,0,0,0,0,0,0,0,0,0,0,0,0,0,0,0,0,0,0,0,0,0,0,0,0,0,0,0,0,0,0,0,0,0,0,0,0,0,0,0,0,0,0,0,0,0,0,0,0,0,0,0,0,0,0,0,0,0,0,0,0,0,0,0,0,0,0,0,0,0,0,0,0,0,0,0,0,0,0,0,0,0,0,0,0,0,0,0,0,0,0,0,0,0,0,0,0,0,0,0,0,0,0,0,0,0,0,0,0,0,0,0,0,0,0,0,0,0,0,0,0,0,0,0,0,0,0,0,0,0,0,0,0,0,0,0,0,0,0,0,0,0,0,0,0,0,0,0,0,0,0,0,0,0,0,0,0,0,0,0,0,0,0,0,0,0,0,0,0,-0.0796807376015427,0,0,0,0,0,0,0,0,0,0,0,0
0,0,0,0,0,0,0,0,0,0,0,0,0,0,0,0,0,0,0,0,0,0,0,0,0,0,0,0,0,0,0,0,0,0,0,0,0,0,0,0,0,0,0,0,0,0,0,0,0,0,0,0,0,0,0,0,0,0,0,0,0,0,0,0,0,0,0,0,0,0,0,0,0,0,0,0,0,0,-0.147501127849919,0,0,0,0,0,0,0,0,0,0,0,0,0,0,0,0,0,0,0,0,0,0,0,0,0,0,0,0,0,0,0,0,0,0,0,0,0,0,0,0,0,0,0,0,0,0,0,0,0,0,0,0,0,0,0,0,0,0,0,0,0,0,0,0,0,0,0,0,0,0,0,0,0,0,0,0,0,0,0,0,0,0,0,0,0,0,0,0,0,0,0,0,0,0,0,0,0.121106126651438,0,0,0,0,0,0,0,0,0,0,0,0.0132999475336129,0,0,0,0,0,0,0,0,0,0,0,0
0,0,0,0,-0.955646012368504,0,0.154048595936659,0,0.345706290995086,0,0,0,0,0,0,0,0,0,-1.27563901009306,0,0,0,0,0,-0.691973791995265,0,0,0,0,0,0,0,0,0,0,0,0,0,0,0,0,0,0,0,0,0,0,0,0,0,0,0.432728661546489,0,0,0,0,0,0,0,0,0,0,0,0,0,0,0,0,0,0,0,0,0,-0.232255834546597,0,0,0,0,0,0,0,0,0.64512807132876,0,-0.646237373343486,0,0,0,0,0,0,0,0,0,0,0,0,0,0,0,0,0,0.565151508279228,-0.125096280086184,0,0,0,0,1.72949355512325,0,0,0,-0.0165567717056587,0,0,0,0,0,0,0.160551467202948,0,0,1.10732774525104,0,0,0,0,0,-0.642092087640969,0,0,0,0.300463269124446,0,0.151016034312447,-0.10720353727827,1.43868694659562,0,0,0,0,-0.256965237878922,0,-0.194964501737074,0,0,0,-0.0342985687769788,0,0,0,0,0,0,0,0,0,0,0,0,-0.0621389192550033,0,0,0,0,0,-0.193796213689013,0,0,-0.0778767569168139,0,0,0,-0.134152664239643,0.213204877758181,0,0,0,0,0,0,0,0,1.60586197563241,0,0,0.105046387777687,0,0,0,0,0,0,-0.362954364801935,0,0,0,0,0,0.0591873348807148
0,0,0,0,0,0,0,0,0.386619747681577,0.696326627916585,0,0,0,0,0,0,0,0,0,0,0,0,0,0,0,0,0,0,0,0,0,0,0,0,0,0,0,0,0,0,0.677472564320759,0,0.103609838663426,0,0,0,0,0,0,-0.512989402964644,0,0,0,-0.280995758838888,0,0,0,1.52330830392789,-0.079187793256837,0,0,0,0,0,0.154378057299601,0,-0.187890675921895,0,0.0129787535684087,0,0,0,0,0,0,0.183362250092791,0,0,1.20823897786018,0,0,0,-0.162422060039247,0,0,0,0,-0.0249488999395966,-0.81838904243219,0,0,0,0,0,1.05799189352803,0,-0.0277536129996736,0.0758841585535561,0,0,0,0,0,0.443684879503323,0,1.13768877031321,0,0,0,0,0,0,0,0,0,0,0,0,0,0,0,0.720959728017908,0.240594718160051,0,0,0,-0.639313677055128,0,-0.121234979462254,0,-0.563928187800828,0,0.123378244918812,0,0,-0.993127208699955,0,0,0,0,0,0,0,0.646628953345691,0,0,0,-1.12189450961397,0,0,0,0,0,0.568599040679051,0,0.744662051328687,0,0.0110510706725631,0,0,0,0,-0.0032044254476411,0,-0.272112821787815,0,-0.78853628299259,0,0.611934541935761,0,0,0,0,0,0,-0.330495914212572,0,0,0,0.342211035805468,0,0,0,0,0,0,0,0.828960031836305,0,0,0.62785992366585,0,-0.976414044647874,0,0,0,0,0,0,0
0,0,0,0,-0.316327244033165,0,0,0,1.15323317804856,0.218289773106147,0,0,0,0,0,0,0,0,0,-0.0034238031066165,0,0,0,0,0,0,0,-0.556985458543648,0,0,0,0,0,0,0,-0.00436215641591553,0,-0.616079227322196,0,0,0.285296294784994,0,0,0,0,-0.521334009222756,0,0,0,-0.793597982761342,0,0,0,0,0,-0.158631066836245,0,1.38907979308759,0,0,0,0,0.659185960588961,0,0.0112339752741346,-1.831782365955,-0.354477077774625,0,0,0,0,0,0,0,0,0,0,0,0.680098082301354,-1.23887890998797,0,0,-0.0577586118695275,0,0,-1.28581004404035,0,0,-1.15170982193009,0,0,0,0,0,0.252651226494573,0,0,0.711981778220061,0,0,0,0,0,0,0,2.57768140038034,0,0.908823921013822,0,0,0.0214841376402495,0,0,0,0,0,0,0,0,0,0,0.958544806844048,0.151841734920416,0,0,0,-0.878588204690858,0,0,0,-1.80593549143304,0,0,0,0,-1.90564497711701,1.43786211370817,0,0,0,0,0,0,0.0304612708094039,0,0,0,-1.36202057186017,0,0,0,0,0,1.33265921771237,0,-0.0306519853818852,0,0,0,-0.443597855503699,0.753477578038904,0,-0.348180558448679,0,-1.28240777812324,0,-1.29989532424407,0,0,0,0,0,0,0,0,0,0,0,0,1.57193064375702,0,0,0,0.157873796524179,-0.151446235736978,0,0,0,0,0,0.0859760066952646,0,-0.132914565586895,-0.330913544307141,0,0,0,0,0,0
0,0,0,0,-0.14539658143166,0,0,0,0.0208156787427858,0,0,0,0,0.300817323586063,0,0,0,0,0,0,0,0,0,0,0,0,0,0,0,0,0,0,0,0.214619382785313,0,0,0,-0.645674466623157,-0.41692985309757,0,0,-0.871410887863355,0,0,0,0,0,0,0,0,0,0,0.052584650022258,-0.79402701629846,0,-0.576727950457013,-1.60066776631019,0.833146618221474,0,0,0,0,0,0,0.0524922072068861,0.949309911222577,0,0,0,0,0,0,0,0,0,0,0,0,0,0.712960518840855,0.452206926752884,0,0,0,0,0.574828321135792,0,0,-2.59004404662967,-0.137776350647903,0,0,0,0,0,-1.42203930125841,0,0,0,0,0,0,0,0,0,0,0,0,0,0,0,0,0,0,0,0,0,0.0041409936047605,0,0,0,0.0678120901368147,3.6803277646653,0,0,0,0,0,0,0,0,0,-0.26643991095393,0,0,0.14372059088265,0,0,0,0,0,0,0,0,0,0,0,0,0,0,0,0,0,-1.24610919074756,1.73911168602511,0.399365611886567,0,0,0.42055919755771,0,0.295328997020247,-2.04030470850874,0,0,0,0,0,-0.753693183644286,0,0,0,0,0,0,0,0,0,0,0.545404875663022,0,0,0,0,0,1.08727047899028,0,0,0,0,0,-1.58972743110973,0,0.727392074413238,0,0,0,0,0,0,0
0,0,0,0,-0.536350228797864,0,0,0,0,0,0,0,0,0,-0.814461394739791,0.129497226601019,0,0,1.61350980644643,0,0,0,0,0,0,0,0,-0.585096809611673,0,0,0,0,-0.0996079557753025,0,0,0,0,0,-0.601158925038771,0.463263305008925,0,0,0,-0.782574438914424,1.4937690627184,0.276826740737913,0,0,0.174402865275405,0,0,0,0,-2.88505180763966,0,0,0,1.80405835542257,0,0,-0.653146564935897,-0.925488568715865,0,0,0.561708235930985,0.710638237610958,0,0.548415547596212,0,0,0,-0.0013483427451868,0,0,0,0,0,0,0,0,0,0,0,-1.11001479123547,0,0,0,0,-1.75988693754371,0,0,0,0.531826561206423,0.601908968931322,0,-0.328301371194208,0,-0.963746839773078,-0.0274215713423176,0.359139110236675,-0.569480695105862,0,0,0,0,0,0,0,0,0,0,0,0,0,1.88940841410546,0,0,0,0,0,-1.26310316358619,0,4.90252719903194,0,0,0,-0.517504062967739,-0.143881126568252,0,0,-1.98361531162632,-0.891555185334061,-1.70310722153202,0,0,0.226141074046455,0,0,0,0,0,0,0,0,0,1.99281537769628,0,0.659859811109853,-0.375758843978521,0,0,0,0,-2.59004533377507,0.629930543724234,0,0,0,0,0,0,-1.74841106212406,0,0,0,1.0244654597322,0,0,0,0,0,0,0.150878425452271,-2.36418556342114,0,-0.283429857629735,0,0,0.806564459209881,0,0.327873688996572,-0.394712608603458,0,0,0,0,-0.0862397169541489,-0.0735110392877749,0,0,-1.20725357234427,0,0,0.569489608114837,-0.775106933273454,0,0,0,-0.209898365414436,0.815152835877188
0,0,-1.66118153554309,0,-0.0849584672640757,0,0,0,0,-0.644427672763641,-0.675079183934168,0,0,0,0,0,0,0.276899820622584,0,0.0192303866124508,0,0,0,0,-0.463853541021345,0.477975058209047,-0.493526511311597,0,0.0167741591791795,0.134195522166051,-0.78709020740805,0.388177771809302,0,0,0,0,0,0,-0.232671147008168,0,0,0,0,0,0,0,0,0,0,0,0,0.679704186597812,0,0,0,0.32757354220853,-0.0922980934145472,0,0,0,0,-0.323726868468334,0,0,0,0,0,0,0,0,0.198389359295793,0,-0.285480167138973,0.14205279355237,0.260451686134848,0,0,0.405764702895275,-0.129465519573373,0,0,0,0,-0.503043959550549,0,0.122462964582818,0,-0.393537929616499,0,0.276552801530664,0,0,0.0710729078255441,0,0,0,0,0,0,0,1.2677579450209,0,0,0,0,0,0,0,0,0.233776368258186,0,0,0,0,0,0,0,0,-4.35045085973284,0,0,0,1.9283674224332,0,0,0,0,0,0,0,0,0,0,0,0,0,0,0,0,0,0,0,0,0,0,0,0,-0.631511555419751,-0.143550551456089,0,0,0,0,-2.4652986038505,-0.64009947416485,-0.0765414630196692,0,0,0,0,0.137344657931974,0,0,0,0,0.471228575600875,-0.681300670261449,0.351365998285607,0,0,0,0,0,0,0,-0.0286876946330938,0,-0.581630433080181,0,0,0,0,0,0,0,0,0,2.51439032078475,-0.473455073784397,0,-0.0163807410649224,0,0,0,0,0,0,0,0,-3.5417976693077
0,0,0,0,0,0.0863676409159493,0,0,0,0,0,0,0,0,0,1.05443767897828,0,1.38286773228339,0.287173142995572,0,0,0,0,0,0,0,0,-1.38691777264381,0,-0.379990614079555,0,0,0,0,0,0,0.209631211829298,0,-0.375268271311038,0,0,0.110080434942998,0,0,0,0,0,0,0,0,0,0,-0.438186707503688,-0.658152326977663,0,0,0,0,0,0,0,0,0,0,0.465480102582954,-0.378458935258449,0,0,0.341298929579674,0,0,0,0,0,0,0,0,0,0,0,0,0,0,0,0,-0.641936732620507,0,0,-0.445727334522261,-0.0947715758200134,0,0,0.197602741927484,0,-0.566744495338596,0.00405141366706019,0,0,0,0,0,0,0,0,0,-3.36431453867455,0,0,0,1.32424464866789,0,0,0,0,0,-0.95981451767819,0,0,7.46144507613206,-0.285005678386462,0.711718999732047,0,0.655190811631338,0,0,0,0,0,-0.195479375935334,0,0,0,0,0,0.290578875471665,0,0,0,0,0,0,0,0,0,0,0,0,0,0,0,0,0,-0.243892503967847,-2.0969939801063,0,0.634112785695799,0,0,0,1.2473166995872,0,-1.00432020624645,0,0,0,0,0,0,0,0,0.776823372435003,0,0.657993675046607,0,0,1.18113039173978,0,0,0,0,0.802029248034272,0,0,0,0,-0.239898558198558,0,0,0,0,0,0,0,0,0,0,0,-1.4747135518577,-0.0715363153444453,0.371086241379773
0,0.0967921303789991,0.287981194696158,0,0,0,0,-0.499500116380694,0.981888352275344,0,0.0552071799425853,0,0,0,0,0,0,0,0,0,-0.0234596120829904,0,0.639795104986073,0,0,-6.14693366867153,0,0,0,0,0,0,0,0,0,0,0,-1.54241724778044,0,-0.349118384329213,0,0,0,0,0,-1.11695575807548,0,0,0.257740850558889,0.00339294380260768,-0.968313633724425,0,0,0,0,0,0,0,0,0,0,0,1.75742103059378,0,0,0,0,0.00987008839100301,0,0,0.813838158129231,0,0,0,0,0,0,0,1.11717703891738,0.0789429022983104,0,0.73331838973329,0,0,-0.390733194741123,0.374075936542116,0,-1.3826979006117,0.333834488963525,-1.57689309400047,0,0,0,0,-0.567427595806391,0,0,0,0,0,0,0,0,0,0,0,0,0,0,-1.12242868133572,0,0,-0.205365511409589,0,0,0,0,0,0,0,0,0,0,0,0,0,0,-0.110156783209261,0,0,0,0,0,0,0,0,0,0,0,0,0,0.495435854346856,0,0,0,0,0,0.863463926990653,0,0,0,0,-0.370875688018112,-0.190432624733367,0,0,0.12405085208666,0,0,0,0,0.367828522416961,0,0,0,0,0,0.682356827983676,0,0,0,0,0,0,0,0,0,0,0.439043924419827,0,0,0,0,0,0,0,-0.0414224599231825,0,0,0,0,0,0,0,0,0,0,0,-0.250627418362257,1.09813572265841
0,0,0,0,-0.961403397181854,0,0,0,0,0,0,0,0,0,0,0,0,-0.0470599650526999,0,0,0,-0.243869528964474,0,0,0,0,0,0,0,0,0,0,0,0,0,1.08089546903293,0,1.04184756599526,0,0,0,0,0,0,0,0,0,0,0,0,0,0,0,0,0,0,0,0.694852896546925,0,0,-0.109242667011565,0,0,0,0,0.569258712016499,0,0,0,0,0,0,0,0,0,-0.210822287593212,0,0,0,0.0463397042680525,0,0,0.181873908158271,-0.0162703326220737,-0.00388434270179761,0,0,0,0,0,0,-0.489706662663469,0,0,-0.147187756789018,0,0,0,0,0,0,0,0,0,0,-0.316860502290763,-0.551052962503249,0,0,0,0,0.681391571579035,0,0,0,0.00912361171867615,0,0,0,0,0,0.280236173666758,0,0,0,0,0,0,0,0,0,0,0,0,0,0,0,0,0,0,0,0,0,0,0,0,0,0,0,0,0,0,0,0,0,0,0,0,0,0,-1.50924008320014,0,0.336303136011227,0,0,0,-2.45640260051118,0,0,0,0,-0.547002465810998,0,0,0,0,0,0.51948923491081,0,0,0,0,0,0,0,1.07189147932484,0,0,0,0,-2.05432901877959,0,0,0,0,0,0,0,0,0
0,0,0,0,0,0.0852551092297253,0,0,-0.51581756016741,0,0,0,0,0,0,0,0,0,0,0,0,0,0,0,0,0,0,0.163733491871675,0,0,0,0,0,0,0,0.1125117750935,0,0,0,0,0,0,0,0,0.179931228821093,0,0,0,0,0,0,0,0,0,0,0,0,0,0,0,0,0,0,0,0,1.72199904048271,0,0,0,0,0,0,0,0,0,0,0,0.197726799939856,0,0,0,0,0,0,0,0,0,0,0,0,0,0,0,0,0,0,0,0,0,0,0,0,0,0,0,0,0,0,0,0,0,0,0,0,0,0,0,0.370779010155517,0,0,0,0,0,0,0,0,0,0,0,0,-0.563733101547967,0,0,0,0,0,0,0,0,0,0.778591576646812,0,0,0,0,0,0,0,0,0,0,0,0,0,0,0,0,0,0,-0.202409815952515,-2.44152957735184,0,0,0,0,0,-2.0795213308024,0,0,0,0,0,0,0,0,0,0,0,0,0,0,0,0,0,0,0,0,0,0,0,0,0,0,0,0.645028565136486,-0.327616487123233,0,0,0,0
0,0,0,0,0,0.0321571986329527,0,0,0,0,0,0,0,0,0,0,0,0,0,0,0,0,0,0,0,0,0,0,0,0,0,0,0,0,0,0,0,0,0,0,0,0,0,0,0,0,0,0,0,0,0,0,0,0,0,0,0,0,0,0,0,0,0,0,0,0,0,0,0,0,0,0,0,0,0,0,0,0,-0.153768531060994,0,0,0,0,0,0,0,0,0,0,0,0,0,0,0,0,0,0,0,0,0,0,0,0,0,0,0,0,0,0,0,0,0,0,0,0,0,0,0,0,0,0,0,0,0,0,0,0,0,0,0,0,0,0,0,0,0,0,0,0,0,0,0,0,-1.03364825667329,0,0,0,0,0,0,0,0,0,0,0,0,0,0,0,0,0,0,0,0,0,0,0,0,0,0,0,0,0,0,0,0,0,0,0,0.103256330759902,0,0,0,0,0,0,0,0,0,0,0,0,0,0,0,0,0,0,0,0
-0.121549129339253,0,0,0,0,0,0,0,0,0,0,0,0,0,0,0,0,0,0,0.0481259552590407,0,0,0,0,0,0,0,0,0,0,0,0,0,0,0,0,0,0,0,0,0,0,0,0,0,0,0,0,0,0,0,0,-0.114495474882718,0,0,0,0,0,0,0,0,0,0,0,0,0,0,0,0,0,0,0,0,0,0,0,0,0,0,-0.091252089065047,-0.107632203416798,0,0,0,0,0,0,0,0,0,0,0,0,0,0,0,0,0,0,0,0,0,0,0,0,0,0,0,0,0,0,0,0,0,0,0,0,0,0,0,0,0,0,0,0,0,0,0,0,0,0,0,-0.135597898832394,0,0,0,0,0,0,0,0,0,0,0,0,0,0,0,0,0,0,0,0,0,0.498087213195272,0,0,0,0,0,0,0,0,0,0,0,0.123402881482928,0,0,0,0,0,0,0,0,0,0,0,0,0,0,0,0,0,0,0,0,0,0,0,0,0,0,0,0,0,0,0,0,0
0,0,0,0,0,0,0,0,0,0,0,0,0,0,0,0,0,0,0,0,0,0,0,0,0,0,0,0,0,0,0,0,0,0,0,0,0,0,0,0,0,0,0,0,0,0,0,0,0,0,0,0,0,0,0,0,0,0,0,0,0,0,0,0,0,0,0,0,0,0,0,0,0,0,0,0,0,0,0,0,-0.331618132344338,0,0,0,0,0,0,0,0,0,0,0,0,0,0,0,0,0,0,0,0,0,0,0,0,0,0,0,0,0,0,0,0,-0.592868915579093,0,0,0,0,0,0,0,0,0,0,0,0,0,0,0,0,0,0,0,0,0,0,0,0,0,0,0,0,0,0,0,0,0,-0.0304438962943852,0,0,0,0,0,0,0,0,0,0,0,0,0,0,0,0,0,0,0.0367310569347783,0,0,0,0,0,0,0,0,0,0,0,0,0,0,0,0,0,0,0,0,0.0777431034784819,0,0,0,0,-1.56534014920379,0,0,0,0,0,0,0
0,0,0,0,0,0,0,0,0,0,0,0,0,0,0,0,0,0,0,0,0,0,0,0,0,0,0,0,0,0,0,0,0,0,0,0,0,0,0,0,0,-0.0218278337229507,0,0,0,0,0,0,0,0,0,0,0,0,0,0,0,0,0,0,0,0,0,0,0,0,0,0,0,0,0,0,0,0,-0.126951168116179,0,0,0,-0.293521118428901,0,0,0,0,0,0,0,0,0,0,0,0,0,0,0,0.236624581907124,0,0,0,0,0,0,0,0,0,0,0,0,0,0,0,0,0,0,0,0,0,0,0,0,0,0,0,0,0,0,0,0,0,0,0,0,0,0,0,0,0,0,0,0,0.227641516434272,0,0,0,0,0,0,0,0,0,0,0,0,0,0,0,0,0,0,0,0,0,0,0,0,0,0,0,-0.147560611789755,0,0,0,0,0,0,0,0,0,0,0,0,0,0,0,0,0,0,0,0,0,0,0,0,0,0,0,0,0,0,0,0
0,0,0,0,0,0,0,0,0,0,0,0,0,0,0,0,0,0,0,0,0,0,0,0,0,0,0,0,0,0,0,0,0,0,0,0,0,0,0,0,0,0,0,0,0,0,0,0,0,0,0,0,0,0,0,0,0,0,0,0,0,0,0,0,0,0,0,0,0,0,0,0,0,0,0,0,0,0,0,0,0.417733594294815,0,0,0,0,0,0,0,0,0,0,0,0,0,0,0,0,0,0,0,0,-0.15494302314476,0,0,0,0,0,0,0,0,0,0,0,0,0,0,0,0,0,0,0.445190908074261,0,0,0,0,0,0,0,0,0,0,0,0,0,0,0,0,0,0,0,0,0,0,0,0,0,0,0,0,0,0,0,0,0,0,0,0,0,0,0,0,0,0,0,0,0,0,0,0,0,0,0,0,0,0,0,0,0,0,0,0,0,0,0,0,0,0,0,0,0,0,0,0,0,-0.544193751467678,0,0,0,0,0
0,0,0,0,0,0,0,0,0,0,0,0,0,0,0,0,0,0,0,0,0,0,0,0,0,0,0,-0.123291976656795,0,0,0,0,0,0,0,0,0,0,0,0,0,0,0,0,0,0,0,0,0,0,0,0,0,0,0,0,0,0,0,0,0,0,0,0,0,0,0,0,0,0,0,0,0,0,0,0,0,-0.13315821215239,-0.319772285960848,0,0,0,0,0,0,0,0,0,0,0,0,0,0,0,0,0,0,0,0,0,0,0,0,0.417627249442169,0,0,-1.28527819130925,0,0,0,0,0,0,0,0,0,0,0,0,0,0,0,0,0,0,0,0,0,0,0,0,0,0,0,0,0,0,0,0,0,0,0,0,0,0,0,0,0,0,0,0,0,0,0,0,0,0,0,0,0,-0.288370485886211,0,0,0,0,0,0,0,0,0,0,0,0,0,0,0,0,0,0,0,0,0,0,0,0,0,0,0,0,0,0,0,0,0,0,0,0,0,0,0
0,0,3.06013303989269,0,0,0,0,0,0,0,0,0,0,-0.0495684450470115,0.378765895555884,0,0,1.81626728211033,0,0,0,0,-0.129107874343639,0,0,0,0,0,0,0,0,0,0,0,0,0,0,-0.475194214553429,0,0,0,0,0,0.254077933911847,0,0,0,0,0,0,0,0,-0.12606551452381,0,0,0,0,0,0,0,0,0,0,0,0,0,1.30958693390852,-0.210683579977555,0,0,-0.723599639369723,-0.0456998024818265,0,-0.389529415933872,0,0,0,0,0,0,0,0,-1.38138407728405,-2.00892524310548,0,1.61335186521787,0,0,-0.541854719287217,0,0,-0.0450267121756918,0,0,0,0,0,0,0,-1.14518776926873,0,0,0,0,0,0,-0.829464742511317,0.829989377122312,-0.27470059942556,-0.385791875262821,0,0,0,-0.372039913147119,-0.414013481912824,0,0,0,0,-0.696105103862788,0.677504116663098,0,-0.0920890990405152,0,0,0,0,0,0,0,0,-1.07865579664078,-0.149693727357206,0,0,0,0.345539068488742,0,0,0,0,0,0,-3.65669122084886,0,0,0,0,0,1.38966255398391,0,0,0,0,0,0.573036042262544,0,0,0,0,0,0,0.538046096775264,0.182932223986515,0,0,0,0,0,0,-0.0464161378833838,0,0,0,0,0,0,0,0,0,0,0,0.285502210305038,0,0,0,0,0.315783862025235,0,0,0,0,0,-1.03870476097935,0.335030721029085,0,0,0,-0.484208735581403,0
0,0,0,0,0,0.124555702711336,0,0,0,0,0,0,0,0,0,0,0,0,0,0,0,0,0,0,0,0,0,0,0,0,0,0,0,0,0,0,0,0,0,0,0,0,3.54846129792134,0,0,0,0,0,0,0,0,0,0,0,0,0,0,-0.511570378977849,0,0,0,0,0,0,0,0,0,0,0,0,0,0,0,0,0,0,0,0,0,0,0,0,0,0,0,0.0825207800120538,0,0,0,0,0,0,0,0,0,0,0,0,0,0,0,0,0,0,0,0,0,0,0,0,0,0,0,0,0,0,0,0,0,0,0,0,0,0,0,0,-0.40320499442981,0,0,0,0,0,0,0,0,0,0,0,0,0,0,0,0,0,0,0,0,0,0,0,0,0,0,0,0,0,0,0,0,0,0,0,0,0,0,0,0,0,0,0,0,0,0,0,0,0,0,0,0,0,0,0,0,0,0,0,0,0,0,0,0,0,0,0,0,0.0879884869282508,0,0,0,0
0,0,0,0,0,0,0,0,0,0,0,0,0,0,0,0,0,0,0,0,0,0,0,0,0,0,0,0,0,0,0,0,0,0,0,0,0,0,0,0,0,0,3.33077510329534,0,0,0,0,0,0,0,0,0,0,0,0,0,0,-0.297544144104317,0,0,0,0,0,0,0,0,0,0,0,0,0,0,0,0,0,0,0,0,0,0.152589671250863,0,0,0,0,0,0,0,0,0,0,0,0,0,0,0,0,0,0,0,0,0,0,0,0,0,0,0,0,0,0,0,0,0,0,0,0,0,0,0,0,0,0,0,0,0,0,0,0,0,0,0,0,0,0,0,0,0,0,0,0,0,0,0,0,0,0,0,0,0,0,0,0,0,0,0,0,0,0,0,0,-0.00316443221721308,0,0,0,0,0,0,0,0,0,0,0,0,0,0,0,0,0,0,0,0,0,0,0,0,0,0,0,0,0,0,0,0,0,0,0,0,0,0,0
0,0,-0.639225207536124,0,0,0,0,0,0,0,0,0,0,0,0,0,0.124257381093808,0,0,0,0,0,0,0,0,0.11352166530318,0,0,0,0,0,0,0,0,0,0,0,0.387277218683415,0,0,0,0,0,0,0,0,0,0,0,0,0,0,0,-0.634617411290671,0,0,0,0,0,0,0,0,0,0,0,0,0,0,0,0,0,0,0,0,0,0,0,0,0,0,0,0,0,0,0,0,0,0,0,0,0,0.933765571631085,0,0,-0.201659735652049,0,0,0,0,0,0,-0.674159493061257,0,0,0,0,0.0660418928495519,0,0.382729278917825,0,0,0,0,0,0,-0.108115690836275,0,0,0,0,0,0,0,0,0,0,0,0,0,0,-2.02704021106513,0,0.129876431029803,0,0,0,0.315833389455322,0,0,0,0,0,0,0,0,0,0,0,0,0,0,0,0,0,0,0,0,0,-0.448294146431579,0,0,0,0,0,0,0,0.216281257328937,0,0,0,0,0,0,0,0,0,-0.140451422655803,0,0,0,0,0,0,0.639126533721674,0,0,0,0,0,-0.0258534931237346,0,0,0,0.654551558849105,0,0,0,0,0,0
0,0,0,0,0,0,0,0,0,0,0,0,0,0,0,0,0,0,0,0,0,0,0,0,0,0,0,0,0,0,0,0,0,0,0,0,0,0,0,0,0,0,0,0,0,0,0,0,0,0,0,0,0,0,0,0,0,0,0,0,0,0,0,0,0,0,0,0,0,0,0,0,0,0,0,0,0,0,0.896392571800046,-0.0670151266901478,0,0,0,0,0,0,0,0,0,0,0,0,0,0,0,0,0,0,0,0,0,0,0,0,0,0,0,0,0,0,0,0,0,0,0,0,0,0,0,0,0,0,0,0,0,0,0,0,0,0,0,0,0,0,0,0,0,0,0,0,0,0,0,1.15474082977364,0,0,0,0,0,-0.0483265691227879,0,0,0,0,0,0,0,0,0,0,0,0,0,0,0,0,0,0,0,0,0,0,0,0,0,0,0,0,0,0,0,0,0,0,0,0,0,0,0,0,0,0,0,0,0.126895631759095,0,0,0,0,0
0,-0.0139407882501257,0,0,0,0,1.07691687212528,0,0,0,0,0,0,0,0,0,0,0,0,0,-0.552136777487671,0,0,-0.96239829583403,-0.425956631676529,0,0.91823133728332,0.409354109340976,0,0,-0.307131176869553,0.421848574784881,0,0,0,0,0,-0.1865551748268,0,0.329569216892183,0,0,0,0,-0.219845774553406,0,0,0.737077708133159,0.0819612082471484,-1.38574030966553,0,0,0,0,0,0,0,0.104825106046637,0,0,0,0,0,0,0.865849465747916,0,0.575346008457796,0,-0.0218304370401363,0,-0.995159405130187,0,0,0,-0.279395855078375,0,0,0,0,0.103940712102266,0,0,0.0674409984198121,0,-0.273075694974403,0,0,-0.263472112807732,0,0,0,1.93141191474498,0,0.00817425580228215,0,0.00293216592256584,0,0,-0.588519924644123,0,-0.0260761458496395,0,0,-0.0986007238703153,0,0,0,0,0.0228551971783939,0,0,-0.584547560699345,0,0,0,0,0.0789889374886295,0,-0.127427351279646,0,0.0259659517933515,-1.18584260708404,0,0,0,0,0,0,0,0.963679996864164,0,0,1.01807021413391,-0.25404818414997,0,0,1.12420359235014,0,0,0,0,0,0,0,0,0,0,0,0.48502083867202,0,0,0,0,0,0,0,0.0614593168314042,0.901068889438523,0.545625122987792,-0.609643253333265,0,0,0,0,0,0,0,0,0,0,0,0,1.88315918805339,0,0,0,0,0,-0.0383878798217854,0,0,0,0,0,0,0,0,0,0,-2.52534833864268,0,0,-0.139534506235121,0,0,0,0,-1.98867814372884,0,0
0,0,0.00490402742441298,0,0,0,0,0,0,0,0,0,0,0,0,0.590924587765543,0,0,0,0,0,0,0,0,0,0,0,0,0,0,-2.18045444743927,0,0,0,0,0,0,1.03786341985512,0,0,0,1.94326336621746,0,-17.1435484190408,-0.595928657864624,0,-3.34399376189215,0,0,0,0,0,-4.15389044149002,-1.92565490950895,0,0,0,0,0,0,0,0,0,0,0,0.146147846522112,0,0,0,-6.01841427754512,0,0,0,0,0,-0.0738146427806703,0,0,0,0,0,0,-0.497290020320078,0,0,2.35574760113475,0,1.92821543472249,0,1.23317107019972,0,0,0,0,0,0,0,-0.0196877557521855,0,0,0,0,0,0,0.0965942378022944,0,0,0,0,0,0,0,0,0,-0.00303640658523641,3.55277338930927,0,0,0.859821129414059,0,0.04843786796769,0.263727703025622,-0.222176046587249,0,0,0,0,0,0,0,0,0,0,0,0,0,0,0,0,0.0597068534370935,0,0,0,0,0,0,0,0.258827741999871,0,0,0,0,-0.550369019506452,0,0,0,-1.33522139437015,0,0,0,-0.242746400025422,0,0,0.25278442406046,0,0,0,0.0256933765628469,0,0,0,0,0,-0.150107288711779,0,0,0,0,0,0,0,0,0,-1.58326062237131,1.20047848295092,0,0,0,0,0,0,0,0,0,0,-0.245038003664111,0,0,0,0
0,0,0,0,0,0,0,0,0,0,0,0,0,1.30291250350012,0,0,0.112959592228551,0,0,0,0,0,0,0,0,-0.632915382534312,0,1.59805329416677,1.41673733753327,0,0,0,0,0.028429464238525,0,0,0,0.646016551786887,0,0,0,0,0,-0.431250918927256,-1.22534776561726,0,-0.15161742969073,0,0,0,0,0,0,-0.744862264326053,0,0,0,0.905481109218238,0,0,0,0,1.4541581135392,0,0,0.018255998542255,0,0,0,0,0,0,0,0,0,0,0,0,0,0,-0.0611930527611821,0,0,0,0,0,0,0,0,-1.60543834405006,0,0,0.596438910297957,0,0,0,0,0,0,0,0,0,0,0,-0.365637697418511,0,0,0.327058940862228,0,0,0,0,0.417748316506383,0,0,0,0,0,0,1.35035902435321,0,0,0.182371734674358,0,0,3.89927144255878,0,0,0,0,0.332175191586808,0,0,0,0,-2.30280109918941,0,0,0,2.31627803619982,0,0.126001214288179,0,0,0,0,0,0,0,0,0,0,0,0,0,0,0,-0.229815410205357,0,0,0,0,0,0,0,0,0,0,0,0,0,0,-0.834997650952085,0.669354184117859,0,0,0,0,0,0,0,-2.38960498467176,0,0,0,0,0,0,0,0.225121140988692,0,0,0,0,0.218448314116066,0.0240642889155773,0,0,0,0
0,0,0,0,0,0,0,0.434577450829961,0,0,0,0,0,0,0,0,0,0,0,0,0,0,0,0,0,0,0,0,0,0,0,0,0,0,0,0,0,0,0,-0.29149194017757,0,0,0.100162759339465,0,0,0,0,0,0,0,0,0,0,0,0,0,0,0,0,0,0,0,-0.18447878621466,-0.446370739070526,0,0,0,0,0,0,0,0,0,0,0,0,0,0,0,0,0,0,0,0,0,0,0,0,0.194647965977611,0,0,0,0,0,0,0,0,0,0,0,0,0,0,-0.225090094947829,0,0,0,0,0,0,0,0,0,0,0,-0.317440115288072,0,0,0,0,0,0,0.125552300245672,0,0,0,0,0,0,0,0,0,0,0,0,0,0,0,0,0,0,0,0,0.461222661895038,0,0,9.58417904838997,0,0,0,0,0,0,0,0,6.05243719411529,0,0,0,0,0.437369902903181,0,0.182433104782648,0,0,0,0,0,0,0,0,0,0,0,-0.101863973442949,0,0,0,0,0,0,0,0,0,0,0,0,0,0,0,0,0,0,0,0,-0.0692165720463758,0,-0.412796664888334,0,0
0,0,0,0,0,0,0,0,0,0,0,0,0,0,0,0,0,0,0,0,0,0,0,0,0,0,0,0,0,0,0,0,0,0,0,0,0,0,0,0,0,0,0,0,0,0,0,0,0.0625875434435228,0,0,0,0,0,0,0,0,0,0,0,0,0,0,0,0,0,0,0,0,0,0,0,0,0,0,0,0,0,0,0,0,0,0,0,0,0,0,0,0,0.0813933390886807,0,0,0,0,0,0,0,0,0,0,0,0,0,0,0,0,0,0.54538574350565,0,0,0,0,0,0,0,0,0,0,0,0,0,0,0,0,0,0,0.132035044291281,0,0.323931273280303,0,0,0,0,0,0,0,0,0,0,0,0,0,0,0,0,0,6.60134105421963,0,0,0,0,0,0,0,0,4.72075573279538,0,0,0,0,0,0,0,0,0,0,0,0,0,0,0,0,0,0,0,0,0,0,0,0,0,0,0,0,0,0,0,0,0,0,-0.0173321133542357,0,0,0,0,0,0,0,2.15557496309453,0
0,0,-0.964907809035205,0,0.150563648919658,0,-1.93673399657688,0,-0.144225160112039,0,0,0,0,0,0,0,0,0,0,0,0,0,0,0,0,0,0,0,0,0,0,0,0,0,0,0,0,0,0,-0.244899725969386,0,0,0,-0.120260832420112,0.94367313050673,0,-0.212000417178144,0,0.036844535109219,0,0,0,0.0903597331785371,0,0,0,1.82293816364993,0,0,0,0,0,2.15054383209561,0,0,0.0536589418318545,-0.640531763751919,0,0,0,0,0,0,0,0,0,0,0,0,0,-0.689015120809592,0,-0.907631024820796,0,0,0,0,0,0,0,0.182100331351184,0,0,0,0,0,0,0,0,0,0.38508540026426,0.0717027464923927,0,0,0,0,0,0,0,0,0,0,0,0,0,0,0,0,0,0,0,0,0,0,0,0,0,0,0,0,0,0,0,0,0,0,0,0,0,0,0,0,0,0,0,0,0,0,0,0,0,0,0,0,0,0,0,0,0,-0.11884422883325,0,0,0,0,0,0,2.09211239725169,0,0,-0.0476430768100946,0.0305303407522508,0,0,0,0,0,0,0,0,0,0,0,0,-0.0607929063536141,0,0,0,0,0,0,0,0,0,0,0,0,0,0.837891144664327,0,0
0,0,0,0,0,0,-1.91719707609254,0,0,0,0,0,0,0,0,0,0,-0.163248234521074,0,0,0,0,0,0,0,0,0,0,0,0,0,0,0,0,0,0,0,0,0,0,0,0,0,0,0,0,0.598450313362934,0,0,0,0,-0.579904486809077,0,0,0,0,0,0,0,0,0,0,1.39166377667143,0,0,0,-0.445438276888501,0.0482531943891207,0,0,-0.345733666514663,0,0,0,0,0,0,0,0,0.495870812215681,0,0,0,-0.310309956471635,0,0,0,0,0,0,0,0,0,0,0,0,0,0,-0.0160734690921958,0,0,0.947336179327361,0,0,0,0,0,0,0,0,0,0,0,0,0,0,0,0,0,0,0,0,0,0,0,0,0,0,0,-0.611052590868418,0,0,0,0,0,0,0,0,0,0,0,0,0,0,0,0,0,0,0,0,0,0,0,-0.219106083416034,0.169274864320465,0,0,0,0,0,0,0,0,0,0,0,1.34651546772649,0,0,0,0,0,0,0,0,0,0,0,0,0,0,0,0,0,0.217159989609573,0,0,0,0,0,0,0,0,0,0.247865961432847,0,0,0,1.65371131100215,0
0,0,-0.206973598917868,0,0.0309151722353165,0,0,2.35398329764668,0,-0.226559114781885,-0.37574135665782,0,1.09458197915605,0,0,0,0,0,0.84384461261151,0.157018719586656,0,0,0,0,0.569704727653545,0,0,-1.57693215629098,0,0,1.33750684031515,-0.436338701420845,0,0,0,0,0,0,0,0.219898094579258,0,0,0,0,0,0,0,-0.212177406684736,0,0,0,0,0,0.930957998913199,0,0.0755975916673133,0,0,0,0,0,0,0,1.71789157643371,-0.0214778421472206,0,0,0,-0.362846687609756,0,0,0,0.833895857368682,0,0,-0.518142027037016,0,0,0,0,0.646397514980014,0,0,0,-0.426696763408872,0,-0.103264018764653,1.04939412932953,0.656399028184571,0,0,0,0,0,0,0,0,-0.631249687784319,0,0,0,0,0.0529821394326748,0,0,0.648460069900415,0,0.436951396869359,-0.864056634432015,0,0,0,0,0,-0.028477185715446,0.217099698365713,0,0,0.294873870509852,0,0,0,-0.191251812258293,0,0,0,0.213061143443898,0,0,0.290565803290111,-1.93548969388297,0.694174692510575,0,0,0,0,0,0,0,0,0.0450438157968205,0,0,0,0.0388008912301265,0.269620558832042,0,0,0,0,-0.0971034860165054,0,0.660447620964425,0,1.24683877248482,0.918763783703202,0,0,0,0,0,0.105443449921468,0,0,0,0,0.221820124752967,0.128166099828325,0,0,-1.24540698129764,0,0,0,0,0,0,-0.103692309894408,0,0,0,0,0,0,0,-0.395983260366997,-0.287635253862817,0.0568949180163938,0,-0.803316793119328,0,0,-2.49423214699835,0,0,-3.41190889979,1.78309679976352,-1.12366487155663,0,0
0,0,-0.936017761919156,0,-2.70798798802013,0,0,0,0,0,0,0,0,1.37084472473624,0,0,0,0,-3.42752499375786,0,0,0,0.116946042006064,0,0,-1.47440470855713,0,0,0.454974176411743,0,0,0,0,0,0,0,0,0,0,0,0,0,0,0,-0.181766465491152,0,0,0,0,0,0,0,0.776465395646617,0,0,0,-0.279133623511052,0,0,0.345683534987287,0,0,0,-0.200231266948177,0,0,0,0,0,0,0,0,0,0,0,0,0.14046768759808,0,0,-0.000764045348598197,-0.973926211068926,0,0,0,0,-0.445405750206885,0,0,0,0,-0.324674409838802,0,0,0,0,0,0,0,-0.387559892698691,0,0,0,0.751640678474313,0,0,0,0,0,-0.159400528701493,0,0,1.03218541932817,0,0,-0.375735288108491,0.346545863449835,0,0,0,0,-1.92208923388181,0,-0.18612203063034,0,0,0,0,0,1.16311896348249,0,0,0,0,0,0,0.482682974994991,0.0323467499290524,0,0,0,0.919090110576755,0,0,0,0,0,0,0,0,0,0.232608657514846,0,0,0,0,0,0,0,0,0,0.866982762904274,0,0,0,0,0,0,0,1.75701737622741,0,0,0,0,0,0,0,0.0257107183914125,0,0,0,0.201093143872589,0,0,0,0,0,0,0,0,0.798139819204435,1.58209318541097,0,0,0,-0.200377865745875,0,0,-0.205302374725592,0,0
0,0,0,0,-0.180452596626226,0,-0.338815083473684,0,0,0,0,0,0,0,0,0,0,0,-1.01582310600445,0,0,0,0,0,0,-1.41373690430453,0,0,0,0,0,0,0,0,0,0,0.250149635945101,0,0,0,0,0,0,0,0,0.014732410551187,-0.561637807823953,0,0,0,0,0,0,0,0,0,0,0,0,0,0,0,0,0,0,0,0,0,0,0,0,0,0,0,0,0,0,0,0,0,0,0,0,0,0,0,0,0,0,0,0,0.341127494670498,0,0,0,0,0,0,0,0.229692342250875,0,0,0,0,0,0,0,0,0,0,0,0,0,0,0,0,0,0,0,0,0,0.00409027932034145,0,0,0,0,0,0,0,0,0,0,0,0,0,0,0.504928932868433,0,0,0,0.956631645382066,0,0,0,0,0,0,0,0,0,0,0,0,0,0,0,0,0,0,0,0,0,0,0,0,0,0,0,0,0,0,0,0,0,0,0,0,0,0,0,0,0,0,0,0,0,0,0,0,0.212159354645375,0,0,0,0,-0.601107346088243,0,0,0,0,0
0,0,0,0,0,0,0,0,0,0,0,0,0,0,0,0,0,0,0,0,0,0,0,0,0,0,0,0,0,0,0.18582188351148,0,0,0,0,0,0,0,0,0,0,0,0,0,0,0,0,0,0,0,0,0,0,0,0,0,0,0,0,0,0,0,0,0.0158553340448599,0,0,0,0,0,0,0,0,0,0,0,0,0,0,0,0,0,0,0,0,0.0697975200476231,0,-4.99242899624963,0,0,0,0,0,0,0,0,0,0,0,0,0,0,0,0,0,0,0,0,0,0,0,0,0,0,0,0,0,0,0,0,0,0,0,0,0,0,0,0,0,0,0,0,0,0,0,0,0,0,0,0,0,0,0,0,0,0,0,0,0,0,0,0,0,0,0,0,0,0,0,0,0,0,0,0,0,0,0,0,0,0,0,0,0,0,-0.711891320842094,0,0,0,0,0,0,0,0,0,0,0,0,0,0,0,0,0,0,0,0,-0.277448870139224,0,0,0,0,0
0,0,0,0,0,0,0,0,0,0,0,0,0,0,0,0,0,0,0,0,0,0,0,0,0,0,0,0,0,0,0,0,0,0,0,0,0,0,0,0,0,0,0,0,0,0,0,0,0,0,0,0,0,0,0,0,0,0,0,0,0,0,0,0,0,0,0,0,0,0,0,0,0,0,0,0,0,0,0,0,0,0,0,0,0,0,-1.55594721661938,0,0,0,0,0,0,0,0,0,0,0,0,0,0,0,0,0,0,0,0,0,0,0,0,0,0,0,0,0,0,0,0,0,0,0,0,0,0,0,0,0,0,0,0,0,0,0,0,0,0,0,0,0,0,0,0,0.0688366524656188,0,0,0,0,0,-0.0086687972671593,0,0,0,0,0,0,0,0,0,0,0,0,0,0,0,0,0.0759189766043367,0,0,0,0,0,0,0,0,0,0,0,0,0,0,0,0,0,0,0,0,0,0,0,0,0,0,0,0,0,0,0,0,0
0,0,0,0,0,0,0,0,0,0,0,0,0,0,0,0,0,0,0,0,0,0,0,0,0,0,0,0,0,0,0,0,0,0,0,0,0,0,0,0,0,0,0,0,0,0,0,0,0,0,0,0,0,0,0,0,0,0,0,0,0,0,0,0,0,0,0,0,0,0,0,0,0,0,0,0,0,0,0,0,0,0,0,0.247869631065605,0,0,-5.07993216664553,0,0,0,0,0,0,0,0,0,0,0,0,0,0,0,0,0,0,0,0,0,0,0,0,0,0,0,0,0,0,0,0,0,0,0,0,0,0,0,-0.0325700244685121,0,0,0,0,0,0,0,0,0,0,0,0,0,0,0,0,0,0,0,0,0,0,0,0,0,0,0,0,0,0,0,0,0,0,0,0,0,0,0,0,0,0,0,0,0,0,0,0,0,0,0,0,0,0,0,0,0,0,0,0,0,0,0,0,0,0,0,0,0,0,0,0,0
0,-0.892771928183068,0,0,0,0,0,0,1.79727635532707,0,0,0,0,0,0,0,0,0,0,0,0,0,0,0,0,0,0,0,0,0,0,0,0,0.997051780722469,0,0,0,0.0817526580331136,0,0,0,0,0,0,-0.203352427179347,-0.0760382633947221,0,0,0,0,0,0,0,0,0,0,0,0,0,0,0,-0.621702064255856,0,0.220557270894928,-0.203381342032697,0,0,0,0,0,0,0,0,0,0,0,0,0,-1.09933867352126,0,0,0,0,0,0,0,0,0,0,0,0,0,0,0,0,-0.170132158314187,0,0,0,9.20570942741306,0,0,0,0,0,0,0,0,0,0,0,0,0,0,0,0,0,-1.36934536428877,0,0,0,1.01265313906222,0,0,0,0,0,0,0,-0.485041117297688,0,-0.0285464002669669,0,0,0,0,0,2.81696904553249,0,0.328901094184525,-0.202236893835748,0,0,0,0,0,0,0,-0.022912811422467,0,0,0,0,0,0,0,0,0,0,0,0,0,0,0,0,0,0,0,0,0,0,0,0,0,0,0,0,0,0,0,0,0,0,0,0,0,0,0,0,1.47643717555619,0.0277613127752927,0,0,-0.453580455392038,0,0,0,0,0,0
0,0,0,0,0,0,0,0,0,0,0,0,0,0,0,0,0,0,0,0,0,0,0,0,-0.0651882774464758,0,0,0,0,0,0,0,0,0,0,0,0,0,0,0,0,0,0,0,0,0,0,0,0,0,0,0,0,0,0,0,0,-0.349749623489801,0,0,0,0,0,0,0,0,0,0,0,0,0,0,0,0,0,0,0,0,0,0,0,0,0,0,0,0,0,0,0,0,0,0,0,0,0,0,0,0,0,0.970802325017027,0,0,0,0,0,0,0,0,0,0,0,0,0,0,0,0,0,0,0,0,0,0,-0.0269296802477743,0,0,0,0,0,0,0,0,0,0,0,0,0,0,0,0,0,0,0,0,0,0,0,0,0,0,0,0,0,0,0,0,0,0,0,0,0,0,0,0,0,0,0,0,0,0,0,0,0,0,0,0,0,0,0,0,0,0,0,0,0,0,0,-0.0199112595128439,1.16931847730334,0,0.587342149480077,0,0,0,0,0,0,0,0,0,0
0,0,0,0,0.11396507806332,0,0,0,0,0,0,0,0,0,0,0,0,0,0,0,0,0,0,0,0,0,0,0,0,0,0,0,0,0,0,0,0,0,0,0,0,0,0,0,0,0,0,0,0,0,-0.884497902979137,0,0,0,0,0,0,0,0,0,0,0,0,0,0,-0.00694445962470747,0,0,0,0,0,0,0,0,0,0,0,0,1.37059720369024,1.15884561775558,0.842885243216311,0,0,0,0,0,0,0,0,0,0,0,0,0,0,0,0,0,0,0,0,0,0,0,0,0,0,0,0,0,0,0,0,0,0,0,0,0,0,0,0,0,0,0,0,0,0,0,0,0,0,0,0,0,0,0,0,0,0,0,0,0,0,0,0,0,0,0,0,0,0,0,0,0,0,0,0,0,0,0,0,0.217989145319842,0,0,0,0,0,0,0,0,0,0,0,0,0,0,0,0,0,0,0,0,0,0,0,0,0,0,0,0,0,0,0,0,0,0,0,0,0,0
0,0,0,0,0,0,0,0.0423372334100935,0,0,0.126886111897489,0,0,0.0463172862914827,0,0,0,0,0,0,0,0,0,0,0,0,0,0,0,0,0,0,0,0,0,0,0,0,0,0,0,0,0,0.976909126025142,0,0,0,0,0,0,0,0,0,0,0,0,0,0,0,0,0,0,0,0,0,-0.963486311084042,0,0,0,0,0,0,0,0,0,0,0.200606138666342,0,0,0,0.646046560458984,0,0,1.74897037549208,0,0,0,0,0,0,0,0,0,0,0,0.108749051401592,0,0,0,0,0,0,0,0,0,0,0,0,0,0,0,0,0,0,0,0,0,-1.28897832013483,0,0,0,0,0,0,0,0,0,0,0,0,0,0,0,0,0,0,0,0,0,0,-0.867938232221861,0,0,0,0,0,0,0,0,0,0,0,0,0,0,0,0,0,0,0,-0.123648488136766,0,0,0,0,0,0,0,-0.242693101539294,0,0,0,0,0,0,0,0,0,0,0,0,0,0,0,0,0,0,0,0,0,0,0,0.235643312052854,0,0,0,0,0,0,0
0,0,0,0,0,0,0,0,0,0,0,0,0,0,0,0,0,0,0,0,0,0,0,0,0,0,0,0,0,0,0,0,0,0,0,0,0,0,0,0,0,0,0,0,0,0,0,0.0566591101785223,0,0,0,0,0,0,0,0,0,0,0,0,0,0,-0.153097472658287,0,0.300784994829618,0,0,0,0,0,0,0,0,0,0,0,0.211141057829434,0,0,0,0,0,0,0,0,0,0,0,0,0,0,0,0,0,0,0,0,0,0,0,0,0,0,0,0,0,0,0,0,0,0,0,0,0,0,-0.0459106055253027,0,0,0,0,0,0,0,0,0,0,1.27785299537883,0,0,0,0,0,0,-0.317960132932396,0,0.129453169872898,0,0,0,0,0,0,0.0156637214751769,0,0,0,0,0,0,0,0,0,0,0,0,0,0,0,0,0,0,0,0,0,0,0,0,0,-0.182555875712024,0,0,0,0,0,0,0,0,0,0,0,0,0,0,0,0,0,0,-0.253235919632554,0,0,0,0,0,0,0,0,-0.217118978843502,0,0,0
0,0,0,0,0.124804729744031,0,0,0,0,0,0,0,0,0,0,0,0,0,-0.755154056921469,0,0,0,0,0,0,0,0,0,0,0,0,0,0,0,0,0,0,0,0,0,0,0,0,0.955799438999211,0.369245934320411,0,0,0,0,0,0,-5.13269713012377,0,0,0,0,0,0,-0.91099215425534,0,0,0,0,0,0,0,-0.197219232223979,0,0,0,0,0,-0.123116361398276,0.243386674241462,0,0,0,0,0,0,0,-0.361145189392173,0,0,0,0.818569846761526,-1.42710916831902,0.129390127285572,0,0,0,0,0,0,0,0,-0.435088936552533,0,0,0,0,0,1.18485173268786,0,0,0,0,0,0.343969407765988,-0.453366882824714,0,-1.82641954879535,0,0,0,0,7.41222818727003,0,0,-0.0449278228797021,0,0.489708105706048,0,0,0,0,0,0,0,0,0,0,0,0,0,0.20266271446784,0,-0.0358129795656934,0,-0.200694151038073,0,0,0,-0.326518969466485,0,0,0,0,0,0,0,0,0,0,0.033528142434275,0,0,0,0,0,0,0,0,-0.47877576894494,0,0,0,0,0,0.457178724335853,0,0,0,0,0,-1.3597952880922,-0.00789993002575562,0,-1.12546174869549,0,0,0.453455546286532,0,0,0,0.495385103523678,0,0,0,0,0,0,0,0,0,0,0,0,0,0
0,0,0.0232334006907788,0,0,0,0,0,0,0,0,-1.99386049504104,0,0,0,0,0,0,0,0,0,0,0,0,0,0,0,0,0,0,-0.0683203256411329,0,0,0,0,0,0,0,0,0,0,0,0,0,0.503391770358293,0,0,0,0,0,0,0,0,0,0,0,2.99357814019689,0,0,0,0,0,0,0,0,0,0,0,0,0,0,0,0,0,-0.110381549080124,0,0,0,0,0,0,0,0,0.19297933892132,0,0,0,0,0,0,0,0,0,0,0,0,0,0,0,0,0.00378655242774406,0,0,0,0.0807979688487026,0,0,0,0,-1.69037594299497,0,1.01932792035558,0,0,0,0,0,0,0,0,0,0,0,0,0,-0.0520791374324616,0,0,0,0,0,0,0,0,0,0,0,0,0,0,0,0,0,0,0,0,0,0,0,0,0,0,0,0,0,0,0,0,0,0,0,0,0,0,0,0,0,-0.434745797842783,0,0,0,0,0,0,0,0,0,0,0,-0.115502971081824,0,0,0,0,0,0,0,0.146435019887627,0,0.0286018011855391,0,0,0,0,0,0,0,0,0,0.203123954098153
0,-0.172783372309449,0,0,-0.00581252731659143,0,0,0,0,-1.26017910742756,-1.21056101114261,-2.07793512861656,0,0,0.0647743324215084,0,0,0,0,0,0,0,0,0,0,0,0,0,0,0,0,0,0,0,0,0,-1.28030013198007,0,0,0,0,0.257008811081491,0,0.016042587412977,0.688802620639624,0,0,0,-0.392355845881108,0,0,0,0,0,0,0,0,-0.0238073987904532,0,0,0,0,0,0,0,0,0,0,-0.624311543910452,0,0,0,0,0,0,0,0,0,0,0,0,0,0,0,0,0,0,0,0,0,0,0,0,0,0,0,0,0,0,0.15240768521894,0.159807839056312,0,0.840648790909917,0,0,0,0,0,0,-0.143319847792049,0,0,0,0,1.86006681561373,0.841502124411782,0,0.0445850675260655,0,0,0.100945140655246,0,0,0,0,0,0,0,0,0,0,0,0,0,0,0,0,0,0,0,0,0,0,0,0,0,0,0,0,0,0.628109660616852,0,0,0,0,0,0,0,0,-0.430953973238266,0,0,0,0,0,0,0,0,0,0,0,0,0,0,0,0,0,0,0,-0.184189925455163,0,0,0,0,0.377403608544326,0,0,0,0.165649680558101,0,0,0,0,0.516612979001674,0,0,0,0,0,0.773303473884765
0,0,0,0,0,0.395736434351223,0,0,0,0,0,0,0,0,0,0,0,0,0,0,0,0,0,0,0,-0.398290905567413,0,0,0,0,0,0,0,0,0,0,0,0,0,0,0,0.0706960538192924,0,0,0,0.755999018442877,0,0,0,0,0,0,-0.630629508302606,0,0,0,-0.189507886460865,0.218396923408234,0,0,0,0,0,0,0,0,0,0,0,0,0,0,0,0,0,0,0,0,0.169656300260934,-0.377758061329609,0,0,0,0,0,0,0,0,0,0,0,0,0,0,0,0,0,0,0,0,0,0,-0.197153194555133,0,0,0,0,0,0,0,0,0,0,0,0,0,0,0,0,0,0,0,0,0,0,0,0,0,0,0,0,0,0,0,0,0,0,0,0,0,0,0,0,0,0,0,0,0,0,0,0,0,0,0,0,0,0,0,0,0,0,0,0.156086639189375,0,0,0,0,0,0,0,0,0,0,0,0,0,0,0,0,0,0,0,0,0,0,0,0,0,0,0,0,0,0,0,0,0,0,0,1.07387254575751,0
0,0,-0.102445859443303,0,0,0,0,0,0,0,0,0,0,0,0,0,0,0,0,0,0,0,0,0,0,0,0,0,0,0,0,0,0,0,0,0,0,0,0,0,0,0,0,0,0,0,0,0,0,0,0,0,0,0,0,0,0,0,0,0,0,0,0,0,0,0,0,0,0,0,0,0,0,0,0,0,0,0,0,0,0,0,0,0,0,0,0,0,0,0,0,0,0,0,0,0,0,0,0,0.71563867871278,0,0.0199041473796204,0,0,0,0,0,0,0,0,0,0,0,-0.024159501552323,0,0,0,-1.50358640765547,0,0,0,0.253558405946182,0,0,0,0,0,0,0,0,0,0.36325196870822,0,0,0,0,0,0,0,0,0,0,0,0,0,0,0,0,0,0,0,0,0,0,0,0,0,0,0,0,0,0,0,0,0,0,0,0,0,0,0,0,0,0,0,0,0,0,0,0,0,0,0,0,-0.328429003190092,0,0,0,0,0,0,0,0,0,0,0,0,0,0,0
0,0,0,0,0,0.115024658525558,0,0,0,0,0,0,0,0,0,0,0,0,0,0,0,0,0,0,0,0,0,0,0,0,-0.662281492731408,0,0,0,0,0,-0.860933705294718,0,0,0,0.257341903288404,0,0,0,-0.0245632177832764,0,0,0,0,0,0,0,0,-0.584486446843794,0,0,0,0,-0.066955960209808,0,0,0,0,0,0,0.632502273448571,0,0,0,0,0.219547903721007,0,0,0,0,0,0,0,0,0,0,-0.553870348612012,0,0,0.259492901592364,0,0.308858468677247,0,0,-1.4415652855328,0,0,0,0,0,0,0,0,0,0,0.637283710999403,0.202705564572627,0,0,0,0,0,0,0,0,0,0.128973458120307,0,0,-0.576208267236519,1.07264647223786,0,-2.31844826016599,0,0,0,0.267847870516993,0,0,0,0,-0.209906278322853,0,0,0,0,0,-0.137639956604544,0,0,0,0,0,0,0,0,0,0,0,0,0,0,0,0,0,0,0,0,0.0596159656807904,0.181413260936668,0,0,0,0,-1.35129176122782,-2.86522342612455,0,0,0,0,0,0,-0.16160986774974,0,0,0,0,0,0,0,-0.430889300308485,0,-0.159731433955223,0,-0.033459168708954,0,0,0,0,1.9016400632974,0,0,4.46966452762191,0,2.18049246435574,0,0,0,0,0,0,0,0,0,0
0,0,0,0,0,0.0279193622553455,0,0,0,0,0,0,0,0,0,0,0,0,0,0,0,0,0,0,0,0,-1.33748402485709,0,0,0,0,0,0,0,0,0,-0.357986538796893,0,0,0,0,0,0,0,0,-0.148546560651877,0,0,0,0,0,0,0,0,0,0,0,0,0,0,0,0,0,0,0,0,0,0,0,0,0,0,0,0,0,0,0,0,0,0,0,0,0,0,0,0,0,0,0,0,0,0,0,0,0,0,0,0,0,0,0,-0.0168418705443616,0,0,0,0,0,0,0,0,0,-0.146862911348993,0,0,0,0.275573296672341,0,-1.11458097433809,0,0,0,0,0,0,0,0,0,0,0,0,0,0,0,0,0,0,0,0,0,0,0,0,0,-0.845205784565866,0,0,0,0.181133726362215,0,0,0,0,0,0,0,0,0,0,0,0,0.0286267849647237,0,0,0,0,0,0,0,0,0,0,0,0,0,0,0,0,0,0,0,0,0,0,0,0,0,0,0,0,0,-0.738991618606253,0,0,0,0,0,0,0,0,0
0,0,0,0,0,0,0,0,0,0.133379826310101,0,0,0,0,0,0,0,0,0,0,0,0,0,0,0,0,-0.441546729548085,0,0,0,0,0,0,0,0,0,0,0,0,0,0,0,0,0,0,0,0,-1.4533853400263,0,0,0,0,0,0,0,0,0,0,0,0,0,0,0,0,0,0,0,0,0,0,0,0,0,0,0,0,0,0,0,0,0,0,0,0,0,-0.0638361360061432,0,0,0,0.219459758877911,0,0,0,0,0,0,0,0,0,0,0,0,0,0,0,-0.336030284422744,0,0,0,0,0,0,0,0,0,0,0,0.0192440368937308,0,0.103904310320838,0,0,0,0,0,0,0,0,0,-0.213070801379926,0,0,0,0,0,0,0,0,0,0,0,0,0,-1.12578074059304,0,0,0,0,0,0,0,0,0,0,0,0,0,0,0,0,0.190013666322022,0,0,0,0,0,0,0,0,0,0,0,0,0,0,0,0,0,0,0,0,0,0,0,0,0,0,0,0,0,0,0,0,0,0,0,0,0,0,0
0,0,0,0,0,0,0,0.392552582199899,0,0,0,0,0,0,0,0,0,0,-0.489363556736609,0,0,0,0,0,0,0,0,0.0228356990320648,0,0,0,0,0,0,0,-0.686775574888517,0,0,0,0,0,0,0,0,0,0,0.345751317037731,0,0,0,0,0,0,0,0,0.0484453164887404,0,0,0,0,0,0,0,0,0,0,0,0,0,0,0,-0.0288432706755846,0,0,0,0,0,0,0,0,0.776357720064409,0,0,0,0,0,0,0,0,0,0,0,0.155689673194418,0,0,0,0,0,0,0,0,0,0,-1.01763191722201,0,0,0,0,-0.0483041898389385,0,0,0,0,0,0,0,0,0.388519548893516,0,0,-0.787066493426174,0,0,0,0,0,0,-0.00171732566963478,0,0,0,0.177518694146371,0,0,0,0,0,0,0,0,0.131537158062785,0,0,0,0,0,0,0,0,0,0,0,0,0,0.33984286556103,0,0,0,0,0,0,0,0,0,0,0,0,0,0.428299523426918,0,0,0,0,0,0,0,0,-0.0716329952014401,0,0,0,0,0,0,0,0,0,0,0,0,0,0,0,0,0,0,0,0,0,0
5.60102185835007,0,0,0,-1.63342778195085,-1.65002861496181,0.733856539221464,0,-1.87670070208632,0,0,0,-0.108028805173769,0,0,0,0.113535020433278,0,0,0,0,0,0,0.0452965968138261,-0.821303057839488,0,0,0,0,0,0,0,0.562343759295027,0,0,0,-0.211043826235136,0,0,0,0,0,0,0,0,0.334094782468296,0,0,0,0,0,0,0,0.613306189910102,0,0,0,0,0,0,0,0,0.436814148556842,0,1.48245761001853,0.0755173238195095,0,0,0,0,0,0,-0.27556637607533,-0.0839504555644026,0,0.53908358478331,2.8156583695567,0,0,0,-0.0400008812662882,0,0,0,-0.332583979154522,0,0,0,0,0,0,0,2.64479003545868,0,0,0,0,0.257510866175587,0,1.40318841534054,-0.833257495561891,0,0,-0.515928702256926,0,0,0.0389857098856456,2.96796531926311,-0.195483198479943,0,0,0,0,-0.438871256155527,0,0,0,0,0,0.183290782654639,0,0.214129564861993,0,-0.095147902475055,0,0,0,0,0,0,2.22106917196131,1.636727894206,1.18124818890926,0,0,0,0,0,1.16986778646615,0,0,0,0,1.35793750062704,0,0,0,0,0,0,-0.144827680422583,0,0,0,0,0,0,0,0,0,0,0,0,0.343784022953342,0,-0.211525048072207,0,0,-0.0571798495574036,0,-0.375320214029174,0,0,0,0,0,0,0,0,0,0.416496199691873,0.0309235320900179,0,0,0,0,0,0,0,0,0,0,0,1.00365139774685,-0.211493673090555,0,0,-0.231731485221804,0,0.0907994278055804
0,0,0,0,-1.38626478379818,-2.01961610478613,0,0,-2.13868561901295,0,0,0,-0.294267105840226,0,1.10135100594068,0,0.776665375482309,0,0,1.65155946390053,0.419318559007454,0,0,0,0,0,0,0,0,0,0,0.429706811365093,0,0,0,0,0,0,0,0,0,-0.0509008880644359,0,0,0,0.497188861938075,0,0,0,-0.420250056305112,0,-0.531243796355914,0,0,0,0.106065104309622,0,0,0,0,0,0,0,-0.558507426355748,0.14213169617196,0,0,0,0,0,0,0,0,-0.564127125187063,-0.0690453026745321,0.914369264427679,0.418400198896712,-0.819903761865664,0,0,0,0,0,-0.641283625618062,0,0,0.306254357491643,0,0,1.51992813668915,0,0,2.48872601016086,0,-0.00620076356938792,0.0210856572605274,0,0,-1.57231204106007,0,0,-0.131991630876971,0,0,0,0,0.533221154823505,1.61458198702945,0,0,0,0,0,0,1.20944589368,0,0,0.448420018727647,0,1.25316075441388,0,0,0,-0.175138642260346,0,0,0,0,0,0.508589609905935,0.783772272327246,0,0,0,0,0,0,0,0,0.480925951861586,0,0,0.442327916258501,0.729446471885452,0,0,0,-0.289435448032732,-0.123246191504651,0,0,0,0,0,0,-0.0936143435118972,0,0,0,0,0,0,0,0.637232195267571,0,0,0,0,0,0,0,0,0,0,0.816298928733778,0.638394412604813,-1.14971155204426,0,0,0.553738589344345,0,0,0,0,0,0,0,0,0,0,0,0,0,1.95699963188599,-1.93396432640781,0,0,-0.190489310142163,0,0.100218456928412
0,0,0,0,0,0,-0.143680839546461,0,0,0,0,0,0,0,0,0,0,0,0.0289386214469944,0,0,0,0,0,0,0.211577570161144,0,-0.509900787404743,0,-1.4987857628812,0,0,0,0,0,-0.97914969004225,-0.227001298871887,-0.45986316479515,3.66438880240618,0,-0.288158624969538,0,0,0,0,0.934964713774175,0,0,0,0,0,0,0,0,0,0.677375552116044,0,0,0,0,0.0114856540905854,0,0,0,0,0.318280339735058,0,0,0,0.28816713943985,0,0.522841677958108,0,0,0,0.136448599278437,0,0,0,0,0,-0.189129448555887,0,0,-0.722278239427055,0,0,0,0,0,0,0,0,0,0,0.798230990974613,0,-0.339399971144306,0.483578146794273,0,-0.447531107342509,0,0,0,0,0,0,0,0.155311967123742,0.728063968647316,0,0,0,0,0,0,0,0,0,0,0,0,2.18822441417564,0,0.101910349015028,0,0,0,0,0,0,0,0,0,-0.244165932659958,0,0,0,0,0,0,0.438528575963993,0,-0.072507592459911,0,0,0,0,0,0,0,0,0,1.2083075775482,-0.765919883209389,0,0.422904947154988,0,-0.666070696087737,0,0,0,0,0,0,0,0.122878286212156,0,0,0,0,0,0,0,0,0,0,0,0.648326229270108,0,-0.236997257018636,0,0,0,0,0,0,0,0,0,0,0,0,1.13300127045379,-0.0582570139175964,0,0,0,0,-0.628555219091523
0,0,0,0,0.267178629982948,0,0,0,0,0,0,0,-0.420042820251219,0,0,0,0,-1.57854522653156,0,0,0,0,0,0,0,0,0,0,0,-0.25530579669517,0.288243782844677,0,0,0,0,0,0,0.508913535204852,0,0,0,0.358484131497902,0,0,0,0,0,0,0,0,0,0,0,0,0,0,0,-2.09990741984159,0,0,0,0,0,0,0,0,0,0,0,0,0,-0.498422878949519,0,-0.00409692236639292,0.103140815571258,-0.558994906452497,-0.101056207153063,0,0,-1.36636647334998,0,0,0,0,0,-0.0193723571040021,0,0,0.727278881587111,0,0,0,-0.822169125611945,0,0,2.16809496512323,0,0,4.74859557402202,0,-1.28232207518764,0,0,-0.45552089729921,0,0,0,0,0,0,0,0.114776512974919,0,0,0,0,0,0,-0.29251805414329,0,0,0,0,0,0,0,-0.0689565455867189,0,0,0,0,1.87423893892411,0,0,0,-0.0419542580463133,0,0,0,0,0,0,0,0,0,5.37267078094598,0,0,0,0,0,0,0,0,-0.383517745747664,0,0,-0.673676609818636,0,0,0,0,0,0,0,0,0,0,0,0,0,0.679504049325237,0,0,0,0,1.35489726808826,0,0,0,0,0,0,0,0,0.292277267672651,0,0,0,0,0,0,0,0,0.594595968879033,0,0,0,0,0.137535230836537
0,0,0,0,0,0.168138585067635,0,0,0.684850872359362,0,1.74646913783339,0,0,1.34409319322759,0.235180750936113,0,0,0,0,0,0,0,0,0,-1.04996401828637,0,0,0,4.09700255374408,0,0,0,-0.255999384456142,0,0,0,0,0.685893975166189,0,0,0,0,0,0,-0.426518367272472,0.918085180501012,-1.27982580968131,0,0,-0.843708707800437,0,0,-0.585540938545296,0,0,0.373922347699972,-0.150257225222784,0,0,0,0.0920029390535901,0,0,0,0,0.709981395145221,0,0.144349379290627,0,0.169033619814627,0,0,0,0,0,0,0,0,-1.34881421467552,0,1.69648070733914,0,0,0,0,-1.26768600916821,0,0.120738695367286,0.609964941149001,0,0,0,-0.445793683296389,0,0,0.353619923279791,0,0,0,0,0,0,0,-2.20493219763083,0,0,0,0,0,0,0,0.135532318066608,0.2612572899677,0,0,0.364558728957336,0,0,0,0,0.0767415061175725,-1.44782640125256,0,0,0,0,0,0.686304493431059,0,1.53532711371148,0,0,-0.0393838936399462,0,0,0,1.98029945011105,0,0,0,0.314272359451501,0,0,0,0,0,0,-1.11840400716274,0.38892816994083,0,0,0,-0.568096704125168,0,0,0,-0.392212522547264,0,0.238023672230561,0,-0.182485418424729,0,3.0894976685554,0,0,0.539533707736885,0,0,0,-3.0813357940297,0,0,0.544391234799514,0,0,0,-0.206691207728434,0,0,0,0,0,0,0,0,0,0.644987992354581,1.45194748289997,0,0.624649543000271,1.6715948885315,0,0,0,0.918689781389411,0,0,0,0,0
0,0,0,0,0,0,0,0,0,0,0,0,0,0,0,0,0,0,0,0.128091302249432,0,0,0,0,0,0,0.286368638168984,0,0,0,0,0,0,0,0,0,-0.396655691062101,0.0289370862649403,0,0,0,0,0,0,0,0.0624528687550523,0,0,0,0,0,-0.898327098131785,0,0,0,0,0,0,0,0,0,0,0,0,-0.756118380541517,0,0,0,0,0,0,0,0,0,0.277061556178304,-0.0981458788926042,0,0,0,0,0,0,0,0,0,0,0,0,0,0,0,0,0,0,0,0,0,0,0,0,0,0,0,0,0,0,0,0,0,0,0,0.623874096495026,0,0,-1.46208420407185,0,0,0,0,0,0,0,0,0,0,0,-0.0172935281497015,0,0,0,0,0,0,0,0.0145893700771065,0,0,0,0,0,0,0,0,0,0,0,0,0,0,0,0,0,-0.61207171215334,0,0,0,0,0,0,-0.590945245388711,0,0,0,0,0,0,0,0,0,0,0,0,0,0,0,0,-0.182851225926544,0,0,0,0,0,0,-0.416413126107355,0,0,0,-0.606062029868468,0,0,0,0,0,0,0,0,0,-0.263316913702061,0,0
0,0,0,0,0,0,0,0,0.0177658122261097,0,0,0,0,0,0,0,0,0,0,0,0,0,0,0,0,0,0,0,0,0,0,0,0,-0.792909820678216,0,0,0,0,0,0,0,0,0,0,0,0,0,0,0,0,0,0,0,0,0,0,0,0,0,0,0,0,0,0,-0.5394042671318,0,0,0,0,0,0,0,0,0,0,0,0,0,0,0,0,0,0,0,0,0,0,0,0,0,0,0,0,0,0,0,0,0,0,0,-0.264969542796377,-0.209897202331067,0,0,0,0,0,0,0,0,0,0,0,0,0,0,0,0,0,0,0,0,0,0,0,0,0,0,0,0.24551364705095,0,0,0.287738549760528,0,0,0,0,0,0,0,0,0,0,0,0,0,0,0,0,0,0,0,-0.22003896243998,0,0,0,0,0,0,0,0,0,0,0,0,0,0,-1.1195361075027,0,-1.92591430150843,0,0,0,0,0,0,-0.869753087732342,0,0,0,0,0,0,0,0,0,0,0.0680877939748767,0,0,0,0,0,0,0,0,0,0,0,0.615483634497684
0,0,0,0,0,0,0,0,0.798347256970044,0,0,0,0,0,0,0,0.190965753748843,0,0,0,0,0,0,0,-1.07851494084688,0,0,0,0,0,0,-0.490128173276515,0,-2.45309441419574,0,0,-0.586968316654864,0.701717739534364,0,0,0,0.921586242825597,0,0,0,0,0,0,0,0,0,0,-1.2027839546704,0,0,0,-0.974804537643704,0,0,0,-0.224757169995288,0,0,0,0,0,0,0,0,0,0.366994140301688,0,0,0,0.779182131190084,0,0,0,0,1.63543968773314,-0.868901215912518,0,0,0,0,0.27765950172203,0,0,0,0,0,0,0,0,0,0,0,0,0,0.166651979041226,0,0,0,0,0,0,0,0,0,0,0,0,0,0,-0.167143712414453,0,0,0,0,0,0,0,-1.38805464559115,0,0,0,0.304558916715739,0,0,0.116108537986832,0,0,0,-0.290586535409563,0,0,0,0,0,0,0,0,-0.0271973008603588,0,0,0,0,0,0,0,0,0,-0.213976670462415,0,-1.36123229507635,-0.268729507335799,0,0,0,0,0,0.190143326297305,1.71321944784181,0,0,0,0,-0.7352854662506,0,-2.05850330611029,0,-0.0594113755939061,0,0,0,0,0,0,0,0,0,0,0,0.439663688376961,0,0,0,0,0,0.790258522399275,0,0,0.875711266742906,0.658398554732573,0,0,-0.152108418910597,0,0,0
0,0,0,0,0,0,0,0,0.257513809957882,0,0,0,0,0,0,0,0,0,0,0,0,0,0,0,0,0,0,0,0,0,0,0,0,-0.884920817945457,0,0,-0.535342606981947,0,0,0,0,0,0,0,0,0,0,0,0,0,0,0,0,0,0,0,-0.580288782671919,0,0,0,0,0,0,0,-0.205090040247549,0,0,0,0,0,0.586272963656514,0,0,-0.243356678084125,0,0,0,0,0,0,0,0,0,0,0,0,0,0,0,0,0,0,0,0,0,-0.478589586531777,0,0,0,0.12136074381774,0,0,0,0,0,0,0,0,0,0,0,0.470331682875679,0.0595617055402686,0,0,0,0,0,-0.122369284151284,0,0,-0.456993587726099,0,0,0,0,0,0,0,1.68801675277771,0,0,0,0,0,0,0,0,0,-0.0874087413419546,0,0,0,0,0,0,0,0,0,0,0,0,-0.008093272558926,0,-0.708713096781632,0,0,0,0,0,0,0,0.759495115604242,0,0,0,0,0,0,0,-0.728802222635811,0,0.056084592213266,0,0,0,-0.563473694886045,0,0,0,0,0.120374134079699,0,0,0,0,0,0,0,0.416934510631075,0,0,0,0,0,0,0,0,0,1.06541804103383
0,0,0,0,0,0,0,-0.0252117895025372,0,0,0,0,0,0,0,0,0,0,0,0,0,0,0,0,0,0,0,0,0,0,0,0,0,0,0,0,0,0,0,0,0,2.10011113519647,0,0,0,0,0.227705007292048,0,0,0,0,0,-0.616212477976987,0,0,0,0,0,0,0,0,0,0,0,0,0,0,-0.0585447270393979,0,0,0,0,-0.118457089286232,0,0,0,0,0,0,0,0,0,0,0,0,0,0,0,0,0,0,0.245896839680814,0,0,0.0185404213614346,-0.536117087850167,0,0,0,0,0.197704471695835,0,0,0,0,0,0,0,0,0,0,0,0.0478384868577486,0,0,0,0,0,0,0,0,0,0,0,0,0,0,0,0,0.372802799919653,0,0,0,0,0,0,0,0,0,-0.513031189159098,0,0,0,0,0,0,0,0,0,0,0,0,0,0,0,0,0,0,0,0,0,0,0.408467357399823,0,0,0,0,0,0,0,0,0,0,0,0,0.0204890310098171,-0.452162788077626,0,0,0,0,0,0,-0.233944710640933,0,0,0,0.0301464942423779,0,0,0,0,0,0,0,0,0,0,0,1.87572547208025
0,0,0,0,0,0,0,0,0,0,0,0,0,0,0,0,0,0,0,0,0,0,0,0,0,0,0,0,0,0,0,0,0,0,0,0,0,0,0,0,0,0,0,0,0,0,0,0,0,0,0,0,0,0,0,0,0,0,0,0,0,0,0,0,0,0,0,0,0,0,0,0,0,0,0,0,0,0,0,0,0,0,0,0,0,0,0,0,0,0,0,0,0,0,0,0,0,0,0,0,0,0,0,0,0,0,0,0,0,0,0,0,0,0,0,0,0,0,0,0,0,0,0,0,0,0,0,0,0,0,0,0,0,0,0,0,0,0,0,0,0,0,0,0,0,0,0,0,0,0,0,0,0,0,0,0,0.105100990101406,0,0,0,0,0,0.447343667917367,0,0,0,0,0,0,0,0,0,0,0,0,0.21592936362379,0,0,0,0,0,0,0,0,0,0,0,0,0,0,0,0,0,0,0,0,0,0,0,0.624650768961484
0,0,-0.727732739423548,0,0,0,0,0,0,-0.0345974705802796,0,0.532883887063239,0,-0.110004400797113,0,0,0.296678561970585,0,0,0,0,0,0,0,0,0,0,0,0,0,0,0,0,0,0,0,-2.71224280379314,0,0,0,0,0,0,0,0,0.341562169801702,0,0,0,0,0,0,0,0,0,0,0,0,0,0,0,0.0281720968092516,0,0,0,0,0,0,0,0,0,0,0,0,0,0,0,0,0,0,0,0,0,0,0,0.714046694569531,0,0,0,0,0,0,0,-0.128356912681783,0,-0.37757261560771,0.397742365989845,0,0,0,0,2.99295290928795,0,0,-1.90421768124214,0,0,0,0.464714869996771,0,0,0,0,0.723272301782442,0,0,0,0,0,0,0,0,0,0,0,0.214221952582958,0,0,0,0,0,0,0,0,0,0,0,0,0,0,0,-0.196385722839117,0,0,0,0,0,0,0,0,0,0,0,0,0,0,0,0.161697228776368,0,0,0,0,-0.20048498702337,0,0,0,0,0,0,-0.721727221677836,0,0,0,0,0,0,-0.272641451962271,0,0,0,0,-1.19112837165683,0,0,-0.148171160352138,0,0,0,0,2.33661334823813,0,0,-1.54327572017996,0,-0.0389653805011121,0,0,0,0,0
0,0,0,0,0,0,0.157191404922794,0,0,0,0,0,0,0,0,0,0,0,0,0,0,0,0,0,0,0,0,1.0085439999588,0,0,0,0,0,0,0,0,0,0,0,0,0,0,0,0,0,0,-0.0557863426296581,0,0,0,0,0,0,-0.0126622443942439,0,0,0,0.496185100191714,0,0,0,0,0,0,0,0,0,0,0,0,0,0,0,0,0,0,0,0,0,-0.266816222826541,0,0,-0.0425266747588031,-0.0811649247590422,0,0,0,0,0,0,0,0,0,0,0,0,0,0,0,0,0,0,0,0,0,0,0,0,0,0,0,-0.00264171177417416,0,0,0,0,0,0,0,0,-0.174559577435762,0,0,0,0,0,0,0,0,0,0,0,0.760999305876515,0,0,0,-0.172118600436638,0,0,0,-0.0523792936603962,0,0,0,0,0,0,-0.512482522738314,0,0,0,0,0,0,0,0,0,0,0,-0.362096376934321,0,0,0,0,0,0,0,-0.228727474575624,0,0,0,0,0,0.243158413817354,0,0,0,0,0,0,0,0,0,0,0,0,-0.611788378142091,0.417728466908296,0,0,0,0,0,0,0,0,0.0914658980706224,0,0,0
0,0,0,0,0,0,0,0,0,0,-0.618744226570846,0,0,0,0,0,0,0,0,0,0,0,0,0,0,0.62916033334002,0,0,0,0,0,0,0,0,0,0,0,-1.25733968517884,0,0,0,0,0,0,0,0,0.363626852501884,0,0,0,0,0,0,-0.553186125211018,0,0,0.868566825847125,2.08492450792342,0,0,0,0,0.378790188429782,0,0,-1.38122583794849,0,0,0,0,0,0,0,0,0,0,0,0,0,0,0,0,0,0.0256661764826827,0,0,0,0,0,0,-0.548910456368155,0,0,0,0,0.0922190464966348,0,0,0,0,0,0,0,0.28533291744845,0,0,0,0.825048536049986,1.58452376009188,-0.562929711382819,0,0.540232633474593,0,0,0,-0.279247789168468,0,0,0,0,0,0,0,0,0,0,0,0,0,0,0,0,0,0,0,0,0,0,0,0.456819157207382,0,0,0,0,0,0,0,0,0,0,0.645363539325414,0,0,0,0,0,0,0,0,-0.345979208278795,0,0,0,0,0,0,-0.260688012252374,0,0,0,0,0,0,0.0740553641098995,0,0.146490757151043,0,0,0,-0.922538544832295,0,0,0.0328132461374246,0,0,0,0,0,0,0,0,0,0,0,0,0,0.347066119836291,0,0,0
0,0,-0.187276800934442,0,0,0,0,0,0,0,0.30826297043043,0,0.30203378389251,0,0,0,0,0,0,0,0,0,0,0,0,0,0,0,0,0,0,0,0,0.256510676714302,0,-0.136359500779581,0,0,0,0,0,0,0,0,0,0,-0.392514717639404,0,0,0,0,0,0,0,0,0,0,0,0,0,0,0,0,0,0,0,0,0,0,0,0,0,0,0,0,0,0,0,0,0,-0.157113588755769,0,0,0,0,0,0,0,0,0,0,0,0,0,0,0.583146312177942,0,0,0,0,0,0,0,0,0,0,0,0,0,0,0,0,0,0,0,0,0,-3.07336350486585,0,0,0,0,0,0,0,0,0,0,0,0,0,0,0,0,0,0,0,0,0,0,0,0,0,0,0,0,0,0,0,-0.0962820535568416,0,0,-0.112729270695563,0,0,0,0,0,0,-0.433007484026137,0.656325184921532,0,0,0,0,0,-2.75526570036426,0,0,0,0,0,0,0,0,0,0,0,0,0,0,0,0,0,0,0,-0.334952419607136,0,0,0,0,0,0,0,0,0,0,0,0,0
0,-0.0677325488039833,0,0,0,0,0,0,0,0,0,0,0,0,0,0,0,0,0,0,0,0,0,0,0,0,-0.195811673971461,0,0,0,0,0,0,0,0,0,0.539101492088458,0,0,0,0,0,0,0,0,0.5558283433699,0,0,0,0,0,0,0,0,0,0,0,0,0,0,0,0,0,0,0,-0.294505439593889,-0.106959801133942,0,0,0,0,0,0,0,0,0,0,0,-0.239906088673116,0,0,0,0,0,0,0,0,0,0,0,0,0,0,0,0,0,0,0,0,0,0,0,0,0,0,0,0,0,0,0,0,-0.316148041293506,0,0,0,0,0,0,0,0,-0.284182632906121,0,0,0,0,0,0,0,0,0,-0.451468393294709,0.172497001711702,0,0,0,0,0,0,0,0,0,0,0,0,0,0,0,0,0,0,0,0,0,0,0,0,0,0,0,0,0.653467384488704,0,0,0,0,0,-0.777007285591297,0,0.433311695267413,0,0,0,0,0,0,0,0,0,0,0,0,0,0,0,0,0,-0.375474153856857,0,0,0,0,0,-0.178129519110894,0,0,0,0,0,0,0
0,0,-0.538764778482448,0,0,0,0.618535950086145,0,0,0,0,0,0,0,0,0,0,0,0,0,0.176261335986717,0,0,0,0,0,-0.0718565842453156,0.461419007808522,0,0,0,0,0,0.193392820366596,0,0,0,0,0,0,0,0,0,0.0162463484221422,0,0,1.01653502571646,0,0,0,0,0,0,0,0,0.0371672708340602,0,0,0,0,0,0,1.12425534819141,0,0,0,0.0161339397660756,0,0,0,0,0,0,-0.476678083617232,-0.241043870177893,0,0,0,0,0,0,-0.0920319625632706,0,0,0,-0.427920111544834,0,0,0,0,0,-0.176012073429523,0,0,0,0,0,0,0,0,0,0,0,0,0,-0.496862960416137,0,0,0,0,0,0.63515184580114,-0.0952746885494449,0,0,0,0,0,0,0,0,0,0.794745178257384,0,0,-0.0523962410243985,0,0,0,0,0,0,0,0,0,0,0,0,0,0,0,0,0,0,0,0,0,0,0,0,0,0,0,-0.855324979025772,0,0,0,0,0,0,0.97925610093551,0,0,0,0,0,0,0,0.244306103986254,0,0,0,0,0,0,-0.349025187598745,0,0,0,0,0,0,0.239112931059503,0,0,-0.737663171962763,0,0,0,0,0,0,0,0,0,0,-0.404644523407046,0,0,0.68673792171339
0,0,0,0,0,0,0,0,0,0,0,0,0,0,0,0,0,0,0,0,0,0,0,0,0,0,0,0,0,0,0,0,0,0,0,0,0,0,0,0,0,0,0,0,0,0,0,0,0,0,0,0,0,0,0,0,0,-0.424913653060563,0,0,0,0,0,0,0,0,0,0,0,0,0,0,0,0,0,0,0,0,0,0,0,0,0,0,0,0,0,0,0,0,0,0,0,0,0,0,0,0,0,0,0,0,0,0,0,0,0,0,0,0,0,0,0,0,0,0,0,0,0,-0.563748902344851,0,0.0282689325220482,0,0,0,0,0,0,0,0,-0.335083919102863,0,0,0,0,0,0,0,0,0,0,0,0,0,0,0,0,0,0,0,0,0,0,0,0.23214515717737,0,0,0,0,0,0,0,0,0,0,0,-0.258259198291939,0,0.366023739838315,0,0,0,0,0,0,0,0,0,0,0,0,0,0,0,0,0,0,0,0,0.0984954184591087,0,0,-3.41745226972798,0,0,0,0,0,0,0
0,0,0,0,0.113316753410073,0,0,0,0,1.68310177555137,0,0,0,0,0,0,0,0,0,0,0,0,0,0,0,-1.0271528163786,-0.438874477227933,0,0,0,0,0,0.167100652837942,0,0,-0.18790614793339,0,0,0,0,0,0,5.08955092082904,-0.0588109476659671,0,0,0,0,0,0,0,0,0,0,0,0,0,-0.412372210785356,0,0,0,0,0,0.385411156816925,0,0,0.978030606878171,0,0,0,0,0,0,0,0,0,0,0,0,0,0.0311285597825399,0,0,0.252307514891835,0,-2.3749199543056,0,0,0,0,0,0,0,0,0,0,0,0,0,0,0,0,0,0,0,-1.01839657147141,0,-0.118669593898588,0,0,0,-0.588410451969006,0,0,0,0,0,0,0,-0.841885168377851,0,0,0,0,0,0,0.274999118074567,0,0,0,0.923035029841023,0,0,0,0,0,-1.37726932809712,0,0,0,0,0,0,-0.168968466344509,0,0,0,0,0,0,0,0,0,0,1.42956644777566,0,0,0,0,0,0,0,0,0,0,0,-0.232642021650417,0,0,0,0,0,0,0,0,0,0,-0.685125553008204,0,-0.482036996198749,0,0,0,0,0,0,0,0,0,0,0,0,0,0,0,0,0.417438300440225,0,0,0
0,-1.02478386128728,0,0,1.0641875683059,0,0,-0.374373474547698,0,6.95228992454301,0,0,0,0,0,0,0,0,0,-0.980850156506745,0,0,0,-0.0790059003668078,0,0,0,0,0,0.452158217712197,0,0,0,0,0,0.743552923460168,0,0,0,0,0,0,0,0,0,0,0,0,0,0,0,0,0,0,0,0,0,0,0,0,0,0,0,0,-0.656824766772449,0,0,0,0,0,0,0,0,0,2.41639511987757,0,0,0,0.415716313059483,1.71544151734575,0,0,0,0,-0.374645382992985,0,0,0,0.902144226785841,0,0,0,0,0,0,0,0,0,0,-1.54487186623677,0,0.0533309269582538,0,0,0,0,0,0,0,0,0,0,0,0,0,0,0,0,0,0,0,0,-0.457321485654019,0,0,0,0,0,0,0,0,0.0431270827403076,0,0,0,0,0,0,0,-0.422821407260632,0,0,0,0.53596853542416,0,0,0,0,0,0,0,0,2.60038576002395,0,0,0,0,0.179002876186873,0,-0.976591089605247,0.356099258085773,0,0,0,0,0,-1.95765428008342,0,-0.188569356576057,0,0,-1.32540438808091,-0.301429126597781,0.494161936527027,0.330504821192809,0,-2.67760931950154,0.305901664617977,0.215205387055618,0.758486907201488,0,-0.0547945574750008,0,0,0,0,0,0,0,0,-0.778962290716325,0,0,-0.493335721258536,0,0,-0.358611934446536,-0.487378677611503,0,0
0,0,-0.920259122699369,0,0,0,0,0,0,0,0,0,0,0,0,0,0,0,0,0,0,0,0,0,0,-0.196577618351665,0,0,-0.410929936970913,0,0,0,0,0,0,0,0,-1.01798334814873,0,0,0,0,0,0,0,0,0,0,0,0,0,0,0,0,0,0,0,0,0,0,0,0,0,0,0.0183527358498849,0,0,0,0,0,0.180508677734865,0,0,0,0,0,0,-0.262375201997621,0.259750322854494,0,0,0,0,0,0,0,0,0,0,0.320470051245629,0.230675134215384,-0.755416658745882,0,0,0,0,0,0,0,0.0388314822800817,0,0,0,0,0,1.23040343906179,0,0,0,0,0,0,0,0,0,0,0,-0.494032891101301,0,0,0,2.28116920431026,0,0,0,-0.229314122418225,0,0,0,0.168352332646156,0,1.58322220099911,0,0,0,0,0.696964779948827,0,0,0,0,0,0,0,0,0,0,-0.303910237247407,0,0,0,1.67089152832808,0,0,0.669973480196626,0,0,0,0,-0.265509963926318,0,0,0,0,0,0,0,0,0.281125714035544,0,0,0,0,0,0,0,0,0,0,0,0,0,0,0,0,0,0.968670607596979,0,0,0,-0.0387470612136207,0,0,0,0,0,0,0,0,0
0,0,0,0,0,0,0,0,0.749926855752667,0,0,0,0,0,0,0,0,0,0,0,0.194776842596325,0,0,0,0,0,0,-0.33085925990417,0,0,0,0,0,0,0,0,0,0,0,0,0,0,0,0,0,0,0,0,0,0,0,0,0,-1.08249547185588,0,0,0,0,0.00812790275983888,0,1.743536215816,0.688966296027832,0,0,0,0,0,0,0,0,0.541387359213801,0,0,0,0,0.323827738607011,0,0,0,0,0,0,0,0,0,-0.69830997025774,0,0,-0.122177294780114,0,0,0,0,0,0,0,0,0,0,0,0.0715441421986229,0,0,0,0,0,0,0.531427092856261,0,0,0,0,0,0,0,0,-0.0641828643479545,0,0,-0.522088812596321,0,5.14917885781485,0,0,0,0,0,0.569399122886157,0,2.01618069665654,0,-1.22270278959101,0,0,0,0,0,0,0,-3.76646508205967,0,0,0,0.301884233505004,0,0,0,0,0,0,0,7.59521707647629,0,0.331674803453488,-3.41886043083741,0,0,0,0,0,0,0,0,0,-0.0901738046586682,0,0,0,0,-2.4226622173402,0,0,0,0,0,0,0,0,0,0,0,0,0,0,0,0,0,0.190035531582708,0,0,0,0,0.323351012859295,0,0,0,0,0,0,0
0,0,0,0,0,0,0,0,1.26206750305826,0,0,0,0,0,0,0,0,0,0,0,0.308678846463529,0,0,0,-0.506809230996752,0,0,-1.9873129201969,0,0.0985233943189603,0,0,0,0,0,0,0,0,0,0,0,0,0,0,0,0,0,0,0,0,0,0,0,-1.49365544718294,0,0,0,0,0,0,2.41653558828822,0.528481067174907,0,0,0,0,0,0,0,0,1.0102773030372,0,0,0,0,0.177682072093229,0,0,0,0,0,0,-0.493266267251786,0,0,0,0,0.100324713877527,-0.558756080586037,0,0,0,0,0,0,0,0,0,0,0,0,0.409505926252345,0,0,0,-0.613572086252452,0,0.581969361905758,0,0,0,0,0,0,0,0,0,0,0,-0.868378462130081,0,4.7001791159985,0,0,0,0,0,1.04914622185799,0,1.85465160392279,0,-0.736835994390886,0.543502379404292,0,0,0,0,0,0,-2.75780745023639,0,0,0,0.360964857789008,0,0,0,0,0,0,0,8.47247131537569,0,0,-3.51033386282378,0,0,0,0,0,0,0,-0.473394712668959,0.5021104859255,-0.19510163055044,0,0,0,-0.406095563592767,-3.01319536199134,0,0,0,0,0,0,0,0,-0.362749390342437,-0.0196052861584075,0,0.889170125192335,0,0,0,0,0,0,0,0,0,0,0,0,0,0,0,0,0,0
0,0,0,0,0,0,0,-0.571181541942661,1.35124708097661,0,0,0,0,0,0,0,0,0,0,0,0,0,0,0,0,0,0,0,0,0,0,0,0,0,0,-0.27282057748627,0,0,0,0,0,0,0,0,0,-0.118553895417117,0,0,0.180382613046646,0,0,0,0,-0.648449823048729,0,0,0,0,0,0,0,0,0,0,0,0,0,0,0,0,0,0,0.0390368499685292,0,0,0,0,0,0.294579066686023,0,0,0,-0.0398513076790481,0,0,-0.374623314062101,0,0.0778897003787826,0,0,0,0,0,0,-0.6788008412461,0,0,0,0.739891363878225,0,0,-0.578538397072929,0,0,0,0,0,0,0,-0.0555043030032945,0,0,0,0,0,-0.561004500276508,0,0,0,0,0,2.12837787287138,0,0,0,0,0,0,0,2.55995340900978,0,0,0,0,0,0,0,0,0,-0.918852289663914,0,0.0231832320238456,0,0,0,0,0,0.511444702982539,0,0,0,4.99346135047055,0,0,0,0,0,0,0,0,0,-0.043475233214461,0,0,0,0,0,0,-0.430390222682151,0,0,0,0,-0.344215543348847,0,0,0,0,-0.872865542215526,0,0,0,0,0,0,0,0,1.0186130500727,0,0,0,0,0,0,0,0,0,0,0,0
0,0,0,0,-0.0879877448085209,0,0,0,0,0,0,0,0,0,0,0,0,0,0,0,0,0,0,0,0,0,0,0,0,0,-0.00224642804886765,0,0,0,0,0,0,0,0,0,0,-0.0544039675651677,0,0,0,0,0,0,0,0,0,0,0,0,0,0,0,0,0,0.0428996757410069,0.00149673008167039,0,0,-1.04789901890076,0,0,0.00519997051297527,0,0,0,0,0,0,0,0,0,0,0,0,0,-0.283401892020448,0,0,0.00669456082451436,0,0,0,0,0,0,0,0,0,0,0,0,0,0,0,0,0,0,0,0,0,0,0,0,0,0,0,0,0,0,0,0.450737750659425,0,0.0428681267207676,0,0,0,1.24445053326128,0,0,0,0,0,0,0,0,-1.39423935205795,0,0,0,0,0,0,0,0,-0.23229818414651,0,0,0,0.542733056255002,0,0,0,-0.274513486582665,0,-0.303860836346209,0,1.28976953228711,0,0,-0.418990286405346,0,0,0,0,0,0,0,0,0,0,0,0,0,0,0,0,0,0,0,0,0,0,0,0,0,0,0,0,0,0,0,0,0,0,0,0,0,0,0,0,0,0,0,0,0
0,0,0,0,0,0,0,0,0,0.144883566726211,0,0,0,0,0,0,0,0,0,0,0,0,0,0,0,0,0,0,0,0,0,0,0,0,0,0,0,0,0,0,0,0,3.54960506682172,0,0,0,0,0,0,0,0,0,0,0,0,0,0,0,0,0,0,0,-0.540518959481344,0,0,-1.11665926669538,0,0,0,0,0,0,0,0,0,0,0,0,0.234241560656742,0,0,0,0,0,0,0,0,0,0,0,0,0.375947429356349,0,0,-0.0966806872183366,0,0,0,0,0,0,0,0,0,0,0,0,0,0,0,0,-0.703002887457189,0,0,0,0,0,0,0,0,0,0,0,0,0,0,0,0,0,0,0,0.00764795204419566,0,0,0.0498107500265077,0,0,0,0,0,0,0,0,0,0,0,0,0,0,0,0,0,0,0,0,0,0,0,0,0,0,0,0,0,0,0,0,0.0150999920867192,0,0,0,0,0,0,0,0,0,0,0,0,0,0,0,0,0,0,0,-0.198221805611761,0,0,0,0,0,0,0,0,0,0,0,0
0,0,0,0,0.239600639469532,0,0,0,-0.355144368218176,0,0,0,0,0,0,0,0,0,0,0,0,0.447336973537883,0,0,-0.0185982180795163,0,0,0,0,0,0,0,0,0,0,0,0.0745199744240059,0,0,0,0,0,3.04333050263798,0,0,0,-0.143036368028879,0,0,0,0,0,-0.148619609304079,0,0,0,0,0,0,0,0,0,-0.204666569339194,0,0,-0.885780155395687,0,0,0,0,0,0,0,0,0,0,0,0,0.810981397236692,0,-0.0210193893354771,-0.0703789940383479,0,0,0,0,0,0,0,0,0,0,0,0,0,0,0,0,0,0,0.187837865359464,0,0,0,0,0,0,0,0,0,0,0,0,0,0,0,-0.225241884517273,0,0,0,0,0,0,0,0,0,-1.00480837657186,0,0,0,-0.139147104924171,0,0,0,0,0,0,0,0,0,-0.103892628453551,0,0,-0.0488205971939302,0,0,0,0,0,0.258751931359658,0,0,0,0,0,0,0,0,0,0,0,0,0,0,0,0,0,0,0,0,0,0,0,-0.0523556922159958,0,0,0,0,0,0,0,0,0,0,0,0,0,0,0,0.971971957758227,0,0,0,0,0,0,0,0,0,0
0,0,-0.324898212013562,0,0,0,0,0,0,0,0,0,0,0.0565466476326517,0,0,0,0,0,0,0,0,0,0,-0.399241657269972,0,0,0,0,0,-0.300506728756176,0,0,0,0,0,0,0,0,0,0,0,0.0614747701052225,0,0,0,0,0,0,0,0,0,0,0,0,0,0,0,0,0,0,0,0,0,0,0,0,0,0.0572329440863921,0,0,0,0,0,0,0,0,0,-0.935793906336164,0,0,0,0,0,0,0.528577747389034,0,0,0,0,0,0,0,0,0,0,0,0,0,0,0,-0.269226387481954,0,0,0,0,0,0,0,0,0,0,0,0,0,0,0,0.305922547930605,0,0,0.244308883605402,0,0,0,0,0,0,0,0,0,0,0,0,0,0,0,0,0,0,0,0,0,0,-1.41683678945684,0,2.62338650406907,0,0,0,0,0,0,0,0,0,-0.281109935100163,0,0,0,0,-0.032189221222257,0,0,0,0,0,0,0,0,0,0,0,0,0,0,0,0,0,0,0,0,0,0,0,0,0,0,0,0,0.209844515789845,0,0,0,0,0,0,0,0,0,0
0,0,-0.119022445037498,0,0,0,0,0,0,0,0,0,0,0,0,0,0,0,0,0,0,0,0,0,0,0,0,0,0,0,0,0,0,0,0,0,0,0,0,0,0,0,0,0,0,0,0,0,0,0,0,0,0,0,0,0,0,0,0,0,0,0,0,0.944794511724538,0,2.00741636777752,0,0,0.27718402869198,0,0,0,0,0,0,0,0,-0.0236610659618033,-0.52910570030474,0,0,0,0,0,0,0,0.241693629150464,0,0,0,0,0,0,0,0,0,0,0,0,0,0,0,0,0,0,0,0,0,-0.241168834106774,0,0,0,0,0,0,0,0,0.0946147365058905,0,0,0,0,0,0,0,0,0,0,0,0,0,0,0,0,0,0,0,0,0,0,0,0,0,-0.687631551001683,0,2.52845781910149,0,0,0,0,0.440173888451715,0,0,0,0.295875249688068,0,0,0,0,0,0,0,0,0,0,0,0,0,0,0,0,0,0,0,0,0,0,1.31341735650346,0,0,0,0,0,0,0,0,0,0,0,0,0,0,0.143529402851102,0,-0.0727534265364831,0,0,0,0,0
0,0,-0.521441082810668,0,0,0,0,0,0,0,-0.126514669375763,0,0,0,0,0,0,0,0,0,0,0,0,0,0,0,0,0,0,0,0,0,0,0,0,0,0,0,0,0,0,0,0,0,0,0,0,0,0,0,0,0,0,0,0,0,0,0,0,0,0,0,0,0.387891378062526,0,2.6991017216393,0,0,0,0,0,0,0,0,0,0,0,0,0,0,0,0,0,0,0,-0.117451403176009,0,0,0,0.114441496986848,0,0,0,0,0,0,0,0,0,0,0,0,0,0,0,0,0,0,0,0,0,0,0,0,0,0,0,0.0950928185103972,0,0,0,0,0,0,0,0,0,0,0,0,0,0,0,0,0,0,0,0,0,0,0,0,0,-0.382036067641195,0,2.67997205946231,0,0,0,0,0,0,0,0,0,0,0,0,0,0,-0.688993378155543,0,0,0,0,0,0,0.0285448134286861,0,0,0,0,0,0,0,0,0,0.840430630931164,0,0,0,0,0,0.10338285522507,0,0,0,0.695827690124204,0,0,0,0,0,0,0,0,0,0,0,0
0,0,-0.097000860330809,0,1.09388460699087,0,0,0,0,0,0,0,0,0,0,0,0,0,0,0,0.772617639470316,0,0,0,0,0,0,0,0,0,0,0,0,0,0,0,0,0,0,0.410412674276813,0,0,0,0,0,0,0,0,0,0,0,0.14223764668832,0,0,0,0.271861094794519,0,0,0,0,0,0,0,0,0,2.21771570120635,0,0,0,-0.137552236758468,0.292121369552512,0,0,0,0,0.187031070366477,0,-1.28442383418568,0,0,-0.0128112395874185,-0.0280846178668428,0,-1.54820881481828,1.6736189527671,0,1.05617974609692,0.658310866492501,0,0,0,0,0,0,0,0,0,0,0,0,0,0,0,0,0,0,0,0,0,0,0,0,0,0,0,0,0,0.718263560693334,0,0,-0.376168523085264,0.0456773545375471,0,0,0,0,0,0,0.881042953968902,0,0.404482691387294,0,0,0,0,0,-0.394487847759691,0,0,0.6298541796433,0.919165237797713,-0.00552902201225125,0,0,0,2.77694318269507,0,0,-0.98799709022187,0.622574208934447,0,0,0,0,0,0,0,0,0,0,-1.13859143732864,-0.257037359442073,0,0,0,0,0,0,0,0,0,0,0,0,0,0,0,2.05088815084034,0,0,0,0,0,0.278061523723522,0.911582451895277,0,0,1.57041254881927,0,0.43836314677897,0,0,0,0,0.101093149823856,0,0,0,0,0
0,0,-0.820124708229753,0,0.0706030748370012,0,-0.00947018144137868,0,0,0.432707697329937,0,0,0,0,0,0,0.155933098400439,-0.927963586834474,-0.476973621911983,0,0,0,0,0,-0.815938050385582,0,0,0,-0.622406930583533,0,0,0,0,0,0,-0.0805588462998659,0,0.317961619919201,0,0,0,0,0,0.330957654279791,0,0,1.82507965860095,0,-0.140004661711892,-0.520347982236973,0,0,-0.151749283801969,1.15697208675556,0,0,0,0,0,0,-0.314950682642423,0.3021455995406,0,0,0,0,0,0,0,0,0,0,0,-0.0234171784110484,0,0.919334902627351,0,0,0.157689078440693,0,0,-0.70304526631011,0,0,0,0,0,0,0,0,0,0,0,0,0,0,0,0,0,0.535989033593568,0,-0.755810339023527,0,0,0,-0.462108209159033,0,0,0,0,0.0260308853602891,0,0,0,0,0,0,0,0,0.398069266042484,0,0,0,0,0,0,0,0,0,0,-0.494855767126425,0.35352328153478,0.44094996762099,0,0,0,0,0,0,0,0.711441496117592,0,0,-5.25201335513047,0,0,0,0,0,0,-0.282709782950078,0,0.384841101336323,0,0,0,0,0,0,0,-0.874296755843342,0,0,0.11433614465005,0,0,0,0.231414656529933,0,0,0.0686118658771206,0,-0.446815224827308,0,0,0,0,0,-0.188956774626191,0,0,0,0,0,0,0,0,0,0,0,0.0610958155565731,0,0.358459306238045,0,0,0.144366822978934,0.311190687020625,0,0,0.253079659020484
0,0,0,0,0,0,0,0,0,0,0,0,0,0,0,0,0,0,0,0,0,0,0,0,0,0,-0.25528614303001,0,0,0,-0.107421614850511,0,0,0,0,0,0,0,0,0,0,0,0,0,0,0,0,0,0,0,0,0,0,0.124081890624954,0,0,0,0,0,0,0,0,0,0,0,0,0,0,0,0,0,0,0,0,0,0,0,-0.034420037402628,0,0,0,0,0,0,0,0.00810718875555261,0,0,0,0,0,0,0,0,0,0,0,0,0,0,0,0,0,0,0,0,0,0,0,0,0,-0.211565627297264,0,0,0,0,0,0,0,0,0,0,0,0,0,0,0,0,0,0,-0.266691647996755,0,0.159773949973419,0,0,0,0,0,0,0,0,0,0,-0.448331578217247,0,2.2923985674348,0,0,-0.0122212156867159,0,0,0,0,0,0,0,0,0,0,0,0,0,0,0,0,0,0,0,0,0,0,0,0,0,0,0,0,0,0,0,0,0,0,0,0,0,0,-0.802808026837479,0,0,0,0,0,0,0,0,0,0,0,0
0,0,-0.233483071438189,0,0,0,0,0,-0.00667434096636588,0.735289441098849,0,0,0,0,0,0,0,0,0,0,0,0,0,0,0,-0.0488528407897038,0,0,0,0,0,0,0,0,0,-0.698365286796144,0,0,0,0,0,0,0,0,-0.0177776550133169,0,0,0,0,0,0,0,0,0,0,0,0,0,0,0,0,0,-1.05403210761961,0.100301699654685,-0.394741260691619,-0.160401843320233,0,0,0,0,0,0,0,0,0.039360332322157,0,0,-0.154520679281126,0.419852736964891,0,2.61221714037988,0,0,0,1.61853314573288,0.992859750098879,0,0,0,0,0.100343131082722,0,0,0,0,0,0,0,0.0513319453054757,0,0,0,0,0,0,0,0,0.0252497446725073,0,0,0,0,0,0,0,0,0,0,0,0,-0.663440451848945,0,0,0,0,0,4.63205121497429,0,0,0,0,0,0,0,0,0,-0.09083399350854,0,0,0,0,0,0,0,0,0,0,0,0,0,0,0,-0.601625669412672,0,0.449415407424379,0,0,0,0,0,0,0,0,0.310302403241638,0,0,0.42855583167718,0,0,0,0,0,0,0,0,-0.18502201831853,0,0,0,0,0,0,-0.103271047629984,0,0,0,0,0,0,0,0,0,0.458116396242296,0,0,0,0.274525327621924,0,0,0
0,0,0,0,0,0,-0.891281733195657,0,0,3.76916686807985,0.942505803814625,0,-0.0265754046849316,-0.541149423263746,0,0,0,0.484824904988934,0,0,0,0,0,0,-1.56409874359255,0,0,0,0,0,-0.0229474505150198,0,0,0,0,0,0,0,0,0,0,0,0,0,-0.744574211865313,0,0.262730531684906,-0.0235638085367831,0,0,0,-0.0628611290477998,0.401843235785961,0,0,0.324283168726024,0,0,0,0.664577720463378,0,0,1.77200519116915,0,-0.686958330248621,0.240321460113966,0,0,0,0,1.01414264559482,0,0,0,0.242719928587882,0,0,0.115497354400516,0.630823705050308,-1.48353650563595,0,0.144890807211165,0,-0.69825299775183,0,-0.707844556906187,0,0,0,0,0,-0.165794557214155,0,0,0,0,0,0,0,0,0.620973091934487,0,0,0,0,0,0,0.355738541925334,0,0,0,0,0,0,0,0,0,-0.175548919084588,0,0,-0.630476774402231,0.0971188567712558,0.101912281566497,0,0,0,0,0,0,0,0,0,0,0,0,-0.550624096629323,0.613850123996454,0,0,0.450195894338174,0,-0.152954816446531,0.0893790420971285,0,0,0,0,0,1.19557014880642,0,0,-0.145711877037612,-0.731412182809138,0,0.6781650407161,0,0.0812750702075298,0,0.164072865269126,0,0,0,0,0,0,0,0.223275869263896,0.692234443433925,0,0,0,0,0,2.23756856633192,-0.127495426127596,-0.892831382862791,0,0,0,-0.456109660905293,0,0,0,0,0.897838893990682,-0.717016052304439,0,0,0,0,0,-0.401573241881261,0,0,-0.74564454649577,0,0,0,0,0
0,0,0,0,0,0,0,0,0,0,0,0,0,0,0,0,0,0,0,0,0,0,0,0,0,0,0,0,0,0,0,0,0,0,0,0,0,0,0,0,0,0,0,0,0,0,0,0,0,0,0,0,0,0,0,0,0,0,0,0,0,0,0,0,0,0,0,0,0,0,0,0,0,0,0,0,0,0.154498348303284,0,0,1.83484645347535,0,0,0,0,0,-0.572753022561941,0,0,0,0,0,0,0,0,0,0,0,0,0,0,0,0,0,0,0,0,0,0,0,0,0,0,-0.00782756323024358,0,0,0,0,0,0,0,0,0,0,0,0,0,0,0.403727853872403,0,0,0,0,0,0,0,0,0,0,0,0,0,0,0,0,0,0,0,0,0,0,0,0,0,0,0,0,0,0,0,0,0,0,0,0,0,0,0,0,0,0,0,0,0,0,0,0,0,0,0,0,0,0,0,0,0,0,0,0,0,0,0,0,0,0,0,0,-0.127520730355576,0,0
0,0.361814928002794,-1.120881251338,0,0,0.120816157192797,0,0,0,0,0,0,0,0,0,0,0,0,0,0,-0.114562064989856,0,0,0,-0.672038151620899,0,0.278744840338017,-0.394019241806337,0,0,0,0,0,0,0,0,0,3.19785689809052,0,0,-0.26301678864118,0,0,0.145721259044745,-0.488780007401971,0,0,0,0,0,0,0,0,0,0,0.649592954591931,0,0,0,0.317709141724595,0,0,0,0,-1.61171158491003,0,0,0,0,0,0,0,0,-0.103917709077688,0,0,0,0,0,0,0,-0.465130554862789,0,0,0,0,-1.87514415156172,0,0,0,0,0,0,0,-1.96755480633169,0,0,0,0,0,0,0,0,0,0,0,0.0769404557580669,0,1.49104485748986,0,0,0,0,0,0,0,0,0,0,0,0,0,0,0,0,-0.0449131082520569,0,0,0,0,-3.82073246792691,2.50528916959508,0,0,0,0,0,0,0,0,0,0,0,0,0,0,0,0,0,-0.590182100439477,0,0,0.269746555260169,0,0,0,0,0,0,0,0,0,0,0,0,0,0,0,0,0,0,0,0,0.00837279931841706,0,0,0,0,0,0,0,-1.16096090120555,0,1.12818530538274,0,0,0,-0.85855291958974,0,-0.241609437654922,0.163481929793054,0,0,0,0,0,0,0,0,0
0,-0.491895038807514,0,0,0,0,0,0,0,0,0,0,0,0,0,0,0,0,0,0.241859438410277,0,0,0,0,-0.41056028716535,0,0,0.0465474211846584,0,-0.119362879429166,-0.0360749310673945,0,-0.500629157707335,0,0,0,0,5.3061131143773,0,0,0.0862834775675081,0,0,0,0,0,0,0,0,0,0,0,0,0.111935499792096,-0.374484097698269,-0.294191509163272,0,0,0,0,0,0,0,-0.246163161500678,0,0.92894638130552,-0.404012394048661,0,0,0,0.0318007039251018,-0.0628963321450404,0,0,0,0,0,-0.492599014730076,0,0,0,-1.5936473772601,0,0.0654440780558569,0,1.69552691919595,0.516577642228787,0,0,-0.848159529517415,0,2.28101991310902,0.261836114417545,-0.132045390634523,0,0,0,0,0,0.322763212622809,0,-0.0317169077223625,0,0,0,0,0,0,0.091042107471736,0,0,0,0,-1.03450179251768,-1.16809195906449,0,0,0,0,0,0,0,0,0,0,0,-0.572039805183456,0,-0.155764660510782,0,0,0,0,0,0,0.313057934182016,0,0,0,0.68659919159286,0,0,0,0,0,0,0,0.0807480951403385,-0.0605834906356637,0,0,0,0,0.0446947926862074,0,-3.21275011875546,0,0,0,-0.19965354040182,-0.00152381231042242,0,0,0,0,0,0,0,-2.06999757117662,-0.285664271826795,0,0,0,0,0,0,-0.13785505347066,0.477462453888517,0,0,0,0,0,0.606962059318674,0,0,0,0.167909259077853,0,0,0,0,0,0,0,-3.11446862616824,0,0,0,0
0,0.124256432949479,-0.0587916579838956,0,0,1.1368963561474,0,0,0.314941454121996,-1.39349357042104,1.19310396151676,0,0.547017529806349,0,0,0,0,0,0,1.29054656128728,0,0,0,0,-2.85957506467424,0,0,0,-0.278282388826301,0.665572391004644,0,0,0.76061767282965,0.507588334626357,0,0,0,0,0,0,0,0,0,0,0,0.0657507781475786,0,0,0,0,0,0,0,0,0,0,0.408553946072936,0,0,0,0.023700448104637,0,0,0,0,0,0,0,0.165256045095106,0,0,0,0,0,0,0,0,0,1.72929688496969,0,0,0,0,0,0,0,0,0,0.853055095995811,0,0.0675000093102769,0,0,0,0,0,-0.719709946093892,0,1.03730041640188,0,0,0,0,0,0,0,0,-0.388326663998021,0,0,0,0,0,0,0,0,0,0,0,-2.42412548385243,0,0,0,0,0,0,0,0,0,-0.65455090791147,0,-0.666892312108192,0,0,1.92821173429566,0,0.446384963657385,0,0,0,0,-0.252860151927844,0,0,0,0,0,0,0,0,0,0,0,0,0.627118340608102,0,0,0,-0.879787059260581,0,0,0,0,0,0,-0.425358430730942,-0.367273952482308,0,0,0,0.624022278735876,0,0,0,0,2.52773164968426,0,0,0,-0.624366524305939,0,0,0,0,-2.01108337678153,0,0,0,-0.0521058098417173,1.47934120196911,0,-0.0820684260593767,0,0,0,0,0.085189575327743,-0.991705177159783,0,0
0,0,-0.765762043990264,0,0,0,0,0,0,0,0,0,0,0.626014680875659,0,0,0,0,0,0.572289536234033,0,0,0,0,0,0,0,0,-0.608792565670299,0,0,0,0,-1.09874264236625,0,0,0,0,0,0,0,0,0,-0.0319247033351797,0,0,0,0,0,0,0,0,0,0,0.0938936239755424,0,1.97255684162393,-0.380804243534243,0,0,0,0,0,0,0,-0.305926993158753,0,0,0,0,1.56298579662697,0,0,0,0,0,0,0,0,0,0,0,0,0,0,0,0,-0.0821398034355749,0,0,0,0,0,0,0,0,0,0,0,0,0,0,0,0,0,0,0,0,0,0.29786113797799,0,0,0,0,0,0,0,2.17624636629704,0,0,0,0,1.11809037039224,-0.106672062960107,0,0,-0.257763885305213,0,0,0,0,0,0,0,0,0.243602382481731,0,0,0,0,0,0,0,0,0,0,0,0,0,0,0,0,0,0,0,0,0,0,0,0,0,0,0,0,0,0,0,-1.67951788400655,-1.10200229963279,0,0,0,0,0,0,0,10.5872544278921,0,0,0,0,0,0,0,0,0,0,0,0,0,0.437739417423629,0,0,0,-0.311446831273661,0,0,0,0,-0.466870628642519
0,0,0,0,0,0,0,0,0,0,0,-0.0658169557636958,0,0,0,0,0,0,0,0.314095283119453,0,0,0,0,0,0,0,0,0,0,0,0,0,0,0,0,0,0,0,0,0,0,0,0,0,0,0,0,0,0,0,0,0,0,0,0,0,0,0,0,0,0,0,0,0,0,0,0,0,0,0,0,0,0,0.310315187045437,0,0,0.562886197581421,0,0,0,0,0,0,0,0,0,0,0.194468791052925,0,0,0,0,0,-0.126785029321567,0,0,0,0,0,0,0,0,0,0,0,0,0,0,0,0,0,0,0,0,0,0,0.399510686577275,0,0,0,0.0941631055376715,0.222182691199551,0,0,0,0,0,0,0,0,0,0,0,0,0.522067475761459,0,0,0,0.443836919947654,-0.0797611391953559,0,0,0,0,0,0,0.0718344480792286,0,0,0,0,-0.871269794650293,0,0,0,0,0,0,0,0,0,0,-0.132147880488908,0,0,0,0,0,0,0,0,0,0,0,0,10.4895391027298,0,0,0,0,0,0,0,0,0,0,0,0,0,0,0,0,0,0,0,0,0,0,0
0,0,0,0,0,0,-0.160282143265778,0,0,0,0,-0.429463181477904,0,0,-0.423319704854783,0,0,0,0,0,0,0,0,0,0.0727284782519337,0,0,0.0316662319006558,0,0,0.193957184234925,0,0,0.89401708526136,0,0,0,0,0,0,-0.253093905581701,0,0,0,0,0,0,0,0,0,0,0,0,0,0,0,-0.0151814000873907,0,0.123363236374795,0,0,0,0,0,0,0,0,0,0,0,0,0,-0.0111218184232009,0,0.392162264927922,0,0,0,0,0,0,0,0,0,0,0,0,0,0.793860609480128,0,0,0,0,0,0,0,0,0,0,0,0.627121771001552,0,0.847890948049707,0.579269530897287,0,0,0,0,0,0,0,-0.394704696097862,0,0,-0.394121132470496,0.0286367108652104,0,0,0,-0.237742562309286,0,1.66639282300403,0,0,0,0,0,0,0,0,0,0,0,0,0,0,0,0,0,0,0,0,0,0,0,0,0,0,-0.816070934913849,0,0,0,-1.10378962127208,0,0.153058061968144,0,0,0,0,0,0,0,0,0,0,0,0,0,0.150120284458689,0,0,0,0,0,0,0.715511641805339,11.5128046530064,0,0,0,0,0.193742541973203,0,-0.0580504536981701,0,0,0,0,0,0,-0.618350166741572,0,0,0,0,0,0,0,0,0
0,0,0.00755083772961362,0,0,0,0,-0.748232378105377,0,0,0,0,0,0,-0.45832903611761,0,0,0,0,0,0,0,0,0,0,0,0,0,0,0,0.0346007964719128,0,0,0,0,0,0.224027789850168,0,0,0,0,0,0,0,0,-0.626923125815077,0,0,0,0,0,0,0,0,0,0,0,0,0,0,0,0,0,0,0,0.22339982592553,0,0,0,0,0,0,0,-0.588568747629697,0.240533271744293,0,0,0,0.0539422049141816,0,0,0,0,0,0,0,0,0,0.10289908666637,0,0,0,0,0,-0.0412287818447661,0,0,0,0,0,0,0,1.00837063514098,0,0,0,0,0,0,0,0,0,0,0,-0.221025358921209,0.502126022059515,0,0,0,0,0,1.69774745314982,0,0,0,0,0,0,0,0,0,0,0,0,0,0,0,0,0,0,0,0,0,0,0,0,0,0,0,0,0,0,-0.526369223625575,0,0.88175349844867,0,0,0,0,0,0,0,0,0,0,0,0,0,0,0,-0.316991748962715,0,0,0,0,0.273365757753123,11.3318648431238,0,0,0,0,0,0,-0.37548526396865,0,0,0,0,0,0,0,0,0,0,0,0,0,0,0,0
0,0,0,0,0,0,0,0,0.00100079589689317,0,-2.02073516101086,-0.675090295703924,0.124201103736236,0,-0.665815432458593,0,0.123713823901739,0,0,0,0,0,0,0,-0.0696230090677996,0,0,0,0,0,0,0,0,0,0,0,0,0,0,0,0,0,0,0,0,0,-0.1515597188103,0,0,0.440736570256663,0,0,-0.051998716637891,0,0,0,0,0,0,0,0,0.150359070162021,0.464979367646531,0,0,0,0,0,0,0,0,0,0,-0.439494735674429,0.970011555439827,0,0,0,0,0,0,0,0,0,-0.260148102145657,0,0,0,0.293112581442947,0.37970048408792,0.201821774454975,0,0,0,0,0,0,0,0,0,0.60741868533113,0,0,0,0,0,0,0,0,0,0,0,0,0,-0.820692450153669,0,0,-0.0126377050070474,0,0,0,0,0,0,0,0,-0.164138530671609,0,-1.01430143139565,0,0,0,-0.986737912349887,0,0,0,0,0,0,0,0,0,0,0,0,0,0,0,0,0,0,0,-0.653979081325298,0,2.19278461296499,0,0,0,0,0,0,0,0,0,0,0,0,0.161212016675186,0,0,0,0,0,0,0,0,12.4969751987387,-0.541069505971012,0,0,0,0,0,0,0,0,0,0,0,0,0,0,-1.8015434397476,0.032636392561902,0,0,0,0,0,0
0,0,0,0,0,-0.162471283456839,-0.125800991186997,0,0,0,0,-0.197968498807311,0,0,0.226114314157378,0,0,0,0,0,0,0.0391358627227012,0.106037259142207,0,0,0,0,0,0,0,0,0,0,0.24132153720465,0,0,0,-1.13827751903793,0,0,0,-0.674697167229889,0,0,0,0,0,0.156225376712224,0,0,0,-0.0383487211860289,0,0,0,0,0,0,0,0,0,0,0.477634107357774,0,0,0,0,0,0,0,0,0.0737562593327612,-0.401512587971654,0,0,0,0,0,0,0,0.195144840004921,-1.93589227340548,-0.174145105158219,0.25597843987945,0,0,0,0,0,0,0,0,0,0,0,0,0,0,0,0,0,0,0,0,0,0,0,0,0,-0.427691637410983,0,0,0,0,-1.7104777601504,0,0,0,0,0,-0.156494789302702,0,-0.25226116641351,0,0,0,0,0,-0.158438975904101,0,0,0,-0.8514432440364,0,0,0.0994711708369853,0,0,0,0,0,0.823479829143901,0.630974046094552,0,-0.576659723217721,0,0,-1.09295436266715,0,-0.84347387109182,0,0,-0.75111225931741,0,2.74633564956969,0,0,0,0.591371574894315,0,0,-0.162448515526855,0,0,0,0,0,0,0,0,0,0,0,-1.2540640671928,0,0,8.33905026582518,0,0,0,-0.25354622518926,0,0,0,-0.391778533634904,0,0,0,0,0.141833920036244,0,0,-7.81450926158853,0,0,0,0,0,0,0.128388132047881
0,0.147823996535828,0,0,0,0,0,0,0,0,0,0,0,0.135433159008718,0,0,0,0,0,0,0,0,0,0,0,0,0,0,0,0,0,0,0,0,0,-0.513608056487013,0,0,0,0,0,0,0,0,0,0,0,0,0,0,0,0,0,0,0,0,0,0,0,0,0,0,3.28902192239456,0,0,0,0,0,0,0,0,0,0,0,0,0,0,0,0,0,0,0,-0.95041586900594,0,0,0,0,0,0,0,0.414578170902992,0,0,0,0,0,0,0,0,0.320155125003059,0,0,0,1.04437430141777,0,0,0,0,0,-0.535796754529323,0,0,0,0,0,0,0,0,0,0,0,-0.475107056706222,0,0,0,0,0,-0.0277239924806383,0,0,0,0,0,0,0,0,0,0,0,0,0,0,0,0,0,0,0,0,0,0,0,0,0,0,0,0,0,0,0,-0.390975776762019,0,0,0,0,0,0,0,0,0,0,0,0,0,0,0,0,0.384066510595352,-0.171084542951703,0,0,0,0,0,0,0,0,0,0.226970826048275,0,0,0,0,0,0,0,0,0,0,0.75821661984651,0
0,0,0,0,0,0,0,0,0,0,0,0,0,0,0,0,0,0,0,0,0,0,0,0,0,-0.0572662644660917,0,0,0,0,0,0,0,0,0,0,0,0,0,0,0,0,0,0,0,0,0,0,-0.284878579588794,0,0,0,-0.189956329851992,0,0,0,0,0,0,0,0,0,2.98855154764521,0,0,0,0,0,0,0,0,0,0,0,0,0,0,0,0,0,0,0,0,0,0,0,0,0,0,0,0,0,0,0,0,0,0,0,0,0,0,0,0,0,0,0,0,0,0,-0.5495053379304,0,0,0,0,0,0,0,0,0,0,0,0,0,0,0,0,0,0,0,0,0,0,0,0,0,0,0.0178075610575488,0,0,0,0,0,0,0,0,0,0,0,0,0,0,0,0,0,0,0,-0.0925593583358011,0,0,0,0,0,0,0,0,0,0,0,0,0,0,0,0,0,0,0,0,0,0,0,0,0,0,0,0,0,0,0,0,0,0,0,0,0,0,0,0,0,0,0
0,0,0,0,0,0,0,0,0,0,0,0,0,0,0,0,0,0,0,0,0,0,0,0,0,0,0,0,0,0,0,0,0,0,0,0,0,0,0,0,0,0,0,0,0,0,0,0,-14.0163454121144,0,0,0,0,0,0,0,0,0,0,0,0,0,0,0,0,0,0,0,0,0,0,0,0,0,-0.447050549893618,0,0,0,0,0,0,0,0,0,0,0,0,0,0.18865318091222,0,0,0,0,0,0,0,0,0,0,0,0.0356439384712375,0,0,0,0,0,0,0.0932657671705952,0,0,0,0,0,0,0,0,0,0,0,0,0,0,0,0,0,0,0,0,0,0,0,0,0,0,0,0,0,0,0,0,0,0,0,0,0,0,0,0,0,0,0,0,0,0,0,0,0,0,0,0,0,0,0,0,0,0,0,0,0,0,0,0,0,0,0,0,0,0,0,0,0,0,0,0,0,0,0,0,0,0,0,0,0,0,0,0,0,0,0,0
0,0.126241730749544,0,0,0,0,0,0,0,0,0,0,0,0,0,0,0,0,0,0,0,0,0,0,0,0,0,-0.278313340250517,0,0,0,0,0,0,0,0,0,0,0,0,0,0,0,0,0,0,0,0,-18.4796744905851,0,0,0,-0.0485842095502063,0,0,0.392222478321486,0,0,0,0,0,0,0,0.228923967154995,0,1.63941650967475,0,0,0,0,0,0,0,0,-0.0139585845517669,0,0,0,0,0,0,0,0,0.693432570824001,0,0,0,0,0,0,0,0,0,0,0,0,0,0,0,0,0,0,0,0,0,0,0,0,0,0,0,-1.00169015309744,0,0,0,0,0,0,0,0,0,-0.473379040170697,0,0,0,0,0,0,0,0,0,0,0,0,0,0,0,0,0,0,0,0,0,0,0,0,0,0,0,0,0,0,0,0,0,0,0,0,0,0,0,0,0,0,0,0,0,-0.00816861918875467,0,0,0,0,0,0,0,0,0,0,0,0,0,0,0,0,0,0,0,0,0,0,0,0,0,-0.232104884089288,0,0,0,0,0,0
0,0,0,0,0,0,0,0,0,0,0,0,0,0,0,0,0,0,0,0,0,0,0,0,0,0,0,0,0,0,0,0,0,0,0,-0.529354335045843,0,0,0,0,0,0,0,0,0,0,0,0,-20.8293715534123,0,0,0,0,0,0,0,0,0,0,0,-0.958915433812199,0,0,0,0,0,0,0,0,0,0,0,0,0,0,0,0,0,0,0,0,0,0,0,0,0.294712256263831,0,0,0,0,0,0,0,0,0,0,0,0,0,0,0,0,0,0,0,0,0,0,0,1.2515502141739,0,0,0,0,0,0,0,0,0,0,0,-0.424351857416323,0,0,0,0,0,0,0,0,0,0,0,-0.250072076714353,-0.0907895176250288,0,0,0,0,0,0,0,0,0,0,0,0,0,0,0,0,0.0798240842060771,0,0,0,0,0,0,0,0,0,0,0,0,0,0,0,0,-0.0750075682358677,0,0,0,0,0.212730888017149,0,0,0,0,-0.225605062153268,0,0,0,0,0,0,-0.330899067739077,0,0,0,0,0,0,0,-0.649681251712162,0,0,0,0,0,0
0,0,0,0,0,0,0,0.29175786587225,0,0,0,0,0,0,0,0,0,-0.127048801363987,0,0,0,0,0,0,-0.117123032038568,0,0,0,-0.207553320430405,0,-0.361101467300014,0,0,0,0,0,0,-0.209431002769459,0,0,0,0,0,-0.314973452460124,0,0,0,0,-21.7148317678837,0,0,0,0,0,0,0,-1.5565908971595,0,0,0,-0.639735604788223,0,0,0,0,0,0,0,0,0,0,0,0,0,0,0,0,0,0,0,0,0,0,0,0,0,0,0,-0.182988337186795,0,0,0,0,0,0,0,0,0,0,0,-0.20121833409859,0,0,0,0,0,0,0,0,2.25491606849168,0,0,0,0,0,0,0,0,0,0,0,-0.0674562729224868,0,0,0,0,0,0.103726844813494,0,0,0,0.0513976630679631,0,-0.296144790284028,0,0,0,0,0,0,0,0,0,0,0,0,0,0,0,0,0,0,0,-0.0482685053724037,0,0,0.821090237212503,0,0,0,0.0853316545475298,0,0,0,0,0,0,0,0,-0.00223234434167163,0.856493503181141,0,0,0,0,0,0,0,-1.37316150219383,0,0,0,0,0,0,0,0,0,0,0,0,0,-1.06613785631265,0,0,0,0,0,0,0
-0.565874016941352,0.0567062923174362,0.69580607365323,0,0,0,0,0,0,0,0,0,0.123671636966957,0.583428211351911,0,0,0,0,0,0,0,0,0,0,0,0,0,0,0,0,0,0,0,0,0,0,0,0,0,0,0,-0.375462609634854,0,0,0,0,0,0,-12.7184635892122,0,0,-0.579352941805229,0,0,0,0,0.00887826946500625,0,0,0,0,0.602852910886965,0,0,0,0,0,0,0,0,-0.223999303206381,0.252449872635474,0.832095828317836,0,0,0,0,0,0,0,0,0,0,0,0,0,0,0,0,0,0,-0.0351260110372236,0,0,0,0.843399138540547,0,0,0,0,0,0,0,0,0,0,0,0.33275372693139,0,0,0,0,0,0,0,0,0,0,0,0,0,0,0,0,0,0,0,0.516879023529465,0,0,0,0,0,0,0,0,0,0,0,0.156034883678024,0,0,0,0,0,0,0,0.579054428983088,0,0,0,0,0,0,0,0,0,0,0,0,0,0,0,0,0,0,0,0,0.27247811829591,-0.387416704507066,-0.205897883727949,0,0,0,0,0,-0.143650908958714,0,0,0,0,0,0,0,-0.486815720233297,0,0,0,0,0,0,0,-1.3924527360081,0,0,0,0,0,0,0
0,0,0,0,-0.504806974079175,0.125462378825902,0.228044607845623,0,0,0,0,0,0,0,0,0,0,0,0,0,0,0,0,0,0,0,0,0,0,0,0,0,0,0,0,0,0,0,0,0,0,0,0,0.0887682231833968,0,0,0.00367726050091233,0,-0.937709272872549,0,0,0,0,0,0,0,0,0,0,0,0,0,0,1.19219812869007,0,0,0,0,0,0,0,0,0,0,0.520887018568945,0,0,-0.273655502757968,0,0,0,0,0,0,0,1.72478104792564,0,-1.1402458423782,0,0,0,0,0,0,0,0,0,0,0,0,0,0,0,-0.391364584926609,0,0,0,0,0,0,0,0,0,0,0,0,0,0,0,0,0,0,0,0,0,0,0,0,0,0,-0.634548639237478,0.40171656130945,0,0,0,0,0,0,0,0,-0.160603180692095,0,0,-0.319745852613702,0,0,0,0,0,0,0,-0.0691094686295541,0,0,0,0,0,0,0,0,0,0,0,0,0,0,0,0,0,0,0,0,0,0,0,0,0,0,0,0,0,0,0,0,-0.303341792404732,-0.13441833677195,0,0,0,0,-0.827906059984989,0,0,0,-0.919560837764783,-0.328520141262914,0,0.303464592010785,0,-1.64066172220953
0,0,0,0,0,0,0,0,0,0.758002354218627,-0.323334766197965,0,0,0,0,0,0,0,0,0,0,0,0,0,0,0,0,0,0,0,0,0,0,0,0,0,0,0,0,0,0,0,0,0,0,0,0,0,-0.743576460090885,0,0,0,0,0,0,0,0,0,0,0,0,0,0,0.372294985967149,0,0,0,0,0,0,0,0,0,0,0.673385578396381,0,0,0,0,0.187693186364198,0,0,0,0,0,0.260965315974035,0,0,0,0,0,0,0,0,0,0.0935035427697966,0,0,0,0,0,0,0,-0.0574249685595616,0,0,0,0,0,0,0,0,0,0,-0.259287746546006,0,0,0,0,0,0,0,0,0,0,0,-0.104549771401949,0,0,0,-0.228648854254413,0.0628479372308905,0,0,0,0,0,0,0,0,0,0,0,0,0,0,0,-0.117512382011843,0,0,0,0,0,0,0,0,0,0,0,0,0,0,0,0,0,0,0.103847085634581,0,1.00765241164579,0,0,0,0,0,0,0,0,0,-0.17268224285134,0,0,0,0,0,-0.312838460648558,0,0,0,0,0,-0.974232647117325,0,0,0,0,0,0,0.981167579953671,0,-0.0400274276321704
0,0,0,0,0,0.731347897355741,0,0,0,0,0,0,0,0,0,0,0,0,0,0,0,0,0,0,0,0,0,0,0,0,0,0,0,0,0,0,0,0,0,0,0,0,0,0,0.133363240908968,0,0,0,0,0,0,0,0,0,0,0,0,0,0,0,0,0,0,0,0,-0.157508507573215,0,0,0,0,0,0,0,0,0,0,0,0,0,0,0,0,0,0.196267453865651,0,-0.636313890591213,-0.24549312173513,-0.130190095111348,0,0,0,0,0,0,0,0,0,0,0,0,0,0,0,0,0,0,0,0,0,0,0,0,0,0,0,0,0,0,0,0,0,0,0,0,0,0,-0.169668928161063,0,0,0,0,0,0,0,0,0,0,0,0,0,0,0,0,0,0,0,0,0,0,0,0,0,0,0,0,0,0,0,0,0,-0.536334515946242,0,0,0,0,0,0,0,0,0,0,0,0,0,0,0,0,0,0,0,0,0,0,0,0,0,0,0,0,0,0,0,0,0,0,0,0,0,0,0
0,-0.749630469907616,0,0,0,0,0,0,0,0,-0.720467456491497,0,0,0.678657460698557,-0.176668580709993,0,0,0,0,0,0,0,0,0,-0.0530354468751333,-0.269120898127709,0,-0.00888375547678866,0,0,0,0,0,0,0,0,0,0.174847875737464,0,0,0,0,0,0,0,0,0,0,0,0,0,0,0,0,0,0,0,0,0,0,0,0,0,0,0,0,0,0,0,0,0,0,-0.463928552824289,0,0.668109843743659,0,0,0,0,0,0,0,-0.0703927708130678,0,0.520386995022857,0,0,0,0,0,0,0,0,0,0,0,-0.324069184476947,0,0,0,0,0,0,-1.35751683902034,0,0.723957147402162,0,0,0,0,0,0,0,0,0,0,0,0,0,0,0,0,0,0,0,0,0,0,0,0,0.0823846731752804,0,0,0,0,0,0,0,0,0,0,0,0,0,0,0,0,0,0,0,0,0,0,0,0,0,0,0,0,-0.112082839853493,0,0,0,0,0,0,0,0,0,-3.50882602800434,0,0,0,0,0,0,-0.135635687256808,0,0,0,0,0,0,0,0,0,0,0,0,0,0,0,0,0,0,0,0,0,0,0
0,0,0,0,0,0,0,0,0,0,1.0078950309988,0,0,1.57750382200657,0,0,0,0,-0.0222056266795236,0,0,0,0,0,0,0,0,-0.570534286972291,0.810449798369999,0,-0.45839454794086,0,0,-0.270118001875561,0,0,0,0.806124406105522,0,0,0,0,0,0,0,0,0,0,0,0,0,0,0,0,0,0,1.66161081644083,0,0,0,0,0,0,0.264897950358386,-0.532023457990379,0,0,0,0.876521786064802,0,0,0,-0.349236459738513,0,0,-0.334491421623626,0,0,0,0,0,0,0,0,0,0,0,0,0,0,0,-0.909054252824209,0,0,0.255797339695905,-0.0579804945832141,-0.410393702977091,0,0,0,0,0,0,-1.93325684424485,0,0,0,0,0,0,0,0.124496302268799,0,0,-0.0421752132081123,0,0,0,0,0,0,0,0,0,0,-0.255986467297721,0,0,0,0,0,-1.47488319080694,0,0,0,0,0,0,0,0,0,0,0,0,0,0,0,0,0,-0.3448965336118,0,0,0,0,0,0.701986990401269,0,0,0,-0.204250179889031,0,0,0,0,0,0,0,-0.986318342955821,0.135875959798319,-2.11834554682733,0,0,0,0,0,0,0,0,0,1.41293643797842,0,1.08922907447172,0,0.340611468426542,0,0,-0.008374771169541,0,0,0,0,0,0.231051934017551,0,0,0,0,0,0,0
0,0,0,0,0,0.480291421432281,0,0,0,0,2.36315365246661,0,0,0,0,0,0.0588211819971429,-0.320475505623203,0,0,0,0,0,0,0,0,0,0,0,0,0,-0.494910051655972,0,-1.36150260291484,0,0,-0.435111851126131,0,0,0,0,0,0,0,0,0,-0.958253945397171,0,0,0,0,0,0,0,0,0,0,-0.263823489618095,0,0,0,0,0,0.420612560866486,-0.200038612005248,0,0,0,0,0,0,0,0,0,0,0,0,0,0,0,0,0,0,0,0,0,0,0,0,0,1.02692933775673,-0.888760528498566,0,0,0,-0.298896089647834,0,0,0,0,0,0,0,-2.94314851619082,0,0,0,0,0,0,0,0,0,0,0,0,0,0,0,-0.306762881495318,0,0,0,0,0,0,0,0,0,0,0,-0.00307681282361294,0,0,0,0,0.0596916059556782,0,0,0,0,-1.21895227406814,0,0,0,0,0,0.226666869908937,0,0,0.960122049973922,0,0,0,0,0,0,0,0,0,0,0,0,0,0,0,0,0.0279939313070439,0,-1.58270638947968,0,0,0,0,-0.127261849644196,0,0,0,0,0,0,0,0,0,0,-0.784295074915396,0,0,0,0.192499977692248,0,0,0,0,-0.966112167694727,0,0.710322959221595,0,0,0
0,0,0,0,0,0,0,0,0,0,-2.80499941567057,0,0,0.239329159029131,0,0,0.098512385255842,0,-0.181371399351259,0,0,0,0,0,0,0,0,-0.980804710609742,0,0,0,0,0,0,0,-0.163017335540272,0,0,0,0,0,0,0,0,-1.61487420512145,0,0,0,0,0,0,0,0,0,0,1.20303707094362,0,0,0,0,0,0,0,0,-0.344235681132778,0,0,0,0,0,-1.07931970468387,0,0,0,-0.0767378537672625,0,0,0,0,0.141858549895308,0,0,0,0,0,-0.12747593063135,0,0.391746826306312,0,0,0,0,0,0,0,0,-0.384445424895545,0,0,0,0,0,0,0,0,0,0,0,0.0856679842282784,0,0,0,0.265145430906123,0,0,0,0,0,0,-0.296788189302963,1.77275135491595,0,0,0,0,0,0,0,0,0,0,0,0,0,0,0,0,0,0,0,0.214918394599568,0,0,0,0.176684792909124,0,0,0,0,0,0,0,0,0,0,0,0,0,0,0,0,0,0,0,0,0,0,-1.04613578428932,0,-1.63686940440085,0,0,0,0.505932226448571,0,0,0,0,0,0,0,0,0,0.438889864023885,0,0,0,1.91698714300863,0,0,0,0,0.0583748530209902,0,0,0,0,0,0,0
0,-0.544507159065152,0,0,0,0,0,0.899358178589814,0,0,-0.183898086976182,0,0,0,0,0,0,0,0,0,0,0,0,0,0,-0.457167238951094,0,0,0,0,-0.786940327748541,0,0,0,0,0,0,0,0,0,0,0,0,-0.471275393936627,0,0,-0.955445721844282,0,0,0,0,0,0,0,0,0,0,0,0,0,0,0,0,0,0,0,0,0,0,0,0,0,0,0,0,0,0,0,0,-0.176936411896445,0,0,0,0,0,0,0,0,0,0.00688769595478411,0,0,0,0,0,-0.093260582967885,-0.0660407685063007,0,0,0,0,0,0,0,0,0.41203593255594,0,0,0,-0.0157507269937625,0,0,0,0,0,0,0,0,0,0,-1.225923568219,0,0,0,0,0,0,0,0,0,0,0,0,0,-0.975167338554226,0,0,0,0,0,0,0,0,0,0,0,0,0.0107096735475798,0,0,0,0,0,-0.0691291067536437,0,0,0.130306213989107,0,0,0,0,0,0,0,0,0,0,0,0,-0.108444395999872,0,0,0,1.22913667263019,0,0.465155052265323,0,0,0,0,0,0,0,0,0,0,0,0,0,0,0,0,0,0,0,0,0,0,0.7167301256887,0
0,0,0,0,0,0,0,0.812981199461997,0,0,0,0,0,0.740675869288072,0,0,0,0,0,0,0,0,0,0,0,-0.152113613055514,0,-0.0566416079513932,0,0,-0.949190389282498,0,0,0,0,0,0,0,0,0,0,0,0,0,0,0,0,0,0,0,0,0,0,0,0,0,0,0,0,0,0,0,0.511741831900141,0,-0.507142933228802,0,0,0,0,0,0,0,0,0,0,0,0,0,0,0,0,0,0,0,0,0,0,0,0,0,0,0,0,0,0,-0.171818602373273,-0.0456459022841513,0,0,0,0,0,0,0,0,0,0,0,0,0,0,0,0,0,0,0,0,0,0,0,0,0,0.1823198156592,0,0,0,0,0,0,0,0,0,0,0,0,0,0,0,0,0,0,0,0,0,0,0,0,0,0,0,0,0,0,0,0,0,0,0,0,0,0,0,0,0,0,0,0,0,0,-0.400177082812367,0,0,0,0.277862267676403,0,0,0,0,0,0,0,0.183653839220691,0,0,-0.744671295856097,0,0,0,0,0,0,0,0,0,-0.0123647429136151,0,0.0609988894716496,0,0.882720724335876,0
0,0.457816855143706,0,0,0,0.360728252842537,-3.32743858179198,0.376194612650001,0,0,0,0,0,0,0,0,0,0,0,0,-0.115307984164768,0,0,0,0,-2.71564357398246,0,0.00841055920544709,0,0,-2.10003982971842,0,0,0,0,0,0,0,0,0,0,0,-0.357035397692306,0,2.26807282471385,-0.115738063474575,0.0353236899050118,0,0,0,0,0,0,0,0,0,-1.53370027770065,-0.152712545655148,0,0,0,0,0,0.297278933180264,-0.395131915460525,0,0,0,0.146256954897121,0,0,0,0,0,0,0,0,0,0,0.806458997100427,0,0,-0.53959575602054,0,-0.0901584005661706,0,0,-0.0588913789438068,1.33155891182734,0,0,0,-0.712568316376638,0,0,0,0,0,0,0.0980210701893087,0,0,0,0,0,0,0,0,0,0,0,0,0,0,0,0.561768207172831,0,0,0,0,0,0,0,0,0,0,0,0.0315333495336692,0,0,0,0,0,0,0.495482860056999,0,0,0,0,0,0,0,0,0,0,0,0,-1.10258958888479,-1.02156623333395,0,0,0,0,0,0.47865164274649,0,0.221632986819661,0,0,0,0,0,-0.0985096451377712,0.18030873612353,0,0,0.106036104050924,0,0,0,0,0,0,0,0,0,0,0,0,0,0,0,0,0,0,0.0217914423098349,-0.536604631458975,0,0,0,0,0,0,0,-0.000904506528011773,0,0,0,0,0
0,-0.37723425159111,0,0,0,0,-0.692523460920949,0,0,0.142516070781826,0,0,0.0973007263959658,-0.127286467580004,0,0,-0.870280082178438,0,0,0,0,0,0,0,0,-1.04977519957864,0,0,0,0,0,0,0,0,0,0,0.0176488245971314,0,0,0,0,0,0,0,1.6802798409804,0.00643367877973144,0,0,0,0,0,0,0,0,0,0,0,0,0,0,0,0,0,0,-0.0630200278645678,0,0,0,0,0,0,0,0,0,0,0,0,0,0,0,0,0,0,0,0,0,0,0,0,0,0,0,0,0,0,0,-0.198138178543031,0,0,0,0,0,0,0,0,0,0,0,0,0,0,0,0,0,0,0,0,0,0,0,0,0,0,0,0,0,0,0,0,0,0,0,0,0,0,0,0,0,0,-0.154777743533221,0,0,0,0,0,0,0,0,0,0,0,0,0,0,0,0,0.231434399459529,0,0,0,0,0,0,0,0,0,0,0,-0.0588090936496504,0,0,0,0,0,0,0,0,0,0,0,0,0,0,0,0,0,0,0,0,0,0,0,0,0,0,0,0,-1.08252498981565,0,0.440216075788204
0,0,0,0,0.498212217760179,0.977843234783081,-0.16752524161275,0,0,0,-1.49592059372298,0,0,0,0,0,0,0,0,0,0,0,0,0,0,0.389346428170005,-0.469445126043704,0,-0.320786665126886,0,0,0,0,0,0,0,0,0,0,0,0,0,0,0.435623204475034,0,0,-0.898807231012454,0,0,0,0,0,0,0.077130865746492,0,0,0,0,0,0,0,0,0,0,0,0,0,0,0,0,0,0,0,0,0,0,0,0,0,0,0,0,0,0,0,0,0,0,0,0,0,0,0,0,0,0,0,0,0,0,0,0,0,0,0,0,0,0,0,0,0,0,0,0,0,0,0,0,0,-0.0805731036512003,0,0.0728004845511847,0,0,0,0,0,0,0,0,0,0,0,0,0,0,0,0,0,0,0,0.385860613068585,0,0,0,0,0,0,0,0,0,0,0,0,0,0,0,0,0,0,0,0,0.362428147696353,0,0,0,0.0153098256650626,0,0,0,-0.535447136495124,0,0,0,0,0.252040492355605,0,0,0,0,0,-0.0190700638464252,0,0,-0.00529755662607312,0,0,0,0,0,-1.00537600226918,0,0,0,0,0,0,0,0,0
0,0,-0.47434667877388,0,0,0,0,0.692954159027924,0,0,0.464214289397518,0,0,0.0239784535788277,0,0,0,0.513046615616547,0,0,0,0,-0.0891611186399686,0,0,0,0,0,0,0,-2.54914698904856,0,0,-0.298146179513771,0,0,0,0,0,0,0,0,0,0,0,0,0,0,0,0,0,0,0,0,0,0,0,0,0,0,0,0,0.177959977105463,0,0,0,0,0.0930019696650328,0,0,0.174456975126489,0,0,0,0,0,0,0,0,0,0,0,-0.0693093497836395,0,-0.121667367556954,0.610928472201679,0,0,0,0.929386087063029,0,0,0,0,0,0,0,0,0,0,0,0,0,0,0,0,0,0,0,0,0,0,0,0,0,0,0,0,0,0,0,0,0,0,0,0,0,0,0,0,1.06801397528026,0,0,0,0,0,0,0,0,0,0,0,0,0,0,0,0,0,0,0,0,0,0,0,0,0,0,0,0,0,0,0,0,0,0,0,0,0,0,0,0,0.228357385688871,0,0,0.144648362770023,0,0,0,0,0,0,0,0,0,0,0,0,0,0,0,0,0,0,0,0,0,0,0,0,0
0,0,0,0,0,0,0,0,0,0,0,0,0,0,0,0,0,0,0.0979884436307714,-0.410221880106179,0,0,0,0,0,0,0,0,0,0,-1.98530300072879,0,0,0,0,0,0,0,0,0,0,0,0,0,0,-0.0424111087269734,1.48868780170215,0,0,0,0,0,0,0,0,0,0.0638559171556938,0,0.250168231194195,0,0.364773048153645,0,0.650307892123624,0,-0.0552035954729087,-0.00397294208193855,0,0,0,0.339463411715959,0,0,0,0,-0.0335776978094211,0,0,0,0,2.05064458527031,0,0,0,-0.912206802297372,0,0,0,-0.494221612719954,0,0,0,0,0,0,0,0,0,0,0,0,-0.0749424094215057,0,0.337823590597838,0,0,0.95872486962005,0,0,0,0,0,0,0,0,0,0,0,0,0,0,0.328493445375238,0,0,0,0,0,0.606586039472961,0,0,0,0,0,-0.258924118213003,0,0,0,0,0,0,0,0,0,0,0,0,0,0,0,0,0,0,0,0,0,0,0,0.229800618902264,0,0,0,0,0,0,0,0,0,0.375036033805255,0,0,0,0,0,0,0,0,0,0,0,0,0,0,0,0,0,0,0,0,0,0,0,0,0,0,0,0,0,0,0,0,0
0,0,0,0,0.513464843571182,0.0982923942385847,-0.0455039216640336,0.319596655695074,0,0,0,0,0,0,0,0,0,0.50279025708704,0,0,0,0,0,0,0,0,0,0,1.2674273385061,0,0,0,0,0,0,-0.227974879109086,0,0,0,0,0,0,0,0,0,0,-1.11209415128706,0,0,0,0,0,0,0,0,0,0,0,0,0.0701106455316849,0,0,0,0,0,0,0,0,0,0,0,0,0.520367460954223,0,0,0,0,0,0,0.052619461305303,0,0,0,0,0,0,0,0,0,0,0,0,0,0,0,0,0,0,0,0,0,0,0,0.246505666980834,0,0,0,0,0,0,0,0,0,0,0,0,0,0,0,0,0,0,0,0,0,0,0,0,0,0,0,0,0,0,0,0,0,0,0,0,0,0,0,0.206101914364911,0,0,0,0,0,0,0,0,0,0,0,0.0788402949885052,0,0,0,0,0,0,0,0,0,0,0,0,0,0,0,0,0,0.245935265108283,0,0,0,0,0,0,0.127975813828276,0,0,0,0,0,0,0,0,0,-0.603727007873994,0,0,0,0,0,0,0,0,0.757324695594394
0,0,0,0,0.753999477963228,0,0,0,0,0,0,0,0,0,0,0,0,0,0,0,0,0,0,0,0,0,0,0,0,0,0,0,0,0,0,0,0,0,0,0,0,0,0,0,0,0,0,0,0,0,0,0,0,0,0,0,0,0,0,0,0,0,0,0,0,0,0,0,0,0,0,0,0,0,0,0,0,0,0,0,0,0,0,0,0,0,0,0,0,0,0,-0.304708754997674,0,0,0,0,0,0,0,0,0,0,0,0,0,0,0,0,0,0,0,0,0,0,0,0,0,0,0,0,0,0.401343151659727,0,0,0,0,0,0,0,0,0,0.0746977947584626,0,0,0,0,0,0,0,0,0,0,0,0,0,0,0,0,0,0,0,0,0,0,0,0,0,0,0,0,0,0,0,0,0,0,0.411207307247673,0,0,0,0,0,0,0,0,0,0,0,0,0,0,0,0,0,0,0,0,0,0,0,0,0,0,0,0,0,0,0,1.10122363773079,0
0,0,-0.573377588214711,0,0,0,0,0,0,0,0,0,0,0,0,0,0,0,0,0,0,0,0,0,0,0,0,0,0,0,0,0,0,0,0,0,0.0151874601091979,0,0,0,0,0,0,0,0,0,0,0,0,0,0,0,0,0,0,0,0,0,0,0,0.109965313852602,0,0,0,0,0,0,0,0,0,0,0,0,0,0,0,0,0,0.212398890435809,0.470184619522619,0,0,0,0,0,0.309540353855155,0,0,0,0,0,0,0,0,0,0,0,0,0,0,0,0,0,0,0,0,-0.579352608884398,0,0,0,0,0,0,0,-0.0255799041769822,0,0,0,0,0,0,0,0,0,0,0,0,0,0,0,0,0,0,0,0,0,0,0,0,0,0,0,0,0,0,0,0,0,0,0,0,0,0,0,0,0,0,0,0,0,0,0,0,0,0,0,0.0881218703743243,0,0,0,0,0,0,0,0,0,0,0,0,0,0,0,0,0,-0.0266148796397843,0,0,-0.55072185988213,0,0,0,0,0,0,0,0,0,0,0.566721090960773,0
0,0,0,0,0.417964482961874,0,0,0,0,0,0,0,0,0,0,0,0,0,0,0,0,0,0,0,0,0,0,0,0,0,0,0,0,0,0,0,0,0,0,0,0,0,0,0,0,0,0,0,0,0,0,0,0,0,0,0,0,0,0,0,0,0,0,0,0,0,0,0,0,0,0,0,0,0,0,0,0,0,0,0,0,0,0,0,0,0,0,0,0,0,0,0.0428547299465292,0,0,0,0,0,0,0,0,0,0,0,0,0,0,-1.62142469478559,0,0,0,0,0,0,0,0,0,0,0,0,0,0,0,0,0,0,0,0,0,0,0,0,0,0,0,0,0,0,0,0,0,0,0,0,0,0,0,0,0,0,0,0,0,0,0,0,0,0,0,0,0,0,0,0,0,0,0,0.258052372321459,0,0,0,0,0,0,0,0,0,0,0,0,0,0,0,0,0,0,0,0,0,0,0,0,0,0,0,-0.0995686237021565,0,0,0,0,0
0,0,0,0,0,0,0,0,0,0,0,0,0,0,0,0,0,0,0,0,0,0,0,0,0,0,-0.372476839413135,0,0,0,0,0,0,0,0,0,0,0,0,0,0,0,0,0,0,0,0,0,0,0,0,0,0,0,0,0,0,0,0,0,0,0,0,0,0,0,0,0,0,0,0,0,0,0,0,0,0,0,-0.154182549495799,0,0,0,0,0,0,0,0,0,0,0,0,0,0,0,0,0,0,0,0,0,0,0,0,0,0,0,0,0,0,0,0,0,0,0,0,0,0,0,0,0,0,0,0,0,0,0,0,0,0,0,0,0,0,0,0,0,0,0,0,0,0,0,0,0,0,0,0,0,0,0,0,0,0,0,0,0,0,0,0,0,0,0,0,0,0,0,0,0,0,0,0,0,0,0,0,0,0,0,0,0,0,0,0,0,0,0,0,0,0,0,0,0,0,0,0,0,0,0,0,0
0,0,-0.00468158996955292,0,0,0,0,0,0,0,0,0,0,0,0,0,0,0,0,0,0,0,0,0,0,0.0586325539708075,0,-0.0706510309017274,0,0,0,0,0,0,0,0,0,0,0,0,0,0,0,0,0,0,0,0,0,0,0,0,0.221452639899363,0,0,0,-0.282829620556358,0,0,0,0,0,0,0,0,0,0,0,0,0,0,0,0,0,-0.195474518290445,0,0,0,-0.0690208592060315,0,0,0,0,0,0,0.734035907504003,0,0,0,0,0,0,0,0,0,0,0,0,0,0,0,-0.273019111187216,0,0,0,0,0,0,0,0,0,0,0,0,0,0,0,0,0,0,0,0,0,0,0,0,0,0,0,0,0,0,0,0,0,0,0,0,0,0,0,0,0,0,0,0,0,0,0,0,0,0,0,0,0,0,0,0,0,0,0,0,0,0,0,0,0,0,-0.615752996095003,0,0,0,0,0.127009657569755,0,0,0,0,0,0,0,0,0,0,0,0,0,0,0,0,0,0,0,0,0,0,0,0,0,0
0,0,0,0,0,0,0,0,0,0,0,0,0,0,0,0,0,0,0,0,0,0,0,0,0,0,0,0,0,0,0,0,0,0,0,0,0,0,0,0,0,0,0,0,0,0,0,0,0,0,0,0,0,0,0,0,0,0,0,0,0,0,0,0,0,0,0,0,0,0,0,0,0,0,0,0,0,0,0,0,-0.245634971272422,0,0,-0.0179526680312441,0,0,0,0,0,0,0,0,0,0,0,0,0,0,0,0.376332862248734,0,0,0,0,0,0,0,0,0,0,0,0,0,0,0,0,0,0,0,0,0,0,0,0,0,0,0,0,0,0,0,0,0,0,0,0,0,0,0,0,0,0,0,0,0,0,0,0,0,0,0,0,0,0,0,0,0,0,0,0,0,0,0,0,0,0,0,0,0,0,0,0,0,0,0,0,0,0,0,0,0,0,0,0,0.281937801331318,0,0,0,0,0,0,0,0,0,0,0,0,0,0,0
0,0,0,0,0,0,0,0.0158472292053657,0,0,0,0,0,0,0,0,0,0,0,0,0,0,0,0,0,0,0,0,0,0,0,0,0,0,0,0,0,0,0,0,0,0,0,0,0,0,0,0,0,0,0,0,0,0,0,0,0,0,0,0,0,0,0,0,0,0,0,0,0,0,0,0,0,0,0,0,0,0,0,0,0,0,0,0,0,0,0,0,0,0,0,0,0,0,0,0,0,0,0,1.346766623751,0,0,0,0,0,0,0,0,0,0,0,0,0,0,0,0,0,0,0,0,0,0,0,0,0,0,0,0,0,0,0,0,0,0,0,0,0,0,0,0,0.0121395590137026,0,0,0,0,0,0,0,0,0,0,0,0,0,0,0,0,0,0,0,0,0,0,0,0,0,0,0,0,0,0,0,0,0,0,0,0,0.694938644011932,0,0,0,0,0,0,0.21954113858969,0,0,0,0,0,0,0,0,0,0,0,0,0,0,0
0,0.208552194934165,-0.800030173943727,0,-2.52971914122269,0.0913714678568158,0,0,0,0,0,0,0,0,0,0,0,0,-6.84442883495535,0,0,0,0,0,0,0,0,0,0,0,0,0,0.285825675574371,0,0,0,0,0,0,0,0,0,0,0,0,0,0,0,0.295318156410642,0,0,0,0,-0.230412717351806,0,0,0,0,0,0,0,0,0,0,0,0,0,0,0,0,0,0,0,0,0.0210395145195668,0,0,-0.743519369653841,0,0,1.89345707913668,0,0,0,0,0,0,0,0,0,0,-0.293753553596239,0,0,0,0,0,0,0,0,0,0,0,0,0,0,0,0,0,0,0,0,0,0,0,0,0,-1.22060352762764,0,0,0,0,0,0,0,0,0.462412889171283,0,0,0,0,2.20729444846364,0,0,0,0,0,0,0,0,0.900749238587243,0,0,0,0,0,0,0,0,0,0,0,-0.321093977598296,0,0,0,0,0,-0.103829835802987,0,0,0,0,0,0,0,0,0,0,0,0,0,0,0,0,1.76794225875255,0.0542344857240888,0,0,0,0,0,0,0.487439853500726,0,0,-0.879757583216383,0,0,0,0,1.08855459251735,0,0,-0.399867691578941,0,0,0,0,0
0,0,0,0,0.310806663599501,0,0,0,0,0,0,0,0,0.411092678846581,0,0,0,0,0,0,0,0,0,0,0,0,0,0,0,0,0,0,0,0,0,0,0,0,0,0,0,0,0,0,0,0,0,0,0,0,0,0,0,0,0,0,0,0,0,0,0.0136065131394298,0,0,0,0,0,0,0,0.421202598773058,0,0,0,0,0,0,0,0,0,0,0,1.51122425063178,0,0,-0.831251724835209,0,0,-3.4439419147881,0,0,0,0,0,0,0,0,0,0,0,0,0,0,0,0,0,0,0,0,0,0,0,0,0,0.532256321564327,0,0,0,0,0,0,0,0,0,0,0,0,0.272414382353479,0,0,0,0,0,0.274293956942617,0.068186282104967,0,0,0,0,0,0,0,0,0,0,0,0,0,0,0,0,0.0654840034799868,0,0,0,0,-0.00261639327823082,0,0,0,0,0,0,0,0,0,0,0,0,0,1.22996860428962,0,0,0,0,0,0,0,0,0,0,0,0,0,0,0,0,0,0,0,0,0,0,0,0,0,-0.139195448734695,0,0,0,0,0
0,0,-0.16412625365959,0,0.82636933597247,0,0,0,0,-0.911666384857401,-0.554329209796561,0,0,0.289395042326081,0,0,0,0.0715626293576013,0,0,0,0,0,0,-0.176565232750732,-1.06972860171501,-0.0735923329546737,0,0,0,0,0,0,0.458818690474301,0,-0.958218117357904,0,0.540220660872857,0,0,0,0,0,0,0,0,0,0,0.0101726284642725,0,0,0,0,0.694395174558516,0,0,0,0,0,0,0,0,0,0,0,0,0,0,0,0,0,0,0,0,0.468768397899919,0,0,0,1.42377558669802,0,0,0,0,0,0,0,-4.57418797781674,0,0,0,0,0,0,0,0.230209153011543,0,0,0,-0.593002682886443,0,0,0,0,0,0,0,0,0,0.110000256780166,0,0,0,0,0,0,0.546726611693469,0,0,0,1.77357165081374,0,0,-0.163632761916461,0,0,0,0,0,1.1428073848959,0,0,0,0,0,0,-0.391064482925058,0,4.20761073562035,0,0.138702683610262,2.67459431313469,0,0,0,0,4.66278375985874,0,0,0,-0.306039941492095,0,0,0,0,0,0,0,0,0,0,0,0,0,0,0,0,0,0,0.195894829058656,0,0.70682701320202,0,0,0,0.172722897765938,0,0,0,0.080444397410923,0,0,0,0,0,-1.01427594898331,0,0,-0.343312697060972,0,0,0,0,0,0,0,0,0,0,0.426170364741246,0
0,0.585309303348495,0,0,0,0,0,0,0,-0.557493809657407,0,0,0,0,0,0,0,0,0,0,0,0,0,0,0,0,-0.0939862697554457,0,0,0,0,0,0,-0.0420065445527056,0,0,0.832191706672409,0.307180313652516,0,0,0,0,0,0,0,0,-0.302169555560688,0,0,0,0,0,0,0,0,0,0,0,0,0,0,0.105254585914464,0,0,0,0,0,0,0,0,0,0,0,0,0,0,0,0,0,0,0,0,0,0,-0.356634870447606,0,0,0,0,0,0,0,0,0,0,0,0,0,0,0.224645117495998,0,0.196281351424868,0,0,0,0,0,0,0,0,0,0,0,0,-0.0708803645501594,0,0,0,0,0,0.166991336075667,0,0,0,0,0,0,0,0,0,0.218037569851744,0,0,0,0,0,0,0,0,-0.0798060345430474,0,0,0,0,0,0,0,0,0,0,0,0,0,0,0.344587056427979,0,0,0,0,0,0.162235403347513,0,0,-0.204894372603025,0,0,0,0,0,0,-0.0219349365266395,0,0,0,0,0,0,0,0,0,0,0,0,0,0,0,0,0,0,0,0.067548973582835,0,0,0,0,0,0,0,0,0
0,0,0,0,0,0,0,0,0,0,1.55836959046027,0,0,0,0,0,0,0.00200936785710781,0,0,0,0,0,0,0,0,0,0,0,0,0,0,0,0,0,0,0,0,0,0,0,0,0,0,0,0,0,0,0,0,0,0,0,0,0,0,0,0,-0.206745005608862,0,0,0,0,0,0,0,0,0,0,0,0,0,0,0,0,0,0,0,0,0,0,0,0,0,0,0.374863586660025,0,0,0,0,0,0,0,0,0,-0.162367452164521,0,0,0,0,0,0,0,-0.598945888352914,0,0,0,0,0,0,0,0,0,0,0,0.0682925716127225,0,0,0,0,0,0,0,0,0,-0.0193294777912267,0,0,0,0,0,0.0165233739163211,0,0,0.912997115536063,0,0,0,0,0,0,0,0,0,0,0,0,0.537574092380228,0,0,0.367230159670544,0,0,0,0,0,0,0,0,-0.358066187259398,0,0,0,0,0,0,0,0,0,0,0,0,0,0,0,0,0,0,0,0.603856661806095,0,0,0,0.327290837154212,0,0,0,0,0,0,0,0,0,0,-0.432911375411938,-1.85291002295269,-0.0648329119637652,0,0,0
0,0,0,0,0,0,0,0,0,0,0,0,0,0,0,0,0,0,0,0,0,0,0,0,0,0,0,0,0,0,0,0,0,0,0,0,0,0,0,0,0,0,0,0,0,0,0,0,0,0,0,-1.3384851390097,0,0,0,0,0,0,0,0,0,0.913932558649391,0,0,0,0,0,0,0.18516818123741,0,0,0,0,0,0,0,0,0,0,0,0,0,0,0,0,0,0,0,0,0,0,0,0,0,0.339329023867115,0,0,0,0,0,0,0,0,0,0,0,0,0,0,0,0,0,0,0,0,0,0,0.180605127669311,0,-0.88276242008823,0,0,0,0,0,0,0,0,0,0,0,0,0,0,0,0,0,0,0,0,0,0.0609328786583667,0,0,0,0,0,0,0,0,0,0,0,0,0,0.182757024978265,0,0,0,0,0,0,0,0,0,0,0,0,0,0,0,0,0,0,0,0,0,0,0,0,0,0,0,0,0,0,-0.24794443451106,0.349064259623625,0,0,0,0,0,-0.00766844124598287,0,0,0,0,0,0
0,0.187252746171028,0,0,0,0.4452902999682,0,0,0,0,0,0,0,0,0,0,0,0,0,0,0,0,0,0,0,0,0,0,0,0,0,0,0,0,0,0,0,0.334451844120653,0,0,0,0,0,0,0,0,0,0,0,0,0,-1.49730859560208,0,0,0,0,0,0,0,0,0,0.012916562690886,0,0,0,0,0,0,0,0,0,0,0,0,0,0,0,0,0,0,0,0,0,0,0,0,0,0,0,0,0,0,0,0,0.288040392196244,0,0,0,0,0,0,0,0,0,0,0,0,0,0,0,0,0,0,0,0,0,0.26519878560495,0.0491050226816536,0,0,0,0.0331047076888467,0,0,0,0,0,0,0,0,0,0,0,0,0,0,0,0,0,0,0,0,0,0,0,0,0,0,0,0,0,0,0,0,0,0,0,0,0,0,0,0,0,0,0,0,0,-0.114905910112321,0,0,0,0,0,0,0,0,0,0,0,0,0,0,0,0,0,0,0,0,0,0,0,0,-0.0473846222827408,-0.146810260711306,0,0,-0.217800905815821,0,0,0
0,0,-0.766718116591343,0,0,0,0,0,0.446998948226413,0,0,0,0,0.228034353339801,0,0,-0.221783563497824,0,0,-0.189736087398627,0,0,0,0,0,0,-0.517800046426078,0,1.00441655110785,0,0.472769405357254,0,0,0,0,0,0.253522438585169,0,0,0,0,0,0,0,0,0,0,0,0,0,0,0,0,0,0,0,0,0,-0.518437298479546,0,0,0,-0.481600888342313,0,0,-0.611857031670249,0,0,0,0,0,-0.123012550233627,0,-0.0897741435097228,0,0,0,0,-0.639544263890191,0,0,0,0,0,0,0,0,0,0,0,0,0,0.162020866503287,0,0,0,0,0,0,0.73390396302332,0,0.650619634883805,0,0,0,0,0,0,0,0,0,0,0,0,0,0,14.015948886867,0,0,0,0,0,0,0,0,0,0,0,0,0,0,0.138024115279969,0,0,0,0,-0.0961784882527112,0,0,-1.00546473790795,0,0,0,0,0,0,0,0,-0.578366222623877,0.988451681515017,0,0,0,0,0,0,0,0,0,0.796592786899169,0,0,0,0,0,0,0,0.830008691998536,0,0,0,0,0,0.748933519616285,0,0,0,0,0,0,0,-0.423980591554733,0.127223971995422,0,0,0,0,0,0,0,-0.259134605606907,0,0,-0.21260753258509,0,0,0,0,0,-0.525457493706331
0,0,0,0,0,0,0,0,0,0,0,0,0,0,0,0,0,0,0,-0.593436352768556,0,0,0,0,0,0,-0.0888362820435806,0,0,0,2.47707199403255,0,0,0,0,0,0.16248302428911,0,0,0,0,0,-0.427771472952619,0,0,-0.354500546234099,-0.557042883188419,0,0,0,0,-0.282391077780349,0,0,0,0,0,0,0,0,0,3.90699401296493,0,0,0,0,0,0,0,0,0,0,0,0,0,0,0,0,-1.2230705554109,0,0,-0.0352480699565916,0,0,0,0,0,0,0,0,0.00960543740198161,0,0,0,0,0,0,0,0,0.327594573027543,0,2.07772346952638,0,0,0,-0.21515763114538,0,0,0,0,0,0,0,0,0,0,6.23647210821093,0,-0.113948623896943,-0.346445790729834,0,0,0,0,0,0,0.276258947825547,0,0,0,0,0,0,0,0,0,0,0,0,0,0,1.27523831111975,0,0,0,0,0,0,-1.85740475061746,0,0,0,0,0,0,0,0,0,0,0,0,0,0,0,0,0,0,-0.152596180947337,0.755986966742569,0.159302506150463,0,0,0,0,0,0,0,0,0,0,-0.259468256229686,-0.361296975031348,0,0,0.337771642643239,0,0,0.0372926624975738,0,0,0,0,0,0,0,0,0,0,0,0
0,0,0,0,-2.03175346083896,0,0,0,-0.312585250613612,0.14406067474483,0,0,0,0,0.672323199964345,0,0,0,-0.777710963711685,-0.0639661846629651,0,0,0,-0.0538351754525264,0,0,0,0,0.443124790698579,-0.0600356235207775,0,0,0,0,0,0,0.432955712465302,0,0,0,0,0,0,0,0,0,0,0,0,0,0,0,0,0,0,0,0,0,0,0,0,0,0,0,0,0,0,0,0,0,0.146364065574798,-0.261029824592814,0,0,0,0,0,0,0,2.96528206029984,0,0,0,0,-0.0348013271837977,0.0539159474355744,0,0.312090621801773,0,0,0,-0.999747836162229,0,0,0,0,0,0,0.392980594830345,0,-0.168123628720003,0,0,0.203017383505791,0,0,-2.01350851604524,1.05846229048388,-1.10614479801081,0,0,0,0,0.135581333776469,0,0,0,0.276917913754977,-0.168575607009052,-0.230789922334407,0.0932118137560498,0,-1.02240386543164,0,0,0,-0.0295369278373798,0,0,0,0.631429045360531,0.252566539619591,0,0,0,0,0,0,0,0,0,0,0,0,0,0.554129143396372,0,0,0,0,0,0,0,0,0.864286998492809,0,0,0,0.743382801069836,1.19597317624342,0,-0.0306617437498629,0,0,0,0,-0.291974788304399,0,0.577733249195747,0,0,-0.228896245401673,0,0,0,0,0,-0.0545345429097011,0,0,0,0,0,0,0,0,0,0,0,0,0,0,0,0,0,0,0,-1.02448431986887,0,0.0212768202115565
0,0,-2.11524738996083,0,0,0,0.668186593600353,-1.02556436208805,0,0,0,0,2.1429328228525,0,-3.67193626069419,0,0,0,0,0,0,0,0,0,0.785325879720929,0,0,0,0,-0.12583077858159,0,0,0,1.2511172850574,0,0,0,0,0,0,0,-0.948053996068888,0,0,0,0,0,0,0.192376185239781,0,0,0,0,0,0,0,0,-0.412168084109535,0,0,0,0,-0.354265062256161,3.39788973960603,-1.03671510672606,-0.515154270890396,0,0,0,0,0,1.2248964324302,0.864657713815533,-1.97549990313393,0,2.04166041873375,-0.358472099809023,0,2.38892089250068,0,0,0,0,0,-1.02323055347153,0,0.241397690708367,0,0,0.322754659063208,0,-0.69921481623064,0,0,-0.0633866789502882,0,0,-7.54985097403404,0,-0.271727381498682,0,-2.92619789498931,0,0,0,0,0,0,0.799012640782928,0,0,0,-0.991981329502868,0,0,0,0,0,0,0,0,0,3.54358896291831,0,0,0,-2.43158267613554,0,0,-1.83516541044071,0,0,-1.21369705335245,0,0,0,0,0,0,0,3.74155360559613,0,0,1.22552832653342,0,0,0,0.863837549142548,0,1.49942176968771,0,0,0,0,0,0,0,0.0375496998323461,-16.5917337761558,0,0,0,0,-0.220562503568182,0.251192519585831,0.806488436960336,0,0,0,0,-1.50608532768699,0,-0.900347086457221,0,-0.715165094043436,3.59885529714358,0,0,0,0,0,0,0,0,0,-1.9878767031586,0,0,0,0,0,0,0,2.84143112905491,-1.27377926875063,0,0,0.622582269394659,0,0
0,0,-0.572427665099258,0,0.0919457835465052,0,0,0,0,0,0,0,0,0,0,0,0,0,0,0,0,0,0,0,0,0,-0.594664383265535,0.62399879758371,0,0,0,0,-0.0794965845207787,0,0,0,0,0,0,0,0,0,0,0,0,0,0,0,0,0,0,0,0,0,0,-1.71633538373923,0,-0.997718855320764,0,0,0,0,0,0,-0.47834946733663,0,0,0,0,0,0,0,0,0,-1.1589116275445,0,0,0,0,0,0,0,0,0,-0.905684945838487,-0.269566861023337,0,0,0,0,0,0.980914982700089,0,0,0,0,0,0,0,0,0,0,0,-0.474915391417235,0,0,0,0,0,0,0,0,0,0,0,0,0,0,0,0,0,0,0,0,0,0,0,0.651885241382393,0,0,-1.08711318410888,0,0,0,0,0.00334746670478436,0,0,0,0,0,0,0,-4.53203293692824,0,0,0,0.927061338957804,0,0,0,0,0,0,-0.15841243890495,0,0,0,0,0,0,0,0,0,0,0,0,0,0,0.861817132891005,0,0,0,0,0,0,0,1.07131184731773,0,0,0,0,0,0,0,0,0,0,0,0,0,0,0,0,0,0,0,0,0,0
0,0,0,0,0,0,0,0,0.168965936965964,0,0,0,0,0,0,0,0,0,0,0,0,0,0,0,0,0,0,0.277230158256194,0,0,0,0,0,0,0,0,0,0,0,0,0,0,0,0,0,0,0,0,0,0,0,0,0,0,0,-0.02442854280712,0,0,0,0,0,0,0,0,0,0,0,0,0,0,0,0,0,0,0,0,0,0,0,0,0,0,0,0.00161788892458437,0,0,0,0,0,0,0,0,0,0,0,0,0,0,0,0,0,0,0,0,0,0.116459244077609,0,0,0.493623952311394,0,0,-0.0408766548217798,0,0,0,0,0,0,0,-0.066585854468554,0,0,0,0,0,0,0,0,0,0,0,0,0,0,0,0,0,0,0,0,0,0,0,-0.775418025994374,0,0,0,0,0,0,0,0,0,0,0,0,0,0,0,0,0,0,0,0,0,0,0,0,0,0,0,0,0,0,0,0,0,0,0,0,0,0,0,0,0,0,0,0,0,0,0,0,0,0,0,0,0,0,0,0
0,0,0,0,0,0,0,0,0,0,0,0,0,0,0,0,0,0,0,0,0,0,0,0,0,0,0,0.263552758402724,0,0,0,0,0,0,0,0,0,0,0,0,0,0,0,0,0,0,0,0,0,0,0,0,0,0,0,-0.949905179401265,0,-0.185570840497657,0,0,0,0,0,0,0,0,0,0,0,0,0,0,0,0,0,0,0,0,0,0,0,0,0,0,0,0,0,0,0,0,0,0,0,0,0,0,0,0,0,0,0,0,0,0,0,0,0,0,0,0,0,0,0,0,0,0,0,0,0,0,0,0,0,0,0,0,0,0,0,0,0,0,0,0,0,0,0,0,0,0,0,0,0,0,0,0,0,0,0,0,0,0,0,0,0,0,0,0,0,0,0,0,0,0,0,0,0,0,0,0,0,0,0,0,0,0,0,0,0,0,0,0,0,0,0,0,0,0.448201830041782,0,0,0,0,0,0,0,0,0,0,0,0
0,-0.1081187194448,-0.508538042151509,0,0,0,0,0,0,0,0,0,0,0,-0.184893802202486,0,0,0,0,0,0,0,0,0,0,0,0,-0.11773028899508,0,0,0,0,0,0,0,0,-0.399153653625293,0,0,0,0,0,0,0,0,0,0,0,0,0,0,0,0,0,0,-2.36936106654486,0,0,0,0,0,0,0,-0.19238003835842,0,0,0,0,0,0,0,0,0,0,0,0,0,0,0,0,0,0,0,0,0,0,0,0.697285450900801,0,0,0,0,0,0,0,0,0,0,0,0,0,0,0,0,0,0,0,0,0,0,0,0,0,-0.674940599274273,0,0,0,-0.294482530997039,0,0,0,0.0679708823212599,0,0,0,0,0,0,0,0,0,0,0,0,0,0,-0.0110904910723895,0,0,0,1.29206021450101,0,0,0,0,0,0,-0.13192291222644,0,0,0,0,0,0,0,0.158969766891286,0,0,0,0,-0.300538977004432,0,0,0,0,0,0.404371625564548,0,1.08634257926412,0,0.165592940990462,0,0,0,0,0,0,0,0,-0.0145437038527354,0,0,0,0,0,0,0,-0.988888125992891,0,0,0,0,0,0,0,-0.952914618267098,-0.450609996287237,0,0,0
0,0,0,0,0,0,0,0,0,0,0,0,-0.0415579293389747,0,0,0,0,0,0,0,0,0,0,0,0,0,0,0,0,0,0,0,0,0,0,0,0,0,0,0,0,0,0,0,0,0,0,0,0,0,0,0,0,0,0,-2.84791584147485,0,-0.397994213235352,0,0,0,0,0,0,0,0,0,0,0,0,0,0,0,0,0,0,0,0,0,0,-0.202446828358503,0,0,0,0,0,0,0,0,0,0,0,0,0,0,0,0,0,0,0,0,0,0,0,0,0,0,0,0,0,0,0,0,0,0,0,0,0,0,0,0,0,-0.792501043013094,0,0,0,0,0,0,0,0,0,0,0,0,0,0,0,0,0,0,0,0,-0.318557177693763,0,0,0,0,0,0,0,0,0,0,0,0,0,0,0,0,0,0,0,0,0,0,0,0,0,0,0,0,0,0,0,0,0,0,0,0,0,0,0,0,0,0,0,-0.0550436766670686,0,0.470319481361583,0,0,0,0,0,0,0,0,0,0
0,0,0,0,0,0,0,0,0,0,0,0,0,0,0,0,0,0,0,0,0,0,0,0,0,0,-0.0359935103885713,0,0,0,0,0,0,0,0,0,0,0,0,0,0,0,0,0,0,0,0,0,0,0,0,0,0,0,0,-2.79784313466369,0,0,0,0,0,0,0,0,0,0,0,0,0,0,0,0,0,0,0,0,0,0,0,0,0,0,0,0,0,0,0,0,0,0,0,0,0,0,0,0,0,0,0,0,0,0,0,0,0,0,0,0,0,0,0,0,0,0,0,0,0,0,0,0,0,0,0,0,0,0,0,0,0,0,0,0,0.61690754569665,0,0,0,0,0,0,0,0,0,0,-0.590376684192311,0,0,0,0,0,0,0,0,0,0,0,0,0,0,0,0,0,0,0,0,0,0,0,0,0,0,0,0,0,0,0,0,0,0.214745782117451,0,0,0,0,0,0,0,0,0,0,0,0,0,0,0,0,0,0,0,0,0,0
0,0,0,0,0,0,0,0,0,0,0,0,0,0,0,0,0,0,0,0,0,0,0,0,0,0,0,0.0536884670885991,0,0,0,0,0,0,0,0,0,0,0,0,0,0,0,0,0,0,0,0,0,0,0,0,0,0,0,-2.52486831238109,0,0,0,0,0,0,0,0,0,0,0,0,0,0,0,0,0,0,0,0,0,0,0,0,0,0,0,0,0,0,0,0,0,0,0,0,0,0,0,0,0,0,0,0,0,0,0,0,0,0,0,0,0,0,0,0,0,0,0,0,0,0,0,0,0,0,0,0,0,0,0,0,0,0,0,0,0.735554516750273,0,0,0,0,0,0,0,0,0,0,-0.600315647213564,0,0,0,0,0,0,0,0,0,0,-0.0198004977153112,0,0,0,0,0,0,0,0,0,0,0,0,0,0,0,0,0,0,0,0,0,0,0.577065005695969,0,0,0,0,0,0,0,0,0,0,0,0.37135704350306,0,0,0,0,0,0,0,0,0,0
0,0,0,0,0,0,0,0,0,0,0,0,0,0,0,0,0,0,0,0,0,0,0,0,0,0,0,0.152080667024086,0,0,0,0,0,0,0,0,0,0,0,0,0,0,0,0,0,0,0,0,0,0,0,0,0,0,0,-1.4117426902867,0,0,0,0,0,0,0,0,0,0.664847863520807,0,0,0,0,0,0,0,0,0,0,0,0,0,0,0,0,0,0,0,0,0,0,0,0,0,0,0,0,0,0,0,0,0,0,0,0,0,0,0,0,0,0,0,0,0,0,0,0,0,0,0,-0.0187322099362068,0,0,0,0,0,0,0,0,0,0,0,0,0,0,1.36640139425128,0,0,0,0,0,0,0,0,0,0,-0.417735662555221,0,0,0,0,0,0,0,0,0,0,0,0,0,0,0,0,0,0,0,0,0,0,0,0,0,0,0,0,0,0,0,0,0,0.439931522612252,0,0,0,0,0,0,0,0,0,0,0,0,0,0,0,0,0,0,0,0,0,0
0,0,0,0,0,0,0,0,0,0,0,0,0,0,0,0,0,0,0,0,0,0,0,0,0,0,0,0,0,0,0,0,0,0,0,0,0,0,0,0,0,0,0,0,0,0,0,0,0,0,0,0,0,0,0,-0.241128975559422,0,0,0,0,0,0,0,-0.301187027150088,0,1.68033881518333,0.111874589723744,0,0,0,0,0,0,0,0,0,0,0,0.433666946236303,0,0,0,0,0,0,0,0,0,0,0,0,0,0,0,0,0,0,0,0,0,0,0,0,0,0,0,0,0,0,0,0,0,0,0,0,0.4077492780958,0,-0.596448245404392,0,0,1.73689558224894,0,0,0,0,0,0,0,0,0,0,0,0.684928800278741,0,0,0,0,0,0,0,0,0,0,-0.176007509488602,0,0,0,0,0,0,0,0,0,0,0,0,0,0,0,0,0,0,0,0,0,0,0,0,0,0,0,0,0,0,0,0,0,0.0292486055032772,0,0,0,0,0,0,0.00581371972422073,0,0,0.118743009297549,0,0,0,0,0,0,0.443509686988155,0,0,0,0,-0.53941805045655
0,0,0,0,0,0,0,0,0.132238494716412,0,0,0,0,0,0,0,0,0,0,0,0,0,0,0,0,0,0,0,0,0,0,0,0,0,0,0,0,0,0,0,0,0,0,0,0,0,0,0,0,0,0,0,0,0,0,0,0,0,0,0,0,0,0,0,0,0,0,0,0,0,0.00817339163151409,0,0,0,0,-0.490629163062295,0,0,0,0,0,0,0,0,0,0,0,0,0,0,0,0,0,0,0,-0.906938577408412,0,0,0,0.00877672470574975,0,0.644146369525872,0,0,0,0,0,0,0,0,0,-0.332171656388246,0,0,0,0,0,0,0,0,0,0,0,0,0,0,0,0,0,0,0,0,0,0,0,0,0.203790039138653,0,0,0,0,0,0,0,0,0,0,0,0,0,0,0,0,0,0,0,0,0.118054629531273,0,0,0,0,0,0,0,0,0,0,0.421662846611138,0,0,0,0,0,0,0,0.0562772375659375,0,0,0,0,0,0,0,0,0,0,0,0,0,-0.291108347738408,13.6168223554471,0,0,0,0,0,0,0,0
0,0,-0.117480646959848,0,0,0,0,0,0,0,0.837101407903811,0,0,0,0,0,0,0,0,0,0,0,0,0,0.384660643969722,0,0,0,0,0,0,0,0,-0.570688031300767,0,-0.293729872461654,0,0,0,0,0,0,0,0,-0.233756144639748,0,0,0,0,0,0,0,0,0,0,0,0,0,0,0,0,0,0.494086099918005,-0.803867085648529,0,-0.657970784726619,0,0,0,0,0,0,0,0,-0.139448240400734,-0.120623348000724,0,0,0,0,0.25996951338915,0,0,0,0,0,0,0,0,0,0,0,0,0,0,0,0,1.11069887964431,0,-0.0197994609349676,0,0,0,0,0,0,0,0.30270190659275,0,0,0,0,0,0,0,-0.901483064648021,0,0,0,0,0,0,0,0,0,0,0,0,0,0,0,0.501394674677045,0,0,0,0,0,0,0,0,0,0,0,0,0,0,0,0,-0.469288259719634,0,0,0,0,0,0,0,0,0,0,0,0,0,0,0,0,0,0,0,0,0,0,0,0,0,0,0.0416548442362839,0,0,0,0,0,0,0,0,0,0,0,0,0,0,0,0,0,0,-1.39759490070819,0,0,0,0,0
0,0,0,0,0,0,0,0.254541326091624,0,0,0,0,0,0,0,0,-0.69779067554953,0,0,0,0,0,0,0,0,0,0,0,0,0,-0.673719961061832,0,0,-0.901133461707845,0,0,0,0,0,0,0,0,0,0,0,0,0,0,0,0.0701658568285852,0,0,0,0,0,0,0,0,0,0,0,0,0,0,0,0,0,0,0.0454012264548374,0,0,0,0,0,0,0,0,0,0,0,0.284760002013356,0,0,0,0,0,0.369334406445172,0,0,-1.34691594844852,0,0,0,0,0,0,0,0,-1.58959966357149,0,0,0,0,0,0,0,0,0,0,0,0,0,-0.741628134942454,0.725527376203442,0,-1.29385386020784,-0.626573502012328,-3.47370453697878,0,-0.264686654363392,0.833593599675564,0,0,0,0,0,0,0,0,0,0,0,0,0,-0.396614178399475,0,0,0,0,0,0,0,0,0.413116168123812,0,0,0,0,0,0,0,0,-0.107602581316975,0,0,0,0,0,0,0,0,0,0,0,0,0,0.071056695929878,0,0,0,0,0,0,-0.30911843726478,0.383543223279564,0,0,0,0,-0.248852293290406,0,0,0,-0.724390523948846,-0.0248998477493148,0,0,0,0,0,0,-0.0672481063344044,0,0,0,0,0,0,0,0
0,0,0,0,0,0,0,0,0,0,0,0,0,0,0,0,0,0,0,0,0,0,0,0,0,0,0,0,0,0,0,0,0,0,0,0,0,0,0,0,0,0,0,0,0,0,0,0,0,0,0,0,0,0,0,0,0,0,0,0,0,0,0,0,0,0,0,0,0,0,0,0,0,0,0,0,0,0,0,0,0,0,0,0,0,0,0,0,0,0,0,0,0,0,0,0,0,0,0,0,0,0,0,0,0,0,0,0,0,0,0,0,0,0,0,0,0,0,0,0,0,0,0,0,0,0,0,0,0,0,0,0,0,0,0,0,0,0,0,0,0,0,0,0,0,0,0,0,0,0,0,0,0,0,0,0,0,0,0,0,0,0,0,0,0,0,0,0,0,0,0,0,0,0,0,0,0,0,0,0,0,0,0,0,0,0,0,0,0,0,0,0,0,0,-0.221409389851188,0,0,0,0,0
0,0,0,0,0,0,0,0,0,0,0,0,0,0,0,0,0.547357332776038,0,0,0,0,0,0,0,0,0,0,-0.0960701795429233,0,0,0,0,0.556802273925045,0,0,0,0,0,0,0,0,-0.296559181294378,0,0,0,-0.165563817182534,0,0,0,0,0,0,0,0,0,0,0,0,0,0,0,0,0,0,-0.328654877722119,-0.474594961195028,0,0,0,0,0,0,0,0,0,0,-0.0355561602775791,0,0,0,0,0,0,0.544070207472966,0,0,0,0,0,0,0,0,0,0,0,0,0,0,0,0,-0.0415844731328923,0,0,0,0,0,0,0.149269278504901,0,0,0,0,0,0,0,0,0,0,0,0,1.00770331952284,0,0,0,0,0,0,0,0,0,0,0,0,0,0,0,0,0,0,0,0,0,0,-0.272640160171093,0,0,0,0,0,0,0,0,0,0,0,-0.474788601459123,0,0,0,0,0,0,0,0,0,0,0,0,0,0,0,0,0,0,0,0,0,0,0,0,0,0,0,0,0,0,0,0,0,0,0,0,0,0,0,0.062496200938353,0,0,0,0
0,0,0,0,0,0,0,0,0,0.123516163614684,0,0,0,0,0,0,0,0,0,0,0,0,0,0,0,0,0,0,0,0,0,0,0,0,0,0,0,0,0,0,0,0,0,0,0,0,0,-0.615597380737161,0,0,0,0,0,0,0,0,0,-1.04160668243855,0,0,0,0,0,0,0,0,0,0,0,0,0,0,0,0,0,0,-0.356739922529909,0,0,0,0,0,0,0,0,0,0,0,0,0,0,0,0,0,0,0,0,0,0,0,0,0,0,-0.00920474242687197,0,0,0,0,0,0,0,0,0,0,0,0,0,0,0,0,0.0490411244613753,0,0,0,0,0,0,0,0,0,0,0,0,0,0,0,0,0,0,0,0,0,0,0,0,0,0,0.00488719058938414,0,0,0,0,0,0,0,0,0,0,0,0,0,0,0,0,0,0,0,0,0,0,0,0,0,0,0,0.171893248412835,0,0,0,0,0,0,0,0,0,0,0,0,0,0,0,0,0,0,0,0,0,0,0,0
0,0,-0.00445753063872156,0,0,0,0,0,0,0,0,0,0,0,0,0,0,0,0,0,0,0,0,0,0,0,0,0,0,0,0,0,0,0,0,0,0,0,0,0,0,0,0.258253098336213,0,0,0,0,-1.52609451217147,0,0,0,0,0,0,0,0,0,-0.814414328009961,0,0,0,0,0,0,0,0,0,0,0,0,0,0,0,0,0,0,0,0,0.00204538031213564,0,0,0,0,0.0929352854939145,-0.363797070870215,0,0,0,0,0,0,0,0,0,0,0,0,0,0,0,0,0,0,0,0,0,0,0.145005735140275,0,0,0,0,0,0,0,0,0,0,0,0,0.668862841833812,0.331146187123075,0,0,0,0,0,0,0,0,0,0,0,0,0,0,0,0,0,0,0,0,0,0,0,0,0,0,0,0,0,0,0,0,0,0,0,0,0,0,0,0,0,0,0,0,0,0,0,0,0,0,0,0,0,0,0,0,0,0,0,0,0,-0.548687679235939,0,0,0,0,0,0,0,0,0,0,0,0,0,0,0,0
0,0,0,0,0,0,0,0,0,0,0,0,0,0,0,0,0,0,0,0,0,0,0,0,-0.540439788911711,0,0,0,0,0,0,0,0,0,0,0,0,0,0,0,0,0,0,0,0,0,0,1.06633106531534,0,0,0,0,0,0,0,-0.245618252935071,0,0,0,0,0,0,-0.00406308183594928,-0.228273279342602,0,0,0,0,0.439357358773206,0,0,0,0,0,0,0,0,0,0,0,-0.294158755477225,-0.0396330325780749,0,0,0,0.116851170442868,0,0,0,-0.632551028503606,0,0,0,0,0,0,0,0,0,0,0,0.0444384456069924,0,0,0,0,0,0,0,0,0,0,0,0,-0.523682848139335,-0.674584996662762,0,0,0,0,-0.808679853573964,0,-0.667985899585529,0,0,0,0,0,0.20758638848204,0,0,0.0550413876124991,-0.0536740014787056,0,0,0,0,0,0,0,-0.435336500779311,0.551153249967489,0,0,0,0,0,0.179790285757393,-0.523877996918267,-0.366913912816077,0.144937924139177,0,-0.342346539553194,0,0,-0.38680156824847,0,0,0,-0.458379027558701,-2.94333854576311,0,0,-0.670634175754991,0,0,0,0,0,0,0,0,0,0,0,0,0,0,0,0.209255325107486,0,0,-0.891712954649988,0,0,0,0,0,0,0.864386947433716,0,0,0.511925659627473,0,0,-0.0392892857521305,0,0.684701072603201,0,0
0,-0.674406498251991,0.120171143070511,0,0,0,0,0,0,0,0,0,0,0,0,0,0,0.117601730552538,0,0,0,0,0,1.52823776289626,-1.49711098896554,0,-5.15989869798277,1.51535378920446,0,0,0,0,0,-0.461994678751598,-0.100800142503822,0,0,0,0,0,0,0,0,0,0,0,0,0,0,0.179905400498025,0,0,0,0,0,0,-0.0713983936288041,0,0,0,0,0,-0.679614511192287,-0.536890010430342,0,0,0,0,0,0,0,0,0,0,0,-0.276640680108419,0,0,0,0.226514486773614,0,0,0.88848385022083,0,0,0,0,0,0,0,0,0,0,0,0,0,0,-0.0104069914956468,0,0,0,0,0,0,1.38726344994576,0,0,0.628213277399519,0,0,0,-0.0638805301114966,0,0,0,0,0,0,0,0.102982339435668,0,0,-0.919408600926079,0,0,-0.331365114082276,-1.00845980755179,0,0.174729417302123,0,0,0,0,0,-0.227294911391648,0.815481615505697,0,0,0,0,0,0,0,0,0,0,0,0,0,0,0,0,0,0,0,0,0,0,-0.0418066040673499,-0.412617259676239,-0.901547093375639,0,0,0,0,0,0,0,0,0,0,0,0,0,0,0,0,0,0,0.0186936098811841,0,0,-0.451236053803329,0,0,0,0,0,0,0,0,0,0,0,0,0,0,0,0,-0.85551234724438
0,0,0,0,0,0,0,0,0,0,0,0,0,0,0,0,0,0.0237259960225336,0,0,0,0,0,0.595409502393883,0,0,0,0.65966167370986,0,0,0,0,0,0,0,0,0,0,0,0,0,0,0,0,0,0,0,0,0,0,0,0,0,0,0,0,0,0,0,0,0,0,0,0,0,-0.434704818667532,0,0,0,0,0.205335900551374,0,0,0,0,0,0,0,0,0,0,0,0,0.497308551300614,0,0,0,0,0,0,0,0,0,0,0,0,0,0,0,0,0,0,0,0,0.568127762295935,0,0,0,0,0,0,1.17355985457584,0,0,0,0,0,-0.212129838788643,0,0,0,0,-0.51996708039405,0,0,0,0,0,0,0,0.288336206540617,0,0,0,0,0,1.38527580425272,0,0,0,0,0,0,0,0,0,0,0,0,0,0,0,0,0,0,0,0.191183053476196,0,0,0,0,0,0,0,0,0,0,0,0,0,0,0,0,0,0,0.215110060172113,0,-0.251747833381979,0,0,0,0,0,0,0.00774384975011677,0,0,0.079727468732578,0,0,0,0,0,0,0,0,0,0,0,-0.933656481896065
0,0,0,0,0,0,0,0,0,0,0,0,0,0,0,0,0.184612240254878,0,0,0,0,0,0,0,0,-0.0956671422194129,0,0.758129073626812,0,0,0,0,0,-0.0196580540476265,0,0,0,0,0,0,0,0,0,0,0,0,0,0,0,0,0,0,0,0,0,-2.15892223035009,0,0,0,0.0430221415897432,0,0,0,0,-0.181231664808069,0,0,0,0,0,0,0,0,0,0,-0.0884260587675292,0,0,0,0,1.65449859108363,0,0,0,0,-1.11576332018053,0,0,0,0,0,0,0,0,0,0.449526415634584,0,0,0,0,0,0,0,0,0,0,0,0,0.348183624608852,0,0,0,0,0,0,0.561658717177009,0,-0.659676615595303,0,0,0.413817423080956,0,0,0,0,0,0,0,0,0,-1.15212495767953,0.448859011535082,0.620538343663232,0,0,0.191154064571013,0,0,0,0,0,0,0,0,0,0,0,0.144816182048704,0,0,0,0,0,0,0,0,0,0,0,0,0,0,0,0,0,0,0,0,0,0,0,0,0,0,0,0,0,0,0,0,0.191793415236273,0,0,0,0,0,0,0,0,0,0,0,0,0,0,0,0,0,0,0
0,0,-0.492717503119872,0,0,0,0,0,0,0,0,0,0,0,0,0,0.44462174949288,0,0,0,0,0,0,0,-0.0642258295301481,0,-1.02563960863716,0.22663420346626,0,0,0,0,0,-0.0117407114071266,0,0,-0.454364157798452,0,0,0,0,0,0,0,0,0,0,0,0,0,0,0,0,0,0,-1.35950695869036,0,0,0,0,0,0,0,0,0,0,0,0,0,0,0,0,-0.150795924945584,0,0,0,0,0,0.761179932224689,0,0,0,0,0,0,0,0,0,0,0,0,-0.420773526540021,0,0,0,0.0190018843299087,0,0,0,0,0,-0.294881653382039,0,0,0,0,0,0.0994059152286106,0.232144118091867,0,0,0,0,0,0,0.308709210242669,0,-2.08400396031947,0,0,0.934061096292706,0,0,0,0,0,0.091525286608612,0,0,0,-0.797633281244015,0.171920483869262,0.00465014586510692,0,-0.0324669509031577,0.0744267155887761,0,0,0,0,0,0,0,-0.26882473081043,0,0,0,0.842253078953691,0,0,0,0,0,0,0,0,0,0,0,0,0,0,-0.0795719612512757,0,0,0,0,0,0,0,0,0,0,0,0,0,0,0,0,0,0.3831802816819,0,0,0,0,0,0,0,0,0,-0.35665568735977,0,0,0,1.29446507263168,0,0,0,0,0
0,0,0,0,0,0,0,0,-0.12089337091098,0,0,0,0,0,0,0,0,0,0,0,0,0,0,0,0,0,0,0,0,0,0,0,0,0,0,0,-0.0723662878808606,0,0,0,0,0,0,0,0,-0.0928343145571213,0,0,0,0,0,0,0,0,0,-1.94114283979777,0,0,0,0,0,0,0,0,0,0.530070196126943,0,0,0,0,0,0,0,0,0,0,0,0,1.3367645988542,0,0,0,0,0,0,0,0,0,0,0,0,0,0,0,0,0,0,-0.0366109120961191,0,0.673652146265733,0,0,0,0,0,0,0,0,0,0,0,0,0,0,-0.161596365059436,0.246808870541897,0,-1.11488493741325,0,0.119790567334179,0.0524711568895164,0.366768057624578,0,0,0,0,0.243797171960696,0,0,0,0,0,0,0,0,0,0,0,0,0,0,0,0,0,0,0,0,0,0.0251453550239114,0,0,0,0,0,0,0.962037781478557,0,0,0,-0.762620348641706,-2.25266298801976,0,0.336794776140434,0,0,0,0,0,0,0,0,0,0,0,0,0,0,0,0,0,0,-0.0839713299708325,0,0,0,0,0,0,0,0,0,0,0,0,0,0,0,0,0,0
0,0,-0.141643264301778,0,0,0,0,0.0768983505653338,0,0,0,0,0,0,0,0,0,0,0,0,0,0,0,0,0,0,0,0,0,0,-0.524486582776426,0,0,0,0,0,-0.267064268635175,0.209363572123693,0,0,0,0,0,0,0,0,0,0,0,0,0,0,0,0,0,-2.04297736649413,0,0,0,0,0,0,0,0,0,0,0,0,0,0,0,0,0,0,-0.0191903274900345,0,0,0,0,0,0,0,0,0.174719502672338,0,0,0,0,0,0,0,0,0,0,0,-0.0118111346476042,0,0,0,0,0,0,0,0,0,0.0900551572107007,0,0,0,0,0,0,0,0,0,0,0,-1.93262600706312,0,0,0.129215790535853,0,0,0,0,0,0,0,0,0,0,0,0,0,0,0,0,0,0,0,0,0,0.419041094718628,0,0,0,0,0,0,0,0,0,0,0,0,-0.158023058045648,0,0,0,-0.463112562912066,-2.42966516132668,0,0,0,0,0,0,0,0,0,0,0,0,0,0,0.0642317339724452,0,0,0,0,0,0,0,0,-0.0832401189646348,0,0,0,0,0,0,0,0,0,-0.526739562275392,0,0,0,0,0
0,0,0,0,0,0,0,0,0,0,0,0,0,0,0,0,0,0,0,0,0,0,0,0,0,0,0,0,0,0,0,0,0,0,0,0,0,0,0,0,0,0,0,0,0,0,0,0,0,0,0,0,0,0,0,0,0,0,0,0,0,0,0,0,0,0,0,0,0,0,0,0,0,0,0,0,0,0,0,0,0,0,0,0,0,0,0,0,0,0,0,0,0,0,0,0,0,0,0,0,0,0,0,0,0,-0.190589061584615,0,0,0,0,0,0,0,0,0,0,0,0,0,0,0,0,0,0,0,0,0,0,0,0,0,0,0,0,0,0,0,0,0,0,0,0,0,0,0,0,0,0,0,0,0,0,0,0,0,0,0,0,0,0,0,0,0,0,0,0,0,0,0,0,0,0,0,0,0,0,0,0,0,0,0,0,0,0,0,0,0,0,0,0,0,0,0,0,0,0,0,-0.248142851205559,0,0
0,0,0,0,0,0,0.669005078267228,0,0,0,0,0,0.0696211212831526,0,0,0,0,0,0,-0.53068426280697,0,0,0,0,0,-0.453826423664116,0,1.41521320542945,0,0,0,0,0,0,0,0,0,0.419177432471566,0,0,0,-0.00289088631110257,0,0,0,0,1.61982645912008,0,0,0,0,0,0,0,-0.0836543019043179,0,0,0,0,0,0,0,0,-0.0438951771638041,0,-0.307660558756771,0,0,0,0,0,0,0,0,0,0,0.183063600469196,0,0,0,0,0,0,-0.493699602010141,0,0,0,0,0,0,0,-0.838055226545345,0,0,0.18749910143291,0,-0.329944211756622,0,0,0,0,-0.468357342619471,0,0,0,-0.987165844963946,0,0.462319520059148,0.858925725840229,0,0,0,-0.0969885057513553,0,0,-0.331377607465145,0,0,0,0,1.21703708992134,0,0,0,0,0,0,0,0,0,-0.546911498844235,0,-0.152056521246941,0,0,0,0,0,0,0,0,0,0,-3.09174696345791,0,0,0,0,0,0,0.370264312756115,0,0,0,0,0.667982135447633,0,0,0,-0.270893022450268,0,1.03350828883864,0,0,0,0,0.281527615947883,0.183717889681428,0,0,0,0,0,-0.175502450862734,-0.340098421737893,0,0,0,0,1.12391041100235,0,0,0,0,0,0,-0.16844859378306,0.0429532198910878,0,0,0.66776845065174,0,0,0.250895123269297,0,0,0,-0.213719708735199,0.000542972126717389,0
0,0,0,0,0,0,0,0,0,0,0,0,0,0,0,0,0,0,0,0,0,0,0,0,-0.683991444099062,0,0,0,0,0,0,0,0,0,0,0,0,0,0,0,0,0,0,0,0,0,0,0,0,0,0,0,0,0,0,0,0.0892133604388803,0,0,0,0,0,0,0,0,0,0,0,0,0,0,0,0,0,-0.280126979950559,0,0,0,0,0,0,0,0,0,0,0,0,0,0,0,0,0,0,0,0,0,0,0,0,0,0,0,0,0,0,0,0,0,0,0,0,0,0,0,0,0,0,0,0,0,0,0,0,0,0,0,0,0,0,0,0,0,0,0,0,0,0,0,0,0,0,0,0,0,0,0,0,0,0,0,0,0,0,0,0,0,0,0,0,0,0,0,0,0,0,0,0,0,0,0,0,0,0,0,0,0,0,0,0,0,0,0,0,0,0,0,0,0,0,0,0,0,0,0,0,0,0,0,0,0
0,0,0,0,0,0,0,0,0,0,0,0,0,0,0,0,0,0,0,0,0,0,0,0,0,0,-0.113501233119663,0,0,0,0,0,0,0,0,0,0,0,0,0,0,0,0,0,0,0,0,0,0,0,0,0,0,0,0,0,0,0,0,0,0,0,-0.121380888534724,0,0,-1.02447793438786,0,0,0,0,0.71803545016542,0,0,0,-0.228214006442844,0,0,0,0,0,0,0,0,1.07133825305923,0,0.265119558342203,0,0,0,0,0,0,0,0,0,0,0,0,0,0,0,0,0,0,0,0,0,0,0,0,0,0.446041047262626,0,-0.00187323826814478,0,-0.150314603573862,0,-0.0292541245333655,0,0,0,0,0,0,0,0,0.0538384822822835,0,0.104680701556803,0,0,0,-0.452727844727139,0,0,0,0,0,0,0,-0.718761913322453,0.189728390167488,0,-0.197993295743174,0,0,0,0,0,0,0,0,0.0259783501770898,0,0,-0.286171039808448,0,0,0,0,0,0,0,0,0,0,0,0,0,0,0,0,0,0,0,0,0,0,0,0,0,0,0,0,0,0,0,0,0,0.0854153030318905,0,0,0.0859216937163787,0,0,-0.123015766314112,0,0,0,0
0,0,0,0,0,0,0,0,0,0,0,0,0,0,0,0,0,0,0,0,0,0,0,0,0,0,0,0,0,0,0,0,0,0.070634550246393,0,0,0,0,0,0,0,0,0,0,0,0,0,0,0,0,0,0,0,0.503258561189363,0,0,0.107578215754895,0,0,-1.01951757210989,0,0,0,0.642698659300133,0,0,0,0,0,0,0,0,0,0,0,0,0,0,0,0,0,0,-0.299094581290545,0,0,0,0,0,0,0,0,0,0,0,0,0,0,0,0,0,0,0,0,0,0,0,0,0,0,0,0,0,0,0,0,0,0,0.186072369921616,0,0,0,0,0,0,0,0,0,0,0,0,0,0,0,0,0,0,0,0.313262313907672,0,0,0.31269198082571,0,0,0,0,0,0,0,0,0,0,0,0,0.0791363670877867,0,0,0,0,0,0,0,1.77625330542904,0,0,0,0,0,0,0,0,0,0,0,0,0,0,0,1.11339615889406,0,0,0,0,0,0,0,0,0,0,0,0,0,0,0,0,0.324036213446101,0,0,0,0,0
0,0,0,0,0,0,0,0,0,0,0,0,0,0,0,0,0,0,0,0,0,0,0,0,0,0,0,0,0,0,0,0,0,0,0,0,0,0,0,0,0,0,0,0,0,0,0,0,0,0,0,0,0,0,0,0,0,0,0,-0.61536085304775,0,0,0,0,-0.224578415226573,0,0,0,0,0,0,0,0,0,0,0,0,0,-0.388647877933253,0,0,0,0,0,0,0,0,0,0,0,0,0.0562392819502768,0,0,0,0,0,0,0,0,0,0,0,0,0,0,0,0,0,0,0,0,0,0,0,0,0,0,0,0,0,0,0,0,0,0,0,0,0,0,0,0,0,0,0,0,0,0.824207684876566,0,0,0.231604878910662,0,0,0,0,0,0,0,0,0,0,0,0,0,0,0,0,0,0,0,0,1.85157035023225,0,0,0,0,0,0,0,0,0,0,0,0,0,0.04003881777834,0,0.572673921599156,0,0,0,0,0,0,0,0,0,-0.373524421123455,0,0,0,0,0,0,0,0,0,0,0,0
0,0,0,0,0,0,0,0,0,0,0,0,0,0,0,0,0,0,0,0,0,0,0,0,0,0,0,0,0,0,0.00225296497173222,0,0,0,0,0,0,0,0,0,0,0,0,0,0,-0.0142445443487353,0,0,0,0,0,0,0,0,0,0,0,0,0,0,0,0,0,0,0,-0.239535963321976,0,0,0,0,0,0,0,0,0,0,0,0,0,0,0,0,0,0,0,-0.056707345961106,0,0,0,0,0,0,0,0,0,0,0,0,0,0,0,0,0,0,0,0,0,0,0,0,0,0,0,0,0,0,0,0,0,0,0,0,0,0,0,0,0,0,0,0,0,0,0.166592105838479,0,0,0,0,0,0,0,0,0,0,0,0,0,0,0,0,-0.266718664087115,0,0,0,0,0,0,0,0,0,0,0,2.58813338394293,-0.374322746692852,0,0,0,0,0,0,0,0,0,0,0,0,0,0,0,0,0,0,0,0,0.0329343362728616,0,0,-0.199990039933929,-0.105535013921266,0,0,0,0,0,0,0,0,0,0,0,0
0,0,0,0,0,0,0,0,0,0,0,0,0,0,0,0,0,0,0,0,0,0,0,0,0,0,0,0,0,0,0,0,0,0,0,0,0,0,0,0,0,0,0,0,0,0,0,0,0,0,0,0,0,0,0,0,0,-0.176323253631191,0,0,0,0,0,0,0,0,0,0,0,0,0,0,0,0,0,0,0,0,0,0,0.300888740126591,0,0,0.171485428174864,0,0,0,0,0,0,0,0,0,0,0,0,0,0,0,0,0,0,0,0,0,0,0,0,0,0,0,0,0,0,0,0,0,0,0,-0.0660173882364965,0,0.0017259031994048,0,0,0,0,0,0,0,0,0,0,0.0524071601330212,0,0,0,0,0,0,0,0,0,0,0,0,0,0,0,0,0,0,0,0,0,0,0,0,0,0,0,0,2.57505817409685,0,0,0,0,0,0,0,0,0,0,0,0,0,0,0,0,0,0,0,0,0,0,0,0,-0.186701807058405,0,0,0,0,0,0,0,0,0,0,0,0,0
0,0,0,0,0,0,0,0,0,0,0,0,0,0,0,0,0,0,0,0,0,0,0,0,0,0,0,0,0,0,0,0,0,0,0,0,0,0,0,0,0,0,0,0,0,0,0,0,0,0,0,0,0,0,0,0,0,-0.512942628559077,0,0,0,0,0,0,0,0,0,0,0,0,0,0,0,0,0,0,0,0,0,0,0,0,0,0,0,0.0407509355122702,0,0,0,0,0,0,0,0,0,0,0,0,0,0,0,0,0,0,0,0,0,0,0,0,0,0,0,0,0,0,0,0,0,-0.138049421104893,0,0.21843760490221,0,0,0,0,0,0,0,0,0,0,0.372130741232629,0,0,0,0,0,0,0,-0.0846289299337901,0,0,0,0,0,0,0,0,0,0,0,0,0,0,0,0,0,0,0,0,3.32902866970637,0,0,0,0,0,0,0,0,0,0,0,0,0,0,0,0,0,0,0,0,0,0,0,0,0,0.0191220388458708,0,0,0,0,0,0,0,0,0,0,0,0
0,0,0,0,0,0,0,0,0,0,0,0,0,0,0,0,0,0,0,0,0,0,0,0,0,0,0,0,0,0,0,0,0,0,0,0,0,0,0,0,0,0,0,0,0,0,0,0,0,0,0,0,0,0,0,0,0,0,0,0,0,0,0,0,0,0,0,0,0,0,0,0,0,0,0,0,0,0,0.598423200107981,0,0,0,0,0,0,0,0,0,0,0,0,0,0,0,0,0,0,0,0,0,0,0,0,-0.0906864247575088,0,0,0,0,0,0,0,0,0,0,0,0,0,0,0,0,0,0.0531224921355178,0,0,0,0,0,0,0,0,0,0,0,0,0,0,0,0,0,0,0.217481922349828,0,0,0,0,0,0,0,0,0,0,0,0,0,0,0,0,0,0,0,0,0,0,0,0,0,0,0,-0.216615256778038,0,0,0,0,0.0131517693790149,0,0,0,0,0,0,0,0,0,0,0,0,0,0,0,0,0,0,0,0,0,0,0,0,0,0
0,0,0,0,0,0,0,0,0,0,0,0,0,0,0,0,0,0,0,0,0,0,0,0,0,0,0,0,0,0,0,0,0,0,0,0,0,0,0,0,0,0,0,0,0,0,0,0,0,0,0,0,0,0.0313077207847825,0,0,0,0,0,0,0,0,0,0,0,0,0,0,0,0,0,0,0,0,0,0,0,0,0,0,0,0,0,0,0,0,0,0,0,0.230078875057909,0,0.0083385993617151,0,0,0,0,0,0,0,0,0,0,0,0,0,0,-0.5946338904725,0,0,0,0,0,0,0,0,0,0,0,0,0,0,0,0,0,0,0,0,0,0,-0.187285096727992,0,0,0,0,0,0,0,0,0,0,0,0,0,0,0,0,0,0,0,0,0,0,0,0,0,0,0,0,0,0,0,0,0,0,0,0,0,0,0,0,0,0,0,0,0,0,0,0,0,0,0,0,0,0,0,0,0,0,0,0,0,0,0,0,0,0,0,0,0,0
0,0,0,0,0,0,0,0,0,0,0,0,0,0,0,0,0,0,0,0,0,0,0,0,0,0,0,0,0,0,0,0,0,0,0,0,0.202363254729337,0,0,0,0,0,0,0,0,0,0,0,0,0,0,0,0,0,0,0,0,0,0,0,0,0,0,0,0,0,0,0,0,0,0,0,0,0,0,0,0,0,0,0,0,0,0,0.654613633338503,0,0,0,0,0,0,0,0.971873139822222,0,0,0,0,0,0,0,0,0,0,0,0,0,0,-1.39911085505429,0,0,0,0,0,0,0,0,0,0,0,0,0,0.906077591839638,0,0,0,0,0,0,0,0,0,0,-0.0639619563413696,0,0,0,0,0,0,0,0,0,0,0,0,0,0,0,0,0,0,0,0,0,0,0,0,0,0,0,0,0,0,0,0,0,0,0,0,0,0,0,0,0,0,0,0,0,0,0,0,0,0,0,0,0,0,0,0,0,0,0,0,0,0,0,0,0,0,0,0
0,0,0,0,0,0,0,0,0,0,0,0,0,0,0,0,0,0,0,0,0,0,0,0,0,0,0,0,0,0,0,0,0,0,0,0,0.0247294232580522,0,0,0,0,0,0,0,0,0,0,0,0,0,0,0,0,0,0,0,0,0,0,0,0,0,0,0,0,-0.416144499869998,0,0,0,0,0,0,0,0,0,0,0,0,-0.761953592446698,0,-0.269785867613545,0,0,0,0,0,0,0,0,0.0668860660622559,0,0.34079955307794,0,0,0,0,0,0,0,0,0,0,0,0,0,0,-0.985782226113832,0,0,0,0,0,0,0,0,0,0,0,0,0,0,0,0,0,0,0,0,0,0,0,0,0,0,0,0,0,0,0,0,0,0,0,0,-0.458991520694709,0,0,0,0,0,0,0,0,0,0,0,0,0,0,0,0,0,0,0,0,0,0,0,0,0,0,0,0,0,0,0,0,0,0,0,0,0,0,0,0,0,0,0,-0.171960562571728,0,0,0,0,0,0,0,0,0,0,0,0
0,0,0,0,0,0,0,0,0,0,0,0,0,0,0,0,0,0,0,0,0,0,0,0,0,0,0,0,0,0,0,0,0,0,0,0,0,0,0,0,0,0,0,0,0,0,0,0,0,0,0,0,0,0,0,0,0,0,0,0,0,0,0,0,0,0,0,0,0,0,0,0,0,0,0,0,0,0,-0.849546082139458,0,0,0,0,0,0,0,0,0,0,0,0,0.375295275888148,0,0,0,0,0,0,0,0,0,0,0,0,0,0,-1.0591840315402,0,0,0,0,0,0,0,0,0,0,0,0,0,0,0,0,0,0,0,0,0,0,0,0,0,0,0,0,0,0.139444929430657,0,0,0,0,0,0,-0.561679785922388,0,0,0,0,0,0,0,0,0,0,0,0,0,0,0,0,0,0,0,0,0,0,0,0,0,0,0,0,0,0,0,0,0,0,0,0,0,0,0,0,0,0,0,-1.0632310028598,0,0,0,0,0,0,0,0,0,0,0,0
0,0,0,0,0,0,0,0,0,0,0,0,0,0,0,0,0,0,0,0,0,0,0,0,0,0,0,0,0,0,0,0,0,0,0,0,0,0,0,0,0,0,0,0,0,0,0,0,0,0,0,0,0,0,0,0,0,0,0,0,0,0,0,0,0,0,0,0,0,0,0,0,0,0,0,0,0,0,0,0,0,0,0,0,0,0,0,0,0,0,0,0,0,0,0,0,0,0,0,0,0,0,0,0,0,0,-1.10877328552297,0,0,0,0,0,0,0,0,0,0,0,0,0,0,0,0,0,0,0,0,0,0,0,0,0,0,0,0,0,0,0,0,0,0,0,0,0,0,0,0,0,0,0,0,0,0,0,0,0,0,0,0,0,0,0,0,0,0,0,0,0,0,0,0,0,0,0,0,0,0,0,0,0,0,0,0,0,0,0,0,0,0,0,0,0,0,0,0,0,0,0,0,0
0,0,0,0,0,0,0,0,0,0,0,0,0,0,0,0,0,0,0,0,0,0,0,0,0,0,0,0,0,0,0,0,0,0,0,0,0,0,0,0,0,0,0,0,0,0,0,0,0,0,0,0,0,0,0,0,0,0,0,0,0,0,0,0,0,0,0,0,0,0,0,0,0,0,0,0,0,0,-0.261837806815678,0,0,0,0,0,0,0,0,0,0,0,0,0,0,0,0,0,0,0,0,0,0,0,0,0,0,0,0,0,0,0,0,0,0,0,0,0,0,0,0,0,0,0,0,0,0,0,0,0,0,0,0,0,0,0,0,0,0,0,0,0,0,0,0,0,0,0,0,0,0,0,0,0,0,0,0,0,0,0,0,0,0,0,0,0,0,0,0,0,0,0,0,0,0,0,0,0,0,0,0,0,0,0,0,0,0,0,0,0,0,0.166101977109925,0,0,0,0,0,0,0,0,0,0
0,0,0,0,0,0,0,0,0,0,0,0,0,0,0,0,0,0,0,-0.159346740008386,0,0,0,0,0.20596550825088,0,0.250407148422058,0,0,0,0,0,0,0,0,0,0,0,0,0,0,0,0,0,0,0,0,0,0,0,0,0,0,0,0,0,0,0,0,0,0,0,0,0.0129895139261424,0,0,0,0,0,0,0,0,0,0,0,0,0,0,-0.0229822951622181,0,0,-0.0434895359211236,0,0,0,0.413121301358783,0,0,0,0.337804282002082,0,0,0,0,0,0,0,0,0,0,0,0,0,0,0,0,0,0,0,0,0,0,0,0,0,0,0,0,0,0,0,0,0,0,0,0,0,0,0,0,-0.00352826287088215,-0.359241488730278,0,0,0,0,0,0,0,0,0,0,0,0,0,0,0,0,0,0,0,0,0,0,0,0.419560295053447,0,0,0,0,0,0,0,0,0,0,0,0,0,0,0,0,0,0,0,0,0,0,0,0,0,0,0,0,0,0,0,-0.163548789697416,0,0.057741022381375,0,0,0,0,0,-0.0552319914841708,0,0,0,0
0,0,0,0,0,0,0,0,0,0,0,0,0,0,0,0,0,0,0,0,0,0,0,0,0,0,0.444949337507684,0,0,0,0,0,0,0,0,0,0,0,0,0,0,0,0,0,0,0,0,0,0,0,0,0,0,0,0,0,0,0,0,0,0,0,0,0,0,0,0,0,0,0,0,0,0,0,0,0,0,0,0,0,0,0,0,0,0,0,0,0,0,0,0,0.173315695334341,0,0,0,0,0,0,0,0,0,0,0,0,0,0,0,0,0,0,0,0,0,0,0,0,0,0,0,0,0,0,0,0,0,0,0,0,0,0,0,0,0,0,0,0,0.0156774377321125,0,0,0,0,0,0,0,0,0,0,0,0,0,0,0,0,0,0,0,0,0,0,0,0,0,0,0,0,0,0,0,0,0,0,0,0,0,0,0,0,0,0,0,0,0,0,0,0,0,0,-0.670037272851073,0,0,0,0,0,0,0,0,0,0,0,0
0,0,0,0,0,0,0,0,0,0,0,0,0,0,0,0,0,0,0,0,0,0,0,0,0,0,1.02445926967815,0,0,0,0,0,0,0,0,0,0,0,0,0,0,0,0,0,0,0,0,0,0,0,0,0,0,0,0,0,0,0,0,0,0,0,-0.208146831422577,0,0,0,0,0,0,0,0,0,0,0,0,0,0,0,0,0,0,0,0,0,0,0,0,0,0,0,0,0,0,0,0,0,0,0,0,0,0,0,0,0,0,0,0,0,0,0,0,0,0,0,0,0,0,0,0,0,0,0,0,0,0,0,0,0,0,0,0,0,0,0,0,0,0,0,0,0,0,0,0,0,0,0,0,0,0,0,0,0,0,0,0,0,0,0,0,0,0,0,0,0,0,0,0,0,0,0,0,0,0,0,0,0,0,0,0,0,0,0,0,0,0,0,0,0,0,0.201950414481202,0,0,0,0,0,0,0,0,0,0
0,0,0.148149030864362,0,0,0,0,0,0,0,0,0,0,0,0,0,0,0,0,0,0,0,0,0,0,0,1.87267440703612,0,0,0,0,0,0,-0.0566269236426062,0,0,0,0,0,0,0,0,0,0,0,0,0,0,0,0,0,0,0,0,0,0,0,0,0,0,0,0,-0.829898053223362,0,0,-0.0727731141148036,0,0,0,0,0,0,0,0,0,0,0,0,0,0,0,-0.329301918396573,0,0,0,0.0453040793277923,0,0,0,0,0,0,0,0,0,0,0,0,0,0,0.184779508610517,0,0,0.663488078240421,0,0,0,0.391541439759883,0,0,0,0,0,0,0.614606320711583,0,0,0,0,0,0.022094351595443,0,0,0,0,0,0,0,0,0,0,0,0,0,0,0,0,0,0,0,0,0,0,0,0,0,0,0,0,0,0,0,0,0.305940377082972,0,0.90351545389961,0,0,0,0,0,0,0,0,0,0,0.105507102587908,0,0,0,0,0,0,0,0,0,0,0,0,0,0,0,0,0.256713292122671,0,0,0,0,0,0.250769967704037,0,0,0,0,0,0,0,0,0,0
0,0,0,0,-0.771757720224386,0,0,0,0,0,0,0,0,0.0292634227501194,0,0,0,0,0,0,0,0,0,0,0,0,0,-0.116758804519734,0,0,0,0,0,0,0,-0.917375794268699,-0.817866425547298,0,0,0,0,0,0,0,0.364337869458889,0,0,0,0,0,0,0,0,0,0,0,0,0,0,0.407865495712766,0,0,0,0,0,0,0,0,0,0,0,0,0.550263311710317,0,0,2.24617730497624,0,0,0,0.422521542716867,0,0,-0.446306458923718,0,-0.132747584172688,0,0,0,10.0720466610134,0,0,0,0.0261441176564148,0,0,0,0,0,0,0,0,0.285091108703766,0,0,0,0,-1.44430395540142,0.726557689395395,0,0,0,0,0.721673100781831,0,0.646462047440676,0,0,0,0,0,0,0,0,0,0,0,0,0,0,0,-0.24340880347123,0,0,0,0,0,0.1439942002465,0,0,0,0,0,0,0,1.24240846410814,0,0,0,0,0,0,0,0,0,0.453455064301484,0,0,0,0,0,0,0.918091462748523,0,0,0,0,0,-0.878944482984247,0,0,-0.208400821444751,0,0,0,0,0,0,-0.820946127288452,0,0,0,0,0,0.81131397781329,0,0,0,0,0.0548266704764588,0,1.35616602177444,0,0,-0.34283374433062,0,0,0,0,0,0
0,0,0,0,0,0,0,0,0,0,0,0,0,0,0,0,0,0,0,0,0,0,0,0,0,0,1.31418210443841,-0.865465193780935,0,0,0,0,0,0,0,0,0,0,0,0,0,0,0,0,0,0,0,0,0,0,0,0,0,0.0702520990632789,0,0,0,0,0,0,0,0,0,0.5520595373454,0,0,0,0,0,0,0,0,0,0,0,0,0,0,0.195894507881015,0,0,0,0,0,0,0,0,0,0,0,0,0,0,0,0,0,0,0,0,0,0,-0.0722206682599387,0,0,0,0,0,0,0.356762999136203,0,0,0,0,0,0,0,-0.0993959396010711,0,0,0,0,0,0,0,0,0,0,0,0,0,0,0,0.326767529629238,0,0,0,0,0,0,0,0,0,0,0,0,0,0,0,0,0,0,0,0,0,0,0,0,0,0,0,0,0,0,0,0,0,0,0,0,0,0,0,0,0,0,0,0,0.574288160356807,0.265312797366065,0,0,0,0,0,0,0,0,0,0,0.152384926228587,0,0,0,0,0,0,0,0,0.872210780352632,0
0,0,0,0,0,-0.0849675929479516,0,0,0,0,0,0,0,0,0,0,0,0,0,0,0,0,0.0116367321895514,0,0,0,0.70765755610791,0,0,0,0,0,0,0,0,0,0,0,0,0,0,0,0,0,0,0.00050883970358373,0,0,0,0,0,0,0,0,0,0,0,0,0,0,0,0,0,1.28088620223818,0,0.60776814491885,-0.642801847136838,0,0,0,0,0,0,0,0,0,0,0,0,0,0,0,0,0,-0.438932923455817,0,0,0,0,0.651779652609602,0,0,0,0,0,0,0,0,0,0,0,0,0,0,0,0,0,0,0.445327213252324,0,0,0,0,0,0,0,0,0.00145357898227627,0,0,0,0,-0.199062437659643,0,0,0,0.0555171014759566,0,0,0,0,0,1.64682379025357,0,0,0,0,0,0,0,0,0,0,0.357927746888049,0,0,0,0,0,0,0,0,0,0,0,0,0,0,0,0,0,0,0,0,0,0,0,0,0,0,0,0,0,0,0,0,0,0.667300329075522,0,0,0,0,0,0,0,0,0,0.092761395218844,0,0,0,0,0,0,0,0,0,0,0,0
0,0,0,0,0,0,0,0,0,0,0,0,0,0,0,0,0,0,-0.124954089250102,0,0,0,0,0,0,0,0.881203712856687,0,0,0,0,0,0,0,0,0,0,0,0,0,0,0,0,0,0,0,0,0,0,0,0,0,0,0,0,0,0,0,0,0,0,0,0,0.00634039544131726,0,0,0,0,0,0,0,0,0,0,0,0,0,0,0,0,0,0,0,0,-0.601525562984194,0,0,0,0,0,0,0,0,0,0,0,0,0,0,0,0,0,0,0,0,0,0,0,0,0,0,0,0,0,0,0,0,0,0,0,0,0,0,0,0,0,0,0,0,0,0,0,0,0,0,0,0,0,0,0,0,0,0,0,0,0,0,0,0,0,0,0,0,0,0,0,0,0,0,-0.362749869592601,0,0,0,0,0,0,0,0,0,0,0,0,0,0,0,0,0,0,0,0,0,0.317458771776957,0,0,0,0,0,0,0,0,0,0,0,0,0,0,0,0,0,0
0,0,0,0,0,0,0,0,0.0161241235232636,0,0.525722037765798,0,0,0,0,0,0,0,0,0,0,0,0,0,0,-0.613705997650878,0,0,0,0,0,0,0,0,0,0,0,0,0,0,0,0,0,0,0,0,0,0,0,0,0,-1.53801539162215,0,0,0,0,0.0245301126418045,0,-1.0065709860389,0,0,0,0,0.380426365353049,0,0,0,0,0,0,0,0,0,0,-0.179393372203927,0,0,0,0,0.0932365615197661,0,-0.618126242004852,0,0,0,0,0.247489575234302,-0.133667034211819,0,0,0,0,0,0,0,0,0,0,0,0,0,0,0,0,0,0,0,0.256952152615052,0,0,0,0,0,0,0,0,6.10628934662756,0,0,0,0,0,0,0,0,0,0,0,0.00274939102669425,0,0,0,0,0,0,0,0,0,0,0,0,0,0,0,0,0,0,0,0,0,0,0,0,0,0,0,0,0,0,0,0,0,0,0,0,0,0,0.551827728790234,0,0,0,0,0,0,0,0,-0.454749796891258,0,0,-0.53814118629437,0,0,0,0,0,0,0,0,0,0,0,1.28000417951094,0,0,0,0,0,0,0,0
0,0,0,0,0.102474292686542,0,0,0.270828085435628,-1.3215397229231,0,0,0,0,0,0,0,0,0,0,-0.331033771408084,0,0,0,0,0,0,0,0,0,0,0,0,0.119578253093498,0,0,0,0,0,0,0,-0.00235016617911166,0,0,0,0,0,0,0,0,0,0,0,0,0,0,0,0.506124144988098,0,0,0,0,-0.538791155624683,0,0,0.218002338231165,0.121116311897865,0,0,0,0,0,-1.07887135007941,0,0.308223517372897,-0.947127672441854,0.683180172662354,0,0,0,0,0,0,-0.0322714155246688,0,0,0,0,0,0,-0.103884669312916,0,0,0,0,0,0,0,0,-1.30396729502597,0,0,0,0,0.329448088548232,0,0,0,0,0,0,0,0,-0.0956130566426072,0,0,0,0,0,0,-1.8203523112119,0,0.329504701501709,0,0,0,-3.87392654456437,0,0,0,0,0.54212885676796,0.782595910399071,0.0692676291245453,0,0,0,0,0,0,0,0,0,0,-1.24460492998765,0,0,0,-0.688863718192072,0.0793050074285948,-3.15184881328348,0,0,-0.131634099686535,0,0,0,0,0,0,-0.154173370996127,0,-0.172911164008757,0,0,0,0,0.273291822056313,0,0,0.114405895670412,0,0,0,0,0,0,0,0,0.316710855678668,0,0,-0.256546998578941,0,0,-0.62975670425043,0.16291284068325,0,0,-0.317904737741333,0,0,0.469833034421094,0,0,0,0,0,0,0,0
0,0,0,0,0,0,-0.0995642182764256,0.217689455288901,-2.10023928237119,0,0,0,0,0,0,0,0,0,0,-0.0639729171780254,0.20369504657824,0,0,0,0,0,0,0,0,0,0,0,0.194761756283808,0.919023885906554,0,0,0,0,0,0,0,0,0,0,0,0,0,0,0,0,0,0,0,0,0,0,0.391954587826578,0,0,0,0,-0.223781105084603,0,0,0,0,0,0,0,0,0,-1.6470442000868,0,0,-0.411910243369285,0.32183473443308,0,0,0,-0.290473553782772,0,0,0,0,0,0,0,0,0,-0.585934250775851,0,0,0,0,0,0,0,0,-1.81835340507816,0,0,0,0,0,0,0,0,0,0,0,0,0,0,0,0,0,0,0,0,-1.70093735514901,0,1.05636148039672,0,0,0,-3.79099781341142,0,0,0.540830616961521,0,0,0,0,0,-0.156812538353364,0,0,0,0,0,0,0,0,-1.24490674329129,0,0,0,-0.315428522644942,0.248957314548649,-2.68907957639856,0,0,0,0,0,0,0,-0.363628426017305,0,0,0,0,-0.0197249232149466,0,0,0,0.267082822595861,0,-0.0511763774750476,0,0,0,0,-0.0396244224475688,0,0,0,0,0.403129420250507,0,0,-0.357486087591141,0,0,-1.26913189206057,0.558976578242,0,0,-0.202440326268066,0,0,0.525590730378626,0,0,0,0,0,0,0,0
0,0,-0.231598203360743,0,0,0,-1.4404251611643,0,-1.74569375713801,0,0,0,0,0,0,-0.286821394542302,0.235765269621969,0,0,0,0.199735556663747,0.100791772039531,0,0,0,0,0,0,0,0,-1.13587022877861,0,0,0.780619888550662,0,0,0,0.436202140015825,0,0,0,0,0,0,0,0.442662879313992,0,0,0,0,0,0,0,0,0,-0.0496304513150898,0,0,0,0,0,0,0,0,0,0,0,0,0,0,-0.400410326035754,-0.689998625434992,0.779904878295422,0,0,0,0,-0.864280435985755,0,-2.13496392990128,-0.110516345393802,0,-0.191654467902779,-0.466651093616854,0.176385149960831,0,0,0.508643591892112,0,0,0,0,0,0,0,-0.607968854421331,0,0,0,-0.1198789599443,-0.0321840402139673,-0.894216351147616,0.988543538774639,0,0,0,0,0,0,0,0,0,-0.0198128000967519,-0.594873101107937,0,0,0,0,0,-1.24944800246824,-0.2300772136297,0,-0.13946901480185,0,0,0,0,0,0,0.196643050767536,0,0.515269258465001,0.339915771707326,0,-0.0104205053997513,0,-0.179347992333488,0,0,0,0,0,0,-3.22727710325424,0,0,0,0,0,-0.678630500231644,0,0,-0.661359470795769,0,0,-0.507670854529922,0,0,0,0,-1.1699621920834,0,0.417183966416553,0,0,0,-0.929484099632262,0.348793408083907,0,0,0,0,0,0,0,0,0,0,0.552482611377028,0,0,-0.792847015235049,0,0,-0.283581018415473,0.0717289689566625,-0.107842800922684,-0.133494438173648,0,0,0,0.0667510847782582,0,0,0,0,0,0,0,0
0,-0.646183075161385,0,0,0,0,-1.53900451292639,0,-0.0373608835418462,0,0,0,0,0.033399996963285,0,0,0.631677958652973,0,0,0,0,0,0,0,0.178614542000831,0,0.970606704427687,0,0,0,-1.85642166491788,0,0,1.19312697942987,0,0,0.348882215239748,0,0,0,0,0,0,0,-0.902319743095798,0,0,0,0,0,0,0,0,0,0,0,0.371725064909565,0,0,0,0,-0.209284617027417,0.347350326811175,0,0,0,0,0,-0.141870151299556,0,0,0,0.0654820301623704,0,0,0.25552116317057,0,-0.173499966875076,0,-0.614108624440583,-0.405980523922076,0,-0.31885815747642,-0.411304558406323,0.376511420948009,0,0,0,0,0,0,0,0,0,0,-1.66275551172314,0,0,0,0,0,0,0,0,0,0,0,0,0,-0.621979963960061,0,0,-0.012222741250937,-0.960250986691255,0,0,0,-0.130409816744659,0,0,0,0.344832295579495,0,0,0,0,-0.742583176507768,0,0,0,-0.161062740278173,0,0.706039648661627,0,0,0,0,0,0,0,0,0,0,-2.46052699323397,0,0,0,0,0.633943055451801,-1.35655420823876,0,0,0,0,0,0,0,0,0,0,-0.281403467226181,0,0.911892612121877,0,0,0,0,1.17486322498382,0,0,0,0,0,0,0,-1.22956249305801,0,0,0,-1.18911412281245,0,-0.74923457721778,0,0,0,0,0,0,0,0.0668710019102985,0,0,0,0,0,0,0,0,0,-0.493831960200601
0,0,0,0,0,0,0,0,0,0,0,0,0,0,0,0,0,0,0,0,0,0,0,0,0,0,0,0,0,0,0,0,0,0,0,0,0,-0.162406792065648,0,0,0,0,0,0,0,0,0,0,0,0,0,0,0,0,0,0,0,0,0,0,0,0,0,0,0,0,0,0,0,0,0,0,0.0708958846245042,0,0,0,0,0,0,0,0,0,0,0,0,0,0,0,0,0,0,0,0,0,0,0,0,0,0,0,0,0,0,0,0,0,0,0,0,0,0,0,0,0,0,0,0,0,0,0,0,0,0,0,0,0,0,0,0,0,0,0,0,0,0,0,0,0,0,0,0,0,0,-1.48251463055494,0,0,0,0,0,0,0,0,0,0,0,0,0,0,0,0,0,0,0,0,0,0,0,0,0,0,0,0,0,0,0,0,0,0,0,0,0,0,0,0,0,0,0,0,0,0,0,0,0,0,0,0,0,0,0.0895477947698362,0
0,0,0,0,0,0,0,0,0,0,0,0,0,0,0,0,0,0,0,0,0,0,0,0,-0.341407881712549,0,0,-2.41796666728031,0,0,0,0,0,0,0,0,0,0,0,0,0,0,0,0,0,0,0,0,0,0,0,0,0,0,0,0,0,0,0,0,0,0,0,0,0,0.0591791671034183,0,0,0,0,0,0,0,0,0,-0.33727972789209,0,0,0,0,0,0,0,0,0,0,0,0,0,0,0,0,0,0,-0.190924482080269,0,0,0,0,0,0,0,0,0,0,0,0,0,0,0,0,0,0,0,0,0,0,0,0,0,0,0,0,0,0,0,0,0,0,0,0,0,0,0,0,0,0,0,0,0,0,0,0,0,0,0,-10.7740105492131,0,0,0,0,0,0,0,0,4.13500812337432,0,0,0,0,0,0,0,0,0,0,0,0,0,0,0,0,0,0,0,0,0,0,0.0502916081793017,0,0,0,0,0,0,0,0,0,0,0,0,0,0,0,0,0,0,0,0.318523913709933,0
0,0,0,0,0,0.400539774141582,0,0,0,0,0,0,0,0,0,0,0,0,0,0,0,0,0,0,0,0,0,0,0,0,0,0,0,0,0,0,0,0,0,0,0,0,0,0.364914717153545,0,0,0,0,0,0,0,0,0,0,0,0,0.121341529635559,0.561503148092778,0,0,0,0,0,0,0,0,0,0,0,0,0,0,0,0,0,0,0,0,0,0,0,0,0,0,0,0,0,0,0,0,0,0,0,0,0,0,0,0,0,0,-0.252972677179415,0,1.48205906371357,0,0,0,0,0,0,0,0,0,0,0.0135955524387203,0,0,0,0,0,0,0,0,0,0,0,0,0,0,0,0,0,0,0,0,0,0,0,0,0,0,0,0,0,0,0,0,0,0,0,0,0,0,0,0,0,0,0,0,0,0,0,0,0,0,0,0,0,0,0.716457429078811,0,0,0,0,0,0,0,0,0,-0.0780648468347973,0,0,0,0,0,0,0,0,0,0,0,0,0,0,0,0,0,0,0,0,0
0,0,0,0,0,0.117034406969081,0,0,0,0,0.123491518224134,0,0,0,0,0,0,0,0,0,0,0,-0.0522140570198302,0,0,0,-0.568410488367457,0,0,0,0,0,0,0,0,0,0,0,0,0,0,0,0,0,0,0,0,0,0,0,0,0,0,0,0,0,0,0,0,0,0,0.0315579330205269,0,0,0,0,0.35331031337082,0,0,0,0,0,0,0,0,0,0,0.735203828744324,0,0.279656427520497,0,0,0,0,0,0,0.352184487696117,0,0,0,0,0,0,0,0,0,0,0,0,0,0,0.15075828591117,0.564743452229715,0,0,0,0,0,0,0,0,-0.0805324563418393,0,0,-0.772042419638123,0,0,0,0,0,0,0.459699294026945,0,0,0,0,0,0,0,0,0,0,0,0,0,0,0,0,0,0,0,0,0,-1.9218245341749,0,0,0,0,0,0,-1.77548938719785,0,0,0,0,0,0,0,0,0,0,0,0,0,0,0,0,0,0,0,0,0,0,-0.1729530736521,0,0,0,0,0,0,0,0,0,0,0,0,0,0,0,0,0,0,0,0,0,0,0,0,0,0
0,0,-1.14434139626178,0,0,0,0,0,0,0,-0.583709399968975,0,0,0,0,0,0,0,0,-0.653480706747439,0,0,0,0,0,0,0,0,0,0,0,0,0,0.220099703991156,0,0,0.135979378377292,0,0,0,0,0,0,0,0,0,0,0,0,0,0,-1.19692236394145,0,0,0,0,0,0,0,0,-0.607746247378004,0,0,0,-0.323261638649134,0,0,0,0,0,0,0,0,-0.0158321518529092,-0.244007300719958,0,0,0,0,0,0,0,0,0,0,-0.488400441788388,0,0,0,0,0,0,0.0483286786837771,0,0,0,0,0,-0.356094904182032,0,0,0,0,0,0,0,0,0,0,0,0,0,0,0,0,-0.532100880503785,0,0,0,0,2.48865225750861,0,0,0,0,0,0,0,-0.135703941103969,5.46948189850925,0,0,0,0,0,0,0,0,0,0,0,0,0,0,0,0.492775863934693,0,0,0,0,0,0,0,0,0,0,0,0,0,0,0,0,0,0,0,0,0,0,0,0,0,0,0,0,0,0,0,-0.0584394219821949,0,0,0,0,0,0,-0.904947308698423,0,0,0,0,0,0,0,0,0,0,0,0,0,0,-0.00765549811814825
0,0,0,0,0,0,0.245966426191403,0,0,0,0,0,0,0,0,0,0,0,0,-0.11005937186754,0,0,0,0,0,0,0,0,0,0,0.273543282891011,0,0,0,0,0,0,-0.740339731332151,0,0,0,0,0,0,0,0,0,0,0,0,0,0,0.429982215730837,0,0,0,0,0,0,0,-0.0469061584296842,0,0,0,-0.235162061394215,0,0,0,0,-0.235631494149316,0,0,0,0,-0.827420075665334,0,0,0,-0.0164093302332409,0,0,0,0,0,0,0,0,0,0,0,0,0,0,0,0,0,0,0,-0.542957192359254,0,0,0,0,0,0,0,0,0,0,0,0,0,0,0,0,0,0,0,0,0,0,0,0,0,0,0,0,0,0,7.23914075993613,0,0,0,0,0,0,-0.00378341652845737,0,0,0,0,0,0,0,0,0,0,0,0,0.0567243636597332,0,0,0,0,0.170600465339763,0,0,0,0,0,0,-0.336787171751054,0,0,0,0,0,0,0,0,0,0,0,0,0,0,0,0,0,0,0,0,0,0,0,0,0,0,0,0,0,0,0,0,0,0,0,0,0,0
0,0,-1.24517755009753,0,0,0,0.329902332083331,0,0,0,-0.740751727100214,0,0,0,0,0,0,0,0,0,0,0,0,0,0,0,0,0,0,0,0,0,0,0.177805725617824,0,0,0.880161352319817,0,0,0,0.0602020315404612,0,0,0,0,0,0,0.00742739950016591,0,0,0,0,0,0,0,0,0,0,0,0,0,0,0,0,0,0,0,0,0,0,0,0,0,0,-0.495124581531012,0,0,0,0,0,0,0,0,0,0,0,0,0,0,0,0,0,0,0,0,0.474516508076524,0,0,-0.333115299285415,0,0,0,0,0,0,0,0,0,0,0,0,0,0,0,0,0,0,0,0,0,0,0,0,0,0,0.929145435671743,-1.23941326168104,0,0,8.1097629947882,0,-0.827097230336614,0,0,0,0,0,-0.0666075684080125,0,0,0,0,0,0,0,0,0,0,-0.0860672729105989,0.211489730290396,0,0,0,0,0,0,0,0,0,0,0,-0.140021486283628,0,0,0,0,0,0,0,0,0,0,0,0,0,-0.91422734070256,0.296792130444557,0,0,0,0,0,0,0,0,0,-0.116571647310518,0,0,0,0,0,0,0,0,0,0,0,0,0
0,0,0,0,0,0,0.235396655626742,0.379827077779834,-0.113032668372879,0,0,0,0,0,-0.151627426870867,0,0,0,0,0,0,0,0,0,0,0,0,0,-0.287349685722107,0,0,0,0,0,0,0,1.02183469134283,0,0,0,0,0,0,0,0,-0.0484535867657474,0,0.30982471725951,0,0,0,0,0,0,0,0,0,0,0,0,0,0,0,0,0,0,0,0,0,0,0,0,0,0,0,0,0,0,0,0,0,0,0,0,0,0,0,0,0,0,0,0,0,0,0,0.749681230359647,0,0,0,0,0,0,0,0,0,0,0,0,0.264091333203224,-0.129052688739702,0,0,0,0,0,0,0,0,0,0,0,0,0,0,0,1.62065578180114,0,0,-0.46035691542319,10.0152471699669,0,0,0,0,0,0.11981573065914,0,0,0,0,0,0,0,0,0,0,0,0,0,0,0,0,0,0,0,0,0,0,0,0,0,-0.313377311741096,0,0,0,0,0,0,0,-1.45128048209427,0,0,0,0,0,-0.655079218721472,0.209519272843486,-0.00793001063501197,0,0,0,0,0,0,0,0,-0.814472710448802,0,0,0,0,0,0,0.267777687774636,0.554759090225515,0,0,0,0,0
0,-0.56829590621808,0,0,0,0,1.06310110519927,0,-0.122204232949546,0,0,0,0,0,-1.07390810900011,0,0,0,0,0,0,0,0,0,0,0,0,0,-0.485593093639155,0,0,0,-0.0939658084481543,0.808772774706444,0,-0.395802684078865,0.35458938958127,0,0,0,0.601522820529066,0,0,0,0,0,0,0,0,0,0,0,0.147344348333045,0,0,0,0,0,0,0,1.75506343677858,0,0,0,0.445741379166279,0,0,0,0,0,0,0,0,0,0,-0.788608286986278,0,0.432523290991641,0,0,0,0,0,0,0,0,0,0,0,0.762031195796149,0,0,0,0,0,0.781946965564652,0.494329146402187,0,0,0,-0.966964197976023,0,-0.892560073734566,0,0,0,0,0,0.0287292780235615,0,0,0,-0.853958353241459,0,0,0,0,0,0,0,0.803395078008665,0,0,0,0,6.07717768907391,0,0.0367810401860125,0,10.8245245846477,0,-0.361940369004413,-1.77576267720039,0,0,0,1.00384735472201,0,0,0,0,0,0.342974942068826,0,0,0,0,0,-0.443392039225871,0,0,0,-0.322203359939647,0,-0.988555190349345,0,0,0,0.0363990317286442,-0.0392631891149524,0,0,0,0.56977908353491,0,0,0,0,0,-2.62006385035831,0,0,0,0,0,-2.58754254787801,2.03978106499478,-0.726610792262838,-0.194826707581901,0,0,-0.794514701187846,0,0,0.0314891376089761,0,-1.48200723789056,-0.684025475390273,0,0,0,0,0,2.00255956316479,0,0,0,0,0,0
0,0,0,0,0,0,0,0,0,0,0,0,0,0,0,0,0,0,0,0,0,0,0,0,0,0,0,0,0,0,0,0,0,0,0,0,0,0,0,0,0,0,0,0,0,0,0,0,0,0,0,0,0,0,0,0,0,0,0,0,0,0,0,0,0,0,0,0,0,0,0,0,0,0,0,0.128218881770596,0,0,0,0,-0.18330745506007,0,0,0,0,0,0,0,0,0,0,0,0,0,0,0,0,0,0,0,0,0,0,0,0,0,0,0,0,0,0,0,0,0,0,0,0,0,0,0,0,0,0,0,0,0,0,0,0,0,0,0,0,0,0,0,0,0,0,0,0,0,0,0,0,0,0,0,0,0,0,0,0,0,0,0,0,0,0,0,0,0,0,0,0,0,0,0,0,0,0,0,0,0,0,0,0,0,0,0,0,0,0,0,0,0,0,0,0,0,0,0,0,0,0,0,0,0,0,0
0,0,0,0,0,0,0,0,0,0,0,0,0,0,0,0,0,0,0,0,0,0,0,0,0,-0.340439961775102,0,0,0,0,-0.147132451080357,0,0,0,0,0,0,0,0,0,0,0,0,0,0,0.442019750341067,-0.533300914552894,0,0,0,0,0,0,0,0,0,0,0,0,0,0.0465878678972145,0,0,0,0,0,0,0,0,0,0,0,0,0,0,0,0,0,0,0,0,0,0,0,0,0,0,0,0,0,0,0,0,0,0,0,0,0,0,0,0,0,0,0,0,0,0,0,0,0,0,0,0,0,0,0,0,0,0,0,0,0,0,0,0,0,0,0,0,0,0,0,0,0,0,0,0,0,0,0,0,0,0,0,0,0,0,0,0,0,0,0,-0.120702173564684,0,0,0,0,0,0,0,0,0,0,0,0,0,0,0,0,0,0,0,0,0,0,0,0,0,0,0,0,0,0,0,0,0,0,0,0,0,0,0,0,0,0,0,0,0,0.460869654544216,0
0,0,0,0,0,0,0,0,0,0,0,0,0,0,0,0,0,0,0,0,0,0,0,0,-0.785173209800739,0,0,0,0,0,0,0,0,-0.790557540439752,0,0,0,0,0,0,0,0,0,0,0,0,0,0,0,0,0,0,0,0,0,0,0,0,0,0,0,0,0,0,-0.317272503229317,0,0,0,0,0,0,0,0,0,0,0,0,0,0,0,0,0,0,0,0,-0.383546279147351,0,0,0,-0.130376762656957,0,0,0,0,0,0,0,0,0,0,0,0,0,0,0,0,0,0,0,0,0,0,0,0,0,0,0,0,0,0,-0.186785445930658,0,0,0,0,0,0,0,0,0,0,0,0,0,0,0,0,0,0,0,0,0,0,0,0,0,0,0,0,0.521300845867584,0,0,0,0,0,0,0,0,0,0,0,0,0,0.108481979568096,0,0,0,0,0,0,0,0,0,0,0,0,0,0.0020437044276298,0,-0.817600297907529,0,0,0,0,0,0,0,0,0,0,0,0,0,0,0,0,0,0,0,0
0,0,0,0,0,0,0,0,0,0,0,0,0,0,0,0,0,0,0,0,0,0,0,0,0,0,-0.101604552323255,0,0,0,0,0,0,0,0,0,0,0,0,0,0,0,0,0,0,0,0,0,0,0,0,0,0,0,0,-0.121054244403622,0,0,0,0,0,0,0,0,0,0,0,0,0,0,0,0,0,0,0,0,0,0,0,0,0,0,0,0,0,0,0,0,0,0,0,0,0,0,0,0,0,0,0,0,0,0,0,0,0,0,0,0,0,0,0,0,0,0,0,0,0,0,0,0,0,0,0,0,0,0,0,0,0,0,0,0,0,0,0,0,0,0,0,0,0,0,0,0,0,0,0,0,0,0,0,0,0,0,0,0,0,0,0,0,0,0,0,0.306467859088797,0,0,0,0,0,0,0,0,0,0,0,0,0,0,0,0,0,0,0,0,0,0,0,0,0,0,0,0,0,0,0,0,0,0,0,0
0,0,0,0,0,0,0,0,0,0,0,0,0,0,0,0,0,0,0,0,0,0,0,0,0,0,0,0,0,0,0,0,0,0,0,0,0,0,0,0,0,0,0,0,0,0,0,0,0,0,0,0,0,0,0,-3.67969648514637,0,0,0,0,0,0,0,0,0,0.707738347159413,0,0,0,0,0,0,0,0,0,0,0,0,0.204833871830403,0,0,0,0,0,0,0,0,0,0,0,0,0,0,0,0,0,0,0,0,0,0,0,0,0,0,0,0,0,0,0,0,0,0,0,0,0,0,0,0,0,0.451665710537151,0,0,0,0,0,0,0,0,0,0,0,0,0,0,0,0,0,0,0,0,0,0,0,0,0,0,0,0,0,0,0,0,0,0,0.186589435334838,0,0,0,0,0,0,0,0,0,0,0,0,0,0,0,0,0,0,0,0,0,0,0,0,0,0,0,0,0,0,0,1.18982965832562,0,0,0,0,0,0,0,0,0,0,0,0
0,0,0,0,0,0,0,0,0,0,0,0,0,0,0,0,0,0,0,0,0,0,0,0,0.121421056180291,0,0,0,0,0,0,0,0,0,0,0,0,0,0,0,0,0,0,0,0,0.609138019345518,0,0,0,0,0,0,0,0,0,-4.07403107139066,0,0.0296869528742305,0,0,0,0,0,0,0,0,0,0,0,0,0,0,0,0,0,0,0,0,0,0,0,0,0,0,0,0,0,0,0,0,0,0,0,0,0,0,0,0,0,0,0,0,0,0,0,0,0,0,0,0,0,0,0,-0.0239037052616846,0,0,0,-0.294431911166377,0,0,0,0,0,0,0,0,-0.3884788227884,0,0,0,0,0,0,0,0,0,0,0,0,0,0,0,0,0,0,0,0,0,0,0,0,0,0,0,0,0,0,0,0,0,0,0,0,0,0,0,0,0,0,0,0,0,0,0,0,0,0,-0.00273550202744777,0,0,0,0,0,0,0,0,0,-0.53081286942632,0,0,0,0,0,0,0,0,0,0,0,0
0,0,0,0,0,0,0,0,0,0,0,0,0,0,0,0,0,0,0,0,0,0,0,0,0,0,0,0,0,0,0,0,0,0,0,0,0,0,0,0,0,0,0,0,0,0,0,0,0,0,0,0,0,0,0,0,0,0,0,0,0,0,0,0,0,-0.209090605941076,0,0,0,0,0,0,0,0,0,0.0672629941534928,0,0,0,0,0,0,0,0,-0.317004474652881,0,0,0,0,0,0,0,0,0,0,0,0,0,0,0,0,0,0,0,0,0,0,0,0,0,0,0,0,0,0,0,0,-0.170199584650182,0,0,0,0,0.09074956313936,0,0,0,0,0,0,0,0,0,0.196925370301532,0,0,0,0,0,0,0,0,0,0,0,0,0,0,0,0,0,0,0,0,0,0,0,0,0,0,0,0,0,0,0,0,0,0,0,0,0,0,0,0,0,0,0,0,0,0,0,0,0,0,0,0,0,0,0,0,0,0,0,0,0,0.0644199644022918,0,0,0,0,0
0,0,0,0,0,0,0,0,0,-0.113148517833948,0,0,0,0,0,0,0,0,0,0,0,0,0,0,0,0,0,0,0,0,0,0,0,0,0,0,0,0,0,0,0,0,0,0,0,0,0,0,0,0,0,0,0,0,0,0,0,0,0,0,0,0,0,0,0,0,0,0,0,0,0,0,0,0,0,0,0,0,0,0,0,0,0,0,0,0,0,0,0,0,0,0,0,0,0,0,0,0,0,0,0,0,0,0,0,0,0,0,0,0,0,0,0,0,0,0,0,0.0663808989172743,0,0,0,0,0,0,0,0,0,-0.00663173230976866,0,0,0,0.103786522794789,0,0,0,0,0,0,0,0,0,0,0,0.245193523891187,0,0,0,0,0,0,0,0,0,0,0,0,0,0,0,0,-1.16159220917576,0,0,0,0,0,0,0,0,0,0,0,0,0,0,0,0,0,0,0,0,0,0,0,0,0,0,0,0,0,0,0,0,0,0,0,0,0,0,0
0,0,0,0,0.249049451585827,-0.376116082982429,0,0,0,0.300670134054769,0,0,0,0,0,0,0,0,0,0,0,0,0,0,0,0,0,-0.484003768411212,0,0,0,0,0,0,0,0,0,0,0,0,0,0,0,0,0,0,0,0,0,0,0,0,0,0.536549402967629,0,0,0,0,0,-0.405095474292874,0,0,0,0.122293393065327,0,0,0,0,0,0,0,0,0,0,0,0,0,0,0,0,0,0,0,0,0,0,-0.785550259186009,0,0,0,0,0,0,0,0,0,0,0,0,0,0,0,0,0,0,-0.968944677544911,0,0,0,0,0,0,0,0,0,0,0,0.152308200374745,0,0,-0.183306016688494,0,0,0,0,0,-0.0680043245675983,0,0,0,0,0,0,0,0,0,0,0,0,0,0,0,0,0,0,0,0,0,0,0,0,0,0,0,0,0,0,0,0,0,0,0,0,0,0,0,0,0,0,0,0,0,0,0,0,0,0,0,0,0,0,0,0,0,0.0374392719624645,0,0,0,0,-0.103687933447248,0,0,0,0,0,0,0,0,0,0
0,0,0,0,0,0,0,0,0,0.14489976029838,0,0,0,0,0,0,0,0,0,0,0,0,0,0,0,0,0,-0.315224525397158,0,0,0,0,0,0,0,0,0,0,0,0,0,0,0,0,0,0,0,0,0,0,0,0,0,0,0,0,0,0,0,0,0,0,0,0,0,0,0,0,0,0,0,0,0,0,0,0,0,0,0,-0.373187291537273,-0.187089673285572,0,0,0,0,0,0,0,0,0,0,0,0,0,0,0,0,0,0,0,0,0,0,0,0,0,0,0,0,0,0,0,0,0,0,0,0,0,0,0,0,0,0,0,0,0,0,0,0,0,0,0,0,0,0,0,0,0,0,0,0,0,0,0,0,0,0,0.0261262614741449,0,0,0,0,0,0,0,0,0,0,0,0,0,0,0,0,0,0,0,0,0,0,0,0,0,0,0,0,0,0,0,0,0,0.0283393101961642,0,0,0,0,0,0,0,0,0,0,0,0,0,0,0,0,0,0
-0.188153086831205,0,0,0,0,0,0,0,0,-0.017911817083391,0,0,0,0,0,0,0,0,0,0.469588047981316,0,0,0,0,0,0,-0.346901085721714,0,0,-1.59327826686152,-0.186632370924514,0,0,0,0,0.298558734606175,2.62090769696286,0.975303864126662,0,0,0,0,0,0,0,0,0,0,0,0,0,0,0,0,0,0,0,0,0,0,0,0,0,0,0,1.77354875712516,0,0,0,0,0,0,0,-0.159320484604516,0,0,0,0,0,0.0610784636011668,0,0,0,0,0,0,0,0,0,0,0,0,0.320320341877842,0,0,0.16935951310002,0,0,0,0,-0.748890203902339,-0.77202640651761,0,0,0,0,0,0,0,0,0,0,0,0,-0.372770375629901,0,0,0,0,0,0,-0.0854368554702549,0,0,0,0,0,0,0,0,0,-0.281352465943437,0,0.020926953947888,0,0,-0.270633077882971,0,0,0,0,-2.44049100023711,0,0.4280938829606,0,0,0,0,0,0,-0.213091903619768,0,0,0,0,0.263571057025857,0,0,0,0,0,0,0,0.791737977863467,0,0,0,0,0,-0.947010006987483,0,0,0,0,-0.687209090116637,0,0.495555761698167,0,0,0,0,0.00807072365447348,0,0.543979520585934,1.9476561173653,0,0,-0.255541042700285,0,-0.562031967654288,0,0,0,0,0,0,0,0,0,0
0,0,0,0,0,0.166522501528851,0,0,0,0,0,0,0,0,0,0,0,0,0,0,0,0,0,0,0,0,0,0,0,0,0,0,0,0,0,0,0,0,0,0,0,0,0,0,0,0,0,0,0,0,0,0,0,0,0,0,0,0,-0.203886972158307,0,0,0,0,0.49196447710496,0,0,0,0,0,0,0,0,0,0,0.648665661510328,0,0,0,0,0,0,0,0,0,0,-0.987874670641606,0,0,0,0,0,0,0,-0.0717230315880613,0.101517150279324,0,0,0,0,-0.270590782381838,0,0,0,0,0,0,0,0,0,0,0,0,0,0.276645517412096,-1.16721806456517,0,0,0,0,0,-0.325508844223225,0,0,0,0,0,0,0,0,-1.43982477477339,-0.591697000229789,0,-1.26710693774063,0,0,-0.127830507507251,0,0,0,0,0.213279161311272,0,0,0,0,0,0,0,0,0.336572547832771,0,0,0,0,0,0,0,0,0,0,-0.2604625323819,-0.0224352770554086,0,0,0,0,0,0,0,0,0,-0.438861315765275,0,0,0,0,0,0,0,-1.1072326720857,0,0,0,0,0,0,0,0,0,0,-0.472091976904692,0.923136899140526,0,0,0,0,0,0,0,0
0,0,0,0,-13.2770421306526,0,0,0,0,0,0,0,0,0,0,0,0,2.34300720964265,-1.48033753018022,0,0,0,0,0,0,0,0,-0.031987591382421,1.13157507449479,0,0,0,0,0.344356521637565,0,-0.457855651026159,-0.485720450533374,0,0,0,0,0,0,0,0,0,0,0,0,1.73057999616562,0,0,0.278852373911154,-1.17821949912191,0,0,0,0,0,0,0,0,0,0,0,0,0,0.0743008680935977,0,0,0,0,0,0,0,0.234921362018979,0,0,0,1.57459588833211,0,-1.7237653637935,0,1.33251407904581,0,0,0,0,0,0,0,-1.10072507275538,0,0,0,0,0,0.858836857492999,-0.607300072255748,0,0,-0.269178729574483,0,0,0,0,-4.77767455216701,0,0,-0.144766097442302,0,0,0,-0.377696868426939,0,0,0,0,0,0.100109535978359,0,0,0,0,0,0,0.396768171754048,6.043573474792,0,0,-2.53600495296853,0,0,0,0,0,0,-0.39003494966321,0,1.94853815554571,0,0,0,-2.95428088969946,0,0,0,0,0,0,0,0,-1.43037536186907,0,0,0,0,0,0.109670826245213,0,0,0.531468076837972,0,0,0,0,0.417159795275384,0,0,0.612586392769026,0,0,0,0,0,-0.873214131736963,-1.43572608962527,0,0,0,0,0,0,-1.06135798517705,0,0,-0.287324907461731,0,0,0,-0.179920617895128,0,0.0343624830054705,0,0,0,0.354567318456717,-1.74280470053637,0.20369289248367,0
0,0,0,0,0,0,0,0,0,0,0,0,0,0.025717541401725,0,0,0,0,0,0,0,0,0,0,0.377334015451765,0,0,0,0,0,0,0,0,0,0,-0.967043027683,0,0,0,0,0,0,0,0,0,0,0,0,0,0,0,0,0.0366688079309361,0,0,0,1.36718900896217,0,0,0.329491286370729,0,0,0,0,0,-0.171279257277513,0,0,0,0,0,0,0,0,0,0,0,0,0.948797613331553,0,0,0,0.34682519761875,0,-0.288068304707913,0,-0.0563356683215395,0,0,0,0,0,0,0,0,0,0,0,0,0.125557364635725,0.422947189820583,-1.50733946001861,-0.596869163046029,-1.88266564300169,0,0,0,0,0,0,0,0,0,0,-0.397955830424021,0,0,0,0,0,0.182981601882728,0,0,0,0,0,0.535309846424205,0,0.235589409730314,0,0,0,0,0,0,0,0,0,0,0,0,0,-0.182513585983051,0,0,4.53418791543774,0,-0.203065345570072,0,0,-1.68343703477323,0,0,0.769969116883983,0,0,0,0,0,0,0,0,0,0,0,0,0,0,0.724527602911871,0,0,0,0,0,0,-0.991797594825136,0,0,0,0.0371810394511705,0,0,0,0,0,0,0.412889698696667,1.10500363428772,0,0,0,0,0,0,0,-0.709996382091499,0,0,0,-0.452142657102085
0,0,0,0,-5.14146554722987,0,0,0,0,0,0,0,0,0,0,0,0,0,0,0,0,0,0,0,0,0,-0.246471634389668,0,0,0,0,0,0,0,0,0,0,0,0,0,0,0,0,0,0,0,0,0,0,0,0,0,0,0,0,0,0,0,0,0,0,0,0,0,0,0,0,0,0,0,0,0,0,0,0,0,0,0,0,0,0,0,0,0,0,0,0,0,0,0,0,0,0,0,0,0,0,0,0,-0.0352545730358074,0,-0.00970112899803977,0,0,0,0,0.273944222378337,0,0,0,0,0,0,0,0,0,0,0,0,0,0,0,0,0,0,0,0,0,0,0,0,0,0,0,0,0,0,0,0,0,0.0935025645507586,0,0,-1.13661164978202,0,0,0,0,0,0,0,0,0,0,0,0,0,0,0,0,0,0,0,0,0,0,0,0,0,0,0,0,0,0,0,0,0,0,0,0,0,0,0,0,0,0.219629120035002,0,0,0,0,0,0,0,0,0,0,0,0,0,0
0,0,0,0,-6.07306450794131,0,0,0,0,0,0,0,0,0,0,0,0,0,0,0.0319330731104894,0,0,0,0,0,0.17317265004146,0,0,0,0,-0.614948516059262,0,0,0,0,0,0,0,0,0,0,0,0,-0.285121486904388,0,0,0,0.282436303490602,0,0,0,0,0,0,0,0,0,0,0,0,0,0,-0.193084029645081,0,0,0,0,0,0.0408972559185083,0,0,0,0,0,0,0,0,0,0,0,0,0,0,0,1.00597956186735,0,0,0,0,0,0,0,0,0,0,0,0,0,0,-0.283929500471897,0,0,0,0,0,0,0.20732532461103,0.100880505724267,0,0,0,0,0,0,0,0,0,0.038511309649266,0,0,0,0,0,0,0,0,-0.666300336457827,0.665478980222725,0,0,0,-0.0883164253321167,0,0,0,0,0,0,0,0,0,0,0,-0.40142459681094,0,0,0,0,0,0,0,0,0,0,0,0,0,0,0,0,0,-0.246236203435881,0,0,0,0,0,0,0,0.575351793655003,0,0,0,0,0,0,0,0,0,0,0,0,0,0,0,0.872672122815943,0,0,0,0,0,0,0,0,0,0,0,0,1.85321393440337,0
0,-1.16702951725844,0,0,-8.93508198705899,0,0,-4.74225960340126,0,0,2.26210587136995,0,0,-0.728507484647144,0,0,0,0,-0.257500929699113,0,0,0,0,0,-1.4918930686739,-0.0774018398229828,-1.66202322923892,0,-0.428377941196354,0,0,0.41165898909715,-0.372807272873883,1.82906421168673,0,0,0.20211326260858,3.02456633368976,0,0,-0.438437891592945,0,0,-3.8645599608409,-1.65160848842142,1.98060565003641,0,0,0,0,0,0,1.63749484103104,0.16301119205114,0,0,-6.00426420883138,1.55323264418312,0.971338022615044,0.629226790853203,-0.172835985625052,0,0,0,0,0,0,0.387253705392971,0,0,0,0,0,0,0,0,0.311271512891827,-0.957626469915721,0,0,0,0,0.952953296799559,0,4.76488206544977,0,0,0,0,0,0.274071990501199,0,0,0,0,0,2.11513179298318,0,1.21133263969142,-1.15430309313718,-0.953234239850099,0,0,0,0,0,0.590878561437254,0,0,0,0.137668290313184,0,0.405754332536379,0,0,0,0,0,0.0888848630719359,-0.371255780488425,0,0,0,0,0,0.50155165966791,0,1.64333047085044,1.88623664453903,0,0,0,0,0,0,0,2.00624040619813,0,0,-0.367499076192519,-0.229789573312004,0,0,-0.174719403394803,0,0,0,-1.35795949713468,0,0,-0.567542244464819,0,0.589218656154528,0,1.68527327123973,0,0,0,0,-1.59681621083994,0.419715561309991,-0.297302124841741,1.73423730262642,0,0,0,0,0,1.35450266157029,1.36625201665163,-0.0527028003276997,0,0,-0.550083081484498,0,0,0,1.65300333068999,0,0,0,0,0,-0.738968479181269,0,0,0.410514304350685,0.687193204724825,0,0,0,0,1.60146799307704,0,0,-0.342024271068642,0,0,6.74248458044885,-1.02577609099917
0,0,0,0,0,0,0,0,0,0,0,0,0,0,0,0,0,0,-0.28770518442752,0,0,0,0,0,0,0,0,0,0,0,0,0,0,0,0,0,0,0,0,0,0,0,0,0,0,0,0,0,0,0,0,0,0,0,0,0,0,0,0,0,0,0,0,0,0,0,0,0,0,0,0,0,0,0,0,0,0,0,0,0,0,0,0,0,0,0,0,0,0,0,0,0,0,0,0,0,0,0,0,0,0,0,0,0,0,0,0,0,0,0,0,0,0,0,0,0,0,0,0,0,0,0,0,0,0,0,0,0.212629848530712,0,0,0,0,0,0,0,0,0.275371281954416,0,0,0,0,0,0,0,0,0,0,0,0,0,0,0,0,0,0,0,0,0,0,0,0.197783583566216,0,0,0,0,0,0,0,0,0.0624984159512945,0,0,0,0,0,0,0,0,0,0,0,0,0,0,0,0,0,0,0,0,0,0,0,0,-0.782097242248228,0,0,0,0,0
0,0,0,0,0,0,0.0147860022720248,0,0,0,0,0,0,0,0,0,0,0,0,0,0,0,0,0,0,0,0,0,0,0,0,0,0,0,0,0,0,0,0,0,0,0,0,0,0,0,0,0,0,0,0,0,0,0,0,0,0,0,0,0,0,0,0,0,0,0,0,0,0,0,0,0,0,0,0,0,0,0,0,0,0,0,0,0,0,0,0,0,0,0,0,0.36562239292341,0,0,0,0,0,0,0,0,0,0,0,0,0,0,0,0,0,0,0,0,0,0,0,0,0,0,0,0,0,0,0,0,0,0,0,0,0,0,0,0,0,0,0,0,0,0,0,0,0,0,0,0,0,0,0,0,0,0,0,0,0,0,0,0,0,0,0,0,0,0,0,0,0,0,0,0,0,0,0,0,0,0,0,0,0,0,0,0,-0.0210966708926967,0,0,0,0,0,0,0,0,0,0,0,0,0,0,0,0,0,0,0
0,0,0,0,0,0,0,0,0,0,0,0,0,0,0,0,0,0,0,0,0,0,0,0,0,0,0.633148165139715,0,0,0,0,0,0,0,0,0,0,0,0,0,0,0,0,0,0,0,0,0,0,0,0,0,0,0,0,0,0,0,0,0,0,0,0,0,0,0,0,0,0,0,0,0,0,0,0,0,0,0,0,0,0,0,0,0,0,0,0,0,0,0,0,0,0,0,0,0,0,0,0,0,0,0,0,0,0,0,0,0,0,0,0,0,0,0,0,0,0,0,0,0,0,0,0,0,0,0,0,0,0,0,0,0,0.0164744580709275,0,0,0,0,0,0,0,0,0,0,0,0,0,0,0,0,0,0,0,0,0,0,0,0,0,0,0,0,0,0,0,0,0,0,0,0,0,0,0,0,-0.0416420154214614,0,0,0,0,0,0,0,0,0,0,0,0,0,0,0,0,0,0,0,0,0,0,0,0,0,0
0,0,-0.371215726847193,0,0,0,0,0.0592953355746038,0,0,0,0,0,0,0,0,0,0,0,0,0,0,0,0,0,0,0.767317358994295,0,0,0,0,0,0,0,0,0,0,0,0,0,0,0,0,0,0,0,0,0,0,0,0,0,0,0,0,0,0,0,0,0,0,0,0,0,0,-0.157608989579483,0,0,0,0,0,0,0,0,0,0,0,0,-0.87626093488941,0,0.486445511348178,0,0,0,0,0,0,0,0,0,0,0,0,0,0,0,0,0,0,0,0,-0.0689780834031315,0,0,0,0,0,0,0,0,0,0,0,0,0,0,0,0,0,0,0,0,0,0,0,0,0,0,0,0,0,0,0,0,0,0,0,0,0,0,0,0,0,0,0,0,0,0,0,0,0,0,0,0,0,0,0,0,0,0,0,0,0,0,0,0,0,0,0,0,0,0,0,0,0,0,0,0,0,0,0,0,0,0,0,0,0,0,0,0,0,0,0,0,0,0,0,0,0,0
0,0.0108190758953099,0,0,0,0,0,0,0,0,0,0,0,0,0,0,0,0,0,0,0,0,0,0,0,0,1.14456944562513,0,0,0,0,0,0,0,0,0,0,0,0,0,0,0,0,0,0,0,0,0,0,0,0,0,0,0.253579038781396,0,0,0,0,0,0,0,-0.0229117588761782,0,0,0,-0.866530804726139,0,0,0,0,0,0,0,0,0,0,0,0,0,0,0,0,0,0,0,0,0,0,0,0,0,0,0,0,0,0,0,0,0,0,0,0,0,0,0,0,0,0,0,0,0,0,0,0,0,0,0,0,0,0,0,0,0,0,0,0,0,0,0,0,0,0,0,0,0,0,-0.402475132954847,0,0,0,0,0,0,0,0,0,0,0,-0.402090812000757,0,0,0,0,0,0,0,0,0,0,0,0,0,0,0,0,0,0,0,0,0,0,0,0,0,0,0,0,0,0,0,0,0,0,0,0,0,0,0,0,0,0,0,0,0,0.260320618925528,0,0,0,0,0
0,0,0,0,0,0,0,0,0,0,0,0,0,0,0,0,0,0,0,0,0,0,0,0,0,0,0.814124130387115,0,0,0,0,0,0,0,0,0,0,0,0,0,0,0,0,0,0,0,0,0,0,0,0,0,0,0,0,0,0,0,0,0,0,0,0,0,0,0,0,0,0,0,0,0,0,0,0,0,0,0,0,0,0,0,0,0,0,-0.102232358223078,0,0,0,0,0,0,0,0,0,0,0,0,0,0,0,0,0,0,0,0,0,0.0174729939712328,0,0,0,0,0,0,0,0,0,-0.245067583122414,0,0,0,0,0,0,0,0,0,0,0,0,0.189070068759658,0,0,0,0,0,0,0,0,0,0,0,0,0,0,0,0,0,0,0,0,0,0,0,0,0,0,0,0,0,0,0,0,0,0,0,0,0,0,0,0,0,0,0,0,0,0,0,0,0,0,0,0,0,0.243112235947078,0,0,0,0,0,0,0,0,0,0,0,0,0,0,0
0,0,0,0,0,0,0,0,0,0,0,0,0,0,0,0,0,0,0,0,0,0,0,0,0,0,0,0,0,0,0,0,0,0,0,0,0,0,0,0,0,0,0,0,0,0,0,0,0,0,0,0,0,0,0,0,0,0,0,0,0,0,0,0,0,0,0,0,0,0,0,0,0,0,0,0,0,0,0,0,0,0,0,0.304153713766802,0,0,0,0,0,0,0,0,0,0,0,0,0,0,0,0,0,0,0,0,0,0,0,0.354316344311201,0,0,0,0,0,0,0,0,0,0,0,0,0,0,0,0,0,0,0,0,0,0,0,0,0,0,0,0,0,0,0,0,0,0,0,0,0,0,0,0,0,0,0,0,0,0,0,0,0,0,0,0,0,0,0,0,0,0,0,0,0,0,0,0,0,0,0,0,0,0,0,0,0,0,0,0,0.213962179448785,0,0,0,0,0,0,0,0,0,0,0,0,0,0,0
0,0,0,0,0,0,0,0,0,0,0,0,0,0,0,0,0,0,0,0,0,0,0,0,0,0,0,0,0,0,0,0,0,0,0,0,0,0,0,0,0,0,0,0,0,0,0,0,0,0,0,0,0,0,0,0,0,0,0,0,0,0,0,0,0,0,0,0,0,0,0,0,0,0,0,0,0,0,0,0,0,0,0,0,0,0,0,0,0,0,0,0,0,0,0,0,0,0,0,1.55326410526958,0,0,0,0,0,0,0,0,0,0,0,0,0,0,0,0,0,0,0,0,0,0,0,0,0,0,0,0,0,0,0,0,0,0,0,0,0,0,0,0,0,0,0,0,0,0,0,0,0,0,0,0,0,0,0,0,0,0,0,0,0,0,0,0,0,0,0,0,0,0,0.00311195266351305,0,0,0,0,0,0,0,0,0,0,0,0,0,0,0,0,0,0,0,0,0,0,0,0,0,0,0,0,0
0,0,0,0,0,0,0,0,0,0,0,0,0,0,0,0,0,0,0,-0.0353051936694952,0,0,0,0,-0.142722170165615,0,0,0,0,0,0,0,0,0,0,0,0,0,0,0,0,0,0,0,0,0,0,0,0,0,0,-1.17406574776453,0,0,0,0,0,0,0,0.10471085460301,0,1.1742125877984,0,1.2113349970028,0,0,0,0,0,0,0,0,0,0,0,0,0,0,0,0,1.3046689265981,0,0,0,-0.0360942993560671,0,-0.41652425988201,0,0,0,0,-0.139355128696091,0,0,0,0,0,0,0,0,0,0,0,0,0,0,0,0,0,0,0,0,0,0,0,0,0,0.271609534200569,0,0,0,0,0,0,0,0,0,0,0,0,0,0,0,0,0,0,0,0,0,0,0,0,0,0,0,0,0,0,0,0,0,0,0,0,0,0,0,0,0,0,0,0,0,0,0,0,0,0,0,0,0,0,0,0,0,0,0,0,0,0,0,0,0,0,0,0,0,-0.118210950485999,0,0,0,0,0,0,0,0,0,0,0,0
0,0,0,0,0,0.129569571472855,0,0,0,0,0,0,0,0.180461562859508,0,0,0,0,0,0,0,0,0,0,0,0,0.0818347371099828,0,0,0,0,0,0,0,0,0,0,0,0,0,0,0,0,0,0,0,0,0,0,0,0,0,0,-0.192702669702707,0,0,0,0,0,0,0,0,-0.122038602307088,0,0,0,0,0,0,0,0,0,0,0,0,0,0,0,-0.775990386179058,0,0,0,0,0,0,0,0,0,0,0,0,0,0,0,0,0,0,0,0,0,0.0690894631526531,0,0,0,0,0,0,0,0,0,0,0,0,0,-0.0207447421553872,0,0,-0.565116277142708,0,0,0,0,0,0,0,0,0,0,0,0,0.586680254962704,0,0,0,0,0,0,0,0,0,0,0,0,0,0,0,0,0,0,0,0,0,0,0,0,0,0,0,0,0,0,0,0,0,0,0,0,0,0,0,0,0,0,0,0,0,0,0,0,0,0,0,0,0,0,0,0,0,0,0,0,0,0,0,0,0.246136366955989,0,0,0,0
0,0,0,0,0,0,0,0,0,0,0,0,0,0,0,0,0.0885925545778594,0,0,0,0,0,0,0,0,0,0.588722857294711,0,0,0,0,0,0,0,0,0,0,0,0,0,0,0,0,0,0,0,0,0,0,0,0,0,0,0,0,-0.323886864203493,0,0,0,0,0,-0.370992223835364,0,0,0,0,0,0,0,0,0,0,0,0,0,0,0,0,0,0,0,0,0,0,0,0,0,0,0,0,0,0,0,0,0,0,0,0,0,0,0,0,0,0,0,0,0,0,0,0,0,0,0,0,-0.0877749060985216,0,0,0,0,0,0,0,0,0,0,0,0,0,0,0,0.65459642884981,0,0,0,0,0,0,0,0,0,0,0,0,0,0,0,0,0.181540282080255,0,0,0,0,0,0,0,0,0,0,0,0,0,0,0,0,0,0,0,0,0,0,0,0,0,0,0,0,0,0,0,0,0,0,0,0,0,0,0,0,0,0,0,0,0,0,0,0,0,0,0,0
0,0,0,0,0,0,0,0,0,0,0,0,0,0.305677738672165,0.0953518580269899,0,0,0,0,1.40186654415422,0,0,0,0,0,0,0,0,0.940295407663637,0,1.68717693043141,0.0237863167055397,0,0.353400960491622,0,0,-0.716819480864987,0.61141899813922,0,0,0,-1.25468198390987,0,0,0,0.169369590841494,0,0,0,0,0,0,0.148586350261532,0,0,0,0,0,0,0,0,0,0,0,0,0,0,0,0,0,0,0,0.090430033882694,0,0,0,0,0,0.135019737031083,0,0,0,0,0,0,0,0,0,0,0,0,0,0,0,0,0,0.305928465138958,0,0.00273139024952918,0,0,0,-0.0775772840376749,-0.499309847721902,0,0,0,0.482864752874075,0,0,0,0,0,0,-0.129815309061892,0,0,-0.829284625996728,0,-0.433188302331915,0,-0.290758791823827,1.29284558496387,0,0,0,0.540614019320126,0,0,0,0,0.00488362547000332,0.174540060456862,0,-0.903382354836398,0,0,0,0,0,-0.0370369664334262,0,0,0,0,0,0,0,0,0,0,-0.58543314241474,0.769706226941508,0,0,0,0,0,0,0,0.438964222360385,0,0.639646018870151,0,0,0,0,0,0,0,0,0,0,0,0,0,0,0,-0.599212136201739,0,0,0,0,0,-0.489010726125295,0,0,0,0,0,0,0,0,0,0.502583367883635,0,0,0,0,2.11414679355833
0,0,0,0,0,0,0,0,0,0,0,0,0,0,0,0,0,0,0,0,0,0,0,0,0,0,0,0,0,0,0,0,0,0,0,0,0,0,0,0,0,0,0,0,0,0,0,0,0,0,0,0,0,0,0,-0.0468065024908337,0,0,0,0,0,0,0,0,0,0,0,0,0,0,0,0,0,0,0,0,0,0,0,0,0,0,0,0,0,0,0,0,0,0,0,0,0,0,0,0,0,0,0.0988151768175101,0,0,0,0,0,0,0,0,0,0,0,0,0,0,0,0,0,0,0,0,0,0,-0.123230275938744,0,0,0,0,0,0,0,0,0,0,0,0,0,0,0,0,0,0,0.148472089394112,0,0,0,0,0,0,0,0,0,0,0,0,0,0,0,0,0,0,0,0,0,0,0,0,0,0,0,0,0,0,0,0,0,0,0,0,0,0,0,0,0,0,0,0,0,0,0,0,0,0,0,0,0,0,0,0,0,0,0
0,0,0,0,0,0,0,0,0,0,0,0,0,0,0,0,0,0,0,0,0,0,0,0,0,0,0,0,0,0,0,0,0,0,0,0,0,0,0,0,0,0,0,0,0,0,0,0,0,0,0,0,0,0,0,-0.957992601437315,0,-0.393885283784904,0,0,0,0,0,0,0,0,0,0,0,0,0,0,0,0,0,0,0,0,0,0,0,0,0,0,0,0,0,0,0,0,0,0,0,0,0,0.526892381479001,0,0,0,0,0,0,0,-0.245418123719306,0,0,0,0,0,0,0,-0.0545046659843995,0,0,0,0,0,0,0,0,0,-0.0569451813538868,0,0,0,0,0,0,0,0,0,0,0,0,0,0,0,0,0,0,0,0,0,-0.299624745911592,0,0,0,0,0,0,0,0,0,0,0,0,0,0,0,0,0,0,0,0,0,0,0,0,0,0,0,0,0,0,0,0,0,0,0,0,0,0,0,0,0,0,0,0,0,0,0,0,0,0,0,0,0,0,0,0
0,0,0,0,0,0,0,0,0,-0.992765434278394,0,0,0,0,0,0,0,0,0,0,0,0,0,0,0,0,0,0,0,0,0,0,0,0,0,0,-0.45132023847748,0,0,0,0,0,0,0,0,-0.0227872712206498,0,0,0,0,0,0,0,0,0,-1.07475696583287,0,0,0,0,0,0,-0.229977350057844,0,0,0,0,0,0,0,-0.0061227228869174,0,0,0,0,0,0,0,0,0,0,0,0,0,0,0,0,0,0,0,0,0,0,0,-0.214970335424592,0,0,0,0,0,0,0,0,0,0,0,0,0,0,0,0,0,0,0,0,0,0,-3.67751620897322,0,0,0,0,0,0,0,0,0,0,0,-0.397764266619558,0,0,0,0,0,0,0,0,0,0,0,0,0,0,0,0,0,0.996122417559248,0,0,0,0,0,0,0,0,0,0,0,0,0,0,0,0.010564247684411,0,0,0,0,0,0,-0.0665349725010911,0,0,0,0,0,-0.412888723170916,0,0,0,0,0,0,0,0,0,0,-0.715499350457934,0,0,0,0,0,-0.0494876437955851,0,0,0,0,0,0
0,0,0,0,0,0,0,0,0,-0.257548608931882,0,0,0,0,0,0,0,0,0,0,0,0,0,0,0,0,0,-0.42951711291145,0,0,-0.303735757002807,0,0,0,0,0.0475930181742712,-0.958619511547171,0,0,0,0,0,0,0,0,0,0,0,0,0,0,0,0.198068442685114,0,0,-2.16634567287475,0,0,0,0,0,0,-0.242003460871915,0.323434811768863,0,0,0,0,0,0,0,0,0,0,0,0,0,0,0,0,0,0,0,0,0,0,0,0,0,0.404320694343267,0,0,0,0,0,0,0,0,0,0,0.307397878332083,-0.445287105655597,0,0,0,0,0,0,0,0,0,0,0,0,0,0,0,-2.68759970670529,0,0,0.062380044223183,0.050358664347957,0,0,0,0,0,0,0,-0.874623580553932,0,0,0,0,-0.155190601403405,0,0,0,0,-0.195023697844712,0,0,0,0,0,0,0,0.500022965366805,0,0,0,0,0,0,0,1.01299751143602,0,0,0,0,0,0,0,0.450806323057619,0,0,0,0,0,0,0,0,0,0.852965366211396,0,0,-0.753907628613997,0,0,0,0,0,0,0,0,0,0,-0.507658959309614,0,0,0,0,0,0,0,-0.191817266439383,0,0,0,0
0,0,0,0,0,0,0,0,0,0,-2.24198085747052,0,0,0,0,0,0,0,0,0,0,0,0,0,0,0,0,0,0.205813422422199,0,0,0,0,0,0,0,0,0.339424059140876,0,0,0,0,0,0,0,0,0,0,0,0,0,0,0,0,0,0,0,0,0,0,0,0,0,0,0,0,0,0,0,0,0,0,0,0,0,0,0,0,0,0,0,0,0,0,0,0,0,0,0,0,0,-0.585527907006117,0,0,0,0.29466741096417,0,0,0,-0.619846132922786,-0.331711299161667,0.0715098165292334,0,0.0255995535726283,0,-0.613576409311143,0,0,0,0,0,-0.031122027490375,0,0,0,0,0,-0.202328044763396,0,0,0,0,0,0,0,0,0,0,-0.367659496402777,0,0,0,0,0,0,0,0,0,0,0.0974261556023139,0,0.444436342668326,0,-0.417118927609411,0,0,0,0,0,0,0,0,0,0,0,0,0,0,0,0,0.303209361685659,0,0.31992332680696,0,0,0,0,0,0,0,0,0,0,0,0,0,0,0,0,0,0,0,0,0,-0.338141721352171,0,0.0221490961898232,0,0,0,0,0,0,0,0,0,0,0,0,0
0,0,0,0,0,0.120864001193551,-2.21375306287032,2.91777076284885,0.0440738504566098,0,0,0,1.59765428216255,0,0,0,0,-2.45532033934811,-0.653526583238755,0,-0.427083817663146,0,0,0,0,4.51486318742703,0,-0.217267820159333,0,0,-0.48023386050342,0,0,-2.32790137677392,0,0,-1.20728278273151,0,0,0,0,-1.16722989178794,2.0327140439325,0,0,-1.07081629877848,0,0,0.0240087790776602,0,0,0,0.58506389743,0,0,0,0,0,1.11552077428474,0.294614288287873,0,0,0,0,0,0,0,0,0,-0.556539617797563,1.63058636599733,0,0,0,0,-1.07914414180866,0,-0.133308684970204,0,-1.40029858586865,0,0,0,0,0,-0.0248609136607474,0,0,0,0,0,0,0,0,0,0,0,-0.229311492177445,0,0,0,0,0,0,0,-2.23093057950718,0,0,4.33089137494552,0,0,0,0,0,0,-1.69846923286477,-0.896637885540438,-0.99811235337308,0,0,-0.936863774942393,-3.06292424120344,-0.114999312521098,0,0,0,0.0906678674581722,0.342412147000625,0,-0.960441241473283,1.95693716548269,0,0,0,0,-0.510431221960126,-0.52521269002927,0,0,0,0,-1.19991475055608,0.427040466678767,0.209032564203732,0,0,0,-0.475152432233212,0,0,0,0,-0.407081349967062,0,0,0,0,0,0,0,0.0226852626082246,0,0,0,0,0,0,0,0,0,0,0,0,-2.3550415165368,0,0,-1.15542985703188,0,0,0,0,2.29058742616595,0,0,0,0,-0.156775125386444,0,0,-0.426336640681376,0,0,-3.83046945373126,0,0,-2.58401896179648,1.09276923985654,2.06556065652581,0,4.61924161147339
0,0,0,0,0,0,0,0,0,0,0,0,0,0,0,0,0,0,0,0,0,0,0,0,0,0,0,0,0,0,0,0,0,0,0,0,0,0,0,0,0,0,0,0,0,0,-1.41865934140335,0,0,0,0,0,0,0,0,0,0,0,0,0,0,0,0.561246078556048,0,0,0.723820099560965,0,0,0,0,0,0,0,0,0,0,0,0,0,0,0,0,0,0,0,0,0,0,0,0,0.395088947173284,0,0,0,0,-0.0519830904785183,0,0,0,0,0,0,0,0,0,0,0,0,0,0,0,0,0,0,0,0,0,0,0,0,0,0,0,0,0,0,0,0,0,0,0,0,0,0,0,0,0,0,0,0,0,0,0,0,0,0,0,0,0,0,0,0,0,0,0,0,-0.78902504298538,0,0,0,0,0,0.972062647362754,0,0,0,0,0,0,0.000383588272432123,0,0,0,1.11392164002792,0,0.0929939867490783,0,0,0,0,0,0,0,0.108726428206295,0,0,0,0,0,0,0,0,0,0,0,0,0,0,0.880706522298679,0
0,0,0,0,0,0,0,0,0,0,-1.60608087420376,0,0,0,0,0,0,0,0,0,0,0,0,0,-0.0920654904022169,0,0,0,0,0,0,0,0,0,0,0,0,0,0,0,0,0,0,0,0,0,-1.34306682374068,0,0,0,0,0,0,0,0,0,0,0,0,0,0,0,0,0,0,0,0,0,0,0,0,0,0,0,0,0,0,0,0,0,0,0,0,0,0,0,0,0,0,0,0,0,0,0,0,0,0,0,0,-0.0949526414131279,0,0,0,0,0,0,0,0,0,0,0,0,0,0,0,0,0,0,0,0,0,0,0,0,0,0,0,0,0,0,0,0,0,0,0,0,0,0,0,-0.219292347888355,0,0,0,0,0,0,0,0,0,0,0,0,0,-0.345041554931152,0,0,0,0,0,0,0,0,0.225184705097685,0,0,0,0,0,0,0,0,0,0,0,0,0,0,0,0,0,0,0,0,0,0,0,0,0,0,0,0,0,0,0,0,0,0,0,0.405783160496618,0.0173133016162372
0,0,0,0,0,0,0,0,0,0,0,0,0,0,0,0,0,0,0,0,0,0,0,0,0.0300522017024851,0,0,0,0,0,0,0,0,0,0,0,0,0,0,0,0,0,0,0,0,0,0,0,0,0,0,0,0,0,0,0,0,0,0,0,0,0,0,0,0,0,0,0,0,0,0,0,0,0,0,0,0,0,0,0,0,0,0,0,0,0,0,0,0,0,0,0,0,0,0,0,0,0,0,0,0,0,0,0,0,0,0,0,0,0,0,0,0,0,0,0,0,0,0,0,0,0,0,0,0,0,0,0,0,0,0,0,0,0,0,0,-0.0324756010275689,0,0,0,0,0,0,0,0,0,0,0,0,0,0,0,0,0,0,0,0,0,0,0,0,0,0,0,0,0,0,0,0,0,0,0,0,0,0,0,0,0,0,0,0,0,0,0,0,0,0,0,0,0,0,0,0,0,0,0,0,0,0,0
0,0,0.801831984344675,0,-0.123034671772496,0.361614586738872,0,0,0,0,-0.335615168147509,0,0,0,0,0,0.232597281446814,0,1.54694485498812,-0.0712216168243063,0,0,0,0,0,-4.40367088556777,0,1.92796067193847,-0.193641682500508,0,-1.64211376967123,-0.00566387465553309,0,0,-0.0619103998529409,2.15956881223062,0,0,0,0,0.11963867571281,0,0.0326377714885975,0.815526662977442,-0.00745878116184118,3.87074836741578,2.70871698077925,0,0,0,0,0,0,0,0,0,0,0.20769963162172,-0.334088370823989,0,0,0,0,0,0,0,0.603009776110736,0.897876285769726,0,0,0,0,0,0,-3.15099747072265,0,0,-0.850200640055386,0,0,0,0,0,0,0,0,0,0,-1.83818845673993,-0.761194168972933,0,1.307485177157,-0.536738438317955,-0.299018084293308,0.340557086373699,1.30686405814847,0,1.28179187412158,0,7.96344089006863,0,0.0883492472605134,2.10158744515262,0,0,0,0,0,0,0,0,0,0,-3.43097653965715,0.808512915416179,0,0,0,0,0,1.08333990768443,-2.430014112507,-0.571516841525532,0,0,-0.431277021098549,0,2.39536511526357,0,0,-0.624366892901641,1.25339168195963,0,0,0,0,-1.57344152422309,0,0,0,0,0,0,0,0,0,0,2.29021492035904,0,0,0,0,-0.819930461925442,1.75815695489097,-0.580822004905804,0,0.751925962053329,0,0.954627993920213,-0.483830511932402,0,0.200640069681882,0.961661034255006,1.26883051002605,0,0,0,0,0,0.221283083645921,0,-1.90580216607191,-0.993585807348504,0,0,0,0,0.281864182577183,0,0,-0.712476829409477,0,0,0,0,0,0.140872964676522,0,0,0.277604397101247,-3.21689903913923,0,0,0,0,-0.126216612740193,0,0,0,0
0,0,0,0,2.14615080527117,0,0,-1.63991342264295,0,0,0,0,0,0,0,0,0,0,0,1.42067770316411,0,0,0,0,0,0,0,0,0,0.365051845843052,0,-0.827175853055518,0,0,0,0.334066263800188,0,-0.919652488485198,0,0,-0.403272417588708,-0.152747401408296,0,0,0,0,0,0,0,0,0,0,-0.00220459147274199,0,0,0,0,0,0,0.61315048436019,0,0,0,0,0,0,0,0,0,0,-0.511448840622949,0,0,0,0,-0.0273433180766283,0,0,0,0,0,-0.261114772677792,0,0,0,0,0,0,0,0,0,0,0,-0.83024392905933,-0.226812224978709,0.116730689537249,0,0.731765702303592,0,0.590618474428773,0,1.7211329787929,1.34579203713864,0,0,0,0,0.782817017793642,0,0,0,0,-4.52644691349962,0,0,-2.06110810864719,0,0,0,0,1.38545565130724,0,0,0,0,0.658116600569671,0,0,0,0,0,0,0,0,-1.14820178791537,0,0,0,0,0,0,-1.11167000782249,0,0,0,1.27428050535268,0,0,0,0,0,0,0.112814471296137,0,0,0,0,-6.30592449578471,0.0157795322483882,0,0,-0.154443342834924,0,0,0,0,0.592338536474878,0,0,0,-2.10247066749211,0,0.608566930062526,-0.0652274332003147,0,0.897073204846397,-1.72638967508023,0,-0.622085167097595,0.0942245906635868,0,0,0,0,-0.120802375966841,0,0,0,0,0,0,0,-0.0351377490680522,0,0,0,-0.0880131371530239,0,0,0
0,0,0,0,0,0,0,-0.54509718315474,0,0,0,0,0,0,0,0,0,0,0,0.431452052993291,0.456040932758588,0,0,0,0,0,0,0,0,0,-0.215093279232524,0,0,0,0,0,0,0,0,0,-0.494524668745483,0,0,0,0,0,0,0,0,0,0,0,0,0,0,0,0,0,0,0,0,0,0,0,0,-0.320359396276933,0,0,0,0,-0.8230320381489,0,0,0,0,0,0,0,0,0,0,0,0.165828974119384,0,0.0446669264317814,0,0,0,0,0,0,0,0,0,0,0,0,0,0,0,0,0.25930580667791,0,0,0,0,0,0,0,0,0,0,-0.947080260574106,0,-0.169313404187722,0,0,0,0,0,0,0,0,0,0,0.705502612057617,0,0,0,0,0,0,0,0,-0.562275367995734,0,-0.621928241233694,0,0,0,-0.262972005503245,0,0,0,0,0,0,0,0,0,0,0,0,0,0,0,0,-4.60912641569893,0,0,0,0,0,0,0,0,0.0413000772901297,0,-0.329970633413528,0,-0.657896483748709,0,0,0,0.313590639666474,0,0,0,-1.82343768665869,0,0,0,0,0,0,0,0,0,0,0,0,0,0,0,0,0,0,0,0.489214109753717,0
0,0,0,0,0,0,0,0,0,0,0,0,0,0,0,0,0,0,0,0,0.434616405868734,0,0,0,0,0,0,0,-0.867013784477551,0,0,0,0.00267105953185731,0.275832366916676,0,0,0,0,0,0,0,-0.0283231995941631,0,0,-0.00425845232316124,0,-2.02436007745413,0,0,0,0,0,0,0,0,0,0,0,0,0,0,0,0,0,0,-0.0810991980279014,-0.145981325634416,0,0,0,0,0,0,0,0,0,0,0,0,0,0,0,0,0,0,0,0,-0.891329919596989,0,0,0,0,0,0,0,0,0,0,0,0.561189955871279,0,0,0,0,0,0,0,0,0,0,0,0,0,0.0466351045303375,0,0,0,0,0,0,0,0,0,0,0,0.24540472351788,0,0,0,0.155562825239284,0,0,0,0,-1.46142215755238,0,-0.842045495205928,0,0,0,0,0,0,0,0,0,0,0,0,0,0,0,0,0,0,0,0,-3.86498755123855,0,0,0,0,-1.07654036310737,0,0,0,2.18765677937915,0,0,0,0,0,0,0,0,0,0,0,-1.14348271886124,0,0,0,0,0,0,-0.018803602660876,0,0,0,0,0,0,0,0,0,0,0,0,0.122819588356344,0.646862401157815
0,0,0,0,0,0,0,0,0,0.184193395065642,0,0,0,0,0,0,-0.125812382566454,0,0,0,0.727375423193741,0,0,0,0,0,0,0,0,0,0,0,0,0.17334494244874,0,0,0,0,0,0,0,0,0,0,0.0563137906186055,0,0,0,0,0,0,0,0,0,0,0,0.380225993187172,0.593139399010274,0,0,0,0,0,0,0,-0.476080006847908,0,0,0,0,-0.473780778983375,0,0,0,0,0,0,0,0,0,0.87596936109352,0,0,0,0,0,0,-0.756229444149146,0,0.382005189604141,0,0,0,0,0,0,0,0,0,0,0,0,0,0,0,0,0,0,0,0,0,0,-0.037817420174713,0,-0.336707746653198,0,0,0,0,0,0,0,0,0,0,0,0,0,0,0,0,0,0,0,-1.01783255332069,0,-0.126544725596233,0,0,-0.495618201394486,-0.610478015810046,0,0,0,0,0,0,0,0,0,0,0,0,0,0,0,0,-2.27200542020881,0,0,0,0,-1.12409509950876,0,0,0,1.96990700627178,0,0,0,0,0,0,-0.00212209822115939,0,0,0,0,-0.862086552138742,0,0,0,0,0,0,0,0,0,0,0,0.526081255520763,0,0,0,0,0,0,0,0,0
0,0,0,0,0,0,0,0,0,0,0,0,0,0,0,0,0,0,0,0,0,0,0,0,0,0,0.166769816268142,0,0,0,0,0,0,0,0,0,0,-0.124356983311553,0,0,0,0,0,0,0,0,0,-0.662242991237653,0,0,0,0,0,0,0,0,0,-0.0238659919283855,0,0.696264221104662,0,0,0,0,0.290322164831336,0,0,0,0,0,0,0,0,0,0.834783351715763,0,0,0.129107992610295,0,0,0,0,0,0,-0.894104110807737,0,0,0,0,0,0,1.54540128714377,0,0,0,0,0,0,0,0,0,-1.15302176573735,0,0,0,-0.495532517751595,0,0,0,0,0,0,0,0,0,0,0,0,0,0,0.288876696145143,0,0,0,0,0,0,0,0.148029507376263,0.00137271323482735,0,0,0,0,-0.206662477794823,0,0,0,0,0,-0.705776508494156,0,0,0,0,0,0,0.0908094108038418,0,0,0,0,0,0,0,-0.356461243167873,0,0,0,0,0,0,0,0,0,0.058788411530017,0,0,0,0,0,0,0,0,0,0,0,0.0302948802867127,0,0,0,0,0,0,0,0,0,0,0,0,0,0,0.0736000202803861,0,0,0,0,0,0,0
0,0,0,0,0,0,0,0,0,0,-0.935875876505698,0,0,0,0,0,0,0,0,0,0,0,0,0,0,0,0.873734668900368,0.467140839035896,0,0,0,0,0,0,0,0,0,-0.0444530177894602,0,0,0,0,0,0,0,0,0,0,0,0,0,0,0,0,0,-0.312097690669343,0,0,0,0,0,0,0,0,0,0,0,0,0,0,0,0,0,0,0,-0.706299818654886,0,0,0.351598420138864,0,0,0,0,0,0,1.84747657334216,-2.79893641857064,0,-0.104162800084955,0,0,0,0,0,0,0,0,0.324707201069546,0,0,0,0,0,0,0,0,0,0,0,0,0,0,0,0,0,0,0,0,0,0,0.332381097862619,0,0,0,0,0,0,0.167056920991855,0,0,0,0,0,0,0,0,-0.266832381094608,0,0,0,0,0,0,-1.04381495850925,0,0,0,0,0,0,0,0,0,0,0,0,0,0,0,0,0,0,0,0,0,0,0.028072008644149,0,0,0,0,0,-0.114436251060009,0,0,0,0,0,0,0,0,0,0,0,0,0,0,1.06685233545801,0,0,0,0,0,0,0.0943355618261181,0,0,0,0,0
0,0,0,0,0,0,0,0,0,0,0,0,0,0,0,0,0,0,0,0,0,0,0,0,0,0,0.740109225922131,0,0,0,0,0,0,0,0,0,0.123799899368968,-0.166981385326403,0,0,0,0,0,0,0,0,0,0,0,0,0,0.0953799669430266,0,0,0,0,0,0,0,0,0,0,0,0,0,0,0,0,0,0,0,0,0,0,0,0,0,-0.589890406971547,0,0,1.03823538475061,0,0,0,-0.286334374021531,-0.21766840213628,-3.16862013645244,0,0,0,0,0,0,0,0,0,0,0,0,0,0,0,0,0,0,0,0,0,0,0.00371083472220346,0,0,0,0,0,0,0,0,0,0,0,0,0,0,0,0,0,0,0,0,-0.0454457631294247,0,0,0,0,0,0,0,0,0,0,0,0,-1.49497666561331,0,0,0,0,0,-0.345460021889267,0,0,0,0,0,0,0,0,0,0,0,0,0,0,0,0,0,0,0,0,0,0,0,0,0,0,0,0,0,0,0,0,0,0,0.218627508609294,0,0,0,0,0,0,0,0,0,0,0,0,0,0,0
0,0,0,0,0,0,0,0,0,0,0,0,0,0,0,0,0,0,0,0,0,0,0,0,0,0,0,0,0,0,0,0,0,0,0,0,0.159470860035128,0,0,0,0,0,0,0,0,0,0,0,0,0,0,0,0,0,0,0,0,0,0,0,0,0,0,0,0,-0.407201576360665,0,0,0,0,0,0,0,0,0,0,0,0,0,0,0,0,0,0,0,0,-0.732117752695856,0,0,0,0,0,0,0,0,0,0,0,0,0,0,0,0,0,0,0,0,0,0,0,0,0,0,0,0,0,0,0,0,0,0,0,0,0,0,0,0,0,0,0,0,0,0,0,0,0,0,0,0,0,0,0,0,-1.12079815840932,0,0,0,0,0,0,0,0,0,0,0,0,0,0,0,0,0,0,0,0,0,0,0,0,0,0,0,0,0,0,0,0,0,0,0,0,0,0,0,0,0,0,0,0,0,0,0,0,0,0,0,0,0,-0.118866761889506,0,0
0,0,0,0,0,0,0,0,0,0.205100230052808,0,0,0,0,0,0,0,0,0,0,0,0,0,0,0,0,0,0,0,0,0,0,0,0,0,0,0,0,0,0,0,0,0,0,0,0,0,0,0,0,0,0,0,0,0,0,-0.0252403326093675,0,0,0,0,0,0,0,0,0,0,0,0,0,0,0,0,0,0,0,0,0,0,0,0,0,0,0,0,0,0,0,0,0,0,0,0,0,0,0,0,0,0,0,0,0,0,0,0,0,0,0,0,0,0,0,0,-0.349521375565336,0,0,0,0,0,0,0,0,0,0,0,0,0,0,0,0,0,0,0,0,0,0,0,0,0,0,-0.000240891485172146,0,0,0,0,0,0,0,0,0,0,0,0,0,0,0,0,0,0,0,0,0,0,0,0,0,0,0,0,0,0,0,0,0,0,0,0,0,0,0,0,0,0,0,0,0,0,0,0,0,0,0,0,0,0,0,0,0,0,0
0,0,0,0,0,0,0,0,0,0,0,0,0,0,0,0,0,0,0,0,0,0,0,0,0,0,0,0,0,0,0,0,0,0,0,0,0,0,0,0,0,-0.0405810800666568,0,0,0,0,0,0,0,0,0,0.205647777168791,0,0,0,0,0,0,0,0,0,0,0,0,0,-0.0283533175622146,0,0,0,0,0,0,0,0,0,0,0,0,0,0,0,0,0,0,0,0,0,0,0,0,0,0,0,0,0,0,0,0,0,0,0,0,0,0,0,0,0,0,0,0,0,0,0,0,0,0,0,0,0,0,0,0,0,0,0,0,0,0,0,0,-0.69199488758204,0,0,0,0,0,0,0,0,0,0,0,0,0,0,0,0,0,0,0,0,0,0,0,0,0,0,0,0,0,0,0,0,0,0,0,0,0,0,0,0,0,0,0,0,0,0,0,0,0,0,0,0,0,0,0,0,0,0,0,0,0,0,0,0,0,0,0,0,0
0,0,0,0,0,-0.309121218896866,0,0,0,0,0,0,0,0,0,0,0,0,0,0,0,0,0,0,0,0,0,0,0,0,0,0,0,0,0,0,0,0,0,0,0,0,0,0,0,0,0,0,0,0,0,0,0,0,0,0,0,0,0,0,0,0,0,-0.149047208458411,0,-0.263741201482589,0,0,0,0,0,0,0,0,0,0,-1.22559387736182,0,0,0,0,0,0,0,0,0,0,0,0,0,0,0,0,0,0,0,0,0,0,0,0,0,0,0,0,0,0,0,0,0,0,0,0,0,0,0,0,0,0,0,0,0,0,0,0,0,-0.191153330722013,0,0,0,-0.64986066003624,0,-0.180724716772627,0,0,0,0,0,0,0,0,0,0,0,0,0,0,0,0,0,0,0,0,0,0,0,0,0,0,0,0,0,0,0,0,0,0,0,0.926604439988976,0,0,0,0,0,0,0,0,0,0,0,0,0,0,0,-0.369788045551108,0,0,0,0,0,0,0,0,0,0,0,0,0,0,0
0,0,0,0,0,0,0,0,0,0,0,0,0,0,0,0,0,0,0,0.289501994407263,0,0,0,0,0,0,0,0,0,0,0,0,0,0,0,0,0,0,0,0,0,0,0,0,0,0,0,0,0,0,0,0,0,0,0,-0.0280058940642365,0,-0.377185707226295,0,0,0,0,0,-0.0328743638433948,0,0,0,0,0,0,0,0,0,0,0,0,-0.9309508182875,0,0,0,0,0,0,0,0,0,0,0,0,0,0,0,0,0,0,0.0316076676469212,0,0,0,0,0,0,0,0,0,0,0,0,0,0,0,0,0,0,0,0,0,0,0,0,0,0,0,0,0,0,0,0,0,0,0,0,0,0,0,0,0,0,0,0,0,0,0,0,0,0,0,0,0,0,0,0,0,0,0,0,0,0,0,0,0,0,0,0,0,0,0,0,0,0,0,0,0,0,0,0,0,0,0,0,0,0,0,0,0,0,0,0,0,0,0,0,0,0,0,0,0,0,0,0
0,0,0,0,0,0,0,0,0,0,0,0,0,0,0,0,0,0,0,0,0,0,0,0,0,0,0,0,0,0,0,0,0,0,0,0,0,0,0,0,0,0,0,0,0,0,0,0,0,0,0,0,0,0,0,-0.0440020671969785,0,-0.283912854467522,0,0,0,0,0,0,-0.00313028707846907,0,0,0,0,0,0,0,0,0,0,-0.00935059633204616,-0.801406409720464,0,0,0,-0.100074133547727,0,0.00018890605185895,0,0,0,0,0,0,0,0,0,0,0,0,0,0,0,0,0,0,0,0,0,0,0,0,0,0,0,0,0,0,0,0,0,0,0,0,0,0,0,0,0,0,0,0,0,0,0,0,0,0,0,0,0,0.768458654967707,0,0,-0.357934409133025,-0.0736571077152757,0,0,-1.48525001856111,0,0,0,0,0,0.0971050034724132,0,0,0,0,0,0,0,0,0,0,0,0,0,0,0,0,0,0,0,0,0,0,0,0,0,0,0,0,0,0,0,0,0,0,0,0,0,0,0,0,0,0,0,0,0,0,0,0,0,0
0,0,0,0,0,0,0,0,0,0,0,0,0,0,0,0,0,0,0,0,0,0,0,0,0,0,0.399325146485693,0,0,0,0,0,0,0,0,0,0,0,0,0,0,0,0,0,0,0,0,0,0,0,0,0,0,0,0,-0.189875533881313,0,0,0,0,0,0,0,-0.345190092363421,0,0,0,0,0,0,0.0470009929061754,0,0,0,0,0,-0.41705749858046,0,0,0,0,0,0,0,0,0,0,0,0,0,0,0,0,0,0,0,0,0,0,0,0,0,0,0,0,0,0,0,0,0,0,0,0,0,0,0,0,0,0,0,0,0,0,0,0,0,0,0,0,0,0,0,0,0,0,0,0,0,0,0,0,0,0,-0.228508303012549,0,0,0,0,-0.10189989721006,0.120865303714538,0,0,0,0,0,0,0,0,0,0,0,0,0,0,0,0,0,0,0,0,0,0,0,0,0,0,0,0,0,0,0,0,0,0,0,0,0,0,0,0,0,0,0,0,0,0,0,0,0,0
0,0,0,0,0,0,0,0,0,0,0,0,0,0,0,0,0,0,0,0,0,0,0,0,0,0,0,0,0,0,0,0,0,0,0,-0.470609049551611,0,0,0,0,0,0,0,0,0,0,0,0,0,0,0,-0.342264042071361,0,-0.687107010297086,0,0,0,0,0,0,0,0,0,0,0,0,0,0,0,0,0,0,0,0,-0.143774396715176,0.569511647941099,0,0,0,0,2.66591252780991,0,0,0,0,0,0,0,0.00347377036267882,0,0,-0.0866607140434845,0,0,0,0,0,0,0,0,0,0,1.23341600947797,0,0,0,0,0.320983058088979,0,0,0,-0.803866309461487,0,0,0,0,0,0,0,0,-0.77405656343682,0,0,0,0,0,0,0,0,0,0,0,0.0414327141023785,0,0,0,0,0,0,0,0.531811649047365,0,0,0,0,0,0,0,0,0,0,0,0,0,0,0,0,0,0,0,-1.81361352798004,0,0,0,0,0,0,0,0.91200369862858,0,0,0,0,0.384345512364074,0,0,0,-0.0454231961798413,0,0,0,0,0,0,0.0967559211816338,0,0.0459101990276922,-1.31572414772522,0,0,0,0,0,0,0,0,0,0,0,0
0,0,0,0,0,0,0,0,0,0,0,0,0,0,0,0,0,0,0,0,0,0,0,0,0,-0.338736760794247,0,0,0,0,0,0,0,0,0,0,0,0,0,0,0,0,0,0,0,0,0,-2.79913876896892,0,-0.335919402877649,0,0,0,0,0,0,0,0,0,0,0,0,0,0,0,0,0,0,0,0,0,0,0,0,0,0,0,0,0,0,0,0,0,-0.292611234116771,-0.865433299512088,0,0,0,0,0.307995592572018,0,0,0,0,0,0,0,-0.205650291270888,0,0,0,0,0,0,0,0,0,0.161952766340727,0,0,0,0,0,0,0,0,0,0,0,0,0,0,0.0365142934401801,0,0,0,0,0,0,0,-0.57285964161592,0,0,0,0,0,0,0,0,0,0,0,0,0,0,0,0,-0.363119361306897,0,0,0.177900517839143,0,0.118896203387826,0,0,0.511296594344767,0,0,0,0,0,0,0,0,0,0,0,0,0,0,0,0,0,0,0,0,0,0,0,0,0,0,0,0,-0.154349668663478,0,0,0,0,0,0,0,0,0,0,0,0,0.363047269806486,0,0
0,0,-0.586907589389168,0,0,0,0,0,0,0,0,0,0,0,0,0,0,0,0,0,0,0,-0.0696851608826576,0,0,0,0,0,0,0,0,0,0,0,0,0,0,0,0,0,0,0,0,0.54357448252737,0,0,0,-2.73943312347815,0,0,0,0,0,-0.317605194078727,0,0,0,0,0,0,0,0,0,0,0,-0.409640350344403,0,0,0,0,0,0,0,0,0,0,0,0,0,0,0.269677920468275,0,0,0,-1.10194787782064,-0.136161217397213,0,0,0,0,0,0,0,0,0,0.125179118799035,0,-0.131999860520522,0,-0.648205489283425,0,0,0,-0.0563529777233547,0.0766051050056693,0,0,0,0,0,0,-0.0174303247857734,0,0,0,0,0,0,0,0.00981648898268594,0.72367084177915,0,0.585033687933715,0,0,0,0,0,0,0,-0.645594696616468,0,0,0,0,0,0,0,0,0,0,0,0,0,0,0,0,-0.523564962918871,0,0,0,0,0,0,0,0,0,0,0,0,0,0,0,0,0,0,0,0,0,0,0,0,0,0,0,0.352039790009974,0,0,0,0,0,0,0,0,-0.75696500207406,0,0,0,0,0,0,0,0,0,0.492056896767422,0,0,0,0,0
0,0,0,0,0,0,0,0,0,0,0,0,0,0,0,0,0,0,0,0,0,0,0,0,-0.244228144241379,0,0,0,0,0,0,0,0,0,0,0,0,0,0,0,0,0,0,0,0,0,0,0,0,0,0,0,0,0,0,-3.57896427316518,0,0,0,0,0,0,0,0,0,1.36197358814534,0,0,0,0,0,0,0,0,0,0,0,0,0,0,0,0,0,0,0,0,0,0,0,-0.153924713375281,0,0,0,0,0,0,0,0,0,0,0,0,0,-0.679693156898355,0,0,0,0,0,0,0,0,0,0,0,0,0,0,0,0,0,0,0,0,0,0,0,0,0,0,0,0,0,0,0,0,0,0,0,0,0,0,0,0,0,0,0,0,0,0.233648943368369,0,0,0,0,0.341742317426525,0,0,0,0,0,0,0,0,0,0,0,0,0,0,0,0,0,0,0,0,0,0,0,0,0,0,0,0,0,0,0,0,0,0,0,0,0,0,0,0,0,0,0,0,0
0,0,0,0,0,0,0,0,0,0,0,0,0,0,0,0,0,0,0,0,0,0,0,0,0,0,0,0,0,0,0,0,0,0,0,0,0,0,0,0,0,0,0,0,0,0,0,0,0,0,0,0,0,0,0,-3.76297523571433,0,0,0,0,0,0,0,0,0,0,0,0,0,0,0,0,0,0,0,0,0,0,0,0,0,0,0,0,0,0,0,0,0,0,0,0,0,0,0,0,0,0,0,0,0,0,0,0,0,0,0,0,0,0,0,0,0,0,0,0,0,0,0,0,0,0,0,0,0,0,0,0,0,0,0,0,0,0,0,0,0,0,0,0,0,0,0,0,0,0,0,0,0,0,0,0,0,0,0,0,0,0,0,0,0,0,0,0,0,0,0,0,0,0,0,0,0,0,0,0,0,0,0,0,0,0,0,0,0,0,0,0,0,0,0,0,0,0,0,0,0,0,0,0
0,0,0,0,0,0,0,0,0,0,0,0,0,0,0,0,0,0,0,0,0,0,0,0,0,0,0,0,0,0,0,0,0,0,0,0,0,0,0,0,0,0,0,0,0,0,0,0,0,0,0,0,0,0,0,-3.820402351468,0,0,0,0,0,0,0,0,0,0,0,0,0,0,0,0,0,0,0,0,0,0,0,0,0,0,0,0,0,0,0,0,0,0,0,0,0,0,0,0,0,0,0,0,0,0,0,0,0,0,0,0,0,0,0,0,0,0,0,0,0,0,0,0,0,0,0,0,0,0,0,0,0,0,0,0,0,0,0,0,0,0,0,0,0,0,0,0,0,0,0,0,0,0,0,0,0,0,0,0,0,0,0,0,0,0,0,0,0,0,0,0,0,0,0,0,0,0,0,0,0,0,0,0,0,0,0,0,0,0,0,0,0,0,0,0,0,0,0,0,0,0,0,0
0,0,0,0,0,0,0,0,0,0,0,0,0,0,0,0,0,0,0,0,0,0,0,0,0,0,0,0,0,0,0,0,0,0,0,0,0,0,0,0,0,0,0,0,0,0,0,0,0,0,0,0,0,0,0,-3.49353803260135,0,0,0,0,0,0,0,0,0,0.476813365140892,0,0,0,0,0,0,0,0,0,0,0,0,0,0,0,0,0,0,0,0,0,0,0,0,0,0,0,0,0,0,0,0,0,0,0,0,0,0,0,0,0,0,0,0,0,0,0,0,0,0,0,0,0,0,0.140359482120717,0,0,0,0,0,0,0,0,0,0,0,0,0,0,0,0,0,0,0,0.0500557496272278,0,0,0,0,0,0,0,0,0,0,0,0,0,0,0,0,0,0,0,0,0,0,0,0,0,0,0,0,0,0,0,0,0,0,0,0,0,0,0,0,0,0,0,0,0,0,0,0,0,0,0,0,0,0,0,0,0,0,0
0,0,0,0,0,0,0,0,0,0,0,0,0,0,0,0,0,0,0,0,0,0,0,0,0,0,0,0,0,0,0,0,0,0,0,0,0,0,0,0,0,0,0,0.041069066242331,0,0,0,0,0,0,0,0,0,0,0,-3.05130862580705,0,0,0,0,0,0,0,0,0,0,0,0,0,0,0,0,0,0,0,0,0,0,0,0,0,0,0,0.451209618224689,0,0,0,0,0,0,0,0,0,0,0,0,0,0,0,0,0,0,0,0,0,0,0,0,0,0,0,0,0,0,0,0,0,0,0,0,0,0,0,0,0,0,0,0,0,0,0,0,0,0,-0.23702707900782,0,0,0,0,0,0,0,0,0,0,0,0,0,0,0,0,0,0,0,0,0,0,0,0,0,0,0,0,0,0,0,0,0,0,0,0,0,0,0,0,0,0,0,0,0,0,0,0,0,0,0,0,0,0,0,0,0,0,0,0,0,0,0,0,0
0,0,0,0,0,0,0,0,0,-0.600654452259087,0,0,0,0,0,0,0,0,0,0,0,0,0,0,0,0,-0.0753245663409963,0,0,0,0,0,0,0,0,0,0,-0.226984161493599,0,0,0,0,0,0,0.667613098505394,0.0454600289949387,0,0,0,0,0,0,0,0,0,-4.17050804025197,0,0,0,0,0,0,0,0,0,-0.685253232551853,0,0,0,0,0,0,0,0,0,0,0,-0.60353690921814,0,0,-0.155607528090127,0,0,0,-0.0233665241261334,0,0,0,0,0.268619988403868,0,0,0,0,0,0,0,0,0,0,0.309843822888853,-0.0177721517302754,0,0.115107599811817,0,0,0,0,0,0,0,0,0,-0.181803329588123,0,0,0,0,0,0,0,0,-0.296575670548678,0,0,0,0,0,0,0,0,0,0,0,-0.408153714051331,0,0,0,0,0,0,0,0,0,0,0,0,0,0,0.239796001194232,-2.67946468821022,0,0,0,0,0.534966331417293,0,0,0,0,0,0,0,0,0,0,0,0,0,0,0,0,0,0,0,0,0,0,0,0,0,0,0,0,0,0,0,0,0,0,0,0,0,0,0.105576790338103,-0.923604200218477,0,0,0,0
0,0,0,0,0,0,0,0,0,0,0,0,0,0,0,0,0,0,0,0,0,0,0,0,0,0,0,0,0,0,0,0,0,0,0,0,0,0,0,0,0,0,0,0,0,0,0,0,0,0,0,0,0,0,0,-3.92365412303883,0,0,0,0,0,0,0,0,0,0,0,0,0,0,0,0,0,0,0,0,0,0,1.1387941862598,0,0,0,0,0,0,0,0,0,0,0,0,0,0,0,0,0,0,0,0,0,0,0,0,0,0,0,0,0,0,0,0,0,0,0,0,0,0,0,0,0,0,0,0,0,0,0,0,0,0,0,0,0,0,0,0,0,0,0,0,0,0,0,0,0,0,0,0,0,0,0,0,0,0,0,0,0,0,0,0,0,0,0,0,0,0,0,0,0,0,0,0,0,0,0,0,0,0,0,0,0,0,0,0,0,0,0,0,0,0,0,0,0,0,0,0,0,0,0,0,0
0,0,0,0,0,0,0,0,0,0,0,0,0,0,0,0,0,0,0,0,0,0,0,0,0,0,0,0,0,0,0,0,0,0,0,0,0,0,0,0,0,0,0,0,0,0,0,0,0,0,0,0,0,0,0,-4.94503329874488,0,0,0,0,0,0,0,0,0,0,0,0,0,0,0,0,0,0,0,0,0,0,0,0,0.56182050274315,0,0,0,0,0,0,0,0,0,0,0,0,0,0,0,0,0,0,0,0,0,0,0,0,0,0,0,0,0,0,0,0,0,0,0,0,0,0,0,0,0,0,0,0,0,0,0,0,0,0,0,0,0,0,0,0,0,0,0,0,0,0,0,0,0,0,-0.206807817976037,0,0,0,0,0,0,0,0,0,0,0,0,0,0,0,0,0,0,0,0,0,0,0,0,0,0,0,0,0,0,0,0,0,0,0,0,0,0,0,0,0,0,0,0,0,0,0,0,0,0,0,0
0,0,0,0,0,0,0,0,0,0,0,0,0,0,0,0,0,0,0,0,-0.107394433875373,0,0,0,0,0,0,0,0,0,0,0,0,0,0,0,0,0,0,0,0,0,0,0,0,0,0,0,0,0,0,0,0,0,0,-4.95905337223452,-0.117899701584117,0.0148523328589403,0,0,0,0,0,0,0,0,0,0,0,0,0,0,0,0,0,0,0,0,0,0,0,0,0,-0.698865098496527,0,0,0,0,0,0,0,0,0,0,0,0,0,0,0,0,0,0,0,0,0,0,0,0,0,0,0,0,0,0,0,0,0,0,0,0,0,0,0,0,0,0,0,0,0,0,0,0,0,0,0,0,0,0,0,0,0,0,0,0,0,0,0,0,0,0,0,0,0,0,0,0,0,0,0,0,0,0,0,0,0,0,0,0,0,0,0,0,0,0,0,0,0,0,0,0,0,0,0,0,0,0,0,0,0,-0.00535960765682475,0,0,0,0,0,-0.00664659806699719,0,0,0,0
0,0,0,0,0,0,0,0,0,0,0,0,0,0,0,0,0,0,0,0,0,0,0,0,0,0,0,0,0,0,0,0,0,0,0,0,0,0,0,0,0,0,0,0,0,0,0,0,0,0,0,0,0,0,0,-5.03732669169258,0,0,0,0,0,0,0,0,0,0,0,0,0,0,0,0,0,0,0,0,0,0,0.035587727611968,0,0,0,0,0,0,0,0,0,0,0,0,0,0,0,0,0,0,0,0,0,0,0,0,0,0,0,0,0,0,0,0,0,0,0,0,0,0,0,0,0,0,0,0,0,0,0,0,0,0,0,0,0,0,0,0,0,0,0,0,0,0,0,0,0,0,0,0,-0.524765111716466,0,0,0.215652248741731,0,0,0,0,0,0,0,0,0,0,0,0,0,0,0,0,0,0,0,0,0,0,0,0,0,0,0,0,0,0,0,0,0,0,0,0,0,0,0,0,0,0,0,0,0,0,0,0,0
0,0,0,0,0,0,0,0,0,0,0,0,0,0,0,0,0,0,0,0,0,0,0,0,0,0,0,0,0,0,0,0,0,0,0,0,0,0,0,0,0,0,0,0,0,0,0,0,0,0,0,0,0,0,0,-4.87741591035324,0,0,0,0,0,0,0,0,0,-0.0940197049592961,0,0,0,0,0,0,0,0,0,0,0,0,0,0,0,0,0,0,0,0,0,0,0,0,0,0,0,0,0,0,0,0,0,0,0,0,0,0,0,0,0,0,0,0,0,0,0,0,0,0,0,0,0,0,0,0,0,0,0,0,0,0,0,0,0,0,0,0,0,0,0,0,0,0,0,0,0,0,0,0,0,0,0,0,0,0,0,0,0,0,0,0,0,0,0,0,0,0,0,0,0,0,0,0,0,0,0,0,0,0,0,0,0,0,0,0,0,0,0,0,0,0,0,0,0,0,0,0,0,0,0,0,0,0
0,0,0,0,0,0,0,0,0,0,0,0,0,0,0,0,0,0,0,0,0,0,0,0,0,0,0,0,0,0,0,0,0,0,0,0,0,0,0,0,0,0,0,0,0,0,0,0,0,0,0,0,0,0,0,-4.9702755070927,0,0,0,0,0,0,0,0,0,0,0,0,0,0,0,0,0,0,0,0,0,0,0,0,0,0,0,0,0,0,0,0,0,0,0,0,0,0,0,0,0,0,0,0,0,0,0,0,0,0,0,0,0,0,0,0,0,0,0,0,0,0,0,0,0,0,0,0,0,0,0,0,0,0,0,0,0,0,0,0,0,0,0,0,0,0,0,0,0,0,0,0,0,0,0,0,0,0,0,0,0,0,0,0,0,0,0,0,0,0,0,0,0,0,0,0,0,0,0,0,0,0,0,0,0,0,0,0,0,0,0,0,0,0,0,0,0,0,0,0,0,0,0,0
0,0,0,0,0,0,0,0,0,0,0,0,0,0,0,0,0,0,0,0,0,0,0,0,0,0,0,0,0,0,0,0,0,0,0,0,0,0,0,0,0,0,0,0,0,0,0,0,0,0,0,0,0,0,0,-4.32970274495291,0,0,0,0,0,0,0,0,0,0,0,0,0,0,0,0,0,0,0,0,0,0,0,0,0,0,0,0,0,0,0,0,0,0,0,0,0,0,0,0,0,0,0,0,0,0,0,0,0,0,0,0,0,0,0,0,0,0,0,0,0,0,0,0,0,0,0,0,0,0,0,0,0,0,0,0,0,0,0,0,0,0,0,0,0,0,0,0,0,0,0,0,0,0,0,0,0,0,0,0,0,0,0,0,0,0,0,0,0,0,0,0,0,0,0,0,0,0,0,0,0,0,0,0,0,0,0,0,0,0,0,0,0,0,0,0,0,0,0,0,0,0,0,0
0,0,0,0,0,0,0,0,0,0,0,0,0,0,0,0,0,0,0,0,0,0,0,0,0,0,0,0,0,0,0,0,0,0,0,0,0,0,0,0,0,0,0,0,0,-0.0274723777856112,0,0,0,0,0,0,0,0,0,-4.52805025118826,0,0,0,0,0,0,0,0,0,-0.561192233190672,0,0,0,0,0,0,0,0,0,0,0,0,0,0,0,0,0,0.261851547389785,0,0.0436659155624355,0,0,0,0,0,0,0,0,0,0,0,0,0,0,0,0,0,0,0,0,0,0,0,0,0,0,0,0,0,0,0,0,0,0,0,0,0,0,0,0,0,0,0,0,0,0,0,0,0,0,0,0,0,0,0,0,0,0,0,0,0,0,0,0,0,0,0,0,0,0,0,0,0,0,0,0,0,0,0,0,0,0,0,0,0,0,0,0,0,0,0,0,0,0,0,0,0,0,0,-0.402044245822339,0,0,0,0,0,0,0,0,0,0,0,0,0,0
0,0,0,0,0,0,0,0,0,0,0,0,0,0,0,0,0,0,0,0,0,0,0,0,0,0,0,0,0,0,0,0,0,0,0,0,0,0,0,0,0,0,0,0,0,0,0,0,0,0,0,0,0,0,0,-3.6993782294277,0,0,0,0,0,0,0,0,0,0.424527268043329,0,0,0,0,0,0,0,0,0,0,0,0,0,0,0,0,0,0,0,0,0,0,0,0,0,0,0,0,0,0,0,0,0,0,0,0,0,0,0,0,0,0,0,0,0,0,0,0,0,0,0,0,0,0,0,0,0,0,0,0,0,0,0,0,0,0,0,0,0,0,0,0,0,0,0,0,0,0,0,0,0,0,0,0,0,0,0,0,0,0,0,0,0,0,0,0,0,0,0,0,0,0,0,0,0,0,0,0,0,0,0,0,0,0,0,0,0,0,0,0,0,0,0,0,0,0,0,0,0,0,0,0,0,0
0,0,0,0,0,0,0,0,0,0,0,0,0,0,0,0,0,0,0,0,0,0,0,0,0,0,0,0,0,0,0,0,0,0,0,0,0,0,0,0,0,0,0,0,0,0,0,0,0,0,0,0,0,0,0,-3.98978728307236,0,0,0,0,0,0,0,0,0,-0.113621361461409,0,0,0,0,0,0,0,0,0,0,0,0,0,0,0,0,0,0.363358308879273,0,0,0,0,0,0,0,0,0,0,0,0,0,0,0,0,0,0,0,0,0,0,0,0,0,0,0,0,0,0,0,0,0,0,0,0,0,0,0,0,0,0,0,0,0,0,0,0,0,0,0,0,0,0,0,0,0,0,0,0,0,0,0,0,0,0,0.487830341021525,0,0,0,0,0,0,0,0,0,0,0,0,0,0,0,0,0,0.450830862676032,0,0,0,0,0,0,0,0,0,0,0,0,0,0,0,0,0,0,0,0,0,0,0,0,0,0,0,0,0,0,0
0,0,0.0496927951303756,0,0,0,0,0,0,0,0,0,0,0,0,0,0,0,0,0,0,0,0,0,0,0,0,0,0,0,0,0,0,0,0,0,0,0,0,0,0,0,0,0,0,0,0,0,0,0,0,0,0,0,0,-3.14203508229405,0,0,0,0,0,0,0,0,0,0,0,0,0,0,0,0,0,0,0,0,0,0,0,0,0,0,0,0,0,-0.967918134660087,0,0,0,0,0,0,0,0,0.0388107351329219,0,0,0,0,0,0,0,0,0,0,0,0,0,0,0,0,0,0,0,0,0,0,0,0,0,0,0,0,0,0,0,0,0,0,0,0,0,0,0,0,0,0,0,0,0,0,0,0,0,0,0,0,0,0,0,0,0,0,0,0,0,0,0,0,0,0,0,0,0,0,0,0,0,0,0,0,0,0,-0.339962805387666,0,0,0,0,0,0,0,0,0,0,0,0,0,0,0,0,0,0,0,0,0,0,0,0,0,0
0,0,0,0,0,-0.0391554974816906,0,0,0,0,0,0,0,0,0,0,0,0,0,0,0,0,0,0,0,0,0,0,0,0,0,0,0,0.49376633974619,0,0,0,0,0,0,0,0,0,0,0,0,0,0,0,0,0,0,0,0,0,-5.72074192066146,0,1.14971439121474,0,0,0,0,0,0,0,0,0,0,0,0,0,0,0,0,0,0,0,0,0,0,-0.565150753838,0,0,-0.623917420519248,0,-0.103151136427792,0,0,0,0,0,0,0,0,0,0,0,0,0,0,0,0,0,0.682287002300127,0,0,0,0,0,0,0,0,0,0,0,0,0,0.0822481108911264,0,0,-0.131312197076265,0,0,0,0,0,0,0,0,0,0,0,0,0,-0.215424378392918,0,0,0,0,0,-0.554616827805958,0,0,0,0,0,0,0,0,0.256748170837372,0,0,0,0,0,0,0,0,0,0,0,0,0,0,0,0,0,0,0,0,0,0,0,0,0,0,0,0,0,0,0,0,0,-0.0975685111695503,0,0,0,0,0,0,0,0,0,0,0,-0.882198324890634,0,0,0,0
0,0,0,0,0,0,0,0,0,0,0,0,0,0,0,0,0,0,0,0,0,0,0,0,0,0.0337293769490865,0,-0.166220415773556,0,0,0,0,0,0,0,0,0,-0.430759944596366,0,0,0,0,0,0,0,0,0,0,0,0,0,0,0,0,0,-6.16624231270684,0,0,0,0,0.133511622564636,0,0,0,0,0,0,0,0,0,0,0,0,0,1.01262767919079,0,0,0,-1.06490591424409,0,0,0,0.0200192332901683,-0.623499234226796,0,2.15624851167979,0,0,0,0,0,0,0,0,0,0,0,0,0,0,0,0,0,0,0,0,0,0,0,0,0,0,0,0,0,0,0,0,0,0,0,0,0,0,0,0,1.42480239021574,0,0,0,0,0,0,0,-1.49344892786262,0,-0.0619475941197207,0,0,0,0,0,0,0,0,0,0,-0.441340112889559,0,0,0,0,0,0,0,0,0,0,0,0,0,0,0,0,0,0,0,0,0,0,0,0,0,0,0,0,0,0,0,0,0,0,0,0,0,0,0,0.839696794501396,0,0,0,0,0,0,0,-0.165855695345686,0,0,0,0
0,0,0,0,0,0,0,0,-0.366560007819203,0,0,0,0,0,0,0,0,0,0,0,0,0,0,0,0,0,0,0,0,0,0,0,0,0,0,0,0.0549891079655023,0,0,0,0,0,0,0,0,0,0,0,0,0,0,0,0,0,0,-6.23549701037126,0,0,0,0,0,0,0.0493456864024542,0,0,0,0,0,0,0,0,0,0,0,0.125553568148103,0,0,0,0,0,0,0,0,0,0,0.86503026802639,0,0,0,0,0,0,0,0,0,0,0,0,0,0,0,0,0,0,0,0,0,0,0,0,0,0,0,0,0,0,0,0.227488225948347,0,0,0,0,0,0,0,0,0,0,0,0,0,0,0,0,-0.181154358199319,0,0,0,0,0,0,0,0,0,0,0,0,-0.298044423478748,0,0,0,0,0,0,0,0,0,0,0,0,0,0,0,-0.092234660421554,0,0,0,0,0,0,0,0,0,0,0,0,0,0,0,0,0,0,0,0,0,0,0,1.53915984895194,0,0,0,0,0,0,0,0,0,0,0,0
0,0,0,0,0,0,0,0,0,0,0,0,0,0,0,0,0,0,0,0,0,0,0,0,0,0,0,0,0,0,0,0,0,0,0,0,0,0,0,0,0,0,0,0,0,0,0,0,0,0,0,0,0,0,0,-6.71644091210593,0,0,0,0,0,0,0,0,0,0,0,0,0,0,0,0,0,0,0,0,0,0,0,0,0,0,0,0,0,0,0,0,0,0,0,0,0,0,0,0,0,0,0,0,0,0,0,0,0,0,0,0,0,0,0,0,0,0,0,0,0,0.0628017149505911,0,0,-0.0184064299437068,0,0,0,0,0,0,0,0,0,0,0,0,0,0,0,0,0,0,0,0,0,0,0,0,0,0,-0.444756802104045,0,0,0,0,0,0,0,0,0,0,0,0,0,0,0,0,0,0,0,0,0,0,0,0,0,0,0,0,0,0,0,0,0,0,0,0,0,0,0,0,0,0,0,0,0,0,0,0,0,0,0,0
0,0,0,0,0,0,0,0,0,0,0,0,0,0,0,0,0,0,0,0,0,0,0,0,0,0,0,0,0,0,0,0,0,0,0,0,0,0,0,0,0,0,0,0,0,0,0,0,0,0,0,0,0,0,0,-7.15077758287033,0,0,0,0,0,0,0,0,0,-0.185692673718414,0,0,0,0,0,0,0,0,0,0,0,0,0,0,0,0,0,0,0,0,0,0,0,0,0,0,0,0,0,0,0,0,0,0,0,0,0,0,0,0,0,0,0,0,0,0,0,0,0,0,0,0.0424555132616742,0,0,0,0,0,0,0,0,0,0,0,0,0,0,0,0,0,0,0,0,0,0,-0.0824469670796606,0,0,0,0,0,0,-0.32001050546143,0,0,0,0,0,0,0,0,0,0,0,0,0,0,0,0,0,0,0,0,0,0,0,0,0,0,0,0,0,0,0,0,0,0,0,0,0,0,0,1.36402424802251,0,0,0,0,0,0,0,0,0,0,0,0
0,0,0,0,0,0,0,0,0,0,0,0,0,0,0,0,0,0,0,0,0,0,0,0,0,0,0,0,0,0,0,0,0,0,0,0,0,0,0,0,0,0,0,0,0,0,0,0,0,0,0,0,0,0,0,-7.23134910864549,0,0,0,0,0,0,0,0,0,0,0,0,0,0,0,0,0,0,0,0,0,0,0,0,0,0,0,0,0,0,0,0,0,0,0,0,0,0,0,0,0,0,0,0,0,0,0,0,0,0,0,0,0,0,0,0,0,0,0,0,0,0,0,0,0,0,0,0,0,0,0,0,0,0,0,0,0,0,0,0,0,0,0,0,0,0,0,0,0,0,0,-0.183873548707641,0,0,0,0,0,0,0,0,0,0,0,0,0,0,0,0,0,0,0,0,0,0,-0.0127063593821295,0,0,0,0,0,0,0,0,0,0,0,0,0,0,0,0,0,0,0,0,0,0,0,0,0,0,0,0,0
0,0,0,0,0,0,0,0,0,0,0,0,0,0,0,0,0,0,0,0,0,0,0,0,0,0,0,0,0,0,0,0,0,0,0,0,0,0,0,0,0,0,0,0,0,0,0,0,0,0,0,0,0,0,0,-6.5424934888877,0,0,0,0,0,0,0,0,0,0,0,0,0,0,0,0,0,0,0,0,0,0,0,0,0,0,0,0,0,0,0,0,0,0,0,0,0,0,0,0,0,0,0,0,0,0,0,0,0,0,0,0,0,0,0,0,0,0,0,0,0,0,0,0,0,0,0,0,0,0,0,0,0,0,0,0,0,0,0,0,0,0,0,0,0,0,0,0,0,0,0,-0.142672631216662,0,0,0,0,0,0,0,0,0,0,0,0,0,0,0,0,0,0,0,0,0,0,-0.149200517196355,0,0,0,0,0,0,0,0,0,0,0,0,0,0,0,0,0,0,0,0,0,0,0,0,0,0,0,0,0
0,0,0,0,0,0,0,0,0,0,0,0,0,0,0,0,0,0,0,0.0903498233235094,0,0,0,0,0,0,0,0,0,0,0,0,0,0,0,0,0,0,0,0,0,0,0,0,0,0,0,0,0,0,0,0,0,0,0,-6.99320966523184,0,0,0,0,0,0,0.0870296500950711,0,0,0,0,0,0,0,0,0,0,0,0,0,0,0,-0.0445770663545249,0,0,0,0,0,0,1.08312549828925,0,0,0,0,0,0,0,0,0,0,0,0,0,0,0,0,0,0,0,0,0,0,0,0,0,0.557763705320589,0,0,0,0,0,0,0,0,0.0108716897531367,0,0,0,0,0,0,0,0,0,0,0,0,0,0,0,0,0,0,0,0,0,0,0,0,0,0,0,0,0,0,0,0,0,0,0,0,0,0,0,0,0,0,0,0,0,0,0,0,0,-0.102795169197925,0,0,0,0,0,0,0,0,0,0,0,0,0,0,-0.0868454364351829,0,0.151189280995348,0,0,0,0,0,0,0,0,0,0,0,0
0,0,0,0,0,0,0,0,0,0,0,0,0,0,0,0,0,0,0,0,0,0,0,0,0,0,0,0,0,0,0,0,0,0,0,0,0,0,0,0,0,0,0,0,0,0,0,0,0,0,0,0,0,0,0,-6.24337886932818,0,0,0,0,0,0,0,0,0,0,0,0,0,0,0,0,0,0,0,0,0,0,0,0,0,0,0,0,0,0,0,0,0,0,0,0,0,0,0,0,0,0,0,0,0,0,0,0,0,0,0,0,0,0,0,0,0,0,0,0,0,0,0,0,0,0,0,0,0,0,0,0,0,0,0,0,0,0,0,0,0,0,0,0,0,0,0,0,0,0,0,0,0,0,0,0,0,0,0,0,0,0,0,0,0,0,0,0,0,0,0,0,0,0,0,0,0,0,0,0,0,0,0,0,0,0,0,0,0,0,0,0,0,0,0,0,0,0,0,0,0,0,0,0
0,0,0.0492011110748418,0,0,0,0,0,0,0,0,0,0,0,0,0,0,0,0,0.0831443044979712,0,0,0,0,0,0,0,0,0,0,0,0,0,0,0,0,0,0,0,0,0,0,0,0,0,0,0,0,0,0,0,0,0,0,0,-5.76425447740606,0,0,0,0,0,0,0,0,0,0,0,0,0,0,0,0,0,0,0,0,0,0,0,0,0,0,0,0,0,0,0,0,0,0,0,0,0,0,0,0,0,0,0,0,0,0,0,0,0,0,0,0,0,0,0,0.105304299021012,0,0,0,0,0,0,0,0,0,0,0,0,0,0,0,0,0,0,0,0,0,0,0,0,0,0,0,0,0,0,0,0,0,0,0,0,0,0,0,0,0,0,0,0,0,0,0,0,0,0,0,0,0,0,0,0,0,0,0,0,0,0,0,0,0,0,0,0,0,0,0,0,0,0,0,0,0,0,0,0,0,0,0,0,0,0,0,0
0,0,0,0,0,0,0,0,0,0,0,0,0,0,0,0,0,0,0,0.0666025420060243,0,0,0,0,0,0,0,0,0,0,0,0,0,0,0,0,0,0,0,0,0,0,0,0,0,0,0,0,0,0,0,0,0,0,0,-4.85554354228741,0,0,0,0,0,0,0,0,0,0.182998474456404,0,0,0,0,0,0,0,0,0,0,0,0,0,0,0,0,0,0,0.172047231529636,1.6877366599576,0,0,0,0,0,0,0,0,0,0,0,0,0,0,0,0,0,0,0,0,0,0,0,0,0,0,0,0,0,0.416303293090002,0,-0.0508427546259331,0,0,0,0,0,0,0,0,0,0,0,0,0,0,0,0,0,0,0,0,0,0.632976616175181,0,0,0,0,0,0,0,0,0,0,0,0,0,0,0,0,0,0,0,0,0,0,0,0,0,0,0,0,0,0,-0.54620032454253,0,0,0,0,0,0,0,0,0,0,0,0.0234980572737913,0,0,-0.199420201062188,0,0,0,0,0,0,0,-0.0517042064577711,0,0,0,0,0,0
0,0,0,0,0,0.306112297568684,0,0,0,0.133805503320068,0,0,0,0,0,0,0.267233174818933,0,0,0,0,0,0,0,0.0622760039382213,0,-0.683349952455524,0,0,0,0,0,0,0,0,0,-0.490931244804542,0,0,0,0,0,0,0,0,0,0,0,0,0,0,0,0,0,0,0,0,0,0,0,0,0,0,0,0,0,0,0,0,0,0,0,0,0,0,0,0,0,0,0,0.700115860133377,-0.437868320777281,0,0,0,1.99019146642002,0,0,0,0,0,-0.0582294517713664,0,0,0,0.495990959796949,0,0,0,0,0,0,0,0,0,0,0,0.496126115688834,0.22825318880341,0,0,0,0,0.178039221884996,0,0,0,0,0,0,0,0,0,0,0,0,0,0,0,0,0,0,0,0,0,0,0,0,0,0,0,0,0,0,0,0,0,0,0,0,0,0,0,0,0,0,0,0,0,0,0,0,0,0,0,0,0,0,0.474761538853094,0,0,0,0,0,0,0,0,0,0,0,0,0,0,0,0,0,0,0,0,0,-0.0227266200971559,0,0,0,0.636335516097371,0,0,0,0,0
0,0,0,0,0,0,0,0,0,0,0,0,0,0,0,0,0,0,0,0,0,0,0,0,0,0,-0.165712112203588,0,0,0,0,0,0,-0.0321780208700704,0,0,0,0,0,0,0,0,0,0,0,0,0,0,0,0,0,0,0,0,0,0,-0.0347951789409402,0,0,0,0,0,0,0,0.347028793405878,0,0,0,0,0,0,0,0,0,0,0,0,0,0,0,0,0,0,0,0,0,0,0,0,0,0,0,0,0,0,0,0,0,0,0,0,0,0,0,0,0,0,0,0,0,0,0,0,0.25691559464047,0,0,0,0,0,0,0,0,0,0,0,0,0,0,-0.114150417765926,0,0,0,0,0,0,0,0,0,0,0,0,0,0,0,0,0,0,0,0,0,0,0,0,0,0,0,0,0,0,-0.698073038305979,0,0,0.971938682276894,0,0,0,0,0,0,0,0,0,0,0,0,0,0,0,0,0,0,0,0,0,0,0,0,0,0,0,0,0,0,0,0,0,0,0,0,0
-0.136463544371861,0,0,0,0,0,0.0811412893366161,0,0,0,0,0,0.201960913032416,0,0,0,-0.224455697492548,0,0,0,0,0,0,0,-1.32063741448881,-0.447230214655044,0,0,0,0,0,0,0,-0.385725617835985,0,0,0,0,0,0,0,0,-0.12189709747949,0,0,-0.830535313224517,0,0,0,0,0,0,0,0,0,0,0,2.13806154910308,0,0,0,0,1.74014041336845,0,0,0,0,0,0,0,0,0,0,0,0,0,0,0.120661741593475,0,0,0,0,0,0,0,0,0,-0.441328770978802,0,0,0,0,-0.268761930669682,0.231107234427355,0,0,0,0,0,0,0,0,1.68288837439666,0,0,0,0,0.0685409206501708,-0.465624488199107,0,0,0,0,0,0,0,0,0,0,1.24420060201641,0,0,0,0,0,3.35311289195137,0,0,0,0,0,0,-0.275716543343393,0,0,-11.5492754182664,0,0,0.0930434980374455,0.335966479608595,0,0,0,0,0,0,0,0,-1.01440892648311,0,0,0,0,0,0.637832036692538,0,0,0,-0.105999277904005,0,0,0,0.233909319333383,-0.253752165375637,0,0,0,0,0,0.0675289179687952,-0.537318079047126,0,-0.0939497430137242,0,0,-0.194228727258946,0,0,0,0,0,0,0,0,0,0,-0.31693468604882,-0.642907098321497,0,0,-1.92626695797801,0.444152779882477,0,0,0,0,-0.00226105473890192,0,0,-0.892831809577494
0,0,0,0,0.538104902115695,0,0,0,0,0,0,0,0,0,0,0,0,0,0,0,0,0,0,0,0,0,0,0,0,0,0,0,0,0,0,0,0,0,0,0,0,0,0,0,0,0,0,0,0,0,0,0,0,0,0,0,0,0,0,0,0,0,0,0,0,0,0,0,0,0,0,0.0133127699955651,0,0,0,0,0,0,0,0,0,0,0,0,0,0,0,0,0,0,0,0.0794000991677319,0,0,0,0,0,0.416738034224956,-0.370939550691978,0,0,0,0,0,0,0,0,0,0,0,0,0,0,0,0,0,0,0,0,0.515519014322653,0,0,0,0,0,1.92925707875797,0,0,0,0,0,0,0,0,0,-7.67684321554515,-0.291281162709058,0,0,0,0,0,0,0,0,0,0,0,0,0,0,0,0,0,0.706059637603996,0,0.0450349672189159,-0.695893131539262,0,0,0,0,0.140919681421399,0,0,0,0,0,0,0,0,0,0,0,0,0,0,0,0,0,0,0,0,0,0,0,0,0,0,0,0,0,0,0,0,0,0,0,0,0
0,0,0,0,0,0,0,0,0,0,0,0,0,0,0,0,0,0,0,0,0,0,0,0,0,0,0,0,0,0,0,0,0,0,0,0,0,0,0,0,0,0,0,0,0,0,0,0,0,0,0,0,0,0,0,0,0,0,0,0,0,0,0,0,0,0,0,0,0,0,0,0,0,0,0,0,0,0,0,0,0,0,-0.00722214349631378,0,0,0,0,0,0,0,0,0,0,0,0,0,0,0.896876987000082,0,0,0,0,0,0,0,0,0,0,0,0,0,0,0,0,0,0.019175771527469,0,0,0,0.469701314880449,0,0,-0.138965724428425,0,0,2.23219611803129,0,0,0,0,0,0,0,0,0,-6.14282304795206,0,0,0,0,0,0,0,0,0,-0.0107485606008206,0,0,0,0,0,0,0,0,0,0,0,-0.558847170743562,0,0,0,-0.316139622872775,2.07856618231318,0,0,0,0,0,0,0,0,0,0,0,0,0,0,0,0,0,0,0,0,0,0,0,0,0,0,0,0,0,0,0,0,0,-0.52727439486194,0,0,0
0,0,0.659173978495973,0,0,0,0,0.56415968451318,0,0,0,0,0,0,0,0,-0.0964066528199461,0,0,0,0,0,0,0,0,0,0.527766579944531,0,0,0,0,0,0,0,0,0,0,0,0,0,0,0,0,0,0.861272231723063,0,0,0,0,0,0,0,0,0,0,0,0,0,0,0,0,0,0,0,0,0,0,0,0,0,0,0,0,0.792916646951256,0,0,0,0,0,0,0,0,-2.03589876408182,0,0,0,0,0,0,0,0,0,0,0,0,0,0,0,0,0,0,0,0,0,0,0,0,-0.406146773378474,0,0,0,0,0,0,0,0,0,0,0,0,0,0.828000076673228,0,0,0,1.93803987303481,0,0,0,0,0,0,0,0,0,-3.96881112247246,0,0,0,0,0,0,0,0,0,0,0,0,0,0,0,0,0,0,0,0,0,-0.817582814280301,0,0.317577158012045,0,0,0.180234671161957,0,0,0,0,0,0,0,0,0,0.0059894785046144,0,0,0,0,0,0,0,0,0.0670903517037429,0,0,0,0.60714247258363,0,0,0,0,0.427935673926219,0,0,0.0821097981579455,-0.00185538122363615,0,-0.457568089335576,0,1.13897965413217,0
0,-0.401905870543981,0,0,0,0,0.314631720275815,0,-0.0610314193547505,0,0,0,0,0,0,0,0,2.40261907000259,0.443616812042203,-0.316260197189686,0,0,0,0,0.0350033055383265,0,0.172563353508103,0,0,0,0.591092038596706,0,-0.399162291040469,0,0,-0.342090875222141,0,0,0,0,0,0,0,0,-0.987160410244069,0,-1.5565249747158,0,0.580904049759321,0,0,1.1053883814146,-0.421193062414603,-0.929925765841688,0.000103867602583296,0,0,0,0.487994342593843,0,0,0,0,0,0,-0.0655164007703801,0,0,0,0,0.961823732020106,0,0,0,1.03485212081482,0,0,0,-0.188259650677219,0,-0.324716863748634,0,-3.35769811304006,0,-0.54707514611787,0,0,0,0,0,-0.04098278128767,0,0,0,0,0,0,0.186041875213442,-0.0670258347929236,0,0,-0.176288633155888,0.305802757960977,0,0,0.289951961703157,0,0,0,0,0,0,0,0,0,-0.13354416191429,0,0,0,0,0,0,0,0,0,2.96285543789391,0,0,0,0,0.0122832643203534,0,0,0,-0.0791966352588884,-5.41512686285283,0,0,0,0.3830888779222,0,0,0,0,0,0,0,0,0,0,0,0,0,0,0,0,0,0,0,0,0,0,3.17215858459931,-0.0352986252863745,0,0.259449989040684,0,0.301128197433357,0.397305964636232,0,0,0,0.283864601127728,0.780784772349249,0,0,0,-0.00224411352961162,0,0,0,0.815944415086328,0,0,-0.394414387110217,0.503963427296412,-0.296440961811128,0,0,0,1.11036003012563,0,0,0.442954250330303,-0.658998718517023,0,-0.736189274591712,0.418195479445735,0,0
0,-0.834956961448697,0,0,0,0,0,0,0,0,0,0.449886228402165,0,0.0571047575757075,0,0,0,0,0,0,0.738602640994292,0,0,0,0,0,0.0850694249328123,0,0,0,0,0,0,0,0,-0.481225835663917,0,0,0,0,0,0,0,0,0.527072019199564,0.272071239657969,0,0,-0.0997344692560134,0.185585018621302,0,0,0,0,0,0,0,0,0,0,0,0,0,0,-0.288308131399522,0,0,0,0,0,0,0,0,0,0.0988901180139654,0,0,0,-0.987477739353221,0,0,0,-1.20750628855381,0,0,-0.0400302209106291,0,0,0,0,0,0,0,0,0,0,0,0,-0.32673823600233,0,1.34707147167616,0,0,-0.175808609785426,0,0.681246680122626,0,0,0,0,0,0.740503736583061,0,0,0,0,0,0,-0.260985846297158,0,0,0,0,0,0,2.02880329041004,0,0,0,0,0,0,0,0,0,-2.81489929914679,0,0,0,0,0,0,0,0,0,0,0,0,0,-0.593195951953136,0,0,0,0,-0.124223296606687,0,0,0,0,0,0,-0.75506707736529,3.46527859650919,0,0,0,0,0,0,0,-0.228111382883179,0,0,0.463050241318255,1.39707197847674,-0.879845104277977,0,-0.271914433302216,-0.334287150627387,0.00640908498742432,0,0,0,0,0,-0.0475741605020845,0,0,0,0,0,0,0,0,0,0,0,0,0,1.05154611865313
0,-1.14154465125685,0,0,0.273086680261896,0,0.441971364676423,0,0,0,0,0,0,0,0,0.335423363448621,0,0,0,0,0,0,0,0,-0.0233804056807601,0,0,0,1.97327845202092,0,0,0,0,0,0,0,0,0,0,0,0,0,0,0,0,0,0,0,0,0,0,0.431045854634147,0,0,0,0,-0.276818619521681,0,0,0,0,0,0.76402093055662,0,0,0,0,0,0,0,2.00022167216568,0,0,0,0,-0.120354979081256,0,0,-1.03830470757339,0,0,0,0,0,0.832704032034841,0,0,0,0,0,-1.08896041348274,0,0,0,0,0,0,0,-0.19500199210075,0,0.544359690189063,-1.25327509364495,0,-0.0343982365460116,-0.209985720647689,0,0,-0.524999052058813,1.50922678865557,0,0,0,0,0,0,0,0,0.268476268157452,-0.0520645923512832,0,-1.01590550759459,0,0,0,0,1.24210408151779,0,0.0572227015824558,0,0,0,0,0,0,0,-0.381182113047857,0,0,0,0,0,0,0,0,0,0,0,-0.106744151841635,0,0,0,0,0,0,0.587133600369864,0,0,0,0,-0.339332858392493,0,0,1.22776962197483,0,0,0,0,0.948596103968014,0,0,-1.10071096579455,0,0,-0.148766445921005,0,-4.44496671407518,0,0,0,0,0,0,0,0,0,0,0,0,0,0,0,0,0,0,0,0,0,1.0667659847774,-0.69635248238749,0.321344175673828
0,0,-0.153876983712382,0,0,0,0,0.0713240855052086,0,0,0,0,0,0,-0.0746415368315505,0,0,0,0,0,0,0,0,0,0,0,0,0,0,0,-0.971286729057099,0,0,0,0,-0.358673087588542,0.129083646598456,0,0,0,0,0,0,0,1.3381687194803,0,0,0,0,0,0,0,0,0,0,0,0,0,0,0,0,0,0,0,0,0,0,0,0,0,0,0,0,0,0,0,0,0,0,0.675187973005051,0,0,0,0,0,0,0,0,0,0,0,0.278407121995145,0,0,0,0,0,0,0,0,0,0,0,0,0,-0.306813834021057,0,0,0,0,0,0,0,0,0,0.774732018966675,0,0,0,0,0,0,0,0,0,0,0,0,0,0,0.055480756907019,0,0,0,0,-0.52332715883213,0,0,0,0,0,0,0,0,0,0,0,0,-0.0971797008691655,0,0,0,0,0,0,0,0,0,0,0,0,0,0,0,0,0,0,0.0298477412251681,0,0,0,0,0,0,0,0,0,0,0,0,0,0,0,0,0,0,0,0,0,0,0,0,0,0,-0.188903565121724,0,0,0,0.0646153738294153,1.04222091740577
0,0,0,0,0,0,0,0,0,0,0,0,0,0,0,0,0,0,0,0,0,0,0,0,-0.0740458299086011,0,0,0,-0.502245559494294,0,-0.0259323535462688,0,0,0,0,0,0,0,0,0,0,0,0,0,0,0,0,0,0,0,0,0,0,0,0,0,0,0,0,0,0,0,0,0,0,0,0,0,0,0,0,0,0,0,0,0,0,0,0,0,0,0,0,0,0,0,0,0,0,0.0737979927003924,0,0,0,0,0,0,0,0,0,0,0,0,0,0,0,0,0,0,0,0,0,0.858036604727708,0,0,0,0.0723691437028371,0,0,0,0,-0.171410633415798,0,0,0,0,0,0,0,0,0,0,0,0,0,0,-0.25725318950159,0,0,0,0,0,0,0,0,0,0,0,0,0,0,0,0,0,0,0,0,0,0,0,0.196210087596035,0,-0.166742102268724,0,0,0,0,0,0.0529196107712464,0,0,0,0,0,0,0,0,0,0,0,0,0,0,0,0.0706007875693442,0,0,0,0,0,0,0,0,0,0,0,-0.04245000074882,0,0,1.15999407801776,0
0,0,0,0,0,0,0,0,0,0,0,0,0,0,0,0,0,0,0,0,0,0,0,0,0,0,0,0,0,0,0,0,0,0,0,0,0,0,0,0,0,0,0,0,0.859406697676285,0,0,0,0,0,0,0,0,0,0,0,-0.447118251018878,0,0,0,0,0,0,0,-0.12420506317333,0,0,0,0,0,0,0,0,0,0,0,0,0,-0.135888930025378,0.239694272248904,0,0,0,0.0747011186631961,0,0,0,0,0,0,0,0,0,0,0,0,0,0,0,0,0,0,0,0,0,0,0,0,0,0,0,0,0,0,0,0,0,0,0,0,0,0,0,0,0,0,0,0,0,0,0,0,0,0,0,0,0,0,0,0,0,0,0,0,0,0,0,-0.125142804509399,0,0,0,0,0,0,0,0,0,0,0,0,0,0,0,0,0,0,0,0,0.919765639522451,0,0,0,0,0,0,0,0,0,0,0,0,0,0,0,0,0,0,0,0,0,0,0,0,0,0,-0.260783364137651,0,0,1.59707854194358,0
0,-0.0697518769097667,0,0,0,0,0,0,0,0,0,0,-0.0480391314553483,-1.14229491152139,0,0,-0.399921483993267,0,0,0,0,0.506050064744039,0,0,0,0,0,0,0,0,0,-0.354248245132438,0,0,0,0,0,0,0,0.550217659732693,0,0,0,0,0,0,0,0,0,0,0,0,0,0,0,0,0,0.233984550391233,0,0.12371570237952,0,0,0,0,0,-0.504811570622044,0,0,0,0,0,0,0,0,0,0,0,0,0,0,0.64174927319506,-0.679265436050311,0,0,0,0,0,0,0,0,0,0,0,0,0,0,0,0,0,0,0,0,0,0,0,0,0,0,0,0,0,0,0,0,0,0,0,0,0,0,0,0,0,0,0,0,0,0,0,0,0,0,0,0,0,0,0,0,0,0,0,0,0,0,0,0,0,-0.174524071042618,0,0,0,0,0,-0.206958654844106,0,0.197704113921101,0,0,0,0,0,0,0,0,0,0,0,0.022009796592531,0.83400812339544,0,0,0,0,0,0.208611932001692,0,0,0,0,0,0,0,0,0,0,0,0,0,0,0,0,0,0,0,0,0,0,0,0,-0.168837259497955
0,0,0,0,1.33904236893909,0,0,0.173004457681512,0,0,1.07125331837113,0,0,0,0,0,0,0,0,0,0,0,0,0,0,0,0,0,-0.215234955031114,0,0,0,0,0,0,0,0,0,0,0,0,0,0,1.73535194244005,-0.185029162638696,0,0,0,0,0,0,0,0,0,0.136971013520919,0,1.2177744471382,0,0,0,0,0,0,0,0,0,0,0,0,0,0,0,0,0,0,0,0,0,0.135134083143811,0,0,0,0.294782615354833,0,0.481977675230065,0,0,0,0,0.205836457057897,0,0,0,0,0,0,0,0,0,0,0,0,0,0,0,0,0,0,0,0.840468445543733,0,0.086700949672492,0,0,0,0,0,0,0,0,0.218381624411658,0,0,0,0,0,0,0,0,0,0,0,0,0,0,0,0,0,0,0,0,0,0,0,0,0,0,0,0,0,0,0,0,0,0,0,0,0,0,0,0,0,0,0,0,0,0,0,0,0,0,0,-0.407042542952228,0,0,0,0,0,0,0,0,0,0,0,0,0,0,0,0,0,-0.00922762575923386,0,0,0,0,0,0,0,1.62630696587119,0
1.54794575168168,0,0,0,-0.270553769707384,0,0,0.0674226620525724,0,0,0,0,0,-1.37017680951501,0,0,0,0,-1.01115221381666,0,0,0,0,0,1.04592561673739,0,0,0,0,0,0.266099531112676,0,0,0,0,0,-2.20865384268831,0,0,0,0,0,0,0,0,0,-0.037548941756395,0,0,0,0,0,0,0,0,0.213789672302485,0,2.11407841285976,0,0,0,0,0,-0.403498278214593,0,0,0,0,0,0,0.555409573992461,0,0,0,0,-0.147139922500504,0,0.0936006368717979,0,0,0,0,0,0,0,0,0,0.191793696259344,0,0,0,0.263810538499608,0,0,0,0,0,0,-1.31539292314004,0,0,0,0.668671463537462,0,0,0,0,0.762920650878461,0.0963552216591876,0,0,0,-0.0792072331897047,0,0,0,0,0,0,0,0,0,0,0,0,0,0,0,0,0,0,-0.217111601318403,-2.18012347690418,0,0,0,0,0,-1.6082266520712,-0.755201901956485,0,0,0,-0.470799846116678,0,4.45570362039234,0,-1.91429151176103,0,0,0,0,0.377752575107121,0,0,0,0,0,0.0101703852186736,0,0,0,0,-1.73874720178234,0,0,0,0,0,0,0,0,0,0,0,0,0,0,0,0,0,-0.91482614074482,0,0.0236048769201622,0,0,0,0,0,-1.26504866937615,1.70775747456693,0,0,0,-1.07493682170796,0,0,0,0,0
10.9056579344699,0,-0.614520287105772,0,0,0,0,0,0,0,0,0,0,-0.591130188829255,0,0,0,0.394694792914863,0,0,-0.717111427737948,0,0,0,2.704890708486,-0.456813778361578,0,0,0,0,0,0,0.812558547228722,0,0,1.03403741733742,0,0.407244861294402,0,0,0,0.275459781053159,0.517916633768412,0.0131894271391675,0,0,0,0,0,0.0790823012347615,0,0,0,0,0,0,0,0,0,0.0625776276007246,0,-0.907212861077088,-0.0219366940880525,1.39695252599601,-0.890542938759901,0,0,0,0,0,0,0.228484633527287,0.141017749205577,0,0,0,0,0,0,0,1.22777721945562,0,0,0,0,0.249811466572555,-0.339852332810877,0,0,0,0,0,0,0,0,0.610859387115321,0,0,0,-0.0628969860455542,0,0,1.25491224009123,-0.312404228543045,0,-0.862760540137191,0,0,0.0385782469449696,0,0,0,0,0,0,0,0,0,0,0.335079791641392,0,-0.638170601442582,-1.44084510885054,0,0,0,0,0,0,0.0543360328207019,0,0,-2.81526638833502,0,-0.705882365696823,0,0,-0.10165100721531,-0.00174284006828596,0,0,0,0,0,0,0,0,0,0.642260139030326,0,0,0,0,0,0,-0.841049032864687,0,0,0,1.27775118942167,0,-0.0427897139925468,1.5127942872421,1.13585725042598,0,0,-0.540803055091529,0,0,0,0,0,0,0,1.41452535682939,0,0,0,0,1.05613696847814,0,0.743968654822132,0,-0.521289557610559,-0.981430278461259,0,0,0,0,0,1.14681331110276,0,0,0,0.0854077544046301,-1.46155214751488,0,0,0,0
0,0,0,0,0,0,0,0,0,0,0,0,-0.0923365941387975,0,0,0,0,0,0,0,0,0,0,0,0,0,0,0,0,0,0,0,0,0,0,0,0,0,0,0,0,0,0,0,0,0,0,0,0,0,0,0,0,0,0,0,0,0,0,0,0,0,0,0,0,0,0,0,0,0,0,0,0,0,0,0,0,0,0,0,0,0,0,0,0,0,0,0,0,0,0,0,0,0,0,0,0,0,0,0,0,0,0,0,0,0,0,0,0,0,0,0,0,0,0,0,0,0,0,0,0,0,0,0,0,0,0,0,0,0,0,0,0,0,0,0,0,0,0,0,0,0,0,0,0,0,0,0,0,0,0,0,0,0,0,0,0,0,0,0,0,0,0,0,0,0,-0.0465827985677949,0,0,0,0,0,0,0,0,0,0,0,0,0,0,0,0,0,0,0,0,0,0,0,0,0,0,0,0,0,0,0,0,0
0,0,0,0,0,0,0,0,0,0,0,0,0,0,0,0,0,0,0,0,0,0,0,0,0,0,0,0,0,0,0,0,0,0,0,0,0,0,0,0,0,0,0,0,0,0.392569439772845,0,0,0,0,0,0,0,0,0,-1.57721048417395,0,0,0,0,0,0,0,0,0,0,0,0,0,0,0,0,0,0,0,0,0,0,0,0,0,0,0,0,0,0,0,0,0,0,0,0,0,0,0,0,0,0,0,0,0,0,0,0,0,0,0,0,0,0,0,0,0,-0.0367168045641528,0,0,0,0,0,0,0,0,0,0,0,0,0.17375193542425,0,0,0,0,0,0,0,0,0,0,0,0,0,0,0,0,0,0,0,-1.14745427828507,0,0,0,0,0,0,0,0,0,0,0,0,0,0,0,0,0,0,0,0,0,0,0,0,0,0,0,0,0,0,0,0,0,0,0,0,0,0,0,0,0,0,0,0,0,0,0,-0.432215249164217,0,0,0,0,0
0,0,0,0,0,0,0,0,0,0,0,0,0,0,0,0,0,0,0,0,0,0,0,0,0,0,0,0,0,0,0,0,0,0,0,0,0,0,0,0,0,0,0,0,0,0,0,0,0,0,0,0,0,0,0,-3.70207347885234,0,0,0,0,0,0,0,0,0,0,0,0,0,0,0,0,0,0,0,0,0,0,0,0,0,0,0,0,0,0,0,0,0,0,0,0,0,0,0,0,0,0,0,0,0,0,0,0,0,0,0,0,0,0,0,0,0,0,0,0,0,0,0,0,0,0,0,0,0,0,0,0,0,0,0.341144013633055,0,0,0,0,0,0,0,0,0,0,0,0,0,0,0,0,0,0,0,0,0,0,0,0,0,0,0,0,0,0,0,0,0,0,0,0,0,0,0,0,0,0,0,0,0,0,0,0,0,0,0,0,0,0,0,0,0,0,0,0,0,0,0,0,0,0,0,0,0
0,0,0,0,0,0,0,0,0,0,0,0,0,0,0,0,0,0,0,0,0,0,0,0,0,0,0,0,0,0,0,0,0,0,0,0,0,0,0,0,0,0,0,0,0,0,0,0,0,0,0,0,0,0,0,-3.55162534467219,0,0,0,0,0,0,0,0,0,0,0,0,0,0,0,0,0,0,0,0,0,0,0,0.101250203594644,0,0,0,0.782074442952075,0,0.492696807343623,0,0,0,0,0,0,0,0,0,0,0,0,0,0,0,0,0,0,0,0,0,0,0,0,0,0,0,0,0,0,0,0,0,0,0,0,0,0,0,0,0,0,0,0,0.181549855205107,0,0,0,0,0,0,0,0,0,0,0,0,0,0,0,0,0,0,0,0,0,0,0,0,0,0,0,0,0,0,0,0,0,0,0,0,0,0,0,0,0,0,0.563988168837985,0,0,0,0,0,0,0,0,0,0,0,0,0,0,0,0,0,0,0,0,0,0,0,0,0,0
0,0,0,0,0,0,0,0,0,0,0,0,0,0,0,0,0,0,0,0,0,0,0,0,0,0,0,0,0,0,0,0,0,0,0,0,0,0,0,0,0,0,0,0,0,0,0,0,0,0,0,0,0,0,0,-3.29746525476547,0,0,0,0,0,0,0,0,0,0,0,0,0,0,0,0,0,0,0,0,0,0,0,0,-0.295277888163596,0,0,1.48747463572908,0,0,0,0,0,0,0,0,0,0,0,0,0,0,0,0,0,0,0,0,0,0,0,0,0,0,0,0,0,-0.456235893567391,0,0,0,0,0,0,0,0,0,0,0,0,0,0,0,0,0,0,0,0,0,0,0,0,0,0,0,0,0,0,0,0,0,0,0,0,0,0,0,0,0,0,0,0,0,0,-0.211611997048099,0,0,0,0,0,0,0,0,0,0,0,0,0,0,0,0,0,0,0,0,0,0,0,0,0,0,0,0,0,0,0,0,0,0,0,0,0,0,0
0,0.176655058440753,0,0,0,0,0,0,0,0,0,0,0,0,0,0,0,0,0,0,0,0,0,0,-0.344168207240573,0,0,0,0,0,0,0,0,0,0,0,0,0,0,0,0,0,0,0,0,0,0,-4.7191789294416,0,0,0,0,0,0,0,0,-0.0228849948607581,0,0,0,0,0,0,-0.163559333277015,0,0,0,0,0,0,0,0,0,0,0,0,0,0,0,0,0,0,0,0,0,0,0,0.115275114664897,0,0,0,0,0,0,0,0,0,0,0,0,0,0,0,-0.110043554335784,0,-0.663944348223405,0,0,0,0,0,0,0,0,0,-0.830122163036017,0,0,0,0,2.05404202330273,0,0.0358996178706295,0,0,0,0,0,0,0,0,0,0,0,0,0,0,0,0,0,-0.545030372077291,-0.0361455670371391,0,0,0,0,0,0,0,0,-0.16354003248355,0,0,0,0,-1.08762319878269,0,0,0,0,0,0,0.835116635661098,0,0,0,0,0,0,0,0,0,0,0,0,0.418756487960908,0,0,0,0,0,0,0,0,0,0,0,0,0,0,-0.261349552939234,0,0,0,0,0,0,0,0,0
0,0.504460599011654,0,0,0,0,0,0,0,0,0,0,0,0,0,0,0,0,0,0,0,0,0,0,0,0,0.899088981889038,0,0,0,0,0,0,0,0,0,0,0.62699531459192,0,0,0,0,0,0,0,0,0,0,0,0,0,0,0,0.0676295786632641,0,0,0,0,0,0,0,0,0,0,0,0,0,0,0,0,0,0,0,0,0,0,0,0,0,0,0,0,0,0,0,0,0,0,0,0,0,0,0,0,0,0,0,0,0,0,0.0379926058050626,0,0,0,0,0,0,0,0,0,0,0,0,0,0,0,0,0,0,0,0,0,0,0,0,0,0,0,0,0,0,0,0,0,0,0,0,0,0,0,0,0,0,0,0,0,0,0,0,0,0.399368190362464,0,0,0,0,0,0,0,0,0,0,0,0,0.172821783117308,0,0,0,0,0,0,0,0,0,0,0,0,0,0,0,0,0,0,0,0,0,0,0,0.254624340262406,0,0,0,0,0,0,0.182833954258624,0,0,0,0,0
0,0.531210847151587,0,0,-0.0112480900927021,0,0,0,0,0,0,0,0,0,0,0,0,0,0,0,0,0,0,0,0,0,0.968478366407711,0,0,0,0,0,0,-0.553367677115159,0,0,0,0,0,0,0,0,0,0,0,0,0,0,0,0,0,0,0,0,0,0,0,0,0,0,0,0,0,0,0,0,0,0,0,0,0,0,0,0,0,0,0,0,0,0,0,0,0,0,-0.138606838152002,0,0,0,0,0,0,0,0,0,0,0,0,0,0,0,0,-0.0453323774094381,0,0,0,-0.235347803307849,0,0,0,0,0,0,0,0,0,0,0,0,0,0,0,0,0,0,0,0,0.830902906543436,0,0,0,0,0,0,0,0,0,0,0,0,0,0,0,0,0,0,0,0,0,0,0,0,0,0,0,0,0.0345371296608592,0,0,0,0,0,0,0,0,0,0,0,0,0,0,0,0,0,0,0,0,0,0,0,0,0,0,0,0,-0.169237355843429,0,0,0,0,0,0,0,0,0,0,0,0,0,0,0
0,-1.4676211379274,0,0,0,0,0,0,1.24759375535158,0,0,0,0.119906649529015,0,0,0,0,0,0,0,0.226780448835764,0,0,0,0,0,0,0.270831290283858,0,0,0,0,0,0,0,0,0,0,0,0,0,0,0,0,0,0,0,0,0,0,0,0,0,0,0.58472254311035,0,0,0.228655339272738,-0.769929406749915,0,0,0,0,0,0,-0.695518828419372,-0.151970168332203,0,0,0,0.789721580633314,0,0,0,0,0,0,-0.00710064721215597,0,0,0,0,-0.234219748804409,-0.936261250943951,-0.622951953752348,0,0,0,0,0,0,0,0,0,0,0,0,0,0,0,0,-0.951413919996998,0,0,0,0,0,0,0,0.0993520459627879,0,0,0.355707458175318,0,-0.110187871724673,0.212609907196954,0,0,0,-0.689507600493501,0.712700127931279,0,0,0,0,0,1.09342490062994,0,0,0,0,0.665971500624884,-0.611486391048405,0,-0.164609105958213,0,0,0,0,-0.350693700128148,0,0,0,0,0,0,0,0,0,0,-0.399147998032367,0,0,0,-1.17536770645749,0,0,0,0,0,1.6946257890322,0,-1.34814250547735,0,0,0,0,0,0,0,-0.747314874362787,0,0,-0.564669747683331,0,0.136557079201435,0,0,0,0,0,0,0,0,0.847187910682339,0,0,0,0,0,0,0,0,0,0,0,0,0,0,0
0,0,0,0,0,0,0,0,0,0,0,0,0,0,0,0,0,0,0,0,0,0,0,0,0,0,0,0,0,0,0,0,0,0.289296217256289,0,0,0,0.80366855387863,0,0,0,-0.327424368201665,0,0,0,0,0,0,0,0,0,0,0,0,0,0,0,0,0,0,0,0,0,0,0,0,0,0,0,0,0,0,0,0,0,0,0,0,0,0,0,0,0,0,0,0,0,0,0,0,0,0.771617996859225,0,0,0,0,0,0,0,1.77328238130828,0,0,0,0,0,-0.55877052922281,0,0,0,0,0,0,0,0,0,0,0,0,0,0,0,0,0,0,0,0,0,0,0,0,0,0,0,0,0,0,0,0,0,0,0,0,0,0,0,0,0,0,0,0,0,0,0,0,0,0,0,0,0,0,-1.85074071846733,0,0,0,0,0,0,0,0.512385584980234,0,0,0,0,0,0,0,0,0,0,0,0,0,0,-0.0917888362354473,0.101633987645913,0,0,0.696289866200668,0,0,0,0,0,0,0.00575600569597867,0,0,0,0,0
0,0,-0.460783400440449,0,0,0,0,0,0,0,-0.739615551578281,0,0,0,0,0,0,0.125957459578957,0,0,0,0,0,0,0,0,0,0,0,0,0,0,0,0,0,-0.00699825074275995,0,0.558365131030353,0,-0.0469436873352962,0,0,0,0,0,0,0,0,0,0,0,0,0,0,0,0,0,0,0,0,-0.165382014688677,0,0,0,0,3.20004806528328,0,0,0,0,0,0,0.185045061073656,0,0.396518686666613,0,0,0,0,0,0,0,0,-1.28018122356264,0,0,0,0,0,-0.390496332294182,0,0,0,0,0,0,0,0,-0.19601416926248,0,0,0.015997962337178,0,0,0,0,0,0,-1.23614972834136,0,0,0,0,0,-0.0238985866325043,-1.29854182691371,0,0,0,0,0,0,0,0,0,0,0,0,0,0,0,0,0.407178568320531,0,0,0,0,0,0,0,1.97031801671049,0,0,0,0,0,0,0,0,0,0.0431183089872602,0,0,0,0,0,0,0,0,0,0,0,0,0,0,0,0,0.731979155010769,0,0,0.0447104602567807,0,0,-0.00262861725483798,0,0,0,0,0,0,0,0,0,0,-0.481166651625465,0,0,0,0,0,0,0,0,0,0,-1.86206018391444,0,0,0,0
0,0,0,0,0,0,0,0,0,0,0,0,0,0,0,0,0,0,0,0,0,0,0,0,0,0,0,0,0,0,0,0,0,0,0,0,0,0,0,0,0,0,0,0,0,0,0,0,0,0,0,0,0,-0.293089288526084,0,0,0,-0.0899191373631039,0,0,0,0,0,0,-0.0761849443993303,0,0,0,0,0,0,0,0,0,0,0,0,0,0,0,0,0,0,0,-0.271296289354372,0,0,0,0,0,0,0.356093820331172,0,0,0,0,0,0,0,0,0,0,0,0,0,-0.319130905793058,0,0,0,0,0,0,0,0,-0.0657534934298878,0,0,0,0,0,0,0,0,0,0,0,0,0,0,0,0,0,0,0,0,0,0,0,0,0,0,0,0,0,0,0,0,0,0,0,0,0,0,0,0,0,0,0,0,0,-0.886919003732483,0,0,-0.07727020602517,0,0,-0.250103552045336,0,0,0,0,0,0,0,0,0,0,0,0,0,0,0.0218414236756752,0,0,-0.773864059065721,0,0,0,0,0,0,0,0,0,0,0,0,-0.017043082020008,0,0
0,0,0,0,0,0,0,0,0,0,0,0,0,0,0,0,0,0,0,0,0,0,0,0,0,0,0,0,0,-2.38690942161239,0,0,0,0,0,0,0,0,0,0,0,0,0,0,0,0,0,0,0,0,0,0,0,0,0,0,0,-0.372632962396942,0,0,0,0,0,-0.495611720458496,0,0,0,0,0,0,0,0,0,-0.0514919775756251,0,0,0,0,0,0,0.115834027292405,0,0,0,0,0,0,0,0,0,0,0,0,0,0,0,0,0,0,0,0,-0.762594064321105,0,0,0,0,0,0,0,0,0,0,0,0,0,0,0,0,0,0,0,0,0,0,0,0,0,0,0,0,0,0,0.822067597217833,0,0,0,0,0,0,0,0.223338575745377,0,0,0,0,0,0,0,0,0,0,0,0,0,0,0,0,0,0,0,0,0,-0.023254160011303,0,0,0,0,0,0,0,0,0,0,0,0,0,0,0,0,0,0,0,0,0,-0.125942248868867,0,0,0,0,0,0,0,0,0,0,0,0,0,0,0
0,0,0,0,0,0,0,0,0,0,0,-0.0691208597636177,0,0,0,0,0,0,0,-0.768714133936005,0,0,0,0,0,0,-0.347636604623546,0,0,-3.37363900039154,0,0,0,0,0,0,0,0,0,0.23498193466633,0,0,0,0,0,0,0,0,0,0,0,0,0,0,0,0.305396315189242,0,0,0,0,0,0,-0.109651616716403,-1.15768463612091,0,0,0,0,0,0,0,0,0,0,0,0.684009338362331,0,0,0,0,0,0,0,0,0,0,-1.37851652597405,0,0,0,0,0,0,0,0,0,0,0,0,0,0,-0.0752833702571847,0,0,0,0,0,0,0,0,0,0,0,0.439083520521665,0,0,0,0,0,0,0,0,-1.49523498346922,0,0,0,1.06117102574224,0,0,0,0,0,0.860063158609196,0,0,0,0,0,0,0,0.972621464773375,0,0,0,0,0,0,0,0,0,0,0,0,0,0,0,0,0,0,0,1.09982333601042,0,0,0,0,0,0,0,0.633211457161391,0.155937556385011,0,0,0,0,0,0,0,0,0,0.776128603407633,0,0,0,0.299075119003381,0,0,0,0,0,0,0,0,0,0,0,0,0,0,0,0
0,0,0,0,0,0,0,0,0,0,0,0,0,0,0,0,0,0.0231333448695814,0,0,0,0,0,0,0,0,0,0,0,0,0,0,0,0,0,0,0,0,0,0,0,0,0,0,0,0,0,0,0,0,0,0,0,0,0,0,0,0,0,0,0,0,0,0,0,0,0,0,0,0,0,0,0,0,0,0,0,0,-1.25094949422438,0,0,0,0,0,0,0,0,0,0,0,0,0,0,0,0,0,0,0,0,0,0,0,0,0,0,0,0,0,0,0,0,0,0,0,0,0,0,0,0,0,0,0,0,0,0,0,0,0,0,0,0,0,0,0,0,0,0,0,0,0,0,0,0,0,0,0,0,0,0,-0.126777096822964,0,0,0,0,0,0,0,0,0,0,0,0,0,0,0,0,0,0,0,0,0,0,0,0,0,0,0,0,0,0,0,0,0,0,0,0,0,0,0,0,0,0,0,0,0,0,0,0,0,0
0,0,0,0,0,0,0,0,0,0,0,0,0,0,0,0,0,0,0,-0.125158869322252,0,0,0,0,0,0,0.188546171791462,0,0,0,0,0,0,0,0,0,0,0,0,0,0,0,0,0,0,0,0,0,0,0,0,0,0,0,0,0,0,0.0284203682103386,0,0,0,0,0,0,0,0,0,0,0,0,0,0,0,0,0,0,0,0,0,0,0,0,0,0,0,0,0,0,0,0,0,0,0,0,0,0,0,0,0,0,0,0,0,0,0,0,0,0,0,0,0,0,0,0,0,0,0,0,0,0,0,-0.44651012625048,0,0,0,0,0,0,0,0,0,0,0,0,0,0,0,0,0,0.0537201454006355,0,0,0,0,0,0,0,0,0,0,0,0,0,0,0,0,0,0,0,0,0.208924438350041,0,0,0,0,0,0,0,0,0,0,0,0,0,0,0,0,0,0,0,0,0,0,0,0,0,0,0.354712345725711,0,0,0,0,0,0,0,0,0,0,0,0
0,-0.0117911505984041,0,0,0,0,0,0,0,0,0,0,0,0,0,0,0,0,0,0,0,0,0,0,0,0,0.540237460313661,0,0,0,0,0,0,0,0,0,0,0,0,0,0,0,0,0,0,0,0,0,0,0,0,0,0,0,0,0,0,0.493667948190974,0,0,0,0,0,0,0,-1.1565276068656,0,0,0,0,0,0,0,0,-0.0833406271792247,0.133635927015078,0,0,-0.545509244351362,0,0,0,0,0,0,0,0,0,0,0.10358759194449,0,0,0,0,0,0.133368829093156,0,0,0,0,0,0,0,0,0,0,0,0,0,0,0,0,0,0,0,0,0,0,0,0,0,0,0,0,0,0,0,0,0,0,0,0,0,0,0,0,0,0,0,0.279026662942578,0,0,0,0,0,0,0,0,0,0,0,0,0,0,0,0,0,0,0,0,0,0,0,0,0,0,0,0,-0.198036682628136,0,0,0,0,0,0,0,0,0,0,0,0,0,0,0,-0.0287326953079949,0,0,0,0,0,0,0,0,0,0,-0.0146741660902798,0,-0.275892639141915,0,0
0,0,0,0,0,0,0,0,0,0,0,0,0,0,0,0,0,0,0,0,0,0,0,0,0,0,0.302545328757646,0,0,0,0,0,0,0,0,0,0,0,0,0,0,0,0,0,0,0,0,0,0,0,0,0,0,0,0,0,0,0,0,0,0,0,0,0,0,0,0,0,0,0,0,0,0,0,0,0,0,0,0,0,0,0,0,0,0,0,0,0,0,0,0,0,0,0,0,0,0,0,0,0,0,0,0,0,0,0,0,0,0,0,0,0,0,0,0,0,0,0,0,0,0,0,0,0,0,0,0,0,0,0,0,0,0,0,0,0,0,0,0,0,0,0,0,0,0,0,0,0,0,0,0,0,0,0,0,0,0,0,0,0,0,0,0,0,0,0,0,0,0,0,0,0,0,0,0,0,0,0,0,0,0,0,0,0,0,0,0,0,0,0,0,0,0,0,0,0,0,0,0,0
0,0,0,0,0,0,0,0,0,-0.194216941753766,0,0,0,0,0,0,0,0,0,0,0,0,0,0,0,0,0,0,0,0,0,0,0,0,0,0,0,-0.250891892355825,0,0,0,0,0,0,0,0,0,0,0,0,0,0,0,0,0,0.444931201639174,0,-0.474777937206637,0,0.383686475705789,0,0,0,0,0,0,0,0,0,0,0,0,0,0,0,0,0,0,0.503368652481734,0,0.937544623683509,0,0,0,0,0,0,0,0,0,0.147888995373781,0,0,0,0,0,0,0,-0.0993987189650447,0,0,0,0,0,0,0,0,0,0,0,0,0,0,0,0,0,0,0,0,0,0,0,0,0,0,0,0,0,0,0,0,0,0,0,0,0.274669878493189,0,0,0,0,0,0,0,0,0,0,0,0,0,0,0,-0.0648460439887428,0,0,0,0,0,0,0,0,-0.604527372129442,0,0,0,0,0,0,0,0,0,0,0,0,-0.556618319933871,0.1698179212262,0,0,0,0,0,0,0,0,-0.207609162046339,0,0,0,0,0,0,0,0,-0.978314763759393,0,0,0,0,0,0,0
0,0,0,0,0,-1.70412290044134,2.41420220531397,0,-2.03679109636559,0,0,0,0,0,0.9496612007833,0,0,0,0,0,2.0014731753551,-2.27065184773265,0,1.95158508468344,-1.4575848137252,0,0,-0.756935452625493,0,0,-0.485145637314059,0,0,0,0,0.795877259049832,1.55229421797198,0.223956342237437,0,0,0,0,0,0,0,0,0,0.195016515787106,0,-2.11994404089046,1.37679472478597,0,0,0,0,0,0,0,0,0,4.06461702304149,0,0,0,0,0,0,0.0273421039967712,0,0,0,0,0,0,0,0,0,-6.16281368960538,0.617610675047777,3.67810792520125,0,0,-0.907598093666033,0,0,0,0,-3.23168325371021,0,-1.55872801752422,0,0,0,0,0.481261427356165,0,1.3882835729695,0.149478519948941,0,0.73365209528235,-0.207851489766934,-3.85322992087025,0,0,0,0,0,-0.0620305598621784,0,-0.252438546281935,0.228270105082701,0,0,0,-1.39026503439348,3.97027278939925,0,0,0,0,0.618318012241649,0,0,0,0,0,0,-14.1308050452782,-3.68962927376346,-0.314947810098347,0,0,0,0,-0.601352950784067,0,0.0164161027367202,0,0,0,0,1.01405370165338,-6.36755214033123,1.41118042458355,1.45578714953018,0,0,0,0,0,0,0,0,0,0,0,0,-1.39876598007995,0,0,0,0.0661193614756281,0,0,0,0,0,1.27337728522511,0,0,0,0.602681889796935,0,0,0,0,0,0.263159129542052,0,0,0,0,0,-1.5581236379245,0,0,1.50700065774974,-0.221492050706448,0,0,0,0,2.19877498171063,0,-2.51677625044042,0,0.0745973959497901,-4.67883450257686,0,0.92096351206296
0,0,0.224052693164913,0,0,-0.362413544970584,0,0,0,0,0,0,0,0,0.445178369577816,0,0,0,0,0.224275160243857,0.672869465006175,-0.429612004394645,0,0,0,0,1.46437338284233,0,0,0,0,0,0,-0.224897875025294,0,0,0,0,0,0,0,0,0,0,0,0,0,0,0,0,0,0,0,0,0,0.182697410895097,0,0,0,0,0.00281238267780792,0,0,0,0,0,0,0,0,0,0,0,0,0,0,1.01906588667775,0,-2.02650109937569,0,0,0,0,0,-0.82221702647854,0.122753236889874,0,0,0,0,0,0,0,0,0,0,0,2.26407514303598,0,0,0,0,-2.52563092014245,0,0,0,0,0,0,0,0,0,0,0,0,0,1.29961440012352,0,0,0,0.0907853283240372,0,0,0,0,0,0,0,-3.39447724674217,-0.0259448499403019,0,0,0,0,0.211539004875155,0,0,0,0,0,0,0,0,-2.99256346839651,0,0,0,0,0,0,0,0,0,0,0,0,0,0,0,0,0,0,0,0,0,0,0,0,0.136088655295765,0,0,0,0,0,-0.014439067685295,0,0,0,0,0,0,0,0,0,0,0,0,0,0,0,0,0,0,0,0,-0.668862528296486,0,0,-0.680799091431874,0,0
0,0,0,0,-0.203614094480812,0,0,0,0,0,0,0,0,0,0,0,0,0,0,0,0,0,0,0,0,0,0,0,0,0,0,0,0,0,0,0,0,0,0,0,0.309155675388145,0,0,0,0,0,0,0,0,0,0,0,0,0,0,0,0,0,0,0,0,0,0,1.3293265093742,0,0,0,0,0,0,0,0,0,0.715294825533448,0,0,0,0.115787245983603,0,0,0.0611736214497554,0,0,0,0.0156955404568957,0,-0.144880464670653,0,0,0,0,-0.114876772459208,0,0,0,0,0,0,0,0,0,0,0,0,0,0,0,0,0,0,0,0,0,0,0,0,0,-0.174246689413079,0,0,0,0,-0.155379598625518,0,0,0,0.940054885925583,0,0,0,0,0,0,0,0.0557939905450886,-0.501048240179371,0,0,0,0,0,0,0,0,0,0,0,0,0,0.0706830922277639,0,0,0,0,0,0,0,0,0,-0.126431675700193,0,0,0,0,0,-0.277292907978928,0,0,0,0,0,0,0,0,0,0.5469279319797,0,0,0,0,0,0,0,0.0510789341469406,0,0,0,0,0,0,0,11.5982321232126,0,0,0,0,0,0,0,0
0,0,0,0,0,-0.199625028724773,0,-0.528536320735152,0,0,0,0,0,0,0,0,0,0,0,0,0,0,0,0,0,0,0,-0.568604745341693,0,0,0,0,0,0,0,0,0,-0.262495309275548,0,0,0,0,0,0,0,0,0,0,0,0,0,0,0,0.141613419843202,0,0,0,0.896125103946531,0,0,0,0,0,0,0,1.47392534241935,0,0,0,0,0,0,0,0,0,0,0,-1.47699713119291,0,0,1.2600370254808,0,0,0,0,0,-1.43619166309906,0,0,0,0,0,0,0,0,0.0193362742384267,0,0,0,0,0,-0.718465663029024,0,0,0,0,0,0,0,0,0,0,0,-0.336804208282698,0,0,0,-1.27307178569241,0,0,0,-0.812938585130096,-0.0730005543910393,-0.244923596842,0,0,0,0,0,0.0678156395445346,0,0,0,0,0,0,0,0,0,0,0,0,0,0,0,0,0,0,0,0,0,0,0,0.333450370431959,0,0,0,0,0,0,0,0,0,0,0,0,0,0,0,0,0,0,0,0,0,0,0,0,0,0,0,0,0,0,0,0,0,0,0,0.51603587736329,0,0,0,0,0,0,0,0,0,0
0,0,0,0,0,0,0.852394126345577,0,0,0,0,0,0,0,0,0,0,0,0,0,0,0,0,0,0,0,0,0,0,0,0,0,0,0,0,0,0,0,0,0,0,0,0,0,0,0,0,0,0,0,0,0,0,0,0,0,0,0,0,0,0,0,0,0,-0.0194360938371152,0,0,0,0,0,0,0,0,0,0,0,0,0,0,0,1.64516635247902,0,0,0,0,0,0,0,0,0,0,0,0,0,0,0,0,0,0,-0.125056056883001,0,-0.0172350642965273,0,0,0,-0.105624577560097,0,0,0,0,0,0,0,0,0,-0.855948762439387,0,0,0,0,0,0,0,0,0,0,0,0,0,0,-0.361478439239213,0,0.0790849764594574,0,0,0,0,0,0,0,0,0,0,0,0,3.21189511089317,0,0,0,0,0,0,0,0,0,0.302137533034076,0,0,0,0,0,0,0,0,0,0,0.135881056181195,0,0,0,0,0,0,0,0,0,0,-0.511270894823041,0,0,0,0.457741588323909,0,0,0,0,0,0,0,0,0,0,0,0,0,0.332582992365814,0,-0.277287167519891,0,0
0,0,0,0,-0.206432516492936,0.435746280205706,1.54868766936047,0,0,0,0,0,0,0,0,0,0,0,0.421924647463054,0,0,0,0,0,0,0,-0.100765811772811,0,0,0,0.152864154641813,0,0,0,0,0,0,0.160781639760204,0,0.590436756233532,-0.233144666564321,-0.130570490004366,0,0,0.338767800616925,0,0.160775964146462,0,0,0,0,0,0,0,0,0,0,0,0,0.268057320898331,0,0,0,0,0,0,0,0,0.253705970836376,0,1.10178306785621,0,0,0,0,0,0,0,0,0,0,0,0,0,0,1.55545777095039,0,0,0,0.494975395343208,0,-0.211794436522792,0,0,0,0,0,0,0,-0.212927572006857,0,0,0,0,0,0,0,0,0,0,0,0,0,0,0,-0.819053912787805,0,-0.201702560327661,0,0,0,0,0,0,0,0,0,0,0,0,0,0,0,0,1.07381943688351,-0.638988651098233,-0.638243874087884,0,0,-0.0271321279500087,1.3970205261524,-0.433489598800948,0,-0.487255468438919,0,2.48631783179377,0,-1.31358513927965,0,0,3.98684148259002,0,0,0,0,0,-0.0499217404066101,0.0550185847471023,0,0,0,0,0,0,0,0,0.00168356850594176,0,0,-0.0700651673620984,0,0,0,0.292678592496002,0.215672660827883,0,0,-0.325960931267745,-0.294579168634678,0,0,0,0,0.890354904444403,-0.851217010160918,0,0,0,0.0041748563734878,0.0178135571936184,0,0,0,0,1.42685147630863,-0.315620593863022,0,-0.116009981573579,0,0
0,0,0.210758942458336,0,0,0,0,0,0,1.15378659036997,0,0,0,0,0,0,-0.201694771224427,0,0,0,0,0,0,0,0,0,-0.617265400159809,0,0,0,-0.01069459652282,0,0,0,0,0,0.297564750108013,0,0,0,0,0,3.66777475314811,0,0,0.533182150530813,0,0,0,0,0,0,0,0,0,0,0,0,0,0.176809956553463,0,0,0,-0.114777795582829,0,0,0,0,0,0,0,0,0,0,0,0,0,0,0,0.0392634530819247,0,0,0,0,0,0,0,0.690295728463454,0,0,0,0,0,0,0,0,0,0,-0.156267932181705,0,0,0,0,0,0,-0.017410553576904,0,0.084677352869363,0,0,0,0,0,-0.139830469015485,0,0,0,-0.0666995367074277,0,0,0,0,-0.0465890914434153,0,0,0,0,-1.07546298965742,0,0,0,0,0,0,0.407167210656831,0,0,0,0,0,0,0,0,0,0,0,0,0,0,0.413250841219418,0,0,0,0,0,0,0,0,0,0,0,0,0,0,0,0,0,0,0.449839789070508,0,0,0,0,0,0,0,0,0,0,0,0,0,0,0,0,0,0,0,0,1.24043497730365,0,0,0.0381224067906487,0,0,0,0,0,0,0
0,-0.0422367475831951,0,0,0,0,0,0,0,0,0,0,0,0,0,0,0,0,0,0,0,0,0,0.240655733779711,-1.41165391893752,0,0,0,0,-0.428052336729846,0,0,-0.977000725112557,0.517524736563322,0,0,0,-1.36598910815288,0,-0.173704278777584,1.48890490921615,0,0,0,1.37887476061605,0,0,0,0,-0.103665118336138,0,0,0,0.827629476034141,0,0,0,0,-0.223144827948989,0,0,0,0.252118322174943,0,-12.2417190540069,0,-0.194351897346331,0,-2.03501401557217,0,0,0,0,0,0,0,0,0,0,0,0,0,0,0,0.579629386878539,0,0,0,0,0,0,0,0,0.691292191550155,0,0,-0.228620062975775,0,1.03257161962348,0,-1.38183477850988,0,0,0,0,0,0,0,-1.22158696974756,0,0,0.134206347499724,0,0,0,0,0,-2.27174407243075,0,0,0,-0.204672945010084,0,0,0,0,0,3.89373426945515,0,0,0,0,0.79228195755094,0,-0.537406498897241,0,0,0,0,-1.03669610350935,0.533538336399924,0,0.00977835231309498,0.666590428944088,0,0,0,0,0,0,0,-0.301490446422027,0,0.0506081924373347,0,-0.027644061338469,0,0,1.03874252532398,0,0,0,0,0,0,0,0,0.94977804967983,0,3.70823324201059,0,0,-0.447895922631831,-0.111722869425132,-0.28380484369781,0.0363824641004031,0,0,0,0,1.53935649706737,0,0,0.246505140948174,0,-0.474256670701976,0,0,0,0,0.95633448604296,0,-0.444669062030882,-0.205360046447724,4.92762455260501,0,0,0,0,0
0,-0.237565008625864,-0.0819178928915665,0,0,0,0,0,-1.57169413602439,0,0,0,0,-0.266219497803766,-1.06111810395151,0.0469670921879151,0,0,0,0,0.183165073738476,0,0.0202563168027363,-4.74034378533647,0.0852442558120445,0,0,0,-0.495167906761982,1.99226585092641,-0.576873612449764,0,0,0.640189409502013,0,0.2114356368862,0.496758536365666,0,0,0,6.77252601275882,0,0.0624131588862811,1.00179463206604,0,0,0,0,0,0,0,0.741031158994365,-0.0975240388262379,0,0,-0.0148782492605448,0,0,5.95469554809039,0,0,-0.317154546105011,-0.63129351800688,-1.73973622394821,-4.35574117751975,0,0.0218759448961563,0,0,0.40301267784956,-0.310955924506483,0,0,0,0,0,0,0,0,-0.597516752676076,0,0,0,0,0,0.709258237332811,0,0,-1.37189199512453,0,0,0,0,0,0,0,0,-1.0116022149874,0,-0.376963101306373,-0.371733887602039,-0.497611512598433,0,0,0,0,0,0,0,0,0,0,-1.25086602408876,0,-0.749561344884205,0,9.16664313840233,0,0,-4.64414559795569,1.1535384176722,0,-0.909585677411771,0.130803823639653,0,0,-0.194655937949132,0,0,0,0,0,0,0,0,-1.49751937165152,0,0.238579121240879,0,-0.524083615803612,0,0,0,1.24859899166878,0,0,0,0.241561374768014,0,0.993890456730699,0,0,0,0,0,0,0,0,0.533506212285467,0,0.261138441531625,0,0,0,0,0,0,0.168421561081032,0,0,0,0.561091461456255,0,0,0,0,-1.24268224704521,0,0,-1.88077199328142,0,-0.0176193735829353,0,0,0,0,0,0.0317808426350445,0,0,0,0,0.809689279907986,0,0,0,0,0,0,0
0,-0.464599047390908,0,0,0,0,0,0,-1.86028842894388,0,0,0,0,0.819465391862804,-1.68992265179599,0,0.0605684348008129,0,0,0,0,0,0,-3.44576768665008,0,0,0,0,-1.91698170325148,0.912411127684261,0,0,-0.10187640092656,0,0,0,2.17867070784188,0,0,0,8.19702746213878,0.481009077599565,0,0.31514816020426,0,0,2.76308189341052,0,0,0,0,1.67893415173492,0,0,0,-0.435988746831147,0,0,8.28846986942855,0,0,4.03561141136466,-1.16213791188739,-1.67445460435265,-2.63298087003339,0,0,-0.123824343324856,0,1.24366586590163,-2.06524724474463,0,0,0,0.0369664811939221,0,0,-0.167090636122772,0,0,-0.215358245870509,0,0,0,0,0,0,-1.413994101151,0,0.273997844648476,0,0,0.419757228094913,0,0.219454749007644,0,0,-1.95830705713864,0,0,0,0,0,0,-0.434071061495173,0,0.057707497815618,-0.289868269672418,0,1.02259132625468,0,0.482771131452935,-1.24669576695561,-0.32216980267248,-2.25921605065251,0,2.26816218095963,0,0,-5.66870753923055,0,0,0,0,0,0,0,0,0,-0.217804375817555,0,0,0,0,-4.47246946332729,-1.52465838688398,0,0,0,0,0,0,0,0,0,0,0,0.306649261855189,-0.145855310055136,1.02906192735089,0,0,0,0,0,0,0.0920397562960149,1.04323450849726,0,0,0,0,0.226666245398853,0,0,0,0,0,0,0,0,0,0,0,0,-0.423732648344724,-1.09331352532896,-1.1853698764047,-0.885594513113461,-0.762265065449843,0,0,0.142283752180118,0,0.482522609092323,0.307802518996356,0.733026658330398,0.315661836918777,0,0,-0.834285209570907,0,0,0,0,0,1.11365336819565,0,0.154925705466647,0
0,0,0,0,0,-0.31501150855589,-1.06506171798042,-0.907105823985179,0,1.2124397873775,0,0,0,0,0,0,0,0.434939964973352,0,-1.51414005113297,0,0,0,-0.346004501013751,-1.75280164219777,-1.6665654678964,0,0,0,0.211387139128999,0,0,0,0.0532646739942586,0,0,1.43410149335794,0,0,0,4.17834222569741,0,0,0,0.335299458592443,0,0.0266246659526157,0,0,0,0,0,0,0,0,0,0,-0.120802957527819,10.3161252869164,0,0,4.0783836765817,0,0,0,-0.199805704203067,0,0,0,0,0,0,0.361871453525052,0,0,-0.328302557916606,0,0,0,0,0,0,0,-0.286859372311595,0,0,0,0,0,0,0,0,0,0,0,0,0,0,0,-2.01067895718397,0,0,0.480322657579156,0,0,0,0,0,-0.861100896478485,0,0,0,-0.185069394946438,0,-2.65764432281164,0,0,0,0,-2.1121013274737,2.31772183692175,0,0,0,0,0,0,0,0,0,0,-0.799670422742766,0,0,0,0,0,0,0,-0.0174450877229537,3.49975118437655,0,0,0,0,0,0,1.42447365182691,-0.31453583945185,0,0,0,1.58186410720789,0,0.0494707750164467,0,0,0,0,-0.409116877578718,0,0,0,1.24735341244159,0,0,0,0,2.73739827247689,0,0,0,0,0,0,0,-2.62395295037164,-0.511355908143861,-1.33541685276261,1.45624842225241,0,0,0,1.53327161523097,0.598046080738812,0,0,-0.0454512248255177,0,0,0,0,0,-0.748288784161016,0,0,0,0,0,0
0,0,0,0,0.0259506113377457,0,0,0,0,0,0,0,0,0,0,0,0,0,0,-0.402281350988524,0,0,0,0,-0.170454549952124,0,0,0,0,0,0,0,0,0,0,0,0,0,0,0,1.21357018923229,0,0,0,0,0,0,0,0,0,0,0,0,0,0,0,0,0,2.72350883409944,0,0,0.0731434080425919,0,0,0,0,0,0,0,0,0,0,0,0,0,0,0,0,0,0,0,0,0,0.469632065598582,0,0,-0.376701524132098,0,0,0,0,0,0,0,0,0,0,0,0,-0.0314442490247302,-0.259738968028787,0,0,0,0,0,0,1.09354123532258,0,0,0,0,0,0,0,0,0,0,0,0,0,0,0,0,0,0,-0.172934606104988,0,0,0,0,0,0,0,0,0,0,0,0,-0.0831094553555598,0.997694728150406,0,0,0.298042280993803,0,0,0,0,0,0,0,0,0,0,0,0,0,0,0,0,0,0,0,0,0,0,0,0,0,0,0,0,0,0,0,0,0,0,0,1.52389601324504,0,0,0,0,0,0,0,0,0,0,0,0,0,0,0,0,0,0,0,-0.0489331681281322
0,0.396482760764991,-1.1151297016168,0,0,-1.01207980101058,-2.09622346366316,0,0,1.01246291206597,0,0,2.00120488885742,0.666115486611575,0.629739401559777,0,0,0,-0.482976568286308,-0.253204514352791,1.69548894537341,0,0,0,-0.751431536189206,-4.02522697441107,-0.196651025219174,0.0124749403556843,0.894389037955302,0,-1.73114266036496,0,0,0,0,0,0,0,0,0.28197831942805,1.59237023169724,-1.07941010066631,0,0,-0.827503689864806,2.12552005080409,0,0,0,0,0,-4.35701981948105,0.810554395810002,0.798249870716582,0,-0.460444973130249,-0.388190296932286,0.278632840814262,1.81326472268937,0,0.233420607511479,0,0,-0.979635322182661,-0.671093181754715,0,0,0,0,0,-0.685247071783019,0.237162039868093,0,0.0697300315788243,0,0,0,0,0,-1.77335628966724,0,0,0,0,0,0,0,0,0,-2.70537997488843,0.542273744412363,-0.857286548578542,0.176578846247819,0.0747889661238965,1.42469402740126,0,0,0,0,1.75698250167072,-0.0804938231355314,0,0,0,0,0,0,1.50619993534214,0.136583882690468,0,0,2.25467696833126,0,0,0,-1.13895521720546,-1.16553181787512,0,0,0.162766217574664,0,-0.132543405676635,0,0,0,0.835144135362463,0.116812775914058,-0.692442889011034,0,0,0.568821428699644,3.11708664131149,0,0,1.83891255541033,1.4722299174863,0,0,0,0.291160656126876,4.38021501129094,0.222860572219825,0,0,-0.136413820937538,0,0,0,0,-0.313276716774983,0,0,1.9333499556548,0.815739327276976,0,0,0,-0.928036865271244,0,2.95556697616822,0,0,-1.40696577218287,0,0,0,-0.626309502192244,-1.5466334464809,0,0,0.0136677835372079,0,0,3.15404986017969,0,0,1.32235231931399,0,0,2.58144506640724,0,0.540383823603981,0.0162448770196204,0,0,0,1.27808661216887,-0.615577022404074,0,0,-1.65035500954263,0,0,0,0,-4.04582598759453,0,-2.49501312182097,0,0
0,-0.423074023229943,0,0,-0.120558294562903,0,0,0,0,0,-0.194205194219228,0,0,0,0,0,0,0,0,0,0,0,0,0,0,-0.566253556310979,0,0,0.272437366389246,0,-0.541845906680759,0,0,0,0,0,0,0,0,0,0,0.15367977705176,0,0,-0.643941843689023,0,-1.70435500514062,0,0,0,0,0,0,0,0,0,0.291064076199242,0,0,0,0,0,0,0,0,0,0,0,0,0,0,0,0,0,0,0,0,0,0,0,0,0,0,0,0,0,0,0,0,0,0,0,0,-0.0728808595929578,0,-0.110870850676776,0,0,0,0,0,0,0,0,0,0,0,0,0,0,0,0,0,0,0,0,0,0,0,0,0,0,0,0,0,0,0,0,0,0,0.131584180549155,0,0,0,0,0,-0.265044214603235,0,0,-0.0855668216215564,0,0,0,0.811665076328733,0,0,0,0.246882838747899,0,0,0,0,0,-0.061587380978728,0,0,0,0,0,0,0,0,0,0,0,0,0,0,0,0,0,0,0,0.643796594992957,0,0,0,0,0,0,0,0,0,0,0,0,0.107886117037724,0,0,0,0,0,-0.0173479360179853,0,0,0,0,0,0.997469509460079,0
0,-0.540961154069008,0,0,0,0,0.0522655293656604,0,0,0,0,0,0,0,0,0,0,0,0,0,0,0,0,0,0,0,0,0,0.714441547905324,0,-0.214818090211635,0,0,-1.08802366154949,0,0,0,0.352124786795345,0,0,0,0,0,0,0,0,-0.78067185082939,0,0,0,0,0,0,0,0,0,-0.364073005386604,0,0,0,0,0,0,0,0,0,0,0,0,0,0,0,0,0,0,0,0,0.0533127151642221,0,0,0,0,0,0,0,0,0,0,0,0,0,0,0,0,0,0,0,0,0,0,0,0,0,-0.582195005090263,0,0,0,0,0,0,0,0,0,0,0,0,0,0,0,0,0,0,0,0,0,0,0,0,0,0,0,0,0,0,0,0.639366915371257,-0.857451538824829,0,0,0,0,0,0,0,0,0,0,0,0,0,0,0,0,0,0,0,0,0,0,0,0,0,0.475760498542432,0,0,0,0,0,0,0,0,0,0,0,0,0,0.600265671727996,0,0,0,0,0,0,0,0,0,-0.228571673466982,0.0710916031174662,0,0,0,0,0,0.285211370280017,0,0,0,0,0,0
0,0,-0.0796209690921261,0,0,0,0,0,0,0,0,0,0,0,0,0,0,0,0,0,0,0,0,0,0,0,0,0,0,0,-0.226976471180955,0,0,0,0,0,0,0,0,0,0,0,0,0,-0.332869274557525,0,0,0,0,0,0,0,0,0,0,0,0,0,0,0,0,-0.196383608972337,-0.128729497574564,0,0,0,0,0,0,0,0,0,0,0,0,0,0,0,-0.552643002373368,0,0,0,0,0,0,0,0,0,0,0,0,0,0,0,0,0,0,0,0,0,0,0,0,0,0,0,0,0,0,0,0,0,0,0,0,0,0,0,0,0,0,0,0,0,0,0,0,0,0,0,0,0,0,0,0,0,-0.127085646412385,0,0,0.226285685339829,0,0,0,0,0,0,0,0,0,0,0,0,0,0,0,0,0,0,0,0,0,-0.116380044915548,0,0,0,0,0,0,0,0,0,0,0,0,0,0,0,0,0,0,0,0,0,0.0441721198470253,0,0,0,0,0,0,0,0,0,0,0,0,0,0,0,0
0,0,0,0,0,0,0,0,0,0,0,0,0,0,0,0,0,0,0,0,0,0,0,0,0,0,0,0,0,0,0,0,0,0,0,0,0,0,0,0,0,0,0,0,0,0,0,0,0,0,0,0,0,0,0,0,0,0,0,0,0,0,0,0,0,0,0,0,0,0,0,0,0,0,0,0,0,0,0,0,0,0,0,0,0,0,0,0,0,0,0,0,0,0,0,0,0,0,0,-0.0287782849451983,0,0,0,0,0,0,0,0,0,0,0,0,0,0,0,0,0,0,0,0,0,0,0,0,0,0,-0.0960913633390439,0,0,0,0,0,0.00581028812439621,0,0,0,0,0,0,0,0,0,0,0,0,0,0,0,0,0.0265631037820577,0,0,0,0,0,0,0,0,0,0,0,0,0,0,0,0,-0.704237373554069,0,0,0,0,0,0,0,0,0,0,0,0,0,0,0,0,0,0,0,0,0,0,0,0,0,0,0,0,0,0,0,0,0
0,0,-0.644795837083482,0,0,0,0,0,0,0,-0.895085551798926,0,0,0,0,0,0,-0.0737873263634257,0,0,0,0,0,0,0,0,0,0,0,0,0,0,0,-0.529964534206672,0,0,0,0,0,0,0,0.0322960099196479,0,-0.195435300593734,0,0.21593292383706,0,0,0,0,0,0,0,0,0,0,0,0,0,0,0,0,0,0,0,0,0,0,0,0,0,0,0,0,0,0,0,0,0,0,0,0,0,0,0,0,0,0,0,0,0,0,0,0,0,0,0,0,0,0,0,0,0,0,0,0,0,0,0,0,0,0,0,0,0,0,0,0,0.160933742342329,0,0,0,0,0,0,0,0,0,0,0,0,0,0,0,0,0,-1.68106459129799,0,0,0,0,0,0,0,0,0,0,0,0.368124655841795,0,0,0,0,0,-0.65966811866066,0,0,0,0,0,0,0,0,0,0,0,0,0,0,0,0,0,0,0,0,0,0,0,0,0,0,0,0,0,0.260367401273821,0,0,0,0,0,0,0,0,0,0,0,0,0,0,0
0,0,0,0,0,0,0,0,0,0,0,0,0,0,0,0,0,0,0,0,0,0,0,0,0,0.853992033110827,0,0,0,0,-0.0972305525225898,0,0,0,0,0,0,0,0,0,0,0,0,0,0,0,-0.252890050485366,0,0,0,0,0,0,0,0,0,-0.894129646185934,0,0,0,0,0,0,0,0,0.106966239279018,0,0,0,0,0,0,0,0,0,0,0,0,0,-0.0771477138183048,0,0,0,0,0,0,0,0,0,0,0,0,0,0,0,0,0,0,0,0,0,0,0,0,0,0,0,0,0,0,0,0,0,0,0,0,0,0.166020792172227,0,0,0,-0.241033319038398,0,0,0,0,0,0,0,0,0,0,0,0,0,0,0,0,0,0,0,0,0,0,0,0,0,0,0,0,0,0,0,0,0,0,0,0,0,0,0,0,0,0,0,0,0,0,0,0,0,0,0,0,0,0,0,0,0,0,0,0,0,0,0.317185513384308,0,0,0,0,0,0,0,0,0,0,0,0,0,0,0
0,0,0,0,-0.323411885774344,0,0,0,0.799163625304929,0.549695568779216,0.134999850081375,0,0,0,0,0,0,0,0,0,0,0,0,0,-0.603546640998817,-0.628694925832772,0,0,0.301348069168542,0,-1.55818712118624,0,0,0,0,0,0,0,0,0,0,0.0943626820751244,0,0.308649570729872,0,0,0,0,0,0,0,0,0,0,0,0,0,0.50069889379039,0,0,0,0,0.101492082987982,0,0,0.405669264522784,0,0,0,0,1.27463173954959,0,0,0.276732483043941,0,0,0,0,0,0,0,-0.141211038020198,0,0,0,0,0,0,0,0,0,0,0,0,0.381147680144475,0.121917611964688,0,0,0,0,0,0,0,0,0,0,0,0,0,0,0,0,0,0,0,0,0,0,0,0,-2.49357691924828,0.52346893205187,0,0,0,0,0,0,0,0,0,-0.582056110248532,0,0,0,0,0,0,0,1.17570834143786,0,0,0.164324878725928,0,0,0,0,0,0,0,0,0,0,0,0,0,0.09139871072955,0,0.11185483282233,0,0.865488108214948,0,0,0,0,0,0,-1.76689114232817,-1.08487652505881,0,0,0,0,-1.13595680076139,0,0,-0.354593555009153,0,0,0.501443298757197,-0.355173679551704,0,0,0,0,0.0179197864528566,0,-0.262434270508202,0,0,0.449506846961172,0,0.0694573804380574,0,0,-1.40868304881851,0,-0.338826793885849,1.29202218931199,0.682930341995463
0,-0.595987810855812,-0.676721298350161,0,0,0,0,0.355670150046758,0,0,0,0,0,0.159180926965357,0.168975669441718,0,0,0,0,0,0,0,0,0,0,-1.65346771794486,0,0,0,0,-0.251171107807355,0,0,0,0,0,0,0,0,0,0,0,0,0,0,0,0,0,0,0,0,0,0,0,0,0,-0.295533126536559,0,0,0,0,0,0.256821907365009,0,0,0,0,0,0,0,0,0,0,0,0,0,0,0,0,0,0,0,0,0,0,0,0,0,0,0,0,0,0,0,-0.144026862794987,0,0,0,0,0,-0.640111724997037,0,-0.39626504448555,0,0.828365797513865,0.0924890580835867,0,0,-0.0717838840068918,0,0,0,0,0,0,0,0,0,0,0,-1.00262224589969,0,0,0,0,0,0,0,0.249842129318873,0,0,0,0,0,0,0,0,0,0,0,0,0,0,0,0,0,0,0,0,0,0,0,0,0,0,0,0,0,0,0,0,0,0,0,0,0,0,0,0,0,0,0,0,0.623773912598602,0,0,0,0,0,0.0128995330393018,0,0,0,0,0,0,0,0,0,0,0.0782675606755672,0,0,0,0,0,0,0,0.265570661189462,0.181633328415792
0,0,0,0,0,0,0,0,0,0,0,0,0,0,0,0,0,0,0,0,0,0,0,0,0,-0.305369224377511,0,0,0,0,0,0,0,0,0,0,0,0,0,0,0,0.631805043988297,0,0,1.03971252108466,0,-1.84089060643777,0,0,0,0,0,0,0,0,0,0,0,0,0,0,0,0,0,0,0,0,0,0,0,0,0,0,0,0,0,0,0,0,0,0,0,0,0,0,0,0,0,0,0,0,0,0,0,0,0,0,0,0,0,0,0,0,0,0,0,0,-0.0021145443642141,0,-0.135184850882563,0,0,0,0,0,0,0,0,0,0,0,0,0,0,0,0,0,0,0,0,0,0,0,0,0,0,0,0,0,-0.15972888040265,0,0,0,0,0,0,0,0,0,0,0,0,0,0,0,0,0,0,0,0,0,0,0,0,0,0,0,0,0,0,0,0,0,0,0,0,0,0,0,0,0,0,0,0,0,0,0,0,0,0,0,0,0,0,0,0,0,0,0,1.43121077761119
0,0,0,0,0,0,0,0,0,0,0,0,0,0,0,0,0,0,0,0,0,0,0,-0.135935552153473,0,-0.363094588683058,0,0,0.639367767500082,0,0,0,0,0,0,0,0,0,0,0,0,0.328665120628266,0,0,-0.550252349694477,0,-1.06388817365034,0,0,0,0,0,-0.810081727971142,0,0,0,0,0,0,0,0,0,0,0,0,0,0,0,0,0,0.280689999923952,0,0,-0.00432716623182405,0,0,0,0,0,0,0,0,0,0,0,0,0,0,0,0,0,0,0,0,-0.486072637817134,0,0,0,0,0,0,0,0,0,0,0,0,0,-0.0304163941636648,0,0,0,0,0,0,0,0,0,0,0,0,-0.594756762496228,0,0,0,0,0,0,0,0,0,0,0,0,0,0,0,0,0,-0.580973597375417,0,0,0,0.753691488115566,0,0,0,0,0,0,0,0,0,0,0.0201555453873885,0,0,0,0,0,0.274556034787286,0,0,0,0,0,0,0,0,0,0,0,0,0,0,0,0,0,0,0,0,0,0,0,0,0,0,0,0,0,0,0,0,0,0,0,0,0,0,0.259069454548003
0,0,-1.31401420250284,0,0,0,0,0,0.746868474797671,-0.464393378791034,0,0,0.390438012321048,0,0,0,0,0,0,-0.692324149633157,0,0,0,0,0,0,0,0,0.374454141868152,0,0,0,0,0,0,0,0,0.250375132263353,0,0,0.411326567660358,0,0,0,2.49417620210992,0.897916369067254,0,0,0,0,0,0,0,0,0,0,-0.153953051625905,0,0,0,0,0,0,0.0529587441489856,0,0.749203325598652,0,-0.612015133956915,0,0,0,0,0,0,0,0,0,0,0,0,0,0,0,0,0,0,0,0,0,0,0,0,0,0,-1.45915324767544,0,0,-0.0290143791915254,0,0,0,-0.831028757621765,0,0,0,0,0,0,-1.44428301832001,0,0,0,0,0,0,0,0,0,0,0,0,-2.14839927034327,0.116377100689024,0,0,0,0,0,0,-0.305021610949408,0,-1.87781254687437,0,0,-0.152887653969133,0,0,0,0,0,-0.358918517888318,0,0,0.0904463561206981,0,0,0,-0.908819451032005,0,0,0,0,0,0,-2.78087473706887,0.0527594183994962,0,0,0,0,0,0,0,0,0,0,0,1.89371985293918,-1.39013194685634,0,0,0,0,-0.235703276057172,0,-0.973419807951562,-0.440963521871774,-0.0588030322609312,0,0,0,0,0,0.679855301301611,0,0,0.261532676941037,0,0,0.0827188342547163,0,0,-3.80387887006204,0,0,0,0,0,0,0
0,0.217765989534675,-0.684182174800679,0,0,-0.00819619231977553,0,-0.0739720593755706,0,0,0,0,0,0,0.165157141166643,0,0,0,0,-0.263326407571244,0,0,0,0,0,0,0,0,0,0,0,0,0,0,0,0,0.302359689923993,0,0,0,0.647883576564115,0,0,0,0,0,0,0,0,0,0,0,0,0.148610443476321,0,0,0,0,0,0,0,0,0,1.23684455967943,0,0,0,0,0,0,0,0,0,0,0,0,0,0,0,0,0,0,0,0,0,0,-0.818469244842051,0,0,0,0,0,0,0.0648442862760756,-1.79193233781231,0,-1.37736611706642,0,-0.5543862166566,0,0,-0.97569509233539,0,0,0,0,0,1.68270294338866,-4.00244036677295,0,0,0,0,0,0,0,0,0,0,0,0,-0.141883310249717,0,0,0,0,0,0,0,-1.38313122087113,0,-0.2293659520022,0,0,0,0,-0.307638040484229,0,0,0,-3.17321776855724,0,0,0,0,0,0,0,0,0,0,0,0,0,-1.76129591641245,0,0,0,-0.111527495978054,0,-0.158273757862154,0,0,0,0,0,0,0.327860292527621,0,-7.6827868922077,0.200297929737743,0,0,0,0,0,0,0,0,-0.438828750252316,0,0,0,0,0,0,0,0,0,0.662146979294876,0,0,-3.9452032788318,0,0,0,0,-1.03777863762247,0,0.252742953440742
0,0,0,0,0,0,0,0,0,0,0,0,0,0,0,0,0,0,0,0,0,0,0,0,0,0,0,0,0,0,0,0,0,0,0,0,0,-0.0870321162553989,0,0,0,0,0,0,0,1.61800201085099,0,0,0,0,0,0,0,0,0,0,0,0.23431624069005,0,0,0,0,0,0,0,0,0,0,0,0,0,0,0,0,0,0,0,0,-0.95466824632355,0,0,-0.119081405601981,0,0,-0.0165080210118473,0,-1.5404967011522,0,0,0,0,0,0,0,0,0,0,0,0,0,0,0,0,0,0,0,0,0,0,0,0,-0.136169227433323,0,0,0,0,0,0,0,0,-0.352813099718997,0,0,0,0,0,0,0,0,0,0,0,0,0,0,0,0,0,0,0,0,0,0,0,0,0,0,0,0,0,0,0,0,0,0,0,0,0,0,0,0,0,0,0,0,0,0,0,0,0,0,0,0,0,0,0,0,0,0,0,0,0,0,0,0,0,0,0,0,0,0,0,0,0,0,0,0,0,0,0
0,0,0,0,0,0,0,0,0,0,0,0,0,0,0,0,0,0,0,0,0,0,0,0,0,0,0,0,0,0,0,0,0,0,0,0,0,0,0,0,0,0,0,0,0,0,0,0,0,0,0,0,0,0,0,0,0,0,0,0,0,0,0,0.0786468984411521,0,0,0,0,0,0,0,0,0,0,0,0,0,0,-0.0850857253736477,0,0,0,0,0,0,0,-0.407224816372664,0,0,0,0,0,0,0,0,0,0,0,0,0,0,0,0,0,0,0,0,0,0,0,0,0,0,0,-0.0507411830204174,0,0,0,0,0,0,0,0,0,0,0,0,0,0,0,0,0,0,0,0,0,0,0,0,0,0,0,0,0,0,0,0,0,0,0,0,0,0,0,0,0,0,0,0,0,0.099995275249857,0,0,0,0,0,0,0,0,0,0,0,0,0,0,0,0,0,0,0,0,0,0,0,0,0,0,0,0,0,0,0,0,0,0,0,0,0,0,0
0,0,0,0,0,0,0,0,0,0,0,0,0,0,0,0,0,0,0,0,0,0,0,0,0,0,0,0,0,0,0,0,0,0,0,0,0,0,0,0,0,0,0,0,0,0,0,0,0,0,0,0,0,0,0,0,0,0,0,0,0,0,0,0,0,0,0,0,0,0,0,0,0,0,0,0,0,0,0,0,-0.00251593404464301,0,0,0,0,0,0,0,0,0,0,0,0,0,0,0,0,0,0,0,0,0,0,0,0,0,0,0,0,0,0,0,0,0,-0.221077652533581,0,0,0.0782561199418745,0,0,0,0,0,0,0,0,0,0,0,0,0,0,0,0,0,0,0,0,0,0,0,0,0,0,0,0,0,-0.0514882157204353,0,0,0,0,0,0,0,0,0,0,0,0,0.587174896161573,0,0,0,0,0,0,0,0,0,0,0,0,0,0,0,0,0,0,0,0,0,0,0,0,0,0,0,0,0,0,0,0,0,0,0,0,0,0,0
0,0,0,0,0,0,0,0,0,0,0,0,0,0,0,0,0,0,0,0,0,0,0,0,0,0,0,0,0,0,0,0,0,0,0,0,0,0,0,0,0,0,0,0,0,0,0,0,0,0,0,0,0,0,0,0,0,0,0,0,0,0,0,0,0,0,0,0,0,0,0,0,0,0,0,0,0,0,0,0,-0.0813165986791504,0,0,0,0,0,0,0,0,0,0,0,0,0,0,0,0,0,0,0,0,0,0,0,0,0,0,0,0,0,0,0,0,0,0,0,0,0,0,0,0,0,0,0,0,0,0,0,0,0,0,0,0,0,0,0,0,0,0,0,0,0,0,0,0,0,0,0,0,0,0,0,0,0,0,0,0,0,0,0,0,0,0,0,0,0,0,0,0,0,0,0,0,0,0,0,0,0,0,0,0,0,0,0,0,0,0,0,0,0,0,0,0,0,0,0,0,0,0,0
0,0,0,0,0,0,0,0,0,0,0,0,0,0,0,0,0,0,0,0,0,0,0,0,0,0,0,0,0,0,0,0,0,0,0,0,0,0,0,0,0,0,0,0,0,-0.212170624571505,0,0,0,0,0,0,0,0,0,0,0,0,0,0,0,0,0,0,0,0,0,0,0,0,0,0,0,0,0,0,0,0,-0.732147286017145,0,0,0,0,0,0,0,0,0,0,0,0,0,0,0,0,0.201933427879933,0,0,0,0,0,0,0,0,0,0,0,0,0,0,0,0,0,0,0,0,0,0,0,0,0,0,0,0,0,0,0,0,0,0,0,0,0,0,0,0,0,0,0,0,0,0,0,0,0,0,0,0,0,0,0,0,0,0,0,0,0,0,0,0,0,0,0,0,0,0,0,0,0,0,0,0,0,0,0,0,0,0,0,0,0,0,0,0,0,0,0,0,0,0,0,0,0,0,0,0,0,0,0,0
0,0,0,0,0,0,0,0,0,0,0,0,0,0,0,0,0,0,0,0,0,0,0,0,0,0,0,0,0,0,0,0,0,0,0,0,0,0,0,0,0,0,0,0,0,0,0,0,0,0,0,0,0,0,0,0,0,0,0,0,0,0,0,0,0,0,0,0,0,0,0,0,0,0,0,0,0,0,0,0,0,0,0,0,0,0,0,0,0,0,0,0,0,0,0,0,0,0,0,0,0,0,0,0,0,0,0,0,0,0,0,0,0,0,0,0,0,0,0,0,0,0,0,0,0,0,0,0,0,0,0,0,0,0,0,0,0,0,0,0,0,0,0,0,0,0,0,0,0,0,0,0,0,0,0,0,0,0,0,0,0,0,0,0,0,0,0,0,0,0,0,0,0,0,0,0,0,0,0,0,0,0,0,0,0,0,0,0,0,0,0,0,0,0,0,0,0,0,0,0
0,0,0,0,0,0,0,0,0,0,0,0,0,0,0,0,0,0,0,0,0,0,0,0,0,0,0,0,0,0,0,0,0,0,0,0,0,0,0,0,0,0,0,0,0,0,0,0,0,0,0,0,0,0,0,0,0,0,0,0,0,0,-0.250092490947567,0,0,0,0,0,0,0,0,0,0,0,0,0,0,0,0,0,0,0,0,0,0,0,0,0,0,0,0,0,0,0,0,0,0,0,0,0,0,0,0,0,0,0,0,0,0,0,0,0,0,0,0,0,0,-0.353419871774031,0,0,0,0,0,0,0,0,0,0,0,0,0,0,0,0,0,0,0,0,0,0,0,0,0,0,0,0,0,0,0,0,0,0,0,0,0,0,0,0,0,0,0,0,0,0,0,0,0,0,0,0,0,0,0,0,0,0,0,0,0,0,0,0,0,0,0,0,0,0,0,0,0,0,0,0,0,0,0,-0.0806277821537977,0,0
0,0,0,0,0,0,0,0,0,0,0,0,0,0,0,0,0,0,0,0,0,0,0,0,0,-0.140181985369559,0,0,0,0,0,0,0,0,0,0,0,0,0,0,0,0,0,0,0,0,0.0173237027721964,0,0,0,0,0,0,0,0,0,0,0,0,0,0,0,0,0,0,0,0,0,0,0,0,0,0,0,0,0,0,0,0,0,0.426839620331027,0,0,0,0,0,0,0,0,0,0,0,0,0,0,0,0,0,0,0,0,0,0,0,0,0.432751784985392,0,0,0.231486046387753,0,0,0,0,0,0,0,0,0,0,0,0,0,0,0,0,0,0,0,0,0,0,0.0873677117534983,0,0,0,0,0,0,0,0,0,0,0,0,0,0,0,0,0,0,0,0,0,0,0,0,0,0,0,0,0,0,0,0,0,0,0.042332744565885,0,0,0,0,0,0,0,0,0,0,0,0,0,0,0,0,0,0,0,0,0,0,0,0,0,0,0,0,0,0,0,0,0
0,-0.541947942990884,-0.914906030307428,0,0,0,0,0,0,0,0,0,0,0,0,0,0,0,0,0,0.150731892267169,0,-0.46726766622359,0,-0.559865839702999,-2.52116859758923,0,0,0,0,0,0,0,0,0,0,0,0,0,0,0,0,-0.201231638994056,0,0.29941062042724,0,-0.526429066426502,0,0,0,0,0,0.919379442819445,0,0,0,-1.25117433630055,0,0,0,0,-0.31398096198684,1.90066362344597,0,0,0,0,0,0,0,0,0,0,0,0,0,0,0,0,0,0,-0.692553299379388,0,0,-2.12214164552174,0,0,0.0627425324642381,0,-1.23456513356372,0,0,0,0,0,0,0,0,0,0,0,0,0,0.648238166713411,0,2.05359484542577,0,0,0.510414487844864,0.510954455954608,0,0,0,0,0,0,0,0,0,-1.426981760194,0.268995659324592,0.289574335265722,0,0,0,0,0,0,-0.300375404855647,-0.184156451108421,0,2.30487651574952,0,0.084587698177409,0,0,0,0,0,0,0,0,0,0,0,0,0,0,0,0,0,0,-0.903756981235585,0,0,0,0,0,0,0,0.742560371454035,0,-3.92305277971357,0,0,0,0,0,0,-0.0508371918901898,0,-0.366754739261751,0,0,0,0,0,-1.30234816731137,0,1.35629724497932,0,0,0,0,0,0,0,-0.0547573412981652,0.245233721554638,0,0,0,0.591541342442159,0,-0.744217975431317,0,0,0.829863024766159,0,0
0,1.03214741400321,0,0,0,0,0,0.148547284213047,0,-0.385194851774872,0.72716149454579,0,0,0,0.754632994052872,0,0,0,0,0,0,0,0,0,0.0491443775084284,0,0,0,0,0,0,0,0,0,0,0,-0.707631346492468,0,0,0,-0.508051844664452,0,0,0,1.12108512219133,1.75475951858712,-3.05930345670899,0,0.159768858894362,0,0,0,0.492973671144118,0,0,0,0.000246685898279919,0,0,0,0,0,0,0,0,0,0,0,0,0,-1.05393543080091,0,0,0,0,0,0,0,0,0.25797740504441,0,0,0,0.456832046368076,0,0,0,0,-0.0941981132212044,0,0,0,0,0,-0.033805053508118,-1.18968430013224,0,0,1.17669499953447,0,0,0.184772213513609,0,0,0.494177119279832,0,0,-0.651117521414396,0,-0.784535311631944,0,-0.663537121066094,0,0,-0.329619679588373,0,0,0,0,-0.697967936725613,0.688516594627458,-0.0419888225399003,0,0,0,0,0,0,0,0,0,0,0,0,0,0,1.09079507715212,0,0,0,0.0170824924617829,-1.00404304843164,0,0.197870096092821,0,0,0,0,0,0,0,0,0,0,0,0,0,0,0,0,0,0.04753384842292,1.00714303201145,0.0926225805987066,0,0,0,0,0,0,0.847554685250278,0,0,0,0,0,0,0,0.903594980288136,0.47202867056548,0,0,0,0,0,0,-0.931476430545352,0,0,0,0,0,0,0,-0.0572300587055137,0,0,0,0,2.10525692613805
0,0,0,0,0,0,0.836193468565751,0,0,-0.0281395990077293,0,0,0,0,0.00461457474097471,0,0,0,0,0,-0.66390833677201,0,0,0,0,0,0,0,0,0,0,0,0,0,0,0,0.543949072879673,-0.232552757214075,0,0,-0.246046074348721,0,-0.150238986490727,-1.05482486804566,0,0,1.0039312962565,0,0.964840334565222,0,0,0,0,0,0.27944793785683,0.37455363533898,1.03836784540536,0,0,0,0,-0.31372760615903,0,0,0,0,0,0,0,0,0,0,0,0,0,0,0,0,0,0,0,0,0,0,0,0,-0.685524569701516,0,-0.0471352837960906,-0.42859804914267,0,0,0,0,-0.942193504852287,-1.53155412845073,0,0,0,0,0.143825746044101,0,0,0,0,0,0,0,0,-0.353299522893038,0,0.42486655661192,0,0,0,0,0,0,0.317805703107009,0,0,1.13392035134925,0,0,0,0,0,0,0,0,0,0,0,0,0,0,0,0,0,0,0.521464126640405,0,0,0,0,0,0,0,0,0,0,0,0,-0.176749491691296,0,0,0,0,0,0,0,0,1.77519075331825,0,0,0.066370471325532,0,0,0,0,0,0,0,1.70384911516701,0,1.01998256007423,0,0,0,0,0,0,0,0,0.119578087327862,0,0,0,0,0,0,0,0,0,0,0,0,0,0,0
0,0,-0.155472637864061,0,0,0,0,0,0,-0.916656330176421,0,0,0,0,0,0,0,0,0,0,0,0,0,0,0,0,0,0,0,0,0,0,0,0,0,0,0,0,0,0,0,0,0,0,0,0,0,0,0,0,0,0,0,0,0,0.198043998196862,0,0,0,0,0,0,0,0,0,0,0,0,-0.14491643428138,0,0,0,0,0,0,0,0,0,0,0,0,0,0,0,0,-1.6387935622958,-0.507030278713239,0,0,0,0,0,0,0,0,-0.186834985050015,0,0,0,0,0,0,0,0,0,0,0,0,1.40328267166144,0,0,0,0,-0.464663909123219,0,0,0,0,0,0,0,0,0,0,0,0,0,0,0,0,0,0.317679135087528,0,0,0,0,0,0,0,0.24071572059408,1.05346874710825,0,0,0.62858600639863,0,0,0,0,0,0,0,0,0,0,0,0,0,0,0,0,0.64526777540888,0,0,0,0,0,0,0,0,0,0,0,0,0,0,0,0,0,0,0,-0.217449611639944,0,0,0,0,0,0,0,0,0,0,0,0,0,0,0,0,0,0,0
0,0,0,0,0,0,0,0,0,0,0,0,0,0,0,0,0,0,0,0,0,0,0,0,0,0,0,0,0,0,0,0,0.0791285737748502,0,0,0,0,0,0,0,0,0,0,0,0,0,0,0,0,0,0,0,0,0,0,0,0,0,0,0,0,0,0,0,0,0,0,0,0,0,0,0,0,0,0,0,0,0,0,0,0,0,0,0,0,0,-1.39752165175456,0,0,0,0,0,0,0,0,0,0,0,0,0,0,0,0,0,0,0,0,0,0,0,0,0,0,0,0,0,0,-2.19387020105445,0,0,0,0,0,0,0,0,0,0,0,0,0,0,0.306728757752587,0,0,0,0,0,0,0,0,0,0,0,0,0,0,0.179918903794214,0,0,0,0,0,0,0,0,0,0,0,0,0,0,0,0,0,0,0,0,0,0,0,0,0,0,0,0,0,0,0,0,0,0,0,0,0,0,0,0,0,0,0,0,0,0,0,0,0,0,0,0
0,0,-0.736897589912127,0,0,0,-0.354055919151386,0,0,0,0,0,0,0,0,0,0,0,0,0,0,0,0,0,0,0,-0.113695206117753,0.512640489262824,0,-2.2878845931858,0,0,0,0,0,0,0,0,0,0,0,0,0,0,0,0,0,0,0,0,0,0,0,0,0,0,0,0,0,0,0,0,0,0,0,0,-0.073606929105138,0,0,0,0,0,0,0,0,0,0,0,0,0,0,0,0,0.371257024503238,-0.787768971837112,0,0,0,0,0,0,0,0,0,0,0,0,0,0,0,0,0,0,0,0,0,0,0,0,0,0,0,0,0,0,0,-0.381211156329129,0,0,0,0,0,0,0,0,0,0,0,0,0,0,0,0,0,0,0,0,0,0,0,0,0,0,0,0,0,0,0,0,0,0,0,0,0,0,0,0,0,0,0,0,0,0,0,0,0,0,0,0.107141278715095,0,0,0,-0.580981409960355,0,0,0,0,0,0,0,0,0,0,0,0,0,0,1.22384903194456,0,0,0,0,0,0,0.15257549567095,0,0,0,0,0
0,0,0,0,0,0,-0.882649700903733,0,0.0572352063289472,0,0,0,0,0,0.327028553922442,0,0,0.0421033307175305,0,0,0,0,0,0,0,0,0,0,0,0,0,0,0,0,0,0,-0.809022700007133,0,0,0,0,0,0,0,0.109248905690159,0,0,0,0,0,0,0,0,0,0,0,0,0,0,2.02285133682645,0,0,-0.261216998215638,0,0,0,0,0,0,0,0,0,0,0,0,0.197973907140013,0,0,0,0,0,0,0,0,0,0,0,0,0,0,0,0,0,0,0.136762234063945,0,0,-0.08432817655327,0,0,0,0,0,-0.205748456959237,0,0,0,0.0994663843252599,0,0,0,0,0.0141586997988397,0,0,0,0,0,0,0,-0.142389966430072,0,0,0,0,0,0,0,0,0,0,0.0463870163846822,0,0,0,0,0,1.65737788013148,0,0.424912869971008,0,0,0,0,0,0,0,0,0,0,0,0,0,0,0,0,0,0,0,0,0,0,0,0,0,0,0,0,0,-1.28395576031816,0,0,0,0,0,0,0,0.523485770156378,0,0,0,0,0,0.391993615123048,0,0,0,0,0,0,0,0,0,0,0,0,0,0,0,0
0,0,0,0,0,0,0,0,0,0,0,0,0,0,0,0,0,0,0,0,0,0,0,0,0,0,-0.124060828013517,0,0,0,-0.02824075527345,0,0,0,0,0,-0.169984582540469,0,0,0,0,0,0,0,0,0,0,-2.66108563192311,0,0,0,0,0,0,0,0,0,0,0,0,0,0,0,0,0,0,0,0,0,0,0,0,0,0,0,0,0,0,-0.310899501501326,0,0,0,0,0,0,0,0,0,0,0,0,0,0,0,0,0,0,0,0,0.0910712772327591,0,0,-0.159650762223611,0,0,0,0,0,0,0,0,0,0,0,0,0,0,-0.094720548418511,0,0,0,0,0,0,0,0,0,0,0,0,-0.420727989865608,0,0,0,0,0,0,0,0,0,0,0,0,0,0,0,0,0,0,0,0,0,0,0,0,0,0,0,0,0,0,0,0,0,0,0,0,0,0,0,0,0,0,0,0,0,0,0,0,0,0,0,0,0,0,0,0,0,0,0,-1.34049411818956,0,0,0,0,0,0,0,0,0
0,0,0,0,0,0,0,0,0,0,0,0,0,0,0,0,0,0,0,0,0,0,0,0,0,0,-0.968223620789933,0,0,0,0,0,0,0,0,0,0,0,0,0,0,0,0,0,-0.298243992490945,-0.366091597746634,0,-6.61026130903898,0,0,0,0,0,-0.23756273836503,0,-0.226584733670833,0,0,0,0,0,0,0,0,0,0,0,0,0,0,0,0,0,0,0,0,0,0,-0.303346734584991,0,0.683754343841795,0,0,-0.969757550512729,0,0.786577198308951,0.0991794715104852,0.204848133964678,0,0,0,0,0,0,0,0,0,0,0,0,0,0,0,0,0,0,0,0,0,0,0,0,0,0,0,0,0,0,0,0,0,0,0,0,0,0,0,0,0,0,-0.222500717980164,0,0,0,0,0,0,0,0,0,0,0,0,0,0,0,0,0,0,0,0,0,0,0,0,0,0,0,0,0,0.530334053900223,-0.0996233969312896,0,0,0,0,0,0,0,0,0,0,0,0,0,0,0,0,0,0,0,0,0,0,-0.348209414963494,0,0,0.659340471707305,0,0,-2.09817848655175,0,0.399749646002348,0,0,0,0,0,0,0
0,0,0,0,0,0,0,0,0,0,0,0,0,0,0,0,0,0,0,0,0,0,0,0,0,0,-0.123979187843082,0,0,0,0,0,0,0,0,0,0,0,0,0,0,0,0,0,0,0,0,-5.76677248835378,0,0,0,0,0,0,0,0,0,0,0,0,0,0,0,0,0,0,0,0,0,0,0,0,0,0,0,0,0,0,0,0,0,0,0,0,0,0,0,0,0,0,0,0,0,0,0,0,0,0,0,0,0,0,0,0,0,0,0,0,0,0,0,0,0,0,0,0,0,0,0,0,-0.1164282198959,0,0,0,0,0,0,0,0,0,0,0,0,0,0,0,0,0,0,-0.0888329533216166,0,0,0,0,0,0,0,0,0,0,0,0,0,0,0,0,0,0,0,0,0,0,0,0,0,0,0,0,0,0,0,0,0,0,0,0,0,0,0,0,0,0,0,0,0,0,0,0,0,-0.469590665678215,-1.00503212022094,0,0,0,0,0,0,0,0,0
0,0,0,0,0,0,0,0,0,0,0,0,0,0,0,0,0,0,0,0,0,0,0,0,0,0,0,0,0,0,0,0,0,0,0,0,0,0,0,0,0,0,0,0,0,0,0,0,0,0,0,0,0,0.00077527959033441,0,0,0,0,0,0,0,0,0,0,0,0,0,0,0,0,0,0,0,0,0,0,0,0,0,0,0,0,0,0,0,0,0,0,0,0,0,0,0,0,0,0,0,0,0,0,0,0,0,0,0,0,0,0,0,0,0,0,0,0,0,0,0,0.123526173124143,0,0,0,0,0,0,0,0,0.35336443063187,0,0,0,0,0,0,0,0.503233346745402,0,0,0,0,0,0,0,0,0,0,0,0,0,0,0,0,0,0,0,0,0,0,0,0,0,0,0,0,0,0,0,0,0,0.113843445001007,0,0,0,0,0,0,0,0,0,0,0,0,0,0,0,0,0,0,0,0,0,0,0,0,0,0,0,0,0,0,0
0,0,0,0,0,0,0,0,0,0,0,0,0,0,0,0,0,0,-0.212468924085023,0,-0.366739291429666,0,0,0,0,0,0,0.688580429302925,0,0,0,0,0,0,0,-0.627222828671553,0,0.193540137478961,0,0,0,0,0,0,0,-0.161142901427982,0,0,0.0194893522803055,0,0,0,0,0,-0.424692334267132,0,-0.391504577445091,0,0,0,-1.18545965692066,1.2777213493383,0,0,1.43653557697103,0.243769444313394,0,0,0,0,0,1.56048063781415,0,0,0,0.428627527586321,0,0,0,0,-0.409740713704313,0,0,0.714442906212306,0,0.232199577182734,0,0,0,0,0,0.384706458177935,0,0,0,0.78466168224593,1.36056211048665,0,0,-0.906954870955769,0,0,0,0.726894079989244,0.0511545363392047,0,0,0,0,0,0,0,0,-0.904967880014348,-1.91768125120094,0,-0.369105497478046,0,0,0,0,0,0,0,0,0,0,-4.71597729920992,0,-0.117427812203023,0,0,0,0,1.00849048885762,0,-0.315980690406644,0,0,0.304446565033858,0,-1.55292657908019,0,0.19314921797382,0,0,0,0,0,0,0,0,2.36200675436889,0,0,0,0,0,0,-2.40186773362833,0,0,0,0,0,0.634796039028679,0,0,0,-3.45693290539017,0,0,-0.488837615978511,0,0,0,0,1.05960360280215,-1.36374460686404,0.373250477248642,0,0,0,-0.411180400881699,0,0,0,0,0,-1.87959981950959,0,0,0,0.100487527592179,-1.30096369751633,0,0,0,0,0
0,0,0,0,-0.956217899342048,0,0,0,0,0,0,0,0,0,0,0,0,0,0,0,0,0,0,0,0,0,0,0,0,0,0,0,0,0,0,0,0,0,0,0,0,0,0,0,0,0,0,0,0,0,0,0,0,0,0,0,0,0,0,0,0,0,0,0,0,0,0,0,0,0,0,0,0,0,0,0.413357379420568,0,-0.194492318192074,0,0.209553391857604,0,0,0,0,0,0,0,0,0,0,0,0,0,0,0,0,0,0,0,0.673693902162968,0,0,0,0,0,0,-0.213579009449682,0,0,0,0,0,0,0,0,0,0,0,0,0,0,0,0,0,0,0,0,0,0,0,0,0,0,0,0,0,0,0,0,0,0,0,0,0,0,0,0,0,0,0,0,0,0,0,0,0,0,0,0,0,0,0,0,0,0,0,0,0,0,0,0,0,0,0,0,0,0,0,0,0,0,0,0,0,0,0,0,0,0,0,0,0,0,0,0,0,0,0,0,0
0,0,0,0,0,0,0,0,0,-0.167266974975689,0,0,0.27450235384898,-0.297076273809991,0,0,-0.344720748487689,0,-1.1564799969891,0,0,0,0,0,-0.0887332355728148,-0.22891775548801,0,0,0,0,0,0,0,-0.178964964185571,0,1.22716110252458,-1.19717660659133,0.905800157124429,0,0,0.963554385958221,0,0,0,0,0,0,0,0,0.156080416037947,0,-0.697515159440373,0,0,0,0,0,0,-0.500255406261409,0.281231474363064,0,0,0,1.99929774691579,0,0,0.275610660790566,0,0,0,0,0,0,0,0,0,0,0,0,0.460090067979088,-0.0119647826191127,0,0,0,0,0,0,0,0,0.767430008172379,0,0,0,0,-0.417966224634817,0.0928689705586205,-0.574451720720327,0,0,0,0,0,0,0,0,0,0,0,0,0,0,0,0,-2.39277370376998,0,0,0,0.270597767405355,0,-0.56521669816642,0,-0.279792396796694,0,0,0,0,0,1.03091426365229,0.323592227074841,-1.14267424283022,0,0,0,0,0,0,0,0,0,0,0,0,0,0,0,0,0,0,0,0,0,0,-1.18175233425085,0,0,0,0,0,0,0,0,0,0,0,0,0,0,0,0,0,0,0,-0.440950594708497,0,0,0,0,0,0,0,0,0,0,0,0,0,0,0,0,-0.956516420878929,-1.43462948742925,0,-0.780249874689886,0,-0.246772514441752,0,-0.0453752768891202,-0.615194576478338,0,0
0,0,0,0,0,0,0,0,0,0,0,0,0,0,0,0,0,0,0,0,0.23651379725711,0,0,0,0,0,0,0,0,0,0,0,0,0,0,0,0,1.50128802935125,0,0,0,0,0,0,0,0,0,0,0,0,0,0,0,-0.0889372351885527,0,0,0,0.0733829456301107,0,0,0,0,0,0,0,1.82165058769546,0,0,0,0,0,0,0,0,0,0,0,0,0,0,0,0,0,0,0,1.57014281812241,0,0,0,0,0,0,0,0,0,0,0,0,0,0,0,0,0,0,0,0,0,0,0,0,0,0,0,0,0,0,0,0,0,0,0.562367954312494,0,0,0,0,0,0,0,0,0,0,0,0,0,0,0,0,0,0,0,0,0,0,0,0,0,0,0,0,0,0,0,0,0,0,0,0,0,0,0,0,0,0,0,0,0,0,0,1.29834791116093,0.11730802771553,0,0,0,0,0.277391537989198,0.0161035466487249,0,0,0,0,0,0,0,0,0,0,0,0,0,0,0,0,0,0,0,0,0,0,0,0
0,0,0.399747764439129,0,0,0,0,0,0,0,0,0,0,0,0,0,0,0,0,0,0,0,0,0,0,0,0.0478435444822733,0,0,0,0,0,0,0,0,0,0,0,0,0,0,0,0,0,0,0,0,0,0,0,0,0,0,0,0,-0.000970012123639341,0,0,0,0,0,-0.358197516180764,0,0,0.585938423895498,0,0,0,0,0,0,0,0,0,0,0,0,0,-0.720039980269884,0,0,0,0.393213884024333,0,0,0,0,0,0,0,0,0,0,0,0,0,0,0,0,0,0,0,0,0,0,-0.53743131002763,0,0,0,0,0,0.469194628195793,0,0,0,0,0,0,0,0,0,0,0,0,0,0,0,0,0,0,0,0,0,0,0,0,0,0,0,0.358000586673284,0,0,0,0,0,0,0,0,0,0,0,0,0,0,-0.172270000123237,0,0,0,0,0,0,0,0,0,0,0,0,0,0,0,0,0,0,0,0,0,0,0,0,0,0,0,0,0,0,0,0,0,0,0,0,0,0,0,0,0,0,0,0,0
11.5191653102409,-0.317155729824509,0,0,0,0.0807294684406004,0,0,0,0,0,0,0,0,0,0,0,0.606420643632685,0,0.827942319169549,-0.11735814973889,0,0,0,-1.30303248610561,0,0,0,0,1.82337495890036,1.59962578166471,0,0,0,0,0.118532741349338,0,0,0,0,0,0,0,0,0,0,0.302062453105548,0.0796975362155041,0,0,0,-0.929052650447062,0,0,0,-1.0083152687747,0,0.351357704525959,-0.35451440061467,0,0,-0.626608640264173,0,3.26087209283508,0,0.421850273992007,1.33957829435341,0,0,0,0,0,-1.01200116527299,0,1.64959976328185,0,1.05084594482545,-2.10889053809367,0,0.441941208237953,0,0,0,0,0,0,0,0,0,0.517795819743026,0,0,-0.601484837915242,0,0,0,0,0,-1.01369745382059,0,0,-0.732399210858153,0.0265511463023484,0.702767720788349,0,1.70662660049979,0,0,0,0,0,3.62979249134986,0,0,0,0,5.06398555281248,0,0,-0.00311651260546353,0,0,-0.353779193628485,0,0,0,-2.64151575971925,0,-0.0594902248617544,0,-0.63045430367403,0.174243701919581,0,0,3.14436046710078,2.00061887031312,-0.705443721945692,0,-1.41718368067924,-0.250184999297412,0,-0.396328699813292,0,-0.0873802645281256,0,0,0,0,0.872320136775907,0,0,0,0,0,0,-0.6765765785475,0,0,0,0,0,0,0,0,0,0,1.52309027519879,0,0,0.0304660644004722,0.484606442357844,0,0,0,-0.496928568174739,0,-0.719356101312319,0,0.288032014634869,0,0.285190913616717,0,0,0,0,0,0,-2.20989232227725,0,0,-0.888678664220598,0,0,0,0,0,0,0,0,-0.937140838499962
10.6014047662457,0,0.101185405946427,0,0,0.541372202647983,0,0,-0.623832621568661,0,0,0,0,0,0,0,0,0.0557639830716377,0,0,0,0,0,0,0,0,-0.112735154018845,0,0,1.96164461589613,1.96157647694841,0,0,0,0,0,0,0,0,0,0,0,-0.0219261212090196,0,0,0,0,0,0,0,0,0,0,0,0,-0.341502830257993,0,0.907412968465632,0,0,0,1.65429419363314,0,0.967887813120054,0,1.51815319999449,0,0,0,0,0,0,-0.423702756874448,0,0.67684961685501,0,0.844179298232502,-1.70661549247533,0,0,0,1.32362090536831,0,0,0,-0.230763004787351,0,0,0,0,0,0,-0.028642787900051,0,-0.681790218737758,0,0,0,0,0,0,0,0,0,0,0,0,0,0,0,0,3.55440484525737,0,0,-0.0490546600055253,0,1.73990343434897,0,0,-1.77472824609266,0,0,0,0,0,0,-0.741070944912134,0,0,0,0,0,0,0,0,1.59457118078955,0,0,-0.622967952163109,0,0,0,0,0,0,0,0,-0.172726606017751,0,0,-0.470053443596188,0,0,0,0,0,0,0,0,0,0,0,0,0,0,0,1.36967167729942,0,0,0.180953330426268,0.426430455136568,0,0,0,-0.00316290633656746,0,-0.125046703454555,0,0,0,0,0,0,0,0,0,0,0,0,0,-0.819039492604887,0,0,0,0,0,0,0,0,0
8.73046713094844,0,0,0,0,0.0327121248338671,0,0,-1.32748510664477,0,0,0,0,0,0,0,0,0,0,0,0,0,0,0,0,0.0973314191286609,0,0,0,2.19489065116295,2.4174201284473,0,0,0,0,0,0,0,0,0,0,0,-1.08499475635699,-0.533924761901994,0,-0.289775449298158,0,0,0,0,0,0,0,0,0,0,0,3.24333660487452,0,0,0,3.68356499544706,0,0.360072741640511,0.406278476146012,0,0,0,0,0,0,0,0,0.548492290228877,0,0,0.00236383693416387,-2.16673089322478,0.129044633460059,0,0,0.194409561747482,1.19115796511328,0,0,0.991425417201881,0,0.673604039180502,0,-0.394374357635302,0,0,0,0,0,0,0,0,0,0,0,0,0,0,-0.567368030456449,0,0,0,0,0,0,1.83136652041887,0,0,-0.490845316655632,0,0,0,0,-3.39444302305162,0,0,0,0,0,0,0,0,0,0,0,0,-0.0604823142385014,0,-2.12080613855936,1.4194023628753,0.785399718577181,0,-0.177398192667433,0,0.485421575192895,0.92749526985923,0,0,0,0,0,0,-0.0111298660657029,0,0,0,0,0.273750794259487,0,0,0,0,0,0.119243798761739,-0.731386660461629,0,0,0,0,0,1.27618326596663,0,0,0,0.244669555877608,0,0,1.39542023184606,-1.29830264909605,0,-0.564341149130953,0,0,0,0,0,0,0.247415829273446,2.8457545325069,0,0,0,0,0,-1.18666984211495,0,-1.43158203916382,-0.523841848872293,0,0,0,0,0,0
0,0,0,0,0,0,0,0,0,0,0,0,0,0,0,0,0,0,0,0,0.205161455783784,0,0,0,0,0,0,0,0,0,0,0,0,0,0,0,0,0,0,0,0,0,0,0,0,0,0,0,0,0,0,0,0,0,0,0,0,0.654991005536063,0,-0.233904952810739,0,0,0,0,0,0,0,0,0,0,0,0,0,0,0,0,0,0,0,0,0,0,0,0,0,0,0,0,0,0,0,0,0,0,0,0,0,0,0,0,0,0,0,0,0,0.212569035652225,0,0.297476804323637,0,0,0,0,0,0,0,0,0,0,0,0,0,0,0.900467089203306,0,0,-0.0444561335272338,0,0,0,0.195750712928188,0,0,0,0,0,0,0,0,0,0,0,0,0,0,0,0,0,0,0,0,0,0,0,0.407929352369093,0,-0.9659915743449,0,0,0,0,0,0,0,0,0,0,0,0,0,0,0,0,0,0,0,0.383186109523009,0,0,0,0.0029446083393303,0,0,0,0,0,0,0,-0.404550267016376,0,-0.629656615719955,0,0,0,0,0,-0.0379640547320608,0,0,0,0
0,0,0,0,0,0,0.0189900206718283,0,0,-0.0491904010310402,0,0,0,0,0,0,0,0,0,0.22746034274434,0,0,0,0,0,-0.444212273687858,0,0,0,0,0,0,0,0,0,0,0,0,0,0,0,0,0,0,-0.133911086490318,0,0,0,0,0,0,0,0,0,0,0.0188842184366009,0,0,0,0,0,0,0,0,0,0,0,0,0,0,0,0,0,0,0,0,0,0,0,0,0,0,0,0,0,0,0,0,0,0,0,0,0,0,0,0,0,0,0,0,-0.408362050291952,0,0,0,0,0,0,0,0,0,0,0,0,0,0,0,0,0,0,0,0,0,0,0,0,0,0,0,0,0,0,0,0,0,0,0,0,0,0,0,0,0,0,0,0,0,0,0,0,0,0,0,0,0,0,0,0,0,0,0,0,0,0,0,0,0,0,0,0,0.190167778203359,0,0,0,0,0,0,0,0,0,0,0,0,0,0,0,0,0,0.0538271293713539,0,0,0,0,0,0,0,0,0,0,0,0
0,0,0,0,0,0,0,0,0,-0.468951419550517,0,0,0,0,0,0,0,0,0,0,0,0.0321338325048819,0,0,0,0,0,-0.948669362767731,0,0,0,0,0,0,0,0,0,0,0,0,0,0,0,0,0,0,0,-1.0070389428807,0,0,0,0,0,0,0,0,0,0,0,0,0,0,0,0,0,-1.01538963878389,0,0,0,0,0,0,0,0,0,0,0,0,0,0,0,0,0,0,0,0,0,0,0,0,0,0.0795275203992221,0,0,-0.338703720080785,0,0,0,0,0,0,0,0,0,0,0,0,0,0.00466805342161258,0,0,0,0,0,0,0,0,0,0,0,-0.0808662015263686,0,0,0,0,0,0,0,0.139147334366861,0,0,0,0,0,0,0,0,-0.00876909348403032,0,0,0,0,0,0,0,0,0,0,0,0,0,0,0,0,0,-1.48799524978443,0,0,0,0,0,0,0,0,0,0,0,0,0,0,0,0,0,0,0,0,0,0,0,0,0,0,0,0.697647340491816,0,0,0,0,0,0,0,0,0,0,0,0,0,0,0,0
0,-0.0245480570320076,0,0,0,0,0,0,0,0,0,0,0,0.0560568363201843,0,0,6.80230893902978,0,0,0.898258709150289,0,0,0,0,0,0,0,0,0,0,-0.921550637669503,0,0,-0.271480626225719,0,0.000411932041066931,0,0,0,0,0,0,0,0,0,0,0,-1.30979042175752,0,0,0,0,0,-1.51948556157142,0,0,0,0,0,0,0,0,-0.546829154169144,-0.663136091546442,0,0,0,0,0,0,0,0,0,0,0,0,0,0,0,0,0,0,0,-0.248928230754808,0,0,0,0,0,0,0,0,0,0,-0.183765514546347,0,0,0,0,0,0,-0.102277546741299,0,0,0,0,0,0,0,0,0,0,0,0,0,0,-1.08561115603838,0,0,0,0,0,0,0,0,0,0,-0.302540660755204,0,0,0,0,0,0,0,0,0,0,0,0,0,0,0,0,0,0,0,0,0,0,0,0,0,0,0.0037867234947484,0,0,0,0,0,-1.83012602866827,0,0,0.795551404807485,0,0,0,0,0,0,0,0,0,0,0,0,0,-0.00339368282734043,0,0,0,0,0,0,0,0,0,0,0,0,-1.03736436301509,0,0,0,0,0,0,0,0,0
-0.833624645286674,0,0,0,0,0,0,0,0,0,0,0,-0.120434661078339,0,0,0,-0.93999711025441,0,-1.33326981807742,-0.382262717853852,0,0,0,0,-1.60086040948628,0,0,0,0,0.117601381935094,0,0,0,0,0,0,0,0,0,0.656262254532158,0,0,-0.306715635009724,0,0,0,0,0,0,0,0,-1.28324911608963,-0.138671281089127,0,0,0,0.98216627172459,-0.998547680620199,0,0,0,0,-0.162320411512106,-1.65824019431245,-0.352498211369546,0,0,0,0,0,0,-0.124242021457942,0,-0.783689175209866,0,0,-2.11477333631462,0,0.188054994313448,0,0,-0.596585620623936,0,0.0145510124951946,1.1573967444223,0,-0.176246667262067,0,-0.378299150476345,0,0,0,-0.321988140446829,0,0,-0.572935210182498,0.288168279366216,0,-0.0393157855149266,0,0,0,0,0,0,0,0,0.023286447950585,-0.84651077887705,0,-0.00500494469966828,0,0,0,-1.61976427212904,0,0,0,0,0,-1.75900387726271,-0.887742810092306,0,0,0,0,0,0,0,0.820993678895353,0,0,0,0,-0.405541513778166,0,0.383787900875038,1.62863376091711,0,0,0,0,0,0,0,0,0,0,-1.87717242186021,0,0,0,-0.0665110180609694,0,0,0,0,0,0,0,0,0,0,0,0,0,0,-0.700063486005043,0,0,0,0,0,0,-4.86433392528953,0,-0.754468417074104,0,0,0,0,0,0,0,0,0,0,0,0,0,0,0,0,11.3143710241349,0.147866469958079,0,0,1.31390081822067,0,0
0,0,0,0,0,0,0,0,0,0,-0.0536924748496641,0,-1.33552047528443,0,0,0,-0.999561507605318,0,0.508148066204649,0.644887300511309,0,0.589955784788485,0,0,0,0,0,0,0,0,0,0,0,0,0,0,2.36548900370709,0,0,0,0,0,0,0,0,0,0,0,0,0.436630200637903,0,-0.201817834592527,0,0,0.338327655679388,0,0,-0.0504200438152906,0,0,0,0,0,0.0579665465315682,0,0,0,0,0,0,0,0,0,0,0,0,0,0,0,0,0,0,0,-0.239670112358029,0,0,0,0,0,0,0,0,-0.263373561761912,-6.79588867003233,0,0,-0.442578308214397,0,-0.722480677084312,0,0,0,0,0,0,0,0,0.255244404729921,-3.43502039183573,0,0,-0.254325061883935,0,-0.140498472152765,0,0,0,0,0,0,0.894426684960871,0,0,-0.0908961016262779,0,0,0,1.62681667712137,0,0,0,0.452496565029738,0,0,0,0,0,0,0,0,-4.80362186963707,-0.0412884545510266,0.0010734396877794,0,0,0,0,0.534081281265511,0,0,0,0,0,0,0,0,0,-0.332804357812321,0,0,0,0,0,-0.0441013618826649,0,0,0,0,1.96764886853967,-6.43340182811862,0,0,0,0.207177096296838,0.616436303686519,0,0.329085282819407,0,0.273688613453699,0.282984300113197,0,0,0,0,0,0,0,0,-0.152666727550786,0,0,0,1.37160960499054,0,-0.0562032371198071,0,0,0,0,0
0,0.16479137538576,0,0,0,-0.283690926713607,0,0,0,0,0,0,-2.18554929403464,0,0,0,-0.586412379416483,0,0.971031328004897,0.931652329200661,0,0.501982208820161,0,-0.018884607870661,0,0,0,0,0,0,-0.0530858056263757,0,0,0,0,0,2.38689952666988,0,0,0,0,0,0,0,0,0,0,0,0,0.909025623420265,0,-0.993530698239415,0,0,0.124508398065376,0,0,-0.15072826572124,0,0.845516704280689,0,0,0,0,0,0,0,0,0,0,0,0,0,0,0,0,0,0,0,0,0,0,0,0,0,0,0,0,0,0,0,-0.210453746814944,0,-7.98493043692066,0,0,0,0,-0.908211548978319,0,0,0,0,0,0,0,0,0,-4.38817122150216,0,0,0,0,-0.720735062876648,0,0,0,0,0.0773277849809662,0,0.768317529334038,0,0,-0.370893546725404,0,0,0,2.14062112807693,0,0,0,1.02101431223554,0,0,0,0,0,0,0,0,-5.21677144411329,0,0.510493831587637,0,0,0,0,0.736772861478679,0,-0.121187009878843,0,0,0,0,0,0,0,-0.292379418154639,0,0,0,0,0,0,0,0,0,0,2.8436390665087,-6.47097096865186,0,0,0,0.741127534845055,1.6192325213868,0,0.203877273034362,0,0,0,0,0,0,0,0,0,0,0,-0.24352583216057,-0.107919291760673,0,0,0.978052047343281,0,0,0,0,0,0,0
0,0,-0.276677461693439,0,0,0,0,0,0,0,0,0,0,0,0,0,0,0,0.872276392744633,0,0,0,0,0,-0.368428099209858,0,0,0,0,0.48257403690278,0,0,0,0,0,0.323351663221767,0,0,0,0,0,0,0,0,0,0,0,0,0,0,0,0,0,0,0,0,0,0,0,0.18238277756501,0,0,0,0,0,0,0,0,0,0,0,0,0.913838735262316,0,0,0.406094024974189,0,-0.885656925345473,0,0,0,0,0,0,0,0,0,0,0,-0.368794630105105,0,-1.50451376290932,0.151964448122577,-2.18282474391303,-0.244568184612276,0,0.994286575166143,0,0,0,0,0,0,0,0,0,0,0.866832253444298,-5.2814374420264,0,0,0,0,0,-0.630735591239469,0,0,0,0,0,0,0,-1.18128729013483,0,0,0,0,0,0,0,0,-0.343542612876141,0,0.780814295091135,0,0,0.300692114765156,0,0,0,0,0,0,0,0,0,0,0.314347311642413,0,0,0,-0.257468089336125,0,0.150339091553713,-1.33687236347646,0,0,0,0,-0.224072962732284,0,0,0,0,0,0,0,0,0,-3.80076682120465,0,0,0,0,0,0.016669134217844,0,0,0,0,-0.123611260696894,0,0,0.658404630754222,0.200212444088455,0,0,-1.74701542270518,0,0,0,0,-1.6592522484342,0,0,0,0,0,0,0
0,0,-0.0220044917016824,0,0,0,0,0,0,0,0,0,0,0,0,0,0,0,0,0,0,0,0,0,0,0.0302438839987877,0,0,0,0,0,0,0,0,0,0,0,0,0,0,0,0,0,0,0,0,0,0,0,0,0,0,0,0,0,0,0,0,0,0,0,0,0.268369388661752,0.217481116881547,0,0,0,0,0,0,0,0,0,0,0,-0.148052975800831,0,0,0,0,0,0,-0.131403392227172,0,0,0,0,0,0,0,0,0,0,0,0,0.445674099629881,0,0,2.49465093027078,0,0,-0.353187390719364,0,-0.487730831504931,0,0,0,0,0,0,0,0,-0.321624968193071,0,0,0,0,0,0,0,0,0,0,0,0,0,-0.283523978020569,0,0,0,0,0,0.0988858923547387,0,0,0,0,0,0,0,-0.0708924397674242,0,0,0.645720424590102,0,0,0,0,0,0,0,0,0,0,0,0,0,0,0,0,0.150569878501368,0,0,0,0,0,0,0,0,1.08886361361704,0,0,0,0,0,0,0,0,0,0,0,0,0,0,0,0,0,0,0,0,0,0,0,0,0,0,0,0,0,0
0,0,0,0,0,0,0,0,0,0,-0.486722012958585,0,0,0,0,0,0,0,0,0,0,0,0,0,0.0339762162031725,0,0,0,-0.0182107699293776,0,0,0,0,0,0,0,0,0,0,0,0,0,0,0,0,-0.333155703304803,0,0,0,0,0,0,0,0,0,0,0,0,0,0,0,0,0,0,0,0,0,0,0,0,0,0,0,0,0,0,0,0,0,0,0,0,0,0,0,0,0,0,0,0,0,0,0,0,0,0,0,0,0,0,0,0,0,0,0,0,0,0,0,0,0,0,0,0,0,0,0,0,0,-0.0592253100147879,-0.260887935770042,0,0,0,0,0,0,0,0,0,0,0,0.674721111306678,0,0,0,0,0,0,0,0.293418929075761,0,0,0,0,0,0,0,0,0,0,0,0,0,0,0,0,0,0,0,0,0,0,0,0,0,0,-0.412550382435092,0,0,0,0,0,0,0,0,0,0,0,0,0,0,0,0,0,0,0,0.0709030441295291,0,0,0,0,0,0,0,0,0,0,0,0
0,0,0,0,0,0,0,0,0,0,0,0,0,0,0,0,-0.203780891992356,0,0,0,0,0,0,0,0,0,0,0,0,0,0,0,0,0,0,0,0,0,0,0,0,0,0,0,0,0,0,0,0,0,0,0,0,0,0,0,0,0,0,0,0,0,0,0,0,0,0,0,0,0,0,0,0,0,0,0,-1.78898092513452,0,-0.0384295322833499,0,-0.540744335190698,0,0,0,0,0,-0.154122195780258,0.4486916935035,0,0,0,0,0,0,0,0,0,0,0,0,0,0,0,0,0,0,0,0,0,0,0,0.214046890787627,0,0,0,0,0,0,0,0,0,0,0,0,0,0,0,0,0,0,0,0,0.363596155375785,-0.0124500498370328,0,0,0,0,0,0.131166329484767,0,0,0,0,0,0,0,0,0,0,-0.228227909815061,0,0,0,0,1.13556638066058,0,0,0,0,0,0,0,0,0,0,0,0,0,0.136099071071433,0,0,0,0,0,0,-0.430984675318051,0,0,0,0,0,0,0,0,0,0,0.54241178830912,0,0,0,0,0,0,0,0,0,0,-0.302639075786291,0
0,0,0,0,0,0,0,0,0,0,0,0,0,0,0,0,-0.494097761006465,0,0,0,0,0,0,0,0,0,0,0,0,0,0,0,0,0,0,0,0,0,0,0,0,0,0,0,0,0,0,0,0,0,0,0,0,0,0,0,0,-0.296515664526555,0,0,0,0,0,0,0,-1.3751462222846,0,0,0,0,0,0,0,0,0,0,-2.3536280139462,0,0,0,0,0,0,0,0,0,0,0,0,0,0,0,0,0,0,0,0,0,0,0,0,0,0,-0.164630107967354,0,0,0,0,0,0,0,0,0,0,0,0,0,0,0,0,0,0,0,0,0,0,0.119058989301806,0,0.0109630771963407,0,0,0,0,-0.520395349232853,0,0,0,0,0,0,-0.334240817820978,0,0,0,0,0,0,0,0,0,0,0,0,0,0,0,0,0,0,0,0,0,0,0,0,0,0,0,0,0.0185977248869182,0,0,0,0,0,0,0,0,0,0,0,0,0,0,0,0,0,0,0,0,0,0,0,0,0,0,0,-0.833641040959244,0,0
0,0,0,0,0,0,0,0,0,0,0,0,0,0,0,0,0,0,0,0,0,0,0,0,0.161308902072214,0,0,0,0,-1.76777334212445,0,0,0,-0.0770588584410139,0,0,0,0,0,0,0,0,0,0,0,0,0,0,0,0,0,0,0,0,0,0,0,0,0,0,-0.098535412049378,0,0,0,0,-1.40963722867451,0,0,0,0,0,0,0,0,0,-0.148311728912469,-4.72773962360266,1.00719327935861,0,0,0,0,0,0,0,0,0,0,0,0,0,0,0,0,0,0,0,0,0,0,0,0,0,0,0,0,0,0,0,0,0,1.62269617641475,-0.220342331280554,0,0,-1.11266019756645,0,0,0,0,0,0,0,0,0,0,0,0,0,0,0,0,0,-2.26025926430572,0,0,0,0,0,0,-0.693297831753729,0,0,0,0,0,0,0,-1.51614997113355,0,0,0,0,0,0,0,0,0,0,0,0,0,0,0.0263861152369465,0,0,0,0,-0.105709152998728,0,0,0,0,-0.438928961792527,0,0,0,-0.749071999050925,0,0,0,0,0,-0.520570717374937,0,0,0,0.148111842901457,0,0,0,0,0,0,0,-0.98151512614961,0,-0.0881460943116439,0,0
0,1.34368601062891,0,0,0.34139804796414,0,0,0,-1.81132936407784,0,0,0,0,0,0,0,0.189761235172432,0,0,0,-0.168565648750242,0,0,0,0.532351922585958,0,0,0,0,-0.784832548930169,-1.27570135173518,0,0,0,0,0,0,0,0,0,0,0,0,0,0,0,0,0.116133578664371,0,0.202485489583914,0,0.491728148233614,0,-0.0643907459435997,0,0,0,0,0,0,0,0,0,-1.02855182366559,1.64921556947963,0,0,0,0,0,-0.102209634861351,0.848525909238365,0,0,0,0,-0.603130021450299,0,0,0,0,0.128187104304562,0,0,0,0,0,0,0,0,0,0,0,0,0,0,0,0,-0.793323869739939,0,-1.96594701046444,0,0,0,0,0,0,0,-1.78400601615131,0,0,0,0,0,0.169976003327697,0,0,0.551982673680481,0,0.528112056911247,0,0,0,0.238408975088038,0,0,0,0,0,-0.70351325682017,0,0,1.29571180477984,-24.4810607011119,1.8587596791127,0,0,0,0,0.136880715532138,0,0,0,0,0,0,0,-0.262061871927926,-0.666512890094571,0,0,0,0.631675141539809,0,-0.782121700194927,0,0,0,0,0,0,0,0,1.46294119397835,0,0,0,0,0,0,0,0,0,0.876222391465381,0,0,-0.157840782904848,-1.83546200000656,0,0,-0.307328619621063,-2.12784721715038,0,-0.302523690603675,0,1.25828231635058,0,0,0,0,-0.760494641934007,0,0.696173288476442,1.13315997965803,0,0,0,0,0,0
0,0,0,0,0,0,0,0.206246842904067,0,0.225623094825485,2.00047505609272,0,-0.286676393433752,0,0,0,0,-0.0715896295500613,0,0,0.249375922151816,0,0,0,-0.328118724007314,0,0,0,-0.342090746442863,0,0,0,0.152526546784495,0,0,0,0,0,0,0,0,0,0,0,0,0,0,0.173509309781836,0,0,0,0,0,0,0,0,0.909369366605667,0.179414544131967,0,-0.470906528458467,0,0,-0.111830741861561,0,0,0.709645116679011,0,0,0,0.114549120948727,0,0,0,-0.640485445174194,0,0,0,0,0.503069775818546,0,2.32294015683313,0,0,-2.57916326786189,0.0564305658500968,0,0,0.377428496960517,0,0,0,0,0,0,0,0,0.298152171541763,0,0,-0.25384056459868,0.244726363734966,-0.23155600175474,0,0,0,0,0,0,0.856942878841009,0,0,0,-0.0358202942028247,0,-0.255547178920699,0,-0.0622989472866922,0,0,-1.48382454691635,0.0761485480230626,0,0,0,0,0,-0.544943631266677,0,0,0,0,0,0,0.190950617570016,0,-1.87795635239674,-0.444729685597879,0,0,1.62930394621893,-0.632574569100961,0,0,0,0,0,0,0,0,0,-0.52121176801724,0,0.692791682671842,0,-0.619437253719397,0,0,0,0,0,0,0,0,0,0,0,1.25063462345997,0.139126769102845,0.622548688406682,0,0.452188229338972,0,0,0,0,0,0,0,-0.514470926615076,0.822265099705056,0.0713469375972005,0,0,0,0,0,0,-0.194987359328282,0,0,0,0,0,-0.0733986975412539,0.368129706764053,0,0.163673265135792,0,0,0
0,0,0,0,0.0523388829241209,0,0,0,0,0,0,0,0,0,0,0,0,0,0,0,0,0,0,0,0,0,1.35297605555789,0.116253955706401,0,0,0,0,0,0,0,0,0,0,0,0,0,0,0,0,0,0,0,0,0,0,0,0,0,0,0,0,0,0,0,0,0,-0.175615031021777,-0.0354585087410568,0,0,1.75095610320048,0,0,0,0,0,0,0,0,0,0,0.332328772275937,-0.1177770634272,0,0,0,0,0,0,0,0,0,0.258511616435998,0,0,0,0,0,0,0,0,0,0,0.242544089891635,0,0,-0.205479666170197,0,0,0,0,0,0,0,0,0,0,0,0,0,0,0,0,0,0,0,0,0,0,0,0,-0.514049974117624,0,0,0,0,0,0,0,0,-2.32384942148781,0,0,0,0,0,0,0,0,0,0,0,0,0,0,0,0,0,0,0,0,0,0,0,0,0,0,0,0.33249514683709,0,0,0.173589407425748,0,0,0,0,0,0,0,0,0,0,0,0,0,0,0,0,0,0,0,0,0,0,0,0,0,0.200990131975048,0,0,0,0,0,0,0
0,0,0,0,0.368744453471733,0,0,0,0,0,0,0,0,0,0,0,0,-0.0454567333338736,0,0,0,0,0,0,0,0,0.707518367034406,0,0,0,0,0,0,-0.0194940897182037,0,0,0,0,0,0,0,0,0,0,0,0,0,0,0,0,0,0,0,0,0,0,0,0,0,0,0,-0.555365103634927,-0.130767627134986,0.0263338963115984,0,0.905596819901389,0,0,0,0,0,0,0,0,0,0,0.139403681599458,0,0,0,0,0,0,0,0,0,0,0.561707241942747,0,0,0,0,0,0,0,0,0,0,0.562955954998835,0,0,-0.774398256170698,0,0,0,0,0,0,0,-0.208284589145024,0,0,0,0,0,0,0,0,0,0,0,0,0,0,0,0,-0.802805794330366,0,0,0,0,-0.286899063841245,0,0,0,-2.86400004499829,0,0,0,0,0,0,0,0,0,0,0,0,0,0,0,0,0,0,0.46391106443892,0,0,0,0,0,0,0,0,0.780940510481957,0,0,0.0128320338194028,0,0,0,0,0,0,0,0,0,0.166380284861835,0,0,0.010396287255918,0,0,0,0,0,0,0,0,0,0,0,0,0.592986882002743,0,0,0,0,0,0,0
0,0,0,0,0.144777713501781,0,0,0,0,0,0,0,0,0,0,0,0,-0.508411708476274,0,0,0,0,0,0,0,0,0.339282746341332,0,0,0,0,0,0,0,0,0,0,0,0,0,0,0,0,0,0,0,0,0,0,0,0,0,0,0,0,0,0,0,0,0,0,-0.589281599946724,0,0,0,1.23664263517223,0,0,0,0,0,0,0,0,0,0,0.622080625084518,0,0,0,0,0,0,0,0,0,0,0.802875677773692,0,0,0,0,0,0,0,0,0,0,0,0,0,-0.545517168644437,0,0,0,0,0,0.192107816012854,0,0,0,0,0,0,0,0,0,0,0,0,0,0,0,0,0,0,-0.434049584577773,0,0,0,-0.231532735154196,-0.277374988470737,0,0,-0.192938319245752,-3.36248555271734,0,0,0,0,0,0,0,0,0,0,0,0,0,0,0,0,0,0,0,0,0,0,0,0,0.193548628901907,0,0,0.652174066205677,0,0,0.421026438789186,0,0,0,0,0,0,0,0,0,0,0,0,0.0129228315002083,0,0,0,0,0,0,0,0,0,0,0,0,0.621175927294384,0,0,0,0,0,0,0
0,0,0,0,0,0,0,0,0,0,0,0,0,0,0,0,0,0,0,0,0,0,0,0,0,0,0.696984748229194,0,0,0,0,0,0,0,0,0,0,0,0,0,0,0,0,0,0,0,0,0,0,0,0,0,0,0,0,0,0,0,0,0,0,0,0,0,0,1.58258344984641,0,0,0,0,0,0,0,0,0,0,0.362856501131408,0,0,0,0,0,0,0,0,0,-0.238878618292496,0.426433440579639,0,0,0,0,0,0,0,0,0,0,0,0,0,-0.705245010680021,0,0,0,0,0,0.342757018076501,0,-0.273035777122064,0,0,0,0,0,0,0,0,0,0,0,0,0,0,0,0,-0.0523405531581398,0,0,0,0,-0.149793458771305,0,0,-0.350706379343219,-3.94733806108735,0,0,0,0,0,0,0,0.091389139914221,0,0,0,0,0,0,0,0,0,0,0,0,0,0,0,0,0,0,0,0.580406982302834,0,0,0,0,0,0,0,0,0,0,0,0,0,0,0,0,0,0,0,0,0,0,0,-0.0919944511392796,0,0,0,0,0.0525713421369105,0,0,0,0,0,0,0
0,0,0,0,0,0,0,0,0,0,0,0,0,0,0,0,0,0,0,0,0,0,0,0,0,0,0,0,0,0,0,0,0,0,0,-0.0422616687744086,0,0,0,0,0,0,0,0,0,0,0,0,0,0,0,0,0,0,0,0,0,0,0,0,0,0,-0.0483342208651303,0,0,1.38453102324519,0,0,0,0,0,0,0,0,0,0,0.2267300318628,0,0,0,0,0,0,0,0,0,-1.21606262740047,0,0,0,0,0,0,0,0,0,0,0,0,0,0,-0.166478118789171,0,0,0,0,0,0,0,0,0,0,0,0,0,0,0,0,0,0,0,0,0,0,0,0,0,0,0,-0.348676894182248,0,-0.545029638904093,0.113411693056221,0,-0.42329361383878,-4.88026649698155,0,0,0,0,0,0,0,0,0,0,0,0,0,0,0,0,0,0,0.363776523118345,0,0,0,0,0,0.193008265254066,0,0,0.992605130676836,0,0,0,0,0,0,0,0,0,0,0,0,0,0,0,0,0,0,0,0,0,0,0,0,0,0.225208804694288,0,0,0.219273615294953,0,0,0,0,0,0,0
0,-0.0725716032373651,0,0,0,0,0,0,0,0,0,0,0,0,0,0,0,0,0,0,0,0,0,0,0,0,0,0,0,0,0,0,0,0,0,0,0,0,0,0,0,-0.568543641843214,0,0,0,0,0,0,0,0,0,0,0,-0.160630774992812,0,0,0,0,0,0,0,0,0,0,0,0,0,0,0,0,0,0,0,0,0,0,0.105844724290159,0,0,0,0,0,0,0,0,0,-2.8640547600911,0,0,0,0,0,0,0,0,0,0,0,0,0,0,0,0,0,0,0,0,0,0,0,0,0,0,0,0,0,0,0,0,0,0,0,0,0,0,0,0,0,0,0,0,0,0,0,0,-6.19276603269569,0,0,0,0,0,0,0,0,0,0,0,0,0,-0.603663806474497,0,0,0,0,0,0,0,0,0,0,0.0188785820841633,0,0,0.224137412422944,0,0,0,0,0.251083171143473,0,0,0,0,0,0,-0.33944948603501,0,0,0,0,0,0,0,0,-0.123543725750393,0,0,-0.0512640707769318,0,0,0,0,0,0,0,0,0,0,0,0
0,0.553972626962731,0,0,0,0,0,-0.0887810640173821,0,0,0,0,0,0,0,0,0,0,0,-0.273857712798766,0,0,0,0,0,0,-0.18140206943558,0,0,0,-0.191980218491233,0,0,0,0,0,0,0,0,0,0,0,0,0,0,0,0,0,0,0,0,0,0,0,0,0,0,0,0,0,0,0,0,0,0,0,0,0,0,0,0,0,0,0,0,0,0,0,0.229913887790486,0,0,0,0,0,-0.524727723657074,0,0,0,0,0,0,0.593038584682916,0,0,0,0,0,0,0,0,0,0,0,0,0,0,0,0,0,0,0,-0.12414943022127,0,0,0,0,0,0,0,0,0,0,0,0,0,0,0,0,0,0,0,0,0,0,0,1.84760773227559,0,0,0,0,0,0,0,0,0,0,0,0,0,0,0,0,0,0,-0.407832833577363,0,0,0,0,0,0,0,0,0,0,0,0,0,0.118193100850824,0,0,0,0,0,0,0,0,0,0,0,0,0,0,0,0,0,0,0.0841940647737029,0,0,0,0,0,0,0,0,0,0,0,0
0,0,0,0,0,-0.0247917022002939,0,0.150213347126573,0.451174065222996,0,0.653865951988699,0,-0.121609160317063,0,0,0,0,-0.680944156985817,0,-0.373827918674718,0,0,0,0,-1.36250431110037,0,0,0,0,0,0,-0.368265844256417,0,0,0,0,0,0,0,0.593631997772275,0,0,0,-0.236043016391233,0,-0.383187728415074,-0.66082999743754,0,0,0,0,-0.575933044647601,0,0.519761718816936,0,0.19150953851718,1.60983690225529,0,0,0,0.0855185099279043,-0.818808570993173,-1.46332569873688,0,0,0,0,0,0,0,0.0904596500942056,0,0,0,0,0,0,-0.652435245034855,0,-1.16599703904921,0,-0.845845442194559,0,1.08940241406724,0.501380120348438,0,0,0,0,0.248958049509955,0,0,0,0.280060702905774,0,-0.427267037627295,0,0,0,0,0,0,0,0.351796702915874,0,0,0,0,-0.768926265623501,0,0,0,0,0,0,0,0,0,0,0,-1.25008238223592,-0.0439428626594651,0,0,0,0,0,0,0,0,-0.657833351880704,0,0,0,-0.784762174177902,0,0,0,0,0,0,0,0.0217788306115709,-2.24862941313156,0,0,0,0,-0.504635361269827,0,0,0,0,0,0,0,0,0,0.668892793426717,0,0,0.37940790437605,0,0,0,-0.284161430770536,0,0,2.08814559429761,0,0,0,0,0,-3.07278591839852,0,-0.328529680916634,0,0,0,0,0,0,0,0,0,0,0,0,-0.00669945683721096,0,0,-1.98654585126558,15.2662657324815,-0.0525367932530396,0,0,0,0,0
0,0,0,0,0,0,0,0,0,0,0,0,0,0,0,0,0,0,0,0,0,0,0,0,0,0,0,0,0,0,0,0,0,0,0,0,0,0,0,0,0,0,0,0,0,0,0,0,0,0,0,0,0,0,0,0,0,0,0,0,0,0,0,-0.498922206235282,0,0,0,0,0,0,0,0,0,0,0,0,0,0,0,0,0,0,0,0,0,0,0,0,0,0,0,0,0,0,0,0,0,0,0,-0.325817154327933,0,0,0,0,0,0,0,0,0,0,0,0,0,0,0,0,0,0,0,0,0,0,0,0,0,0,0,0,0,0,0,0,0,0,0,0,0,0,0,0,0,0,0,0,0,0,0,0,0,0,0,0,0,0,0,0,0,0,0,0,0,0,0,0,0,0,0,0,0,0,0,0,0,0,0,0,0,0,0,0,0,0,0,0,0,0,0,0,0,0,0,0,0,0,0,0,0,0,0,0
0,0.40132021759751,-0.0945015951455395,0,0,0,0,0,0,0,0,0,0,0,0,0,0,0,0,0,0,0,0,0,0,0,0,0,0,0,0,0,0,0,0,0,0,0,0,0,0,0,0,0,0,0,0,0,0,0,0,0,0,0,0,0,0,0,0,0,0,0,0,0,0,0,0.406280225088191,0,0,0,0,0,0,0,0,0,0,0,0,0,0,0,0,0,0,0,0,0,0,0,0,0,0,0,-1.04417157353115,0,0,0,0,0,0,0,0,0,0,0,0,0,0,0,0,0,0,0,0,0,0,0,0,0,0.188169988979962,0,0,0,0,0,0,0,0,0,-2.33044180474206,0,0,0,0,0,0,0,0,0,0,0,0,0,0,0,0,0,0,0,0,0,0.359431028664545,0,0,0,0,0,0,0,-0.318662687464635,0,0,0,0,0,-0.214266236764641,0,0,0,0,0,0,0,0,0,0,0,0,0,0,0,0,0,0,0,0,-0.393740422678538,0,0,0,0,0,0,0,0,0,0,0,0
0,0,0,0,0,0,0,0,-0.114640862655055,0,0,0,0,0,0,0,-0.243178176641188,0,0,0,0,0,0,0,0,0,0,0,0,0,-0.458847234866633,0,0,0,0,0,0,0,0,0,0,0,0,0,0,0,0,0,0,0,0,0,0,0,0,0,0,0,0,0,0,0,0,0,0,0,0,0,0,0,0,0,0,0,0,0,0,0,0,-0.597427393388393,0,0,0,-0.208979565598094,0,0,0,0,0,0,0,0,0,0,0,0,0,0,0,0,0,0,0,0,0,-1.32301352167705,0,0,0,0,0,0,0,0,0,0,0,0.0435527785512535,0,0,0,0,0,0,0,0,0.910308076377677,0,0,0,-0.40115189241771,0,0,0,0,-0.000288491038361594,0,0,0,0,0,0,0,0,0,0,0,0,0,0,0,0,0,0,0,0,0,0,0,0,0,0,0,0,0,0,-2.37388935149333,0,0.0816820207361051,0,0,0,0,0,0,0,0,0.446734744291582,0,0,0,0,0,0,0,0,0,0,0,0,0,0,0,0,0,0,0,0,0,0
0,0,0.0413749374047045,0,0,0.0181602451529621,0,0,0,0,0,0,0,0,0,0,-1.72110165691601,0,0,0,0,0,0,0,0,0,0,1.39212693475184,0,0,0,0,0,0,0,0,0,1.48574877886143,0,0,0,0,0,0,0,0,0,0,0,-0.182621723451787,0,0,0,0,0,0,0,0,0,0,0,0,0,0,0,0,0,0,0,0,0,0,0.00694361368694341,0.0983523433765623,0,0,0,0.75204524666515,0,0,0,0,0,0,0,0,0,0,0,0.714781012450261,0,0,0,0,0,0,0,0,0,0,0.356378814825064,0,0,0,0,-0.330545727438572,0,0.356612554429577,0,0,0,0.990710108956431,0,0,0,0,0,0,0,-0.829301667259592,0,0,0,0,0,0,0,0,0,0,-0.0442833379941312,0,1.06218708444996,0,0,-0.281227479211029,0,0,0,0,-0.064769855412409,-1.11611032814863,0,0.507102062946714,0.152112234085637,0,0,0,0,0,0,0,0,0,0,0,0,0,0.0187158527944795,0,0,0,0,0,0,0,-1.29707995597823,0,1.10581566508401,0,0,0,0,-0.444112461354583,0,0,0,0,0,0,0,0,0,0,0,0,0,0,0,0,0,0,0,0,0,-0.705817947557752,0,0,0,0.00880707862058561
0,0,0,0,0,0,0,0.0613655818249397,0,0,0,0,0,0,0,0,0,0,0,0,0,0,0.0307950943397977,0,0,0,0,0,0,0,0,0,0,0,0,0,0,0,0,0,0,0,0,0,0,0,0,0,0,0,0,0,0,0,0,0,0,0,0,0,0,0,3.26852029934176,0,0,0,0,0,0,0,0,0,0,0,0,0,0,0,0,0,0,0,0,0.10646164734469,0,0,0,0,0,0,0,0,0,0,0,0,0,0,0,0,0,0,0,0.41882933206524,0,0,0,0,0,0,0,0,0,0.138321118397603,0,0,0,0,0,0,0,0,0,0,0,0,0,0,0,0,0,0,0,0,0,0,0,0,0,0,0,0,0,0,0,0,0,0,0,0,0,0,0,0,0,0,0,0,0,0,0,0,0,0,0,0,0,0,0,0,0,0,0,0,0,0,0,-0.0980214306555205,0,0,0,0,0,0,0,0,0,0.182366880334236,0,0,0,0,0,0,0,0,0,0,0,0
0,0,0,0,0,0,0,0,0,0,0,0,0,0,0,0,0,0,0,0,0,0,0.726215629560634,0,0,0,0,0,0,0,0,0,0,0,0,0,0,0.381627626234242,0,0,0,0,0,-0.121417410764576,0,0,0,0,0,0,0,0,0,0,0,0,0,0,0,0,0,0,4.07805851329786,0,0,-0.455240725547226,0,0,0,0,0,0,0,0,0,0,0,0.145754863721525,0,0,0,0,0,0,0,0,0,0,0,0,0,0,0,0,0,0.335600622496392,0,0,0,0,0,0,0,0,0,0,0,0,0,0,0,0,0,0,0,0,0,0,0,0,0,0.0170468523799783,0,0,0,0,0,0,0,0,0,0,0,0,0,0,0,0,0,0,0,0,0,0,0,0,0,0.556511312285095,0,0,0,0,0,0,0,0.0173653097672795,0,0,0.026186656584398,0.481338075838647,0,0,0,-0.427101216512905,0,0,0,0,0,0,0,0,0,0,0,0.485944397266308,0,-0.302379087633608,0,0,0,0,0,0,0,0,0.813379246527592,0,0,0,0,0,0,0,0,0,-0.111186940852383,0,0,0
-0.0501660042304097,0,0,0,0,0,0,0,-0.0658657603899404,0,0,0,0,0,-0.230688608382117,0,0,0,0,0,0,0,0,0,0,0,0,-1.03649250767756,0,0,-0.543410679659345,-0.178513137677391,0,0,0,0,0,0,0,0,0,0,0,-3.2343557381302,0,0,0,0,0,0,0,0,0.789434330760132,0,0,0,0,0,0.121305009332729,0,0,0,0,0,0,0,0,0,0,0,0,0,0,0,0,0,0,0,0,0,0,0,0,0,0,0,0,0,0,0,0,0,0,0.287669683685577,0,0,0,0,0,0,0,-0.0351295024906124,0,0,0,0,0,0,0,-0.267424472680494,0,0.344681852253977,0,0,0,0,0,0,0,0,0,-1.38776332632923,0,0,0,0,0,0,0.655199939627455,0,0,0,0,0,0,0,0,0,0,0,0,0,0,0,0,0,8.27385428812465,0,0,-0.160456820020502,0.428166855848021,0,0,1.16257805846444,1.7863853601902,3.70719301060648,0,0,0,0,0,0,0,0,0,0,0,1.80287858174092,0,0,0,0,0,-0.205630409516252,0,0,0,0,0,0,0,0,0,0,0,0,0,0,0,0,0,0,0,-0.44339325359386,0,0,0,0,0.640910624973488,0
0,0,0,0,-0.218143789062696,0,0,0,0,0,0,0,0,0,0,0,0,0,0,0,0,0,0,0,0,0,0,0,0.702376907656933,0,0,0,0,0.0661742883151928,0,0,0,0,0,0,0,0,0,0,0.250171322060504,0,0,0,0,0,0,0,0.152824886240833,-0.169480289547172,0,0,0,0,0,0,0,0,0,0,0,0,0,0,0,0,0,0,0,0,0,0,0,0,0,0,0,0,0,0,0,0,0,0,0,0,0,0,0,0,0,0,0,0,0,0,0,0,0,0,0,0.244017503654444,0,0,0,0,0,0,0,0,0,0,0,0,0,0,0,0,0,0,0,0,0,0,0.144223543308551,0,0,0,0,0,0,0,0,0,0,0,0,0,0,0,0,0,5.85188686120257,0,0,0,0,0,0,0,0.360800295469357,2.75412680702554,0,0,0,0,0,0,0,0,0,0,0,0,-0.324049350801684,0,0.216360929204966,0,0,0,0,0.0521483539889493,0,0,0,0,0,0,0,0,0,0,0,0,0,0,0,0,0,0,0,0,0,0,7.47185571820182,0
0,1.09180839849019,0,0,0,0,-0.19891968872558,0,0.474959421745404,0.159439605714505,0,0,0,0,0,0,0,0,1.77289417709363,0.731746575724988,2.30521555804224,0,0,0,-0.297218093373665,-1.58811727867424,-0.135853970675596,-0.956311495127079,0,0,-2.51132921847839,0,0,0,0,0.972846432713086,0,0,0,0,0.044887369729987,0,0,2.66900646376039,1.45718112080128,-1.15612386353482,0,0,0,0,0,0,0,0,0,0,0.908729476466745,0,0,0,0,0.657305004074607,1.28819036492385,0,0,0,0,-0.130115592080938,0,0,0,0,0.385248494855919,0,0,0,0,0,0,0,0,0,0,0.0571907953501694,0,0,0,0,-0.816113289541864,0.2308737835351,0,-0.0499882777439995,0,0,0,0.360842017666799,0,-0.543229679886545,0,0.713791821062848,0,0,0,0,0,1.01063173168089,0,0,0,0,0,-0.00477948057265221,0.621279393766029,0,0,0,0,0,0,0,2.43817751653885,0,0,0,0,9.11923662414374,0,0.204261820522071,0.00650509638080909,0,-0.236016567516103,2.24667301997919,0,0,0,0,0,0,0,0,0,0,0,0,0,0,0,0,0,0,0,0,0.0389324962503059,0,0,0,0,-2.12189030645381,0,0.0431977367281844,-0.428968416794273,-1.3555373710785,0,0,0,0,0,0.345722609844041,0,1.36340846164918,0,0,0,0,0.0916953148952906,0,0,0,-1.46817059100369,0,0,0,0,0,0.56506951412701,0,0,-0.318272511348575,0,0,0.450880665790386,0,0,0,0,0,0,0,0,0
0,0,0,0,0,0,0,0,0,0.225456563001781,0,0,0,0,0,0,-0.0437658100342686,0,0,0,0,0,0,0,0,0,0,0,0,0,0,0,0,0,0,0,-0.229981551801671,0,0,0,0,0.108379150712781,0,0,0,0,0,0,0,0,0,0,0,0,0,0,0,-0.181361485574394,0,0,-0.731118322470489,0,0,0,0.856511269704705,0.0843211022901194,0,0,0,0,0,0,0,0,0,0,0,0,0,0,0,0,0,0,0,0,0,0,0,0,0,0,0,0,0,0,0,0,0,0,0,0,0,0,0,0,0,0,0,0,0,0,0,0,-0.829393880955375,0,0,0,0,0,0,0,0.129246541374019,0,0,0,0,0,0,0,1.76735463082159,0,0,0,0,0,0,0,0,0,0,0,0,0,0,5.26496912486915,0,0,0,0,0,0,0,0,0,0,0,0,0,0,0,0,0,0,0,0,0,0,0.328704415317927,0,0,0,0,0,0,-0.0858058620500797,0,0,0,0,0,0,0,0,0,0,0,0,0,0,0,0,0,0,0,0,0,0,0,0
0,0,0,0,0.624392791633417,-0.467289254759122,0,1.28540222883747,0,0,0,-0.063754755793981,0,0,0.483815758705416,0,0,0,0,0,0,0,0,0,-0.100167565236696,0,0,-0.189773544661255,0,0,0,0,0,0,0,-0.109014475171477,0,0,0,0,0,0,0,0,0,0,0.228588675611869,0,0,0,0,0,0,0,0,0,0,1.60915967318871,0,-0.448930728207457,0,0,0,0,0,0,0,0,0,0,0.249648377436417,0,0,0,0.573493902423007,0,0,0,0,0,0,0,-0.0213178865396773,-0.662272787441946,0.520405040230509,0,0,0,0,0,0,0,0,0,0,0,0,0,0,0,0,0,0,0,0,0,0,0,0,0,0,0,0.492342561892637,-0.333808009048293,0,0,0,0.420555031686245,0,0,-1.43688964778429,0,0,0,0,0,0,0,0,0,-2.42725053606364,0,0.122515546888511,0,0,0,0,0.187741458566282,0,0,1.09129148469277,0,0,0,0,0.799546624010425,0,0,0,0,0,0,0,0,0,0,0,0,0,0,0,0,0,0,0,0,0,0,0,0,0,0,0,0.494988543726603,0,0,0,0,0,0,0,0,0,-0.403896174446145,0,0.00914327776571811,0,0,0,0,0,0,0,0,0,0,0,0.142346765645886,0,0
0,0.0583349638288091,0,0,0,0,0,0,0,0.589242701322387,0,0,0,0,0,0,0,0,0,0,0,0,0,0,0,0,0,0,0,0,0,0,0,0,0,0,0,0,0,0,0,0.152884249482728,0,0,0,0,0,0,0,0,0,-0.0763555493613024,0,0,0,0,0,0.00774155496711759,0,0,0,0,0,0,0,-1.23019084747862,0,0,0,0,0,0,0,0,0,0,0,-0.565343736726005,0,0,0,0,0,0,0,0,0,0,0,0,0,0,0,0,0,0,0,0,2.07670941629636,0.95403638516049,0,0,0,0,0,0,0,0,0,0,0,0,0.589068360863912,0,0,0,0,0,0,0,0,0,0,0,0,0,0,0,0,0,0,0.4285361126051,0,0,0,0,0,0,0,0,0,0,0,0,0,0,0,0,0,0,0,0,0,0,0,0,0,0,0,0,0,0,0,0,0,0,0,0,0,0,0,0,0,0,0.609990446908196,0,0,0,0,0,0,0,0.277691174171654,0,0,0,0,0,0,0,0,0,0,0,-0.05361708315803,0,0,0,0,0
0,0,0,0,0,0,0,0,0,0,0.645573260296586,0,0,0,0,0,0,0,0,0,0,0,0,0,0,0,0,0,0,0,0,0,0,0,0,0,-0.0861966999866903,0,0,0,0,1.44935103665889,0,0,0,0,0.0650549457846563,0,0,0,0,0,0,0,0,0,0,0,0,0,0,0,0,0,0,0,0,0,0,0,0,0,0,0,0,0,0,0,-0.853866921293532,0,0.302798642804377,0,0.590340708173074,0,0,0,0.120221141216301,0,0,0,0,0,0,0,0,0,0,0,3.17420506479102,0.72637543110719,0,0,0,0,0,0.10020219130832,0,0,0,0,0,0,0.730066569030695,0,0,0,0,0,0,0,0,0,0,0,0,0,0,0,0,0,0,0.256832653228654,0,0,0,0,0,0,0,0.0575453098816574,0,0,0,-1.30105908869928,0,0,0,0,0,0,0,0,0,0,0,0,0,0,0,0,0,0,0,0,0,0,0,0,0,-0.170864749580829,0,0,0,0,0,0,0,0,0,0,0,0,0,0,0,0,0,1.90666993531474,0,0,0,0,0,0,-0.222800721822051,0,0,0,0,0
0,0,0,0,0,0,0,0,0,0,0,0,0,0,0,0,0,0,0,0,0,0,0,0,0,0,0.27926832296994,0,0,-0.913441805894434,0,0,0,0,0,0,0,0,0,0,0,2.4642906835445,0,0,0,0,0,0.133641099044991,0,0,0,0,0.376389876764925,0,0,0.380208831417562,0,0,0,0,0,0,0,0,0,-0.858857760835342,0,0,0,0,0,0,0,0,0,0,0,-0.31805428685609,0,0,0,0,0,0,0,0,0,0,0,0,0,0,0,0,0,-0.179605255455216,0,0,3.48259758315948,0,0,0,0,0,0,0,0,0,0,0,0,0,0.871699233429293,-0.0778532981735021,0,0,0,0,0,0,0,0,0,0,0,0,0,0,0,0,0,0,-0.61922846792814,0,0,0,-0.263179745930126,0,0,0,0,-0.0166479916870292,0,-2.65375581737381,0,0,0,0,0,0,0,0,0,0,0,0,0,0.0642124082910718,0,1.35014606742909,0,0,0,0,0,0,0,0,0.0796862265537925,-2.06583872975483,0,0,0,0,0,0,0,0,0,0,0,0,0,0,0,0,0,0,0,0,0,0,0,0,0,0,0,0,0,0
0,0,0.0582489596362001,0,0,0,0,0,0,0,0,0,0,0.448154197155449,0,0,0,0,0,0,0,0.36406868748421,0,0,0,0,0,0,0.762607394345748,-1.57384158160909,-0.0731894321611792,0,0,-0.30613631042988,0,0.270318604336848,0,0,0,0,0,2.92053519998268,0,0,0,0,0,0,0,0,0,0,0.734553067493081,0,0,1.54791531563845,0,-0.039509499528275,0,0,0,0,-0.543155766224396,0,0,0,0,0,0,0,0,0,0,0,0,0,0,-0.080944771531813,0,0,0,0,0.149111456520171,0,0,0,0,0,0,0,0,0,0.176709031718549,0,0,-0.831978379171709,0,0,3.56357088022587,0,0,0,0,0,0,0,0,0,-0.292648984093748,0,0,0,0.534894649686638,0,0,0,0,0,0,0,0,0,0,0,0,0,0,0,0,0,0.329486454562532,0,0,0,0,0,0,0,0,0,0.442850327361149,0,0.706214583937772,-2.99491691013103,0,0,0,0,0,0,0,0,0,0,0.676457388517726,0,0,0,0,2.05061290760958,0,0,0,0,0,0,0,0,0,-1.58241585396875,0,0,0,0,0,0,0,0,0,0,0,0.174545824246111,0,0,0.71793152343901,0,0,0.136270344803737,0,0,0,0,0,0,0,0,0,0,0,0
-0.0135329190898275,0,0,0,0,0,0,0,0,0,0,0,0,0,0,0,0,0,0,0,0,0,0,0,0,-0.0331401954249135,-0.0942405306519303,-0.586516044088511,0,-3.0896383016611,0,0,0,0,0,0,0,0,0,-0.107527296058047,0,3.26984944970706,0,0.189445024071509,0,0,0,0,0,0,0,0,2.18067244304366,0,0,0.462964706119423,0,0,0,0,0,0,-0.585196088153262,0,0,-0.39258172970884,0,0,0,0,0,-0.30372834351852,0,0,0,0,0,0,0,0,0,0,0.479576345268138,0,0,0,0,0,0,0,0,0,0.117587174097811,0,0.143245182867077,0,0,0,3.27750176047621,0,0,0,0,0,0,0,0,0,-0.7683131087822,0,0,0,0,0,0,0,0,0.0573973289460104,0,0,0,0,0,0,0,0,0,0,0,0,0.283289446232827,0,0,0,0,0,0,0,0,0,0,0,0,-2.61036300825204,0,0,0,0,0,0,0,0,0,0,1.35944051793437,0,0,0.281638129955891,0,3.146784067585,0,0,0,0,0,0,0,0,2.05748833510956,-2.59478422446941,0,0,0,0,0,0,0,0,0,0,0.0166493219270305,1.18973862804887,0,0,0,0,0,0.0192303956461961,0,0,0.746108134182128,0,0,0,0,0,0,0,0,0
-0.532116007882012,0,0,0,0,0,0.447119361221958,0,0,0.516429008750203,0,0,0,0,0,0,0,0,1.19266687582379,0.351971670309248,0,0,0,0,0,0,0,-5.183758061669,0,0,0.315193477917174,0,0,0,0,-0.127367964081161,0,0,0,0,0,0,0.0766875943471037,0.791530275331452,0,0,0,0.0299205692113125,0.210290695358431,0,0,0,0,0,0,0,0,0,0,0,0,0,0,0,0,-0.679182252056495,0,0,0,0,0,-12.2839679813673,0.0520371276581983,0,0,0,0,0,0,0,0.309082708725481,0,8.80644930451189,0,0,0,0,0,0,0,0,0,0.0758038434373443,0,0.486346009313544,0.020025347422429,0,-0.789890359866184,0,0,0,0,0,0,0,0,0,0,0,0,0,0,0,0,0,-0.0255890201566211,0,0,0,0,0,0,0.151457123369915,0,0,0,0,0,0,0,0,0.366954538907692,0,0,0,0.749904480837523,0,0,0,0.653315445921415,0,0,0,0,0,0,0,0,0,0,0,0,0,0,0,0,0,0,0,0,0,0,0,0.0285882485222202,0,0,0,0,0,0,0,0,-1.51941235410669,0,0,0,0,0,0,0,0,0,0,-0.0984042097473785,0,0,0,0,0,0,0,0,0,0,0,0,0.0695596029288041,0,0,0
-0.213826318248087,0,0,0,0,0,0.490536127818094,0,0,0,0,0,0,-0.473327046124542,0,0,0,0,0.76940650089923,0.224319511441947,0,0,0,0,0,0,0,-4.90286886157888,0.136517117254996,0,0,0,0,-0.381897253199054,0,0,0,0,0,0,0,0,0,0,0,0,0,0,0.413975670916936,0,0,0,0,0,0,0,0,0,0,0,0,0,0,0,0,-0.533831519253329,0,0,0,0,0,-12.2636010083271,0.121813614088376,0,0,0,0,0,0,0,0,0,8.61569611916018,0,0,0,0,0,0,0,0,0,0.265441369138313,0,0.378682335153052,1.09035437079572,0,-0.574607334542808,0,0,0,0,0,0,0,0,0,0,0,0,0,0,0,0,0,0,0,0,0,0,0,0,0.144747522096298,0,0,0,0,0,0,0,0,0,0,0,0,0.784403867124585,0,0,0,0.446839905220778,0,0,0,-0.0455374821471701,0,0,0,0,0,0,0,0,0,0,0,0,0,0,0,0,0,0,0,0.167602522697578,0,0,0,0,0,0,0,0,-0.869270026672028,0.323346275599562,0,0,0,0,0,0,0,0.21958797796221,-0.105963760967546,0,0,0,0,0,0,0,0,0,0,0,0,0,0,0,0,0
0,0,0,0,0,0,0,0,0,0,0,0,0,0,0,0,0,0,0,0,0,0,0,0,0,0,0,-2.55330010736419,0,0,0,0,0,-0.94982547924995,0,0,0,0,0,0,0,0,0,0,0,0,0,0,0.55554291969587,0,0,0,0,0,-0.00399183648466517,0,0,0,0,0,0,0,0,0,0,0,0,0,0,0,0,-12.0839659403845,0,0,0,0,0,0,1.49465067823556,0.0576711105850252,0,0,2.9024008242793,0,0,0,0,0,0,0,0,0.144274812039744,0.398155269302223,0,0,0,0,0,0,0,0,0,0,0,0,0,0,0,0,0,0,0,0,0,0,0,0,0,0,0,0,0,0,0,0,0,0,0,0,0,0,0,0,0,0,0.72714586976432,0,0,0,0,0,0,0,0,0,0,0,0,0,0,0,0,0,0,0,0,0,0.160090166639379,0,0,0,0,0,0.149110336664672,0,0,0,0,0,0,0,0,0,0,0,0,0,0.358890978682604,0,0,0,0,0,0,0,0,0,0.119182507579982,0,0,0,0,0,0,0,0,0,0,0,0
0,0,0,0,0,0,0,0,0,0,0,0,0,0,0,0,0,0,0,0,0,0,0,0,0,0,0,-0.45012517272237,0,0,0,0,0,-2.55803432599835,0,0,0,0,0,0,0,0,0,0,0,0,0,0,1.10222202768782,0,0,0.0166093041734641,0,0,0,0,0,0,0,0,0,0,0,0,0,0.186098056691653,0,0,0,0,0,-12.4114700420466,0.0466378250782322,0.00904939140134209,0,0,0,0,0.284940115655061,0.0250191674348952,0,0,0,0,0,0,-1.7690473014807,0,0,0,0,0,0.771150029018974,0,0,0,0,0,0.205037979447275,0,0,0,0,0,0.0723114065472099,0,0,0,0,0,0,0,0,0,0,0,0,0,0,0.041206223369735,0,0,0,0,0,0.357046850591936,0,0,0,0,0,0,0,0,0,0.768501745254189,0,0,0,0,0,0,0,0,0,0,0,0,0,0,0,0,0,0,0,0,0,1.02543171519711,0,0,0,0,0,0,0,0,0,0,0,0,0,0,0.191119180094448,0,0,0,0,1.22514502900725,0,-0.120120402650513,0,0,0,0,0,0,0,0,0,0,0,0,0,0.163154847208205,0,0,0,0,0,0
0,0,0,0,0,0,0,0,0,0,0,0,-0.143064708305209,0,0,0,0,0.258714058063472,0,0,0,0,0,0,0,0,-0.558081467339912,-0.594311384142064,0,0,0,0,0,-1.08108953572651,0,0,0,0,0,0,0,0,-0.137796798354767,0,0,0,0,0,1.38843251317803,0.356012315844101,0,0,0,-0.476853656619645,0,0,0,0,0,0,0,0,0,0,0,0,0,0,0,0,0,-13.8660115834871,0.17115784672144,0,0,0,0,0,0,0.0877457794476739,0,0,0,0,0,0.374856238003968,0,0,0,0,0,0,1.28418747505426,0,0,0,0,0,0,0,0,-0.327821445084332,0,0,0,0.381809722603753,0,0,0,0,0,0,0,0,0,0,0,0,0,0.371802617918395,0,0,0,0,0,0,-0.0579449738449083,0,0,0,0,0,0,0,0,1.03794809298605,0,0,0,0,-1.61519428552762,0,0,0,0,0,0,0,0,0,0,0,0,0,-0.0467921999976753,0,0,0.378854589632163,0,0,0,0,0,0,0,0,0,0,0,0,0,0,0,0,0,0,-0.665995952708997,1.02332633776947,0,0,0,0,0,0,0,0,0,0,0,0,0,0,0,0.267892783773219,-0.505617512668024,0,0,-0.336442501652073,0,0.397117930306232
0,0,0,0,0,0,0,0,0,0,-0.357810741965593,0,0,0,0,0,-0.107686223252765,0.136737438699032,0,0,0,0,0,0,0,0,0,0,0,0,0,0,0,0,0,0,0,0,0,0,0,0,0,0,0,0,0,0,0,0.0844914246713047,0,0,0,0,0,0,0.861831593151115,0,0,0,-0.123547634987246,0,0,0,0,0,0,0,0,0,0,2.08620589469764,0,0,0,0.0578706228154311,0,0,0,0.501399633219966,0,0,-0.892067524277243,0,0,0,0,0,0,0,0,0,0,0,0,0,0,0,0,0,0,0,0,0,0,0,0,0,0,0,0,0,0,0,0,0,0,0,0,0,0,0,0.124118241888889,0,0,0,0,0,0,0.559912705496686,0,0,0,0,0,0,0,0,0,0,-0.41494413486815,0,0,0,0,0,0,0,0,0.482342676984808,0,0,0,0,0,0,0,0,0,0,0,0,0,0,0,0,0,0,0.501201525856139,0.0704356658849947,0,0,0,0,0,0,0,0,0,0,0,0,0,0,0,0,0,0,0,0,0.41913857903694,0,0,0,0,0,0,0,0,-0.0598218215332074
0,0,0,0,0,0,0,0,0,0,0,0,0,0,0,0,0,0,0,-1.73537467069331,0,0,0,0,0,0.135576571627088,0,0,0,-0.212226383576411,0,0,0,0,0,0,0,0,0,0,0,0,0,0,0.00826134095506692,0.863648907974232,0,0,0.234900905596868,0,0,0,0,0,0,0,0,0.341375885301036,0,0,-0.70814330829022,0,-0.12855361495904,0.567560633589025,-0.807956582037451,0.136135923418094,0.145202057462823,0,0,0,0,-14.2671846741053,0.475060005140774,0,0.0317770101770782,0.273019510847222,0,0,0,0.972731349569148,0.200284847757216,0,0,0,0,0,-2.3114698838794,0,0,0,0,0,0,0,0,0,0,0,0,0,0,0,-0.68970147932269,0,0,0,0.310750267220312,0,0,0,0,0,0,0,-1.80772724765148,0,0,0,0,0,-0.0209173074031597,0,0,-0.005610793757443,0,0,0,0,0,-1.29732288390968,0,0,0,0,0,0,0,0,0,-0.0399054979074078,0,0,0,0.175265784698434,0,0,0,0,0,0,0,0,3.94134990737099,0,0,0,0,0,0,0,0.000311957288131159,0,-0.657549436113949,-1.16417811643989,0,0.12951460867858,0,0,0,0,0,0,0,0,0,0.396044771991603,-0.408983818950573,0,0.0267344028385843,0,-0.462150531400509,0,0,0,0,0,0,0,0,0,0,0,0,0,-1.2023233214885,0,0,0,0,0.265673934223912
0,0,0,0,-0.0483806482460563,-0.270295661171881,0,0,0,0,0,0,0,0,0,0,0,0,0,0,0,0,0,0,0,0,-0.264043448325133,0,0,0,0,0,0,0,0,0,0,0,0,0,0,0,1.89193294419651,0,0,0,0,0,0,0,0,0,0,0,0,0,0,0.473356668879141,0,0,0,0,0,-1.30246748737474,0,0.236702231309113,0,0,0,0,0,0,0,0,0,0,0,0,0,0,0,0,0,0,0,-0.00203746528390303,0,0,0.0985415991352951,0,0,0.685822769341591,0,0,0,0,0,0,0,1.52668599213469,0,0,0,0,0,-0.231044128688502,0,0,0,0,0,-0.0208724107290175,0,0,0,0,0,0,0,0,0,0,0,0,0,0,0,0,0,0,0,0,0.58799687618003,0,0,0,0,0,0,0,0,0,0,0,0,0,0,0,0,0,0,0,0,0,0,0,0,0,0,0,0,0,0,0,0,0,0,0,0,0,0,0,0,0,0,0,0,0,0,0,0,0,0,0,-0.310695693400192,0,0,1.29165823829961,0,0,-0.0745954397485908,0,0,0,0,0,0.136788574540058,0,0,0
0,0,0,0,0,0,0,0,0,0,0,0,0,0,0,0,0,0,0,0,0,0,0,0,0,0,0,0,0,0,0,0,0,0,0,0,0,0,0,0,0,0,0,0,0,0,0,0,0,0,0,0,0,0,0,0,0,0,0,0,0,0,0,0,0,0,0,0,0,0,0,0,0,0,0,0,0,0,0,0,0,0,0,0,0,0,-0.764102906959593,0,0,0,0,0,0,0,0,0,0,0,0,0,0,0,0,0,0,0,0,0,0,0,0,0,0,0,0,0,0,0,0,0,0,0,0,0,0,0,0,0,0,0,0,0,0,0,0,0,0,0,0,0,0,0,0,0,0,0,0,0,0,0,0,0,0,0,0,0,0,0,0,0,0,0,0,0,0,0,0,0,0,0,0,0,0,0,0,0,0,0,0,0,0,0,0,0,0,0,0,0,0,0,0,0,0,0,0,0,0,0,0,0
0,0,0,0,0,0,0,0,0,0,0,0,0,0,0,0,0,0,0,0,0,0,0,0,0,0,0,0,0,0,0,0,0,0,0,0,0,0,0,0,0,0,0,0,0,0,0,0,0,0,0,0,0,0,0,0,0,0,0,0,0,0,0,0,0,0,0,0,0,0,0,0,0,0,0,0,0,0,0,0,0,0,0,0,0,0,-2.95879200077979,0,0,-0.632939347657414,0,0,0,0,0,0,0,0,0,0,0,0,0,0,0,0,0,0,0,0,0,0,0,0,0,0,0,0,0,0,0,0,0,0,0,0,0,0,0,0,0,0,0,0,0,0,0,0,0,0.145761287014251,0,0,0,0.368207584041441,0,0,0,0,0,0,0,0,0,0,0,0,0,0,0,0,0,0,0,0,0,0,0,0,0,0,0,0,0,0,0,0,0,0,0,0,0,0,0,0,-0.0532945305168093,0,0,0,0,0,0,0,0,0,0,0,0,0,0,0
0,0,0,0,0,0,0,0,0,0,0,0,0,0,0,0,0,0,0,0,0,0.0177039102366841,0,0,0,0,-0.711989092217756,0,0,0,0,0,0,0,0,0,0,0,0,0,0,0,0,0,0,0,0,0,0,0,0,0,0,0,0,0,0,0,0,0,0,0,0,0,0,0,0,0,0,0,0,0,0,0,0,0,0,0,-0.43373865705785,0,0,0,0,0,0,0.581240162289674,-2.28934246036607,0,0,0,0,0,0,0,0,0,0,0,0,0,0,0,0,0,0,0,0,0,0,0,0,0,0,0,0,0,0,0,0,0,0,0,0,0,0,0,0,0,0,0,0,0,0,0,0,0,0,0,0,0,0,0,0,0,0,0,0,0,0,0,0,0,0,0,0,0,0,0,0,0,0,0,0,0,0,0,0,0,0.0591380603025806,0,0,0,0,0,0,0,0,0,0,0,0,0,0,0,0,0,0,0,0,0,0,0,0,0,0,0,0,0,0,0
0,0,0,0,0,0,0,0,0,0,0,0,0,0,0,0,0,0,0,0,0,0,0,0,0,0,0,0,0,0,0,0,0,0,0,0,0,0,0,0,0,0,0,0,0,0,0,0,0,0,0,0,0,0,0,0,0,0,0,0,0,0,0,0,0,-0.433494448232705,0,0,0,0,0,0,0,0,0,0,0,0,-0.0393231368297342,0,0,0,0,0,0,0,0,0,0,0,0,0,0,0,0,0,0,0,0,0,0,0,0,0,0,0,0,0,0,0,0,0,0,0,0,0,0,0,0,0,0,0,0,0,0,0,0,0,0,0,0,0,0,0,0,0,0,0,0,0,0,0,0,0,0,0,0,0,0,0,0,0,0,0,0,0,0,0,0,0,0,0,0,0,0,0,0,0,0,0,0,0,0,0,0,0,0,0,0,0,0,0,0,0,0,0,0,0,0,0,-0.250670730073496,0,0,0,0,0,0,0,0,0
0,0,0,0,0,-0.00321816374582107,-0.442160039104819,0,0,0,0.556092498308122,0,0,0,0,0,0,0,0,0,0,0,0,0,0,0,-0.0850582229828976,0,0,0,0,0,0,0,0,0,0,0,0,0,0,0,0,-1.46501771267826,0,0,-0.522879060669612,0,0,0,0,0,0,0,0,0,0,0,0,0,0,0,-1.0245850326721,0,0,-2.18021499429641,0,0,0,0,0,0,0,0,0,0,0,0,0.195857678886001,0,-0.941082635046539,0,0,0,0,0,0,0,0,0,0,-0.263770676387907,0,0,0,0,0,0,0,0,0,0,0,0,0,0,0,0,0,0,0,0,0,0,0,0,0,0,0,0,0,0,0,0,0,0,0,0,0,0,0,0,0,0,0,0,-0.412671426387238,0,0,0,0,0,0,0,0,0,0,0,0,0,0,0,0,0,-0.622938522910238,0,0,0,0,0,0,0,0,0,0,0,0,0,0.613143659347834,0.0530986444201889,0,0,0,0,0,0,0,0,0,0,0,0,0,0,0,0,0,1.27923163709016,0,0,0,0,0,0,0,0,0,-0.152276500857967,0,0
0,0,0,0,0,-0.350804164141416,0,0,0,0,0,0,-0.597865771588881,0,0,0,-0.211543303399572,0.11606591918603,0,-0.165283500680925,0,0,0,0,0,0,0,0,0,0,0,0,0,0,0,0,0,0,0,0,0,0,0,0,0,0,0.290601686074409,0,0,0,0,0,0,-1.15702068425441,0,0,0,0,-0.100621701845021,0,0,-0.109130488171516,0,0.122965899831648,0,-0.373388436462624,-0.344799649604427,0,0,0,0.33966856555091,0,0,0,0,0,0,0,0,0,-0.226587232194414,0,0,0,0,0.00725490465222389,0,0,0,-0.38487318889957,0,0,0,0,0,0,0,0,0,0,0,0,0,0,0,0,0,0,0,0,0,0,0,0,0,0,0,0,0,0,0,0,0,0,0,0,0,0,0,0,0,0,0.861889198533362,0,0,0,0,-0.868976291608436,0,0,0.560819423560455,0,0,0.0591771520529896,0,0,0,0,0,0,0,0,0,0,0.214282396778558,-1.39450644254772,0,0,0,-0.170662412211443,-1.30507382559402,0,0,0,0,0,0,0,0,0,0,0,0,0,0,0,0,-0.147131686421599,0,0,0,0,0,0.00258637051364263,0,0,0,-0.0115726450199223,0,0,0,0,0,0,0,0,0,0,0,0
0,0,0.00431069246023541,0,0,0,0,0,0,0,0,0,0,0,0,0,0,0,0,0,0,0.198710978071607,0,0,0,0,0,0,0,0,0,0,0,0,0,0,0,0,0,0,0,-0.162327301598842,0,0,0,0,0,0,0,0,0,0,0,0,0,0.629222333403174,0,0,0,-0.826432866674029,0,0,0,0,0,0,0,0,0,0,0,0,0,0,0,0.678428405105968,0,0,0,0,-0.217081262269352,0,0,0,0,0,0,0,0,0,0,0,0,0,0,-0.371059573445601,0,0,0,0,0,0,0,0,0,-1.39429253257104,0,0,0,0,0,0,0,0,0,0,0,0.437124843148521,0,0,0,0,0,0,0,0,0,0,0,0,0,0,0,0,0,0,0,0.415726907704284,0,-0.143408922223138,0.675240161918059,0,0,0.280029271439323,0,0,0,0,0,0,0,0,0,0,0,0,0,0,0,0,0,0,0,0,0,0,0,0,0,0,0,0,0,0,0,0,0,0,0,0,0,0,0,0,0,0,0,0,0,0,0,0,0,0,0.218844730613394,0,0,0,0,0
0,0,0,0.140945758496111,0,0,0,-1.08190702125602,0,0,0,0,-1.73423714281627,0,0,0,1.53665636616739,0,0,0.804216936850391,0,0,0,0,0,0,0,-1.51597569181593,0,0,0,0,-0.514790794711481,0,0,-1.63969285277338,0,0,0,0,0,0,0,0,0.393426087199073,0,0,0,0,0,0,-0.525736961014257,0,-2.52990357928051,0,0,0,0,0,0.0103876829427707,-0.395111722861859,-0.249728077629763,0,0,0,0,0,0,0,0,-0.0743782788292295,0.466585584344035,0,0,0,1.38513263620098,0,0,0,-0.807141229194109,-0.998867153810388,0.77575230277506,0,0,0,0,0,-1.39057674542851,-4.41295136584724,0,0,1.17161113528647,0.998167136095016,0,0,0,0,0.461942312497044,-0.521859593362406,0,0,0,0,-4.30796205085308,0,0,0.290808478215806,-0.655460847361717,-0.33082415856024,0,0,0,0,0,0,0,0,0.00269481585330222,0,-3.08096609154931,-0.116250196243232,0,-1.32701880634505,0,0,0,0,0,0,-1.05952214221417,1.00973663938779,-0.736513923033269,0.506499087828267,0,0,-1.32791762965841,0.598972193570503,0,0,0,2.3707840281496,0,0,0,0,0,0,2.12092153341224,0,-0.855537647990128,0,0,0,0,0,0,0,0,0,-0.623924875700451,-1.30210991015919,-0.0996337749464704,0,0.19478652376322,4.76949694129098,0,0,0.677271874516685,0.843242228002141,0.143930400537921,0,0,0.11140263799189,0,0,0,0,0,0,0,-0.0802938939989148,0,0,0,0,-2.08629058296129,0,0,-0.499760950125421,1.33861748440422,0,0,0.186803327597717,0,0,0,0,0,0,0
0,0,0.0094122370498213,0,0,0,0,-0.0120387059132534,0,0,0,0,0,0,0.0545568518335218,0,0,0,0,0,0,0,0,0,0,-0.831884677892597,0,0,0,0,0.0908105255223477,0.157045980523373,0.37707338671665,0,0,0,0,0,0,0,0,0,0,0.622582372445629,0,0.659017702724038,0,0,0,0,0,0,0,-0.428696056891342,0,0,0,0,0,0,0,0,0,0,0,0,0,0,3.1475672163272,0,0,0,0,0,0.60488352071472,0,0,0,1.18012105921009,0,0,0,0.167301985625225,0,0,1.01285930474933,0,0,0,0,0,0,0,0,0,-0.212996390386442,0,0,0,-0.159000289106398,0,0,0,0,0,0,0,0,0,0,0,0,0,0,0,-0.25615525394469,0,-4.08181399397263,0,0,0,0,0,0,0,0,-0.272975108047556,0,0,0,-0.310116216846503,1.18885553859617,0,0,0,0,0,0,0,1.05600736781427,0,0,0,0,0,0,0,0,0,0.500934773448908,0,0,0,0,0,0,0,0,0,0,0,0,0,0,0,0,0,0,-0.593964347453652,0,0,0,0,0,0,0,0,0,0,0,0,0,0,0,-0.697297180514276,0,0,0.633873211619814,0,0,0,0,0,0,-1.98246945405773,0,0,0,0,0
0,0.186692614823169,0.187864385420557,0,-0.390684873405373,-1.21750620800291,0,-0.631489243715644,0,0,0,0,0,0.292194922820295,0,0,0,0,0,0,0,0,0,0,0,0,0,0,0.775398960155359,0.727478729792687,0,0,0.926941345946495,0,0,-0.571573926192756,0,0,0,0,0.261832035617549,0,0,0,0,0,0,0,0,0,0,0,0,0,0,0,-0.00309336503810798,0,0,0,-0.770125496158852,0,0,0.11266684203707,0,-0.162780531477968,0,0,1.03325951874912,0,-0.0551804089185186,0,0,0,0,0,0,0.00520697095482703,1.38160501120437,0,-0.0730782602018767,0,0,0,0,0,0,0,0,0,0,0,1.41126367272598,0,0,0,0,0,0,-0.426464186349354,0,0,0,0,0,0,0,-2.71067329152591,0.59886492154074,0,0,0.606649756865119,0,0,0,-0.0924754539373134,0,-3.27838994550758,0,-0.131352969282354,0,0,0,0,0,0,0,0,0,0,0,0.958678344291845,0,0,0.250143689096912,0,0,0,0,0,0.273603540498955,0,0,0,0,0,0,0,0,-0.866570641469205,0,0,0.998487950847808,0,0,0,0,-0.323191764371924,0,0,0,-0.905671862109129,0,0.0064624165872722,0,0,0,0,0,0,0,0,0,0,0,0,-0.43998417622065,0,0,0.313135822224113,0,-0.88913831820072,0,0,0,0,0,0,0,-0.969233000173558,0,0,0,0,0,0,0,0,0,-0.061998047813641
0,0,0,0,0,0,0,0,0,0,0,0,0,0.182213010558209,0,0,0,0,0,0,0,0,0,0,0,0,0,0.104348215654837,0,0,0,0,0,0,0,0,0,0,0,0,0,0,0,0,0,0,0,0,0,0,0,0,0,0,0,0,0,0,0,0,0,-0.0720899629019029,0,0,0,0,0,0,0,0,0,0,0,0,0,0,0,0,0,0,0,0,0,-1.54977751682516,0,-1.58659236114874,0.228020644466661,0,0,0,0,0,0,0,0,0,0,0,-0.0794284521931254,0,0,0,0,0,0,0,0,-0.310061690655504,0,0,0,0,0,0,0,0,0,0,0,0,0,0,0,0,0,0,0,0,0,0,0,0.131928730457255,0,0,0,0,0,0,0,0,0,0,0,0,0,0,0,0,0,0,0,0,0,-0.171348605106163,0,0,0,0,0,0,0,0,-0.267293893786905,0,0,0,0,0,0,0,0,0,0,-0.269013558476177,0,0,0,0.466847924664511,0,0.229408517501262,0,0,0,0,0,0,0,0.25607089576781,0,0,0,0,0,0,0,0,0,-0.0882963272414437,0,0
0,0,0,0,0,0,0,0,0,0,0,-0.84121670457677,0,0,0,0,0,0.460659456817382,0,0,0,0,0,0,0,0,0,0,0,0,0.318644884530682,0,0,0,0,0,0,0,0,0,0,0,0,0,0,0,0,0,0,0,0,0,0,0,0,0.609670882506352,0,0,0,0,0,0,0,0,0,0,0,0,0,0,0,0,0,0,0,0.26852218889816,0,0,0.030565229096015,-0.0873083850095746,0,0,0,0,0,0,0,0,0,0,0,0,0,0,0,0,0,0,0,0,-0.605217064454411,0,0,-0.0343750924469015,0,0,0,0,0,0,0,0,0,0,0,0,0,0.183294126497961,0,-0.565738888790793,0,0,0,0,0,0,0,0,0,0,0,0.018328083531941,-0.154909120073748,0,0,0,0,0,0,0,0,0,0,-0.425588903228338,0,0,0,0,0,0.173900099379534,0,0,0,0,0,0,0,0,0,0,0,0,0,0,0,0,0,0,0,0.781420656411198,0,0,0,0,0,0,0,0,0,0,0,0,0,0,0,0,0,-0.441617587835297,0,0,0,0,0,0,0,0,0,0,0,0
0,0,0,0,0,0,0,0,0,0,0,0,0,0,0,0,0,0,0,0,0,0,0,0,0,0,0,0,0,0,0,0,0,0,0,0,0,0,0,0,0,0,0,0,0,0,0,0,0,0,0,0,0,0,0,0,0,0,0,0,0,0,0,0,0.348338373821315,-0.0255785407538025,0,0,0,0,0,0,0,0,0,-0.115679869327235,0,0,0.153577230503546,0,0,0,0,0,0,0,-1.01611387234714,0,0,0,0,0,0,0,0,0,0,0,0,0,0,-1.14016612796585,0,0,0,0,0,0,0,0,0,0,0,0,0,-0.131112338089904,0,0,0,0,0,0,-0.522886480776582,0,0,0,0,0,0,0.0141656933271885,0,0,0,0,0,0,0,0,0,0,0,0,0,0,0,0.76589655341275,0,0,-0.12285551823465,0,0,0,0,0,0,-0.622628336581544,0,0,0,0,0,0,0,0,0,0,0,0,0,0,0,0,0,0,0,0,0,0,0,0,0,0,0,0,0,0,0,0,0,0.0607094725256132,0,0,0.419510944422832,0,0,0,0,0,0,0
0,0,0,0,0,0,0,0,0,0,0,0,0,0,0,0,0,0,0,-0.0808795748833149,0,0,0,0,-0.0128248866192644,0,0,0,0,0,0,0,0,0,0,0,0,0,0,0,0,0,0,0,0,-0.21619621234509,0,0,0,0,0,0,0,0,0,0,0,-0.0244640152001823,0,0,0,0,0,0,0,0,0,0,0,0,0,0,0,0,0,0,0.292062142322205,0,0,0,0,0,0,0,0,0,0,0,0,-1.17535785180872,0,0,0,0,0,0,0,0,0,0,0,0,0,0,0,0,0,0.0527023283368768,0,0,0,0,0,0,0,0,0,-0.0718815589708144,0,0,0,0,0,0,0,0,0,0,0.100791561109017,0,-0.553066369865366,0,0,0,0,0,0,0,0,0,0,0,0,0,0,0,0,0,0,0,0,0,0,0,0,0,0,0,0,0,0,0,0.0948511763282229,-0.105625394118141,0,0,0,0,-0.938399171873286,0,0,0,0,0,0,0,0,0,0,-1.03122975584924,0,0,0,0,0,0,0,0,0,0,-0.469940071204429,0,0,0,0,0,0,0,0,0
0,0,0,0,0,0,0,0,1.68129898402269,0,0.158923372082454,0,0,0,1.29712959057576,0,0.460143767756668,0,0,0,0,0.49122878885867,0,0,-0.51173615355328,0,-0.868819173505998,0.0302103228305266,0,0,-0.439340021041943,0,0,0,0,0,0.486224255146012,0,0,0,-0.0514428926792045,0,0,0,0,0,-0.0512229252408753,0,0,0,0,0,0,0,0,0,0,0,-4.9290873355709,0,0,-3.11476298276015,0,0.141137394580351,-0.881584572584254,0,0,0,0,0,0,0,0,0.253481967539192,0,0,0,-0.148123739741489,0,0,0,-0.204887957559595,0,0,0,0,0.339580170146329,-0.30505779130875,0,0,0,1.2310454856391,0,0,0,0,-0.943031854437443,0,0,0,0,0,-0.16529102606563,0,0.0627477707238702,0,0,0,0,0.176772057868287,0,0,0,0,0,0,10.7834728382339,-0.247006788103047,0,0.56113186861518,0,0,0,0.00143301766547044,0,0,0,0,0,0.213228317066152,0,0,0,0,0,0,0,-0.0922264976030236,0,0,0,0,0,0,0,0,0,0,-21.3912779456078,-1.34607836756184,0.650389497179503,0,0.415464797581568,0,0,0,0,0,0,-2.34834322866717,0.36802767243882,0,0,0,0,0,0,0,0,0,0.700041945274849,0,-0.42857359811694,0,0,0,0,0,0,0,0,0,-0.190653253680674,0,0,0,0.0216727370768697,0,0,0,0.19940057703984,-0.0521249141063211,0,0.628767727036434,0,0,-0.113145900344521,0,0,0
0,0,0,0,0,0,0,0,0,0,0,0,0,0,2.11575548795671,0,0.232135784970912,0.151278882149277,0,0,0,0,0,0,0,0,0,0,-0.550511710357175,0,0,0,0,0.167385272106055,0,0,0,0,0,0,0,0,0,0,0,0,0,0,0,0,0,0,0,0,0,0,0,0,-1.22483281331597,0,0,0,0,0,0,0,0,-0.359477141648728,0,0,0,0,0,0,0,0,0,0,0.112536478459409,0,0,0,0,0,0,-0.596419503539332,0,0,0,-0.0997797584494844,0,0.012710335493592,0,0,0,0,0,0,0,0,0,0,0,0,0,0,0,-0.313751150150414,0,0,0,0,0,0,0,0,3.06290383917208,0,0,0,0,0,0,0,0,0,0,0,0,0,0,-0.38739372035682,0,0,-0.0426703234566754,0,0,0,0,0,0,0,0,0,0,0,0,0,-19.5593032279403,0,0.269118872611596,0,0,0,0,0,0,0,0,0,0,0,0,0,0,0,0,0,0,0,0.0666612117010426,0,0.167756690978842,0,0,0,0,0,0,0,0,0,0,0,0,0,0,0,0,0,0,0,0,0,0,0,0,0,0,0
0,0,0,0,0,0,0,0,0,0,0,0,0,0,0.90691349312091,0,0,0,0,-0.968284445403896,0,0,0,0,0,0,0,0,0,0,0,0,0,0,0,0,0,0,0,-0.822016482649452,0,0.263486852896429,0,0,-0.349217025615305,0,0,0,0,0,0,0,-0.248300405744508,0,0.210533682611778,0,0,0,0,0,0,1.68507171771978,0,0,0,0,0,0,0,0,0,0,0,0,0,0,0,0,0,0,0,0,0,0,0,0,0,0,0,0,0,0,0,0,0,0,0,0,0,0,0,0,0,0,0,-0.539441652983583,0,0,0,0,0,0.0802357458260408,0,0,0,0,0.483676410654283,0,0,0,0,0,0,0,0,0.33910408429338,0,0,0,0,0,-0.273557077297382,0,0,-1.66618686750343,0,0,0,0,0,0,0,0,0,0,0,0,0,-17.3282026244062,0,0,0,0,0,0,0,0,0,0,0,0,0,0,0,0,0,0,0.221244725668625,0,0,0,0,0,0,0,0.00770307440950346,0,0,0,0,0,0,0,0,-0.047059033578561,0,0,0,-0.0829098150958321,1.14058217998453,0,0,0,0,0,0,0,0,0,0
0,-0.743449247333785,0,0,-0.118312482416006,0,0,0,0,0,0,0,0,0,0.903455046759062,0,-0.082931514773261,0,0,0,0,0,0,0,0,0,0,0,0,0,0,0,0,0,0,0,-2.07539163259212,0,0,-0.216019882553764,0,0,0,0,0,0,3.97675496257109,0,0,0,0,0,0,0,0.229479719429897,0,0,0,0,0,0,2.02877228630119,0,0,0,0,0,0,0,0,0,0,0,0,0.271184651906709,0,0,0,-0.41601846827618,0,0,0,0,0,0,0,0,0.254700489171342,0.189048829411419,0,0,0,0,0,0,0,0,0,0,-0.355047870357394,0,0,0,0,0,0,0,0,0,0,0,0,0,0,0,0.165524000105241,0,0,0,0,0,0,0,0,0,0,0,0,0,0,0,0,0,0,-0.890424981072244,0,0,0,0,0,0,0,0,0,0,0,0,0,-15.1910150127903,0,0,0,0,0,0,0,0,0,0,0,0,0,0,0,0,0,0,0,0,0,0,0,0,0,0,0,0,0,0,1.3107301354373,0,0,0,0,0,0,0,0,0,0,0,0,0,0,0,0,0,0,0,0
0,0,0,0,0,0,0,0,0,0,0,0,0,-1.07099145312849,0.360871188473668,-0.340591655824017,-0.432181590608031,0,0,-1.24895899146503,0,0,0,0,0,0,0,0,-0.657610282666304,-0.0167597395799535,0.319483405133473,0,0,0,0,0,-2.84953707541282,0.295675148090836,0,0,0,0,0,0.216396483286035,0,0,0,0,0,0,0,0,0,0,0.440469847484005,0,0,0,0.390314738745376,0,0,0.994018195002011,0.72238827773258,-0.134160328927938,0,0,0,0,0,0,0,0,0,0,0,0,0,0,0,0,-0.180095663980409,0,0,0,0,0.0396186438385517,0,0,0.168646602553266,0,0,0,0,0,0,0.460472487159973,0,0,0,0,0.352171917564988,0,0,0,0,0,0,0,0,0,0,0,0,0,0,0,0,0,0.109959649438807,0,0,0,0,0,0,0,-0.505242116175993,0,0,0,-0.100573082808354,0,0,0,0,0,0,-0.109326200666026,0,0,0,-0.26139322009279,0,0,0,0,0,0,-12.4451987303037,0,0,0,0,0,0,0,0,0,0,0,0,0,0,0,0,0,0,0,0,0,0,0,0.212844012297262,0,0,0,0,0,0.423075434690977,2.29532874896567,0,0,0,0,0,0,0,-0.0706919690499421,-0.0318249514833102,0,0,0,0,0,0,0,0,0,0,0
0,0,1.13092389894749,0,0.72481057031335,0,0,0.114619434162498,0,0,0,0,0,0,0,0,0,0,0,0,0,0,0,0,0,0.539744322349656,0,0,0,0,0,0,0,0,0,0,-1.42649344031131,0,0,0,0,0,0,0,0,0,0,0,0,0,0,0,0,-0.113684550197788,0,0.843657050356745,-0.0478015504379414,0,0,0,0,0,0,0,0,0,-0.254521611320869,0,0,0,0,0,0.189537888991832,0,0,-0.00320683087074181,0,1.28033597199472,-0.0846657366963113,0,-1.05127390918167,0,0,0,-0.929714557939046,0,0,0,0,0,0,-0.188537626995379,0,0,0,0,0,0,0,0,0,0,0,0,0,0,0,0,0,0,0,0,0,0,0,0.113573099272394,0,0,0,0,-0.0290593842872167,0,0,0,0,0,0,0,0,0,0,1.29260001801399,0.311295543687926,0,0,0.0890134651535801,0,0,0,0,0,0,0,0,0,0,0,0,-1.07734253744214,0.911899685212409,0,0,-0.0273820366300097,0,0,0,0,0,0,0,0,0,0,0,0,0,0,0,-0.833546125965315,0,0,0,0,0,0,0,0,0,0,0,0,0,0,0,0,0,0,0,0,0,0,0,0,0,0,0,0,-0.312094472804798,0,-0.0275014041271056
0,0,0,0,0,0,0,0,0,-0.245209557144281,0,0,0,0,0,0,0,0,0,0,0,0,0,0,0.0293822524651892,0,0,0,0,0,0,0,0,0,0,0,0,-0.668296690621709,0,0,0,0,0,0,0,0,0,0,0,0,0,0,0,0,0,0,0,0,0,0,0,0,0,0,0,0,0,0,0,0,0,0,0,0,0,0,0,0,0,0,0,0,0,0,0,0,0,-0.132965158507353,0,0,0,0,0,0,0,0,0,0,0,0,0,0,0,0,0,0,0,0,0,0,0,0,0,0,0,0,0,0,0,0,0,0,0,0,0,0,-0.142707916720492,0,0,0,0,0,0.41411577301555,0,0,0,0,0,0,0,0,0,0,0,0,0,0,0.509143628683262,0,0,0,0,0,0,0,0,0,0,0,0,0.315554990637279,0,0,0,0,0,0,0,0,0,0,0,0,0,0,0,0,0.420829034175229,0,0,0,0,0,0,0,0,-0.221501569433962,0,0,0,0,0,0,0,-0.0495327494327293,0,0,0,0,0
0,0.214021462609507,-0.101179822556225,0,0,0,-2.37028008735141,0,-1.19405251102911,0,0.498625118262516,0,0,-0.49899833105672,0,0,0,0,0.353092465004153,0.848003329619391,0,6.73242924316461,0.89883571165512,0,0,0,-0.898513640420126,0,0,0.49229093251858,0,0,0,0.719622151880171,0,0,-1.43098779378593,0,0,1.06809171356138,0,0,0,0,0,0,0,0,0,0,0,0.0700126653514592,0,0,0,0.479899813354805,-2.195556979324,-1.87248282883052,0,0,0,0,4.03001391443601,0,0,0,0,0,-0.396137635515085,-0.862272004268541,0,0,0,0,-0.179418517074056,0,0,0,-0.695671744696499,0,0.352257565598872,0,0,0,0,0,-2.17877975062183,0,0,0,0,0,1.19273387997526,0,0,0,0,0,0,0,0,-1.90089408065739,-1.43032845098064,0.369578383223788,0,1.87761013927767,0,0,0,0,0,-0.0441331228986634,0,0,-0.728089751531674,0.19169664181265,0,0,0,-0.623605338791749,0,0,0,0,0,0.384007353921286,0,-0.0426519457876786,0,0,-0.206053587000363,0,0,0,0,0,0,0,0,0,1.48043966020609,-0.116952899664411,0,0,0.219158911000972,0,0,0,0,0,0,0,0,1.28989911796765,0.348638408952465,0,-0.709680321687513,0.490799902316637,0,1.35250105281468,0,0,0,0,0,0,0,0,0,0,0,0,0,-0.0925641529555352,0,0,0,0,0,-0.586555383923713,-0.496855868988647,0,0,-3.21095107204131,0,0,0,0.361124571489187,0,0,0,0,0,0,-0.885940682694542,0,0,0,0,-2.67984274499693
0,0,0,0,0,0,0,0,0,0,0.663276070988123,0,0,0,0,0,0,0,0,0,0,1.90920771535139,0,0,0.883973684039395,-0.373324412808007,0,0,0,0,0,0,0,0,0,0,0,0,0,0,0,0,0,0,0,0,0,0,0,0,0,0,-0.447882189425061,0,0,0,0,0,0,0,0,0,0.458373485257538,0,0,0,0,0,0,0,0,0,0,0,0,0,0,0,0,0,0,0,0,0,0,0,0,0,0,0,0,0,0.552099755385608,0,0,0,0,0,0,0,0,0,0,0,0,0,0,0,0,-0.510139119117841,0,0,0,0,0,-0.0235527613753594,0,0,0,0,0.211357013978693,0,0,0,0,0,0,-0.439829333664805,0,0,0,0,0.105890828783092,0,0,0,0,0,0,0,0.191612954580195,0,0,0,0,0,0,0,0,0,0,0,0,0,0,0,0,0,0,0.238841392555631,0,0,0,0,0,0,0,-0.0163866203554515,0,0,0,0,0,0,0,0,0,0,0,0,0,0,0,-0.0395076649857147,0,0,0,0,0,-0.311738055722256,0,0,0,0,0,0,0,0,0,0
0,0,0,0,-0.744573370033166,0,0,0,0,0,0,0,0,0,0,0,0,-0.2583794637703,0.060262458180903,0,0,7.08726947081185,0,0,0.186325903473048,0,0.0272854937691349,0,0,-0.835662885710238,0,0,0,0,0,0,0.915069718726621,0,0,0,0,0,0,0,0,0,0,0,0,0,0,0,0.398009133098785,0.793315990955473,0,0,0,0,0,0,0,-0.768300529589496,0,0.294331054163287,0,0,0,0,0,0,0,-0.0495061972744377,-0.33408962365235,0,0.470166516317528,0.0874695859639323,0,0,0,0,0,0,0,0,0,0,0,0,0,0,0,0,0,0,0,0,0,-0.107805695396808,0,0,0,0,0,-0.939594754393108,0,0,0,0,0,-0.540430137980463,0,0,0,0,0,0,0,0,0,0,0,0,0,0,0,0,0,0,0,0,0,-1.05356110530866,1.54850689585501,0,0,0,0,0,0,0.409329333027908,0,0.101772293850187,0,0,0.242162435122744,0,0,0,0,0,0,0,0,0.0812170383189472,0.357478832957364,0,0,0,0,0,0,0,-0.333180780893835,0,0,0,0,0,-1.25126930942002,0,0,0,0,0,0,0.747250054103687,0,0,-0.347621636880174,0,0,-0.40758301980333,0,0,0.662714837891512,-1.05442656867305,0.193109169610731,0,0,0,0,0,0,-1.24376727080647,-0.857593073679217,0,0,0,0,0
0,0,0,0,0,0,0,-0.0990111670087046,0.0751441682873946,0,0,0,0,0,0,0,-0.471763556317892,0,0.543947322106401,0.0107520470684443,0,7.21546584785029,0,0,0,0,0,0,0,-1.02079022605628,0,0,0,0,0,0,0,0,0,0,0,0,0.0337361475933537,-0.167948375454171,0,0,0,0,0,0,0,0,0.207447560794942,0.242064800495046,0,0,0,0,0,0,0,-0.124005492640273,-0.220406110722585,0,0.16984398594141,0,0,0,0,0,0,0,-0.237641224765774,0,1.39777481548334,0.509144834101518,0,0,0,0,-1.2033831434184,0,0,0,0,0,0,0,0,0,0,0,0,0.00873517976697569,0,0,0,-0.245989843435154,0,0,0,0,0,-0.852582350829582,0,0,0,0,0,-0.330077171271068,0,0,0,0,0,0.132591235156559,0,0.0481158839428073,0,0,0,0,0,0,0,0,0,0,0,0,0,-0.63069520316664,4.13869033044516,0,0,0,0,0,0,1.09678691109892,0,0,0,0,0,0,0,0,0,0,0,0,0,0,0.0403376818260381,0,0,0,-0.290652493910431,0,0,0,-0.82209459118203,0,0,0,0,0,0,0,0,0,0,0,0,0,0,0,0,0,0,-0.688187740011289,0,0,1.54050840680347,-0.583080252789802,0.254546483487538,0,0,0,-0.587124150816206,0,0,-0.890901869111567,-1.29705443532101,0,0,0,0,0
0,0,0,0,0,0,0,0,0,0,0,0,0.362395419726647,0,0,0,-0.40543892062556,0,0,0,0,10.6480929163955,0,0,0,0,0,0,0,-0.996851001563569,1.00027763373302,0,0,0,0,0,0,-0.722987971203952,0,0,0,0,0,0,0,0,0,0,0,0,0,0,0,0.171006865432555,0,0,0,0,0,0,0,0,0,0,0,0,-0.041621557643845,0,0,0,0,-0.251108188138006,-0.026866245522922,0,1.79194023374107,0.521813248544994,0,0,0,-0.172211159839586,0,0,0,0.771509106067664,0.461590885119645,0,-0.726514919969723,0,0,0,0,0,0,0,0.0848426268466862,0,0,0,0,0,0,0,0,-0.0140613899007487,0,0,0,0,0,0,0,0.504174581861245,0,0,0,0.230501446670683,0,0,0,0,0,0,-0.0433525615468082,0,0,0,0,0,0,-0.194194665098261,0,-1.14200800912761,4.84973895096515,0,0,0,0,0,0,0.154688330962546,0,0,0,0,0.0344270905985342,0,0,0,0,0,0,0,0,0,0,0.059062969006729,0,0,0,0,0,0,0,0,0,0,-0.515992857942034,0,0,0,0,0,0,-0.731643928954652,0,0,0,0,0,0,0,-0.355853129699314,0,0,0.629722337099636,-0.0236692470339133,0,0,0,0,0,0,0,-0.132324422678844,-1.58194576301931,0,0,-0.121406617834618,0,0
0,0,0,0,0,0,-1.20520844546915,0,0,0,0,0,0,0,0,0,0,0,0,0,0.124857608275124,3.50663842974346,0,0,0,-0.0315964903867387,0,0,0,0,0,0,0,0,0,0,0,0,0,0,0,0,0,0,-0.44346340822956,-0.402553407774862,0,0,0,0,0,0,0,0,0,0,0,0,0,0,0,0,0.435391350121964,0,0,0,0,0,0,0,0,0,0,0,0,0,0,0,0,0,0,0,0,0,0,0,0,0,0,0,0,0,0,0,0.175246158982262,0,0,0,0,0,0,0,0,0,0,0,0,0,0,0,0,0,0,0,0,0,0,0,0,0,0,0,0,0,0,0,0,0,0,0,-0.449770694573435,0,0,0,0,0,0,0,0,0,0,0,0,0,0,0,0,0,0,0,0,0,0,0,0,0,0.089221486132111,0,0,0,0,0,0,0,0,0,0,0,0,0,0,0,0,-0.166618708692482,0,0,0,-0.481705036855221,0,0,0,0,0,0,0,0,0,0,0,0,0,0,0,0,0,0,0,0,0,0
0,0,1.35192277880309,0,0,0,0.26334097208259,-0.128461617506963,0,0,1.71184305364351,0,0,0,0,0,0,0,0,0.210239640706586,-0.590855154966357,3.66225780712258,0,-0.013218260901116,0,0,-0.329931280345861,0,0,0,0,0,0,0,8.47428104318967,1.95658338081888,0,0,0,0,0,0,0,0,0,0,0,-0.175282300180333,0,0,0,-0.57090696860302,0,0,-0.608931618296576,0,0,0,0,0,0,-0.765321941124342,0,0,0,0,0,0,0,0.0971633863124604,0.635877372262672,0,0,0,3.11026282490007,0,0,2.14042896157855,0,0,0,0,0,0,-0.230001480618565,-0.502995039027164,0,0,-0.432687291158691,0.282028487762007,0,-1.63847632788325,0.0910714782413493,0,0,0.847209870301328,0,0,0,0,0,0.775758962207652,0,0,0.646053275354728,0,0,-2.30051727317481,0,0,0,0,-0.190997535941781,0,0,0,0,0,0,0,2.50074823938513,-0.970861264562562,0,0,0,0,0,0.891765919467812,0.478937616820365,2.08784669531667,-2.59991996854407,0,0,0,0,0,-5.28886128073051,0,0,0,0,0,0,0,-0.423770458353036,-0.274823221539171,0,0,0,0,0,0,0.92380101114632,0.288495086240728,-0.554101821665635,0,0.485214816211756,0.599820039336254,0,0,-0.0594870873729838,0,-0.0110063174213109,0,0,0,0,0,0,0,-0.545523114236681,0,0,0,-1.92938875254173,0,0,0,-0.419713276328737,0,0,-0.750977085162762,0,0,2.9687275268247,0,-1.05277600189397,-0.764125480277011,0,0,0,0,0,0,0,0,-0.911509461156395,0.210728428896625,0,0.131822683012603
0,0,0,0,0,-0.186320816986374,0,0,-0.0819719067798399,0,0,0,0,0,0,0,0,0,0,0,0,9.05652949844174,0,0,0.196384507110224,0,0,0,0,0,0,-0.421114722616295,0,0,0,0,0,0,0,0,0,0,0,0,0,0,0,0,0,0,0,0,0,-0.358484623021391,0,0,0,0,0,0,0,0,0,0,0,0,0,0,0,0,0,0,0,0,0,0,0,0,0,0,0.439330924041423,0,0,0,0,0,-0.776802728673935,0,0,0,0,0,0,0,0,0,0,0,0,0,0,0,0,0,0,0,0,0,0,0,0,0,0,0,0,-0.0549912242225798,0,-0.872737458928274,0,0,0,0,0,0,0,0,0,0,0,-0.148075272489005,0,-0.845392609009548,0,0,0,0,-0.0101651786527333,0,0,0,0,0,0,0,0,0,0,0,0,0,0,0,0,0,0,0,0,0,0,0,0.75655582766479,0,0,0,0,0,-1.96148678501882,0,0,0,0,0,0,0,0,0,0,0,0,0,0,0,0,-0.135961012284543,0,0,0,0,0,0,0,0,0,0,0,0,0,0,0,0
0,0,0,0,0,0,0,0,0,0,-0.120116803866473,0,0,0,0,0,0,0,0,0,0,13.9173486122182,0,0,0,0,0,0,0,0,0,0,0,0,0,0,0,0,0,0,0,0,0,0,0,0,0,0,0,0,0,-0.377393339795976,0,0,0,0,0,-0.592861469162765,0,0,0,0,0,0,0,0,0,0,0,0,0,0,0,0,-0.466832285580544,0,0,0,0,0,0,0,0,0,0,0,-1.50369666398362,0.126918638595776,0,0,0,0,0,0,0,0,0,0,0,0,0,0,0,0,0,0,0,0,0,0,0,0,0,0,0,0,0,-0.762274761294411,0,0,0,0,-0.997291974017818,0,0,0,0,0,0,-0.48354409388414,0,0,0,0,0,0,0,0,0,0,0,-0.00311780017949559,0,0,0,0,0,0,-0.303397050526796,0,-1.0065223460569,0,0,0,0,0,0,0,0,0,0,0,0,0,0,0,0,0,0,0,0,0,0,0,0,0,-0.99105875150709,0,0,0.867971187927345,0,0.657033392205546,0,-0.042174952299908,0.602272900094474,0,0,0,0,0,0,0,0,0.287736084042697,0,0,0,0,0,0
0,0,0,0,0,0,0,0.376016049316764,0,2.47990032715008,2.10860720314661,0,0.529623530577927,0,0,0,0,0,-0.876976512512223,-0.297683546542687,0,9.61540520864411,0,0,0,0,0,0,0,0,0,0,0,0,0,-0.380683560716002,0,0,0,0,0.24203252182905,0,0,-0.0187140207279535,-0.34439518050737,0,0,0.290433932460962,0,0,0,0,0,0,0,0,0,4.66036712863231,0,0,0,0,0,-0.850703568115459,0.0122758749584211,0,-0.532930478115892,0,0,0,0,0,0,0,0,0,0,0,0,0,0.373949401385312,0,4.53676680788247,0,0,0,1.95835282757584,0,0,0,0,0,-0.218936459686036,0,0,0,0,0,1.11103585842764,0,0,0,0,0,0,0,0,0,0,0.386926199013527,0,0,1.00562247574661,-2.89832059814757,0,0,0,0,0,0,0,0,0,0,0,0,0,0,0,0,-1.67587544900623,0.238656988581833,0,0,0,0,-0.313397410866413,0,0,0,1.70580151189371,0.695083417386246,0,0.659520799574216,0,1.02482264056686,0,0,0,0,0,0,0,0.53307468528443,0,0,0.547046365895604,0,0,0,0,0,0.185592945453604,0,0,0,0.88512290052895,0,2.08524201797157,0,0,0,0,-0.212014952804413,-1.53632928592623,0,0,0,0,0,0,0,0,0,0,0,0.200738402826392,0,0,0,0,0,0,0,1.78830541879568,0,0.420580122613779,0,-0.421054450918288,0
0,0,1.50920798614876,0,0.178201661108975,0,0,0,0,-0.888491119056313,0,0,0,0.293046144548553,0,0,0,0,0,0,0,18.1592090061712,0,0,0,0,0,0,0,0,0,0,0,0.618543704966868,0,0,0,0,0,0,0.0871697896935877,0,0,0,0,0,0,0,0,0,0,0,0,0,0,0,0,0,0,0,0,0,0,1.83723868769337,0,0,0,0,0,0,0,0,0,0,0,0,0.35870002496201,0,0,0,0,0,0,0,0,0,0,0,0,0,0,0,0.148343068648588,0,0,0,0,-0.142763577354398,0,0,0,0,0,0,0,0,0,0,0,0.274358381784119,0,0,0,0,-0.726082238608175,0,0,0,0,0,0,0,0,0,0,0,0,0,0,0,-0.0108336651786842,0,0,0,0,0,1.39744957893291,0,0,0,0,0,0,0,0,0,0,0,0,0,-0.926283849249071,0,0,-0.148558480436631,0,0,0,0,0,-1.25346599569611,0,0,0,0,0,0,0,0,0,0,0,0,0,0,0,0,0,0,0,0,0,0,0,0,0,0,0,0,0,0,0.137415836313707,0,0,-0.356474452935167,0,0,0,-1.12764584653337,0,0
0,-0.312529038502359,0.86208544210463,0,0,0.687529992669583,1.05704003684953,0,0.942223929325487,0,0,0,-0.516021990615347,1.34906757830712,0,0,-0.156076836282534,0,0,0,0,9.01727307919358,0,0,0,0,0,0,0,0,0,0,0,0.615652200412868,0,0,0,0,0,0,0,0,0,0,0,0,0,0,-1.87623263999875,0,0,0,0,0,0.309181303163234,0,0,0.153571639433116,0,0,0.92568219734426,0,0,0,0,0,0,0,0.129454864160369,0,0.500132264957762,3.60165828719679,-1.74751551770031,0,0,0.0112072847818994,0,0,0,0,0,0,0,0,0,0,0,0.773050962759088,0,0,0,0,0.285054985354557,0,0,0,0,0.640485042645853,1.16114237399969,0.376454004325098,0.296174615062959,0,0,0.122148460826417,0,0.161753818950053,0,0,0.66266629322487,0.715525886558965,0,-1.68756773518856,0.0496312322199237,0,0,0,0,0,0,0,0,0,0,0,0,0,0,0,0,2.98010307965156,0,2.3614813482328,0,0,0,0,0,0,0,0,0,0,0,0,0,1.23347565955354,0,0,0,0,0,0,0,0,0,0,0,0,0,0,-0.0979414015294759,-0.52533473904356,0,0,0,0,0,0,0,0,0,0,0,0,0,0.0321068776490339,0,0.371585172024193,0,0,-0.0660833250509243,-1.00190089294365,0,0,-0.853895513792556,-0.417068693781347,0,0,0,0,0,-0.204801524720962,0,0,0,0,0,0,0,0
0,0,0,0,0,0,0,0,-0.251794445975908,0.0233620473596443,0,0,0,0,0,0,0,0,0,0,0,9.4385476599611,0,0,0,0,-0.14284564022757,-0.110294837747015,0,0,0,0,0,0,0,0,-0.455503648441593,0,0,0,0,0,0,0,0,0,0,-3.01327608917954,0,0,0,0,0,0,0,0,0,0,0,0,0,0,0,0,0,0,0,0,0,0,0,0,0,0,0,0,0,0,0,0,0.988257490922855,0,0,0,0,0,0,0,0,0,0,0,0,0,0,0,0,0,0,0,0,-0.413719877557056,0,0,0,0,0,0.416216904428029,0,0,0,-0.213694248147913,0,0,0,0,0,0,0,0,0,0,0,0,0,0,0,0,0,0.714198880952267,0.179288440964541,0,0,0,-0.152095235402563,0,-0.118757866494895,0,0,0,0,0,0,0,0,0,0,0,0,0.275489582092736,0,0,0,0.210362002549165,0,0,0,0,0,0,0,0,0,0,0,0,0,0,0,0,0,0,0,0.327189352157335,0,0,0,0,0,0,0,0,0,0,0,0,0,0,0,0,0,0,0,0,0.476399103085555,0,0,0,0,0
0,0,0,0,0,0,0,0,0,0.0016017677446083,0,0,0,0,0,0,0,0,0,0,0,12.668149528561,0,0,0,0,0,0,0,0,0,0,0,0,0,0,0,0.692491192845191,0,0,0,0,0,0,0,0,0,-3.78492317738367,0,0,0,0,0,0,0,0,0,0,0,0,0,0,0,0,0,0,0,0,0,0,0,0,0,0,0,0,0,0,0,0.031359526277301,0,0,0,0,0,0,0,0,0,0,0,0.182668109420201,0,0,0,0.0363591912997117,0,0,0,0,0,0,0,0,0,0,0,0.214289678083699,0,0,0,0,0,0,0,0,0,0,0,0,0,0,0,0,0,0,0,0,0,0.132023719466336,0,0,0,0,0,0,0,0,0,0,0,0,0,0,0,0,0,0,0,0,0,0,0,0,0,0,0,0,0,0,0,0,0,0,0,0,0,0,0,0,0,0,0,0,0,0,0,0,0,0,0,0,0,0,0,0,0,0,0,0,0,0,0,0,0,0,0.487503357220859,0,0,0
0,0,0,0,0,0,0,0,0,0,0,0,0,0,0,0,0,0,0,0,0,12.7317059914058,0,0,-1.04695827510571,0,0,0,0,0,0,0,0,0,0,0,0,0,0,0,0,0,0,0,0,0,0,0,0,0,0,0,0,0,0,0,0,0,0,0,0,0,0,-0.0295333029737033,0,0,0,0,0,0,0,0,0,0,0,0,0,0,-0.439465056970012,0,0,0,0,0,0,0,0,0,0,0,0,0,0,0,0,0,0,0,0,0,0,0,0,0,0,0,0,0,0,0,0,0,0,0,0,0,0,0,0,0,0,0,0,0,0,0,0,0,0,0,0,0,-1.22962949233169,0,0,0,0,0,0,0,0,-0.244943702440298,0,0,0,0,0,0,0,0,0,0,0,0,0,0,0,0,0,0,0.118426414673208,0,0,0,0,0,0,0,0,0,0,0,0,0,0,0,0,0,0,0,0,0,0,0,0,0,0,-0.278514714702419,0,0,0,0,0,0,0,0,0,0,0,0
0,0,0,0,0,0,0,0,-0.360603500861635,0,0,0,0,0,0,0,0,0,0,0,0,13.5953060531418,0,0,0,0,0,0,0,0,0,0,0,0,0,0,0,0,0,0,0,0,0,0,0,0,0,0,0,0,0,0,0,0,0,0,0,-0.331751277350437,0,0,-0.48236875528558,0,0,0,0,-0.105315938765788,0,0,0,0,0,0,0,0,0,0,-1.7949038934324,0,0,0,0,0,0,0,0,0,0,0,0,0,0,0,0.202785323670292,0,0,0,0,0,0,0,0,0,0,0,0,0,0,0,0,0,0,0,0,0,0,0,0,0,0,0.0431641449971967,0,0,0,0,0,0,0,0,0,0,0,0,0,0,0,0,0,0,0,0,0,0,0,0,0,0,0,0,0,0,0,0,0,0,0,0,0,0,0,0,0,0,0,0,0,0,0,0,0,0,0,0,0,0,0,0,0,0,0,0,0,0,0,0,0,0,0,0,0,0,0,0,0,0,0,0,0,0,0,0
0,-0.34510345343863,0,0,0,0,0,0,0,0,-4.00322584415851,0,0,0,0,0,0,0,0,0,0,3.87416327041306,0,0,0,0,0,0,0.273652200963269,0,0,0,0,0,0,0,-0.697127380558353,0,0,0,0,-0.58168602742246,0,0,0,0.414873046027919,2.63883854212946,0,0,0,0,0,0.781144989184764,0,0,0,0,0,0,0,0,0,0,0,0,0,0,0,0,0,-0.489467542624362,0,0,0,0,0,0,0,0,0,0,0,0,0.36847864506348,0,0,0,0,0,0,0,0,-0.829662891026905,0,0,-0.190506307210212,0,0,0,0,0,0,0,0,0.231680544622495,0,0,0,-0.0778339849920653,0,0,0,0,0,0,0.27075510179707,0,0,0,0,-0.512252481416575,0.0604719386516317,0.351585517658891,0,0,0,0,0,0,0,0,0,0,0,0.160417410968203,0,0,0,0,0,0,0,0,0,0,0,0,-0.584845903021272,0,0,0,0,-0.688888954675219,0,0,-0.778834207771476,0,0,0,0,0,0,2.17215498608457,0,0,0,0,0,0,0.0670589164744868,0,0,-0.0441653815834162,0,0,1.46948535387223,0,0,0,-0.977554439988855,0,0,0,0,0,0,0,0,0,0,-0.185490110485186,0,0,0,0,0,0.0812577169886914,0,0,0
0,0,0,0,0,0,0,0,0,0,-0.619628128896651,0,0,0,0,0,0,0,0,0,0,2.68495583145237,0,0,0,0,0,-0.923155196737055,0,0,0,0,0,0,0,0,0,0,0,0,0,0,0,0,0,0,0.552241568705277,0,0,0,0,0,0,0,0,0,0,0,0,0,0,0,0,0,0,-0.162898066116518,0,0,0,0,0,0,0,0,0,0,0,0,0,0,0,0,0,0,0,0,0,0,0,0.281274490753615,0,0,0,0,0,0,0,0,0,0,0,0,0,0,0,0,0,0,0,0,0,0,0,0,0,0,0,0,0,0,0,0,0,0,0,0,0,0,0,0,0,0,0,0,0,0,0,0,0,0,0.0896794443133311,0,0,0,0,0,0,0,0,0,0,0,0,0,-0.132307648772095,0,0,0,0,0,0,0,0,0,0,0,0,0,0,0,0,0,0,0,0,0,0,0,0,0,0,-0.784363603755417,0,0,0,0,0,0,0,0,0,0,0,0,0,0,0,-0.173587539783411,0,0
0,0,0.257412998539121,0,0,0,0,0,0,0.72618146868098,0,0,0,-0.0938113683003365,0,0,0,0,0,0,0,5.91466176654959,0,0,0,1.34220934949184,0,0,1.54009918880683,0,0,0,0,-0.386103828680611,0,0,0,0,0,0,0,0,0,0,0.0865311981945414,0,0,0,-0.0142302124718874,0,0,0,0,0,0,0,0,0,0,0,0,0,0,0.172552947954407,0,0,0,0,0,0,0,0,0,0,-0.317181626627082,0,0,0,0,0,0,0,0,0,0,0,0.169858378823421,0,0,0,0,-0.11668378728575,0,0,0,0.049588831057513,0,0,0,0,-0.775338798813749,0,0,0,0,0,0,0,0,0,0,0,0,0,0,0.118077233715827,0,0.0877687208298179,0,-0.021077787414159,0,0,0,0,0,0,0,0,0,0,0,0,0.0863452564069656,0,0,0,0,0,0,0,0,0,0,0,0,0,0,0,0,0,0,0,0,0,0,0,0,0,0,0,0,0,0,0,0,0,0,0,0,0,0,0,0,0,0,0,0,0,0,0,0,0,0,0,0,0,-0.653022920629152,0,0,0,0,0,0,0,0.00672723311077505,0,0,-0.116001310164621,0,0
0,0,0,0,0,0,0,0,0,0,0,0,0,0,0,0,0,0,0,0,0,0,0.0525802000686979,0,0,0,0,0,0,0,0,0,0,0,0,0,0,0,0,0,0,0,0,0,0,0,0,0,0,0,0,0,0,0,0,0,0,0,0,0,0,0,3.96555271776787,0,0,0,0,0,0,0,0,0,0,0,0,0,0,0,0,0,0,0,0,0,0,0,0,0,0,0,0,0,0,0,0,0,0,0,0,0,0,0,-0.207410400999585,0,0,0,0,0,0,0,0,0,0,0,0,0,0,0,0,0,0,0,0,0,0,0,0,0,0,0,0,0,0,0,0,0,0,0,0,0,-0.495471002132635,0,0,0,0,0,0,0,0,0,0,0,0,0.0500469050246752,0,0,0,0,0,0,0,0,0,0,0,0,0,0,0,0,0,0,0,0,0,0,0,0,0,0,0,0,0,0,0,0,0,0,0,0,0,0,0,0,0,0,-0.00139411150329449,0,0,0
0,0,0,0,0,0,0,0,0,0,0,0,0,0,0,0,0,0,0,0,0,0,0,0,-0.682651765949339,0,0,-2.25494705134962,0,0,0,0,0,0,0,0,0,0,0,0,0,0,0,0,0,0,0,0,0,0,0,0,0,0,0,0,0,0,0,-0.0147276568270198,0,0,0,0,0,0,0,0,0,0,0,0,0,0,0,-0.233831394141517,0,0,0,0,0,0,0,0,0,0,0,0,0,0,0,0,0,0,-0.0238997808547692,0,0,0,0,0,0,0,0,0,0,0,0,0,0,0,0,0,0,0,0,0,0,0,0.018218861218799,0,0,0,0,0,0,0,0,0,0,0,0,0,0,0,0,0,0,0,0,0,0,0,0,0,0,0,-7.01218938999295,0,0,0,0,0,0,0,0,2.33640184352445,0,0,0,0,0,0,0,0,0,0,-0.371311453012837,0,0,0,0,0,0,0,0,0,0,0,0,0,0,0,0,0,0,0,0,0,0,0,-0.101065842167605,0,0,0,0,0,0,0,0,0
0,0,-0.67650814783516,0,0,0,0.0413365319524395,0.110558153162912,-0.636683228278899,0,0,0,-0.0590717748513103,-0.242050945917146,0,0,0,0,0.855666765943394,0,0.302956859006553,0,0,0,0,0,0.0373627150437394,0,0,0,0,0,0,0,8.96482624026997,0,1.61737478414616,0,0,-0.0615313052232433,0.633388904285268,0,0,0,0,0,0,0.853948934570496,0,0,0,0.454466763716254,0,0,0,-0.559353679444038,0,0,0,0,0,0,-1.08276310932223,0.0590145889108566,0,0.239203496816553,0,0,0,-0.0873938449902898,-1.2102434043723,0,0,0,11.6161450998367,0,0,0,0,-0.922513820013393,0,-1.93288390233913,0,-1.2791009292802,0,0.0921253564491056,0,0,0,0,0,-0.185481821771035,0,0,0,-0.364540999509338,0,0,0,0,0.538546864566331,0,0.0726374636291249,0,0,0,0,0.299518021898514,0,0,0,0,0,0,0,0,0,0,0,-0.218845072854223,0,0,1.59538685924171,0,0,-0.766330602862089,0,0,-0.289173174973442,-4.03735999890281,0,-0.286117237751748,0,0,0,0,2.27799300171271,0,0,0,0,0.0336579601734539,0,1.48889957682709,0,0,0,0,0,0,0,0,0.813121523577998,0,0,-0.0409343807259066,0,-0.170514872793076,0,0,0,0,0,1.17834998198883,0,0,0,0,0,0,0,0,0,0,0.55873535168278,0,0.0192662572234119,0,0.921965845561035,0,0,0,0,0,-2.55646442803241,0,-0.870527445485007,-0.780610781152723,0,0,0,0,0,0,0,0,0.0383775619784432,-1.37791700638073,0,0
0,0,0,0,0.674655892088151,0,0,0,0,0.853576502725567,0,0,0.227804177798808,0,0,0,0,0,0,0,0,0,0.328593603524471,0,0,0,0,0,0,0,-0.127586049123595,0,0,-0.282071960417331,7.47517429017746,0,0.626229054698011,0,0,0,0.755503952735154,0.146090162985132,0,-0.433128503007728,-0.342036123016641,0,0,0,0,0,0,0,0.171782763582011,0,0,0,0,0,-0.112779268797087,0,0,0,0,0,-0.00068277114769888,-0.566178656191719,0,0,0,0,0,0,0,0,10.5352659033524,0,0,-0.0510220512097728,0.811788480362465,0,0,-1.30584131076785,0,0,0,0.524110103137182,0,0,0,0,0,0,0,0,0,0,0,0,0,0,1.07696463822665,0,0,1.01990227432846,0.224764922366096,0,0,0.174233809781965,0,-0.831423661122911,0,0,0,0,1.29713637000884,0,0,0,0,0,0,0,0,0,0,-0.147085897814454,-0.218364953259887,0,0,-0.910214552157258,0.807876957774052,0.212480087132618,0,0.496310278125372,0,0,0,0,0,0,0,0,0,0,0,0,0,0,0,0,0,0,0,0,-0.332568607465343,0,0,0,0,0,0,0,0,0,0,0,0,0,0,0,0,0,0,1.14450619742209,0,0,0.523043698489853,0,0,0,0,0,0,0.526769004926325,0,0,-0.777381203772509,0,0,0,0,0,-0.0920248663409537,0,0,0,0,-0.14433134280122,0,-0.110076704637907
0,0,0,0,0,0,-0.443045211526821,0,0,0.592802258705098,0,0,0,0.0484003001351434,0,0,-0.388114509376209,0,0,0,0,0,-0.762319446921699,0,-0.654321058498798,0,0,0,0,-0.191472105006484,0.247499692448631,0,-0.164727292255335,-0.207364960008117,16.4466858702959,0,0,0,0,0,0.0402314059560844,0,0,0,0,0,0,0,0,0,0,0,0,0,0,0,0,0,0,0,0,0,0,-0.101257092200838,0,0,0,0,0,0,0,0,0,0,-1.90763586447755,0,0,0,0,0,0,0,0,0,-1.42470247190952,0,0,0,0,0,0,0,0,0,0,0,0,-0.247322454379687,0,0,0.240702430559772,0,0,0,0,0,0,0,0.679224902737263,-0.440470220240789,0,-1.14526550726353,0,0,0,0,0,0,0,0,0,0,0,0,0,0,0,0,0,0.327685532387227,0,0,0,0,0,0,0,0,0,-0.85538691638219,0,0,0,0,0,0,0,0,0,0,0.0950433780463649,0,-0.629180111440231,0,0.658132824999271,0,0,0,-0.000844370378995318,-0.337133418816764,0,0,0,-0.244385918777943,0,0,0,0,0,0,0,0,0,0,0,0,0,0,-0.50396760165776,0,0,0,0,0,0,0,0,0,0,0,0,0,0,0,0,0,0,0.583012834841683,-0.297525693403555,0
0,0,-1.48927527274237,0,0,1.07739582690596,-0.831582429036327,0,0,0,0,0,-0.768910474462942,0,0,0,0,0,1.2520160086342,0.265110810798554,0,0,0,0,0,0,0,0,0,0,0,0,0,0,20.1212320350378,-0.140229519175401,0,0,0,-0.369281719115539,0,0,0,0,0,0.409939224871906,0,0.0288795408363358,0,0,0,0,0,0,0,0,0,0,-0.526744733413474,0,0,0,0,0,0,0,0,0,0,0,0,0,0,0,-6.03963569182019,0,0,0,-0.561347526581852,0,0,0,0,0,0,2.93374397547307,0,0,0.763600895107407,0,0,0,-0.457731085987857,0,0,0,0,0,0,-0.395002304815765,0,0,0,0,0,0,0,0,0,0,0,0,0,0,0,0,0,0,0,0,0,0,0.708771336380697,0,0,0,0,-0.643093728708544,0,0,0,0,0,0,0,0,0,0,0,0,0,0,0,1.04716251562542,0,0,0,0,0,0,0,0,0,0,2.09958565697615,0,0,-0.399598225926419,0,0,0,0,0,0,0,0,0,0,0,0,0,-0.254183521507999,0,0,0,0,0,0,0.324897611788981,0,0,0.436151914775995,0,0,-0.444683695480357,0,0,0,0,0,0,0,0,0.478748032635141,1.59530970425592,0,0.042832438861514,0,0,-1.38301051428235
0,0.261399171344228,0,0,0,0.580520962076631,0,0,0,0,0,0,-0.571768637496977,0,0,0,0,0,0.305910658845328,0,0,0,0,0,0,0,0,0,0,0,0,0,0,0,18.5052932016563,-0.720002588214747,0,0,0,0,0,0,0,0,0,0,0,0,0,0,0,0.0845290977118522,0,0,0,0,0,0.240418112489548,-0.447791938300927,0,0,0,0,0,0,0,0,0,0,0,0,0,0,0,-4.4462891494276,0,0,-0.751308243845365,0,0,0,-0.228232353227175,0,0,0,0,0,0,1.04700515729167,0,0,0,-0.94175921678807,0,0,0,0,0,0,-0.0284775504575514,0,0,1.11696284137137,0,0,0,0,0,0,0,0,0,0,0,0,0,0,0,0,0,0,0,0,0,0,0,-1.0156396823088,-0.549692688733535,0,0,0,0,-1.39023016562641,0,0,0,0,0,0,0,0,0,0,0.632896860659298,0,0,0,0,0,0,0,0,0,0,0.61603003549174,0,0,0,0,0,0,0,0,0,0,0,0,-0.0141988542049658,0,0,0,0,0,-0.0891953717418845,0,0,0,0,0.124110340256037,0.229022208012565,0,0,0,0,0,0,0,0,0,0,0,0,0,0,1.3487630467379,0,0,-0.751816658164526,0,0
0,0,0,0,0,0,0,0,0,0,-0.0550795129454353,0,-1.19325376856752,0,0,0,0,0,1.12529259681633,0,0,0,0,0,-0.158837088479569,0,0,0,0,0,0,0,0,0,18.6394535980413,0,0,0,0,0,0,0,0,0,0,0,0,0,0,0,0,0,0,0,0,0,0,0,0,0,0,0,0,-0.381709215350285,-0.11371575047289,-1.92071343082916,0,0,0,0,0,0,0,0,-2.76524494985949,0,0,0,0.893967484239609,0,0,0,0,0,0,0,0,0,0.804542845958201,0,0,0,-0.0298232087629138,0,0,0,0,0,0,0,0,0,1.4355968603242,0,0,0,0,0,0,0,0,0,0,0.745170005732407,0,0,0,0,0,-0.186645721337949,0,0,0,0,0,0,0,-0.284214832510461,0,0,0,0,0,0,0,0,0,0,0,0,0,0,0,0,0,0,0,0,0,0,0,0,0,0,0,0,0,0,0,-0.0608604868943792,-0.0602378392102132,0,0,0,0,0,0,0,0,0,0,0,0,0,0.0148527346402083,0,-0.250150997517259,0,0,0,0,0.229009718124887,0,0,0,0,0,0,0,0,-0.629533068600236,0,0,0,0.452018708753296,0.01342950844033,0,-0.263116102542317,0,0
0,0,0,0,-0.247363791621491,0,0.148418295485371,0,0,0.827456453968951,3.53417321916182,0,0,0.269669904961405,-0.65686786867403,0,0,0,0,-1.56703957115938,0,0,5.55561129932589,0,0,0,0,-1.10575306111441,0,0,0,0,0,0,16.1414362140372,0,0,0,0,-0.200193285286243,-1.74907210948925,0,-0.033166951833155,0,-0.693829595739144,0,0,0,0,0,0,-1.29259156175477,0,-0.144134461503972,0,0,0,1.92513976934203,0,0,0,0,0,0,0,0,0,0,0,0,0,0,0,0,6.27343889963721,0,0,0,-1.05965842700484,0,0,0,0,0,1.23555636122934,0,0,0,-0.160823805164372,0,0,1.17937689863377,0,0,0,0.869989917100749,0,0,-0.391059257370612,0,2.41538350672213,0,-0.721638943839817,0,0,0,0,0,0.70139252379058,0,0,0,0,-0.199392764371775,-0.42816335366766,0,0,0,0,1.70674976571761,0,0.226460896244048,-0.72286440900458,0,0,0,0,0,-0.991467189113227,-3.93013852274043,0,0,0,0,0,0,0.692920425265777,0,0,0,-0.0983458996807238,0,0,1.06798272534184,0,0,0,0,0.0490033431144934,0,0.298810871954012,0,0,0,0,0,0,0,0,0,0,0,0,0,0,0,0.0846306886500308,0,0,-0.118963458293323,0,0.0148779251841522,0,-0.425763487770399,0,-0.226971147994653,0.382985604316132,0,0.758507925545174,0,0,0.996081793906483,0,-0.566026707015062,-0.908487105391813,0,0,0.352180005148279,0.607074890391642,0,0,0,0,0.199909526444196,0,0,0.0938226860612166,0,0,0
-0.0293941445201609,0,0.281719320075836,0,0,0,0,1.12690916696807,0,0,0,0,0,-0.458665787070259,0,0,0,0,0,0,0,0,0,0,0,0,0,-0.636209162842604,-0.590484836949399,0,0,0,0,0.62778569955524,8.93462896815395,2.38431992351156,0,0,0,0,0,0.0665762527073597,0,0,0,-0.677090036396051,0,-0.0576749737102935,0,0,0,0,0,0.267090364405793,0,0,0,0,0,-0.00794409622801862,0,0,0,0,0,0,0,0,0,0,0,0,0,0,6.80695818626122,0,0,0,-0.142222283623863,0,0,0,0,0,0,0,0,0,-1.05055272230919,0,0,0,0,0,0,0,0,0,0,0,0,0,-1.1558997227017,0,0.918914206361799,0,0,0,0,-0.00565242099362351,0,0.24372467005909,-0.582993638300583,0,0,-1.86851850012367,0,0,0,0,0,0,0,0,0,0,0.00174311515844128,1.0638365438884,0,0,0,0,0,0,0.277722774145919,0,0,0,0,0,0,0,0,0,0,-0.105057805038005,0,0,0,0,0,0,0,0.298449676630144,0,0,0,0.012373459058425,0,-0.0252257201121562,0,0,0,0,0,0,0,0,0,0.205317780860766,-0.380433655193959,0,0,0,0,0.44149492488974,0,0,0,0,0,-0.894964389930341,0,0,0,0,-0.459577276598905,0,-1.03096030967512,0,0,0,0,-0.2971698772461,-2.30038022910231,0,0,0.30961935404994,0,0
-0.196921751069925,0,0,0,0,0,0,0.552174961702404,0,-0.330425458790815,0,0,0,-0.307798796333564,0,0,0,0,0,0,0,0,0,0,0,0,0,0,-0.644123253380195,0,0,0,0,0,7.08874449251341,2.07377413890762,-0.752861232655114,0,0,0,0,0,0,0,0,0,0,-0.358226471578832,0,0,0,0,0,0.103973233986544,0,0,0,0,0,0,0,0,0,0,0,0,0,0,0,0,0,0,0,0,5.71452412251645,0,0,0,0,0,0,0,0.0169096340109787,0,-0.666173270777194,0,0,0,-0.664968786488055,0,0,0,0,0.0424030163981295,0,0,0,0,0,0,0,0,-0.613808828681549,0,0.273015193343134,0,0,0,0,0,0,0,0,0,0,-0.430787212015768,0,0.473413541223477,0,0,0,0,0.517228096240298,0,0,0,0,0.820758252654157,0.0564640873268709,0,0,0,0,0,0.296227346030404,0,-0.467959214350053,0,0,0,0,0,0,-1.04580356254257,0,-0.347225914733418,0,0,0,0,0,0,0,0,-0.556557584682075,0,0.235072316958737,0.236783988565054,0,0,0,0,0,-0.62286532376923,0,0,0,0,0,0.348903455808688,0,0,0,0,0,1.88287015930561,0,0,-0.021828696044873,0,0,-0.442537963126253,0,0,0,0,-0.851446826115046,0,-0.850378339949267,0,0,0,0,-0.328671196652577,-1.5657824544752,0,-0.306204325244465,0.270434998694235,0,0
0,0,0,0,1.59996375873254,0,0,0,0,0.56429421511918,0,0,0,0,0,0,0,0,0,0,2.0176175240817,0,0,0,0,-0.0643195144459812,0,0,0,0,0,0,0,0.174332472667912,2.25162764027528,-0.10210620209632,0.388977361333291,-1.33136005497152,0,0,0,0,-0.733810359733578,0,0,0,0,0,0.0481868539667745,0,0.365366338170667,0,0,0,0,0.849523640828804,0,0,0,0,0,0.595874005614919,0,0,0,0.300867335564958,-0.0726618392107263,0,0,0,0,-0.219471593176199,0.414976384591908,-0.933821596864283,6.47902231661217,0.484319777787829,0,0,0,0,0,-2.49690750308817,0,-0.754772847809453,0,-1.42821603578372,0,0,0,0,0,-0.744536945714127,0,0,0,0,0,0,-0.349052145597367,-1.50593667192014,0,-1.07682684654393,1.69645387975624,0.541378774686967,0,-0.467823001233265,0,0.427895949730109,0,0,0.0913370138720457,0,0,0,0,-0.766549226439651,0,1.1487749094643,0,0,0,-3.78708017356325,0,0,0,0,0,0,0,-3.48175326454858,0,0,0,0,-0.112362748508179,1.73868310816122,0.683086532696924,0.867455914857231,0,0,0,-0.401417209635169,-0.161348172365649,0,0.321304675089493,0,0,0,0,0,0.89135813862267,-0.434222555838867,0,0.158714025179936,0.875684399580574,-1.730040163994,0,0,0,0.0100356002889046,0,0.279763737079759,0,0,0,-0.378995670913512,0,0,0,-0.388597617691737,0,0,0,0,2.23098545288464,0,0.0850433085113413,-0.329964529102645,0.0401180418673883,0,0,0,0,0,0,-0.405607110631581,0,0,1.3417338997681,0,0,0,0,0,4.50339605973832,0.43618537187409,0,0,0,-0.624355079942265
0,0,0,0,0,-0.292389434207649,0,0.951197891830985,1.02717416653066,0,0.16309470073833,0,-0.322968192176586,0,0,0,0,0,2.76323670105554,0,0,0,0.381474366433552,0,0,0,-0.278549307993875,-1.19674521981018,0,0.662223131722813,0,0,0,0,2.69830057954831,0,0,-0.172268466630008,0,0,0.248714443201757,0,0,0,0,0,0,0,0,0,0,0,0,0.631802671459087,0,0,0,0,0,0,0,0,0.0454047337071353,0,0.578022233793154,0,0,0,0,0,1.23277399372065,0,0,0,4.42675536880068,0,0,0,0,0,0,-1.15402718447535,0,-0.813993483151915,0,-2.52002188435566,0,0,0,0,0,0,0,0,0,0,0,0,0,0,0,0,0.320516617956005,0.308311522492051,0,0,0.0235512384860774,2.30405325359976,0,0,0,0,0,0,0,-0.163905240189349,0,0.620795722184866,0,0.455670625804443,0.538146249981856,-2.83607129440961,0,0,0,0,0,0,0,0,0,1.22164747383886,0,0,-0.935894350858407,0,0,0.111832077212674,0,0.341990630830271,-0.0802559162621996,0,0,0,0,0,0,0,0,0,1.6546348372205,-0.376130545461085,0.557600491514913,-2.23387365004794,0.389515869685355,0,0,0,0,0,0,0,0,0.688897829675751,0,0,0.383246997360577,0,0.49547114569113,-0.673238803185527,0,0,0,-0.689852372849693,2.09373960189529,1.2661749678169,1.10610220772449,0,0.615223047434207,-0.207291616639248,0,0,0,0,0.941051508410677,0,0,0,0,0,0.800550953043117,0,0,0,0,0,0,0,0,0
0,0,0.614913791407401,0,-1.20880303933676,0,0,0,0,0,0,0,0,0,0,0,0,0,-0.307988927439783,0,-0.833427911476774,0,0,0,0,0,0,0,0,0,0,0,0,0,18.9645297452767,0,0,0,0,0,0,0,0,0,0,0,0,0,0,0,0,0,0,0,0,0,0,0,0,0,0,0,0,0,0,0,0,0,0,0,0,0,0,0,0,0,-2.06916027275222,0,0,0,0,0,0,0,0,0,0,0,0,0,0,0,1.39160557453223,0,0,0,0,0,0,0,-1.06578295221394,0,0,0,0,0,0,0,0,0,0,0,0,0,0,0,0,0,0,0.209715323002015,0,0,0,0,0,0,0,0,0,0,0,0,0.36087153980363,0,0,-0.936393570133131,0,0,0,0.120378552042478,0,0,0,0,0,0,0,0,0,0,0,0,0,0,-0.75326962719861,0,0,0,0,0,0.463432838339815,0,0,0,0,0,0,0,0,0,0,0,0,0,0,0,0,0.0173512625350873,0,0,0,0,0,0,0,0,0,-0.320367008479792,0,-0.188956472983762,0,0,0,0,-2.08923436481438,0,-0.386512162585382,0,0,0
-0.578902048288646,0,0,0,0,1.34551787534541,0,1.33724814168278,-2.34621255858249,0,0,0,0,0,0,-0.58917555181046,-0.704932661644708,4.2498588905807,0,0,0,2.28902339848979,-0.828858176169529,0,-0.164951814283367,0,0,0,0,0,-0.842759675329072,0,0,0,0,0,0,-1.76816971223944,0,0,-0.144478602552371,0,0,-0.243458857505897,-0.83224705579709,0,0,0,0,0,0,0,0,0,0,0,0,0,0,0,0,2.62380406594747,0,0,0,-0.821821624920998,1.65914649078066,0,0,0,0,0,0,-0.911076501390033,0,0,-14.0659476577859,-0.595380486749173,0.339368973530123,0,0.963331280316134,0,-0.51453164489285,0,0,0,0,0,0,0,-0.492006194248968,0,0.638085316134261,0,1.30425788149964,0,0,0,0,0,0,0,1.2689268960649,2.05588941932423,0,0,0.00410571963870754,-0.938663522216886,0,0,0,-1.850941331319,0.680182920161227,-0.554775757920734,0,-1.20366437006728,2.98645284916208,0,0,0,0,0,0,0,0,0,0,-1.48970132192568,0.589628848203805,-0.0672693016394228,0.308694081520501,0,2.64119409156735,0,-0.934920202750535,0,1.90770551928727,0,0.00711862750866232,0.826209832017679,-0.126818515222235,0,0,0,0,0,0,2.36276014633153,3.24275613459165,0,0.439239019692005,0,0,0,-0.625694346199538,0,0,0,0,-1.78042072221745,0,-0.00683302526978347,0.180300357894421,0,0,0,0,0,0,0,0,0,0,-0.398451938335451,0,0,0.288580157576919,-0.304315187480533,0,0.0450168491847127,0,0.528333450839885,0,0,0.170868987445769,0.878714994588057,-1.41361776267423,0,0,1.13890568803472,0.94681799737131,0,0,0,0,0,0,0,0,0
0,0,0,0,0,0,0,0,0,0,0,0,0,0,0,0,0,0,0,0,0,0,0,0,0,0,0,-1.05675250580297,0,0,0,0,0,0,0,-0.00429996371665609,0,0,0,0.231819716447967,0,0,0,0,0,0,0,0,0,0,0,0,0,0,0,0,0,0,0,0,0,0,0,0,0,0.462421241138293,0,0,0,0,0,0,0,0,0,0,-2.89277423491905,0,0,0,0,0,-0.174046035941178,0,0,0,0,0,0,0,0,0.963422960095077,0,0,0,0,0,0,0,-0.354623007195468,0,0,0.925709129089924,0,0,0,-5.60154560286374,0,0,0,0,0,0,0,0,-0.133471635440094,0,0,0,0.334223914040678,0,0,0,0,0,0,0,0.738073153844524,0,0,0,0.51224200229044,0,0,0,-0.4539948635851,0,0,0,0,0,0,0,0,0,0.263585587503907,0,0,0,-0.0532195872965666,0,0,0,1.19035970709531,0,0,0,0,0,0,0.95464779425563,0,0,0,0,0,0.338764629341289,0,0,1.35165787092766,0,0.0481953261497077,0.0124469795185833,-0.127710754997415,0,0,0,0,0,0,0,0,0,0,0,0,-0.677736025799316,0,0,0.925399486903944,0,0,0,0,0,0,0,-0.027519807150703,0,0
0,0,-0.487811183208828,0,0,1.07246299783287,0,0,-0.263652625142068,0,1.22394123547849,0,0,0,0,0,0,0,0,0,0,0.172933881999573,0,0,0,0.378659748432256,0,0,0,0,0,0,0,0.470684753647991,0,-0.102745593708102,-0.482292256911661,0,0,0,0,0,0,0,0,0.251145256320373,0,0.112217798853597,0,0,-0.43302099502529,0,0,0,0,0,-0.0156153535181751,0,0,0,0,0,0,0,0,0,0,0,0,0,0,0,-0.542561193851777,0,0,0,0,0,0.222903105324414,0,0,0,0,0,0.676396754638102,0,0,-0.498014982469778,0,0.028374413717644,0,0,0,0,0,0.0251476960822863,0,-0.0160670713872388,0,0,0,0,2.47222202856634,0,0,0,-2.29959883969746,-0.0306441128123194,0,0,0,0,0,0,0,0,0,0,0,0,0,0,0,0,0,0,-0.0337063883340352,0,0.791325365628758,-0.717080647555658,0,0,0,0,-0.0748190454816062,0,-0.984748590374465,0,0,0,0,0,0,0,0,0,0,0,0,0,0,0,0,0,-0.375140072223238,0,0,0,0,0.301072167403414,0,0,0.461059252092289,0,0,0,0,0.436432693916263,-1.39360413687608,0,0,0,0.100645929067681,-0.246519868919746,0,0,0,0,0,0,0,0,0,0,0,0,-1.55840401764686,-0.823566846174153,0,0,0,0,0.201324588978483,0,0,0,0,0.732158861971314,0,0
0,0,0,0,-1.08239855749256,0,0,0,0,0,0,0,-1.0360178433788,0,0,0,-0.119930850857222,0,0,-0.889583224402054,0,0,0,0,0,0,-0.631122207236779,0,0,0,0,0,0,-0.729988513936552,0,0,0,0,0,0,0,0,0,0,0,0,0,-1.12259953875819,0,0.00932082200263484,0,0,0,0,0,0,0,0,0,0,0,0,0,0,0.243431207169614,0,-0.475564424006334,0.122095626352428,0,0,-0.526762943093138,0,0,0,0,0,0,0,0,0,-0.94797254265569,0,0,0.407630101831494,0.312557524163705,0,0,0,0,0,0,1.48797978368191,0,0,0,0,-0.492954948181797,0,0,-0.681876596726539,-0.723306898903022,0,0,0,0,0,0,-0.201232055391997,0,0,0,0.304437360169295,0,0,0,0,0,0,0,0,0,0,0,0,0,0,0,0,0,0.959546208230857,0,0,0,0,0,0,0,0,0,0,0,-0.00849011786076681,0,0,0,0,0,0,0,0,0,0,0,0,-0.228725471320872,0,0,0,0,0,0,0,0,0,0,0,-0.892742156579787,0,0,0,0,0,0,0,0,0.680901717518152,0,0,0,0,0,0,0,0,0.183495260859484,0,0,-0.151036041614851,0,0,0.018953470003414,0,0,0,0,0,0,0,0,0
0,0,0,0,0,0,0,0,0,0.378635595765537,0,0,-0.00222660092006022,0,0,0,-0.168764020014818,0,0,0,0,0,0,0,0,0,0,0,0,0,0,0,0,0,0,-0.738744020829658,0,0,0,0,0,0,0,0,0,0,0,0,0,0,0,0,0,0.367628342518379,0,0,0,0,0,0,0,-0.561327993652853,0,0,0.1528393817889,0,0,0,0,0,0,0,0,0,0,0.394670543439924,0,0,0,0,0,0,0,0,0.0110020330530176,0,0,0,0,0,-0.0130861804954798,0.710565836064371,0,0,0,0,0,0,-0.707857105592186,0,0,0.0696784989012884,0,0,0,0,0,0,-0.427103366966895,0,0,0,0,0,0,0,0,0,0,0,0,0,0,0,0,0,0,0,0,0.892912950821171,-0.681915414974049,0,0,0,0,-0.926598641082443,0,0,0,0,-0.363455159655364,0,0,0,0,0.602941881877657,0,0,0,0,0,0,0,0,0,0,0,0,0,0,0,0,0,0.354223998285178,0,0,0,0,0,0,0,0,0,0,0,0,0.0946658418385402,-0.169141583514304,0,0,0,0,0,0,0,0,0,0,0,0.919848022799856,0,0,0,0,0,0,0,0,0,0
0,0,0,0,-0.235457695174687,0,0,-0.776293898267887,0,1.17614809992055,0,0,0,-0.376879801230819,0,0,-0.68876069594709,0,0,0,-0.0662733981863632,0,0,0,0,0,0,0,0,-0.900084485227555,0,0,0,0,0,0,0,0,0,0,-1.09069876605974,-0.355491695796841,0,-0.567940310146068,0.250347492461251,-0.157753506325709,0,0,0,1.25174194485906,0,0,-0.0878574271237926,0.202189366635923,0.27480501222719,0,0.0408002627996025,-1.7872710391177,0.231660415567718,0,0,-0.549651475270752,0,0,1.28891903750107,0.17748525198385,0,0,0,0,0,-8.48701615155064,0,0,0,0,0,0,0,-0.722898558536775,0,0,-1.28205066681603,0,0,0,0,-0.304834016438545,0,0,0,0,0,0,0,0,0.550404419699007,0.424785299365973,0,0,0,1.11192745473021,0,0.731023215610806,0,0,0,-1.47676027871398,0,0,0,0,0,0.213696048957524,0,0,0,0,0,-2.03250377451825,0,0,-0.00912015868337313,0,0,-4.42394989030664,-0.570428749614713,0,0,0,-0.497458957629278,0,0,0,0,0,0,0,0,0,0,0,0,0,0,0,0,0,0,-0.367084617795996,0,0,0.109701827718165,0,0,0,0,0,0,0,0,0,0,0.241270690074187,0,0,-0.0058513195337373,0.127600094911496,-1.80774442612699,0,0,0.789616651022901,0,0,0,0,0,1.42635713484596,0,0,-0.995174832709575,0,0,0.263321544235631,0,-0.0471238187274601,-0.864375343334435,0,-0.223084604891714,0,0,0,0.909568305731367,0.969444052124047,1.2667850472662,0,0,0,0,0
0,-0.814564944512979,-0.0765343152197324,0,0,0,0,0,0,-0.0322729478148904,0.18362761994565,0,0,0,0,0,-0.361955829710848,0,0,0,0,0,0,0,0,0,0,0,0,0,0,-0.0780879278148203,0,0,0,-0.387926846504175,0,0,2.28458975554579,0,0,0,0,0,0,0,0,0,0,0,0,0,0,0.10694019494831,0,0,0,0,0,0,0,0,0,0,0,-0.181404965223856,0,0,0,0.0181326528936945,-0.301818270454909,0.649966798171195,0,-0.546657072243484,0,0,0,0,0,0,0.851517978251061,0,0,0.159420638368536,0,0,0,0,0,0,0,0,0,-0.0754266400570849,0.413531999227557,0,0,0.551379325765813,0,0,0,0.408045673590153,0,0,0,0,0,0,0,-0.408985556715934,0,0.407323537735687,0.450021938871084,0,-0.136805672975923,0,0,0,0,-0.167451844815482,0.391686203806536,0,2.91262849273276,0,0.0817026183916643,0,0.0169475066936406,0,0.472505195930667,0,0,0,1.80893963462497,0,0,0,0,0,0,0,-0.140268986363642,0,0,0,0,2.61180187137613,0,0,0,0,0,0,0,4.25677553590417,0,0,0.0489126921077623,0,0,0.318011155571735,0,-0.612718634373549,-0.596828518076988,0.272819778902224,0,-0.283309985151259,0,0,0,0.554311810165893,0,0,0,0,1.33818811138095,2.87284122283792,0,0,0,0,0,0,0,-0.721792948655348,0.482230901618401,0,0,0,0,-0.103655684368883,0.353864186071669,0,0,2.30672381002266,-0.242221999020106,0,0,0,0,0
0,-0.419128395053731,0,0,-0.363375137848331,0,0,0,0,0,0,-0.665457532542224,0,0,0,0,0,0,0,0,0,0,0,0,0,0,0,0,0,0,0,0,0,0,0,0,0,0,13.9634148044333,0,0.65425787793058,0,0,0,0.919633059498409,0.661462026141897,0.579158176718199,0,0,0,0,0,0,0,0,0,0,0,0,0,0.31802283972318,0,0.164562203402213,0.0365450240309388,0.16676808201194,0,-0.73807567371137,0,0.0821973395797739,0,0,0,0,-0.132284199381135,0,0,0,0,0,0,0,0,0,0,0,0,0,0,0,0,0,0,-0.230521271894277,0,0,0,0,0,0,0,0,0,0,0,0,0.18696352296437,0,0,0,0,0,0,0,0,0,0,0,0,0,0.503201740561259,0,0,2.34399587912085,0,0,-0.169501989750711,0,0,0,0,0,0,0,0,0,0,0,0,0,0,0,-0.254057986922599,0,0,0,0,0,0,0,0,0,0,0,-0.341502458014185,0.91642829041074,0,0,0,0,0.395498855723721,0.763493187225686,0,0,0,0,0,0,0.574547295210768,0,0,0,0,0,0,0.306509650425694,0.553488002694051,0,0,0.392743296314365,0,0,-1.11926263644825,0,0,-0.602677417022257,-0.0852184385413213,-0.831932650610399,0,0,0,0,0,0,0,1.46458573951975,0,0,0,0,1.38982366898746
0,0,0,0,0,0,0,0,-0.889940363089409,0,0,-4.06534221358897,-0.0485760068985535,-0.0117639373100646,0,0,0,0,0,0,0,0,0,0,-0.127673416878053,0,0,-0.714823168190617,0,0,0,0,0,0,0,0,0,0,0,0,0,0,0,0,0,0,0,0,-0.523171887827128,0,0,-0.336629816023114,0,0,0,0,0,0,0,0,0,0,0,0,0,0,0,0,0,0,0,0,0,0,0,0,0,0,0,0,0,0,0,0,0,0,0,0,0,0,0,-0.00126783701181576,0,0,0,0,0,0,0,0,-0.0165476123026784,0,0,0,0,0,0,0,0,1.82896022176586,0,0,0,0,0,0,0,0,0,-0.035415588714022,0,0,0.673716040045052,0,0,0,0,0,0,-0.235105660651556,1.08746381706505,0,0,0,0,0,0,0,0,0,0,0,0,0,0,0,0,0,0,0,0,0,0,0,0,0,0.51332957650311,0,0,0,-0.857976915792575,0,0,0,0,0,-1.40376201713309,0,0,0,0,0,0,0,0,0,0.120245664930647,0,0,0,0,0,0,0,0,0,-0.374421941586928,0,0,0,0,0,0,0.608220973915639,0,0,0,0,0,0
0,-0.459215739121735,0,0,0,0,0,0,0,0.269968143347434,0,0.0231761243888879,0,0,0,0,0,0,0,0,0,0,0,0,0,0,0,0,0,0,0,0,0,0,0,0,0,0,0,0,0.0969390262870859,0,0,0,0,0,0,0,0,0,0,0,-0.0948969731793723,0,0,0,0,0,0,0,0,0,0,0,0,0,0,0,0,0,0,0,0,0,0,0,0,0,0,0,0,0,0,0,0,0,-0.0496653588216713,0,0,0,0,0,0,0,0,0,0,0,0,4.83764191853038,0,0,0,0,0,0,0,0,0,0,0,0,0,0,0,0,0,0,0,0,0,0,0,0,0,0,0,0,0,0,0,0,0,0,0,0,0,0,0,0,0,0,0,0,0,0,0,0,0,0,0,0,0,0,0,0,0.465005062639361,0,0,0,0,0,0,0,0,0,-0.966794297360333,0,-0.672488887631069,0,0,0,0,0,0,0,0,0,0,0,0,0,0,0,0,0,-0.447613525114472,0,0,1.22416178564842,0,0,0,0,0,0,0,0,0,0
0,0,0,0,0,0,0,0,0,0,0,0,0,0.872074769299381,0,0,0,0,0,-0.224564027469,0,0.51241593727258,0,0,0,0,0,0,0,-3.74780632903471,0,0,0,0,0,0,0,0,0,0,0,-0.135107258126375,0,0,0,0.0730860904402342,0,0.869845160734694,-0.952513124026558,0,0,0,0,0,0,0,0,0,0,0,0,1.63265815381747,0,2.16071295206061,-0.571556505397528,0,0,0,0,0,0,0,0,0,0,0,0,-0.280861017035371,0.271085734600186,0,0,0,0,-0.10607337111582,0,-0.408286421160992,-0.710895592391984,0,0,0,-0.111870554196778,0,0.415725848956688,-1.385021224948,-0.815865056308481,-0.447017206311782,1.68552497842888,0,-1.3968200741269,0,0,0.396599225201448,0,0,0,0,0,0,0.881215935450776,-1.32727586166962,0,1.27259629152975,0,0,0,-0.164160782860211,0,0,0,0.689970615213516,0,0,-3.10250746571405,0,0,0,0.0383892269726254,-3.93984757843399,0,-0.429316700805152,0,0.149873134808509,0,0,0.88320725377028,0,0,0,0,0,0,0,0,0,0,0,0,0,0,0,0.00690634872704199,0,-0.663583498700444,0,0,0,0.345669023863669,0,0,0.777691585443174,0,0,0,0,0,0,0,0,-0.443154493987002,-0.396823835780603,0,0,0,-2.05951684342811,0.554490808199559,0,0,0,0,0,0,0,-0.90901660376287,-0.347145441894272,0,0.122512921901832,0,0,0,0,-0.55359666170437,0,0,0.483396172782289,0,0,0,0,0,0
0,0,0,0,0,0,0,0,0,0.123708280005602,0,0,0,0,0,0,0,0,0,0,0,0.19197423872296,0,0,0,0,0,0,0,0,0,0,0,0,0,-0.124196457808243,0,0,0,0,0,0,0,0,0,0,0,0,0,0,0,0,0,0.635182048156362,0,0,0,0,0,0,0,0,0,0,0,0,0,0,0,0,0,0,0,0,0,0,0,0,0,0,0,0,0,0,0,0,-0.146472584216832,0,0,0,0,0,0,0,0,0,0,0,0,0,0,0,0,0,0,0,0,0,0,0,0,0,0,0,0,0,0,0,0,0,0,0,0,0,0,0,0,0,0,0,0,0,0,0,0,0,0,0,0,0,0,0,0,0,0,0,0,0,0,0,0,0,0,0,0,0,0,0,0,0,0,0,0,0,0,0,-0.554016416620243,0,0,0,0,0,0,0,0,0,0,0,0,0,0,0,0,0,0,0,-0.5016376640934,0,0,0,0,0,0,0,0,0,0,0,0,0
0,0,-0.275492598341848,0,0,0,0,0,0,0,0,0,0,0,0,0,0,0,0,0,0,0.550266332056069,0,0,0,0,0,0,0,0,0,0,0,0,0,0,0,0,0,0,0,0,0,0,0,0,0,0,0,0,0,0,0,0,0,0,0,0,0,0,0,0,0,0,0,0,0,0,0,0,0,0,0,0,0,0,0,0,-0.170378370758302,0,0,0,0,0,0.224462368086821,0,0,0,0,0,0,0,0.585822296543163,0,0,0,0,0,0,0,0,0,0,0,0,0,0,0,0,0,0,0,0,0,0,0,0,0,0,0,0,0,0,0,0,0,0,0,0,0,0,0,0,0,0,0,0,0,0,0,0,0,0,0,0,0,0,0,0,0,0,0,0,0,0,0,0,0,0,0,0,0,0,0,0,0,0,0,-0.167491589876794,0,0,0,0,0,0,0,0,0,0,0,0,0,0,0,0,0,0,0,0,0.366393533494503,0,0,0,0,0,0,0,0,0,0
0,0,0,0,0,0,0,0,0,0,0,0,0,0,0,0,0,0,0,0,0,1.04406560045257,0,0,0,0,0.0318368231980339,0,0,0,0,0,0,0,0,0,0,0,0,0,0,0,0,0,0,0,-0.196588161495531,0,0,0,0,0,0,0,0,0,0,0,0,0,0,0,0,0,0,0,0,0,0,0,0,0,0,0,0,0,0,0,0,0,0,0,0,0,1.09445981115406,0,0,0,0,0,0,1.22484221001338,1.35608513399535,0,0,0,0,0,0,0,0,0,0,0,0,0,0,0,0,0,0,0,0,0,-1.29227622637866,0,0,0,0,-0.301966529418142,0,0,0,0,0,0,-0.0577714503027904,0,0,0,0,0,0,0,0,0,0,0,0,0,0,0,0,0,0,0,0,0,0,0,0,0,0,0,0,0,0,0,-0.157061438735778,0,0.00658923609755324,0,0,0,0,0,0,0,-0.0108244586536594,0,0,0,0,0,0,0,0,0,0,0,0,0,0,0,0,0,0,0,0,0,0,0,0,0,0,0,0,0,0,0
0,0,0,0,0,0,0,0,0,0,0,0,0,0,0.126362460289499,0,0,0,0,0,0,1.47088967954317,0,0,0,0,0.399360092557117,0,0,0,0,0,0,0,0,0,0,0,0,0,0,0,0,0,0,0,0,0,0,0,0,0,0,0,0,0,0,0,0,0,0,0,0,0,0,0,0,0,0,0,0,0,0,0,0,0,0,0,0,0,0,0,0,0,1.14787380509461,0,0,0,0,0,0,1.04885501864801,1.60315538815174,0,0,0,0,0,0,0,0,0,0.582227523187398,0,0,0,0,0,0,0,0,0,0,0,-1.9054223464619,0,0,0,0,0,0,0,0,0,0,0,0,0,0,0,0,0,0,0,0.270711750625462,0,0,0,0,-0.193947166037324,0,0,0,-0.052839698861274,0,0,0,0,0,0,0,0,0,0,0,0,0,0,0,0,0.0813362151769059,0,0,0,0,0,0,0,-0.146549253258117,0,0,0,0,-0.186951316902652,0,0.124117216940435,0,0,0,0,0,0,0,0,0,0,0,0,0,0,0,0,0,0,0,0,0,0,0,0
0,0,0,0,-0.00263976447149927,0,0,0,0,0,0,0,-0.291607786561852,0,0,0,0,0,0,0,0,1.2873169704316,0,0,0,0,0,0,0,0,0,0,0,0,0,0,0,0,0,0,0,0,0,0,0,0,0,0,0,0,0,0,0,0.29965025605122,0,0,0,0,0,0,0,0,0,0,0,0,0,0,0,0,0,0,0,0,0,0,0,0,0,0,0,0,0,0,1.12425919265056,0,0,-0.0250846434988985,0,0,0,0.334906509852414,0.826174091240485,0,0,0,0,0,0,0,0,0,0.996288734303218,0,0,0,0,0,0,0,0,0,0,0,-1.77065330971468,0,0,0,0,0,0,0,0.0745338302401699,0,0,0,0,0,0,0,0,0,0,0,0,0,0,0,0,0,0,0,0,-1.00072523685311,0,0,0,0,0,0,0,0,0,0,0,-0.0023163290228132,0.0313073501671666,0,0,0,0,0,0.295171256372847,0,0,-0.0112956156327713,0,0,0,0,0,0,0,0,0.287724903847641,0,0,0,0,0,0,0,0,0,0,0,-0.683807170773173,0,0,0,0,0,0,0,0,0,0,0,0,0
0,0,0,0,0,0,0,0,0,0,0,0,-1.15988918120224,0,0,0,0,0,0,0,0,1.00994981281553,0,0,0,0.422313185853998,-0.394170009034302,0,0,0,0,0,0.0635921066342311,0,0,0,0,0,0,0,0,0,0,0,0,0,0,0,0,0,0,0,0,0,0,0,0,0,0,0,0,0,0,0,0,0,0,0,0,0,0,0,0,0,0,0,0,0,-0.220368980860626,0,0,0,0,-0.141918086103697,0.764344903283779,0,-1.79599881654993,0,0,0,0,1.13114564678154,0,0,0,0,-0.424857376192308,0,0,0,0,0.493854682444812,3.99677807676654,0,0,0,0,0.0355181747887334,0,0,0,-0.322178929311651,0,0,-1.48625109382075,0,0,0,0,-0.785922771318241,-0.324746458814758,0,0,0,0,-0.0127746804050775,0.235488191932659,0,0,0,0,0,0,0,0,0,0,0,0,0,0,0,0,-1.82918946462137,0,0,0,0,0.551465548281157,0,0,0,0,0,0,-0.402906466070029,0,0,0,0,0,-0.262231532552074,0,0,0,0,0,0,0,0,0,0,0,-1.1416379672723,0,0,0,0,0,0,0.458027987222013,-0.497767170202205,-0.11771748659186,0,0,0,0,0,0,0.70092078678497,0,0,0,0,0,0,0,0,0,0
0,0,-0.727473642986829,0,0,0,0,0,0,0,0.729363642187688,0,0,0,0,0,0,0,0,0,0,0.529896528436555,0,0,0,0,0,-0.39145948418932,0,0,0,0,0,0.639515924845402,0,0,-0.412163637953408,-2.60745874515586,0,0,0,0,0,0,0,0.504319764532206,0,0,0,0,0,0,0,0,0.27567092626212,0,0,0,-0.566109892208118,0,0,0.774814011437725,0,-0.0861440057497829,0,0,0,0,0,0,0,0,0,0,0,0,0,-0.083470680491051,0,0,1.17328041971548,0,0,0.263333999641049,0,0,-4.08741726520536,0,0,0,0,0.413217829303296,-0.775545186495589,0,0,0,0,0,0,0,0.349969576841505,0,4.06440438118998,1.91888161363045,0,-0.701587878146861,0,0,0,-0.388161055528255,0.393733307963108,-0.384945911557323,0,-1.12621536269242,0,0.014189398725506,0,0,-0.10360422295694,0,1.78506549783124,0,0,0,0,0,0,-0.629176666142738,0,0,0,0,0,0,0,0,0,0,0,0,0,-0.619076037054808,0,0,0,0,0,0,0.0425483158882551,1.6560172479325,-3.1507469059178,0,0,0,0,2.43925699206125,0,0,0,0.48888915937591,0,0,0,0.650823940555784,0,0,0,0,0,0,0,0.0596669754483115,0,0,0,0,0,0,0,-1.42531794899165,0,-0.679985578087397,0,0,0,0.480608577221348,-0.990442249030077,0,0.0400627351471852,0,0,0,0,0,0.822363636577456,-2.05709571504656,0,1.13714054070885,0,1.56046025219511
0,0,0,0,0,0,0,0,0,0,0,0,0,0,0,0,0,0,0,0,0,0,0,0,0,0,0.676025370829769,0,0,0,0,0,0,0,0,0,0,-0.108979314589746,0,0,0,0,0,0,0,0,0,0,0,0,0,0,0,0,0,0,0,-0.156845528382506,0,0,0,0,0,-0.387845886464814,0,0,0,0,0,0,0,0,0,0,0,-0.0781310956531367,0,0,0,0,0,0,0,0,0.196098881676791,0,0,0,0,0,0,0,0,0,0,0,0,0,0,0,0,0,3.85002044798454,0.622390109679662,0,0,0,0,0,0,0,0,0,0,-1.54598023439149,0,0,0,0,-0.0414883365264354,0,-0.0614038652979729,0,0,0,0,0,0,0,0,0,0,0,0,0,0,0,0,0,0,0,0,0,0,0,0,0,0,0,0,0,0,0,0,0,0,0.187747938871254,0,0,0,0,0,0,0,0,0,-0.195601477174283,0,-0.0571874331927422,0,0,0,0,0,0,0,0,0,0,-0.905739098591435,0,0,0,0,0,0,-0.196024132741994,0,0,0,0,0,0,0,0,0,0,0,0,0
0,0,0,0,0,0,0,0,-0.14775177173841,0,0.0744856705201853,0,0,0,0,0,0,0.275380108879551,0,0,0,0,0,0,-0.894261645222246,0,1.69104237180114,0,0,0,0,0,0,0,0,0,0,0,0,0,0,0,0,0,0,0,0,0,0,0,0,0,0,0,0,0,-0.813719440641199,0,0,0,0,0,0,-0.681547455986455,0,-0.919473096072647,0,0,-0.17366242974363,0,0,0,0,0.188423789083463,0,0,0,0,0,0,0,0,0,0,0.766933679464544,0,0,0,0,0,0,0,0,0,0,0.557786684284892,0,0,0,0,0,0,3.53377955596558,0.988372094638942,0,0,0,0,0,0,0,0,0.0176020208705365,0,-0.698984198829915,0,0,0,0,-0.938334901528877,0,0,0,0,0,0,0.9620208860325,0,0,0,0,0,-0.825351400110661,0,-0.26472564108803,0,0,0,0,0,0,0,0,0,0,0,0,0,0.87777760264157,0,0,0,0,0.139391333643233,0,0,0,0,0,0,0,0,0,0,0,0,0,0,0,0,0,0,0,0.152486914637067,0,0,0,-0.0801343372665306,0,-0.811854475989885,0,0,-0.153479697871425,0.17092595286182,0,0,-0.861612990120157,0,0,0.650686634189083,0,0,0,0,0,0,0,0,0,0
0,0,0,0,0,0,0,0,0,0.0118086665114927,0,0,0,0,0,0,0,0,0,0,0,0.0255894419512677,0,0,0,0,2.87786296377876,0,0,0,0,0,0,0,0,0,0,0,0,0,0,0,0,0,0,0,0,0,0,0,0,0,0,0,0,0,0,-0.824047156904425,0,0,-0.36063254769721,0,0,0,0,0,0,0,0,0,0,0,0,0,0,-0.297940115177497,0,0,0,0,0,0,0,0,0.40177242522127,0,0,0,0,0,0,0.109799423326749,0,0,0,0,0,0,0,0,0,0,3.87370854891673,0,0,0,0,0,-0.202442188609329,0,0,0,0,0,-2.10132512852785,0,0,0,0,-0.255679889782231,0,0,0,0,0,0,0,0,0,0,0,0,-0.0133827094358785,0,0,0,0,0,0,0,0,0,0,0,0,0,0,0.560121779177332,0,0,0,0,0,0,0,0,0.204304338750092,0,0,0,0.188460179650004,0,0,0,0,0,0,0,0,0,0,0,0,0,0,0,0.0871069193973837,0,0,0,0,0,0,0,0,0,0,0,0,0.144264820912309,0,0,0,0,0,0,0,0,0,0
0,0,0,0,1.11529255315285,0,0.424512379594068,0,0,0.150632733059167,-0.159525461682808,0,0,0,0,0,0,0,0,0,0,0,0,0,0.234696966956466,0,0,0,0,0,0,0,0,0,0,-0.48524988964372,0,0,0,0,0,0,0,0,0,0.401104176556737,0,0,0,0,0,0,0,0,0,0,0,0,0,0,0,0,0,0.0884388604077113,0,0,0,0,0,0,0,0,0,0,0,0,0,0,1.43030955245393,0,0,0,0,0,0,0,0,-0.242300133178688,0,0,0,0,0,0,0,1.03386297917317,0,0,0,0,0,0,0.072197336026365,0,0,0,0,-0.0564483673696841,0,0,0,0,0,0,0,0.302737758595767,0,-0.885319810376367,0,0,0,0,0.383566476300014,0,0,0,0,0,0,0,0.409011702215903,0,0,0,0,0,0,0,0,0,0,0,0,-2.98852532591457,0,0,0,0,0,0,0,0,0,0,0,0,0.284363393853958,0,0,0,0,0,-0.0735069892833107,0,0,0,-1.00370490043064,0,0,0,0,0,0,0,0,0,0,0,0,0,0,0,0,0,0,0,0,0,0,0,0,0,0,0,0,0,0,0,0.221300434469322,0
0,0,0,0,0,0,0,0,0,5.45229295279429,0,0,0,0,0,0,0,0,0,0,0,0,0,0,0,0,0,0,0,0,0,0,0,0.158896759108047,0,0,-0.244576169745755,0,0,0,0,0,0,0.0971340456891445,0,0,0,0,0,0,0,0,0,0,0,0,0,0,0,0,0,0,0,0,0,0,0,0,0,0,0,0,0,0,0,0,0,0,0,0,0,0,0,0,0,0,0,0,0,0,0,0,0,0,0,0,0,0,0,0,0,0,0,0,0,0,0,0,0,0,0,0,0,0,0,0,0,0,0,0,0,0,-0.0912273412622506,0,0.211111448945568,1.62692996327798,0,0,0,0,0,0,0,0,0,0,0,0,0,0,0,0,0,0,0,0,0,0,0,0,0,0,1.18619501366885,0,0,0,0,0,0,0,0,0,0,0,0,0.246554731453868,0,0,0,0,0,0,0,0,0,0,-1.16502932288606,0.0973087601141056,14.8221288852595,0,0,-2.21997602977495,0,0,-0.45146076598828,0,0,0,0,0,0,0,0,0.561081542213683,0,0,0,0,0,0
0,0,0,0,0,0,0,0,0,5.17803788068743,0,0,0,0,0,0,0,0,0,0,0,0,0,0,0,0,0,0,0,0,0,0,0,0,0,0,0,0,0,0,0,0,0,0,0,0,0,0,0,0,0,0,0,0,0,0,0,0,0,0,0,0,0,0,0,0,0,0,0,0,0,0,0,0,0,0,0,0,0,0,0,0,0,0,0,0,0,0,0,0,0,0,0,0,0,-0.0702072306260064,0,0,0,0,0,0,0,0,0,0,0,0,0,0,0,0,0,0,0,0,0,0,0,0,0,0,-0.0881884363444501,0,0.262242960287508,1.22517682468597,0,0,0,0,0,0,0,0,0,0,0,0,0,0,0,0,0,0,0,0,0,0,0,-0.184643600203561,0,0,1.42223849934781,0,0,0,0,0,0,0,0,0,0,0,0,0.574182308855573,0,0,0,0,0,0,0,0,0,0,-0.997025443169696,0.252021944792085,15.0493406101746,0,0,-1.90463052111939,0,0,0,0,0,0,0,0,0,0,0,0.628622834067762,0,0,0,0,0,0
0,0,0,0,0,0,0,0,0,6.46940586568015,0,0,0,0,0,0,0,0,0,0,0,0,0,0,0,0,0,0,0,0,0,0,0,0,0,0,0,0,0,0,0,0,0,0,0,0,0,0,0,0,0,0,0,0,0,0,-0.014765193762792,0,0,0,0,0,0,0,0,0,0,0,0,0,0,0,0,0,-0.0289696726297448,0.321688738088704,0,0,0,0,-0.273377956014212,0,0,0,0,0,-0.277474237519653,0,0,0,0,0,0,0,0,-0.664159970674254,0,0,0,-0.145933962654672,0,0,0,0,0,0,0,0,0,0,0,0,0,0,0,0,0,0,0,0,0,0,0,0,0.0925573085290829,0.948785551433379,0,0,0,0,0,0,0,0,0,0,0,0,0,-0.144471067891045,0,0,0,0,0,0,0,0,0,0,0,0,1.34291723094429,0,0,0,0,0,0,0,0,0,0,0,0,0.126205698268709,0,0,0,0,0,0,-0.110997882721819,0,0,0,-0.507440193399433,0,14.4249188657142,0,0,-2.77188922835315,0,0,0,0,0,0,0,0,0,0,0,0.128405780671286,0,0,0,0,0,0
0,0,0,0,0,0,0,0,0,5.34738016520627,0,0,0,0,0,0,0,0,0,0,0,0,0,0,0,0,0,0,0,0,0,0,0,0,0,0,0,0,0.198704531048509,0,0,0,0,0,0,0,0,0,0,0,0,0.159388818902327,0,0,0,0.0594858754671725,0,0,0,0,0,0.183732932776595,0,0,0,0,0,0,0,0,0,0,0,0,0,0.101524931089228,0,0,0,0,0,0,0,0,0,0.309136139606073,-2.95937266892167,0,0,0,0,0,0,0,0,-0.467128862188648,0,0,0,-0.0349472680558758,0,0,0,0,0,0,0,0,0,0,0,0,0,0,0,0,0,0,0,0,0,0,0,0,0.264119602864078,1.75749026536208,0,0,0,0,0,-1.3385862038293,0,0,0,0,0,0,0,-1.02657987079427,0,0,0,0,0,0,0,0,0,0,0,0,1.60963039104518,-0.933768823359662,0,0,0,0,0,0,0,0,0,0,0,0.554710891638987,0,0,0.0735327446258518,0,0,0,0,0,0.166086148086018,0,-1.24113050556405,0,16.1934974967163,0,0,-2.61967604439089,0,0,0,0,0,0,0,0,0,0,0,0.824267043465045,0,0,0,0,0,0
0,0,0,0,0,0,0,0,0,3.27963640394314,0,0,0,0,0,0,0,0,0,0,0,0,0,0,0.230267197734846,0,0,0,0,0,0,0,0,0,0,0,0,0,0.12251986932648,0,0,0,0,0,0,0,0,0,0,0,0,0,0,0,0,0,0,0,0,0,0,0,0,0,-0.717415586683452,0,-0.09432898264189,0,0,0,0,0,0,0,0.577210904903615,0,0,0,-0.806481575023272,0,0,0,0,0,0,0,0,0,0,0,0,0,0.401412102538259,0,0,0,0.32736635251565,0,0.114695720228019,0,0,0,0,0,0,0,0,0,-0.13292781717193,0,0,0,0,0,0,0,0,0,0,-0.11726274881626,0,0,0,0,0.247244776110759,1.94766490005731,0,0,0,0,0,-2.80833672039008,-0.111333312163911,0,0,0,1.74145438721986,0,0,-0.584154993772958,0,0.747072494312911,0,0,0,0,0,0,0,0,0,0,2.30709957509465,0,0,0,0.184759567797322,0,0,0,0,0,-0.263578179857821,0,0,0.578059869982189,-0.718957945966087,0,0,0,-0.323490151871764,0,0,0,0,0,-0.0568950875145502,0,12.0041216183605,0,0,0,0,0,0,0,-0.231056003702343,0,0,0,0,0,0,0.472315377992744,0,0,0,0,0,0
0,-0.476135222685034,0,0,-0.215866145596899,0,0,0,0,0,0,0,0,0,0,0,0,0,0,0,0,0,0,0,0,0,0,0,0,0,0,0,0,-0.171157754338187,0,0,0,0,0,0,0.0296453582858185,0,1.17619141943906,0,0,0,0,0,0,0,0,0,0,0,0,0,0,0,0,0,0,0,0,0,0,0,1.08253379410666,0,0,0,0,0,0,0,0,0,0,-0.182726258399856,0,0,0,0,0,0,0,0,0,0,0,0,0,0,0,0,0,0.504263032673666,0,0,0,1.86849768441133,0.51790968160659,0,0,0,0.190282675563232,0.499384060349926,-1.04713019618769,0,1.7762823760516,0,0,0,0,0,-1.78020304172348,0,0,0,0,0,0,0,0,0,0,0,0,0,0,0,0,0,0,0,0,0,0,0,0,0,0,0,0,0,0,0,0,0,0,0,0,0,0,0,0,0,0.708451692318868,0,0,0,0,0,0,0,0,0,-0.315990459469287,0,0,0,0,0,0,0,0,0,0,0,0,0,0,0.663626705151635,0,0.348001046236002,0,0,-0.0735519128887661,-0.285868281748512,0,0.606302213300178,0,0,-0.277243576647716,0,0.722127657854355,0,0,0.826678598413058,0,0
0,0,0,0,0,0,0,0,0,0,0,0,-41.1828388223014,0,0,0,0,0,0,0,1.56305566496282,0,0,0,0,0,0,0,0,0,0,0,0,0,0,0,0,1.55456206072724,0,0,1.50348548939438,0,0,0,0,0,0,-0.92990487632845,0,-1.36632399759592,0,0,0,0,0,0,0,0,0,0,0,0,0,0,-0.940320908578831,0,0,0,0.912308812964112,0,0,0,0,0,0,0,0,0,0,0,0,0,0,0,0,0,0,0,0,0,0,0,0,-0.515021038661219,0,0,0,0,0,0,0,0,0,0,0,0,0,0,0,-0.838769206741464,0,0,0,-1.01273145454324,0,0,0,0.512824723888595,0,0,0,0,0,1.17792576730288,0,0,0,0,0.633106190265908,0,0,2.01764561423398,0,-0.684867590535452,0,2.95164269531593,0,0,0,0,0,0,0,0,0,0,0,0,0,0,0,0,0,0,0,0,0,0,0,0,0,0.161011124787208,0,0,0,0.94501759138014,0,0,0,0,0,0,0,0,-0.00799074511564357,0,0,0,0,0.131251651573681,0,0,0,0,0,0,0,0,0,0,0,1.47096317624226,0,0,0,0,-0.204718857468706,0,0,0
0,-0.249665070615454,-0.217009415516882,0,-0.0110802279492952,0,0,0,0,0,0,0,0,0,0,0,0,0,0,0,0,0.210370815018031,0,0,0,0,0,0,0,0,0,0,0,0,0,0.957741789848883,0,0,0,0,0,0,0,0,0,0,0,0,0,0,0,0,0,0.024932221144458,0,0,0,0.346430085320028,0,0,0,0,-0.314597349322211,0,0,0,-0.724208222055735,0,0,0,0,0,0,0,0,-0.423069399799498,0,0,0,0,-0.131004261745398,0,-0.148201617552229,0.674329590999049,0.380890310039675,0,0,0,0,0,0,0,0,0,0,0,0,0,0,0,0,0.428713973019389,0,0.590429548739829,0,0,0,0,0,0,0,0,0,0,0.494433828337955,0,0,0,0,-0.0353468170632549,0,0,0,0,0,0,0,0,0,0,-0.215678302776766,0,0.744900807848396,0,0,0,0.138646910634777,0,0,0,0,0,0,-0.721564036232646,0,2.45012550184797,0,-0.0670690264755722,0.0374397370476356,0,0,0,0,0,0,0,0,0,0,0,0,0,0,0,0,0,0,0,0,0,0,0,0,0,0,0,0,0,0,0,0,0,0,-0.0771029511115904,-0.00621721063575276,0,-1.97205969548165,0,0,0,0,0,0,0,0,0,0,0,0,0
0,0,0,0,0,0,0,0,0,0,0,0,0,0,0,0,0,0,0,0,0,0.231605285557782,0,0,0,0,0,0,0,0,0,0,0,0,0,0,0,0,0,0,0,0,0,0,0,0,0,0,0,0,0,0,0,0,0,0,0,0,0,0,0,0,0,0,0,0,0,0,0,0,0,0,0,0,0.183974710413828,0,0,0,0,0,0,0,0,0,-0.215957399798154,0,0,0,0,0,0,0,0,0,0,0,0,0,0,0,0,0,0,0.046207120453275,0,0,0,0,0,0,0,0.454216335144451,0,0,0,0,0,0,0,0,0.383878153385965,0,0,0,0,0,0,0,0,0,0,0,0,0,0,0,0,0,0,0,0,0,0,0,0,0,0,0,0,0,0,0,0,0,0,0,0,0,0,0,0,0,0,0,0,0,-1.03454028438776,0,-0.340745475506058,0,0,0,0,0,0,0,0,0,0,0,0,0,0,0,0,0,-2.92212268741093,0,0,0,0,0,0,0,0,0,0,0,0,0
0,-0.0374625870210572,0,0,0,0,0,0,0,0,-0.898792667246781,0,0,0,0,0,0,0,0,0,0,0.364849096231454,0,0,0,0,0,0,0,0,0,0,0,0,0,0,0,0,0,0,0,-0.381441493932926,0,0,0,0,0,0,0,0,0,0,0,0,0,0,0,0,0,0,0,0,0,0,0.202549444390952,0,0,0,0,0,-0.216609770251399,0,0,0,0,0,0,0,0,0,0,0,0,0,0,0,0,0,0,0,0,0,0,0,0,0,0,0,0,0,0,0.0395801500881994,0,0.265492647558033,0,0,0,0,0,0,0,0,0,0,0,0,0,0,0,0,0.631224809179107,0,0,0,0,0,0,0,0,0,0,0,0,0,0,0,0,0,0,0,0,0,0,0,0,0,0,0,0,0,0,0,0,0,0,0,0,0,0,0,0,0,0,0,0,0,-0.387059271378734,0,0,0,0,0,0,0,0,0,0,0.432962064933641,0,0,0,0,0,0.307142047156756,0,0,-2.58094874141178,0,0,0,0,0,0,0,0,0,0,0,0,0
0,0,0,0,-0.0619130032434363,0,0,0,0,0,0,0,-0.45626198208891,0,0,0,0,0,0,0,0,0.874833950370524,0,0,0,0,0,0,0,0,0,0,0,0,0,0,0,0,0,0,0,0,0,0,0,0,0,0,0,0,0,0,-0.0304304660268628,0,0,0,0,-0.582578361211562,0,0,0,0,0,0,0.225894002668859,0,0,0,0,0,0,0,0,0,0,0,0,-0.00105133732338447,0,0,0,0,0,0,0,0,0,0,0.196119636060808,0,0,0,-0.0245516011538052,0,0,0,0,0,0,0,0,0,0,0,0,0,0,0,0,0,0,0,0,0,0,0,0,0,0,0,0,0,0,0,0,0,0,0,0,0,0,0,0,0,-0.474986067822057,0,0,0,0,0,0,0,0,0,0,0,0,0,0,0,0,0,0,0,0,0,0,0,0,0.144286654435866,0.310472458314606,0,0,0,0,-0.762078247611675,-0.61398813267394,0,0,0,0,0,0,0,0,0,0,0,0,0,0,0,0,0,-0.213521505908636,0,-2.74223467573324,0,0,0,0.276836578700504,0,0,0,0,0,0,0,0,0
0,0,0,0,-0.544372773947725,0,0,0.877421994341749,-1.70144074365168,0.916062740786213,0.983825944398825,0,0,0,0,0,0.833474587693962,0.154770881194606,-0.893836351778157,-0.186693584558791,0,0.0644640151234182,0,0,0,0,0,0,0,0,0,-0.86397867674498,0,0,0,0,0,0,0,0,0,0,0,0.9546127437837,0,1.5977763743875,-0.298268369236379,0,0,0.545438820089592,0,0,0,0,0,0,-0.688407270300644,0,0.100990020573629,0,0,0,0,0,0,0,0,0,0,0,0,0,-0.30964927984038,0,-1.06191568986251,0,0,0,0,0.446265241758681,0,0,-0.0187101358678734,0,2.37840688944628,0.539923651644822,0,0,0,0,0,0,-0.113809086083154,0,0,0.564856780629385,0,0,0,4.4233269599674,1.26558477275447,0,0,0,0,0,0,0,0,0,0,1.14170368399302,0,-0.117235960818157,0,0,0,-0.284079443219516,0,0,0,0,0,0,0,0,0,0,0,0,0,0,0,0,0.470142937948431,0.863875597517191,0,5.5368302288114,0,0.0384346556588375,0,0,0,0,0,0,0,0,0,0,0,0,-0.761381121385474,0,0,0,0,0,0,0,0,0.501982611172858,0,0,0,0.353021542578141,-2.24113860140399,0,0,0,0,-0.145861857323608,0,0,0,0,0,0,0,0,-0.308370695665188,0,0,0,1.05250453351803,0,-4.99881110815757,0,0,0,-1.36929547990566,0,0,2.24924290170369,0,0,0,0,0,0
0,0,1.85278118611533,0,0,0,0,0,0,0,0,0,0,0,0,0,0,0,0,0,0,0.0304925105460387,0,0,0,0,0,0,0,0,0,0,0,0.0688363231270372,0,0,0,0,0,0,0,0,0,0,0,0,0,0,0,0,0,0,0,0,0,0,0,0,0,0,0,0,0,0,0.739066007139171,0,0,0,0,0,0,0,0,0,0,0.488860849379119,0,0,-0.726318315366604,0,0,0,0,0,0,0,0,0,0,0.153045931100653,0,0,0,0,0,0,0,0,0,0,0,0,0,0,0,0,0,0,0,0,0,0,0,0,0,0,0,0,0,-0.0658915089756213,0,0,0,0,0,0,0,0,0,0,0,0.102060939228682,0,0,0,0,0,0,0,0,0,0,0,0,0,0,0,0,0,0,0,0,0,0,0,0,0,0,0,0,0,0,0,0.900209117877238,0,0,-2.41512740000893,0,-0.521869501088343,0,0,0,0,0,0,0,0,0,0,0,0,0,0,0,0,0,-2.15776773578036,0,0,0,0,0,0,0,0,0,0,0,0,0
0,0,0,0,0,0,0,0,0,0,0,0,0,0,0,0,0,0,0,0,0,0.601178104214988,0,0,0,0,0,0,0,0,0,0,0,0,0,0,0,-0.958897173600103,0,0,0,0,0,0,0,0,0,0,0,0,0,-0.0409607308490438,0,0,0,0,0,0,0,0,0,0,0,0,0,0,0,0,0,0,0,0,0,0,0,-0.64486987589867,0,0,0,0,0,0,0,0,0,-1.0625712017134,0,0,0,0,0,0.376925229311023,0,0,0,0,0,0,0,0,0,0,0,0,0,0,0,0,0,0,0,0,0,0,0,0,0,0,0,0,0,0,0,0,0,0,0,0,0,0,0,0,0,0,0,0,0,0,0,-0.0910587459605978,0,0,0,0,0,0,0,0,0,0,0,0,0,0,0,0,0,0,0,0.0571348606415651,-0.333856508703243,0,0,0,0,0,-2.1041819529411,0,0,0,0,0,0,-0.567893682790799,0,0,0,0,0,0,0,0,0,0,0,0,-2.49156240179301,0.224316545620314,0,0,0,0,0.704224925345258,0,0,0,0,0,0,0
0,0,0,0,-2.94348922049996,0,0.0663512324051072,0,0,0,-1.62329757143702,0,0,0,0,0,0,0,0,0,-0.135253987332638,0.368298557945681,0,0,0,0,0,0,0,0,0,0,0,0,0,1.33062541647256,0,-0.0734066643875553,0,0.415940032403366,0,0.167079156327094,0,0,0,1.06056078090791,0,-0.636054689078952,0,0,0,-0.0275974468386178,-0.718877150645086,0,0,0,0,0,0,0.933055025889122,0,0,0,-0.0844061562913321,-0.578640034557576,-1.11160381139725,0,0,0,0,0,0,-0.386619398882734,0,0,-0.994741489769195,0,0,0,-1.22038180315356,-0.0362152064645085,0,0,0,0.0128783756106619,-1.05337336286312,0,0,0.00658436189355016,1.68098726317908,-1.35923329204116,0,-0.317576429009976,0,0,0,0,0,-1.6950776737141,0,-0.076829006097423,0,0,1.0639079097631,0,0,0,0,0,0,0,0,0,1.0237881794868,0,0,0,0,0,0,0,-0.171771087065215,0,0,0,0,0,0,0,0,0.0107394012546971,0,0,0,-1.15184119039454,0,-0.310436980527679,-0.698418682895676,0,0,0,0,0,0,0,10.0829189055211,0,0,0.311850918017801,0,0,0,0,0,-0.982984203740818,0,0,0,0,0,0,0,0,-0.467426017552581,0,0,0,0,0,0,0,0,0,0,0,0,0,0,0,0.390956002020123,0,0,0,0,-1.46338508713231,0,-3.43169456982336,0.139177501209043,0.00259239559432922,0,0,0,0,0,0,0,0,0,0,0
0,0,0,0,-0.359699569236033,0,0,0,0,0,0,0,-0.416659876417569,0,0,0.0413292986106397,0,0.671237449229576,0,0.494908488852402,0,0,0,0.793944651680409,0,0,0.778309736326058,0.0145729356537487,0,0,0.648830031198322,0,0,-2.30172245905215,0,0,0,0,0,0,0.0289277125410137,0,0,0,0,0,1.04920382512203,0,0,0,0,0,-2.39586867808197,-1.01966134826302,0,0,0,0,0,0,0.752710797760502,0,0,0,0,0,9.68686547626014,0,0,0,-2.10241657637664,0,-0.59289940083516,0,0,-0.350844383957942,-1.93487311453099,1.97833817266652,0.876737130973188,2.64054624022301,1.44956421594561,0,-2.15473359001071,0,-2.68922380040887,0.37422038823055,0,0,-0.0469557232602291,0,0,0,0,-0.368087671585824,0,0,0,0,0.627226006681719,0,0,1.57094810285322,-0.503627255443003,0,0.523197195816041,0,0.556297394589005,1.50387319818165,0,0,0,-0.587102255254838,0.526181615359157,0,1.01799540166568,0,0,0,0,-3.70578536178653,-1.46828465454811,0,2.14430186654192,0,0,0,-2.74878234694472,0,0,0,2.40585972963729,1.07123476368342,-4.40788456144124,0,0,0,0,0,0,1.20130273674626,2.70924723167796,0,-1.08430392949038,-5.25874740410814,0,0,0,0,0.299569524446193,0,-2.35991373215249,0,0,-1.73516289990102,0,1.24197785267157,0,0,-0.693134777365666,-0.294567012752126,-0.843864154794957,0,-0.131204320559718,2.2078867973808,0,0.165119739527582,-4.4830444867393,0,0,0,0,0,0,-0.679614179741162,0.87660060910838,0,0,-0.819992432224985,3.78741280970256,0,0,0.0059545778722454,0,0,0,0.279019198343607,-2.26948340328212,0,0,0,0,0.0258165907203043,0,2.74045825576806,0,-5.30202705338013,0,0.513106131374848,0,0
0,0,0,0,-0.494704050876543,-1.00271952034508,-0.724212926810193,0,0,0,0,0,0,0,0,0,0,0,-0.0191675282459416,0,-0.100410445220112,0,0,0,2.0681371446623,-0.0514314937562064,0,0,0,0,0,0,0,0,0,0,0.317750960052699,0,0,0,0,-0.168107665675067,0,0,0,-0.196016365278051,3.54043039991864,0,0,0,0,0,0,0,0,-0.477246130405224,0,0,0,0,0,0,0,0,0,0,1.91841559156141,0,0,0,0,0,0,0,0,-1.44106038861883,0,-0.0785032348618742,0,0,0,0,0,0.720888040982712,0,-1.81648312378187,0,0.471107953966329,0.126200877024884,0,-0.370845980163903,0,0,0,0,0.329245180637761,0,0,0,0,-0.502959261875869,0,0,0,0,0,0,0,0,0,0,0,-0.0034017593137885,0,0,0,0,0,0,0,0,0,1.55871293845664,0,0,-0.160716226277455,0,0,0,0,0,0,3.70477429503722,0,0,-0.225250494418801,0,0,0,0.863081558670755,0,0,0,0,0,0,0,0,0,0,0,0,0,0,0,0,0,0,0,0,0,0,0,0,0,0,0,0,0,0,0,0,0,0,0,-0.148372616862531,0,-1.21140836677378,3.9065230729698,0,0,0,0,0.722845767436441,0.828990087644108,0,-2.69741122379483,0,0,0,0,0,0,0,0,0,-0.0598085525100736,0,0,0
0,0,0,0,0,-1.22122734560934,-1.50206223365548,0,0,0,1.78940009644017,0,0,0,0,0,0.641179229806823,0,0,0,0,0,0,0,2.00193523776737,-0.699764447640518,0,0,0,0,0,0,0,0,0,0,0,0,0,0,0,0,0,0,0,1.3044843155776,0,0,0,0,0,0,0,0,0,0,0.366101961444008,0,0,0,0,0,0,0,0,0,0,0,0,0,0,0,0,0,0,-0.572732224578564,0,-0.76934130822649,0,0,0,0,0,0,0.244179058721768,-0.60904332079456,0,0,0.035231917273242,0,0,0.223557101673238,0,0,0,0,0,0,0,0,0,0,0,0,0,0,0,0,0,0,0,-0.918464294270996,0,0,0,0,0,0,0,-0.195690069661103,0.0162335606771919,0,0.936998494775018,0,0,0,0,0,0,0,0,0,2.12191024040974,0,0,0,0,0,0,0.682355694472283,0,0,0,-0.164657511077834,0,0,0,0.0578610764423197,0,0,0,0,0,0,0,0,0,0,0,0,0.292430331371284,0,0,0,0,0,0,0,-0.429264378323418,0,0,0,0,0,0,0,0,0,3.08142481267359,0,0,0,0,0,0.831504921224735,0,-2.43644683723813,0,0,0,0,0,0,0,0,0,0,0,0,-0.195158976027404
0,0,0,0,0,0,0,0,0,0,0,0,0,0,0,0,0,0,0,-0.00649498844627905,0,0.456554932573805,0,0,0,0,0,-0.2169075429557,0,0,0,0,0,0,0,0,0,0,0,0,0,0,0,0,0,0,0,0,0,0,0,0,0,0,0,-0.944136469160436,0,0,0,0,0,0,0,0,0,0,0,0,0,0,0,0,0,0,0,0,0,0,0,0,0,0,0,0,0,0,0,0,0,0,0,0,0,0,0,0,0,0,0,0,0,0,0,0,0,0,0,0,0,0,0,0,0,0,0,0,0,0.114123774169223,0,0,0,0,0,0,0,0,0,0,0,0,0,0,0,0,0,0,0,0,0,0,0,0,0,0,0,0,0,0,0,0,0,0,0,0,0,0,0,0,0,0,0,0,0,0,0,0,0,0,0,0,0,0,0,0,0,0,0,0.340610511195498,0,0,0,0,0,0,0,0,-2.77587062930724,0,0,0,0,0,0,0,0,0,0,0,0,0
0,0,0,0,0,0,0,0,0,0,0,0,0,0,0,0,0,0,0,0,0,0.415273407495863,0,0,0,0,0,-0.296180522782212,0,0,0,0,-0.0177401622602578,0,0,-0.341164697964632,0,0,0,0,0,0,0,0,0,0,0,0,0,0,0,0,0,0,0,0,0,0,0,0,0,0,0,0,0,0,0,0,0,0,0,0,0,0,0,0,0,0,0,0,0.058158171683345,0,0,0,0.263865302249255,0,0,0,0,0,0,0,0,0,0,0,0,0,0,0,0,0.394908704518634,0,0,0,0,0,0,0,0,0,0,0,0,0,0,0,0,0,0,0,0,0,0,0,0,0,0,0,0,0.577941597777208,0,0,0,0,0,0.218705296116784,0,0,0.426360847040752,0,0,0,0,0,0,0,0,0,0,0,0,0,0,0,0,0,0,0,0,0,0,0,0,0,0,0,0,0,0,0,0,0,0,0,0,0,0.160944030434559,0,0,0,0,0,0,0,0,-2.7516782155292,-1.22758150217937,0,0,0,0,0,0,0,0,0,0,0,0
0,0,0,0,0,0.0521015597174606,0.0951273196299398,0,0,0.0516972129162647,0,0,0,0,0,0,0,0,0,0,0,0.149216436149379,0,0,0,0.521812373473284,0,0,0,0,0,0,0,0,0,0,0,0,0,0,0,0,0,0,0,0,0.438819142782272,0,0,0,0,0,0,0,0,0,0,0,0,0,0,0,0,0,0,0,0,0,0,0.291514498782441,0,0,0,0,0,0,0,0,0,0,0,0,0,0,0,-0.0865501690881028,0,0,0,0,0,0,0,0,0,0,0,0,0,0,0,0,1.77001992869316,0.00755922472991011,0,0,0,0,0,0,0,0,0,0,0,0,0,0,0,0,0,0,0,0,0,0,0,-0.094889179576382,0,0,0,0,0,0,0,-0.136239232660538,0,0,0,0,0,0,0,0,0,0,0,0,0,0,0,0,0.38731662475856,0.250237322289192,0,0,0,0,0,0,0,0,0,0,0,0,0,0,0,0,0,0,0,0,0,0,0.0166778863233008,0,0,0,0,0,0,0,0,0,-2.86412541382928,0,0,0,0,0,0,0,0,0,0,0,0,0
0,0,0,0,0,0,0,0.197351463689671,0.376864230769748,0,0,0,-0.191098198154198,0.122916738360143,0,0,0,0,0,0,0,0,0,0,0,0,0,0,-0.135437375400719,0,0,0,0,0,0.00621928838300123,0,0,0,0,0.566560272374909,0,0,0,-0.500789477777029,-0.279200106440762,0,3.78885144578745,0,0,0,-3.45849323580374,0,-1.7564712532563,0,0,0,0,-0.818253288866614,0,0,0,0,1.13465403198582,0,0,0,0,1.27223530527335,0,5.38129120748775,-0.924953035914156,0,0,0,0,0,0,1.02052017857119,0,1.65533661058233,0.481016493913775,0,-0.0879539129124178,-0.248838288719864,0,0,0,-1.11156249913434,0,0,0,0,0,0,0,-0.882715618565389,0.0208357926065434,0.755465458773863,0,0.172179586072154,0,0,0.869780996520699,0,0,-0.941522951087023,0,-0.104018006410519,0,0,0,-0.482273781363871,0,0,0,-0.391280878621944,0,-0.451845306621933,0,0,-2.58080689496699,0.443309038973621,0.412509040682251,0,0,0,0,-1.54235376523034,0,0,0,0,0.643526342490506,0,-0.187445750300329,0,0.186839596868778,0,0,0,0,0,0,0,0,0,0,0,0,0,0,0,0,0,0,0,0.178625688399258,0,0,0,0,0,0,0,0,0,0,0.736890807895732,0,0,0,0,-0.0106747313022906,2.38381361521991,0,0,0,0.529559322840124,0,0.362230210292392,0,0,0,0,0.66716884184241,0,-0.452209655143302,0,0,0,0,0,0,0,0.485076425794985,-0.450681472638553,0,0,0,0
0,0,2.09608952920012,0,-0.105354432369266,0,0,4.52466609450146,0,0.837552816259492,0,0,0,0,0,0.358368659225425,0,-0.605482255907789,0,0,1.02763374469786,0,0,0,0,0,0,2.04443262144864,0,0,0,0,0,-0.756039788309104,0,0,0,-2.23201651949329,0,0,0,0,0,-2.26376442285488,-0.479227012106814,0,-2.56233084273081,0,-0.0688416996533709,0,-6.85022733590767,0,0,0,0,0,0,0,0,0,-0.326600754393464,0,1.70937937803112,0,-0.621479719661731,0,0,0.391822993041186,0.14735891600004,5.02146929968642,-1.20180264492795,0,0,0,0,0,0,0,0,0,0,0,0,0,0,0,0,0,0,0,0,0,0.062503048855272,0.101828106163371,-1.75472080466206,0.191528986697182,0,0.285797543068913,0,0,-0.484693850537187,0,0,-0.546451425344352,0,-1.64178288233097,0,-0.14175484824942,0,0.626857491990153,0,0,0,0,0,-2.06946704850126,0,0,0,-1.26846979921284,-0.440591701677949,1.29512183047037,0,0,0,0,0,-0.767123727432092,0,0,0,1.25751157800723,0.315778705186473,0.506410164863099,0,0,0.0106430256283343,-0.235987648389692,0,0,0,0,-0.481500228486447,0,0.180760445496468,0,0,0.0735555916403599,0,0,0,-0.73935000752719,0,0,0,-0.143495159186411,0,0,0,0.156722167177515,0,0,0,0.238235555120868,0,0,0,0,-2.88506552009831,0,0,0,0,0,0,1.82055965943474,0,0,0,0,0.303866659712683,0,0.300633905822715,0,0,0,0,-0.69921866661866,0,0,0,0,0,0,0,-0.295098705355098,0,0,0,0
0,0,0,0,0,0.114777736186233,0,1.0370882020434,0,0,0.285613733470889,0,0,0,0,0,0,0,0,0.148992640558036,0,0,0,0,0,0.203775973207432,0,0,0,0,0,0,0,0,0,0,0,-1.17291144766588,0,0,0,0,0,-7.16471358453885,0,0,0,0,0,0,0,0,0,0,0,0,0,0,0,0,0,0,0,0,0,0,0,0,0,12.4920402334808,0,0,0,0,0,0,0,0,0,0,0.0793285367610355,0,0,-0.110064800891088,0,0,-2.41317593710328,0,0,0,0,0,0,0,-0.27494146031113,0,0,0,0,0,0,0,-0.0760670487390152,0,0,0,0,0,0,0,0,0,0,0,0,0,0,0,0,0,0,0,0,0,0,0,0.414996316392655,0,0,0,-0.0459378331399343,0,0,0,0,0,0,0,0,0,0,0,0,0,0,0,0,0,0,-0.0142840375922275,0,0,0,0,0,0,-2.40770394948185,0,0,0,0,0,0,0,0,0,0,0,0,0,0,0,0,-0.0523242690219541,0,0,0,0,0,0,0,0,0,0,0,0,0,0,0,0,0,0,0,0,0,0,0,0,0,0
0,0,-0.327565523603678,0,0,0,0,0.69568367890159,0,0,0,0,0,0,0,0,0,0,0,0,0,0,0,0,0,0,0,0,0,0,-0.632461048952936,0,0,0,0,0,0,0,0,0,0,0,0,-10.3061115957205,0,0,0,0,0,0,0,0,-0.423562072767627,0,0,0,0,0,0,0,0,0,0,0,0,0,0,0,0,16.2639126342642,0,0,0.158117625981132,-0.123889694260475,0,0,0,0,0.437876468774698,0,0,0,0,-1.0351078004605,0,0,-0.164161199172085,0.193579992119328,0,0,0,0,0,0,0,0,0,0,0,0,0,0,0,0,0,0,0,0,0,0,0,0,0,0,0,0.28656230051216,0,0,0,0,0,0,0,0,0,0,0,0,0,-0.230712035257343,0,0,0,0,0,0,0,0,0,0,0,0,0,0.0482237496569329,0,0,0,1.4006353155908,0,0,0,0,0,0,0,0,-3.37531235714279,0,0,0,0,0,0,0,0,0,0,0,0,0,0,0,0,-0.698601423525961,0.0714783686355636,0,0,-0.64502770306798,0,0,0,-0.210295089687249,0,0,-0.0661256073989136,0,0,-1.06322964155623,0,0,-0.061290095943813,0,0,0,0,0,0,0.044567991447807,0,0
0,0,0,0,0,0,0,0,0,-0.0438065658214146,0.597212902749596,0,0,0,0,0,0,0,0,0,0,0,0,0,0,0,0,0,0,0,0,0,0,0,0,0,0,0.168667382810191,0,0,0,-0.00204959627349499,0,0,0,0,0,0,0,0,0,0,0,-0.191274385002146,0,0,0,0,0,0,-0.626385034217727,0,0,0,0.384154084970456,0,0,0,0,21.3146170884034,0.054150180907427,0,0,0,0.65439844622733,0,0,0,0,0,0,0,-0.209915909945994,0,0,0,0,0,0,0,0,0,0,0,0,0,0,0.0405653306020164,0,0,0,0,0.15007506886279,0,0,0,0,0,1.7020747510769,0,0,0,-0.139563982007682,0,0,0,0,0,0,0,0,-1.06994438178555,0,0,0,0,0,-1.81634811462616,0,0,0,0,0,0,0,0,0,0,0,-1.03537211297789,0,0,0,0,0,0,0,0,0,0,0,0,0,-0.747792929394353,0,0,-1.4192081634992,0,0,0,0,0,0,0,0,0,0,0.34110742820622,0,0,-0.367439357616385,0,0,0,0,0.0697502262119389,0,0,0.522953258008865,0,0,0,0,0,0,0,0,0,0,0,0,0,0,0,0,0,0,0,0,-0.329269965818119
0,0,0,0,0,0,0,0,0,0,0,0,0,0,0,0,0,0,0,0,0,0,0,0,0,0,0,0,0,0,0,0,0,0,0,0,-0.119026926356363,0,0,0,0,0,0,0.275866896026954,0,0,0.260378210128299,0,0,0,0,0,0,0,0,0,-0.400609193841667,0,0,0,0,0,0,0,0,0,0,0,0,16.7502884528527,0,0,0,0,0,0,0,0,0,0,0,0,0,0,0,0,0,0,0,0,0,0,0,0,0,-1.1052049257313,-0.138341521363416,0,0,0,0,0,1.43170356407419,0,0,0,0,0,0.468341527612693,0,0,0,0,0,0,0,0,0,0,0,0,0,0,0,0,0,0,-0.0125735094001718,0,0,0,0,0,0,0,0,0,0,0,0,0,0,0,0,0,0,0,0,0,0.695468967162956,0,0,0,0,0,0,-2.48172374439492,0,0,0,0,0,0,0,0,0,0,0,0,0,0,0,0,0,0,0,0,0,0,0,0,0,0,0,0,0,0,0,0,0,0,0,0,0,0,0,0,0,0.685796824847015,-0.488283473086074
0,0,0,0,0,0,0,0,0,0,0,0,0,0,0.211419779111591,0,0,0,0,0,0,0,0,0,0,0,0,0,0,0,0.0474514120448328,0,0,0,0,0,0,0,0,0,0,0,0,0,0,0,0,0,0,0,0,0,0,0,0,0,0,0,0,0,0,0,0,0,0,0,0,0,0,15.9678975925269,0,0,0,0,0,0,0,0,0,0,0,0,0,0,0,0,0,0,0,0,0,0,0,0,0,-0.723718195759347,0,0,0,0,0,0,0,0,0,0,0,0,0,0,0,0,0,0,0,0,0,0,0,0,0,0,0,0,0,0,0,0,0,0,0,0,0,0,0,0,0,0,0,0,0,0,0,0,0,0,0,0,0,0,0,0,0,0,0,0,-1.86344057420035,0,0,0,0,0,0,0.0109736550450825,0,0,0,0,0,0,0,0,0,-0.0605088627609063,0,0,0,0,0,0,0,0,0,0,0,0,-0.385727508789625,0,0,0,0,0,0,0,0,0,0,0,0,0
0,0,0,0,0,0,0,0,0,0,0,0,0,0,0,0,0,0,0,0,0,0,0,0,0,0,0,0,0,0,0,0,0,0,0,0,0,0,0,0,0,0,0,0,0,0,0,0,0,0,0,0,0,0,0,0,0,0,0,0,0,0,0,0,0.0241336681918523,0,0,0,0,8.78635082338598,0,0,0.136557768476086,0,0,0,0,0,0,0,0,0,0,0,0,0,0,0,0,0.0960671900500976,0,0,0,0,0,0,0,0,0,0,0,0,0,0,0,0,0,0,0,0,0,0,0,0,0,0,0,0,0,0,0,0,0,0,0,0,0,0,0,0,0,0,0,0,0,0,0,0,0,0,0,0,0,0,0,0,0,-0.203999639190748,0,0,0,0,0,0,0,0,-1.7456713978397,0,0,0,0,0,0,0,0,0,0,0,0,0,0,0,0,0,0,0,0,0,0,0,0,0,0,0,0,0,-1.06396702243368,0,0,0,0.300950250593585,0,0,0,0,0,0,0,0,0
0,-0.768966696236102,0,0,0,-1.0802401834045,-0.217688824230014,0,0,-0.109366647687031,0,0.197110114362233,0,0.123078093134992,0.0947006014465896,0,0,-0.908023641496155,-0.520702988393129,0,0,0,0,0,0,0,0,-1.97743278415771,0,0,0,0,0,-0.119829569714904,0,-0.0951498454753545,-0.447111220088591,0,0,0,0,0,0.0992622059918509,0,0,0,0,0,-0.312381928313175,0,0,0,0,0.216150496708851,0,0,0,0,0,-0.155989186603013,0.015437351183486,0.310511858787812,0,0,0,0,0,0,0,0,0,-0.167044140587854,0,0,0,2.17600332727901,0,0,0,0,0,0,0,0,-1.40825648120079,-0.302180154481075,0,-0.0476144867176918,0,0,0,0,0,-0.881708778934478,0,0,-0.0859640821005452,0,0,0,0,0,0,0,0,0,0,-0.71380666461575,2.0384257267795,0,0,0,0,0,0,-1.21839706568984,0,0,0,1.2878522098094,0,0,0.188933294680342,0,0,0,0,0,1.25291078555322,0,0,-0.613469667915087,0,0,0,0,1.62103462676285,1.35369416928235,0,0,0,0,0,0,0,0,0,0,0,0,0,0,0,0,0,0.13451344895271,0,0,0,0,0,0,0,0,0,0,-3.69704438891314,0,-1.49352033816167,0,0,0,0,-0.043328286407462,0,0,0,0,0,0,0,0,0,0,0,0,-1.91423770583387,-0.153454283534592,0,0,0,0,0,0,0,-0.848297136559894,-0.324074454912401,0.0858197059978094,0,0
0,0,0,0,0,0,0,0,0,0,0,0,-0.066152157022408,0,0,0,0,0,0,0,0,1.21252048158715,0,0,0.695056120507616,0,0,0,0,0,0,0,0,0,0,0,0,0,0,0,0,0,0,0,0,0,0,0,0,0,0,0,0,0,0,0,0,0,0,0,0.489237186630745,0,0,0,0.458118777623006,0,0,0,0,0,0,0,0,0,0,0.00719362185502259,0,0,0,0,0,0,0,0,0,0,0,0.0389647510185467,0,0,0,0,0,-5.11095965336741,0,0,0,0,0,0,0,0,0,0,0,0,0,-0.193144326861415,-0.876521811373128,0,0,0.00122036899498035,-0.236379797322154,0,0,0,0,0,0,-0.245932410786146,0,0,0,0,0,0,0,0,0,0,0,0,0,0,0,0,0,0,0,0,0,0,0,0,0,0,0,0,0,0,0,0,0,0,0,0,0,0,0,0,0,0,0,0,0,0,0,0,0,0,0,0,0,0,0,0,0,0,0,0,0,0,0,0,0,0,-2.04775690375266,-0.18260682266317,0,0,0,0,0,0,-0.187815905040944,0,0,0,0,0
0,0,0,0,0,0,0,0,0.0827375533952992,0.39133177652942,0,0,0.054437385560052,0,0,0,0,0,0,-0.283974376851584,0,0,0,0,0.781278555667207,0,0,0,0,0,0,0,0,0,0,0,0,0,0,0,0.0563098431003102,0,0,0,0,0,0,0,0,0,0,0,0,0,0,0,0,0,0,0,0,0,0,0.157144368626152,0,0,0,0,0,0,0,-1.40244522147401,0,0,0,0,0,0,0,0,0,0,0,0,0,0,0,-0.334153834471109,0,0,0,0,0,0,0,0,0,0.226729934159485,0,0,0,0,0,0.636089071773591,0,0,0,0,0,0,0,0,0,0,0,0.0757048808756819,0,0,0,0,0,0,0,0,0,0,0,0,0,0,0,0,0,0,0,0,0,0,0,0,0,0,0,0,0,0,0,0,0,0,0,0,0.781215257665377,0,0,0,0,0,0,0,0,0,0,0,0,0,-2.20350430173158,0,0,0,0,0,0,0,0,0,0,-0.397982418830558,0,0,0,0,0,0,0,0,-2.55108863342841,0.333521621544544,0,0,0,0,0,0,0,0,0,0,0,0
0,-2.16713418873871,0,0,-0.263105655064263,0,0,0,0,0,-3.1370611227507,0,0,0,0,0,0,0,0,0,0,0.233140619878981,0,0,0,0,0,0.141458643983996,0.272877325777647,0,0,0,0,0.204632699532848,0,-0.0916959323428339,0.601385404752718,0.261902365153461,0,0,0,-0.863622280042978,0,0,0,0,0.384200633128267,0,-1.53147282919311,0,0,-5.48788246408179,0,0,0.180485342019502,0,0,0,0,0.510373964584731,0.400464612819376,0,0,0,0,0,0,0,0,0,0,0,0,0,0,0,0,0,0,0,0,0,0,0,0,0,0,0,0,0,-0.657531404599153,0,0.412766567964084,0,0,0,0,0,0,0,0,-0.767798350014654,0,0.484881568068333,0,0,0,0,0,0,0,0,0,-0.241624762752346,0,0,1.94612725488769,0,0,0,0,0,0,0,0,0,0,1.37247191647241,0,0,0,0,0,0,0,0,-0.406573621200836,0,0,0,0,0,0,0.561224535711846,0,0,0,0,0.489310797420441,0,0,0,0,0,0,0.0890078911128254,0,0,0,0,0,-0.455402703633907,0.701217107223665,0,0,0,0,0,-1.51294076109268,0,-0.282531316000624,0,0,-2.61304908596094,0,0,0,0.961630775426631,0,0,0,0,-0.112015468805901,0,0,0,-2.22373206953199,0,0,0.445175201072846,0,0,0,0,0,0,-0.559953333992169,1.66444724510278,0.211477848285083,-0.449509075628927
0,9.0650399395415,0,0,-0.3423157873551,0,0,0,0,0,0,0,0,0,0,0,0,0,0,0,0,0.290357004476022,0,0,0,0,0,0,0,0,0,0,0,0,0,0,0,0,0,0,0,0,0,0,0,0.697322201340121,0.171147394372521,0,0,0,0,0,0,0,0,0,0,0,0,0,0,0,0,0,0.666478589408386,0,0,0,0,0,0,0,0,0,0,-0.30437493607061,0,0,-0.147140719682879,-0.755556943812741,0,0,0,0,0,0,0.0627907451344474,0,0,0,0,0,0,0,0,0,0,0,0,0,0,0,0,0,0,0,0,-0.257029899688616,0,0,0,0.160760574637616,0,0,0,0,0,0,0,0,0,0,0,0,0,0,0,0,0,0,0,0,0,0,-0.0832838599525167,0,0,0,0,0,0,0,0,0.102836575460741,0,0,0,0,0,0,0,0,0,0,0,0,0,0,0,0,0,0,0,0,0,0,-0.422037287425677,0,0,-0.548754261700575,0,0,0,0,0,0,0,0,0,0.693852171290874,0,0,0,0.249978985059714,0,0,-2.99848306742686,0,0,0,0,0,0,0,0,0,0,0,0,0
0,-17.2440357187997,0,0,0,0,0.19460604958786,0,0,0,0,0,0,0.0893722219213222,0,0,0,0,0,0,0,0,0,0,0,0.819985671410087,-0.165592101174607,0,0,0,-0.490324361211608,0,0,0,0,0,0,0,0,0,0,0,0,0,0,0,0,0,0,0,0,0,0,0,0,0,0,0,0,0,0,0,0,0,0,0,0,0,0,0,0,0.273745963988301,0.420562179235625,0.0396424933191499,0.568836394023938,0,0,0,0,0,0,0,0,0,0,0,0,0,0,0,0,0,0,0,0,0,0,0,0,0,0,0,0,0,0,-0.337780662791143,0,0,0.202930643812057,0,0,0,0,0,0,0,0,0,0,0,0.313758138900371,0,0,0,0,0,0,0,0,0,0,0,0,0,0,0,0,0,0,0,0,0,0,0,0,0,0,0,0,0,0,0,0.222031951045837,0,0,0,0,0,0,0,0,0,0,0,0,0,0,0,0,0,0,0,0,-0.317343961543149,0,0,0,0,0,0,0,0,0,0,0,0.0511459019974894,0.585092714775571,0,0,0,0,0,-0.0206456497431653,0,0,0,0,0,0,0
0,-16.8695395022671,0,0,0,-0.199665440459743,0,0,-0.204953708866692,0,0,0,0,0.0870132665834293,0,0,0,0,0,0.282068541443295,0,0,0,0,0,1.02130241383734,-0.430152057079854,0,0,0.0438840503048989,-1.3063099811198,0,0,0,0,0,0,0,0,0,0,0,0,0,0,0,0,0,0.341476141809585,0,0,0.46064659069934,0,0,0,0,0,0,0,0,0,0,0,0,0.121947932111691,0,0,0,0,0,-0.465535171001212,0,0.597273796316336,0,0,0,0,0,0,0,0,0,0,0,0,0,0,0.0549609673912625,0,0,0,0,0,0,0,0,0,0,0,0,0,0,-0.0503763219127868,0,0,-0.200547820340936,0,0,0,0,0,0,0,0,0,0,0,0,-0.248003815517343,0,0,0,-0.891225515301842,0,0,0,0,0,0,0,0,-0.149574092733278,0,0,0,-0.0359690957681533,0,0,0,0.421204220480425,0,0,0,0,0,0,0,0,-0.70646190184137,0,0,0,0,0,0,0.223400112487387,0,0,0,0,0,0,0,0,0,0,0,0,0,0,0,0.0400566795208679,0,0,0,0,0,0,0,0,0,0,0,0,0,0,0,0,0,0,0,0,0,0,0,0,0,0.170059582673721,0,0
0,-14.0321584455948,0,0,0,0,0,0.0455415996828852,0,0,0.714818103286872,0,0,0,0,0,0,0,0,0,0,0,0,0,0,0,0,0,0,0,0,0,0,0,0,0,0,0,0,0,0,0,0,0,0,0,0,0,0,0,0,0,-0.411574809854137,0,0,0,0,0,0,0,0,0,0,0,0,0,0,0.157857801559091,0,0,0,0,0,0,0,0,0,0,0,0,0,0,0,0,0,0,0,0,0,0,0,0,0,0,0,0,0,0,0,0,0,0,0,0,0,0,0,0,0.439075382805297,-1.03439876145577,0,0,0,0,0,0,0,0,-0.375045345533731,0,0,0,0,0,0,0,0.101777540872499,0,0.00644352847264718,0,0,0,0,0,0,0,0,0,0,-0.282573938510624,0,0,0,0,0,0,0,0,0,0,0.183156238432169,0,0,0,0,0,0,0,0,0,0,0,0,0,0,0,0,0,0.179492637933252,0,0,0,0,0.709399464902948,0,-0.595316040489128,0,0,0,0,0,0,0,0,0,0,0,0,0,0,0.332964054518496,0,0,0,0,0,0,0,0,0
0,-10.5693991337704,0,0,0,0,0,0,0,0,0,0,0,0,0,0,0,0,0,0,0,0,0,0,0,0,0,0,0,0,0,0,0,0,0,0,0,0,0,0,0,0,0,0,0,0,-1.91864521913313,0,0,0,0,0,0,0,0,0,0,0,0,0,0,0,0,0,0,0,0,0,0,0,0,0,0,0,0,0,0,0,0,0,0,0,0,0,0,0,0,0,0,0,0,0,0,0,0,0,0,0,0,0,0,0,0,0,0,0,0,0,0,0,0,0,0,0,0,0,0,0,0,0,0,0,0,0,0,0,0,0,0,0,0,0,0,0,0,0,0,0,0,0,0,0,0,0,0,0,0,0,-0.619760298740107,0,0,0,0,0,0,0,0,0,0,0,0,0,0,0,0,0,0,0,0,0,0,0,0,0,0,0,0,0,0,0,0,0,0,0,0,0,0,0,0,0,0,0,0,0,0,0,0,0,0,0
0,-12.3905000765579,0,0,0,0,0,0,0,0,-1.70586698426788,0,0,0,0,0,0,0,0,0,0,0,0,0,0,0,0,0,0,0,0,0,0,0,0,0,0,0,0,0,0,0,0,0.546901756720458,0.673194245433468,0,0,0,0,0,0,0,0,0,0.00665709870589337,0,0,0,0,0,0,0,0,0,0,0,0,0,0,0,0.0335081298719615,0,0,0,0,0,0,0,0,0,0,0,0,0.405885403664639,-0.362797755946056,0,0,0,0,0,0,0,0,0,0,0,0,0,0,0,0,0,0,0,0,0,0,0,0.856509133658395,0,0,0,0,0,0,0,0,0,0,0,0,0,0,0,0,0,0,0,0,0,0,0,0,0,0,0,0,0,0,0,0,0,0,0,0,0,0,0,0,0,0,0,0,0,0,0,0,0,0,0,0,0,0,0,0,0,0,0,0,0,0,0,0,0,0,0,0,0,0,0,0,0,0,0,0,0,0,0,0,0.260857392958073,0,0,0,0,0,0,0,0,0,0
0,-8.69878925571711,0,0,0,0,0,0,0,0,0,0,0,0,0,0,0,0,0,0,0,0,0,0,0,0,0,0,-0.348611380681996,0,0,0,0,0,0,0,0,0,0,0,0,0.43478303553494,0,0,0,0,0,0,0,0,0,0,0,0,0,0,-1.19255587260411,0,0,0,0,0,0,0,0,0,0,0,0,0,0,0,0,0,0,0,0,0,0,0,0,0,0,0,0,0,0,0,0,0,0,0,0,0,0,0,0,0,0,0,0,0,0,0,0,0,0,0,0,0,0,0,0,0,0,0,0,0,0,0,0,0,0,0,0,0,0,0,0,0,0,0,0,0,0,0,0,0,0,0,0,0,0,0,0,0,0,0,0,0,0,0,0,0.0816703151868925,0,0,0,0,0,0,0,0,0,0,0,0,0,0,0,0,0,0,0,0,0,0,0,0,0.0473810790596447,0,0,0,0,0,0,0,-0.625848814773314,0,0,0,0,0,0,0,-0.114812482182711,0,0,0,0,0
0,-12.3258280941073,0,0,0,0,0,-0.209460473613199,0,0,0,0,0.0375768509358845,0,0,0,0,0,0,0,0,0,0,0,0.00248678650151679,0,0,0,0,0,0,0,0,0.400645827795475,0,0,0,0,0,0,0,0.078423973774101,0,0,0,0,0,0,0,0,0,0,0,0,0,0,0,0,0,0,0,0,0,0,0,0,0,0,0,0,0,0,0,0,0,0,0,0,0,0,0,0,-0.31399015003211,0,0,0,0,-0.550743700497735,0,0,0,0,0,0,0,0.193387265964853,0,0,0,0.513248748608217,0,0,0,0,0,0,0,0,0,0,0,0,0,0,0,0,0,0,0,0,0,0,0,0,0,0,0,0,0,0,0,0,0,0,0,0,0,0,0,0,0,0,0,0,0,0,0,0,0,0,0,0,0,0,0,0,0,0,0,0,0,0,-0.572581492255108,0,0,0,0,0,-0.520981670301897,0,0,0,0,0,0,-0.951248689665899,0,0,0,0,0,0,0,0,0,0,-0.554771843413948,0,0,0,0,0,0,0,0,0,0,0,0,0
0,-10.3383998572983,0,0,0,0,0,0,0,0,0,0,0,0,0,0,0,0,0,0,0,0,0,0,0,0,0,-0.0733541669015834,0,0,0,0,0,0,0,0,0,0.639029373342644,0,0,0,0.306190861521331,0,0,0,0,0,0,0,0,0,0,0,0,0,0,0,0,0,0,0,0,0,0,0,0,0,0,0,0,0,0,0,0,0,0,0,0,0,0,0,0,0,0,0,0,0,0,0,0,0,0,0,0,0,0,0,0,0,0.20292216099412,0,0,0,-0.0879861156567043,0,0,0,0,0,0,0,0,0,0,0,0,0,0,0,0,0,0,0,0,0,0,0,0,0,0,0,0,0,0,0,0,0,0,0,0,0,0,0,0,0,0,0,0,0,0,0,0,0,0,0,0,0,0,0,0,0,0,-1.40378159800032,0,0,0,0,0,0,0,0,0,0,0,0.503168919553862,0,0,0,0,0,0,0,0,0,0,0,-1.04444014616344,0,0,0,0,0,0.132805649720922,0,0,0,0,0,0,0
0,-8.11454054610357,0,0,0,0,0,0,0,0,0,0,0,0,0,0,0,0,0,0,0,0,0,0,0.224467512744828,0,0,0,0,0,0,0,0,0,0,0,0,0,0,0,0,0,0,0,0,0,0,0,0,0,0,0,0,0,0,0,0,0,0,0,0,0,0,0,0,0,0,0,0,0,0,0,0,0,0,0,0,0,0,0,0,0,0,0,0,0,0,0,0,-0.522313144107537,0,0,0,0,0,0,0,-0.144192991772522,0,0,-0.0540588684506378,0,0,0,0,0,0,0,0,0,0,0,0,0,0,0,0,0,0,-0.0329252190315803,0,-0.126213313298543,0,0,0,0,0,0,0,0,0,0,0,0,0,0,0,0,0,0,0,0,0,0,0,0,0,0,0,0,0,0,0,0,0,0,0,0,0,0,0.157185295733848,0,0,0,0,0,0,-0.623015736513179,0,0,0,0,0,0,0,0.214842897098637,0,0,0,0,0,0,0,0,-0.118611964893077,0,-2.33201919416475,0,0,0,0,0,0.224038288341768,0,0,0,0,0.0169508898681563,0,0.123425670190015
0,0,0,0,-0.00388543107745898,0,-0.200637162715151,0,0,1.12415098024355,0.727987446333668,0,0,0,0,0,0,-0.285330421461229,0,-0.0323113839019127,0,0.759003098723387,0,0,0,0,0,0,0,0,0,0,0,0,0,0,0,0,0,0,0,0,0,-1.35377089776122,0.534626549052045,3.2652138253681,-1.26458109819917,0,-0.00619537384921709,0,0,0,0,0,0,0,0,0,0,0,0,0,0,-0.198500674368966,0,0,-0.184986707590088,0,0,0,0,0,0,0,0,0,0,0,0,0.393547838635266,1.38235979044255,0,0,0,0.546844994816253,0,-0.642620161188693,-1.16433411105201,0,0,0,0,0,0,0,-0.132831436835392,0,0,0,0,0,0.584298226926865,0,0,0,0,0,0,0,0,0,0,0,0,0,0,0,0,0,0,0,0,0,0,0,0,0,0,0,0,0,0,0,0,0,0,0,0,0,0,0,0,0,0,0,0,0,0,0,0.197731447905092,0,0,0,0,0,0,0,0,0,-0.722239869001607,0.401951300186801,0,0,0,0,0,0,0,0,0,0,0,0,0.0743018474118826,0,0,0,0,0,0,0,0,0,0,0,0,-2.90336980351799,0,0,0,-0.100802222431185,0,0,0,0,0,0,0,0,0
0,0,0,0,0,0,-0.0498816873588228,0.123199201690404,0,0,0,0,0,0,0,0,0,0,0,0,0,0.0262647166796115,0,0,0,0,0.34496049337189,0,0,0,0,0,0,0,0,0,0,0,0,0,0,0,0,0,0,0.2656789235146,0,0,0,0,0,0,0,0,0,0,0,0,0,0,0,0,0,0,0,0,0,0,0,0,0,0,0,0,0,0,0,0,0,0,0,0,-0.446887728206428,0,0,0,0,0,0,0,0,0,0,0,0,0,0,0,0,0,0,0,0,0.345541125110764,0,0,0,0,0,0,0,0,0,0,0,0,0,0,0,0,0,0,0,0,0,0,0.330840397354182,0,0,0,-1.17753521110171,0,-0.00607056930082317,0,-1.11782962338557,0,0,0,0,0,0,0,0,0,0,0,0,0,0,0.445954403688068,0,0,0,0,0,0,0,0,0,0,0.252418215790203,-0.293269031106925,0,0,0,0,-0.163377130382071,0,0,0,0,0,0,0,0,-0.274326632298114,0,0,0,0,0,0.279541979441505,0,0,0,0,-3.32034170816967,0,0,0,0,0,-0.0323328292448635,0,0,0,0,0,0,0
0,0,0,0,0,0,0,0,0,0,1.07676573392756,0,0,0,0,0,0,0,0,0,0,0,0,0,0,0,-0.0130779155507685,0,0,0,0,0,0,0,0,0,0,0,0,0,0,0,0,0,0,0,-0.680951797731026,0,0,0,0,0,0,0,0,0,0,0,0,0,0,0,0,0,0,0,0,0,0,0,0,0,0,0,0,0,0,0,0,0,0,0,0,0,0,0,0,0,0,0,0,0,0,0,-0.388236503937542,0,0,0,0,0,0,0,0,0,0,0,0,0,0,0,0,0,0,0,0,0,0,0,0,0,0,0,0,0,0,0,0,0,0,0,0,0,-0.12794334637622,0,0,0,0,0,0,-0.938936070217219,0,0,0,0,0,0,0,0.279498613722005,0.0201803843611816,0,0,0,0,0,0,0,0,0,0,0,0,0,0.169883413020782,0,0,0,0,0,0,0,0,0,0,0.528465724309017,0,0,0,0,0,0,0,0,0,0,0,0,-1.95043016796736,0,0,0,0,0,0,0,0,0,0,0,0,0
0,0,0,0,0,0.606017448998663,0,0,0,0,0.923140041974628,0,0,-0.113181384734137,0,0,0,0,0.843243591044905,0,-2.15810594836473,0,-0.189488341084507,0.216076412824271,0,0,-1.10935116409099,0,0,0,0,0,0,1.42200674884218,0,0.630423829232818,-1.52243884492102,-0.214245298506726,0,0,0,0,0,0,0,0,0,0,0,0,0,0,0,0,0,0,1.49300652915111,0,0,0,0,0,2.98782656510553,-2.12825858210116,0,-1.36487075034016,-0.151671200929232,-0.202499928513328,0,0,0,1.41283937341072,-0.415276426829353,0,0,0,0,0,1.97469781370439,0,0,0,0.0341775362047991,-0.31452367241476,0,0,0,-0.511270314322152,0,0,0,0,0,0,-0.345222957877784,0.283754287324302,0,0,0.861211087360828,0,0,0,0.172510628943503,0.822353152395038,1.65733296989594,-1.06167240667251,0,0,0,0,0,0,0,0,-0.364929502266798,0,0,0,0.173186246984205,-0.0378174898595671,0,0,0,-0.265923533940787,0,-0.0991935740150283,0,0,0,0,0,-2.04568562041086,-1.02291925234154,0,0,0,0.0252275674262386,-0.0738310243820783,0,0,0,0,0,0,0,0,0,2.20082983953576,0.404734659712852,0,0,0,0,0,0,0,0,0,-0.751237454027821,0,-1.29827585633453,0,3.14663597781021,0,0,0,0,-0.204267735810198,-1.14403482185107,0,0,0,0,2.94306404777363,0,0.864497122594465,0,0,0,-0.459205496693905,0,0,0,0,0,0,-4.6935289178913,0,0,0,0,0,0,0,-1.26487829480862,0,0,0,-0.516661266678606,0
0,0,0,0,0,0,0,0,0,0,0,0,0,0,0,0,0,0,-0.286625735649045,0,0,0,0,0,0,0,0,0,0.638503473504871,0,0,0,0,0,0,0,-1.09281473671143,0,0,0,0,0,0,0,0,0,0,0,0,0,0,0,0,0,0,0,0,0,0,0,0,0,0,0,0,0,0,-0.0203414528535981,0,0,0,0,0,0,0,0,0,-1.27091988868912,0,0,0,0,0,0,-0.621434666024137,0,-0.638733782451929,0,0,0,0,0,0,0,0,0,0,0,0,0,0,3.92582380821021,0,0,0,0,0,0,0.202874934837544,0,0,0,0,0,0,0,-0.0458133950530768,0,0,0,0.654794713860567,0,0,0,0,0,0,-0.347664345228928,0,0,0,-4.30106163146805,0,0,0.441494695219387,0,0,0,0,0,0,0,0,0,0,2.10171714171824,0,0,0,0.463121895655294,0,0,0.580264635724527,0,-0.357928378381012,0,0,0,0,0,0,0,0.600739057597665,1.02348481831377,0,0,0,0,0,0,-0.917890370926653,-0.515052524966494,0,0,0,0,0,0,0,0.510890836513327,0,0,0,0,0,0,-1.42588465292545,-0.346810041031089,0,0.387106685304962,4.56602739593581e-05,0,-0.862284105170754,0,0,0,0,0,0,0
0,-0.490901896409819,-0.174782172128888,0,0,0,0,0,0,0,0,0,0,0,0.0536399304553186,0,0,0,0,0,0.196072837648586,0,0,0,0,0,0,0.169587926541316,0,0,0,0,0,-0.0237514413907323,0,0,0,0,0,0,0,0,0,0.544164569185432,0,0,0.82556690344008,0,0,0,0,0,0,0,0,0,-0.592940360905956,0,0,0,0,0,0.104144096136393,0,0,0,0,0,0,0,0,0,0,0,0,0,0,0,0,0,0,0,0,0,0,0,0,0,0,0,0,0,0,0,0,0,0,0.023999818726367,0,0,0,0,0,0,0,0,0,-0.384966899435447,0,0,0,0,0,0,0,0,0,0,0,0,0,0,0.656758022057289,0,0,0,0,0,0,0,0,0,0,0,-0.0738844017335474,0.601853663760742,0,0,0,0,0,0.251270856530983,0,0,0,0,0,0,0,0,0,0,0,0,0,0,0,0,0,0,0,0,0,0,0,0,0,0,0,0,0,0,0,1.58607736354296,0,0,0,0,0,0,0,0,0,0,0,0,-1.17816432988475,0,0,0,0,0,0,0,0,0,0,0,0,0
0,0,0,0,0,0,0,0,0,0,0,0,0,0,0,0,0,0,0,0,0,0.172858647107911,0,0,0,0,0,0,0,0,0,0,0,0,0,0,0,-0.191965358591986,0,0,0,0,0,0,0,0,0,0,0,0,0,-0.680876221976944,0,0.291010725989641,0,0,0,0,0,0,0,0.145114121450282,0,0,0,0,0,0,0,0,0,0,0,0,0,0,0,0,-0.433149296274223,0,0,0,0.0103684444395409,0,0,0,0,0,0,0,0,0,0,0,0,0,0,0,0,0,0,0,0,0,0,0,0,0,0,0,0,0,0,0,-0.125840856231316,0,0,0,0,0,0,0,0,0,0,0,0,0,0,0,0,0,0,0,-0.778368768076575,0,0,0,0,0,0,0,0,0,0,0,0,0,0,0,0,0,0,0,0,0,0,0,0,0,0,0,0,0,0,0,-1.10496855009045,0,-0.237238543813934,0,0,0,0,0,0,0,0,0,0,0,0,0,0,0,0,0,-2.99282828769623,0,0,0,0,0,0,0,0,0,0,0,0,0
0,0,0,0,0,0,0,0,0,0,0,0,0,0,0,0,0,0,0,0.0443788428065546,0,0.0784069343534897,0,0,0,0,0,0,0,0,0,0,0,0,0,-0.432747985046428,0,-0.0972628853648434,0,0,0,0,0,0,0,0,0,0,0,0,0,-1.47555755591581,0,0,0,0,0,0,0,0,0,0.381588959728,0,0,0,0,0,0,0,0,0,0,0,0,0,0,0,0,0,0,0,0,0,0,0,0,0,0,0,0,0,0,0,0,0,0,0,0,0,0,0,0,0,0,0,0,0,0,0,0,0,0,0,0,0,0,0,0,0,0,0,0,0,0,0,0,0,0,0,0,0,0,0,0,0,0,0,0,0,0,0,0,0,0,0,0,0,0,0,0,0,0,0,0,0,0,0,0,0,0,0,0,0,0,0,0,-1.11646452061019,0,-0.513693640748541,0,0,0,0,0,0,0,0,0,0,0,0,0,0,0,0,0,-2.9375443563079,0,0,0,0,0,0,0,0,0,0,0,0,0
0,0,0,0,0,0,0.270863726399885,0,0,0,0,0,0,0,0,0,0,0,0,0,0,0.557149296458177,0,0,0,0,0,0.366966147218593,0,-0.98521876198072,0,0,0,0,0,0,0,0,0,0,0,0,0,0,0,0,0,0,0,0,0,0,0,0,0,0,0,-0.984522202173705,0,0,0,0,0,0,0,-0.0604352518873215,0.0502155434015528,0,0,0,0,0,0,0,0,0,0,0,0,0,0,0,0,0,0,0,0,0,0,0,0,0,0,0,0,0,0,0,0,0,0,1.01099834299657,0,0,0,0,0,0,0,0,0,0,0,0,0,0,0,0,0,0,0,0,0,0,0,0,0,0,0,0,0,0,-0.0378127377699717,0,0,0,0,0,0,0.0627273008253098,0,0,0,0.0028949527820652,0,0.00707793126380563,0,0,0,0.227367714165589,0,0,0,0,0,-0.623720956401151,0,0,0,0,0,0,0,0,0,0,-1.02269020449299,0,0,0,0,0,0,0,0,0,0,0,0,0,0,0,0,0,0,0,-2.25861139989425,0,0,0,0,0,0,0,0,0,0,0,0,0
0,0,0,0,0,0,0,0,0,-0.67848552635804,0,0,0,0,0,0,0,0,0,0,0,0,0,0,0,0,0,0,0,0,0,0,0,0,0,0,0,-0.373013793332553,0,0,0,0,0,0,0,0,0,0,0,0,0,0,0,0,0,0,0,-0.184826060306168,0,0,0,0,0,0,0,0,0,0,0,0,0,0,0,0,0,0,0,0,0,0,-0.319780867823936,0,0,0,0,0,0,0,0,0,0,0,0,0,0,0,0,0,0,0,0,0,0,0,0,0,0,0,0,0,0,0,0,0,0,0,0,0,0,0,0,0,0,0,0,0,-0.234920866202583,0,0,0,0,0,0,0,0,0,0,0,0,0,0,0,0,0,0,0,0,0.231077187124822,0,0,0,0,-0.133967673781842,0,0,0,0,0,0,0,0,0,0,0,0,0,0,0,0,0,0,0,0,0,0,0,0,0.294258878344468,0.0692400834657516,0,0,0,0,0,0,0,-0.898126314519536,0,0,0,0,0,0,0,0,0,0,0,0,0
0,0,-0.032950882308818,0,0,0,-1.67623028178787,0,0,0,0.580477191399127,0,0,0,0,0,1.34222386610314,0,0,0,0,0,2.84119305470792,0,0,0,0.295084542394401,0,0.020203656527997,0,0,0,0,0,0,0,0,0,0,0,0,0,0,0,0,0,0,-0.928527949245248,0,0,0,0,0,0,0,0,0,0,0,0,0,0,0,0,0,0,0,-0.187268533358275,0,0,0,0,0,0,0.89198873967039,0,0,0,0,0.563340708661877,0,0,0,0,0,0,0,0,0,0,0,0,0,0,0,0,0,0,0,0.805283417070269,0,0.172247203825881,0,0,0,0,0,0,0,0,0,0,0,0,0,0,0,0,0,0,-0.542519728616161,0,0,0,0,0,0,0,0,0,-0.411089802576542,0,0,0,0,0,0,0,0,0,0,0,0,0,0,0,0,0,0,0,0,0,0,0,0,0,0,0,0,0,0,0,0,0,0,0,0,0,0,0.000625909950183745,0,0,0,0,0,0,0,0,0,0,0,-1.07012546197265,0,0,0,0,-2.72658174785682,-0.432512378880213,0,0,0,0,0,0,0,0,0,0,0,0
0,0,0,0,0,0,-1.09227296269002,0,0,0,0.462743721028325,0,0,0,0,0,0,-0.61608062149507,0.042856008379911,0,0,0,0,0,0,0,-0.029695940274705,0,0,0,0,0,0,-0.754534138624855,0,0,0,0,0,0,0,0,0,0,-0.681511076182063,0,0,0,0,0,0,0,0,0,0,0,0,0,0,0,0,0,0,0,0.402806255806502,0,0,0,0,0,0,0,0,0,0,0,0,0,0,0,0.760280166998958,0,0,0,0,0,0,0,0,0,0,0,0,0,0,0,0,0,0,0,0,0,0,0,0,0,0,0,0,0,0,0.0666720737306921,0,0,0,0,0,0,0,0,0,0,-0.963556101219173,0,0,0,1.80033299510611,0,0,-0.116532032449338,0,0,0,0,0.0302770168923268,0,0,0,0,0,0,0,0,0,0,0,0,0,0,0,0,0,0,0,0,0,0,0,0,0,1.0270455381339,0,0,0,0,0,0,0,0,0,0,0,0,0,0,0,0,0,0,0,0,0,0,0,0,0,-3.53293730636263,0,0,0,0,0,0,0,0,0,0,0,0,0
-0.795638761831404,0,0,0,0,0.988075781697046,-0.93797538467402,0,0,0,0,0,0,0,0,0,0,0,0,0,0,0,1.73311334247489,0,0,0,0,0.167867336413393,-0.188701431188612,0,1.02533086683489,0,0,-1.5049349187123,0,0,0.384640111046997,0,0,0,0.0340139862684217,0,0,-0.250438380725687,0,0,0,0,0,0,0,0,0,0,0,0.170087515766717,0,0,-0.0150472031229671,0,0,-0.747177298828277,4.14541273492049,0,0.555176129464096,0,0,-0.380681989839564,0,0,0,0,0.898609736253423,0,0,0,0,0,0,0,0,0,0,0.565396923825126,0,-0.607810700916897,0,0,0,0,0,0,-0.463592670372623,0,0,0,0,0,0,0,0,0,0,0,0,0,0,0,0,0,0,0.557753383698164,0,0,0,0,0,0,0,0,0.246503031026264,0,0,0,0,0,0,0,0,0,0,0,0.0376021343571584,0,-0.593713914920647,0,0,0,0.0580817572078489,0,0,0,0,0,0,0,0,0,0,0,0,0,0,0,-0.123339620950207,0,0,0,0,0,0,0,0,0,0,0,0,-0.00856583009555378,0,0.734852158899919,0,0,0,0.606740150180158,0,0,0,0,0,0,0,-0.794900900828256,0,0,-0.0757220089711172,-0.29154040411834,-3.9662144103738,0,0,0,0.629059974881128,0,0,0,0,0,0,0,0,0
0,0,0,0,0,0,0,0.919405535812709,-0.593750741041932,1.55440171089815,0,0,0,0,0,0,0,0,0,0,0,0,0,0,0,0,0,0,0,0,0,0,0,0,0,0.349114740009415,0,0,0,0,1.74571354280379,-0.28977648007952,0,0,0,-0.720856390953872,0,0,0,0,0,0,0,0,0,0,0,0,0,0,0,-0.352954342213952,0,0,0,0,0,0,0.0148529845028378,0,0,0,0,0,0,-0.903969216810651,0,0,0,0,0,0,0,0,0.406821872175219,0,0,0,0,0.459284267332151,0,-1.85478492230553,0,0,0,0,0,0,0.131541441540118,0,0,0,0,0,0,0,0,-0.31138032517306,0,0,0,0,0,0,0.320755602204571,-0.370481766093111,0,0,0,0,0,0,0,0,0,0,0,0,0,0,0,0,0,0,0,0,0,0,0,0,0.833846737786474,0,0,0,0,0,0,0,0,0.262167702650964,0,0,0,0,0,0,0,0,0,0,0,0,0,0,0,0,0.168666025772898,0,0,0,0,0,0,0,0,-0.937681805756928,0,0,0,-1.22366537106451,0,0,0,0,0,0,-1.69591628545655,0,0,0,0,0,0,0,0,0,0,0,0,0
0,0,0,0,0,0.136711976929995,0,0,0,1.18480984034236,0,0,0,0,0.0431025157109808,0,0,0,-0.0575333338797293,0,0,0,0,0,0,0,0,0,0,0,0,0,0,0.239556942093853,0,1.10299355137434,0,0,0,0,2.65850687483617,-1.17424862660018,0,0,-1.64502705397316,0,0,0,0,-0.230377143771063,0,0,0,0,0,0,-0.934571389606862,1.18187778423833,0,0,0,-1.42592724942507,0,0,0.0611647551972145,0,-0.134564767031317,0,0,0,0,-0.191119811155791,0,0,-0.954076232318397,-0.456783402632856,0,0,0,-0.873173897421392,0,0,-0.574780306793223,0.802201843021336,1.26388058558436,0,0,0,0,0,0,-1.59730508814095,0,0,0,0,0,0,0,0,0,0.526488961807044,0,0,-0.0253416759126579,0,0,-0.838525473558716,0,0,0,0,0,0,0,0,0,0,0,0,-2.22043662185884,0,0.0867134198066792,0,0,0,0,0,0,0,0,0,1.98682935721833,0,0,-0.539986069899623,0,0,0,0,0.214379025272109,0,0,-1.31054345540159,0,0,0,0,0,1.33058735745768,0,0,0,0,0,0,0,0,0,0,0.0329586957694397,0,0,0,0,0,0.282947339127682,0,1.11015924146964,-0.216967153681379,-0.058009874400522,-0.24754083751375,0,0,0,-1.60475291136795,0,0.765750699920102,0,-2.17881345233724,0,0,0,-0.825655019906999,0,0,-1.70159865805841,0,0,0,0,0,0,0,0,0,0,-0.00119734250099235,0,0
0,0,0,0,-0.771281911368138,0,0,1.17492814651832,0,0,0,0,0,0,-1.07181242000749,0,-0.648095970974605,0,0,0,-2.65791307579942,0,0,0,0,0,-0.982663583030598,0,0,0.341450799911397,0,0,0,0,0,1.21822674964001,0,0,0,0,0,-1.7140051187624,0,0,0,0,0,0,0,0,0,0,0,-1.2807781944431,0,0,0,-0.250358843948182,0,-9.3127883607511,0,-0.803717632433443,0,0,0,1.09943644055899,0,0,0,0,0,0,0,0,0,0,-0.0149775102781942,-4.38961877890761,0,0,0,0,0,0.393545377745441,0,0,0,0,0,0,-2.00033822063463,-5.31608029178373,0,0,0,0,-0.345027963675572,0,0,0,-0.424767370820979,0,0,0,0,0,0,0,-1.12147417892704,0,0,0,-0.158379964479721,0,0,0,0,0.229028643044835,0.198591035950123,-0.638569541986638,0,0,0,0.253409046694077,0,0,0,0,-0.130655766525527,0,0,0,-0.29628710626949,0,0,0,1.32632823664466,-0.445106059008188,0,0,0,-1.50417805699962,0,0.561706941670159,-0.575035815769211,0,0,2.52399821584494,0,0,0,-0.584335385203344,0,-1.18079376971842,-1.79788934987304,0,0.0226236125818406,0,0,-0.0304847364689123,0,0,0,0.0653704676159572,0,0,0.199139278132976,0,0,-3.97171044727494,-1.57954319847929,0.150795023797508,0,0,1.82023802221269,0,0,-2.17349499007512,0,0,0,0,0,0,0,0,0.193065667955882,-0.615599461147624,0.261640732652706,2.47629712683001,0,0,2.93861391880894,0,0.223487188320759,0,0,0,0,-0.138460579960082
0,0,0,0,0,0,0,0,0,0,0,0,0.269088022106089,0,0,0,0,0,0,0,-0.898993801771975,0,0,0,0,0,-0.380927775408217,0,0,0.35592152926155,0,0,0,0,0,0,0,0.156157735949903,0,0,0,-0.771697655762466,0,0,0,0,0,0,0,0,0,0,0,-0.451563196943955,0,0,0,0,0,-7.44303084304582,0,0,0,0,0,0.487237622114182,-0.107119618292738,0,0,0,0,0,0,0,0,0,0,-2.63921278007457,0,0,0,0,0,0,-1.4029419418446,-0.142918036631115,0,0,0,0,-1.39384201615377,-4.98353868798315,0,0,0,0.432545067347489,-0.900457890362135,0,0,0,0,-0.0148718500370315,0,0,0,0,0,0,-0.348340258072979,0,0,0,-0.382288683866352,0.149077794352591,0,0,0,0,0.202555992487809,0,0,0,0,0,0,0,0,0,0,0,0,0,0,0,0,0,1.05901309595173,0,0,0,-0.00906525720026496,-0.746876021858266,0,0,-0.667821559192736,0,0,1.24307850910032,0,0,0,0,0,-1.38651326113879,-0.982333500896083,0,0,0,0,0,0,0,0,0.651240596903951,0,0,0,0,0,-2.85351905712668,-0.765380603974731,0,0,0,1.46367346914544,0,0,-0.886543517396399,0,0,0,0,0,0,0,0,-0.140789910163721,-0.00286536504293866,0,1.77736793482588,0,0,2.17802946071583,0.053453293908031,0.0164275218939054,0,0,0,0,-0.407847129492535
0,0,0,0,0.730185568450597,0,0,0.209417520045747,0,0,0,0,0,0,0,0,-0.0228411155953394,0,0,0,-0.866362593970517,0,0,0,0,0,-0.288335196470816,0,0,0.438453445277703,0,0,0,0,0,0,0,0,0,0,0,-0.427651504654842,0,0,0,0,0,0,0,0,0,0,0,0,0,0,0,0,0,-6.89952539872043,0,0,-0.0334337502101509,0,0,0.0666739265431284,0,0,0,0,0,0,0,0,0,0,0,-2.17262465688845,0,0,0,0,0,-0.22677957261257,-0.220575154161335,-0.433645553413229,0.169710246736936,0,0,0,-1.65014664708602,-4.16900737026286,0,0,-0.1042945477238,0,-0.8990804639744,0.0555034824471714,-0.635236950621965,0,0,0,0,0,0,0,0,0,0,0,0,0,-0.698408328003196,0,0,0,0,0,0.0453949717747535,0,0,0,0,0,0,0,0,0,0,0,0,0,0,0,0,0,0,0,0,0,0,0,0,0,-0.288620256554903,0,0,0.363935521176836,0,0,0,0,0,-1.28316931344582,-0.665879795577162,0,0,0,0.198403538917939,0,0,0,0,0.304657275490495,0,0,0,0.141217343994284,0,-2.80714566331237,-0.543180972011592,0,0,0,1.45283349237056,0,0,0,0,0,0,-0.199402769784023,0,0,-0.0256407663840621,-0.217013145036016,-0.187038890014836,-1.61459736213637,0,1.31587321935024,0,0,1.68840987788376,0,0,0,0,0,0,-0.141003003923584
0,0,0,0,0,0,0,0,0,0,0,0,0,0,0,0,0,0,0,0,0,0,0,0,0,0,0,0,0,0,0,0,0,0,0,0,0,2.28785474413925,0,0,0,0,0,0,0,0,0,0,0,0,0,0,0,0,0,0,0,0,0,0,0,0,-0.139127992796057,0,0,-0.413050617665779,0,0,0,0,-0.521701230019459,0,0,0,0,0,0,0,-0.605212728783505,0,0,0,0,0,0,0,0,0,0,0,0,0.32644570714364,0,0,0,0,0,0,0,0,0,0,0,0,0,0,0,0,0,0,0,0,0,0,0,0,0,0,0,0,0,0,0,0,0,0,0,0,0,0,0,0,0,0,0,0,0,0,0,0,0,0,0,0,0,0,0,0,0,0,0,0,0,0,0,0,0,0,0,0,-2.48154546325329,0,0,-0.0304523849692722,0,0,0,0,0.229541397918536,0,0,0,0,0,0,0,0,0,0,0,0,0.645043218467239,0,-0.557419674524915,-0.176805766184293,0,-2.58717563767424,0,0,0,0,0,0,0,0,0,0,0,0,0
0,-0.671378050437279,0.362321206501081,0,0,0,0,-1.1126132458136,0,0,0,-0.194450507556084,0.526538032069956,0,-0.100414343754444,0,0,0.248236747955346,0,2.00138036097684,0,0,0,-0.153671504865711,-0.115833737001038,0,0,0,0,-7.99367282391784,-0.207349711735731,0.0105765667640092,-0.0869142977564057,0,0,0,0,0.994858442557769,0,0.47214906834254,0,2.18168335368837,0,0,0.192051629502157,-0.898825090131131,0,0,0,-0.479938662854048,0,0,0,0,0,0,0,0,-0.4308267595553,0,0,0,0,0,-0.894832049909966,0,-0.225393894325186,0,0,0,0,0,0,0.0788647053512872,0,0.171742891987122,0,0,0.0792393581862529,0,0,6.46168547953988,1.09384570090362,0,0,0,0,0,-0.728650003642734,-1.16335375973135,0,0,-1.01576789951393,0,0.179923108495381,0.733161130659418,0,0,0,-0.328011110588675,0,0,0,0,0,0,0,0.332782855642238,0,0,0,-1.08967218175471,0,-0.926551871830117,2.15784726206364,-1.48479186825642,0,0,0,0,0,0,0,0,0,0,0,0,0,1.02939878822951,0,3.90602483249701,0.298283712911995,0,0,0,-0.668288564848785,0,0,0,0,0,0,0.088350365066739,0,0,0,-1.59651078694712,0,0,0,0,0.545216113526936,0,-0.580695954958798,0.0536931682810997,0,0,0,0.349877939396354,0.878571659759168,0,0.420187703932406,0,0,0,0,0,0,-2.87630938216503,0,-0.639246275677996,0,0,0,0,0,0,0,0,-2.1714520302842,0,-0.118912191576279,-0.647357747183926,0,0,-1.90367363815834,-0.13661317144001,0.215013354546578,0,0,0,0,-0.22363285021786,0,0,0.0514388178754823,0.54117188856962,0,0.324452808988545
0,0,0,0,0,0,-0.67970605361236,-0.0206111388032968,0,0,0,-0.307323702120081,0.289275336072291,0,0,0,0,0.338854547349897,0,1.98216711250914,0,0,0,-0.183125498621063,0,0,0,0,0,-3.66146467711214,0,0,0,-0.094601871710045,0,0,1.28690390109771,0,0,0.847743012890761,0.42479920621894,1.46123750567394,0,0,0,-0.757596681569024,0,0,0,0,0,0,0,0,0,0,0,0,-1.07603151463961,0,0,0,0,0,-1.83343816466086,0,0,0,0,0,0,-0.259451244728298,0,0,0,0.554474383472611,0,0,0,-0.315786726697863,0,4.92601811652201,0.296767274727278,0,0,0,-0.504582782120145,0,-0.141194540922527,-1.54510509723733,0,0.149147703552608,-0.715373176647847,0,0,0,-0.103625709374852,0.392686830940933,0,0,-0.190154770768579,0,0,0,0,0,-0.450986950828868,0,0,0,0,-1.91394205958011,0,-1.58886171056515,0.693601508707041,-0.23225767729867,0.105009132141315,0,0,0,0,0,0,0,0,0,0,-0.129218051099308,0.378893728342509,1.44716050715739,0,2.39132529902042,0,0,0,0,-0.672625450323733,0,0,0,0,0,0,0,0,0,0,-1.52116921157399,0.691954793653072,0.905063228766979,0,0,0,0,0,0,0,0,0.0698024398287136,0,0.412162742662459,0,0.361582770284549,0,0,0,0,0,0,-2.33982809891134,0.0929732037396818,0,0,0,0,0,0,0,0,0,-0.777582386975784,0,0,0,0,0,-2.04729034958438,-1.28134785141955,0.575079041378163,0,0,0,0.403794091584171,0,0,0,0,0,0,0
0,-0.433763752807922,0.46498214782378,0,0,-0.350147165349045,0,-0.162032148559474,0,0,0,-0.204583939919599,0.979199127501042,0,0,0,0,0,0,2.46425251275943,0,-0.596959127195185,0,0,0,0,0,-0.0333622073928175,0,-2.55818410568002,0,0,0,0,0,0.173071502815883,3.63295412659702,0,0,0.0338188962072983,0,1.39680224853994,0,0,0,-0.665845837655736,0,0,-0.55604177907444,0,0,-0.927231859070224,0,0,0,0,0,-0.404265186453107,-0.393733674982252,0,0,0,0,0,-1.60989204941342,0,-0.309405889556805,0,0,0,0,0,0,0.0115988925855603,0,0.655486137527715,0.124076964703897,0,0,0,0,4.67080702583312,0.745751921173949,0,0,0,0,0,-0.314411784301246,-0.252275597550993,0,0.922187206443153,-0.378212430853589,0,0,1.16026487149189,-0.115789539678462,0.189212070316648,0,0,0,0.48916609081888,0,0,0,0,0,0.12389673260511,0,0.318897496630075,0,-0.38434950884259,0.0798927463542123,-1.2802079835926,0,0,0.536956363335295,0,0,0,0,0,0,0,0,0,0.215785489815186,0,0.736536806683649,0.786658126262118,0,2.20319365372146,0,0,0,0,-1.4765021396973,0,0,0,0,-0.319711695534102,0,0,0,0,0,-2.24961541779622,0.299483140617124,0,-0.0178781512811372,0,0,0,0,0,0,0,0,-0.0845886541984471,0,0,0.102563437556341,0,0,0,0,0,0,-0.825535114954163,0.769811618587313,-0.12906478935285,0,0,0,0,0,0,0,0,-0.581543377145346,0,0,0,0,-0.741248251704301,-1.62611656643133,0,0.484582886929503,0,0,0,0,0,-0.0972359155944307,0,0,-0.0376340538870168,0,0
0,0,0,0,0,0,0,0,0,0,0,0,0,0,0,0,0,0,0,0,0,0,0,0,0,0,0,0,0,0,0,0,0.127259378093889,0,0,0,0,0,0,0,0,0,0,0.322871407577979,0,0,0,0,0,0,0,0,0,0,0,0.325590539082337,0.0101978612556481,0,0,0,0,0,0,0,-0.391402770590699,0,0,0,0,0,0,0,0,0,0,0.463699083061341,0,0,0,0,0,0,0,0,0,0,-1.75193357382259,0,0,0,0,0,0,0,0,0,0,0,0,0,-0.287701071254768,0,-0.0604606131800351,0,0,0,0,0,0,0,0,0.241167784496357,0,0,0,0,0,-2.32893478994436,0,0,0,0,0,0,0,0,0,0,0,-0.0438876411886799,0,0,0,0,0,0,0,0,0,0,0.597489046165493,0,0,0,0,0,0,0,0,0,0,0,0,0,0,0,0,0,0,0,0,-0.439821648598497,0,0,0,0,0,0,0,0,0,0,0,0,0,0,0,0,0,0,0,0,0,0,0,-0.138143904931858,-3.31472701338787,0,0,0,0,0,0,0,0,0,0,0.84822925104163,0,0
0,0,0,0,0,0,0,0,0,0,0,0,0,0,0,0,3.43883543835766,0,0,0,0,-0.819613859234857,0,0,0,0,0.121515196717746,0,0,0,0,0,0,0,0,0,0,0,0,0,0,0,0,0,0,0,0,0,0,0,0,0,0,0,0,0,-0.0378062327876081,0,0,0,0,0,0,-0.867573091190479,0,0,0,0,0,0,0,0,0,0,0,0,0,0,0,0,0,0,0,0,0,0,0,0,0,0,0,0,0,0,0,0,0,0,0,0,0,0,0,0,0,0,0,0.499846194259902,0,0,0,0,0,0,0,0,-0.710661607707474,0,0,0,0,0,0,0,0,0,0,0,0,0.505905572670247,0,-0.282872601923742,0,0,0,0,0,0,0,0,0,-0.395087210847393,0,0,0,0,0,0,0,0,0,0,0,0,0.194478389494323,0,0,0,0,0,0,0,0,0,0,0,0,0,0,0,0,0,0,0,0,0,0,0,0,0.582590099683687,0,0,0,0,0,0,-3.40334063087923,0,0,0,-0.427726484077761,0,0,0,0,0,0,0,0,0
0,0,0,0,0,0,0,0,0,0,0,0,0,0,0,0,0,0,0,0,0,-0.0502215254620595,0,0,0,0,2.26860235357334,0,0,0,0,0,0,0,0,0,0,0,0,0,0,0,0,0,0,0,0,0,0,0,0,0,0,0,0,0,0,0,0,0,0,0,0,0,-0.286805115157452,0,0,0,0,0,0,0,0,0,0,0,0,0,0,0,0,0,0,0,0,0,0,0,0,0,0,0,0,0,0,0,0,0,0,0,0,0,0,0,0,0,0,0,0,0,0,0,0,0,0,0,0,0,0,0,0,0,0,0,0,0,0,0,0,0,0,0,0,0,0,0,0,0,0,0,0,0,0,0,0,0,0,0,0,0,0,0,0,0,0,0,0,0,0,0,-0.148165038581645,0,0,0,0,0,0,0,0,0,0,0,0,0,0,0,0,0,0,0,0,0,0,0,0,0,-3.20995075056818,0,0,0,0,0,0,0,0,0,0,0,0,0
0,0,0,0,0,0,0,0,0,0,0,0,0,0,0,0,0,0,0,0,0,0,0,0,0,0,0,0,0,0,-0.34385235178263,0,0,0,0,0,0,0,0,0,0,0,0,0,0,0,0,0,0,0,0,0,0,0,0,0,0,0,0,0,0,0,0,0,-0.406148538600945,0,0,0,0,0,0,0,0,0,0,0,0,0,0,0,-0.127413900380089,0,0,0,0,0,0,0,0,0,0,0,0,0,0,0,0,0,0,0,0,0,0,0,0,0,0,0.0349896027655989,0,0,0,-0.182455617054003,0,0,0,0,0,0,0,0,0,0,0,0,0,0,0,0,0,0,0,0,0,0,0,0,0,0,0,0,0,0,0,0,0,0,0,0,0,0,0,0,0,0,0,0,0,0,0,0,-0.319745626001994,0,0,0,0,0,0,0,0,-0.223698446895545,0,0,0,0,0,0,0,0,0,0,0,0,0,0,0,0,-3.79271708691346,0,0,0,0,0,0,0,0,0,0,0,0,0
0,0,0,0,0.0192399628956621,0,0,0,0,0,0,0,0,0,0,0,0,-0.110633119970099,0,0,0,0,0,0,0,0.0877982508425506,0,0,0,0,0,0,0,0,0,0,0,0,0,0,0,0,0,0,0,0,0,0,0,0,0,0,0,0,0,-0.10823521633216,0,0,0,0,0,0,0,0,0,0,0,0,0,0,0,0,0,0,0,0,0,-0.0758706142727505,0,0,0,0,0,0,0,0.56664677018429,0,0,0,0,0,0,0,0,0,0,0,0,0,0,0,0,0,0,0,0,0,0,0,0,0,0,0,0,0,0,0,0,0,0,0,0,0,0,0,0,0,0,0,0,0,0,0,0,0,0,0,0,0,0,0,0,0,0,0,0,0,0,0,0,0,0,0,0,0,-0.0588543452378854,0,0,0,0,0,0,0,0,0,0,0,0,0,0,0,0,0,0,0,0,0,0,0,0,0,0,0,0,0,0,-3.34923634323724,0,0,0,0,0,0,-0.00671575740611363,0,0,0,-0.262033532730888,0,0
0,0,0,0,0,0,0,0,0,0,0,0,0,0,0,0,0,0,0,0,0,0,0,0,0,0,0,0,0,0,0,0,0,0,0,0,-0.0162666975995627,0,0,0,0,0,0,0,0,0,0,0,0,0,0,-0.137401481840773,0,0,0,-0.16773657725652,0,0,0,0,0,0,0,0,0,0,0,0,0,0,0,0,0,0,0,0,0,0,0,0,0,0,0,0.467264620322321,-0.16827179707817,-0.294496490419841,0,0,0,0,0,0,0,0,0,0,0,0,0,0,0,0,0,0,0,0,0,0,0,0,0,0,0,0,0,0,0,0,0,0,0,0,0,0,0,0,0,0,0,0,0.553119268208382,0,0,0,0,0,0,0,0,0,0,0,0,0,0,0,0,0,0,0,0,0,0,0,0,0,0,0,0,0,-0.722188312737449,0,0,0,0,0,0,0,0,0,0,0,0,0,0,0,0,0,0,0,0,0,0,0,0,0,-2.93164458176139,0,0,0,0,0,0,0,0,0,0,0,0,0
0,0,0.0443438064808332,0,0,-0.851739574257721,0,0,-0.375776412093315,0,0,0,0.655768163459676,0,0,0,0.479709477200174,0,0,-0.744628644145452,0,0,0,-4.87278575810529,0,0,0,-0.413249795583269,0,0,-0.0978843218525014,0,0,0,0,0,0,0,0,0,0,0,0,0,0,0,0,0,0,0,0,-1.74673165563491,0,0,0,0,0,0.0684279123589255,0,0,0,0.0699625391260992,0,0,0,0,0,0,0,0,0,0,0,0,0,-0.241593585735382,0,0,0,0,0,0,0,0,0,0,0,0,-0.117283054841784,0,0,0,0,0,0,0,0,-0.0644545912199577,0,0,0,0,0,0,0,-0.887701412665852,0,0,-0.812918759798214,0,0,0.138571871170821,0,0,0,0,0,0,0,-1.14718576885874,0,0,-1.31114456997115,0,0,0,0,0,0,0.51427507881385,0,0,-1.01245041832304,0,0,0,0,0,0,0,0,0,0,0,0,0,0,0,0,0,0,0,0.289150428142127,0,0,0,0,0,-0.33679757795575,0,-0.564722105348472,0,0,0,0,0,0,0,0,0.17661657436875,0.310909837946613,0,0,0,1.12269430482706,0,0,0,0,0,0,0,0,0,0,0,-4.06322427271171,0,0,0,0,0,0,0,0,0,0,0,0,0
0,0,0,0,0,0,0,0.31776332171863,0,0,0,0,0,0,0,0,0,0,0,0,0,0,0,0,0,0,0,0,0,0,0.0459470615435786,0,0,0,0,0,0,0,0,0,0,0,0,0,0,0,0,0,0,0,0,0,0,0,0,0,0,0,0,0,0,0,0,0,0,0,0,0,0,0,0,0,0,0,0,0,0,0,-1.05473597045022,0,0,0,0,0,0,0,0,0,0,0,0,0,0,0,0,0,0,0,0,0,0,0,0,0,0,0,0,0,0,0,0,0,0,0,0,0,0,-0.269285040702296,0,0,0,0,0,0,0,0,0,0,0,0,0.276101288013136,0,0,0,0,0,0,0,0,0,0,0,0,0,0,0,0,0,0,0,0,0,0,0,0,0,0,0,0,0,0,0,0,0,0,0,0,0,0,0,0,0,0,0,0,0,0,0,0,0,0,0,0,0,0.210854683720386,0,-2.99364739711825,0,0,0,0,0,0,0,0,0,0,0,0,0
0,0,0,0,0,0,0,0,0,0,0,0,0,0,0,0,0,0,0,0,0,0,0,0,0,0.203445636763882,2.16516828545073,0,0,0,0,0,0,0,0,0,0,0,0,0,0,0,0,0,0,0,0,0,0,0,0,0,0,0,0,0,0,0,0,0,0,0,0,0,0,0,0,0,0,0,0,0,0,0,0,0,0,0,0,0,0,0,0,0,0,0,0,0,0,0,0,0,0,0,0,0,0,0,0,0,0,0,0,0,0,0,0,0,0,0,0,0,0,0,0,0,0,-0.759544206450855,0,0,0,0,0,0,0,0,0,0,0,0,0,0,0,0,0,0,0,0,0,0,-0.373366116968164,0,0,0,0,0,0,0,0,0,0,0,0,0,0,0,0,0,0,0,0,0,0,0,0,0,0,0,0,0,0,0,0,0,0,0,0,0,0,0,0,0,0,0,0.207917675525612,0,-3.45510116394833,0.131607211663469,0,0,0,0,0,0,0,0,0,0,0,0
0,0,0,0,0,0,2.57914294603868,-0.0823467624155885,0,0,1.16967457363742,0,0,0,1.59040463745194,0,-0.27911745976389,0,0,0,0,0,0,0,0,0,0.515544673107853,0.00359549133981951,0,0,0,0,0,0,-0.457639532769571,0.519012017898328,0,0.345584089134386,0,0,0,8.89907639032069,0.585682963879251,1.06148772397775,-0.836559267885226,0,0,0.248005744374489,0,0,0,0,0,-0.949850508783895,-0.400910782742066,0,0,0,0,0,0,0,1.68157483912963,0,0,0,0,0,0,0,0,0.146813536470046,0,0,3.17856661950853,-0.0523408076345162,0,0,0,0,0,0,0,0,0,0,0,0,-10.5602188346806,0,0,0,0,-0.0103219013552893,0,-1.09554359243422,0,0,0,0,0,-2.04174945354951,0,0,0,0,0,0.468135433009691,0.677112840701068,-0.0778159734563308,0,0,0,0,-0.865740784259539,0,0,0,0,0,0,0.789980984058254,0,0,0,0,0,0,0,2.4919246277066,0,0,-0.2596806678658,0,0.531618502701264,0,0,0,0,0.225598053803733,1.45106410909805,0.933201502672568,0,-0.645117895955739,0,0,0,0,0,-1.43198632927449,0,0.2611216810824,0,0,0,0,0,0,0,-0.454390655872266,0,1.39548337280721,0.166526930070115,0,0,0.0918600898234134,0.386631444880192,0.338359934198857,-0.292859205481608,0,0,-0.761613220795144,0,0.187673629761418,-0.293598148271463,0.71572859069125,0,0,0,0,0,0,0,0,-0.284561591006824,0,-4.15594957759566,0,0,0,-1.96980253067628,0,0,0,0,0,0,0.648171512394632,0,-1.82900796685622
0,0,0,0,0,0,0,0,0,0,0,0,0,0,0,0,0,0,0,0,0,0,0,0,0,0,0,0,0,0,0,0,0,0,0,0,0,0,0,0,0.251766966197553,0,0,0,0,0,0,0,0,0.0490272438814479,0,0,0,0,0,0,0,0,0,0,0,0,0,1.51134129456958,-0.0637870820141464,0,0,0,0,0,0.172267109211542,4.80388075807381,0,0,0,-0.299909985213108,0,0,0,0,0,0,0,0,0,0,0,0,0,0,0,0,0,0,0,0,-0.245230738670372,0,0,-0.174064433909192,0,0,0,0,0,0,0,0,0,0,0,0,0,0,-1.10048843030799,-0.833930055089023,0,0,0,0,0,0,0,0,0,0,0,0,0,0,0,0,0,0,0,0,0,0,0,0,0,0,0,0,0,0,0,0,0,0,0,0,0,0,0,0,0,0,0,0,0,0,0,0,0,0,0,0.0654424927022672,0,0,0.025221619978002,0,0,0,0,0,0,0.634687300626431,0,0,0,0,0,0,0,0,-3.01722334075097,0,0,0,0,0,0,0,0,0,0.399845622683888,0,0,0
0,0,0.0549215432255192,0,0,0,0,0,0,0,0,0,0,0,0,0,0,0,0,0,0,0,0,0,0,0,0,0,0,0,0,0,0,0,0,0,0,0,0,0,0.116036407324727,0,0,0,0,0,0,0,0,0,0,-0.0215752874706852,0,0,0,0,0,0,0,0,0,0,0,0.319728743416636,-0.600030481090627,0,0,0,0,0,0.0112768562186478,5.4499294352884,0,0,0,0,0,0,0,0,1.08915030647271,0,0,0,0,0,0,0,0,0,0,-0.0528676548556342,0,0,0,0,0,0,0,-0.433522349515648,0,0,0,0,0,0,0,0,0,0,0,0,0,0,-0.748005650957739,-2.97503193198434e-05,0,0,0,0,0,0,0,0,0,0,0,0,0,0.391519541669892,0,0,0,0,0,0,0,0,0,0,0,0,0,0,0,0,0,0,0,0,0,0,0,0,0,0,0,0,0,0,0,0,0,0,0,0,0,0,0,0,0,0,0,0,0,0,0,0.111335573992666,0,0,0,0,0,0,0,0,-3.19413057724909,0,0,-0.20761101101564,0,0,0,0,0,0.123695418711576,0,0,0,0
0,0,0,0,0,0,-2.51635393966067,0,0,0,0,0,0,0,0,0,0,0,0,0,0,0,1.84900442532261,0,0,-0.0454583875940657,0,0.204647177587905,0,0,0,0,-0.785117438498104,0,0,0,0,0,0,0,0,0,0,0,0,-0.248422572473583,0,0,0,0,0,0,0,0,0,0,0,0,0,0,0,0,0,0,0.0590195373875657,0,-0.195498686604644,0,0,0,0,0,0,0,0,0,0,0,0,0,0,0,0,0,0,0,0,0,0,0,0,0,0,0,0,0,0,0,-0.547840280181971,0,0,0,0,0,0,0,0,0,0,0,0,0,0,0,-0.958120160977244,0,0,-0.164088422610737,0,0,0,0,0,0,0,0,0,0,0,-0.211227933963235,0,0,0,0,0,0,0.203622037838495,0,0,0,0,0,0,0,0,0,0,-0.930995596474309,0,0,0,0,0.150348388343669,0,0,0,-0.0210102045586127,0,0,-0.697361971554084,0,0,0,0,0,0,0,0.209001686653386,1.26843803041599,0,0,0,0,0,0,-0.154588632473822,0,0,0,0,0,0,0,-1.9858552483399,0,0,-3.22414547760945,0,0,0,0,0,0,0,0,0,0,0,0,0
0,0,0,0,0,0,0,0,0,0,0,0,0,0,0,0,0,0,0,0,0,0,0,0,0,0,0,0,0,0,0,0,0,-0.356875754905208,0,0,0,0,0,-0.0919428499676405,0,0,0,0,0,0,0,0,0,0,0,0,0,0,0,0,0,0.125907505609505,0,0,0,0,-0.412802201094193,0,0,0,0,0,0,0,0,0,0,0,0,0,0,0,0,0,0,0,0,0,0,0,0,0,0,0,0,0,0,0,0,0,0,0,0,0,0,0,0,0,0,0,0,0,0,0,0,0,0,0,0,0,0,0,0,0,0,0,0,0,0,0,0,0,0,0,0,0,0,0,0,0,0,0,0,0,0,0,0,0,0,0,0,0,0,0,0,0,0,0,0,0.0296819915417526,0,0,0,0,-1.06812126816393,0,0,0,0,0,0,0,0,0,0,0,0,0,0,-0.136364434609899,0,0,0,0,0,0.0118879987890659,0,0,-0.0244020485569765,0,-3.41363804933252,0,0,0,0,0,0,0,0,0,0,0,0,0
0,0,0,0,0,0,0,0,0,0,0,0,0,0,0,0,0,0,0,0,0,0,0,0,0,0,0.635233502007934,0,0,0,0,0,0,0,0,0,0,0,0,0,0,0,0,0,0,0,0,0,0,0,0,0,0,0,0,0,0,0,0,0,0,0,-0.102996380750191,0,0,0,0,0,0,0,0,0,0,0,0,0,0,-0.152396385635307,0,0,0,0,0,0,0,0,0,0,0,0,0,0,0,0,0,0,0,0,0,-0.203711290821379,0,0,0,0,0,0,0,0,0,0,0,0,0,0,0,0,0,0,0,0,0,0,0,0,0,0,0,0,0,0,0,0,0,0,0,0,0,0,0,0,0,0,0,0,0,0,0,0,0,0,0,0,0,0,0,0,0,0,0,0,0,0,0,0,0,0,0,0,0,0,0,0,0,0.650595687973992,0,-0.486460402439606,0,0,0,0,0,0,0,0,0,0,-3.19142188245191,0,0,0,0,0,0,0,0,0,0,0,0,0
0,0,0,0,0,0,-0.0646730890044802,0,0,0,0,0,0,0,0,0,0,-0.109261066865932,0,0,0,0,0,0,-0.168226369312772,0,2.18254876480293,0,0,0,0,0,0,0,0,0,0.727650736427141,0,0,0,0,0,0,0,0,0,0,0,0,0,0,0,0,0,0,0,0,0,0,0,0,0,-0.220513580984794,0,0,0,0,0,0,0,0,0,0,0,0,0,0,-0.647476240678533,0,0,0,0,0,0,0,0,-0.0362433635633466,0,0,0,0,0,0,0,0,0,0,0,0,-1.00336342880349,0,0,0,0,0,0,0,0,0,0,0,0,0,0,0,0,0,0,0,0,0,0,0,0,0,0,0,0,0.861881080930563,0,0,0,0,0,0,0,0,0,0,0,0,0,0,0,0,0,0,0,0,0,0,0,0,0,0,0,0,0,0,0,0,0,0,0,0,0,0,0,0,0,0,0,0,0,0,0,0,0,0,0,0,0,0,0,0,0,-2.98802037731238,0,0,0.329456822797734,0,0,0,0,0,0,0,0,0,0
0,0,0,0,1.0594205886819,0,-3.25848772551882,0,0.255521943225159,0,0,0,0,0,0,0,0,0,0,0,0.183984069485902,0,4.54105082037426,0,0,0,4.29611253330623,0,0,0,0,0,0,0,0,0,0,-0.761148479979736,0,0,0,0,0,0,0,0,0,0,0,0,0,0,0,0,0,0,0,-0.210400089484146,0,0,0,0,0,0,0,0,0,0,0,0,0,0,0,0,0,0,0,0,0,0,0,0,0.886556090421729,0,0,0,0,0,0,0,0,0,-0.283390003860134,0,-0.708976755788735,0,0,0,0,-0.791946679313242,0,0,0,0,0,0,0,0,0,0.131265227574284,0,0,0,1.26414695297274,-0.0777817805100867,0,0,0,0,1.37331835629045,0,0,0,0,0,0,0,0,0.51690039599839,0,0,0.724141821423538,0,0,0,0,0,0,0,0,0,0,0,0,0,0,0,0,0,0.427882891174953,0,0,0,-0.251834312479232,0,0,0,0,0,0,-0.331986512830009,0,0,0,0,0,0,0,3.34684598446411,0,0,0,0,0,0,1.23682771545457,0,0,0,0,0,0,0,0,0.202072453011213,0,-2.63588187592584,-1.63620314800859,0,0.0637268607541448,0,0,0,0,0,0,0,0,1.07253282698559,0
0,0,0,0,0,0,0.165969383851085,0,0,0,0,0,0,0,0,0,0,0,-0.0844988561503353,0,0,0,11.7807350759741,0,0,0,0,0,0,0,0,0,0,0,0,0,0,0,0,0,0,0,0,0,0,0,0,0,0,0,0,0,0,0,0,0,0,0,0,0.38894629367499,0,0,0,0,0,0,0,0,0,0,0,0,0,0,0,0,0,0,0,0,0,0,0,0,0,0,0.308395484184126,0,0,0,0,0,0,0,0.267236596985529,0,0,0,0,-1.15061767729904,0,-0.22977367876722,0,0,0,0,0,0,0,0,0,0,0,0,0,0,0,0,0,0,0,0,0,0,0,0,0.329649718707499,0,0,0,0,0,0,0,0,0,0,0,0,0,-0.272936133550405,0,0,0,0,0,0,-1.15216620928239,0,0,0,0,0,0,0.0727666434607299,0,0,0,0,0,0,0,0,0,0,0,1.14378169742622,0,0,0,0,0,0,0,-0.202692044483497,0,0,0,0,0,0,0,0,0,0,0,-3.34787233540848,0,0,0,0,0,0,0,0,0.360165788772864,0,0,0,0
0,0,0,0,0,0,0,0,0,0,0,0,0,0,0,0,0,0,-0.00906418753729987,0,0,0,8.16579589422608,0,0,0,0,0,0,0,0,0,0,0,0,0,0,0,0,0,0,0,0,0,0,0,0,0,0,0,0,0,0,0,0,0,0,0,0,0.187574476255107,0,0,0,0,0,0.634745076414222,0,0,0,0,0,0,0,0,0,0,-0.0260856024636629,0,0,0,0,0,0,0,0,0,0,0,0,0,0,0,0,0,0,0,0,0,0,0,0,0,0,0,0,0,0,0,0,0,0,0,0,0,0,0,0,0,0,0,0,0,0,0,0,0,0,0,0,0,0,0,0,0,0,0,0,0,0,0,-0.258577096894816,0,0,0,0,0,0,-2.92046240667477,0,0,0,0,0,0,0,0,0,0,0,0,0,0,0,0,0,0,0.885515457062149,0,0.0547783248781699,0,0,0,0,0,0,0,0,0,0,0,0,0,0,0,0,0,-3.2423981316911,0,0,0,0,0,0,0,0,0,0,0,0,0
0,0,0,0,0,0,0,0,0,0,0,0,0,0,0,0,0,0,0,0,0,0,6.33579462379121,0,0,0,0,0,0,0,0,0,0,0,0,0,0,0,0,0,0,0,0,0,0,0,0.227021162168283,0,0,0,0,0,0,0,0,0,0,0,0,0,0,0,0,0,0,0,0,0,0,0,0,0,0,0,0,0,0,0,0,0,0,0,0,0,0,0,0,0,0,0,0,0,0,0,0,0,0,0,0,0,0,0,0,0,0,0,0,0,0,0,0,0,0,0,0,0,0,0,0,0,0,0,0,0,0,0,0,0,0,0,0,0,0,0,0,0,0,0,0,0,-0.560988364097495,0,0,0,0,0,0,-3.31220759588011,0,0,0,0,0,0,0,0,0,0,0,0,0,0,0,0,0,0,0.635287209314727,0,0,0,0,0,0,0,0,0,0,0,0,0,0,0,0,0,0,0,-3.44729849027179,0,0,0.0733973829921855,0,0,0,0,0,0,0,0,0,0
0,0,0,0,0,0,0,0,0,0,0,0,0,0,0,0,0,0,0,0,0,0,6.27910190631586,0,0,0,0,0,0,0,0,0,0,0,0,0,0,0,0,0,0,0,0,0,0,0,0,0,0,0,0,0,0,0,0,0,0,0,0,0,0,0,0,0,0,0.0436601039801392,0,0,0,0,0,0,0,0,0,0,0,0,0,0,0,0,0,0.138128339710365,0,0,0,0,0,0,0,0,0,0,0,0.11241110756471,0,0,0,0,0,0,0,0,0,0,0,0,0,0,0,0,0,0,0,0,0,0,0,0,0,0,0,0,0,0,0,0,0,0,0,0,-0.376528988816617,0,0,0,0,0,0,0,0,0,0,0,0,0,0,-2.65534416190834,0,0,0,0,0,0,0,0,0,0,0,0,0,0,0,0,0,0,0.321853804661209,0,0,0,0,0,0,0,0,0,0,0,0,0,0,0,0,0,0,0,-3.45283199829904,-0.0320178607465302,0,0,0,0,0,0,0,0,0,0,0,0
0,0,0,0,0,0,0,0,0,0,0,0,0,0,0,0,0,0,0,0,0,0,3.92119970019388,0,0,0,0,0,0,0,0,0,0,0,0,0,0,0,0,0,0,0,0,0,0,0,0,0,0,0,0,0,0,0,0,-0.0393097564015465,0,0,0,0,0,0,0,0,0,0,0,0,0,0,0,0,0,0,0,0,0,0,0,0,0,0,0,0,0,1.50972020521681,0,0,0,0,0,0,0,0,0,0,0,0,0,0,0,0,0,0,0,0,0,0,0,0,0,0,0,0,0,0,0,0,0,0,0,0,0,0,0,0,0,0,0,0,-0.432567859917665,0,0,0,0,0,0,0,0,0,0,0,0,0,0,0,0,-2.53607553803046,0,0,0,0,0,0,0,0,0,0,0,0,0,0,0,0,0,0,0.855833086936569,0,0.20356804520308,0,0,0,0,0,0,0,0,0,0,0,0,0,0,0,0,0,-3.60509276532302,-1.03653465547262,0,0,0,0,0,0,0,0,0,0,0,0
0,0,0,0,0,0,0,0,0,0,0,0,0,0,0,0,0,0,0,0,0,0,2.05131342453422,0,0,0,0,0,0,0,0,0,0,0,0,0,0,0,0,0,0,0,0,0,0,0,0,0,0,0,0,0,0,0,0,-0.452728869411541,0,0,0,0,0,0,0,0,0,0,0,0,0,0,0,0,0,0,0,0,0,0,0,-0.000842159610392468,0,0,0,0,-0.461651413890865,0,0,0,0,0,0,0,0,0,0,0,0,0,0,0,0,0,0,0,0,0,0,0,0,0,0,-0.0192367510465894,0,0,0,0,0,0,0,0,0,0,0,0,0,0,0,0,0,-0.0524932994013394,-0.252080079382123,0,0,0,0,0,0,0,0,0,0,0,0,0,0,0,0,-2.92060881560776,0,0,0,0,0,0,0,0,0,0,0,0,0,0,0,0,0,0,0.634428288372148,0,0,0,0,0,0,0,0,0,0,0,0,0,0,0,0,0,0,0,-3.46720002794683,-0.375731350433909,0,0,0,0,0,0,0,0,0,0,0,0
0,0,0,0,-0.0279270023309521,0,0.11425516648615,-0.395084851394344,0,0,0,0,0,0,0,0,0,0,0,0,0,0,12.511046933017,0,0,0,-0.130520184932351,0,0,0,0,0,0,0,0,0,0,0,0,0,0,0,0,0,0.377571217036099,0,0,0,0,0,0,0.12826962410862,0,0,0.214902091897447,0,0,0,0,0,0,0,0,0,0,0,0,0.199437175437498,0,0,-0.0256653638129667,0,0,0,0,0,0,1.04649473177507,0,0,0,0,0.50266822518436,0,0,0.601611191517195,0.563512293902511,0,0,0,0,0,0,0,0,0,0,0,0,0,0,-0.290067695436852,0,0,0,0,0,0,0,0,0,0,0,0.504993752996892,0,0,0,0,0,0,-0.606687534875393,0,0,0,0,0,0,0,0,0,0,0,0,0,0,0,0,0,0,0,-0.154683139955759,0,0,0,0,0,0,0,0.423960626405613,0,0,0,0,0,0.169990175714354,0,0,0,0,0,0,0,-0.395338110126176,0,0,0,0.656027196182583,0,1.37124331784911,0,0,0,0,0,-0.287599589372137,0,0,0,0,0,0,0,0,0,0,0,-3.08381122348718,-1.35252474205261,0,0,0,0,0,0,0,0,0,0,0,0
0,0,0,0,0,0,0,0,0,0,0,0,0,0,0,0,0,0,0,-0.262023240775576,0,0,0,0,0,0,0,0,0,0,0,0,-0.189819366103698,0,0,0,0,0,0,0,0,0,0,0,0,0,0,0,0,0,0,0,0,0,0,-0.352246298615609,0,0,0,0,0,0,0,0,0,0,0,0,0,0,0,0,0,0,0,0,0,0,0,0,0,0,0,0,0,0.911917423040849,0,0,0,0,0,0,0,0,0,0,0,0,0,0,0,0,0,0,0,0,0,0,0,0,0,0,0,0,0,0,0,0,0,0,0.83734414444096,0,0,0,0,0,0,0,0,0,0,0,0,0,0,0,0,0,0,0,-0.188020962647685,0,0,0,0,0,0,-1.55127836740002,0,0,0,0,0,0,0,0,0,0,0,0,0,0,0,0,0,0,0.167754135298433,0,0,0,0,0,0,0,0,0,0,0,0,0,0,0,0,0,0,0,-3.81285921077521,0,0,0,0,0,0,0,0,0,0,0,0,0
0,0,0,0,0,0,0,0,0,0,0,0,0,0,0,0,0,0,-0.0864030399951154,0,0,0,0,0,0,0,-0.107802050691248,0,0,0,0,0,-0.0135516705156333,0,0,0,0,0,0,0,0,0,0,0,0,0,0,0,0,0,0,0,0,0,0,-0.285421837086424,0,0,0,0,0,0,0,0,0,0,0,0,0,0,0,0,0,0,0,0,0,0,0,-0.306028639409701,0,0,0,0,0,0,0,0,0,0,0,0,0,0,0,0,0,0,0,0,0,0,0,0,0,0,0,0,0,0,0,0,0,0,0,0,0,0,0,0,0.0874034421893122,0,0,0,0,0,0,0,0,0,0,0,0,0,0,0,0,0,0,0,-0.253152305344839,0,0,0,0,0,0,-0.638842239106507,0,0,0,0,0,0,0,0,0,0,0,0,0,0,0,0,0,0,0,0,0,0,0,0,0,0,0,0,0,0,0,0,0,0,0,0,0,0,-3.50263210934267,0,0,0,0,0,0,0,0,0,0,0,0,0
0,0,0,0,0,0,0,0,0,0,0,0,0,0,0,0,0,0,0,0,0,0,0.230427499742256,0,0,0,-0.593850989918237,0,0,0,0,0,0,0,0,0,0,0,0,0,0,0,0,0,0,0,0,0,0,0,0,0,0,0,0,-0.123208518913176,0,0,0,0,0,0,0,0,0,0,0,0,0,0,0,0,0,0,0,0,0,0,0,-0.282292286614662,0,0,0,0,-0.160462352609143,0,0,0,0,0,0,0,0,0,0,0,0,0,0,0,0,0,0,0,0,0,0,0,0.0209342078204195,0,0,0,0,0,0,0,0,0,0,0,0,0,0,0,0,0,0,0,0,0,0,0,0,0,0,0,0,0,0,0,-0.339258586178616,0,0,0,0,0,0,0,0,0,0,0,0,0,0,0,0,0,0,0,0,0,0,0,0,0,0,0,0,0,0,0,0,0,0,0,0,0,0,0,0,0,0,0,0,0,-3.5604660252829,-0.161770346650506,0,0,0,0,0,0,0,0,0,0,0,0
0,0,0,0,0,0,0,0,0,0,0,0,0,0,0,0,0,0,0,0,0,0,0,0,0,0,0.159505485506573,0,0,0,0,0,0,0,0,0,0,0,0,0,0,0,0,0,0,0,0,0,0,0,0,0,0,0,0,0,0,0,0,0,0,0,0,0,0,0,0,0,0,0,0,0,0,0,0,0,0,0.638602044924097,0,0,0,0,0,0,0,0,0,0,0,0,0,0,0,0,-0.0163391272867097,0,0,0,0,0,0,0.594895488475426,0,0,0,0,0,0,0,0,0,0,0,0,0,0,0,-1.60998010655449,0,0,0,0,0,0,0,0,0.0948845361886888,0,0,0,0,0,0,0,0,0,0,0,0,0,0,0,0,0,0,0,0,0,0,0,0,0,0,0,0,0,0,0,0,0,0,0,0,0,0,0,0,0,0,0,0,0,0,0,0,0,0,0,0,0,0,0,0,0,0,0,-2.98640971010387,0,0,0,0,0,0,0,0,0,0,0,0,0
0,0,-0.288831190699417,0,0.0778695773174773,0,0,0,0,0,0,0,0,0,0,0,0,0,0,0,0,0,0,0,0.591027692188729,0,0.499412064563658,0,0,0,0,0,0,0,0,0,0,0,0,0,0,0,0,0,0,0,0,0,0,0,0,0,0,0.351399241450959,0,0,0,0.107659563015731,0,0,0,0,0,0,0,0,0,0,0,0,0,0,0,0,0,0,0,0.425333445346049,0.448719067187435,0,-0.52410459149079,0,0,0,0,-0.0238791916933285,0,0,0,0,0,0,0,0,0,0,0,0,0,0.358557892586061,0,0.0915432297709493,0,0,0,0,0,0,-0.525022650984027,0,0,0,0,0,0,0,0,-0.0112667830498732,0,0,0,0,0,0,0,0,0,0,0,0,0,0,0,0,0,0,0,0,0,0,0.416343083565389,0,0,0,0,0,0,0,0,0,0,0,0,0,0,0,0,0,0,0,0,0,0,0,0,0,0,0,0,0,0,0,0,0,0,0,0,0,0,0,0,0,0,0.0185994632246866,0,0,-3.88085789623335,0,0,0,0,0,0,0,0,0,0,0,0,0
0,0,0,0,0,0.0833091890039652,0,0,0,0,-1.58778354998336,0,0,0,0,0,0,0,0,0,0,0,0,0,0.0556911817371273,0,0,0,0,0,0,0,0,0,0,0,0,0,0,0,0,0,0,0,0,0.119262827668324,0,-6.25208134227546,0,0,0,0,0,-0.0609652138753156,0,0,0.0547549161763601,0,0,0,0,0,0,0,-1.24020492144682,-0.41581884271298,0,0,0,0,0,0,-0.222158422756376,0,0,-0.331632164335819,0,-0.184964546139739,0.719528179920392,0,2.25263955993152,0,0,0,0,0,0,0,0,0,0,0,0,0,0,0,0,0,0,0,0,0,0,0,0,0,0,0,0,0,0,0,0,0,0,0,0,-0.482225757896271,0,0,0,0,0,0,0,0,-0.321312112714845,0,0,-1.08711626469687,0,0.388692589149582,0.0279454407911293,0,0,0,-1.0905703958187,0,0,0,0,0,0,0,0,0,0,0,0,0,0,0,0,0,0,0,-0.26669296132899,0,0,0,0.912614386889639,0.186260143477268,0,0.213311949947708,0,0,0,0,0,0,0,0,0,0,0,-1.03624739401474,0,0,0,0,0,0,0,0,0.973681437685896,0,-3.49088648814395,1.28750835336208,0,0,0,0,0,0,1.1432021647323,0.277259936740394,0,0,0,0
0,0,-0.254849915286739,0,0,0,0,0.0242603484515245,0,0,0,0,0,0,0,0,0,0,0,0,0,0,0,0,0,0.0692998268731972,0,0,0,0,-0.531130228643904,0,0,0,0,0,0,0,0,0,0,0,0,0,0,0,0,0,0,0,0,0,0,0,0,-1.62551624668644,0,0,0,0,0,0,0,0,0,0.853990834927381,0,0,0,0,0,0,0,0,0,0,0,0,0,0.180657253036352,0,0,0,-4.56212289360662,0,0,0,0,0,0,0,0,0,0,0,-0.0488979366134876,0,0,-0.614711591096255,0.600080703022013,0,0,0,0,-0.19912008407943,0.640262393711303,0,0,0,0,0,-1.19230203627699,0,0.622969649029483,0,0.343045294805581,0,-0.0869642707382774,0,0,2.27005802370231,0,0,0,0,0,0,-0.000454490395558782,0,0,0,0,0,0,0,0,0,0,0,0,0.521024636788511,0,0,0,0,0,0,0,0,0,0,0,0,0,0,1.43614798404456,0,0,0,0,-1.45513115490713,0,0,0,0,0,0,-0.311121521854523,0.91021922954987,0,0,0,0,0.841913796464407,0.216851993177755,0,0,0,0,0,0,0,0,0,0,0,-2.18796829218102,0,0,0,0,0,0,0,0.474682528840576,0,0,1.20192310667215,0,0
0,0,0,0,0,0,0,0,0,0,0,0,0,0,0,0,0,0,0,0,0,0,0,0,0,0,0,0,0,0,0,0,0,0,0,0,-0.28463849072999,0,0,0,0,0,0,0,0,0,0,0,0,0,0,0,0,0,0,-2.11723318835549,0,0,0,0,0,0,-0.701025944511333,0,0,0,0,0,0,0,0,0,0,0,0,0,0,0,0,0,0,0,0,0,0.464576267535956,0,0,0,0,0,0,0,0,0,0,0,0,0,0,0,0,0,0,0,0,0,0,0,0,0,0,0,0,0,0,0,0,-0.731056369969787,0,0,0,0,0,0,0,0,0,0,0,0,0,0,0,0,0,0,0,0,0,0,0,0,0,0,0,0,0,0,0,0,-0.149077763925975,0,0,0,0,0,0,0,0,-0.492953599904349,-1.84536269229678,0,0,0,0,0,0,0,0,0,0,0,0,0,0,0,0,0,0,0.000697438610577361,0,0,0,0,0,0,-1.82195602370565,0,0,0,0,0,0,0,0,0,0,0,0,0
0,0,0.505033465100454,0,0,0,0,0.343322726912964,0,0,0,0,0,0,0,0,0,0,0,0,0,-0.328258467693354,0,0,0,-0.698750541371845,0,0,0,0,0,0,0,0,0,0,0,1.18222434292841,0,0,0,0,0,0,0,0,0,0,0,0,0,0,0,0,0,0,0.390365050518265,0,-0.100455335242625,0.0126611577728215,0,0,0,-3.91497978427497,0,0,0,0,0,0,0,-0.198241293885119,0,0,0,0,0,0.178400430808554,0,0,0,0.0361411976908961,0,0,0,-0.438518535461569,-0.773753737686648,0,0.388448101724578,0,0,0,0.338068037018947,0,0,-0.869616107923801,0,0.677396543009566,0,0,0,0,0,0,-0.0285728069341391,0.310384605335284,0,0.286816055194881,0,0,0,0,0,0,0,-1.12813523755056,0,0,0,0,0,0,-0.877327678515089,0,0,0,0,0,1.0132332485999,0,-0.0605142205299956,0,0,0,0,0,0,0,0,0,0,0,0,0,0,0,0,0.869001961864826,0,0.277900129518571,-5.00320100199005,0,0,-0.617585218009423,0,-7.20499875963155,0,0,0,0,-0.098168297110317,0,0,0,0,-0.10800469977388,0,0,0,0,0,0,0,-2.06733892994947,0,0,0,0,0,0,0,0,0.166809946358326,0.0421681343425571,0,-0.943644394533911,-3.2756000992529,0,0,0,0,0,0,0,0,0,-0.365280238357728,0,0,0
0,0,0,0,0,0,0,0,0,0,0,0,0,0,0,0,0,0,0,0,0,0,0,0,0,0,-0.765011220721278,0,0,0,0,0,0,0,0,0,0,0,0,0,0,0,0,0,0,0,0,0,0,0,0,0,0,0,0,0,0,0,0,0,0,0,0,0,0.0707687185520194,0,0,0,0,0,0,0,0,0,-0.0641956512040445,0,0,0,0,0,0,0,0,0,0,0.0372440680800441,0,0,0,0,0,0,0,0,0,0,0,0,0,0,-0.0972220212456696,0,0,0,0,0,0,0,0,0,0,0,0,0,0,0,0,0,0,0,0.118368976839611,0,0,0,0,0,0,0,0,0,0,0,0,0,0,0,0,0,0,0,0,0,0,0,0,0,0,0,0,0,0,0,0,0,0,0,0,0,0,0,0,0,0,0,0,0,0,0,0,0,0,0,0,0,0,0,0,0,0,0,0,0,0,0,0,0,-3.1038573765013,0,0,0,0,0,0,0,0,0,0,0,0,0
0,0,0.510946646953442,0,0,0,0,0,0,0,0,0,0,0,0,0,0,0,0,-0.182055366392052,0,0,0,0,0,0,0,0,0,0,0,0,0,0,0,0,0,0,0,0,0,0,0,0,0,0,0,0,0,0,0,0,0,0,0,0,0,0,0,0,0,0,-0.0059376859744853,0.157606993207673,0,0,0,0,0,0,0,0,0,0,-0.0608015228706065,0,0,0,0,0,-0.163439863187898,0,0,0,0,0,0,0,0,0,0,0,0,0,0,0,0,0,0,0,0,0,0,0,0,0,0,0,0,0,0,0,0,0,0,0,0,0,0,0,-0.137246008972214,0,0,0,0,0,0,0,0,0,0,0,0,0,0,0,0,0,0,0,0,0,0,0,0,0,0,0,0,0,0,0,0,0,0,0,0,0,0,0,0,0.129566228699551,0,0,0,0,0,0,0,0,0,0,0,-0.175721583428144,0,0,0,0,0,0,0,0,0,0,0,0,-3.20985931810354,0,0,0,0,0,0,0,0,0,0,0,0,0
0,-0.271406475446565,0.0618556034894175,0,0,0,0,0,0,0,0,0,0,0,0,0,0,0,0,-0.213744931067799,0,0,0,0,0,0,0,0,0,0,0,0,0,0,0,0,0.0988817051244371,0.226306342422565,0,0,0,0.149936972888266,0,0,-0.143718801329432,0,0,0,0,0,0,0,0,0,0,0,0,0,0,0,0,0,0,0,0,0.206475960414035,0,0,0,0,0,0,0,0,-0.459485910521817,0,0,0,0,0,0,0,0,0,0,0,0,0,0,0,0,0,0,0,0,0,0,0,0,0,0,0,0,0,0,0,0,0,0,0,0,0,0,0,0,0,0,0,0,0,0,0,0,0,0,0,0,0,0,-0.066337540651497,0,0,0,0,0,0,0,0,0,0,0,0,0,0,0,0,0,0,0,0,0,0,0,0,0,0,0,0,0,0,0,0,0,0,0,0,0,0,0,0,0,0,0,0,0,0,0,0,0,0,0,0,0,-0.159848484123937,0,0,-3.43829021403831,0,0,0,0.508816383169338,0,0,0,0,0,0,0,0,0
0.76230513527688,-0.338386560311289,0,0,0,0,-0.365462686180658,0.0608059021399583,0,0.216365697272436,2.89250661330245,0,-2.53855128135386,3.41278913235031,0,0,0,-0.347677004297833,0,0.552192340335065,0,-0.275639794106071,0,0,0,-0.435754672637785,0.727557793545254,0,0,0,0,0,0,0,-0.553099462460677,-2.15534295336056,0,-1.47021030054754,0,0,0,-0.919551504253006,-0.322040722333125,0,0,0,0.706245739130664,0,0,0.261786298403968,0,0,0,0,0,0.0159342557934967,0,1.28514555845048,0,1.57745199729043,0,-0.700724910529469,0,0,3.0189449613434,0,-0.0661599592779718,1.8801721287155,0,0.501491961321952,-0.247326687396646,0,0,-1.57443617047408,0,0,0,0,0,0.751038031755011,0,-1.2153086424628,0,0,0,0.0627961538381636,-0.510245454290118,0,0.471263875956552,-0.37840371802254,0,0,0,0,2.76835188303269,0,0,0,0,-1.99815186064471,0,0,-1.62387523659954,0,4.0404044840098,0,0,0,-2.54575571848604,0,0,0,0,1.75184000943979,0,1.77019776417113,0,-1.34549365874146,0,0,0.069418612263086,0,0,-0.492572607341461,0,0,0,0.0901733430350937,-1.81141888213208,-1.172863297419,0,0,1.60321997566457,0,0,0,-0.760671582791627,1.00562906042627,0,-3.53978367296429,1.59136373753487,-2.00554035807956,0,0,0,0,0,0,0,0.879104617227118,0.281858491285218,0,0,0,0,0,0,0,-0.899812608622375,0.408622699331634,0,0,-0.438808429025635,0,0,0,0,0.319875596930222,0,0,-0.720336870922641,-0.110042710252799,0,0,0,2.90016473073754,0.531635896918512,0,0,0,-0.0829938290888308,0.478805547258794,0,0,-1.45053238171627,0,-2.00344141917332,-0.432279699993753,0,-0.0607690374378647,0,0.531427587369861,0,0,1.00120684620203,0,0,2.84090465785905,0,0
0,0,0,0,0,0,0.0765418893513701,1.40019238708381,0,-0.300338584027241,-0.0258607618986202,0,0,0,0,0,0,0,0,0,0,0,0,0,0,0.649424975323282,-0.0510479799773551,0,0,0,-0.557228124786745,0,1.52585681444236,0,0,0,0,0,0,0,0,0,0,0,0,0,0,0,0,0,0,1.09229058431896,0,0,0,0,0,0,0,0,0,0,0,0,-0.756597377380112,0,0.0400260271285411,0,0,0,1.22486536205287,0,0,0,0,0,0,0,-0.232669719279782,0,0,0,0,0,-0.147192509552553,0,0,0,0,0,0,0.793298652979298,0,0,-0.496266600848243,0,0,0,-1.06127018600865,0,0,0,0,-0.367085166693975,-1.33649177439932,0.434759424294432,0,0,0,0,0,0,-0.05833139532053,0,0,0,0,-4.27279543889833,0,0,0,0,0,0,0.178519891329658,0,0,0,-0.436798699172672,0,0,0,0.0584456957987636,0,0,0,0,0,0,0,0,0,0,0.229842001902788,0,0,0,0,0,0,0,0,0,0,0.812291405649413,0,0,0,0,0,0,0,0,0,0,-0.241133020327869,0,-0.340178616762632,0,0,-0.0414294360475849,0,0,0,0,-0.838779437461654,0,0,0,0.243529829398947,0,0,0,0,0,-0.291863989218029,-3.41620024362148,0.215821474613168,0,0,0,0,0,0,0,0,0,0,0,0.513556370935208
0,0,0,0,0,0,0,0,0,0,0,0,0,0,0,0,0,0,0,0,0,0,0,0,0,0,0,0,0,0,0,0,0,0.179351137042193,0,0,0,0,0,0,0,0,0,0,0,0,0,0,0,0,0,-0.211671470843588,0,0,0,0,0,-0.302917801296984,0,0,0,0,0,0,0,0,0,0,0,0,0,0,0,0,0,0,0,0,0,0,0.0921024329085904,0,0,0,0,0,0,0,0,0,0,0,0,0,0,0,0,0,0,0.127342267775279,0,0.0519741635264814,0,0,0,0,0,0,0,0,0,0,0,0,0,0,0,0,0,0.693931230570946,0,0,0,0,0,0,0,0,1.34232322563261,0,0,0,0,0,0,0,0,0,0,0,0.995578814456856,0,0,0,0,0,0,0,0,0,0,0,0,0,0,0,0,0,0,0,-1.28177688056042,0,0,0,0,0,0,0,0,0,0,0,0,0,0,0,0,0.343334227271712,0,0,0,0,0,0,0,0,-2.67237562925871,0,0,0,0,0,0,0,0,0,0,0,0,0
0,0,0,0,0,-7.16561292901859,0,0,0,-0.65830330597606,0,0,0,0,0,0,0,0,0,0,-1.03154197526208,0,0,0,0,0,0,0,0,0,0,0,0,0,0,0,0,0,0,0,0.00995743431264806,0,0,0,0,0,0,0,0,0,0,0,0,0,0,0,-0.041763557611503,0,0,0,0,0,0,-0.202637364243897,0,0,1.91536816883176,0,0,0,0,0,0,0,0,0,0,0,0,0,0,0,0,0,0,0,0,0,0,0,0,0,0,0,0,0,0,0,0,0,0,0,0,0,0,0,0,0,0,0.550572939078926,0,0,0,0,-0.340408428327598,0.0750505093244695,0,0,0,0,0,0,0,0,0,0,0,0,0,0,0,0,0,0,0,0,0,0,0,0,0,0,0,0,0,0,0,0,0,0,0,0,0,0,0,0,0,0,0,0,0,0,0,0,0,0,0,-0.398159023480006,0,-1.86068253937361,0,0,0,0,0,0.286173366272509,0,0,0,0,0,0,0,0,0,0,-4.50074813660452,-0.255083469114901,0,0,0,0,-0.596863122708175,0,0,0,0,0,0,0
0,0,0,0,0,0,0.640923053856675,0,-0.242380909528086,0,0,0,-1.05827085398879,0,0.06694913366129,0,0,0,0,-0.648045487044953,0,0,0,0,0,0,0,-0.207750042835148,0,0,0,0,0,0,0,0,0,0,0,0,0,0,0,0.279906902172219,0,0.775122754891893,0.47523086749056,0,0,0,0,0,0,0,0,0,0,0.345032861921469,0,0,0,0,0,0,0,0,0,0,0.0950522761490105,0,0,0,0,-1.39440924407885,-2.24746634643827,0,0,-0.101987720978442,0.994471707483846,0,0,0,0,0,0,0,0,0,0,-0.325267783710536,0,2.45064552943169,0,0,0,-1.56521692785763,0,0,0,0.399591446140425,0,-0.765217437165763,0,-1.40607320029284,0,-0.0596574442016282,0,0,0,0,0,0,-0.0450772108105699,0.236024435416716,0.182077267827925,0,0,0,0,0,-0.919383931549446,0,0,0.233761592127645,0,0,0.138191296981491,0.682814501429868,-0.0260177562643757,0,0.0426482293016825,0,2.27694635423157,0,0,0,0,0,0,0,0,0,0,0,0,0,0,0,0,0,-0.0505362218146228,0,-3.91858528598092,-1.43224435124147,0.381415500914724,-0.024063690790084,0,0,0,0,0,0,0,0,0,0,-0.562755117101211,0,2.15877028415204,-0.906485225061779,0,0,0,3.11606332177669,0.287048046359148,-0.0185539309839706,0.136158507538059,0,0,0,0,-1.30502980324061,0,-0.675374850989625,0,0,-2.42775645216168,0,0,0,0,0,0,-0.126008112100021,0.309074647574619,0,0.0710807387275343,0,0.151255222875866,2.29389312660524
0,0,0,0,0,0,0,0,0,0,-0.561547116447091,0,0,0,0,0,0,0,0,0,0,-0.0305063938421821,0,0,0,0,0,0,0,0,0,0,0,0,0,0,-0.214739436668679,0,0,0,0,0,0,0,0,0,0,0,0,0,0,0.306845456236183,0,0,0,0,0,0,0,0,0,0,0,0,0.628234300687503,0,0,0,0,0,0,0,0,0,0,0,0,0,0,0,0.600590620007278,0,0,0,0,0,0,-0.216877160663653,0,0,0,0,0,0,0,0,0,0,0,0,0,0,0,0,0,0,0,0,0.126069073590723,0,0,0,0,0,0,0,0,0,0,0,0,0,0,0,0,0,0,0.104834226149513,0,0,0,0,0,0,0,0,0.215565026542901,0,0,0,0,0,0,0,0,0,0,0,0,0,0,0,0,0,-0.0670934436545227,0,0,0,0,0,0,0,0,0,0,0,0,0,0,-0.586626050973641,0,0,0,0,0,0,0,0,0,0,0,0,0,0,0,0,-2.79630188588964,0,0,0,0,0,0,0,0,0,0,0,0,0.516629508751938
0,0,0,0,0,0,0,0,0,0,0,0,0,0,0,0,0,0,0,0,0,0,0,0,0,0,0,0,0,0,0,0,0,0,0,0,0,0,0,0,0,0,0,0,0,0,0,0,0,0,0,0,0,0,0,0,0,0,0,0,0,0,0,0,0,0,0,0,0.392461884500134,0,0,0,0,0,0,0,0,0,0,0,-0.18765080908849,0,0,0,0,0,0,0,0,0,0,0,0,0,0,0,0,0,0,0,0,0,0,0,0,0,0,0,0,0,0,0,0,0,0,-0.125125329026822,0,0,0,0,0,0,0,0,0,0,0,0,0,0,0,0,0,0,0,0,0,0,0,0,0,0,0,-0.649383048146913,0,0,0,0,0,0,0,0,0,0,0,-0.350563929684712,0,0,0,0,0,0,0,0,0,0,0,0,0,0,0,0,0,0,0,0,0,0,0,0,0,0,0,0,0,0,-2.52731373640215,0,0,0,0,0,0,0,0,0,0,0,0,0
0,0,0,0,0,0,0,0,0,0,0,0,0,-0.183364106610304,0,0,-0.117522917068079,0,0,-0.154956119581338,0,0,0,0,0,0,0,0,0,0,0,0,0,0,0,0,0,0.311078509443857,0,-0.0389813158142815,0,0,0,0,0,0,0,0,0,0,0,0,0,0,0,0,0,-1.08373435622641,0,0,0,0,0,0,0,2.9602790906905,0,0,0.101395983848426,0,0,0,0,0,0,0,0,0,0,0,0,0,0,-0.496269998272981,0,0.43911442132954,0,0,0,0,0,0,0,0,0,0,0,0,0,0,0,0,0,0,0,0,0,0,0,0,0,0,0,0,0,0,0,0,0,0,3.02642689160046,0,0,0,0,0,0,0,0,0,0,-0.100755028194855,0,0,0.196880160074815,0,0,0,0,0,1.89111440431534,0,0,0,0,0,0,0,0,0,0.717665899401072,0,0,0,0,0,0,0,0,0,0,0,0,0,0,0,0,0,0,0,0,0,0,0,0,0,0,0,0,0,0,0,0,0,-0.270120133974208,0,-3.23343921919242,0,0,0,0,0,0,0,1.0244220353074,-0.387432902671829,0,0,0,-0.427741196115626
0,0,0,0,0,0,0,0,0,0,0,0,0,0,0,0,0,0,0,0,0,0,0,0,0,0,0.641443259169778,0,0,0,0,0,0,0,0,0,0,0,0,0,0,0,0,0,0,0,0,0,0,0,0,0,0,0,0,0,0,0,0,0,0,0,0,0,0,0,0,0,0,0,0,0,0,0,0,0,0,0,-0.0259275026623085,0,0,0,0,0,0,0,0,0,0,0,0,0,0,0,0,0,0,0,0,0,0,0,0,0,0,0,0,0,0,0,0,0,0,0,0,0,0,0,0,0,0,0,0,0,0,0,0,0,0,0,0,0,0,0,0,0,0,0,0,0,0,0,0,0,0,0,0,0,0,0,0,0,0,0,0,0,0,0,0,0,0,0,0,0,0,0,0,0,0,0,0,0,0,0,0,0,0,0,0,0,0,0,0,0,0,0,-3.55397797490426,0,0,0,0,0,0,0,0,0,0,0,0,0
0,0,0,0,0,0,0,0,0,0,0,0,0,0,0,0,0,0,0,-0.34033960023082,0,0,0,0,0,0,3.50459790528373,0,0,0,0,0,0,0,0,0,0,0,0,0,0,0,0,0,0,0,0,0,0,0,0,0,0,0,0,0,0,0,0,0,0,0,0,0,0,0,0,0,0,0,0,0,0,0,0,0,0,0,-0.0541103640500391,0,0,0,0,0,0,0,0,0,0,0,0,0,0,0,0,0,0,0,0,0,0,0,0,0,0,0,0,0,0,0,0,0,0,0,0,0,0,0,0,0,0,0,0,0,0,0,0,0,0,0,0,0,0,0,0,0,0,0,0,0,0,0,0,0,0,0,0,0,0,0,0,0,0,0,0,0,0,0,0,0,0,0,0,0,0,0,0,0,0,0,0,0,0,0,0,0,0,0,0,0,0,0,0,0,0,0,-3.10926227502155,0.168623449057343,0,0,0,0,0,0,0,0,0,0,0,0
0,0,0,0,0,0,0,0,0,-0.207541916488617,0,0,0,0,0,0,0,0,0,0,0,0,0,0,0,0,4.48827847395998,0,0,0,0,0,0,0,0,0,-0.260040017340457,0,0,0,0,0,0,0,0,0,0,0,0,0,0,0,0,0,0,0,0,0,0,0,0,0,0,0,0,0,0,0,0,0,0,0,0,0,0,0.182203060873079,0,0.193265888957975,-0.257146195170493,0,0,0,0,0,0,0,0,0,0,0,0,0,0,0,-0.148096631843874,0,0,0,0,0,0,0.28269507678678,0,-0.274699671114272,0,0,0,0,0,0,0,0,-0.0251019269095407,0,0,0,0,0,0,0,-0.107735829477192,0,0,0,0,0,0,0,0,0,0,0.179167461592724,0,0,0,0,0,0,0,0,0,0,0,0,0,0,0,0,0,0,0,0,0,0,0,0,0,0,0,0,0,0,0,0,0,0,0,0,0,0,0,0,0,0,0,0,0,0,0,0,0,0,0,0,0,0,-2.27222961736087,0,0,0,0,0,0,0,-0.543284723737545,0,0,0,0,0
0,0,-0.218979997682669,0,0,0,0,0,0,0,0,0,0,0.0310349502777223,0,0,0,0,0,0,0,-0.00385156820578447,0,0,0,0,0,-0.242314377638924,0,0,0.211657509515702,0,0,0,0,-0.198531121466811,0,0,-0.0425616162301021,0,0,0,0,0,0,0,0,0,0,0,0,0,0,0,0,0,0,0,0,0,0,0,0,0,0,0,0,0,0,0,0,0.549881550934957,0,0,0,0.326690749884344,0,0,0.320160191930099,0,0,0,0,0.189455845811455,0,0,0,0,0,0,0,0,0,0,0,0,0,0,0,0,0,0,0,0,0,0,0,0,0,0,0,0,0,0,0,-0.731562266496821,0,0,0,0,-0.673373046839844,0,0,0,0,0,0,0,0,0,0,0.202330900236838,0,0,0,0,0,0,0,-0.30538792512165,0,0,0,0,0,0,0,0,0,-0.0385873991839887,0,0,0.144568109381893,-1.37683549999414,-0.216805818191599,0,0,0,0,0,0,0,0,0,0,0,0.0740882745426255,0,0,0,0,0,0,0,0,0,0,0,0,0,0.225667160405957,0,0,0,0,0,-3.38208099645309,0,0,0,0,0,0,0,0,0,0,0,0,0
0,0,0,0,0,0,0,0,0,-0.705628592287222,0,0,0,0,0,0,0,0,0,0,0,0,0,0,0,0,0,0,0,0,0,0,-0.622448225562319,0,0,0,0,0.511320144175898,0,0,0,0,0,0,0,0,0,0,0,0,0,0,0,0,0,0.36492286479543,0,0,-0.503761493469574,0,0.421328659083441,2.15666623641637,0,0,0,0,0,0,-17.5585821804691,0,0,0,0,0,0,0,0,0,1.52503984262887,0,0,0,-0.0527694832496599,0,0,0,0,0,0,0,0.0218544797819817,0,0,0,0,0,0,0,0,0.134529596516582,0,0,0,0,0,0,0,0,0,0,0,0,0,0,0,0,0,0,0,0,0,0,0.365540217762922,0,0,0,0,0,0,0,0,0,0,0,0,0,0,0,0,0,0,0,0,0,0,0,0,0.172573392730843,0,-0.775387879872395,0,0,0,0,0,0,-0.269613510962385,0,0,0,0,0,0,0,0,0,0,0,0,0,0,0,0,0,-0.233280527820323,0,-0.307550116579554,0,0,0,0.116320515192432,-1.16650415003349,0,0,0,0,-2.40752637420712,0,0,0,0,0,0,0,0,0,0,0,0,0
0,0,0,0,0,0,0,0,0,0,0,0,0,0,0,0,0,0,0,0,0,-0.29868667448257,0,0,0,0,0,0,0,0,0,0,0,0,0,0,0,0,0,0,0,0,0,0,0,0,0,0,0,0,0,0,0,0,0,0,0,0,0,0,0,0,0,0,0,0,0,0,0,0,0,0,0,0,0,0,0,0,0,0,-0.519340581964317,0,0,0,0,0,0,0,0,0,0,0,0,0,0,0,0,0,0,0,0,0,0,0,0,-0.642213206348074,0,0,0,0,0,0,0,0,0,0,0,0,0,-0.00293608874701179,0,0,0,0,0,0,0,0,0,0.108148399254679,0,0,0.65111780481257,0,0,0,0,0,0,0,0,0,0,0,0,0,0,0,0,-0.132417402819222,0,0,0,0,0,0,0,0,0,0,0,0.381780961478245,0,0,0,0,0,0,0,0,0,0,0,0,0,0,0,0,0,0,0,0,0,0,0,0,-2.48325990057623,0,0,0,0,0,0,0,0,0,0,0,0,0
0,0,0,0,0,0,0,0,0,0,0,0,0,0,0,0,0,0,0,0,0,-0.00801676562806142,0,0,0,0,0,0,0,0,0,0,0,0,0,0,0,0,0,0,0,0,0,0,0,0,0,0,0,0,0,0,0,0,0,0,0,0,0,0,0,0,0,0,0,0,0,0,0,10.3776040913003,0,0,0,0,0,0,0,0,0,0,0,0,0,0,0,0,0,0,0,0,0,0,0,0,0,0,0,0,0,0,0,0,0,0,0,0,0,0,0,0,0,0,0,0,0,0,0,0,0,0,0,0,0,0,0,0,0,0,0,0,0,0,0,0,0,0,0,0,0,0,0,0,0,0,0,0,0,0,0,0,0,0,0,0,0,0,-0.764869596439388,0,0,-0.372031072118386,0,0,0,0,0,0,0,0,0,0,0,0,0,0,0,-0.468993995228824,0,0,0,0,0,0,0,0,0,0,-1.68351279143392,0,0,0,0,0,0,0,-0.0510344606067077,0,0,0,0,0
0,0,0,0,0,0,0,0,0,0,-0.252131551606257,0,0,0,0,0,0,0,0,0,0,0,0,0,0,-0.487403108363498,0,0,0,0,0,0,0,0,0,0,0,0,0,0,0,0,0,0.589033430676395,0,0,-0.387538474978096,0,0,0,0,0,0,0,0,0,0,0,0,0,0,0,0,0,0,0,0,0,0,13.2065935837232,0,0,0,0,0,0,0,0,0,0,0,0,0,0,0,0,0,0,0,0,0,0,0,0.0249209095144087,0,0,0,0,0,0,0.068253571983405,0,-0.0155842254776624,0,0,0,0,0,0,0,0,0,0,0,0,0,0,0,-0.095674341333867,0,0,0,0,0,0,0.726432177452922,0,0,0,0,0,0,0,0,0,0,0,0,0,0,0,0,0,0,0,0,0,0,0,0,0,0,0,0,0.32850722176814,0,-1.24816059095283,0,0,0,0,0,0,0,0,0,0,0,0,0,0.301664953022363,0,0,0.175369251138217,0,0,0,0,-0.111936172780821,0,0,0,0,0,0,0,-1.06960216472486,0,0,0,0,0,0,0,0,0,0,0,0,0
0,0,0,0,0,0,0,0,0,0,0,0,0,0,0,0,0,0,0,0,0,0,0,0,0,0,0,0.0689512640221561,0,0,0,0,0,-0.565541447758259,0,0,0,0,0,0,0,0,0,0.451139546492882,0,0,0,0,0,0,0,0,0,0,0,0,0,0,0,0,0,0,0.100028342807637,0,0,0,0,0,0,0,0,0,0,0,0,0,0,0,0,0,0,0,0,0,0,0,0,0,0,0.556210329594644,0,0,0,0,0,0,0,0,0,-0.699767959584391,0,0,0.192585785165705,0,0,0,0,0,0,0,0,0.0866248185548937,0,0,0,0,0,0,0,0,0,0,0,0,0,0,0,0,0,0,0,0,0,0,0,0,0,0,0,0,0.557617033494072,0,0,0,0,0,0,0,0,0,0,0,0,0,0,0,0,0,0,-0.190705504052828,0.116790016419983,0,0,0,0,0,0,0,0,0,0,0,0,0,0,0,0,0,0,0,0,0,0,0,0,0,-3.14068553970901,0,0,0,0,0,0,0,0,0,0,0,0,0
0,0,0,0,0,0,0,0,0,0,0,0,0,0,0,0,-0.420395004394476,0,0,0,0,0,0,0,0,0,0,0,0,0,0,0,0,0,0,0,0,0,0,0,0,0,0,0,0,0,0,0,0,0,0,0,0,0,0,0,0,0,0,0,0,0,0,0,0,0,0,0,0,0,0,0,0,0,0,0.268450198390236,0,0,0,-0.368240106960216,0,0,0,0,0,0,0,0,0,0,0,0,0,0,0,0,0,0,0,0,0,0,1.66033366534536,0,0,0,0,0,0,0,0,0,0,0,0,0,0,0,0,0,0,0,0,0,0,0,0.295314716519806,0,0,0,0,0,-0.0706871116892447,0,0,0,0,0,0,0,0,0,0,0,0,0,0,0,0,0,0,0,0,0,0,0,0,0,0,0,0,0,0,0,0,0,-0.52951169087052,0,0,0,0,0,0,0,0,0,0,0,0,0.115214943065915,0,0,0,0,0,0,-2.60774495168915,0,0,0,0,0,0,0,0,0,0,0,0.65472456741138,0
0,0,0,0,0,0.41004743971665,0,0,0,0,0,0,0,0,-0.00418746582425267,0,0,0,-0.0955869228722515,0,0,0,0,0,0,0,0,0.325106101917555,0,0,0,0,0,0,0,0,0,0.0185956185515614,0,0,0,0,0,0,0,0,0,0,0,-5.03359422065199,0,0,0,0.497714008934748,0.169100020946135,0,0,0,0,-0.000417399393753071,0,0,0,0,0,0,0,0,0,0,0.435935961548518,0,0,0,0,0,0,0,0,-0.594570457865338,0,0,0,0,0,0,0,0,0,0,0,0,0,0,0,0,0,0,0,0,0,0,5.26119605598833,0,0,0,0,0,0,0,-2.78970849508413,0,0,0,0.385626055106534,0,0,0,0,0,0,0,0,0,0,0,0,0,0,0,0,0,0,0,0,0,0,0,0,0,0,0,0,-0.650492584720182,0,0,0,0,0,0,-0.753586169572572,0,0,0,0,0,0,0,0,0,-0.742841483242378,0,0,0,0,0,-0.531111093128335,0,-1.16437110387494,0,0,-0.0807452009484415,0,0,0,0,-0.478462459413376,0,0,0,0,0,0,0,0,0,-4.64417406332493,0,0,0,0,0,0,0,0,0,-0.0984890541105294,0,0,0
0,0,-0.252945659915342,0,-0.165595035683365,0,0,0,-0.250200347121119,0,0,0,0,0,0,0,-1.10832311433062,0,0,0,0,-0.544127101955919,0,0,0,0,0,0,0,-1.20070964324975,0,-0.087833546494555,0,0,0,0,0,0,0,0,0,0,0,0,0,0,0,0,0,0,0,-0.0228524588718886,0,0,0,0,0,-0.64399836415783,0,0,0,0,0,0,0,0,0.225052057657187,0,0,0,0,0,0,0,0,0,0,0,1.3314975688687,0.268930171731093,0,-0.351924110973481,0,-0.325580709434956,0,0,0,-2.56368524651702,0,0,0,-0.237634928331905,0,0,0,1.39271561620279,0,0,0,0,0,0,0,0,0,0,-2.01757622065402,0,0,0,0,-0.501752974676966,0,0,0,1.45667460926395,0,0,0,-1.32776557171494,0,0,0,0,0,0,0,5.37494190858401,0,0,1.04317681676998,0,0,0,0,0,0,0,0,0.0007063063774706,0,0.332054083827393,-0.0439102205428343,0,0,0,0,0,0,-0.428610266538937,0.61918297979407,0,0,0,0.900644106778146,0,0,0,0,-0.336573546665037,0,0,0,0,0,0,-1.72454587945263,1.33788193449429,0,0,0,0,0,1.18969084254323,0,0,0,0,0,0,0,0,0,0,0,0,-2.64783393684284,0,0,0,0,0,0,0,0,0,0,0,0,0
0,0,0,0,0,0,0,0,0,0,0,0,0,0,0,0,0,0,0,0,0,0,0,0,0,0,0,1.47771217409353,0,0,0,0,0,0,0,0,0,1.18076586800027,0,0,0,0,0,-0.591299626442418,-0.027367178428656,0,0,0,0,0,0,0,0,0,0,0,0,0,0,0,0,0,0,0,0,0,0,0,0,0,0,0,0,0,0,0,0,0,0.406644043946122,0,0,0,0,0,0,0,0,0,0,0,0,0,0,0,0,0,0,0,0,0,0,0,0,0,0,0,0,0,0,0,0,0,0,0,0,0,0,0.0724520773791499,0,0,0,0,0,0,0,0,0,0,0,0,0,0,0,0,0,0,0,0,0,0,0,0,0,0,0,0,0,0,0,0,0,0,0,0,0,0,0,0,0,0,0,0,0,0,0,0,-0.355058012196426,0,0,0,0,0,0,0,0,0,0,0,0,0,0,0,0,0,-1.04539895020317,0,-2.75895307529018,1.91738384239118,0,0,0,0,0,0,0,0,0,0,0,0
0,-0.725561344376835,0,0,0,0,0,-0.603902558654618,0,0,0,0,0,0,0,0,0,0,0,1.61709445544653,0,0,0,0,0,0,0,0,0,0,0,0,0,0,0,0,0,0.0342101744352286,0,0,0,0,0,0,-0.0865344379107036,0,-0.771952761935077,0,0,0,0,0,0,0,0,0,0,0,0,0,0,0,0,0,0,0,0,0,0,0,0,0,0,0,0,0,0,0,0.297103506361053,0,0,0,0,0,0,0,0,0,0,0,0,0,-0.126057439617919,0,-0.447294217985355,0,0,0,0,0,0,0.580754815999929,0,0.0956255265651305,0,0,0,0,0,0,0,0,0,0,0,-0.879226616586562,0,0,0,0,0,0,0,0,0,0,0,0,0,0,0,0.745006744473678,0,0,0,0,-0.181861056708341,0,0,0,0,0,0,0,0,0,0,0,0,0,0,0,0,0,0.907909303454365,0,0,0,0,-0.402519385676021,0,0,0,0,0,0,0,0,0,0,0,0,0,0,0,0,0,0,0,0,0,0,0,0,0,0,-1.83910491557007,0.242268702437439,0,0,0,0,0,0,0,0,0,0,0,0.237845463901081
0,0,0,0,0,0,0.30828772772265,0,0,0,0,0,-0.141756586694027,0,-0.356066628254007,0,0,0,0,0.668281656109235,0,0,0,0,0,0,0,-0.0336969278635351,0,0,0,0,0,0,0,0,0,0,0,0,0,0,0,0,0,0,0,0,0,0,0,0,0,0,0,0,0,0,0,-2.16320724350278,0,0,0,0,0,0,0,0,0,0,0,0,0,0,0,0,0,0,0,0,0,0,0,0,0.338321428884378,0,0,0,0,0,0,0,0,0,0,0,0,0,0,0,0,0,1.63273903448618,0,0,0,0,0,0,0,0,0,0,0,0,0,0,0,0,0,0,0,0,0,0,0,0,0,0,-0.489860638967319,0,0,0,0,0,0,0,0,0,0,0,0.0228448444954585,0,0,0,0,0,0,0,-0.643874888846454,0,0,0,0,0,0,0,0,0,0,0,-0.265967120552028,0,-0.611712928168065,0,0,-0.788028425558592,0,0,0,0,0,0,0.215673420924443,0,0.177871999755603,0,-0.242461448151919,0,0.0421910354007358,0,0,0,0,0,0,-1.07411630604152,0,0,1.41145609188555,0,0,-1.76389972750071,0,-0.261462529622744,0,0,0,0,0
0,0,-0.0360278557333893,0,0,-1.39699572555975,0,-6.17127992371138,-0.609402098508477,0,0,0,0,1.98516544321485,0,0.217253536381701,-1.20418597036646,0,-0.179612847030388,-1.75932087378929,0,0,0,0.946791345740979,0,0,1.11115702248737,0,0,0,0,-0.407517983863897,0,0,0,0,0,0,8.05957989807548,2.32804452263725,0.604514745686087,-1.44845456912579,0.913684431168055,0,0,0,0,-0.0223613478929214,0,0,0,0,0,0,0.0157152119851331,0.743140517242805,0,-2.65916701763792,-0.610305092537426,-1.85350228165369,-4.17110712169803,0.613471067010373,0,0,0,-0.726108312764836,0,0,0.347637643864324,0,-7.32861419710381,0,0,-1.05542182170386,-0.565047038404193,-0.258144382955218,0,0,0,-6.14718403540775,0,0,0,1.29127589412442,0,0,0,0.138511432944781,5.51864197467893,0,1.09156362984867,0,1.00061892130696,0,0,-0.385378249805633,0,0,-0.322443151752119,0,0,0,0,0,0,0,0,0,0,0,0,0.686192099158688,-0.241038188988683,0,-3.43487590739887,1.25776146194262,0,0,0,0,2.42409072220731,-0.212055040466328,0,0,1.00866747698617,0,0,0,0,2.38920420283449,0,1.14262795863776,0,0,-0.842157593991126,0,0,1.43941508206942,0,-0.378317572492141,3.54007433727059,2.58413336182136,0,0,1.42963701955415,0,0,0,0.355715514259342,0,0,0,0,0,0,0,0,0,-1.62393132061157,0,-1.53664925217715,0.375654161571587,0,1.0728683498968,0,0,0,0,-0.172733501147052,0,0,-0.0299494990174027,0,0,0,0,4.65860374016169,0,0,0,0,-2.68585138714236,0,0,0,0,0,-0.364831720334838,0,2.66015563848107,-0.66373073509742,-0.769459665169051,0,2.1890337529767,0,0,-1.67683910901009,0,0,3.33164114756102
0,0,0,0,0,0,0,0,0,0,-0.0457684006021108,0,0,0,0,0,0,0,0,0,0,-0.177102477702583,0,0,0,0,0.300611245025537,0,0,0,0,0,0,0,0,0,0,0,0,0,0,0,0,0,0,0.201346486671513,0,0,0,0.23112877178796,0,0,0,0,0,0,0,0,0,-0.135331532445218,0,-0.36528304952904,0,-0.367708684135348,0,0,0,0,0,0,0,0,0,0,0,0.0665486818611067,0,0,0.552023158200875,0,0,-0.156795153784792,0,0,0,0,0,0,0,0,0,0,0,0,0,0,0,0,0,0,0,0,0,0,0,0,0,0,0,0,0,1.17746394375932,0,-0.0855373280544884,0,0,0,0,0,0,0,0,0,0,0,0,0,0,0,0,0,0,0.997759508557365,0,0,0,0,0,0,0,0,0,0,-2.21096803463482,0,0,0,0,0,-1.51469832883497,0,0,0,0,0,0,0,0,0,0,0,0,0,0,0,0,0,0,0,0,0,0,0,-0.475374928772286,0,0,0,0,0,0,0,0,0,-0.148362000805069,0,0,0,0,0,0,0,0,0,0,0,0,0,0,0,0
0,0,0,0,0,0,0,0,0,0,0,0,0,0,0,0,0,0.14416202275986,0,0,0,0,0,0,0,0,0,0,0,0,0,0,0,0,0,0,0,-0.171038403448054,0,0,0,-0.32457214799224,0,0,0,0.103777252622782,0,0,0,0.136043062193195,0,0,0,0,0,0,0,0,0,0,0,0,0,0,0,0,0,0,-0.0522917786956811,0,0,0,0,0,0,0.938354848750971,0,-0.218732012969915,0,0,0,0,0.426335996515262,0,0,-0.659446587859555,0,0,0,0,0,0,0,0,0,0,0,0,0,0,0,0,-0.0956591666706077,0,0,0,0,0,0,0,0,0,0,0,0,0.440920408793307,0,0,0,0,0,0,0,0,0,0,0,0,0,-0.219167419612643,0,0,0,0,0,0,-0.656350647574139,0,0,0,0.765537367906223,0,0,-2.99981598850103,0,0,0,0,0,-1.86872013743693,0,0,0,0,0,0,0,0,0,0,0,0,1.06600868178317,0,0,-0.535674507064582,0,0,-0.398086413881656,-0.132310423684439,0,0,0,0,0,0,0,0,0,0,0,0,0,0,0,0,-0.513134254657452,0,0,0,0,0,0,0,0,0,0,0,0,0
0,0.292653049805252,0,0,0,0,0.148049848811077,0,0,0,0,0,0,0,0,0,0,0.0733707696669246,0,0,0,0,0,0,0.0481693489183384,-0.0705638760100329,0,0,-0.245266623086055,0,0,0,0,0,0,0,0,-0.299305711877014,0,0,0,-0.439461995769224,-0.182315958475298,0,0,0,0,0,0,0,0,0,0,0,0,0,0,0,0,0,0,0,0,0,0,2.36598296140324,0,0,0,0,0,0,0,0,0,0.333516304259841,0,-1.17171547181708,0,0,0,0,0.184555259360079,0,0,0,0,0,0,0,0,0,0,0,0,0,0,0,0.348303924800114,0,0,-0.990718882513913,0,0,0,0,0,-0.228165206481073,0.0828420639229097,0,0,0.0210549130689097,0,0,0.218032257809061,1.34396959617412,0,-0.168942409462439,0,0,0,-0.0180985578445718,0,0,0,0,0,0,0,0,0.488296712389362,0.919995899429743,0,0,0,0,-0.973970771233522,0,0,0,0.110927335447008,-0.0278620640202141,0,0,0,0,0,0,0,-2.80236629550685,0,0,0,0,0,0,0,0,0,0,0,0,0.717241277402716,0,0,-0.731958710746361,0,0,0,-0.278923634960124,0,0,0,0,0,0,0,0,0,0,0,0.218801583992797,0,0,0.0365784469896577,0.00793841597878453,0,0,0,0.978816820413958,0,0,0,0,0,0,0,0,0,0
0,0,0,0,0,0,0,0,0,0,0,0,0,0,0,0,0,0,0,0,0,0,0,0,0.34199886352891,0,0,0,0,0,0,0,0,0,0,-0.000938503447107886,-0.0488482526688052,0,0,0,-1.56473054612472,-1.3157055162451,0,0,0,0,0,0,0,0,0,0,0,0,1.3605202765963,-0.384646773821471,0,0,0,0,0,0.019646722847112,0,0,0,0,-0.0413267270653046,-0.256463856237773,0.601773619186101,0,0,0,0,0,0,0,0,-2.53406313820773,0,0,0,0,0,1.1539682754919,0.190212544914804,-0.322029078021668,0,0,0,0.916186508296665,0,0,0,0,0,0,0,0,0,3.11482324268009,-1.95718625649373,0,0,0,-0.683507881631249,-0.0192120515006042,0,-0.299301183299219,-1.00897757159009,0,0,0,0,0.174425887024854,0,4.7534807766021,0,0,0,0,-0.452828190642431,-1.70845991433299,0.455035608287123,0,0,0,-0.0205889622194919,0,0.215698429053651,0,0,0,0,0,0,0,0,0,0,0,0,-0.0921346907513443,0,0,0,0,0,0,0,-12.6661702702712,0,0,0,0,0,0,0,0,0.0977790803353431,0,0,0,0.615572961507029,0,0,-1.63610930840271,0,0,0,-2.28500817088431,0,0.138391729351847,0,0.261220039612938,0,0,0,0.161692916359944,0.320337523272183,0,0,0,0,-1.76679988489567,0,0.326027519035324,0,0,0,0.692129330685461,0.879784072186387,0,0.296680893065749,0,0,-1.88960061606806,-0.0204913626763403,-1.92337507110945,0,0.815802458149294
0,0,0,0,0,0,0,0,0,-0.147871076341563,0,0,0,0,0,0,0,0.492273193427997,0,0,0,0,0,0,0,-0.188434989627314,0,-0.467958066399804,0,0,0,0,0,0,0,0,0,-0.00697940559258892,0,-0.0902733960080382,-1.13023388269491,-0.829450779703673,-0.0357386014884313,0,0,0,0,0,0,0,0,0,0,0,0.909841340197529,0,0,0,0,0,0,0.195329140514872,0,0,0,0,0,-0.166774096082901,0,0,0,0,0,0,0,0,0,-2.40292454859024,0,0,0.480719880147592,0,0,1.09825038546448,0.69397996205251,0,0,0,0.349947579741624,0,0,0,0,0,-0.723533649107936,0,0,0,0,2.70091582524442,-3.12947497158296,0,0,0,-0.696167052297781,-0.459816211599335,0,0,-1.51279158883888,0,0,0,0,0.177646569883253,0,4.12016731321488,0,0,0,0,-0.918441004392898,-1.25852149088915,0,0,0,0,0,0,0.0434983325752243,0,0,0,0,0,0,0,0,0,0,0,0.0582990751045045,0,0,0,0,0,0,0,0,-11.9507269344228,0,0,0,0,0,0,0,0,0,0,0,0,0.997590804288134,0,0,-1.1645182459309,0,0,0,-2.31942681547346,0,0,0,0.590145120855478,0,0,0,0.652044550754034,0.199625571879436,0,0,0,0,-1.1438904847003,0.812947403494193,0.752470813551479,0,0,0,0.571286018949851,0,0,0,0,0,0,0,-1.64696895328173,0,0.00583496783459303
0,0,0,0.0972332180097537,0,0,0,0,0,0,-0.525685109463986,0,0,0,0,0,0,0,0,-0.13889926054733,0,0,0,0,0,0,0,-0.249208022516359,0,0,0,0,0,0,0,0,0,0,0,0,0,0,0,0,-0.722103823156569,0,0,0.182910502273039,0,0.472668760129681,0,0,0,-1.39806381844689,0,0,0,0,0,-0.539392575998235,-0.000249158328632149,0,0,0,1.19958454667755,0,0,0,0.149636510293131,0,0,2.8356519275955,0,0,-0.221064807914439,0,0,0,0,0,0,0,0,1.10208489165406,1.87415083741332,0,0,0,0,0,0,0.199086459231019,-0.202620307526096,0,0,-1.19128627509001,0,-0.881095431910261,0,0,0,0,0,0,0,0,0,0,0,0,0,0,0,0,0,0,0,0,0,0,0,0,1.2145046221922,0,0,0,0,0,0,0,0,0,0,0,0,0,0,-0.0933950610061318,0,-0.247099532822002,0,0.213575008222121,0,0,0,0,0,0,-0.00565950664544301,0,-0.0772163782010225,0,-0.0341109443942578,0,0,0,0,0,-0.207946977238447,0,0,0,0,-1.01118758244004,0,0,0,0,0.865977393333514,0,0,0,0.344877514302504,0,1.26989956013765,-0.664081842721339,0,0,0,0,0,-3.34310488578688,0,0,0,0,0,0,0,0.0383155085854638,-0.0701036976660385,0,0,2.93313890878331,0,0,0,-1.70432843816583,0,2.69667992083763
0,0,0,0,0,0,0,0,0,0,0.660239451368202,0,0,0,-0.3275487880772,0,0,0,0,0,0,0,0,0,0,0,0,0.494068376725155,0,0,-0.145135414839386,0,0,0,0,0,0,0,0,0,-0.240643839768213,-0.645925029590302,0,0,0,0,0,0,0,0,0,-1.95097687153318,0,0.814638879369547,0,0,0,0,0,-0.367746808748465,0,0,0,0,0,0,0,0,0,0,0,0,0,0,0,0,0,0,0,0,0,0,0,-1.07820639941335,0,0,0,0,0.337353160856953,0,0,-0.115902607046345,0,0,0,0.0574028360666228,0.427099700166538,0,0,0,0,0,0,0,0,0,0,0,0.0771476809451219,0,0,0,0,0,0,0,1.29820535431125,1.43600214900549,0,0,1.05130275500563,0,0.516008701075003,0,0,0,0,0,0,-0.234369450117388,0,1.05324043266465,0,0,1.01832379776143,0.501074372061308,-0.540261288907153,0,0,-0.183920686357167,0,0,0,0,0,0,0,0.197504307855421,0.0687154605774771,0,0,0,0,-0.255571337547785,0,0.0814960201605843,0,0,0,0,0,0,0,0,0,0,0,0,0,0,0,0,0,-1.26493593029254,0,0,0,0,0,0,0,-0.573593759506016,0,-0.165726828120567,0,0,-1.40816279772823,0,0,1.93049967256595,0.250958133807866,0,-4.07891104930314,0,1.43040393853285,-0.166558185681364,-0.496862055213876,0,0,0
0,0,0,0,0,0,0.0427900416355684,0,0,0.015673171356704,0,0,0,0,0,0,0,0,0,0,0,0,0,0,0.422951873547265,0,0,0,-0.00863302150561118,0,0,0,0,0,0,0,0,0,0,0,0,0,0,0,0,0,0,0,0,0,0,0,0,0,0,0,-0.473077602972468,0,0,-0.860517444812451,0,0,0,0,0,0,0,0,0,0,0,0,0,0,0,0,0,0,0.337977460836292,0,0,0,0,0,0,0,0,0.299879633541067,0,0.205198044854571,0,0,0,0,0,0,0,0,0,0,0,0,0,0,0,0,0,0,0,0,0,0,0,0,0,0,0,0,0,-0.119225342455275,0,0,0,0,0,-0.152182061859225,0,0,0,0,0,0,0,0,0,0,-0.247535261256472,0,0,0,0,0,0,0,0,0,0,0,0,0,0,0,0,0,0,0,0,0,0,0,0,-0.564298124304268,0,0,0,0,0,0,0,0,0,0,0,0,0,0,0,0,0,0,0,0,0,0,0,0,0,0.352296291396733,0,1.08823192189321,0,0,0,0,0.138297298768198,0,0,-0.159117635483263,0,0
0,0,-0.0687843784872013,0,0,0,0,0,0,0,0,0,0,0,0,0,0,0,0,0,-0.238791704752809,0,0,0,0.973110387380313,0,-0.618391357988693,1.00086852239354,0.134863250199988,0,0,0,0,0,0,0,0,0,0,0,-0.130477099836628,0,0,-0.283742942942371,1.35090388332783,0,0,0,0,0,0,0,0,0,0,0,0,-0.459747262942438,0,-0.637522253144867,0,0,0,0,0,0,0,0,0,0,0,0,0,0,0,0,0,0,0,0,0,0,0,0,0,0,0,0,0,0,0,0,0,0,0,0,0,0,0,0,0,0,0,0,0,0,0,0,0.411015085319655,0,0,0,0,0,0,0,0,0,0,0,0,0,0,0,0,0,0,0,0,0.0874975588715594,-0.0556120544159662,0,0,0,0,0,-0.417571403843856,0,0,0,0,0,0,0,0,0,0,0,0,0,0.0982227657283476,0,0.0471937274806267,0,0,0,0,0,0,0.0900703090913573,0,0,0,0,0,0,0,0,0,0,0,0,0,-0.402894735818732,0,0,0,0,0,0,0,0,0,0,-0.635526878620148,0,-0.884867190317593,0,0,0,0,0,0.296516636815472,0,0.889192206877189,-0.128322010923756,-0.004256904507842,-0.228448396780668,0,0
0,0,0,0,0,0,0,0,0.405686457550023,0,0,0,0,0,0,0,0,0,0,0,0,0,0,0,0,-1.6595873495992,0,0,0,0,-0.3362266837157,0,0,0,0,-0.261019232398762,0,0.13391052041163,0,0,0,0,0,-0.221517367018974,0,0,2.11676884111264,0,0,0,0,0,-0.644505481854687,0,0,0,-1.01746695274241,0,0,-1.4728928479585,0,0,-0.067789427527736,0,0,0,0,0,0,0,0,0,0,0,0,0,0,0,0,0,0,0,0,0,0,0,0,0,0.358469225968939,0,0,-0.326193518742494,0,0,0,-0.696159301851834,0,0,0,0,0,0,0,0,0,0,0,0,1.09656501387077,0,0,0,0,0,0,0,0,0,0,0,0,0,0,0,0,0,-0.292491617391729,0,0,0,0,0,0,0,0,0,0,0,0,0,0,0,0,0,0,0,0,0,0,0,-0.180488135297717,0,0,0,-0.0601284010936798,0,0,0,0,0,0,0,0.808154045657373,0,0,0,-0.0727043317675462,0,0.0316788197646294,0,0,0,0,0,0,0.098804708222539,0,0,0,0,0,0,0,0,0,0,0,0,0,0,0,0,0,-0.0581737438772509,0.200500003328943,-0.412003222787924,0,0,0,0
0,0,0,0,0,0,0,0,0,0,0,0,0,0,0,0,0,0,0,0,0,0,0,0,0,0,0,0,-0.0786684920619529,0,-0.201402381187757,0,0,0,0,0,0,0,0,0,0,0,0,0,0,0,0,0,0,0,0,0,0,0,0,0,0,0,0,0,0,0,0,0,0,0,0,0,0,0,0,0,0,0,0,0,0,0,0,0,0,0,0,0,0,0,0,0,0,0,0,0,0,0,0,0,0,0,0,0,0.0294713697355959,0,0,0,0,0,0,0,0,0,0,0.348479728140076,0,0,0,0,0,0,0,0,0,0,0.0359192094914722,0,0,0,0,0,0,-0.137670003085383,0,0,0,0,0,0,0,0,0,-0.0472754491792926,0,0,0,-0.577397489104117,0,0,0,0,0,0,0,0,0,0,0,0,0,0,0,0,0,0,0,0,0,0,0,0,0,0,0,0,0,0,0,0,0,0,0,0,0,0,0,0,0,0,0,0,0,0.24744689995572,0,0,0,0,0,0,0,0,0,0.336050853408012
0,0,-0.798651441284454,0,0,0,0,0,0,0,0,0,0,0,0,0,0,0,0,0,0,0,0,0,0,-0.24923504992331,-0.0559016083371349,0,0,0,-0.409782152858865,0,0,0,0,0,0,0,0,0,0,0,0,0,-0.156202779084657,0,-0.368713499813368,0,0,0,0,0,0,0,0,0,0,0,0,0,0,0,0,0,0,0,0,0,0,0,0.24908711252567,0,0,0,0,0,0,0,0,0,0,0,0,0,0,0,0,0,0,0,0,0,0,0,0,0,0,0,0,0,0,0,0,0,0,0.370558003362157,0,0,0,0,0,0,0,0,-0.169215941836647,0,0,0,0,0,0,0,0,0,0,0,0,0,0,0,0,0,0,0,0,0,0,0,0,0,0,0,0,-0.0190942663777951,0,0,0,0,0,0,0,0,0,0,0,0,0,0,0,0,0,0,0,0,0,0,0,0,0,0,0,0,0,0,0,0.0134678468509253,0,0,0,0,0,0,0,0,0,0,0,0,0,0.209392520279099,0,0,0,0,0,0,0,0,0,0
0,0,0,0,0,0,0,0,0,0,0,0,0,0,0,0,0,0,0,0,0,0,0,0,0,0,0,0.423587538724479,0,0,0,0,0,0,0,0,0,0,0,0,0,0,0,0,0,0,0,0,0,0.231621340928881,-0.687132494094951,0,0,-0.18937667243335,0,0,0,0,0,-0.762076314068474,0,0,0,0,0,0,-0.0618972672235587,0,0,0,0,0,0,0,0,0.873226228736968,0,0,0,0,0,0,0,0,0,0.166068331583205,0,0,0,0,0,0,0,0,0,0,0,0,0,0,0,0,1.60676275278228,1.26430051664662,0,0,0,0,0,0,0,0.673151261519423,0,0,0,0,0,0,0,0,0,0.156499184603927,0,0,0,0.399821141193289,0,-1.00770999184336,0,0,0,0,0,0,-0.0371904367420826,0,-0.301734459366743,0,0,0,0,0,0,0,0,0,0,0,0,0,0,0,0,0,0,0,0,0,0,0,0,0,0,0,0,0,0,0,0.0717758318171509,0,0,0,0,0,0,-0.685994159368675,0,0,0,0,0,0,0,0,0,0,-0.707892144256361,0,0,0,0,0,0,0,0,0,-0.696634045873576,0,0,0
0,0,0,0,0,0,0,0,0,0.133155677629007,3.09356130598096,0,0,0,0,0,0,0,0,-0.133347574693327,0,0,0,0,0,0,-0.627831008330246,0,0,0,0,0,0,0,0,0,0,0,0,0,0,0,0,-0.43161429655252,0,0,0,0,0,0,0,0,0,0,0,0,0,0,0,0,0,0,0,0,0,0,0,0,0,0,0,0,0,0,0,0,0,0,-0.959404053935022,0,0,0,0,0,0,0,0,0,0.729105161991949,0,0,0,0,0,0,0,0,0,0,0,0,0,0,0,0,0,0,0,0,0,0,0,0,0,-0.0989556089750772,0,0,0,0,0,0,0,0,0,0,0,0,0,0,-0.344232826157717,0,0,0,0,0,0,0,0,0,0,0,0,0,0,0,0,0,0,0,-0.105620384713367,0,0,0,0,0,0,0,0,0,-0.0694517770847685,0,0,0,0,0,0,0,0,0,0,0,0,0,0,0,0,0,0,0,0,0,0,0,0,0,0,-0.0490226236855043,0,0,0,-0.164392904451936,0,0,0,0,0,0,0,0,0
0,0,-0.302713622060331,0,0,0,0,0,0,-0.636187474972855,0.140309094814185,-0.138743879529539,0,0,0,0,-0.00660039854598238,0,0,0,0,0,0,0,0,-1.36891350969346,0,0,1.01521032219989,0,0,-0.10560829383029,0,-0.288434595638639,0,0,0,0,0,0,-0.132437844016171,0,0,0,-0.286317074492102,0,0,0,0,0,0,0,0,0,0,0,-0.944178215711609,0,0,-0.350140999348212,0.195619707008147,0,0,0,0,0,0,0,-0.0653730659040896,0,0.751712985083275,0,0,0,0,0,0,0,-0.706792140351962,0,0,0,0,0,0,0,0,0,0,0,0,0,0,0,0,-0.705377762832021,0,0,0,0,0.590213895431853,0,0,0,0,0,0,0,0,0.0265987000746191,0,0,0,0,0,0.267201121641846,0,0,-0.109884948044932,0,0,-1.45574207086132,0.884127862116708,0,0,0,0,0,0,0,0,0,0,0,0,0,0,0,0,-0.957761326090463,0,0,0,0,0,0,0,0,0,0,0,0,0,0,0.0668564862302226,0,0,0,0,-0.659693520909134,0,0,0,0,0,0,0,-0.496747915703833,0,0,0,0,0,0,0,0,0,0,0,0,0,-0.941085055611035,0,0.0595418171761508,0,0,0,0,0,0,0.112272511782084,0,0,0,0,0,0,0,0.471568619573067,0.762677011612918
0,0,0,0,0,0,0,0,0,0,0,0,0,0,0,0,0,0.0191179705568931,0,0,0,0,0,0,0,0,0,0,-0.0421846250132438,0,0,0,0,0,0,0,0,-0.308709697691562,0,0,0,0,0,0,0,0,-0.300388858404016,0,0,0,0,0,0,0,0,0,0,0,0,0,0,0,0,0,0,0,0,0,0,0,0,0,0,0,0,0,0,0,0,0,0,0,0,0,0,0,0,0,0,0,0,0,0,0,0,0,0,0,0,0,0,0,0,0,0,0.291829749065407,0,0,0,0,0,0,0,0,0,0,0,0,-0.158997586398135,0,0,0,0,0,0,0,0,0,0,0,0,0,0,0,0,0,0,0,0,-1.17665994500431,0,0,0,0,0,0,0,0,0,0,0,0,0,0,0,0,0,0,0,0,0,0,0,0,0,0,0,0,0,0,0,0,0,0.28505892254287,0,0,0,-0.557710174884624,0,0,0,0,0,0,0,0,0,0,0,0,0,0,0,0,0,0,0,0,0.701220377210693,0.591768078370207
0,0,0,0,0,0,0.119291189849547,0,0,0,0,0,0,0,0,0,0,0,0,0,0,0,0,0,0,-1.33200037299595,0,0,-0.126516552991224,0,0,0,0,0,0,0,0,0,0,0,0,0,0,0,0,0,0,0,0,0,0,0,0,0,0,0,0,0,0,0,0,0,0,0,0,0,0,0,0,0,0,0,0,0,0,0,0,0.208167121856045,0,0,0,0,0,0,0,0,0,-0.603717906136537,0,0,0,0,0,0,0,0,0,0,0,0,0,0,0,0,0,0.456496506410511,0,-0.981875641194637,0,0,0,0,0,0,0,0,0,0,0,0,0,0,0,0,0,0,-0.0304724904661502,0,0,0,0,0.71233263747647,0,0,0,0,0,0,0,0,0,0,0,0,0,0,0,0,0,0,0,0,0,0,0.728621986810568,0,0,0,0,-0.918905862249872,0,0,0,0,0,0,0,0,0.784183284542742,0,-0.293854003238805,0,0,0.935710480607807,0,0,0,0,0,0,0,0,0,0,0,-0.0192855943765053,0,0.245585243160737,0,0.142231977480283,0,0,0,0,0.711027860144584,0,0,0,0,0
0,0,0,0,0,0,0,0,0,0,0,0,0,0,0,0,0,0,0,0,0,0,0,-0.367448883316399,0,0,0,0.0148364585763825,0,0,0,0,0,-0.211346342897296,0,0,0,0,0,0,0,-0.231872812867238,0,0,0,0,0,0,0,0,0,0,0,0,0,0,0,0,0,-0.418502604206998,0,0,0,0,0,0,0,0,0,0,0,0,0,0,0,0,0,0,0,-1.83355519997693,0,0,0,0,0.15379666196591,0,0,0,0,0,0,0,0,0,-0.0472571793874776,0,0,0,0,0,0,0,0,0,0,0,0,0,0,0,0,0.822896396178831,0,0,0,0,0,0,0,-1.04256413431261,0,0,0,0,0,0,0,0,0,0,0,0,0,0,0,0,0,0,0,0,0,0,0,0.132427708574236,0,0,0,0,0,0,0,0,0,0,0.35353509499621,0,0.0249345923954458,0,0,0,0,0,0,0,0,0,0,0,0,0,0,0,0,0,0,0,0,0,0,0,0,0,0,0,0,0,-0.544956929766733,0,0,0,0,0,-0.0817675693554516,0,0,0,0,0,0,0
0,0,-0.0136601698997547,0,0,0,0,3.51424407696428,0,0,0,0,0,0,0,0,-0.95788419847194,0,-0.897628124934428,1.22899150920748,-1.8639826392887,0,0,0,0,0,0,0,0,0,0,0.945107163231993,0,0,0,0,0,0,0,0.137885349762868,0.711476777766936,-2.23069715269276,0,0,0,0,1.59253193463098,-19.8031337616925,0,0,0,0,0,-3.26213438890685,0,0,-1.61249465807864,0,-0.248725004887612,0,0.4604386943477,0.342278340019597,0,0,0,0,-0.489351267246718,0,0,0,0.143509186777207,0,0.484777701809296,0,0,0,0,0,0,-1.29308114090371,0,0,0.80762388618807,-1.06456796378633,0,0,0,-0.784466800740461,0,0,0.123025151297076,4.72661640506687,0,0.145209047130006,-0.320928583566467,-0.308196632938109,0,0,0,0,0,0,0,0,0,1.48361500109064,0.355823664449059,0,0,0.520352542977136,0,-0.325923238383275,0,0,-1.09292652749653,0,0,0,0,0,0,0,0,0,0,0,0,0,0,0,0,0.607047561430802,0,0,0,0,0,0,0,-1.42954450148048,0,0,0,-3.45237182122528,0.435156723959933,0.111424120038809,0,0,0.388392540089632,-0.227289708705784,0,0,0,0,-1.37121301957497,0,0,0,0.742587764928715,0,0.819720995493423,-0.723623915791279,2.7877558090774,0,0,0,0,0,-1.95247553635902,0,0,0,0,0,0,-0.195234967447643,0,0,0,0,0,0,0,0,1.69879996190291,-2.50834664574943,0,-0.239892480032587,0,0,0,0,-2.25060002552335,0,0,0,0,0,0,0.534499329079928
0,0,0,0,0,0,0,0.653563198943268,0,0,0,0,0,0,0,0,0,0,0,0,-0.281025549089172,0,0,0,-1.16916705228416,0.0705882660960775,0.112375666054759,0,0,0,-0.912168333971447,0,0,0,0,0,0,0,0,0,0.470113764283024,0,0,0,0,0,0,-16.2349919205427,0,0.133310295472695,0,0,0,-3.19657233450593,0,0,0,0,0,0,0,0,0,0,0,0,-0.827973204749894,0,0,0,0,0,0,0,0,0.00531550348146581,0,0,1.49034232370932,0,0,0,0,-0.408097203544622,0.791174947194677,0,0,-1.09804915496126,0,0,0,1.66369426992499,0,0,0,0,0,0,-0.246690355409551,0,0,0,0,0.382045729570693,0,1.75349958219561,0.415226172025511,0,0,0,0,0,0,0,0,0,0,0,0,0,0,0,0,0,0,0,-0.93658268188001,0,0,0,-0.982075173422081,0.533859330632666,0,0,0.0886718172868421,0,0,0,0,-0.54200592481613,0,0,0,-0.48871141446612,0,0,0,-0.919904524239765,0,0,0,0,0,0,0,-0.0233451777893627,0.910647894707841,-0.135050021795284,0,0,0.129078899527319,-0.210309685132637,0.0887934749488148,0,0,0,0,0,0,0,0,0,0,0,0,0,-0.659115802112068,0,0,0,0,-0.192283181766143,0,0,0,0,0,0,0,0.173282849791347,0,0,-0.614629674144203,-0.14810899471691,0,0,0,0,0,0
0,0,0,0,0,0,0,0,0,0,0,0,0,0,-0.357803008119409,0,0,0,0,0,0,0,0,0,0,0,0,0,0,0,0,0,0,0,0,0,0,-0.128530608783353,0,0,0,0,0,0,0,0,0,0,0,0,0,0,0,0,0,0,0,-0.748585367544149,0,-0.939502923895952,0,0,0,0,0,0,0,0,0,0,0,0,0,0,0.885649441450634,0,0,0,0,0,0,0,0.221927423158112,0,0,0,0,0,0,-0.0323034602590819,0,-0.148877409147598,0,0,0,0,0,0,0,2.06151478420686,0.470403772599745,0,0,0,0,0.159073685147092,0.867117254255232,0,1.40171281494387,0,0,0,0,0,0,0,0,0,0,0,0,0,0,0,0,0,0,0,0,0,0,0,0,0,0,0,0,0,0,0,0,0,0,0,0,0,0,0,0,0,0,0,0,0,0,0,0,0,0,0,0,0,0,0,0,0,-0.625883046615356,-0.356243831402262,0,0,0,0,0,0,0,0,0,-0.407307949873133,0,0,0,0,0,0,0,0,-0.950704902123003,0,0,1.06820123775974,0,0,0,0,0,-0.533181922149137,0,0,0,0
0,0,0,0,0,0,0,0,-0.222150030878975,0,0,0,0,0,0,0,0,0,0,0,0,0,0,0,0,0,-0.221877066025966,0,0,0,0,0,0,0,0,0,0,0,0,0,0,0,0,0,0,0,0,0,0,0,0,0,0,0,0,0,0,-0.736634651362349,0,0,0,0,0,0,0,0,0,0,0,0,0,0,0,0,0,0,0,0,0,0,0,0,0,0,0,0,0,0,0,0,0,0,0,0,0,0,0,0,0,0,0,0,0,0,0,0,0,0,0,0,0,0,0,0,0,0,0,0,0,0,0,0,0,0,0,0,0,0,0,0,0,0,0,0,0,0,0,0,0,0,0,0,0,0,0,0,0,0,0,0,0,0,0,0,0,0,0,0,0,0,0,0,0,0,0,0,-1.23839845700752,0,0,0,0,0,0,-0.402525706416568,0,0,0,0,0,0,0,0,0,0,0,0,-0.573823623501012,0,0,0,0,0,0,0,0,0,0,0,0,0
0,0,0,0,-3.53263658068204,0,0,0,0,0,0,0,-0.377929883309837,0,0,0,0,-0.930537165613647,0,0,0,0,0,0,0,0,0,1.03106220325194,0,0,-0.530179104406649,0,0,0,0,0,0,0,0,0,0,-0.517642089602422,0,0,0.0151932719916783,0,0,0,0,0,0,0,0,0.23351842919925,-0.138402615847224,0.462286683512851,0,0,0.268265723799001,-0.468214818010657,0,0,0,0,0,0,0,0,0,0,0,0,0,0,0,0,0,0.0264125172484437,0,-0.696095400957651,0,0,0,0,0,0,0,0,0.100196985770284,0,0,-0.351780510811772,-0.332866316247022,0,0,0,0,0.481413428658402,0,0,0,0,0,2.50530691327434,-1.37560581203755,0.978847978668477,0.181874116551662,0.808641096731446,1.14098621351551,0,0,0,0,0,0,0,0,0,0,0,0,0,0,0,0,0,-0.0343400250431338,0,0,0,0,0,0,0,0,0,0,0,0,0,0,0,0,0,0,0,0,0.00878021132172591,0,0,0,0,0,0,0,0,0,0,0,-1.50933487218609,0,-0.247730890668745,0,0,0,0,0,0,1.09703832190791,0,0,-1.48205349799982,0,0,0,0,0,0,-0.215439847497322,0,0,0,0,0,0,0,-0.380005074445205,0,0,2.03918075431804,-0.256270858922741,0,0,0,0,0,0,0,0,1.24802571095367
0,0,0.374650828810657,0,0,0,0,0,0,0,0,0,0,0,0,0,0,0,0,0,0,0,0,0,0,0,0,0,0,0,0,0,0,-0.951887257584754,0,0,0,0,0,0,0,0,0,0,0,0,0,0,0,0,0,0,0,0,0,0,0,0,0,0,0,0,0,0,0,0,0,0,0,0,0,0,0,0,0,0,0,0,0,0.091033969318101,0,0,0,0,0,-0.0391178424987828,0,0,0,0,0,0,0,0,0,0,0,0,0,0,0,0,0,0,0.526052254003455,0,-0.50339866854833,0,0.134485240829789,0,0,0,0,0,0,0,0,0,0.0678609991632915,0,0,0,0.591721355105266,0,0,0,0,0,0,0,0,0,0,0,0,0,-0.737107099291081,0,0,0,0,0,0,0,0,0,0,-0.337694787382013,0,0,0,0,0.692079823753101,0,0.668912934660867,0,0,0,0,0,0,-0.0395177901470281,0,0,0,0,0,0,0,0,-0.0835125130892687,0,0,0,0,0,0,0,0,0,0,0,-1.21309773168593,0,0,0,0,0,0,0,0,0,0,0,0,0,0,0,0,0
0,0,0.413947856851662,0,0,0,0.0997841283167609,0,0,0,0,0,0,0,0,0,-0.207826802675344,0,0,0,0,0,0,0,0,0,0,0,0,0,0,0,0,-1.00869911946367,0,0,0,0,0,0,0,0,0,-0.0718837748937864,0,0.708858522269976,0,0,0,0,0,0,0,0,0,0,0,0,0,0,0,0,0,0,0,0,0,0,0.355142198312324,0,-0.0428767487611059,0,0,0,0,0,0,0,0,0,-0.583241367354227,0,0,0.199312421966618,0,0,0,0,0,0,0,0,0,0,0,0,0,0,0,-0.41099243403293,0,0,0,0,0,0,0,0,0.643668739125561,0,0,0,0,0,-0.493102407271144,0,0,0,0,-0.00841552352335406,0,0,0,0,0,0,0,0,0,0.0208376511870549,0,0,0,0,0,0,0,0,0,0,-0.0975885741766718,0,0,0.260905482641855,0,0,0,0,0,-0.258776503670458,0,0,0,0,0,0.404920423781393,0,0,0,0.16350679499874,0,-0.460644528544589,0,0,0,0,0,0,0,0,0,0,0,-0.0555576883332087,0,0.696980616817087,0,0,0,0,0,0,0,0,0,0,0,0,0,0,0,0,-1.00460124041502,-0.519324614401204,0,0,0,0,0,0
0,0,0,0,2.15761177579746,0,0,0,0,0,0,0,0,-0.177117032329357,0,0,0,0,0,0,0,0,0,0,1.01793428075952,0,0,0,0,0,0,0,0,0,0,0,-0.0101149823166911,-1.3420926387157,0,0,0,-0.236753519900784,0,0,0,0,0,0,0,0,0,0,0,0,0,0,0,0,-0.524939488724469,-0.508865928691554,0,0,0.516137572941943,0,0,0,-0.221716327541361,0,0,0,0.120678854157049,0,0,0,0,0,0,0,0,1.20507678438609,0,0,0,0,0,-0.780359613241102,0,0,0,0,0,0,0,0,-0.565662533205274,0,0,0,0,0,0,0,0,0,0,0,0,0,1.45791305783357,0,0,0,0,0,-0.0863079304014216,0,0,0,0,0,0,0,0,0,0,0,-0.66330157670988,0,0,0,0,0.694474991800023,0,0,0,-0.025509685252032,0,0,0,0,0.055819793202702,0,0,0.162706525811017,0,0,0,-1.29447353107531,0,0,0,0,0,0,-0.122417256980985,0,0,0,0,0,0,0,0,0,0,0,0,0,0,0,0,0,0,-0.613536668366824,0.369629499564412,0,0,0,0,0,0,0,0,0,0,0,0,0,0,0,0,0,0,0,0,-1.23664624705556,0,0,0,0
0,0,0,0,0,0,0,0,0,0,0,0,0,0,0,0,-0.186164512874285,0,0,0,0,-0.179084581477573,0,0,0,0,0,0.0100131535026446,0,0,0,0,0,0,0,0,0,0,0,0,0,0,0,0,0,0,0,0,0,0,0,0,0,0,0,0.0229412849114274,0,-0.556821284463421,0,0,0,0,0,0,0,0,0,0,0,0,0,0,0,0,0,0,0,0,-0.0788179057654461,0,0,0,0,0,0,0,0,0,0,0,0,0,0,0,0,0,0,0,0,0,0,0,0,0,0,0,0,0,0,0.140559397140103,0,0,0,0,0,0.649334288634017,0,0,0,0,0,0,0,0,0,0,0,0,0,0,0,0.578744231589934,-0.421352185451037,0,0,0,0,0,0,0,0,0,0,0,0,0,0,0,0,0,0,0,0,0,0,0,0,0,0,0,0,0,0,0,0,0,-2.74010686574018,0,0,0,0,0,0,0,0,0,0,0,0,0,0,0,0,0,0,0,-0.403213491323945,0,0,0,0,0,0,0,0.390267171698324,0,0,0,0,0
0,0,0,0,0,0,0.0486671493832853,0,0,0,0,0,0,0,0,0,0,0,0,0,0,0,0,0,0,0,0,0,0,0,0,0,0,0,0,0,0,0,0,0,0,0,0,0,0,0,0,0,0,0,0,0,0,0,0,0,0,0,0,-0.87789635247398,0,0,0,0,0,0,-1.0286046448792,0,0,0,0,0,0,0,-0.546779081663619,0,0,0,0.0268209371521562,0,2.34562697295291,0,0,0,0,0.768972508274161,0,0,0,0,0,0,0,0,-0.0998598375873518,0,0,0,0,0,0,1.04913627785638,0,0,0,-0.0761847253503543,0,0,0,0,0,0,0,0,0,-0.837737693729602,0,0,0,0,1.56152446655869,0,0,0,0,0,0,0,0,0,0,0,0.048023561598812,0,0,0,0,0,0,0,0,0,0,0,0,0,0,-0.368838226183564,0,-0.151317427686777,0,0,0,0,0,0,0.510190448438321,0,0,0.241566031634086,0,0,0,0,0,0,-0.461331140431559,0,0,0,0,0,0,0,0,0,0,-2.91345391102972,0,0,0,0,0,-0.705699233578674,0,0,-0.827572477447625,0,0,0,0,0,0,0,0,0,0,0,0,0
0,0,0,0,0,0,0,0,0,0,0,0,0,0,0,0,0,0,0,0,0,0,0,0,0,0,0,0,0,0,0,0,0,0,0,0,0,0,0,0,0,0,0,0,0,0,0,0,0,0,0,0,0,0,0,0,0,0,0,-0.205137545319365,0,0,0,0,0,0,0,0,0,0,0,0,0,0,0,0,0,0,0,0,0,0,0,0,0,0,-0.369340586167744,0,0,0,0,0,0,0,0,0,0,0,0,0,0,0,0,0,0,0,0,0,0,0,0,0,0,0,0,0,0,0,0,0,0,0,0,0,0,0,0,0,0,-0.111752572265442,0,0,0,0,0,0,0,0,0,0,0,0,0,0,0,0,0,0,0,0,0,0,0,0,0,0,0,0,0,0,0,0,0,0,0,0,0,0,0,0,0,0,0,0,0,0,0,0,0,0,0,0,0,0,-0.0601845511484824,0,-0.793151108091547,0,0,0,0,0,0,0,0,0,0,0,0,0
0,0,0,0,0,0,0,0,0,0,0,0,0,0,0,0,0,0,0,0,0,0,0,0,0,0,0,0,0,0,0,0,0,0,0,0,0,-0.30018995544313,0,0,0,0,0,0,0,0,0,-0.188650371901639,0,0,0,0,0,0,0,0,0,0,0,-0.0938646717261036,0,0,0,-0.496436007613053,0,0,0,0,0,0,0,0,0,0,0,0,0,0,0,0,0,0,0,0,0,0,-0.16060921577433,0,0,0,0,0,0,0,0,0,0,0,0,0,0,-0.570696664264496,0,0,0,0,0,0,0,0,0,0,0,0,-0.455600595619302,0,0,0,0,0,0,0,0,0,0,0,0,0,0,-0.119206676433086,0,0,0,0,0,0,0,0,0,0,0,0,0,-1.89415625429914,0,0,0,0,0,0,0,0,0,0,0,0,0,0,0,0,0,0,0,0,0,0,0,0,0,0,0,0,0,0,0,0,0,0,0,0,0,-0.310753589686021,0.0371358761926546,0,0,-0.186605016208546,-0.392579902928781,0,0,0,0,0,0,0,0,0.00169494682766613,0,0,0,0
0,0,0,0,0,0,0,0,0,0,0,0,0,0,0,0,0,0,0,0,0,0,0,0,0,0,0,0,0,0,0,0,0,0,0,0,0,0,0,0,0,0,0,0,0,0,0,0,0,0,0,0,0,0,0,0,0,0,0,0,0,0,0,0,0,0,0,0,0,0,0,0,0,0,0,0,0,0,0,0,0,0,0,0,0,0,0,0,0,0,0,0,0,0,0,0.164483870594057,0,0,0,0,0,0,0,0,0,0,0,0,0,0,0,0,0,0,0,0,0,0,0,0,0,0,0,0,0,0,0,0,0,0,0,0,0.336273391881283,0,0,0,0,0,0,0,0,0,0,0,0,0,0,0.458471373273879,0,0,0,0,0,0,0,0,0,0,0,0,0,0,0,0,0,0,0,0,0,0,0,0,0,0,0,0,0,0,0,0,0,0,0,0,0,0,-0.595542348254837,0,0,0,0,0,0,0,0,0,0,0,0,0
0,0,0,0,0,0,0,-0.161619972603503,0,0,0,0,0,0,0,0,0,0,0,0,0,0,0,0,0,0,0,0,0,0,0,0,0,0,0,0,0,0,0,0,0,0,0,0,0,0,0,0,0,0,0,0,0,0,0,0,0,0,0,0,0,0,0,-0.0222380824513688,0,0,0,0,0,0,0,0,0,0,0,0,0,0,0,0,0,0,0,0,0,0,0,0,0,0,0,0,0,0,0,0.109080416297288,0,0,0,0,0.0394198330936155,0,0,0,0,0,0,0,0,0,0,-0.189068479329301,0,0,0,0,0,0,0,0,0,0,0,0,0,0.0334911899204917,0,0,0,0,0,-0.130610380998579,0.422620586507333,0,0,0,0,0,0,0,0,0.162947288914455,0,0,0,0,0,0.0265791640911301,0,0,0,0,0,0,0,0,0,0,0,0,0,0,0,0,0,0,0,0,0,0,0,0,0,0,0,0,0,0,0,0,0,0,0,0,0,0,-0.310152986179458,0,0,0,0,0,0,0,0,0,0,0,0,0
0,0,0,0,0,0,0,-0.0255023261186589,0,0,0,0,0,0,0,0,0,0,0,0,0,0,0,0,0,0,0,0,0,0,-0.488393563504263,0,0,-1.64236888123692,0,0,0,-0.657363579809372,0,0,0,0,0,-0.190060623033818,0,-0.157415481310715,0,0,0,0,0,0,0,0,0,-0.877145703449037,0,0,0,0,0,-0.317742153507811,0,0,0,0,0,0,0,0,0,0,0,0,0,0,0,0,1.46203820554178,0,-0.812607513980311,0,0,-1.89299287251725,0,-0.902688059067428,0,0,0,-1.05042398043667,0,-0.198023625023541,0,0,0,0,0,-0.0709298328084427,0,0,0,0,0,0,0,0,0,0,0,0,0,0,0,0,-0.209677781155897,0.087136178509289,0,-1.35551687080724,0,0,0,0,0,-0.120426105000817,0,0,0,0,0,0,0,0,0,0,0,0,-0.0196484455548769,0,0,0,0,0,0,0,0,0,0,0,0,-0.149818411333093,1.44093801907862,0,0,0,0.373698875671537,0,0,0,0,0,-0.542071328204384,0,0.107564271877182,0,0,0,0,0,0,0,0,0,0,0,0,0,0,-0.240268052271366,0,0,0,0,0,0,0,0,-1.0239761094546,0,0,0.701438820928884,0,0,0.102428214607335,0,0,-3.37962074637815,0,0,0,0
0,0,0.901101281546098,0,0,0,0,0,0,0,0,0,0,0,0,0,0,0,0,0,0,0,0,0,0,0,0.111868468672115,0,0,0,0,0,0,0,0,0,0,0,0,0,0,0,0,0,0,0,0,0,0,0,0,0,0,-0.371753031736598,0,0,0,0,0,-0.280872447454767,0,0,0,0,0,0,0,0,0,0,0,0,0,0,0,0,0,0,0.568939331421529,0.847727872630807,0,0,0,0,0,0,0,0,0,0,0,0,0,0,0,0,0,-0.257110864324611,0,0,0,0,0,0,0,0,0,0.110375988663962,0,0,0,0,0,0,0,0,0,-4.84514618469269,0,0,0,0,0,0,0,0,0,0,0.164272612066001,0,0,0,0,0,0,0,0.902389703120932,0,0,0,-0.154563347777306,0,0,-0.415693527205528,0,0,0,0,0,0,0,0,0,0,0.210729250146988,1.12118774960465,0,0,0,0,0,0,0,0,0,0,0,0,0,0,-0.540405986576396,0,0,0,0.696021243933198,-0.0343543841209637,-0.000515574510987937,0,0,-0.195800647288258,0,0,0,0,0,0,-1.27726426218696,0,0,0.324519862674924,0,0,0,0,0,0,-0.206328905205893,0,0,0
0,0,0,0,0,0,0,0,0,0,0,0,0,0,0,0,0,0,0,0,0,0,0,0,-0.0137490222980858,0,0,0,0,0,0,0,0,0,0,0,0,-0.180690248855551,0,0,0,0,0,0,0,0,0,0,0,0,0,0,0,0,0,-0.0194974455901888,0,0,0,-0.50784815732111,0,0,0,0,0,0,0,0,0,0,0,0,0,0,0,0,0,0,0,0,0,0,0,0,0.829660906602073,0,0,0,0,-0.252595039731523,0,0,0,0,0,0,0,0,0,0,0,0.00878372965883156,0,0,0,0,0,0,0,0,0,0,0,0,0,0,0,-0.388315657182204,0,0,0,0,0,0,0,0,0,0,0,0,0,0,0,0,0,0,0.241278412872269,0,0,0,0,0,0,0,0,0,0,0,0,0,0,0,0,0,0,0,0,0,0,0,0,0,0,0,0,0,0,0,0,0,0,0,0,0,0,0,0,0,0,0,0,-0.0799819039871661,0,0,0,0,-0.594257151613929,-0.0743007136352578,0,0.520351494140974,0,0,0,0,0,0,0,0,0,-0.00465091058139855
0,0,0,0,0,0,0,0,0,0,0,0,0,0,0,0,0,0,0,0,0,-0.13668367129189,0,0,0,0,0,0,0,0,0,0,0,0,0,0,0,0,0,0,0,0,0,0,0,-0.0848455032789104,0,0,0,0,0,0,0,0,0,0,0,0,0,0,0,0,0,0,0,0,-0.151604712660736,0,0,0,0,0,0,0,0,0,0,-0.234528717981354,0,0,0,0,0,0,0,0,0,0.350215192286096,0,0,0,0,0,0,0,0,0,0,0,0,0,0,0,0,0,0,0,0,0,0,0,0,0,0,-0.563925137257487,0,0,0,0,0,0,0,0,0,0,0,0,0,0,-0.315253275282327,0,0,0,0,0,0,0,0,0,0,0,0,0,0,0,0,0,0,0,0,0,0,0,0,0,0,0,0,0,0,0,0,0,0,0,0,0,0,0,0,0,0,0,0,0,0,0,0,0,0,0,0,0,0,0,0,-0.42333597524548,0.204507084394703,0,0,0,0,0,0,0,0,0,0,0,0
0,1.55939821757034,0,0,0,0,0,5.22384883091559,1.58835582543213,0,0,0,0.204752595701505,0,-0.620281128561639,0,0.366880916833552,0,0,1.19258188351133,0,0,0.103778008531581,0,0,0,0,-3.42453271337166,0,0,-0.216675863312899,0,0,-3.96913897374988,0,-0.597888724647052,0,1.5251544870844,0,0,0,-0.547021064817391,0,1.99578419925783,0,3.51895613811117,0,0,0.356328508517092,0,0,0,-0.113234136851419,-1.32340476191117,0,0,-0.0611176794543653,0,0,0,-0.319294236863964,0,0,3.77288224155033,0,0,0,0,0,0,-1.5698559998511,0,0,0,0,0,0,0,0,0,0,0,0,0,0,0,0,2.3896805292945,-3.12434833804104,-1.89896613110266,1.28266009038255,0,0,-1.80305233233032,0,-3.93267500665404,0.29863857124361,1.84963409671236,-0.499160567789452,0,-1.1658148043378,-0.306026892328275,0,0,0,-2.48267323404702,0,0.48990913002014,7.80044290213669,0,0,0,-0.745617270011151,0,0,0.00974558448252849,0,0,0.115562162692831,0,0,-1.21420080663844,0,-0.715854027213517,0,0,0,0,0,0,0,-7.7589214167438,0,-0.592975822881247,0,-0.0096288592617082,0,0.453300916590881,0,-1.19260351044765,0,0,0,0,0,0,0,-0.898675246498672,-2.31718486645903,0,-1.36161165390118,0.054393839135366,0,0,0,0,0,0.433604107708247,7.69286885072747,0,0,0,0,0,0,0,0,0.586717821169673,0,-0.0785537001844272,-1.59778609137999,0,0,0,0.333736047396065,0,3.43551591049885,-1.19401045188347,0,1.9162045087529,0,0,0,0.17906719824279,0,0.104055388924971,0,-0.383713308571872,2.6769242769964,0.579160638848591,0.0665775238008666,0,0,-0.340287852299369,0,1.17459640692165,0,0,0,3.10255252081009
0,0,0,0,0,0,0,0,3.30282575122666,0,0,0,0,0.353989641214869,0,0,0,0,-0.581121769452807,1.34587392236918,0,0,0.463250261709641,0,0,-1.53476345728679,0,-0.337164742834846,-1.05074536314184,0,0,-0.272087335426056,0,-4.39355552494357,0,0,0,0,0,0,0,-0.966655256877788,0,0,1.59382242807023,0,0,0,0,0,0,0,0,-2.20642481645482,0,0,0,0,0,-0.312208679333836,-0.564344462237053,0,0,2.29137950031574,-1.49333302743914,0,0,0,0,0,0,0,0.269715456144535,0,0,0,0,0,0,0,0,0,0,-0.198225315598665,-1.37037904806114,0,0,0,-1.76541162737892,0,0.904508481475829,0,0,-1.45640579818794,0,-4.15420680154802,0,2.17702358240145,0,0,-0.216147295420535,-0.894089815837839,0,0,0,0,0,-0.214080595646326,4.899486534639,0,0,0,0,1.34796932750677,0,0.107939790223635,0,0.101223049505222,0,0.0230890908092876,0,0,-0.644924950335405,0,0,0,0,0,0,1.95123119966625,0,-4.94367031126131,0,0,0,0,0.252110045991776,0,0,-1.14281146452285,0,0,0,0,0,0,0,-0.0186749857879756,-1.78943041293187,0,0,0.415067863472893,-0.36444513906284,-1.24128881700568,0.413029248954136,0,0,0,4.971728744031,0,0,-1.16676268350402,0,0,0,0,0,0.145396449512356,0,0,-1.2425483283656,0,0,0,0.818179126484374,0,3.74887069780706,0,1.8499087099465,0,0,0,-0.216953389081156,0,0,0.62655116815509,0,0,0.423327960771724,1.58555251586497,0.188115198256572,0,0,0,0,0,0,-0.175838373288544,0,0
0,0,-2.84506747336466,0,0,0,0,-1.01614018230505,0,0,-0.485821263213809,0,0,1.51525827591559,0,0,0,0,0,0.841559395159031,0,0,0,0,0,0,0,-1.12856121916582,0.705537983040178,2.09295308739519,0,-0.0680546838342897,-0.3946300939717,0,0,-0.323193528389466,0.315575737595731,0,0,-0.242226950508228,-0.927248350184561,0,0,0,-1.87216454653977,0,-0.183289945416878,0,0,0,0,0.52232876578107,-0.20818156091179,0,0,2.40020666847136,0,-1.4104804516701,0.119633640174505,-0.119861629382363,0,0,0,0,0,0,-0.559589759316687,0,0,0,3.35056652205217,0,1.06735851787191,0,0,0,0,0.307902720715518,0.583108834580726,0.502140482466643,-0.356966299103885,-0.671842144594416,0,0,0,0,0,0,1.44624853275732,0,0,0,0,1.55362160607261,0,0,0,-0.499929452801228,0,1.32042024443306,1.4826330467919,-0.0830413853846439,0,0,0.354048760707569,0,0,0,-0.162680773534896,0,0,0,0,0,0,2.56525571945498,0,-2.36441847365712,-5.42025010588347,0,0,0.196459695924303,0,0,0,0,0,0,0,0,0,0,0,0,0,0,0,0,0,-1.50789536246803,0,0,0.0204021747948546,0,0,0,0,0,0,0,0,0,0,-0.955876271205357,0,-0.665415112283255,0,0,0,0,0.1436333153674,0,0,-0.317789499713521,0,0,0,0,0,-7.12747824146228,0.316590444496499,4.1184313023795,0.29280434119121,0,0,0.793159645276764,0.101398051104786,0,-1.02760389674574,0,0,-1.30406846532727,-0.677296135188822,0,0,0,-1.3299072357743,0,-1.3583585122423,-0.980910726735349,0,0,0.817627929031655,0,3.67211761943076,0,0,0,0,-0.944166438225529
0,0,-0.282715503268827,0,0,0,0,-0.801139603672661,0,0,0,0,0,0.637059445766825,0,0,0,0,0,0,0,0,0,0,0,0,0,0,0.40374679627347,0.369197270031371,0,0,0,0,0,0,0,0,0,0,0,0,0,0,-0.0570433699789001,0.459134969108106,-0.69701081962343,0,0,0,0,0,0,0,0,0.0699916025871072,-0.196506518776519,-0.143176374825612,0,-0.540804526721199,0,0,0,0,0,0,0,0,0,0,1.86665221538814,0,0,0,-1.00830481992378,0,0,0,0,0,0,0,0,-0.618513704606585,0,0,0,0,0,0,0,0,0,0.0709207946806623,0,0,0,-0.381291887703434,0,0,0.202164134856955,0,0,0,0.131163468398789,0,0,0,0,0,0,0,0,0,0,0.59393689710901,0,-0.0341181528813181,-1.62015922689498,0,0,0,0,0,0,0,0,0,0,0,0.0632442128118351,0,0,0,0.130652398135909,0,0,0,0,0,0,0,0,0,0,0,0,0,0,0,0,0,0,0,0,0,0,0,0,0,0,0,0.155594726356034,0,0,0,0,0,-0.554016391936661,-0.592140942061327,0,0.578376275232247,0,-0.444600093603144,0,0,0,0,0,0,0,0,0,0,0,0,0,0,0,0,0,0,0,0,1.04191966057156,0,0,0,0,0
0,0,0,0,0,0,0,0,0,-2.73149997368138,0,0,0,0,0,0,0,0,0,0,0,0,0,0,0,0,0,0.806833878909886,0,-1.18702359126813,0.398384618859827,0,0,0,0,0,0.14340220053744,0,0,0,0,-0.604197788545786,0,0,0,0,0,0,0,0,0,-1.0709521226982,0,0,0,0,0,0,0,-1.01927523395863,0,0,0,-1.38000939130045,-1.10738014864451,0,0,0,0,0,0,0,0,0,0,0,0,0,-0.375211770963124,0,0,0,0.0770007283785366,-1.33003039928875,0,0,0,0.118854483467377,0,0.15204981551634,0,0,-0.0772675230223958,0,0,0,0,0,0,1.83480255850042,0,0,0,0,0,-0.000241765215933221,0,-0.307295619312577,0,0,0,0.217392909079089,-0.59625616910101,-0.0724162692368002,0,0.0905049453502897,0,2.03028508126228,0,0,0,0.0307674894400145,0,0,0,2.29980932001757,0,0,-0.401786931561958,0,0,0,0.393485474559468,0,0,0.310725691337752,0,0,0,0,0.569498612533886,0.70616093769437,0.49911054800919,0,0,0,0,-0.585493842840054,0,0,0,0,0,0,0.558781467911183,-0.087499562951286,0,0,0,0,0,0,0,0,0,0,0,0,0.733712378601882,0,0,0,-0.0767824099648726,0,0,-0.0655441306287854,-0.468067884463754,0,0,0.223512997805045,0,0,0,0,0,-0.114379185708095,0,0,0,0.762183268659992,-0.338648176879916,0,0.196113486827259,0,0,0,0,-0.0798993498597884,0,0
0,0,0,0,0,-0.139469510235076,0.367437335322316,0,0,-0.433837640919374,0,0,0,0,0,0,0,0,0,0,0,0,0,0,0,0.065898860844718,0,3.03704662040289,0,-0.556025060288356,0,0,0,0,0,0,0.435926546616364,-1.13069707766198,0,0,0,0,0,0,0,0,0,0,0,0,0,-0.188314367281112,0,0,0,0,0,0,0,0,0,0,0,0,-0.0404404109548655,0,0,0,0,0,0,0,0,0,0,0,0.613120826136478,0,0,0,-0.971543799478053,0,0,0,0,-0.0728971651805388,0,0,0,0,0,0,0,0,0,0,0,0,-0.785534191324562,2.50476991115338,0,0,0,0,0,0,0,-0.470994028501764,0,0,0,0,0,-0.0176728852227008,0,0,0,2.17558124527691,0,0.406500018966721,0.163943654305088,0,0,0,0,0.952835449360486,0,0,0,0,0,0,1.42839305772118,0,-0.208812270071657,0,0,0,0,0,0,0,0,0,0,0,0,0,-0.257835786318044,0.337719581487657,0,0,0,0,0,0,0,0,0,0,0,0,0,0,0,0,-1.41437729968522,0,0,0,0,0,0,0,0,0,-0.262125329570616,0.254165768257165,0,0,0,0,0,0,0,0,0,-1.49839758733671,0,0,0,0,0,0,0,0,0,0,0,0
0,0,0,0,0,0,0,0,0.315292461617561,0.787655567941455,0,0,0,0,0,0,0,0,0,0,0,-0.0837342933968301,0,0,0,0,0,0,0,0,0,0,0,0,0,0.249441994356153,0,0,0,0,0,0,0,0,0,0,0,0,0,0,0,0,0,0,0,0,0,-1.06853386361758,0,-0.562801939806785,0,0,0,0.18660327119155,0,0,0.0492977077336463,0,-5.47019694585001,0,0,0,0,0,0,0,0,-0.318009511567259,0,0,0.0533793725528824,0,-0.1259785453083,0,0.945279905606694,0,0,0,0,0,0,0,0,0,0.0181921590351979,0.410377278312677,0,0.312657282856243,0,0,0,0,0,0,0,0,0,0,0.00176793100882167,0,0,0.247869252525663,0.141608889156757,0,-0.0716233715832404,0,0,0,0,0,-0.0156655579307647,0,0,0,0,0,0,0.278579357081497,0,0,0,0,0,0,0,-0.100669692187491,-0.659616977879173,0,0,0,0.352061995168811,0,0,-0.496880088420339,0,0,0,0,0,0,0,0,0,0,0,0,0,0,0,0,0,0,0,0,0,0,-1.12134639311717,0,0,0,0,0,0,0,0,0,0,0,0,0,0.267446591440052,0,0,0,0,0,0,0,0,0,0,0,0,0,0,0,0,0,0,0
0,0,0,0,0,0,0,0,0,0,0,0,0,0,0,0,0,0,0,0,0,0,0,0,0,0,0,0,0,0,-0.289733424506871,0,0,0,0,0,0,0,0,0,0,0,0,0,0,0,-0.232568118284009,0,0,0,0,0,0,0,0,0,0,0,0,-0.21487667545095,0,0,0,0,0,0,0,0,-1.77484277554074,0,0,0,0,0,0,0,0,0,0,0,0,0,0,0,0.108653944761147,0,0,0,0,0,0,0,0,0,0,0.286190349908548,0,0,0,0,0,0,0,0.71592669408436,0,0,0,0,0,0,0,0,0,0,0,0,0,0,0,0,0,0,0,0,0,0,0,0,0,0,0,0,0,0,0,0,0,0,0,0,0,0,0,0,0,0,0,-0.644213562425157,0,0,0,0,0,0,0,0,0,0,0,0,0,0,0,0,0,0,-0.0632592930121987,-0.0971046244470493,-0.144674197078214,0,0,0,0,0,0,0,0,0,0,0,0,0,0,0,0,0,0,0,0,0,0,0,0,0,0,0,0,0,0,0
0,0,0,0,-4.95462183583395,0.719241211733776,0,0,-0.354165480129019,0,-0.289510761090907,0,-0.156980572654958,0,0,0,0,-2.14902428683515,0,0,-1.04520477610152,0,0,0.085922739623487,-0.0494635812275521,-1.07726857098576,0,1.36640652754866,0,0,-0.701483893318797,0,0,-0.415717031464756,0,0.0168402262331948,0,0,0,0.148075329685273,-0.119971767178502,-2.1988566479041,0,-3.61398224758764,0,-0.710305536037817,3.14375457464017,0,0.761662593800414,0.217833768431631,0,0,0,0.899885511332609,-0.719561493509015,0.0418490251350014,0.406806990873132,0,0,-0.404210101244758,0,0,0,0.184081549468795,0,-0.693148469507278,0.067973193674455,0,-1.43502749826007,0,0,0,0,0,0,0,0.236820909082654,0,0.812348764250943,-2.83522756729845,0,0,0,0.711799822949166,0,1.27060502991907,0,0,0,0,0,-0.028588386213892,-0.540931387746645,0,0,0,0,1.72008515276314,0,0,-0.407359183974352,0,0.333851946631677,1.59880634188684,-0.339459855849592,1.73146278094991,0,0.389221268206926,1.04692401348109,0,0,0,0,0,-0.521848302975071,0.375805458803547,0,0,-1.04661714670214,0,-0.0858096460765065,0,0,-0.353708649212453,0,0,0,0,0,0,0,0,0,0,0,0,0,0,0,0,0,0,0,0,0,0,0,0,0,0,0,0,0,0,0,0,0,0,0,-1.5801257800945,0,0,0,0,0,0,0,0,0.134806899432368,0,0,-0.881641023887861,0,0,0,-1.73714426074227,0,0,-0.142655402614041,-0.325121759180617,0,0,0,0,-0.118436706345006,0,-0.747845322801699,0,0,0.401508017678395,-0.23127585968339,0,0,0,0,0,0,0,0.488441035673089,2.39776818056893
0,0,0,0,-3.54891892964918,0.265460840567062,0,0,0,0,-1.05824181758731,0,0,0,0,0,0,0,-0.00666430647817062,0,0,0,0,0,0,0,0,0.837199216962722,-0.374267393614181,0,-0.028512890844576,0,0,-0.369635746551574,0,0,0,0.626559664113033,0,0,0,-2.12119368072349,0,-0.343296654872798,0,-0.102543799214013,0,0,0,0,0,0,0,0,-0.176066189460505,0,0,0,0,-0.18806422663323,0,0,0,0,0,0,0,0,-0.607644744832499,0,-0.202782426651889,0,0,0,0,0,0,0,0,-0.125720008211276,0,0,0,0,0,1.07506102676164,0,-0.176127205451687,0.1784828299881,-0.0600788347522629,0,0,0,0.0116094509553371,0,0,0,0,-0.474991316838131,0,0,0,1.80455514663361,0.390975426222529,0,1.63802571030224,0,0,0.00136173997162392,0,0,0,0,0,-0.437567912381752,0,0,0.424258164146128,-0.443721014500553,0,0,0,0,0,0,0,0,0,0.317718505483335,0,0,0,0.498454390299877,0,0,0,0,0,0,0,0.274388953807542,0,0,0,0,0,0,-0.490108210815836,0,0,-0.613479004718202,0,0,0,0.718823908564346,0,0,0,0,0,0,0,-0.0577010193188914,0,0,0.0501933540825745,0,0,0.360662595451748,0,0,-0.446020073087585,0,0,0,-0.198704465871673,0,0,-0.439164880227135,0,0,0,0,0,-0.491853277085976,0,0,0,0,1.04466009425654,0,0,0,0,0.506936337948794,0,0,0,0,0.603249528907614
0,0,0,0,0,0,0,0,0,0.639854048646805,0,0,0,0,0,0,0,0,0,0,0,0,-0.0560709661441638,0,0,0,0,0,0,0,0,0,0,0,0,0,0,0,0,0,0,0,0,0,0,0,-0.41951442120044,0,0,0,0,0,0,0,0,0,0,0,0,0,0,0,0,0,0,0,0,0,0,0,0,0,0,0,0,0,0,0,0,0,0.944799186539697,0,0,0,0,0,0,0,0,0,0,0,0,0,0,0,0,0,0,0,0,0,0,0,0,0,0,0,0,0,0,0.0227556191238985,0,0,0,0,0,0,0,0,0,0,0,0,0,0,0.531075343526154,0,0,-0.00297515494433775,0.323192807735879,0,0,0,0,0,0,0,0,0,0,0,0,0,0,0,0,0,0,0,0,0,0.0418172639734009,0,0,0,0,0,0,0,0,0,0,0,0,0,0,0,0,0,0,0,0,0,0,0,0,0,0,0,0,0,0,0,0,0,-0.269833183223283,-0.737333344581366,0,0.28778977956272,0,0,0,0,0,0,0,0,0,0
0,0,0,0,0,0,0,0,-0.154819977404156,0,0.241740243725594,0,0,0,0,0,0,0,0,0,0,0,0,0,0,0,0,0,0.537869227459761,0,0.517953567144981,0,0,0,0,0,0,0,0,0,0,0,0,0,-0.183086817788509,0,-0.386919738372109,0,0,0,0,0,0,0,0,0,0,0,0,-0.146470674749473,0,0,0,0,0,0,0,0,0,0,0,0,0,0,0,0,0,0,0,0,0,0,0,0,0,0.164015573676657,0,0,0,0,0,0,0,0,0,0,0,0,0,0,0,0,0,0,0,0,0,0,0,0,0,0,0,0,0,0,0,0,0,0,0,0.0506094581612928,0,0,0,0,0,0,0,0,0,0,0,0,0,0,0,0,0,-0.213090252217003,0,0,0,0,0,0,0,0,0,0,0,0,0,0,0,0,0,0,0,0,0.193362300586692,0,0.621282789967886,0,0,0,0,0,0,0,0,0,0,0,0,0.824883390295592,0,0,0,0,0,0,0,0,0,0,0,-0.197042262799799,0,0,0,0,0,0,0,0,0,0,0,0.154072960729111
0,0,0,0,0,0,0,0,0,0,0,0,0,0,0,0,0,0,0,0,0,0,0,0,0,0,0,0,0,0,0,0,0,0,0,0,0,0,0,0,0,0,0,0.115135733064263,0,0,0,0,0,0,0,0,0.0887166158400925,0,0,0,0,0,0,-0.0686117991615629,0,0,0.455114433441554,0,0,0,0,0,0,0,0,0,-0.206662780798302,0,0,0,0,0,0,0,0,0,0,0,0,0,0,0,0,0,0,0,0,0,0,0,0,0,0,0,0,0,0,0,0,0,0,0,0,0,0,0,0,0,0,0,0,0,0,0,-0.366422317876215,0,0,0,0,0,0,0,0,0,0,0,0,0,0,0,0,0,0,0,0,0,0,0,0.0378912621008849,0,0,0,0,0,0,0,0,0,0,0,0,0,0,0,0,0,0,0,0,0,0,0,0,0,0,0,0,0,0,0,0,0,0,0,0,0,0,0,0,0,0,0,0,1.43451043609562,0,0,0,0,0,0,0,0,0,0.408050161099217
0,0,0,0,0,0,0,0,0,0,-0.0586195198495818,0,0,0,0,0,0,0,0,0,0,-0.258748010916802,0,0,0,0,0,0.209957822337292,-0.101573282107397,0,0,0,0,0,0,0,0,0,0,0,0,0,0,0,0.189169044803175,0,-0.427092120807443,0,0,0,0,0,0,0,0,0,0,0,0,0,0,0,0.0969937093803286,0,0,0,0,0,0,0,0,0,0,0,0,0,0,0,0,0,0,0,0,0,0,0,0,0,0,0,0,-0.00151644309455179,0,0,0,0,0,0,0,0,0.838298963687235,0,0,0,0,0.823713135224949,0,0,0,0,0,0,0,0,0,0,0,0,0,0,0,0,0,0,0,0,0,0,0,0,0,0,0,0,0,0,0,0,0,0,0.111299743084714,0,0,0,0,0,0,0,0,0,0,0,0,0.752692418745057,0,0,0,0,0,0,0,0,0,0,0,0,0,0.0184509844944691,0,0,0,0,0,0,0,0,0,0,0,0,0,0,0,0,0,0,0,0,0,0,0,0,0,0,0,0,0.17081962431435,0,0,0
0,0,0,0,0,0,0,0,0,0,0,0,0,0,0,0,0,0,0,0,0,0,0,0,0,0,0,0,-0.304538787917703,0,0,0,0,0,0,0,0,0,0,0,0,0,0,0,1.4731791666533,0,-0.653679943004661,0,0,0,0,0,0,0,0,0,0,0,0,0,0,-0.19854208705565,0,0,0,0,0,0,0,0,0,0,0,0,0,0,0,0,0,-0.171166298970814,0,0,0,0,0,0,0,0,0,0,0,0,0,0,0,0,0,0,0,0,0,0,0,0.000104344416496538,0,0,0,0,0,0,0,0,0,0,0,0,0,0,0,-0.291606002998411,0,0,0,0,0,0,0,0,0,0,0,0,0,0,0,0,0,0,0,-0.151842672592299,0,0,0,0,0,0,0,0,0,0,0,0,0,0,0,0,0,0,0,0,0,0,0,0,0,0,0,0,0,0,0,0,0,0,0,0,0,-0.234459191977728,0,0,0,0,0,0,0,0,-0.24296003411978,0,0,0,0,0,0,0,0,0,0,0,6.57520267969223,0
0,0,0,0,0,0.08226448294072,0,0,0,0,-1.68661242514907,0,0,0.396299530599401,-0.946509187580677,0,0,-0.398879736029464,0,0,0,0,0,0,0,-2.32735920757439,-0.608273033233373,0.431388195946643,-0.487151793267711,0,0,0,0,0,0,0,0,0,0,0,0,0.374221981985948,0,0,0.786768034308723,0,-2.14758562566797,0,0,0,0,0,3.45658889436007,0.402199612903647,0,0,0,0,0,0,0,0,0.0501632009207325,0,0,0,0,0,0,0,0.784119722340217,0,0,0,0,0,0,0,0,-0.528922536344921,0,0,0,0.0637635910097576,0,0,0,1.59905692431637,0,0,0,0,0,0,0,0,0,-0.195648092353816,0,0,0,1.10382222072537,0,0,0,0,0,0,0.430729860166345,0,0,0,0,0,0.0162704356418346,-0.110522666112211,0,0,0,0,1.08266308212302,-0.306454106121087,0,0,0,-0.42879351502969,0,0,0,0,0,0,0,0,0,0,0.578764447971995,0,0,0,0,-0.252853511614735,0,0,0,0,0,0,0,0,0,0,0,0,0,0,0,0,0,0,0,0,0.23077483412077,0,0,0,0,0,0.463338700776157,0,0,0,0,0,0,0,0,-0.485112822240917,0,0,0,0,0,0,0,0,0,0,0,1.05906332846666,0,0,-1.0882030256593,0,0.633334103495705,0,0,0,0,0
0,0,0,0,0,0,0,0,0,-0.0458812790023646,0,0,0,0,-0.539577716105142,0,0,0,0,0,0,0,0,0,0,0,0,0,0,0,0,0,0,0,0,0,0,0,0,0.272961107914262,0,1.20570844049654,0,0,0,0,0,0,0,0,0,0,10.3922616258077,0,0,0,0,0,0,0,0.488757625133559,0,-0.0630924600262723,0,0,0,0,0,0.1807304666644,0,0,0,0,0,-0.468730994896594,-0.30985451767587,0,0,0,-0.00785612519986478,0,-0.134097725591609,0,0,0,0,0,0,0,0,0,0,0.209077009381718,0,0,0,0,-0.19874007153766,0,0,0,0,0,0,0,0,0,0,0.160869723261055,0,0,-0.205646318966306,0,0,0,0,0,0,0,-0.445215879045389,0,0,0,0,0,0,0,0,0,0,0,0,0,0,0,0,0,0,0,0,0,0,0,0,0,0,0,0.346055307619757,0,0,0,0,0,0,0,0,0,0,0,0,0,0,0,0,0,0,0,0,0,0,0,0,0,0,0,0,0,0,0,0,0,0,0,0,0,0,0,0,0,0,1.15630799359661,0,0,0,0,0,0,0,0,0
0,0,0,0,0,0,0,0,0,0,0,0,0,0,-0.313759378645085,0,0,0,0,0,0,0,0,0,0,0,0,0,0,0,-0.123271514977964,0,0,0,0,0,0,0,0,0.0798851283355926,0,0.82835795758647,0,0,0,0,0,0,0,0,0,0,11.8570580659928,0,0,0,0,0,0,0,0.181610832679863,0,-0.107920184084198,0,0,0,0,0,0.329635729804974,0,0,0,0,0,-0.0338333735491994,-0.106872211433484,0,0,0,0,0,0,0,0,0,0,0,0,0,0,0,-0.350058693041845,0.0561504353095701,0,0,0,0,0,0,0,0,0,0,0,0,0,0,0,0.759656970119046,0,0,0,0,0,0,0,0,0,0,-0.296871816934212,0,0,0,0,0,0,0,0,0,0,0,0,0,0,0,0,0,0,0,0,0,0,0,0,0,0,0,0,0,0,0,0,0,0,0,0,0,0,-0.0204989890274132,0,0,0,0,0,0,0,0,0,0,0,0,0,0,0,0,0,0,0,0,0,0,0,0,0,0,0,0,0,0,0,0.0356642803690179,0,0,0,0,0,0,0,0,0
0,0,0,0,0,0,0,0,0,0,0,0,0,0,-0.540836497500393,0,0,0,0,0,0,0,0,0,0,0,0,0,0,0,0,0,0,0,0,0,0,0,0,0.434667055076966,0,1.65659069828098,0,0,-0.128605140765266,0,0,0,0,0,0,0,14.9389703767413,0,0,0,0,0,0,0,0.0419060447715476,0,0,0,0,0,0,0,0,0,0,0,0,0,0,0,0,0,1.11073469824988,0,0,0,0,0,0.24898798452287,0,0,0,0,0,0,0,0,0,0,0,0,0,0,0,0,0,0,-0.328018637115688,0,0,0,0,0.484049237955667,0,0,0,0,0.227440357749026,0,0,0,0,0,0,0.0127569240114211,0,0,0,0,0,0,0,0,0,0,0,0,0,0,0,0,0,0,0,0,0,0,0,0,0,0,0.112228805537433,0,0,0,0,0,0,0,0,0,0,0,0,0,0,0,0,0,0,0,0,0,0,0,0,0,0,0,0,-0.0500135279826306,0,0,0,0,0,0,0,0,0,0,0,0,0,0,0,0,0,0,0,0,0,0,0
0,0,0,0,0,0,0,0,0,0,0,0,0,0,0,0,0,0,0,0,0,0,0,0,0,-0.532193450380628,0,0,0.254504988189517,0,0,0,0,0,0,0,0,0,0,0,0,0.832358588776026,0,0,0,0,0,0,0,0,0,0,15.6501230948614,0,0,0,0,0,0,-0.0540586244447614,0,0,0,0,0,0,0,0,0,0,0,0,0,0,0,0,0,0,0.435475431700627,0,0,0,0,0,0.0303705934032277,0,0,0,0,0,0,0,0,0,0,0,0,0,0,0,0,0,0,0,0,0,0,0,0.718344058110676,0,0,0,0,0,0,0,0,0,0,0,0,0,0,0,0,0,0,0,0,0,0,0,0,0,0.344301160927398,0,0,0,0,0,0.643897377113672,0,0,0,0,0,0,0.880703108326176,0,0,0,0,0,0,0,0,0,0,0,0,0,0,0,0,0,0,0,0,0,0,0,0,0,0,0,0,0,0,0,0,0,-0.0659467138995531,0,0,0,0,0,0,0,0,0,0,0,0,0,0,0,0,0,0
0,0,0,0,0,0,0,0,0,0,0,0,0,0,0,0.155693388527413,0,0,0,0,0,0,0,0,0,0,0,0,0,0,0,0,0,0,0,0,0,0,0,0,0,0.600107221113762,0,0,0,0,0,0,0,0,0,0,22.9489647910081,-0.222678762251151,0,0,0,0,0,0,0,0,0,0.266847391443326,0,0.27172869555436,0,0,0,0,0,0,0,0,0,0,0,0,0,0,0,0,0,0.0832948239249829,0,0,0,0,0,0,0,0,0,0,0.138829244471213,0,0,0,0,0,0,0,0,1.06878300810432,0.421853401985056,0,0,0,0,0,0,0,0,0.00419239764765211,0,0,0,-0.424227244316304,0,0,1.01087475278688,0,0,0,0,0,0,0,0,0,0,0,0.000601454317163519,0,0.293383601147817,0,0,0,0,0,0,0,0,0,0,0,0,0,0,0,0,0,0,0,0,0,0,0,0,0,0,0,0,0,0,0,0,0,0,0,0,0,0,0,0,0,0,0,0,0,0,0,0,0,0,0,0,0,0,0,0,0,0,0,0,0,0,0,0,0
0,0,0,0,0,0,0,0,0,0,0,0,0,0,4.52415393043725,0,0,0,0,0,0,0,0,0,0,0,0.336457488675204,0,0,0,0,0,0,0,0,0,0,0,0,0,0,0,0,0,0,0,0,0,0,0,0,0,0,0.0547593897953058,0,0,0,0.611778498391862,0,0,0,0,0,0,0,0,0,0,0,0,0,0,0.114703761082219,0,-1.29286177351575,0,0,0,0,0,0,0,0,0,0,0,0,0,0.067043532685872,0,0,0,0,0,0,0,0,0,0,0.147664317652711,0,0,0,0,0,0,0.168568727843117,0,0,0,0,-0.0653257140841215,-0.474773067743187,0,0,0,0,0,0,0,0,0,0,0,0,0,0,0,0,0,0,0,0,0,0,0,0,0,0,0,0,0,0,0.418053962195372,0,0,0,0,0,0,-0.0203558070956606,0,0,0,0,0,0,0,0,0,0,0.930010235180455,0,0,0,0,0,0,0,0,0,0,0,0,0.30066128931975,0,0,0,0,0,0,0,0,0,0,0,-0.442806901200029,0,0,0,0,0,0,0,-0.0414824375976901,0,0,0,0,0
0,0,0,0,0,0,0.226972615224248,0,0,0,0,0,0,0,3.0606212776663,0,0,0,0,0.29266243191995,0,0,0,0,0,0,0,0.151137616180278,0,0,0,0,0,0,0,0,0,0,0,0,0,0,0,0,0,0,0,0,0,0,0,0,0,0,0,0,0.180105280883688,0,0,0,0,0,0,0,0,-0.0599733723992615,0,0,0,0,0,0,0.0865599378014927,0,-1.12016655924455,0,0,0,-0.683038694480294,0,0,0,0,0.0152603437978758,0,0,0,0,0.432490165697431,0,0,0,0,0,0,0,0,0,0,0,0,0,0,0,0,0,0.247007708493013,0,0,0,0,0,-0.256378813912133,0,0,-0.0896040553043558,0,0,0,0,0,0,0,0,0,0,0,0,0,0,0,0,-0.666429538601841,0,0,0,0,0,0,-0.278379177343676,0,0,0,0.629495779978301,0,0,0,0,0,0,0,0,0,0,0.369503220597337,0,0,0.140825389234759,0,0,0,0,0,0,0,0,0,0,0.0626123749724004,0,0,0,0,0,0,0,0,0,0,0,0,0,0,0,0,0,-0.35383829452898,0,0,0,0,0,0,0,0,0,0,-0.259262212556638,0,0
0,0,0,0,0,0,0.0200880078007195,0,0,0,0,0,0,0,0,0,0,0,0,0,-0.932153205517811,0,0,0,0,0,0,0,0,0,0,0,0,0,0,0,0,0,0,0,0,0,0,0,-0.504760680767531,0.384060878909945,0,0,0,0,0,0,0,0,0,-1.16440216371024,0,0,0,-0.502676578309431,0,0,0,0,0,0,0,0,0,0,0,0,0,0,0,0,0,0,0,0,-0.434105545092768,0,0,0,0.26905704290787,0,0,0,0,0,0,0,0,0,0,0,0,0,0,0,0,0.948560640853782,0,0,0,0,0,0,0,0,0,0,0,-1.68691424618738,0,0,0,0.35954091167322,0,0,0,0,0,0,0,0,0,-1.1752665629169,0,0,0,0,0,0,-0.399183053290187,0,0,0,0,0,0,0,0,0,0,0,0,0,0,0.67871325588141,0,0,0,0,0,0,0,0,0,0,0,0,0,-0.394161286303025,0,0,0,0.0268367021213993,-0.477987188199984,-0.341955945622432,0,0,0,0,0,0,0,0,0,0,0,0.103231873763415,0,0,0,0,0,0,0,0,0,0,0,0,0,0,0,0,0,0.0299915673262625
0,0,0,0,0,0,0,0,0,0,0,0,0,0,0,0,0,0,0,0,-1.10481530129781,0,0,0,0,0,0,0.579442887546274,0,0,0,0,0,0,0,0,0,0,0,0,0,0,0,0,0,0,0,0,0,0,0,0,0,0,0,-1.62523339893577,0,0,0,-0.114871275256065,0,0,0,0,0,0,0,0,0,0,0,0,0,0,0,0,0,0,0,0,0,0,0,0,0.303486486711784,0,0,0,0,0,0,0,0,0,0,0,0,0,0,0,0,1.12269272140727,0,0,0,0,0,0,0,0,0,0,0,-0.79640803919752,0,0,0,0.449180261348664,0,0,0,0,0,0,0,0,0,-1.4913516426561,0,-0.366392188421783,0.445254842268488,0,0,0,-0.220197771515422,0,0,0,0,0,-0.680271183539151,0,0.0863604842653771,0,0,0,0,0,0,0,0,0,0,0,0,0,0,0,0,0,0.192821089152074,0,0,0,0,0,0,0,-0.88676568531055,-0.225875791794102,0,0,0,0,0,0,0,0,0,0,0,0,0,0,0,0,0,0,0,0,0,0,0,0,0,0,0,0,0,0
0,0,0,0,0,0,0.0255738356887469,0,0,0,0,0,0,0,0,0,0,0,0,0,-0.990975062033223,0,0,0,0,0,0,0,0,0,0,0,0,0,0,0,0,0,0,0,0,0,0,0,0,0,0,0,0,0,0,0,0,0,0,-1.62781647357549,0,0,0,-0.479114290447558,0,0,0,0,0,0,0,0,0,0,0,0,0,0,0,0,0,0,0,0,0,0,0,0,0.568549858258522,0.380416467170175,0,0,0,0,0,0,0,0,0,0,0,0,0,0,0,1.0925847263001,0,0,0,0,0,0.0960061354788546,0,0,0,0,0,-0.258168237590763,0,0,0,0.807303450809846,0,0,0,0,0,0,0,0,0,-1.30937605437852,0,-0.558298630502674,1.39352555047326,0,0,0,0,0,0,0,0,0,-0.106454185956643,0,0,0,0,0,0,0,0,0,0,0,0,0,0,0,0,0,0,0,0,0,0,0,0,0,0,0,-0.0347571885365852,-0.654111085710017,0,0,0,0,0,0,0,0,0,0,0,0.312174668832948,0,-0.0665963092370887,0,0,0,-0.465647479003912,0,0,0,0,0,0,0,0,0,0,0,0
0,0,0,0,0,0,0.194022808922108,0,0,0,0,0,0,0,0,0,0,0,0,0,-0.437537750926118,0,0,0,0,0,0,0,0,0,0,0,0,0,0,0,0,0,0,0,0,0,0,0,0,0,0,0,0,0,0,0,0,0,0,-1.29894029521758,0,0,0,0,0,0,0,0,0,0,0,0,0,0,0,0,0,0,0,0,0,0,0,0,-0.445888078013541,0,0,0,0.972593404874699,0,0,0,0,0,0,0,0,0,0,0,0,0,0,0,0,1.02698333463546,0,0,0,0,0,0,0,0,0,0,0,-0.819955279941568,0,0,0,0.487911820281808,0,0,0,0,0,0,0,0,0,-1.33790276410197,0,-0.765071286327453,0.916477285144638,0.743778879020046,0,0,0,0,0,0,0,0,-0.122951112563429,0,0,0,0,0,0,0,0,0,0,0,0,0,0,0,0,0,0,0,0,0,0,0,0,0,0,0,-0.547900207719277,-0.129132143557313,0,0,0,0,0,0,0,0,0,0.0923951129176375,0,0,0,0,0,0,0,0,0,0,0,0,0,0,0,0,0,0,0,0
0,0,0,0,0,0,0,0,0,0,0,0,0,0,0,0,0,0,0,0,-0.476766703489856,0,0,0,0.0808149155406639,0,0,0,0,0,0,0,0,0,0,0,0,0,0,0,0,-0.0101620219543828,0,0,0,0,0,0,0,0,0,0,0,0,0,-1.64092553204264,0,0,0,0,0,0,0,0,0,0,0,0,0,0,0,0,0,0,0,0,0,0,0,0,0,0,0,0,0.611228312182905,0,0,0,0,0,0,0,0,0,0,0,0,0,0,0,0,0.912792090716415,0,0,0,0.449427189980386,0,0,0,0,0,0,0,0,0,0,0,0.358316179131562,0,0,0,0,0,0,0,0,0,-1.15147620013693,0,-0.884019850940194,1.92942054919323,0.0359385948999407,0,0,0,0,0,0,0,0,-0.375546848595927,0,0,0,0,0,0,0,0,0,0,0,0,0,0,0,0,0,0,0,0,0,0,0,0,0,0,0,0,-0.288632121217305,0,0,0,0,0,0,0,0,0,0.249220236140909,0,0,0,0,0,0,0,0,0,0,0,0,0,0,0,0,0,0,0,0
0,0,0,0,0,0,0,0,0,0,0,0,0,0,0,0,0,-0.156012160962654,0,-0.0391763413866717,-0.589483149322506,0,0,0,0,0,0,0,0,0,0,0,0,0,0,0,0,0,0,0,0,0,0,0,0,0,0,0,0,0,0,0,0,0,0,-1.58468756373401,0,0,0,-0.151813655883158,0,0,0,0,0,0,0,0,0,0,0,0,0,0,0,0,0,0,-0.198088782411544,0,0,0,0,0,0,0,0,0,0,0,0,0,0,0,0,0,0,0,0,0,0,0.837304999458838,0,0,0,0.459407317930619,0,0,0,0,0,0,0,0,0,0,0,0.0607730531166801,0,0,0,0,0,0,0,0,0,-1.49214385210054,0,-1.52536283784883,1.61059235724786,0,0,0,0,0,0,0,0,0,0,0,0,0,0,0,0,0,0,0,0,0,0,0,0,0,0,0,0,0,0,0,0,0,0,0,0,0,0,-0.580258580814563,0,0,0,0,0,0,0,0,0,0.0899132850328948,0,0.0108633283374677,0,0,0,0,0,0,0,0,0,0,0,0,0,0,0,0,0,0
0,0,0,0,0,0,0.0523917857835696,0,0,0,0,0,-0.282017102578815,0,0,0,0,0,0.141576857265946,-0.203471682408681,0,0,0,0,0,0,0.0456794280781385,0,0,0.101051944347097,0,0,0,0.0755766142285483,0,0,0,0,0,0,0,0,0,0,0,0,0,0,0,0,0,0,0,0,0,-1.08120008276597,0,0.0450158807104986,0,-0.248625650378078,0,0,0,0.730814504133184,0,-0.137207339064835,0,0,0,0,0,0,0,0,0,0,0,0,0,0,0,0,0,0.412585389050797,1.77582361443698,0,0,0,0,0,0,0,0,0,0,0,0,0,0,0,0,1.18190179333459,0,0,0,0,0,0,0,0,0,0.413725577855927,0,-0.25960550605133,0,0,0,0,0,0,0.798352188339858,0,0.374319495744282,0,0,0,0,-1.33418667266778,0,-0.651979441499283,1.61019359539239,0,0,0,0,0,0,0,0,0,0,0,0,0,0,0,0,0,0,0,0,0,0,0,0,0,0,0,0,0,0,0,0.036970930964443,0,0,0,0,0,-0.85526819198317,-0.577236643851652,0,0,0,0,0,0,0,0,0,0.581777500938554,0,0,0,0,0,0,0,0,0,0,0,0,0,0,0,0,0,0,0,0
0,0,0,0,0,0,0,0,0,0,0,0,-0.353816415443467,0,0,0,0,0,0,-0.839296931205597,-0.346414333849003,0,0,0,0.219021996794538,0,0,0,0,0,0,0,0,0,0,0,0,0,0,0,0,0,0,0,0,0,0,0,0,0,0,0,0,0,0,-0.59479719232416,0,0,0,-0.304844978591036,0,0,0,0,0,0,0,0,0,0,0,0,0,0,0,0,0,0,0,0,0,0,0,0,0,0,0,0,0,0,0,0,0,0,0,0,0,0,0,0,0,0.328368982496767,0,0,0,0.213939464296407,0,0,0,0,0,0.154753998468428,0,0,0,0,0,0,0,0,0,0,0.109484548748318,0,0,0,0,-1.2229253910786,0,-1.26019095042111,0.960762621968084,0,0,0,0,0,0,0,0,-0.207267372885472,0,0,0,0,0,0,0,0,0,0,0,0,0,0,0,-0.108191673176267,0,0,0,0,0,0,0,0,0,0,0,0,0,-0.841866846849342,0,0,0,0,0,0,0,0,0,0.512596145867054,0,0,0,-0.0809149677577203,0,0,0,-0.946045203854919,0,0,0,0,0,0,0,0,0,-0.0323169430879977,0,0
0,0,-0.298312974900026,0,0,0,0,0,0,0,0,0,-0.17866637812818,0.247070952966921,0,0,0,0,0,0,0,0,0,0,0.192354836558554,0,0,0,0,0,0,0,0,0,0,-0.10898327252493,0,-0.268621973248493,0,0,0,-0.295896075050602,0,0,0,0,0,0,0,0,0,0,0,0,0,0,0,0.286741229162832,0,-0.439395177298294,0,0,0,0,0,-0.0692624720995567,0,0,0,0,0,0,0,0,0,0,0,0,0.523131672656394,0,0,0,0,0.166700176352658,0,0,0.346944312389583,0,0,0,0,0,-0.627867438383809,0,0,0,0.241746324450849,0,0,0,0,0.582966067442479,0,0,0,1.1826618718123,0,0,0,0,0,0.902691215989746,0,0,-0.419006102851619,-1.689201923976,0,-0.780006318738672,0,0,0.16994980475212,0,0.694492657452817,0,0,0,1.30105162035485,-2.14597923879508,0,0,1.28784691953591,0,0,0,0,0,0,0,0,0,-0.209681352337647,0,0,0,0,0,0,0,0,0,0,0,0,0,0,0,0,0,0,0,0,0,0,0,0,0,0,0,0,-0.706384037345012,0,0,0,0,0,0,0,0,0,0,0,0.733390384320818,0,-1.35129688148249,-0.363608006838309,0,0,0,0,0,0,0,1.07902743776196,0,0.0914577749658969,0,0,0,0,0
0,0,0,0,0,0,0,-0.181598398218799,0,0,0,0,0,0,0,0,0,0,0,0,0,0,0,0,0,0,0,0,0,0,0,0,0,0,0,0,0,0,0,0,0,-0.168283158815515,0,0,0,0.470668514208475,0,0,0,0,0,0,0,0,0,0,0,0,0,0,0,0,0,0,0,0,0,0,0,0,0,0,0,0,0,0,0,0,-0.158735546688971,0,0,0,0,0,0,0,0,0,0,0,0,0,0,0,0,0,0,0,0,0,0,0,0,0,0,0,0,0,0,0,0,0,0,0,0,0.0726750842204564,0,-0.535331175732998,0,0,0,0,0.0663495982066071,0,0,0,0,0,0,0,0,0,0,0,0,0,0,0,0,-0.936051431323874,0,0,0,-2.11301658112074,0,0,0,0,0,0,0,0,0,0,0,0,0,0,0,0,0,0,0,0,0,0,0,0,0,0,0,0,0,0,0,0,0,0,0,0,0,0,0,0,0,0,0,0,0,0,0,0,0,0,0,0,0,0,0,0
0,0,0,0,0,0,0,-0.238532640397676,0,0,0,0,-0.025559211150886,0,0,0,0,0,0,0,0,0,0,0,0,0,0,0,0,0,0,0,0,0,0,0,0,0,0,0,0,0,0,0,0,0,0,0,0,0,0,0,0,0,0,0,0,0,0,0,0,0,0,0,0,0,0,0,0,0,0,0,0,0,0,0,0,0,0,0,0,0,0,0,0,0,0,0,0,0,0,0,0,0,0,0,0,0,0,0,0,0,0,0,0,0.0174393489665827,0,0,0,0,0,0,0,0,0,0,0,-2.09004782364241,0,0,0,0,0,0,0,0,0,0,0,0,0,0,0,0,0,0,0,0,0,0,0,0,0,-0.0669633991340932,0,0,0,0,0,-0.488208803317212,0,0,0,0,0,0,0,0,0,0,0.342599845290271,0,0,0,0,0,0,0,0,0,0,0,0,0,0,0,0,0,0,0,0,-0.0820416018673225,0,0,0,0,-0.272367674002915,0,0,0,0,0,0,0,0,0,0,0,0,0
0,0,0,0,0,0,0,0,0,0,0,0,0,0.461665470824287,0,0,0,0,0,0,0,0,0,0,0,0,0,0,0,0,-0.192121057346076,0,0,0,0,0,0,0,0,0,0,0,0,0,0,0,0,0,0,0.0609584145815707,0,0,0,0,0,0.179993316917648,0,0,0,-0.259194817732214,0,0,-0.379773818390733,0,0,0,0,0,0,0,0,0,0,0,0,0,0,0,0,0,0,0,0.108133756982192,0,0,0,0,0,0,-0.731487003916628,0,0,0,0,0,0,0,-0.370846103887237,0,0,-0.334791081430383,0,0,0,0,0,0,0,0,0,0,0,0,0,0,0,0,-2.02271052531791,0,0,0,0,0,0,0,0,-0.625339431298497,0,0,0,0,0,0,0,0,0,0,0,0,0,0,0,0,0,0,0,0,0,0,0,0,0,0,0,0,0,0,0,0,0,0,0,0,0.519572304313647,0,0,0,0,0,0,0,0,0,0,0,0,0,0,0,0,0,0,0,-0.755828425206899,0,0,0,-0.196766816350831,0,0,0,0,0,0,0,0.189751394174023,-0.0295886394207083,0,0,0
0,-0.262936442352161,0,0,0,-0.25458901070721,0,0,0,0,0,0,0,0.0858323124847791,0,0,0,0,0,0,0,0,0,0,0,0,0,0,0,0,0,0,0,0,0,-0.119279905369694,-0.0101745562906452,0,0,0,0,0,0,0,0,0,0,-0.856395608352474,0,0,0,0,0,0,0,0,0,0,0,0,0,0,-0.517219498247759,-1.60967885493254,0,0,0,0,0,0,-0.174548087434189,0,0,0,0,0,0,0,0,0,0,0,0,0,0,0,0.139318471862783,0,0,0,0,0,0,0,0,0,0,0,0,0,0,0,0,0,0,0,0,0,0,0,0,-0.114144629538611,0,0,0,0,0,0,0,0,0,0,0,0,0,0,0,0,0,0,0,0,0,0,0,0,0,0,0,0,0,0,0,0,0,0,0,0,0,0,0,0,0,0,0,0,0,0,0,0,0,0,0,0,0,0,0,0,0,0,0.102421425979498,0,0,0,0,0,0,0,0,0,0,0,0,0,0.202865170074811,-0.446118152100266,-0.439954651440948,-1.49070422868564,0,0,-0.939253860327469,0,0,0,0,0,0,0,0,0
0,0,0,0,0.646067230637658,0.838168420391677,0,0,0,0,0,0,-1.55359901425706,0,-3.10113809894391,0,0,0,-2.15863098091163,0.828801028261945,0,0,0,0,3.15867757136595,0,0,1.18464859547752,0,0,0,-0.217824767741889,-0.493838969758014,0,0,0,0.171950492931547,0,0,0,-2.52953300001641,-0.292690118954848,0,0,0,0.567490969347026,0,0,0.884245923951198,-2.31404356088282,0,0,0,0,0,0,0,0.132321617899285,0,0,0,0,1.74192440268295,0,0,0,0.924069755112341,0,0,0,0,0.129449289032704,0,0,-0.0549918746499614,0,0,0,0,0.240767739574951,2.25859924707206,0,1.08750736081165,0,0.299683226389456,0,-0.561197346723347,1.26544356316305,0,0,0,0,0,-0.821527136712838,0,2.39213931188735,-0.85642255280326,0,0,0,0,0,-0.725185630012392,-0.277325549004101,0,0,-0.292195716411837,0.688526429028266,0,0,0,0,-2.6243425599457,0,0,0,0,0,0,0,0.69505613272727,-0.121021899159857,0,0,0,-10.6331141991518,0,0,-1.1935076823605,-0.309163035390934,0,0,-0.527921559662323,0,0.906887943220623,-4.70159705868654,-2.09922797476178,-0.110960202385777,0,0,0.611029986441983,-0.281576066428979,0,0,0.351895507617654,0,0,0.180288603360116,-2.21929222790859,0.339708282632835,-2.46930789477432,0,-2.6292489025323,0,-4.61213897290304,0,0,0,0,0,0,0,0,0,0,0,-1.22070441629528,-0.705387281844647,0,0,0,0,-0.386843704295389,0,0,0,-0.89059246059498,7.45523457368987,0,-0.628318106068622,0,0,0,0.388323123313095,0.47571528077535,0,-0.254018199457575,0,0,0,0,4.70295529782498,-1.28346263241887,0,0,0,0,0,0,0.0564832761392449
0,0,0,0,0,-0.019558801414282,0,0,0,0,0,0,0,0,0,0,0,0,0,0.564823723883165,0,0,0,0,0,0,0.400912331180189,0,0,0,0,0,0,0,0,0,0,0,0,0,0,0,0,0,0,0,0,0,0,0,0,-1.84437031673377,0,0,0,0,0,0,0,-0.189528756129959,0,1.60394341853494,0,0,0,0,0,0,0,0,0,0,0,0,0,0,0,0,0,0,0,0,0.655441275890897,0,0,0,0,0,0,0.123598655500556,0,0,0,0,0,0,0,0,0,0,0,0,0,0,0,0,0,0,0,0,0,0,0,0,0,0,0,0,0,0,0,0,0,0,0,0,0,0,0,0,0,0,-0.287659730086027,0,-0.05644176315557,0,0,0,0,0,0,0,0,0,0,0,0,0,0,0,0,0,0,0,0,0,0,0,0,0,0,0,0,0,0,0,0,0,0,0,0,0,0,0,0,0.0279413542822451,0,-1.37865536242847,0,0,0,0,0,0,0,0,0,0,0,0.985383059067415,0,0,0,0,0,0,0,0,0,0
0,0,0,0,0,0,0,0,0,0,0,0,0,0,0,0,0,0,0,0.680325991342089,0,0,0,0,0,0,0,0,0,0,0,0,0,0,0,0,0,0,0,0,0,0,0,0,0,0,0,0,0,0,0,-4.41240137563118,0,0,0,0,0,0,0,0,0,0.322911241566343,0,0,0,0,0,0,0,0,0,0,0,0,0,0,0,0,0,0,0,0,0,0,0,0,0,0,0,0,0,0,0,0,0,0,0,0,0,0,0,0.309347884134963,0,0,0,0,0,0,0,0,0,0,0,0,0,0,0.847207693798741,0,0,0,0,0,0,0,0,0,0,0,0,0,0,0,0,0,0,0,0,0,0,0,0,0,0,0,0,0,0,0,0,-0.164388843695399,0,0,0,0,0,0,0,0,0,0.045886376366455,0,0,0,0,0,0,0,0,0.0171712988250552,0,0,0,0,0,0,0,0,-0.589472300046217,0,0,0,0,0,0,0,0,0,0,0,0.90823065035692,0,0,0,0,0,0,0,0,0,0
0,0,0,0,0,0,0,0,0,0,0,0,0,0,0,0,0,0,0,0,0,-0.0775166003937151,0,0,0,0,0,0,0,0,0,0,0,0,0,0,0,0,0,0,0,0,0,0,0,0,0,0,0,0,0,-0.110426431885082,0,0,0,0,0,0,0,-0.644571800910603,0,0,0,0,0.109768247585092,0,-0.165942285413293,0,0,0,0,0,0,0,0,0,0,0,0,0,0,0,0,0,0,0,0,0,0,0,0,0,0,0,0,0,0,0,0,0,0,0,0,0,0,0,0,0,0,0,0,-0.143320881015501,0,0,0,0,0,0,0,0,0,0,0,0,0,0,0,0,0,0,0,0,0,0,0,0,0,0,0,-0.176338580987497,0,0,0,0,0,0,0,0,0,0,0,0,0,0,0,0,0,0,0,0,0,0,0,0,0,0,-1.30490972535089,0,0,0,0,0,0,0,0,0,0,-1.1478739126789,0,-0.432448270765145,0,0,0,0,0,0,0,0,0,0.160671161007913,0,0,0,0,0,0,0,0,0,0
0.368172339912616,0,0,0,0,0,0,0,0,0,0,0,0,0,0,0,0,0,-1.22389326796239,0,0,0,0,0,0,0,-1.2184571067211,-0.431008566694497,0,-0.835558077803958,0,0,0,0,0,0,0,0,0,0,0,0,0,0,0,7.21643334052526,0,0.340545469328749,0,0,0,0,0,0,0,0,0,6.70042763176536,0,0,0,-0.106020689036044,0,0,0,-1.99105709257841,0,0,0.326957751422605,0,0,0,0,0,0,0,0,0,0,-0.284340545486592,1.33121541456572,0,0,0,0,0,-3.01199178125216,0,0,-0.752428740698919,0,0,0,0,0,0,0,0,0,-0.552378295306079,0,-0.00296214650039106,0,0,0,0.164314821353142,0,0,0,0,0,0,0,-0.315940977797008,0,0,0,0,0,0,0,0,0,-0.445363353117273,0,1.01569578215546,0,-3.11192848109716,0,-0.759304790187564,0,0,0,0,0,0,0,0,0,0.646990964252037,0,0,0,0,-0.379910880650673,0,0,3.29553572782571,-1.23177593699976,0,0,-1.45618490049963,0,0,-2.41499392669201,0,0.0935351901627022,0,0,0,0,0,0,0,0,0,-0.698419018376027,0,0,0,0,0,0,0,-0.203414853795433,0,0,0.458084776893488,0,0,0,-0.307972679760713,0,0,0,0,0,0,0,19.3355551155953,0,0.283338535062865,-1.79346423816026,0,0.116754570553141,0,0,0,0,0
0,0,0,0,0,0,0,0,0,0,0,0,0,-0.704731083989513,0,0,0,0.12849371754066,0,0,0,0,0,0,0,0,0,0,0,-0.458929291432063,0,0,0,0,0,0,0,0,0,0,0.151995501112916,0,0,0.99279771919784,0,0,0,0,0,0,0,0,0,0,0,0,0,0.431062419096201,0,0,0,0,0,0.0225386660620361,0,0,0.369861729883505,0,0,-0.547985254165752,0,0,0,-0.151537593613298,0,-0.236071152377184,0,0,0,0,0,0,0,0,0,0,-0.189219746541933,0,0,0,0.998688993164841,0,0,0,0,0,0,0,0,0,0,0,0,0,0.342892834694776,0,0,0,-0.568553579180323,0,0,0,0,0.156902459838118,0,0,0,0,0,0,0,0,0,0,0,0,0,-1.53666864527158,0,-0.907547518040642,0,0,0,0,0,0,-0.0576701020665413,0,0,0,0.166931607522373,0,0,0,0,0,0,0,0,0,0,-1.552883540234,0,0,-1.66048589593947,0,0,0,0,0,0,0,0,0,0,0,0,0,0,0,0.0326496881639997,0,0,0,0,-0.0823824506685691,0,0,0,0,0,0,0,0,0,0,0,0,0,15.4017684202268,0,0,-3.17810536849324,0,0,0,0,0,0,0
0,0,0,0,0,0,0,0,0,0.398160009860809,0,0,0,-0.198052697744936,0,0,0,0,0,0,0,0,0,0,0,-0.299196255953477,0,0,0,0,0.942374329649911,0,0,0,0,0,0,0,0,0.0915049710415208,0,0,0,0.855827386825558,0,-0.583458956003265,0,0,0,0,0,0,0,-0.0907106454918654,-0.411683323762349,0,0,0.546016622989019,0,0,0,0,0,0,0,0,0,0,-0.358660698562182,0,0,0,0,-0.343447584151603,0,0,0,0,0,0,0,0,0,0,0,0,0,0,0,0,1.67366629451025,0,0,0,0,0,1.4311349584026,0,0,0,0,1.53509384066041,0,0,0.439179163604851,0,0,0,0,0,0,0,0,0,0,0,0,0,0,0,0,0,0,0,0,0,0,-0.64978007621325,0,0,0,0,0,0,0,-0.357287875507158,-1.38743413869412,0,0,0,0.359438257556879,0,0,0,0,0,0,0,0,0,0,-0.822738217526813,0,0,0,0,0,0,0,0.0454322961265494,0.22376273413458,0,0,0,0,0,0,0.221037155978948,0,0,0,0,0,-1.20865736185724,0,0,0,0,0,0,0,0,0,0.289310294459264,0,0,-0.239373372135301,0,0,14.2728937393375,0,0,0,0,-0.850874154422111,0,0,0,0,0
0,0,0.0620931668705722,0,0,0,0,0.506022160881011,0,0,0,0,0,0,-0.409768479278909,0,0,0,0,0,0,0,0,0,0,0,0,-0.245362143992702,0,0,0,0,0,0,0,-0.743030789220795,-0.14368049367897,0,0,0.637367361137732,0,0,0,0,0,-0.661792242397854,0,0,0,0,0,0,-0.286588689332343,0,-0.410006987979979,0,0,-0.528723891978115,0,0,0,0,0,0,0,0,0,0,0,0.0836628705273463,0,0,0,-0.151375657660895,0,0,0,0,0,0,0,0,0,0.672537960955165,0,0,0,0,0,0,-4.92706445005511,0,0.0641258113650811,-0.0125217413381142,0,0,1.28716829084798,0,0,1.1208126890966,-0.659680744457067,0.119019067989154,0,0,0.389234126736129,0.119264157503688,0,0,1.0187208087765,0,0,0,0,0,0,0,0,0,0,0,0.372157543395488,0,0,0,0,0,0,-1.50562247858594,0,0,0,0,0,0,0.324680748267853,0,-0.179663561641425,0,0,0,1.75918831979466,0,0,0.0804987497712755,0.153133047747973,0,0,0,0,0,0,-0.176112088230229,0,-0.00733862056941814,1.45856240985558,-0.0644624963464231,0.958207405766085,0.00862897127369644,0,0,0,0,0,0,0,0,0,0,0,0,0,0,0,0,0,0,0,0,0,0.0913787424303136,0,0,0,0,0,0,0,0,0,7.7875286162938,0,0,0,0,0,-0.686171119503714,0,0.978980982768527,0,0
0,0,0,0,0,0,0,0,0,0,0,0,0,0,0,0,0,0,0,0,0,0,0,0,0,0,0,0,0,0,0,0,0,0,0,0,0,0,0,0,0,-0.324247607634731,0,0,0,0,0,0,0,0,0,0,0,0,0,0,0,0,0,-0.372552779483995,0,0,0,0,-0.0694884765441355,0,0,0,0,0,0,0,0,-0.416160937642938,0,-0.337294770168945,0,0,0,0,0,0,0,0,0,0,0,0,0,0,2.96180064847749,0,0,0,0,0,0,0,0,0,0,0.941531864096525,0,0,0,0,0,0,1.01552644485078,0,0,0,0,0,0,0,0,0.0748553453395642,0,0,0,0,0,0,0,0,0,0,0,0,0,0,0,0,0,0,0,0,0,0,0,0,0,0,0,0,0,-0.250931294877936,0,0,0,-0.0609269120289857,0,0,0,0,0.311795145551152,0,0,0,0,0,0,0,0,0,0,0,0,0,0,0,0,-0.339353780329581,0,0,0,-0.353093349127556,0,0,0,0,0,0,0,0,-0.317855984876767,0,0,7.41712665080304,0,0,0,0,0,0,0,0,0,0
0,0,0,0,0,0,0,0,0,0,0,0,0,0,0,0,0,0,0,0,0,0,0,0,0,0,0.185408922992817,0,0,0,0,0,0,0,0,0,0,0,0,0,0,0,0,0,0,0,-0.172565120933204,0,0,0,0,0,0,0,0,0,-0.262251214874143,0,0,-0.523873794391015,0,0,0,0,0,0,0,0.387807734795375,0,0,0,0,0,-0.588477112645613,0,-0.116979511904101,0,0,0,0,-1.82650853657523,0,0,0,0,0,-0.66406550024071,0,0,0,2.05693531995922,0,0,0,0,0,0,0,-0.220853478587709,0,0,0.735407863692769,0,0,0,0,0,0,0.315544816964717,0,0,0,0,0,0,0,0,0,0,0,-0.145494376883273,0,0,0,0,0,0,0,0,0,0,0,0,0,0,0,0,0,0,-1.02428171014734,0,0,0,0,0.16310081239064,0,0,-0.45701280755681,0,0,0,0,0,0,0,0.788000083626905,0,0,0,0,0,0,0,0,0,0,0,0,0,0,0,0,0,0,0,0,0,-0.149596539719244,0,0,0,0,0,0,-0.785135543161244,0,0,0,0,5.02660161255059,0,0,0,0,0,0,0,0,0,0
0,0,0.0312261986185256,0,0,0,0,0,0,0,0,0,-0.204564088070642,0,0,0,0,0,0,0.432867770027386,0,0,0,0,0,0,0,0,0,0,0,0,0,0,0,-0.0892530089441181,0,0,0,0,0,0,0,0,0,0,-0.0655929495363976,0,0,0,0,0,0,0,0,0.0351829719371555,0,0,0,-0.286649301193611,0,0.327136034494115,0,0,0,0,0,0,0,0,0,0,0,0,0,0.163878084827496,0,0,0,0,-0.786596189786981,-0.284524447789385,0,0,0,0,0,0.384912753765898,0,0,0,0,0,0,0,0,0,0,0,0,0,0,0,0,0,0,0,0,0,0,0,0,0,0,0,0,0,0,0,0,0,0,0,0,0,0,0,0.160330301887431,0,-0.0590239629298488,0,0,0,0,-0.200320088380846,0,0,0,0,0,0,0,0,0,0,0,0,0,0,0,0,0,0,-0.0343898529090723,0,0,0,0,0,0,0,0,0,0,0,0,0,0,0,0,0,0,0,0,0,0,0,0,0,-0.742531938908445,0,0,0,0,0,0,0,0,0,0,0.131591115469977,0,0,0,0,0,0,0,0,0
0,0,0.395672063266167,0,0,0,0,0,0,-1.16457101089097,0,0,-0.745529806224584,0.105057042889295,0,0,0,0,0,0,0,0,0,0,-0.28984761898714,0,0,0.318189304758082,0,0,0.273033292783993,0.152678150217529,0,2.35506041202598,0,0,0,0,0,0,0,0,-0.806873295895075,0,0,0,0,0,0,-0.33591546042494,0,0,0,0,0,0,0,0,0,-0.266224706025086,0,0,0,0,0,-1.10105782531847,0,0,0,0,0,0,0,0,0,0,0.339361508932171,0,0,0,0,-13.2881979400823,0,0,0,-0.496424781464273,0,0.386905074308054,0,0,0,0,0,0,0,0,0.274786821883007,0.741052708631358,0,0,0,0,0,-0.62926664490796,0,1.18733423212749,0,-0.198964056450418,0,0.147630159913958,0,-0.914288193060352,0.386920261303358,0.0705518557799336,0,0,0.0499547626315247,1.22433580168459,0,0,-0.446333312221777,0,0,0,0,0.291377351292207,-1.34994805949571,1.06329002010181,0,-0.256536919268598,0,0,0,0,1.06220379428941,0.155849094503641,-0.0788269996237629,0,0,0,0,0,0,0,0,-0.184449070630349,0,0,0.658435962423789,0,0,0.216781204881284,0,-0.410832451767372,0,0,0,0,0.184446126455075,0,0,0,0,0,0,1.46460573247027,0,-0.244523196582549,0.816821002597634,0,0.16016860394555,0,0,0,0,0,0,0,0,0,0,0,0,0,0,0,0,0,0,1.2725697623824,0.277974368153648,0,0,1.60005995198007,0,0,0,0,-0.282946478939803,0
0,0,0,0,0,0,0,1.43353355882178,0,0,0,0,0,1.48024926639282,0,0.318307094847229,-0.494396597091237,0,0,0,-0.910699054083028,-0.216096113427847,0,0,0.625154017860314,-0.450682588302906,0,0,0,0,0,0,0,0,0,0,0,0,0,0,0,0,0,0.816014045135283,0,0,0,0,0,0,0,0,0,0,0,0,0,0,-0.013573719843494,0,0,0,0,1.00127271209752,0,0,-0.13890176268099,0,0,0,0,0,0,0,0,-1.51169738186807,0,-0.454815484594068,-0.266886291564856,-0.095654293401765,0,0,0,0,0,0,0,0,0,0,0,0,0,0,-0.144158547590173,0,0,0,-0.175466534680057,0,-0.136077704462492,0,0,0,0,0,0,0,0,0,0,0,0,0,-0.0737127381487388,0,0,-0.0325974781013674,0,0,-0.353982053082281,-0.206575090570201,0.465827047986187,0,0,0,0,0,0.74009175567951,-0.00614148376037371,0,0,0.257921824763161,0,0,0,-0.519181599596205,0,0,0,0,0,0.177012788266631,0,0,0,0,-1.89732160427024,0,0.661055197353477,0,0,0,0,-0.0651890395921382,0,0,0,0,0,-2.08651128256732,0,-0.793737980692887,0,0,0,0.0289470664910718,0,0,0,0,0,0,0,0,0,0,0,0,0,0,0,0,0,0,0,0,0,0.189182495501698,0.257515875525337,0,0,0,0,-0.900732626274382,-2.11048086441321,0,0,0,0
0,0,0,0,0,0,0,0,0,0,-0.752359804655092,-0.155838373587455,0,0,0,0,0,0,0,0.151246878656407,0,-0.285799291732985,0,0,0,-0.201159961554265,0,0,0,0,0,0,0,0.020970178374691,0,0,0,0,0,0,0,0,0,0,0,0,-0.215214889230015,0,0,0,0,0,0,0,0,0,0,0,0,-0.255728450463602,0,0,0,0,0,0,0,0,0,0,0,0,0,0,0,0,0,0,0,0,0,0,0,0,0,0,0,0,0,0,0,0,0,0,0,0,0,0,0,0,0,0,0,0,0,0,0,0,0,0,0,0,0,0,0,0,0,0,0,0,0,0,0,0,0,0,0,0,0,0,0.0546798943297313,0,0,0,0,0,0.307290573389137,0,0,0,0,0,0,0,0,0,0,0,0,0,0,0,0,0,0,0,0,0,0,0,0,-0.318329597545871,0,0,0,0,0,0,0.404373058408048,0,0,0,0,0,0,0,0,0,0,0.0752542920694983,0,0,0,0,0,0,0,-0.547222875607559,0,0,0,0,0,0,0,0,0,0,0.627942958553988,0
-0.462828393791978,0,0,0,0,-0.356354783364074,0,1.20672708479332,0,0,0,-0.565939969402998,0,0,2.21654835460595,0,0.302068717673393,0,0,0,0,0,0,0,1.45551979027471,0,-1.43026859302045,0,0,0,0,0,0,0,0,0,0,1.14473441926081,0,0,0.307191133001862,0,1.23512321547234,0,0,-1.06151957034746,0,0,0,0,0,0,0,0,0,0,-1.51315852335627,0,0,0,1.52193957741233,0.952011063819571,0,0,0.966588045402018,-1.46837330968761,0,0,0.65180417064237,0,0,0,0,0,0,0,0,0,0,0,0,0,9.28264854743318,0,0,0,0,0,0,1.51288528724901,0,0,-0.441633623954141,0,0,0.462838334076132,0,-0.540685686142367,0,-0.0241012983314588,0,0,0,0,-0.353327004113218,0,0,0,0,-2.34405570799185,0,0,0,0,0,0,0,0,0,-0.534525755876092,0,0,0,0,0,0,0,0,0,-0.198561573098482,0,0,0,0,0,-1.26295049982216,0,0,0,0,-0.375059573697029,0,0,-0.76776573649144,0,0,0,-1.32975496861346,0.417511877321596,-6.58558295120987,0,0,-2.78617901613215,0,1.35025260702416,0,0,0,1.18137672545232,0,0.679008368438985,0,-0.165683027562835,1.66092004030898,0,-1.62392159383897,0.883292517819102,0,0,-0.101377673835723,0,0,4.52505424065305,0,0,0,-0.160518360503345,13.1966638093837,-1.38806980567295,0,0,0,0,-0.549838687441234,0,0,0,0,0,0,0,0,0,-0.85521598798492,0,0,0.529351173645717,0.84329141871721,0,-0.918346708011982
0,0.00136322510213072,0,0,0,0,0,0,0,0,0,0,0,0,0,0,0,0,0,0,0,0,0,0,0,0,0,3.96092292702826,0,0.27715747010095,-0.0564938447359811,0,0,0,0,0,0,0,0,0,-0.0253257158207671,0,-0.00147141136273321,0,0,0,0,0,0,0,0,0,0,0,0,0,0,0,0,0,0,0,0,0,0,0,0,0,0,0,0,0,0,0,0,0,0,0,0,0,0,0,0,0,0,0,0,0,0,0,0,0,0,0,-0.958105259345899,0,0,0,0,0,0,0,0,0,0,0.254280051436448,0,0,0,-0.610728989404528,0,0,0,0,0,0,0,0,0,0,0,-0.399140757285704,0,0,0,0,0,0,0,0,0.0820675277117831,0,0,0,0,-0.472988790566306,0,0,0,-0.0323424240747192,0,0.0780697723675323,0,0,0,0,0,0,0,-3.50426805074692,0,0,-0.418325197291396,0.303590490022441,0,0,0,0,0,0,0,0,0,0,0,-1.1343874891818,0,0,0,-0.325485363482036,0,0,0,0,0.505665033059328,0,-0.019382598735632,10.4994269192423,-0.285224895777972,0,0,0,0,0,0.231704202015175,0,0,0,0,0,0,0,0,0,0,0,0,0,0,-0.105553206491522
0,0.160927591772813,0,0,0,0,0,0,0,0,0,0,0,0,0,0,0,0,0,0,0,0,0,0,0,0,0,4.49496577123609,0,0.234929008559839,0,0,0,0,0,0,0,-0.476285931297872,0,0,0,0,0,-0.0715486332354327,0,0,0,0,0,0,0,0,0,0,0,0,0,0,0,0,0.174845765764496,0,0,0,0,0,0,0,0,0,0,0,0,0,0,0,0,0,0,0,0,0,0,0,0,0,-1.78893336691625,0,0,0,0,0,0,0,-0.37747188399015,0,0,0,0,0,0,0,0,0,0,0,0,0,0,-0.728332758566626,0,0,0,0,0,0,0,0,0,0,0,0,0,0,0,0,0,0,0,0,0,0,0,0,0,-0.412301976745851,0,0,0,0,0,0,0,0,0,0,0,0,0,-4.35746670728821,0,0,-0.782134343777074,0.337060396232338,0,0,0.0364971097185107,0,0,0,0,0,0,0,0,-1.06968600220913,0,0,0,-0.0481950600894459,0,0,0.175459622971222,-0.369618114437552,0.00252584245140075,0,0,11.041313156377,0,0,0,-0.121365326908574,0,0,0,0,0,-0.0843379981846339,0,0,0,0,0,0,0,0,0.184345098616348,0,0,0
0,0.503465974860218,0,0,0,0,0,0,0,0.0975200497575921,0,0,0.110819856153003,0,0,0,0,0,0,0,0,0,0,0,0,0,0,4.6496888256562,0,0.389913257823176,0,0,0,0,0,0,-0.719009947022335,0,0,0,0,0,0,0,0,0,0,0,0,0.108377311130245,0,0,0,0,0,0,0,0,0,0,0.468060742298198,0,0,0,0,0,0,0,0,0,0,0,0,0,0,0,0,0,0,0,0,0,0,0,0,0,-1.55883749857717,0,0,0,0,0,0,0,0,0,0,0,0,0,0.0458134165410289,0.00700475068107842,0,0,0,0,0,0,0,-1.46945128486487,0,-0.42286838271429,0,0,0,0.058981817080731,0,0,0,0,0,0,0,0,0,0,0,0,0.128837703379618,0,0,0,0,0,0,-0.139056540287986,0,0,0,0,0,-0.0302133028987261,0.0300913103728606,0,0,0,0,0,0,-3.21402362289614,0,0,-0.554215676654426,0.170510118154759,0,0,0,0,0,0,0,0,0,0,0,-1.47368674055616,0,0,0,0,0,0,0.157508285535589,-1.21020640470693,0,0,0,11.5441955478311,0,0,0.160611698073842,0,0,0,-0.187367669953098,0,0,-0.617408943126588,0,0,0,0,0,0,0.605958991277679,0,0.119594124328656,0,0,0
0,0,0,0,0,0,0,0,0,0,0,0,0,0,0,0,0,0,0,0,0,0,0,0,0,0,0,0,0,0,0,0,0,0,0,-0.263305879966073,0,0,0,0,-0.164760128660945,0,0,0,0,0,0,0,0,0,0,0,0,0,0,0,0,0,0,0,0,0,0,-0.564601885264974,0,0,-0.030013770741016,0,0,0,0,0,0,0,0,0.296973915088433,0,0,0,0,0,0,0,0,0,0,-2.90069862029519,0,0,0,0,0,-0.000502270982693842,0,0,0,0,0,0,0,0,0,0,0,0,0,0,0,0,0,0,0,0,0,0,0,0,0,0,0,0,0,-0.1287460565218,0,0,0,0,0,0,0,0,0,0,0,0,0,0,0,0,0,0,0,0,0,0,0,0,0,0,0,0,0,0,0,0,0,0,0,0,0,0,0,0,0,0,0,0,0,0,0,0,0,0,0,0,0,0,0,0,0,0,0,0,0,0,0,0,0,0,0,0,0,0.186921854244388,0,0,0,0,-0.276858820313159,0,0
-0.089228092882417,0,0,0,0,0,0,-0.158917425953473,0,-0.907412642543603,0,-0.810171710942317,0.133469916960665,0,-0.384699478674402,0,0,-1.35520421955525,0,0.0516408604291965,0,0,-0.437822202256033,0,3.13329028595796,-1.14773113595686,0,0,0,0,1.09328944937982,0,-0.710738029932569,0.691135554668387,0,0,0,0,0,0,0,-0.54083531209706,0,0,0,0,0,0,0,0,0,0,0,0,0,0,0,0,0,0,-1.83758959021343,0.447990713516234,0,-2.52111781633074,0,0,-2.15483951993723,0,-0.12368549048062,0,-0.0880025621356335,-4.81731164222709,0,-0.839029530552692,0,0,0,0,0,0,-0.0837145953569831,1.25842014747201,0.0209104613342312,0,0.301532223952076,0,0,0,2.41817385156982,0,0,-2.63214736521349,0,0,0,0,-0.468311742918832,1.44101647141049,-0.257416561847448,-1.29249789637009,0,0,-0.0962241971393027,0,0,0,0,-0.0399499468209124,-3.83778289901153,0,0,0,-0.562228549071378,1.04436429674831,0,0,0,0,0,0,0,0,5.75874994279474,0,0,0,0,0,0,0,0,-0.412687112963295,-5.19879358772551,-0.874351563987235,0,0,0,0,0.574141210178743,0,-0.107672013996048,0,0,0.0258324577430797,0,0,0,0,0,-6.88068906389101,0,0,0,1.30216925804816,0,0,0,0.341564259386,2.48789579117226,0.317610085620861,0,0,0,0,0,2.18556579113204,0,0.61755708426941,0,1.08275375790621,0,0,0,-0.13189950550838,0,0.322580301603907,-4.17478861757299,0.767897248056811,0,0,-0.162450129264343,-1.25393802468832,-1.44972872262725,-0.159258754329896,2.68824317913994,2.25813246726544,0,0,0,0,0,0.78170910116293,0,0.637713869322876,-3.42025939862781,-0.261288367008606,0.410021317367621,2.36414824560045,0,0
0,0,0,0,0,0,0,0.207090177518535,0,0,0,0,0,0,0,0,0,0,0,0,0,0,0,0,0,0,-0.613892543973158,0,0,0,0,0,0,0,0,0,0,0,0,0,0,0,0,0,0,0.905113952661423,0,0,0,0,0,0,0,0,0,0,0,0,0,-0.799865278052739,0,0,0,0,0,0,0,0,0,0,0,0,0,0,0,0,0,0,-0.162407459691978,0,0,0,0,0,0,0.0420722981584993,0,0.113532526858552,0,-0.25400042641756,0,0.496184106111747,0,0,0,0,0,0,0,0,0,0,0,0,0,0,0,0,0,0,0,0,0,0,-0.138628738894626,0,0,0,0,0,0,0,0,0,0,0,0,0,0,0,0,0,0,0,0,0,0,0,0,0,0,0,0,-0.273901905006326,-0.145195438493897,0,0,0,0,0,0,0,0,0,0,0,0,0,0,0,-1.46609813863871,0,0,0,0,0,0,0,0.49023466235559,0,0.136683405231223,0,0,0,0,0,0,0,0,0,0,0,0,0,0,0,0,0,0,0,0,0,0,0,1.05716377862738,-0.0223138945318806,0,0,0,0
0,0,0,0,0,0,0.240991043486286,0,0,0,0,0,0,0,0,0,0,0.214970594081721,0,0,0,0,0,0,0,0,0,0,0,0,0,0,0,0,0,0,-0.203660690973554,-1.12565595297113,0,0,0,0,0,0,0,-0.312877922070428,0,0,0,0,0,0,0,0,0,0,0,0,0,-0.662713965308357,0,0,0.00447224542720948,0,0,0,0,0,0,0,0,0,0,0,0,0,0,0,0,0.0190039447080117,0,0,0,0,0,0,0,0,0,0,0,0,0,0,0,0,0,0,0,0,0,-0.397926903578214,0,0,0,0,0,0,0.46060124028239,0,0,0,0,0,0,0,0,0,0,-0.255289789960681,0.0943094015376562,0,0,0,0,0,-1.39714967408354,0,0,-0.3846644625165,0,0,0,0,0.370265875003448,0,0,0,0,0,0,0,0,0,0,0,0,-0.316116444861467,0,0,0,0,0,0,0,0,0,0,0,0,0,0,0,0,0,0,0,-0.701344285645946,0,0,0,0,0,0,0,0,0,0,0,0,0,0,0,-0.904047647908163,-0.0204243396532211,-0.0714103817969003,0,-1.24591616856886,0,0.163520460469498,0,0,0,0,0,-1.00104716483644,0,0,0,0
0,0,0,0,0,0,0,0,0,-0.060999842234954,0,0,0,0,0,0,0,0.188707545559111,0,0,0,-0.313311044409594,0,0,0,0,0,0,0,0,0,0,0,0,0,0,0,0,0,0,0,0,0,0,0,0,0,0,0,0,0,0,0,0,0,0,0,0,0,-0.243272080957378,0,0,0,0,0,0,0,0,0,0,0,0,0,0,0,0,0,0,0,0,0,0,0,0,0,0,0,0,0,0,0,0,0,0,0,0.153478219881875,0,0,0,0,0,0,0,0,0,0.0200946653467466,0,0,0,0,0,0,0,0,0,0,0,-1.04868805536494,0,0,0,0,0,0,0,0,0,0,0,0,0,0,0,0,0,0,0,0,0,0,0,0,0,0,0,0,0,0,0,0,0,0,0,0,-0.1175679706391,0,0,0,0,0,0,0,0,0,0,0,0,0,0,0,0,0,0,0,0,0,0,0,0,0,0,0,0,0,0,0,0,0,0,0,0,0,0,0,0,0,0,0,0,0
0,0,0,0,0,0,0,0,0,-0.260740338253192,0,0,0,0,0,0,0,0,0,0,0,-0.271496824467838,0,0,0,0,1.37661057498341,0.700554180974164,0,0,0,0,0,0,0,0,0,0,0,0,0,0,0,0,0,0,0,0,0,0,0,0,0,0,0,0,0,0,0,-0.237112621875661,0,0,0,0,0,0,0,0,0,0,0,0,0,0,0,0,0,0,0,0,0,0,0,0,0,0,0,0,0,0,0,0,0,0,0,0,0,0,0,0,0,0,0,0,0,0,0,0,0,0,0,0,0,0,0,0,0,0,0,0,0,0,0,0,0,0,0,0,0,0,0,0,0,0,0,0,0,0,0,0,-0.0332794879122196,0,0,0,0,0,0,0,0,0,0,0,0,0,0,0,0,0,0,0,0,0,0,0,0,0,0,0,0,0,0,0,0,0,0,0,0,0,0,0,0,0,0,0,0,0,-0.0665914309053153,0.399576525577262,0,0,0,0,0,0,0.212873858729642,0,0,0,0,0
0,0,0,0,0,0,0.246939954083919,0,0,0,0,0,0,0,0,0,0,0,0,0,0,-0.133368975647815,0,0,0,0,0,0.235743436589706,0,0,0,0,0,0,0,0,0,0,0,0,0,0,0,0,0,0,0,0,0,0,0,0,0,-0.0253695674381011,0,0,0,0,0,-0.588338496155695,0,0,0,0,0,0,0,0,0,0,0,0,0,0,0,0,0,0,0,0,0,0,0,0,0,0,0,0,0,0,0,0,0,0,0,0,0,0,0,0,0,0,0,0,0,0,0,0,0,0,0,0,0,0,0,0,0,0,0,0,0,0,0,0,0,0,0,0,0,0,0,0,0,0,0,0,0,0,0,0,-0.393377834043953,0,0,0,0,0,0,0,0,0,0,0,0,0,0,0,0,0,0,0,0,0,0,0,0,0,0,0,0,0,0,0,0,0,0,0,0,0,0,0,0,0,0,0,0,0,0,0,0,0,0,0,0,0,0,0,0,0,0,0
0,0,0.0751069326018627,0,0,-0.490308211500203,0,0,0,0,0,-0.0214582415722488,0,0,0,0,0,0,0,0,0,0,0,0,0,0,0,0,0,0,0,0,0,1.10998705108773,0,0,0,0,0,0,0,0,0,0,0,0,0,0,0,0,0,0,0,-1.03956938769374,0,0,0,0,0,0,0,0,0,0,0,0,0,0,0,0,0,0,0,0,0,0.08490044413819,0,0,0.611716948189899,0,-0.0359238603252785,0,0,1.31429690233152,0,0,0,0,0,0,0,0,0,0,0,0,0,0,0,0,0,0,0,0.702781199236536,0,0,0,0,0,0,0,0,0,-0.228699223206732,0,0,0,0,0,0,0,0,0,0,0,0,0,0,0,0,0,0,-0.109667257900737,0,0,0,0,0,0,0,0,0,0,0,0,0,0,0,0,0,0.168725091473558,0,0,0.0964037709128669,0,0,0,0,0,0,-0.706800008884219,0,0.102879292282576,0,0,0,0,0,0.74279686231162,0,0,0,0,0,0,0,0,-0.302479614817128,0,0,0,0,0,-0.515538568200096,0,0,0,-0.0313670276836242,0,0.0615689482951782,0,0,0,0,0,-0.591228559915116,0,0,0,0
0,-0.70699537662076,0,0,0,-0.598216513171808,0,0,0,-0.0499209810646799,0,0,0,0,0,0,0,-0.0463800484933516,0,0,0,0,0,-0.426549896674514,0,0,0,0,0,0,0,0,0,0.308325887305295,0,0,0,0,0,0,0,0,0,0,0,0,0,0,0,0,0,0,0,0,0,0,-1.463129305678,0,0,0,0,0,-0.342840927004827,-2.47260134505387,0,0,0,0,0,0,0.494751898774148,0,0,0,0,0,0,0,0,0,-0.181568126532279,0,0,0,0,0.760031440406066,0,0,0,0,0,0,0,0,0.487441028532759,0,0,0,0,0,0,-1.03634520001892,0,1.87740427320076,0,0,0,-0.306659383780011,0,0,0,1.25732759773791,0,-1.86566954134414,0.0158870285721355,0,0,0,0,0,0,-1.20470376853697,0,0,0,-0.0741120131725723,1.12414101433529,0,0.202232905092351,0,0,0,-0.236219822563964,0,-0.35251913194276,0,0,0,0,0,0,0,0,-2.33379985412552,0,0,0,0,0,0,-2.52263176042422,0,0,0,0,0,0,0,0.270399268169305,0,1.19179983631229,0,0,0,0,0,0.243296469414334,0,-0.277951733171504,0,0,0,0,0,0,0,0,0,0,0,0,0,0,-0.327366982166282,0,0,0,0,0,0.250362261355584,0,0,0,-0.631537137616804,-0.138985585315609,-5.172796605807,0,-0.40645488028153,-0.368699015948424,-0.097639249596823
0,0,0.034241217879865,0,0,0,0.397265153056451,0,0,-0.779351761300024,0,0,0,0,0,0,0,0,0,0,0,-0.125936946353781,0,0,0,0,1.37883671496162,0,0,0,-0.06265141848528,0,0,0,0,0,0,0,0,0,0,0,0,0,0,0,0,0,0,0,0,0,0,0,0,0,0,0,0,-0.0170986163526516,0,0,0,0,0,0.354218441836697,0,0,0,0,0,0,0,0,0,0,0,0,0,0,0,0,0.0328894054593367,0,0,0,0,0,0,0,0,0.746419158524104,0,0,0,0,0,0,0,0,0,0,0,0,0,0,0,0,0,0,0,0,0,0,0,0,0,0,0,0,0,0,0,0,0,0,0,0,0,0,0,0,0,0,0,0,0.895821096018652,0,0,0,0,0,0,-5.20461551380038,0,0,0,-0.0343186202192818,0,0,0,0,0,0,0,0,0,0,0,0,0,0,0,0,0,0,0,0,0,0,0,0,0,0,0,0,0,0,0,0,0,0,0,0,0,0,0,0,0,0,0,0,0,0,0,0,0,0,0,0
0,0,0,0,0,0,0,0,0,0,0,0,0,0,0,0,0,0,0,0,0,0,0,0,0,0,0,0,0,0,0,0,0,0,0,0,0,0,0,0,-0.083468101773547,0,0,0,0,0,0,0,0,0,0,-0.763754617752692,0,0,0,0,0,0,0,-0.946596734776871,0,0,0,0,0,0,0,0,0,0,0,0,0,0,0,0,0,0,0.9850699749223,0,0,0,0,0,0,0,0,0,0,0,0,0,0,0,0,0,0,0,0,0,0,0,0,0,0,0,0,0,0,0,0,0,0,0,0,0.228953189295088,0,0,0,0,0,0,0,0,0,0,0,0,0,0,0,0,0,0,0,0,0,0,0,0,0,0,0,0,0,0,0,0,0,0,0,0,0,0,0,0,0,0,0,0,0,0,0,0,0,0,0,0,0,0,0,0,0,0,0,0,0,0,0,0,0,0,0,0,0,0,0,0.18082577596786,0,0,0,0,0,0,0,0,0,0,0,0
0,0,0,0,0,0,0,0,0,0,0,0,0,0,0,0,0,0,0,0,0,-0.0920878541986425,0,0,0,0,0.283360627004647,0.422973128592601,0,0,0,0,0,0,0,-0.852825615136988,0,0,0,0,-0.0259063444669407,0,0,0,0,0,0,0,0,0,0,0,0,0,0,0,0,0,0,-0.997918461114362,0,0,0,0,0,0,0,0,0,0,0,0,0,0,0,0,0,0,0,0,0,0,0,0,0,0,0,0,0,0,0,0,0,0,0,0,0,0,0,0,0,0,0,0,0,0,0,0,0,0,0,-0.17412337775248,0,0,0,0.213060483406211,0,0,0,0,0,0,0,0,0,0,0,0,0,0,0,0,0,0,0,0,0,0,0,0,0,0,0,0,0,0,0,0,-0.0140760079585167,0,0,0,0,0,0,0,0,0,0,0,0,0,0,0,0,0,0,0,0.205776739823668,0,0,0,0,0,0,0,0,0,0,0,0,0,0,0,0,0,0,0,0,0,0,0,0,0,0,0,0,0,0,0
0,0,0,0,0,0,0.0711484298730545,0,0,0,0,0,0,0,0,0,0,0,0,0,0,-0.249828681994319,0,0,0,0,1.63533216898253,0,0,0,0,0,0,0.512406328279618,0,0,-0.0285828744544627,0,0,0,0,0,0,0,0,0,0,0,0,0,0,0,0,0,0,0,0,0,0,-1.78768218963727,0,0,0,0,0,0,0,0,0,0,0,0,0,0,0,0,0,0,0,0,0,0,0,0,0,0,0,0,0,0,0,0,0,0,0,0,0,0,0,0,0,0,0,0,0,0,0,0,0,0,0,0,0,0,0,1.56094607600335,0,0,0,0,0,0,0,0,0,0,0,0,0,0,0,0,0,0,0,0,0,0,0,0,0,0,0,-2.26185026874756,0,0,0,0,0,0.0265721006921944,0,0,0,0,0,0,0,0,0,0,0,0,0,0,0,0,0,0,0,0,0,0,0,0,0,0,0,0,0,0,0,0,0,0,0.453105900317887,0,0,0,0,0,0,0,0,0,0,0,0,0,0,0
0,0,0,0,0,0,0,0,0,0,0,0,0,0,0,0,0,0,0,0,0,0,0,0,0,0,2.27082648077122,0.704628321781422,0,0,0,0,0,0,0,0,-1.08548940445058,0,0,0,0,0,0,0,0,0,0,0,0,0,0,0,0,0,0,-0.560989280038404,0,0,0,-1.94877429556376,0,0,0,0,0,0,0,0,0,0,0,0,0,0,0,0,0,0,0,0,0,0,0,0,0,0,0,0,0,0,0,0,0,0,0,0,0,0,0,0,0,0,0,0,0,0,0,0,0,0,0,0,0,0,0,0.422061213567595,0,0.0359720502102463,0,0.0299677962369378,0,0,0,0,0,0,0,0,0,0,0,0,0,0,0,0,0,0,0,0,0,0,0,-1.85385686246673,0,0,0,0,0,0,0,0,0,0,0,0,0,0,0,0,0,0,0,0,0,0,0,0,0,0,0,0,0,0,0,0,0,0,0,0,0,0,0,0,0,0,0,0,0,0,0,0,0,0,0,0,0,0,0,0
0,0,0,0,0,0,0.796201994785957,0,0,0,0,0,0,0,0,0,0,0,0,0,0,0,0,0,0,0,1.93358483569535,0.405610894937181,0,0,0,0,0,0,0,0,-1.35255418317596,0,0,0,0,0,0,0,0,0,0,0,0,0,0,0,0,0,0,-0.606586903427297,0,0,0,-2.04401579271247,0,0,0,0,0,0,0,0,0,0,0,0,0,0,0,0,0,0,0,0,0,0,0,0,0,0,0,0,0,0,0,0,0,0,0,0,0,0,0,0,0,0,0,0,0,0,0,0,0,0,0,0,0,0,0,0,0,0.435445645085932,0,0,0,0,0,0,0,0,0,0,0,0,0,0.418647682219701,0,0,0,0,0,0,0,0,0,0,0,-0.951843000710006,0,0,0,-0.0625709800947254,0,0.0911833514406153,0,0,0,0,0,0,0,0,0,0,0,0,0,0,0,0,0,0,0,0,0,0,0,0,0,0,0,0,0,0,0,0,0,0,0,0,0,0,0,0,0,0,0,0,0,0,0,0,0,0
0,0,0,0,0,0,0.644552827725092,0,0,0,0,0,0,0,0,0,0,0,0,0,0,0,0,0,0,0,1.55543292189484,0,0,0,0.0714685580676888,0,0,0,0,0,-1.30822602746448,0,0,0,0,0,0,0,0,0,0,0,0,0,0,0,0,0,0,-0.553923754233525,0,0,0,-1.26931578325605,0,0,0,0,0,0,-0.087820321095152,0,0,0,0,0,0,0,0,0,0,0,0,0,0,0,0,0,0,0,0,0,0,0,0,0.0133982408643247,0,0,0,0,0,0,0,0,0,0,0,0,0,0,0,0,0,0,0,0,0,0,0,0,0,0.250301665410438,0,0,0.252665945727455,0,0,0,0,0,0,0,0,0,0,0,0,0,0,0,0,0,0,0,0,-0.0181715148028549,0,-0.88537742435725,0,0,0,-0.99567586892503,0,0.325867155992597,0.0707196969855952,0,0,0,0,0,0,0,0,0,0.295367887158598,0,0,0,0,0,0,0,0,0,0,0,0,0,0,0,0,0,0,0,0,0.0331733691543248,0,0,0,0,0,0,0,0,0,0,0,0,0,0,0,0,0,0
0,0,0,0,0,0,0.819025308260843,0,0,0,0,0,0,0,0,0,0,0,0,0,0,0,0,0,0,0,1.62676709020802,0,0,0,0.03584746301339,0,0,0.244215399545111,0,0,-1.00722551887395,0,0,0,0,0,0,0,0,0,0,0,0,0,0,0,0,0,0,-0.147655876796575,0,0,0,-1.34785557606803,0,0,0,0,0,0,0,0,0,0,0,0,0,0,0,0,0,0,0,0,0,0,0,0,0.0173317973255076,0,0,0,0,0,0,0,0,0,0,0,0,0,0,0,0,0,0,0,0,0,0,0,0,0,0,0,0,0,0,0,0,0.306078984340381,0,0,0,0,0,0,0,0,0,0,0,0,0,0,0,0,0,0,0,0,0,0,0,0,0,-1.51409496642642,0,0,0,-0.583158146560104,0,0.218396457751638,0,0.0260003893347656,0,0,0,0,0,0,0,0,0,0,0,0,0,0,0,0,0,0,0,0,0,0,0,0,0,0,0,0,0,0,0,0,0,0,0,0,0,0,0,0,0,0,0,0,0,0,0,0
0,0,0,0,0,0,0.697893938472649,0,0,0,0,0,0,0,0,0,0,0,0,0,0,0,0,0,0,0,0.661587323934108,0,0,0,0,0,0,0,0,0,0,0,0,0,0,0,0,0,0,0,0,0,0,0,0,0,0,0,0,0,0,-0.103243075836891,0,-1.27721899455887,0,0,0,0,0,0,0,0,0,0,0,0,0,0,0,0,0,0,0,0,0,0,0,0,0,0,0,0,0,0,0,0,0,0,0,0,0,0,0,0,0,0,0,0,0,0,0,0,0,0,0,0,0,0,0,0,0,0.484017426448118,0,0,0,-0.0863685000224563,0,0,0,0,0,0,0,0,0,0.195610400188879,0,0,0,0,0,0,0,0,0,0,0,-1.1434051101384,0,0,0,-0.355933117824663,0,0.248966985388625,0,0,0,0,0,0,0,0,0,0,0,0,0,0,0,0,0,0,0,0,0,0,0,0,0,0,0,0,0,0,0,0,0,0,0,0,0,0,0,0,0,0,0,0,0,0,0,0,0,0
0,0,0,0,0,0,0.625792063622933,0,0,0,0,0,0,0,0,0,0,0,0,0,0,0,0,0,0,0,0.457812923261709,0,0,0,0,0,0,0,0,0,0,0,0,0,0,0,0,0,0,0,0,0,0,0,0,0,0,0,0,0,0,0,0,-1.24539692649585,0,0,0,0,0,0,0,0,0,0,0,0,0,0,0,0,0,0,0.103892446296654,0,0.195549035143231,0,0,0,0,0,0,0,0,0,0,0,0,0,0,0,0,0,0,0,0,0,0,0,0,0,0,0,0,0,0,0,0,-0.149702101108678,0,0,0,0,0,0,0,-0.0721287066693328,0,0,0,0,0,0,0,0,0,0,0,0,0,0,0,0,0,0,0,0,0,-1.17807986346393,0,0,0,-0.489611085022725,0,0,0,0,0,0,0,0,0,0,0,0,0,0,0,0,0,0,0,0,0,0,0,0,0,0,0,0,0,0,0,0,0,0,0,0,0,0,0,0,0,0,0,0,0,0,0,0,0,0,0,0
0,-0.107618663123566,0,0,0,0,0.340726849662365,0,0,0,0,0,0,0,0,0,0,0,0,0,0,0,0,0,0,0,1.39247257807011,0,0,0,0,0,0,0,0,0,-0.412288143945258,-0.00123132001609694,0,0,0,0,0,0,0,0,0,0,0,0,0,0,0,0,0,0,0,0,0,-1.08946913109695,0,0,0,-0.0147813936705334,0,0,0,0,0,0,0,0,0,0,0,0,0,0,0,0,0,0,0,-0.702042118234752,0,-0.0894978831232294,0,0,0,0,0,0,0,0,0,0,0,0,0,0,0,0,0,0,0,0,0,0,0,0,0,0,0,0,0,0,0,0,0,0,0,0,0,0,0,0,0,0,0,0,0,0,0,0,0,0,0,0,0,0,0.234968456131668,0,0,-0.597430223703214,0,0,0,0,0,0,0,0,0,0,0,0,0,0,0,0,0,0,0,0,0,0,0,0,0,0,0,0,0,0,0,0.206094921500889,0,0,0,0,0,0,0,0,0,0,0,-0.677946920655801,0,0,0,0,0,0,0.0832661596008435,0,0,0,-0.126888645963769,0
0,0,0,0,0,0,0.210223608923127,0,0,0,0,0,0,0,0,0,0,0,0,0,0,0,0,0,0,0.352363384895551,1.34116564143385,0,0,0,-0.112524651595661,0,0,0.101804575921945,0,0,-0.547301207032123,0,0,0,0,0,0,0,0,0,0,0,0,0,0,0,0,0,0,0,0,0,0,-1.2499350380317,0,0,0,0,0,0,0,0,0,0,0,0,0,0,0,0,0,0,0,0,0,0,0,0,0,0,0,0,0,0,0,0,0,0,0,0,0,0,0,0,0,0,0,0,0,0,0,0,0,0,0,0,0,0,0,0,0,0,0,0,0,-0.350171202101302,0,0,0,0,0,0,0,0,0,0,0,0,0,0,0,0,0,0,0,0,0,0,0,0,0,0,0,0,0,0,0,0,0,0,0,0,0,0,0,0,0,0,0,0,0,0,0,0,0,0,0,0,0,0,0,0,0,0,0,0,0,0,0,0,0,0,0,0,0,0,0,0,0,0,0,0,0,0
0,0,0,0,0.167818653759253,0,0.346303158745188,-0.159871428981639,0,1.26671596054056,0,0,0,0,0,0,0,0.406310899796009,0,0,-0.0564013841599407,0,0,0,0,0,0,0,0,-0.227216939126839,0,0,0,0,0,0,0,-0.0269998481704319,0,0.0431948974241911,-0.375992885768327,0,0,0,0,0,0,0,0,0,0,0,0,0,0,0,0,-0.682830157983281,0,0,0,0,0,-1.1492877541372,0,-0.183992341526058,0,0,0,0,0,0,0,0,0,0.205852642384724,0,0,0,0,0,0,-0.581312498607083,0,1.73228757603917,0,0,0,0.593009298022137,0,0,-0.577353958548883,0,0,0,0.828819645890397,0,0.670344743132372,0,0,0,0,0,0,0,0,0,0,0,0,0,0,0,0,0,-0.0361444538190452,0,0,0,0,1.1991362054592,-0.234179967085035,-0.288869508299932,0,0,0,0,0,0,0,0.163494924675347,0,0,0,0,-0.580199797605766,0,-0.0862732157990218,0,-0.740447047092678,0,0,0,0,0,0,0,0,0,0,0,0,0,-0.0904647511966545,0,0,0,0,0,0,0,0,0,0,0,0,0,0,0,0.17351295967083,0,0,0,0,0,1.03585162886947,0,0,0,0,0,0,0,0,0,0,0,-0.415798165547477,0,0,-0.175800289097247,0,0,0,0,0,0,0,0,0
0,0,-0.369160588875415,0,-0.490307482091698,-0.0417724729683686,0,0,0,0,0,0,0.415265778289908,0,-0.27812370396701,0,0,0,-0.126608991523039,0.712079013914906,0,0,0,0,0,0,0,0.120608561718702,0,0,-0.766626970817134,0.30444679542286,0,0,0,0,-0.547659750228987,0,0,0,0,-0.696527547367762,0,0,0,-0.327060752736821,0,0,0,0,0,0,0,0,0,0,0,0.377197743849574,0,0,0,0,0,-1.54837567242369,0,0,0,0,0,0,0,0,0,0,0,0,0,0,0,-1.08078493636006,0,-0.246136030959764,1.11949207026681,0,0,-0.453076590627054,0,0,0,0,0,-1.50033621461923,0,0,0,0,0,0,0,0,0,0,0,0,0,0,0,0,0.739206872949085,0,0,0,0,0,-0.804673301418471,0,0,0,0,0,0,0,0,0,0,-0.0843277244025202,0,0,0,0,0,0,2.38209613535138,0,0,0,0,0,0,0,0,1.23334885697585,0,0,0,0,0,0,0,0,0,0,0.733978723730906,0,0,0,0,0,0,0,0,0,0,0,0,0,0,0,-0.0667770033726907,0,0,0,0,0,0,0,0,0,0,0,0,0,0,0,0,0.327191095858989,-0.101562997674735,0,0,-0.138874052641922,0,0,0,0,0,0.0695140172002691,0,-0.00289638212455245,0,0
0,0,0,0,-0.143018653274511,0,0,0,0,0,0,0,0,0,0,0,0,0,0.803926668112262,0,0,0,0,0,0,0,0,0,0,0,0,0,0,0,0,-0.14261002758327,0,0,0,0,0,0,0,0,-0.254394097644086,0,0,0,0,0,0,0,0,0,0,0,0,0,0,0,0,0,0,0,0,0,0,0,0,0,0,0,0,0,0,0,0,0,0,0,0,0,0,0,0,0,0,0,0,0,0,0,0,0,0,0,0,0,0,-0.349751678409052,0,0,0,0,0,0,0,0,0,0,0,0,0,0,0,0,0,0,0,0,0,0,0,0,0,0,0,0,0,0,0,0,0.699642009414283,0,0,0,0,0,0,0,0,0,0,0,0,0,0,0,0,0,0,0,0,0,0,0,0,0,0,0,0,0,0,0,0,0,0,0,0.188371496945671,0,0,0,0,0,0,0.112252204027015,0,0,0,-0.0517188072479986,0,0,0,0,0,0,0,0,0,0,0,0,0,0,0,0,0,0,0,0
0,0,0,0,0,0,0,0,0,0,0,0,0,0,0,0,0,0,0,0,0,0,0,0,0,0.107594527473985,0,0,0,0,0,0,0,0,0,-0.361866509313744,0,0,0,0,0,0,0,0,0,0,0,0,0,0,0,0,0,0,0,0,0,0,0,-0.565031858802914,0,0,0,0,0,0,0,0,0,0,0,0,0,0,0,0.140905061444975,0,0,-0.842109607736279,-0.352831268382483,0,0,0,0,0,0,0,0,0,0,0,0,0,0,0,0,0,0,0,0,0,0,0,0,0,0,0,0,0,0,0,0,0,0,0,0,0,0,0,0,0,0,0,0,0,0,0,0,0,0,0,0,0,0,0,0,0.477038611205475,-0.0217633682064211,0,0,0,0,0,0,0,0,0,0,0,0,0,0,0,0,0,0,0,0,0,0,0,0,0,0,0,0,0,0,0,0,0,0,0,0,0,0,0,0,0,0,0,0,0,0,0,0,0,0,0,0,0,0,0,0,0,0,0,0,0,0
0,0,0,0,0,0,0,0,0,0,0,0,0,0,0,0,0,0,0,0,0,0,0,0,0,0.0622010750668738,0,0,0,0,0,0,0,0,0,-0.0681080171916706,0,0,0,0,0,0,0,0,0,0,0,0,0,0,0,0,0,0,0,0,0,0,0,-0.671419698235464,0,0,0,0,0,0,0,0,0,0,0,0,0,0,0,0.378723209866208,0,0,-0.677057306872624,-0.0178092216966674,0,0,0,0,0,0,0,0,0,0,0,0,0,0,0,0,0,0,0,0,0,0,0,0,0,0,0,0,0,0,0,0,0,0,0,0,0,0,0,0,0,0,0,0,0,0,0,0,0,0,0,0,0,0,0,0,0,0,0,0,0,0,0,0,0,0,0,0,0,0,0,0,0,0,0,0,0,0,0,0,0,0,0,0,0,0,0,0,0,0,0,0,0,0,0,0,0,0,0,0,0,0,0,0,0,0,0,0,0,0,0,0,0,0,0,0,0,0,0,0
0,0,0,0,0,0,0,0,0,0,0,0,-0.00707817411209799,0,0,0,0,0,0,0,0,0,0,0,0,0.127456892690461,0,0,0,0,0,0,0,0,0,0,0,0,0,0,0,0,0,0,0,0,0,0,0,0,0,0,0,0,0,0,0,0,0,-0.000708830112309933,0,0,0,0,0,0,0,0,0,0,0,0,0,0,0,0.292388051283232,0,0,-0.00318870180948849,-0.229629570108476,0,0,0,0,0,0,0,0,0,0,0,0,0,0,0,0,0,0,0,0,0,0,0,0,0,0,0,0,0,0,0,0,0,0,0,0,0,0,0,0,0.214145320860367,0,0,0,0,0,0,0,0,0,0,0,0,0,0,0,0,0,0,0,0,0,0,0,0,0,0,0,0,0,0,0,0,0,0,0,0,0,0,0,0,0,0,0,0,0,0,0,0,0,0,0,0,0,0,0,0,0,0,0,0,0,0,0,0,0,0,0,0,0,0,0,0,0,0,0,0,0,0,0
0,0,0,0,0,0,0,0,0,0,0,0,0,0,0,0,0,0,0,0,0,0,0,0,0,0,0,0,0,0,0,0,0,0,0,0,0,0,0,0,0,0,0,0,0,0,0,0,0,0,0,0,0,0,0,0,0,-0.0446889336565754,0,0,0,0,0,0,0,0,0,0,0,0,0,0,0,0,0,0.346118353196053,0,0,0,0,-0.118817186947891,0,0,0,0,0,0,0,0,0,0,0,0,0,0,0,0,0,0,0,0,0,0,0,0,0,0,0,0,0,0,0,0,0,0,0,0,0,0,0,0,0,0,0,0,0,0,0,0,0,0,0,0,0,0,0,0,0,0,0,0,0,0,0.609662381018521,0,0,0,0,0,0,0,0,0,0,0,0,0,0,0,0,0,0,0,0,0,0,0,0,0,0,0,0,0,0,0,0,0,0,0,0,0,0,0,0,0,0,0,0,0,0,0,0,0,0,0,0,0,0,0,0
0,0,0,0,0,0,0,0,0,0,0,0,0,0,0,-0.177553505595044,0,0,0,0,0,0,0,0,-0.653957187566375,0,0.200803970173237,0,-1.63151886772125,0,0,0,0,-0.595243111518655,0,0,0,0,0,0,0,0,0,0,-0.904708680984752,0,0,0,0,0,0,0,0,0,0,0.0234501285357649,0,0,0,-0.0333324313725221,0,0,0,0,-0.0379080598836976,0,0,-0.383787494796628,0,0,0,0,0,0,-0.098786799855396,0,0,0.111403203872565,0,-0.284260705360676,0,0,0,0,0,0,0,0,0,0.123098069848795,0,0,0,0,0,1.14955819386729,0,0,-0.134618241382538,0,0,0,0,-2.26505035503239,0,0,0,0,0,0,0,0,-0.858452711289477,0,0,0.610659502479676,0,0,0,0,-1.33340577889343,0,0,0,0,0,0,0,0,0,0,0,0,0,0,0,0.961780822715396,0,0,0,0,0,0,0,0,0,0,0,0,0,0,0,0.763183646536276,0,-1.1886117067898,0.140548444486551,0,0,0,0,0,-0.0329366182800723,0,0,0,0,0,-12.8020093613545,-0.312305891400747,0,1.44799210376517,0,0,0,0,0,0,0,0,-0.49442580609077,0,0,0,0,0,0,0,0,0,0,0.888167381668773,0,0,0,0,0,0.405989784737832,0,0,0
0,0,0,0,0.236975026831863,0,0,0,0,0,0,0,0,0,0,0,0,0,0,0,0,0,0,0,0.61515056069497,0,0,0.151990116888449,0.113983965416711,0,0,0,0,0,0,0,0,0,0,0,0,0,0,0,0,0,0,0,0,0,0,0,0,0,0,0,0,0.23048578049732,0,0,0,0,0,0,0,-0.158100111747042,0,0,0,0,0,0,0,0,0,0,0,0,-0.273458109379349,0,0,0,0,0,0,-0.395795893880607,0,0,0,0,0,0,0,0,0,0,0,0,0,0,0,0,0,0,0,-0.190728125625877,0,0,0,0,0,0,0,-0.255934830608362,0,0,0,-0.901832208733436,0,0,0,0,0,0,0,0,0,0,0,0,0,0.42711817281166,-0.372430796314648,0,0,0,-0.260243166370277,0,0,0,0,0,0,0,0,0,0,0,0,0,0,0,0,0,0,0,0,0,0,0,-0.950182508381521,0,0.270021499552494,-0.21763327066372,0,0,0,0,0.935630896299309,0,0,0,0,-0.896354555116021,0,0,0,0,0,0,0,0,0,0,0,0,0,-0.347598875233043,0,0,0,0,0.190907925893198,0,-0.281270984538556,0,0,0,-3.28888978986573,0
0,0,0,0,0,0,1.23018293640118,0,0.412299919193295,0,0,0,0,0,0,0,0,0,0,0,0.0857018651725541,0,0,0,0,-1.07591549195322,0,0,-0.683125516721117,0,0,0,0,-1.82011618695079,0,0,0,0,0,0,0,0,0,0,-1.18245455334633,0,-4.15894024426884,0,-0.422123854373324,0,0,0,0,0,0,0,0,0.0953276500225075,0,0,0,0,0,-2.42054325160473,0,0,0.872616132754432,0.0494377163386872,0,0,0.670179771981791,0,0,0,0,0,0,-0.981441188135009,0,-1.03101377835334,0,0,0,0,0,-0.613176543407183,0,0,0,0,0.233324483994477,0,0,0,0,0,0,0,-0.366362248876935,0,-0.430249161806926,0.0239342290245557,0,0,0,-0.0809267980167934,0,-0.0725804669773009,0,0,0,0,-0.938138531613298,0,0,0,0,0,0,0.783326113077199,0.700633763557659,0,-0.474824324100598,0,0,0,-0.555162944832641,0,-0.552171762280267,0,0,0.239329592392532,0,0,0,-0.204623117232422,0,0,0,0,0.311306988765562,0,0,-1.15364799239796,0,0,0,0,0,-0.27487733827058,0,0,0,0,0,0,0,0,0,0,0,0,0,0,0,0,0,-0.196004437767084,0,0,0,0,0,0,0,0,0,0,0,0,0,0,0,0,0,0,0,0,0,-0.584933985771481,0,0,0,0,0,0,0,-1.33894950107456,-0.066955387580151,0
0,0,0,0,0,0,0,0,0,0,0,0,0,0,0,0,0,0,0,0,0,0,0,0,0,0,0,0,0,0,0,0,0,0,0,0,0,0,0,0,0,0,0,0,0,0,0,0,0,0,0,0,0,0,0,0,0,0,0,0,0,0,0,0,0,0,0,0,0,0,0,0,0,0,0.120830172830062,0,0,0,0,0,0,0,0,0,0,0,-2.34991314477154,0,0,0,0,0,0,0,0,0,0,0,0,0,0,0,0,0,0,0,0,0,0,0,0,0,0,0,0,0,0,0,0,0,0,0,0,0,0,0,0,0,0,0,0.241005852426519,0,0,0,0,0,0,0,0,0,0,0,0,0,0,0,0,0,0,0,0,0,0,0,0,0,0,0,0,0,0,0,0,0,0,0,0,0,0,0,0,0,0,0,0,0,0,0.118738468431087,0,0,0,0,0,0,0,0,0,0,0,0,0,0,0,0,0,0,0,0,0,0
0,0,0,0,0,0,0,0,0,0,0,0,0,0,0,0,0,0,0,0,0,-0.0921152811277508,0,0,0,0,0.367701065755783,0,0,0,0,0,0,-0.251108188547944,0,0,0,0,0,0,0,0,0,0,0,0,0,0,0,0,0,0,0,0,0,0,0,0,0,0,0,0,0,0,0,-0.467183072514032,0,0,0,0,0,0,0,0,0,0,0,0,-0.238582845932105,0,0,0,0,0,0,0,-2.02499093541983,0,0,0,0,0,0,0,0,0,0,0,0,0,0,0,0,0,0,0,0,0,0,0,0,0,0,0,0,0,0,0,0,0,0,0,0,0,0,0,0,0,0,0,0,0,0,0,0,0,0,0,0,0,0,0,0,0,0,0,0,0,0,0,0,0,0,0,0,0,0,0,0,0,0,0,0,0.0032251687098428,0,0,0,0,0,0,0,0,0,0,0,0,0,0,0,0,0,0,0,0,0,0,0,0,0,0,0,0,0,0,0,0,0,0,0,0
0,0,0,0,0,0,0,0,0,0,0,0,0,0,0,0,0,0,0,0,0,0,0,0,0,0,1.89219356966781,0,0,0,0,0,0,0,0,0,0,0,0,0,0,0,0,0,0,0,0,0,0,0,0,0,0,0,0,0,0,0,0,0,0,0,0,0,0,0,0,0,0,0,0,0,0,0,0,0,0,0,0,0,0,0,0.0152727071878807,0,0,0,0,0,0,0,0,0,0,0,0,0,0,0,0,0,0,0,0,0,0,0,0,0,0,0,0,0,0,0,0,0,0,0,0,0,0,0,0,0,0,0,0,0,0,-0.0569213266857889,0.259237577607969,0,0,0,0,0,0,0,0,0,0,0,0,0,0,0,0,0,0,0,0,0,0,0,0,0,0,0,0,0,0,0,0,0,0,0,0,0,0,0,0,0,0,0,0,0,0,0,0,0,0,0,0,0,0,0,0,0,0,0,0,0,0,0,0,0,0,0,0,0
0,0,0,0,0,0,0,0,0,0,0,0,0,0,0,0,0,0,0,0,0,-0.0506135872599396,0,0,-0.127471060879926,0,2.60483331384318,0,0,0,0,0,0,0,0,0,0,0,0,0,0,0,0,0,0,0,0,0,0,0,0,0,0,0,0,0,0,-0.117136502836663,0,0,0,0,0,0,0,-0.258815391106995,0,0,0,0,0,0,0,0,0.209263238168767,0,0,0,0,0,0,0,0.223837188648485,0,0,0.127526136548364,0,0,0,0,0,0.0531255181439985,0,0,0,0,0,0,0,0,0,0,0,0,0,0,0,0,0,0,0,0,0,0,0,0,0,0,0,0,0.094397758365258,0,0,0,0,0,0,0,0,-0.16081719448997,0,0,0,0,0,0,0,0,0,0,0,0,0,0,0,0,0,0,0,0,0,0,0,0,0,0,0,0,0,0,0,0,0,0,0,0,0,0,0,0,0,0,0,0,0,0,0,0,0,0,0,0,0,0,0,0,0,0,0,0,0,0,0,0,0,0,0,0,0,0
0,0,0,0,0,-1.38698590575437,0,0,0,0,0,0,0,0,0,0,0,0,0,0,0,0,0,0,0,0,-0.355356600902262,0,0,0,0,0,0,0,0,0,0,0,0,0,0,0,0,0,0,0,0,0,0,0,0,0,0,0,0,0,0,0,0,0,0,0,0,0,0,0,0,0,0,0,0,0,0,0,0,0,0,0,0,0,0,0,0,0,0,0,0,0,0,0,0,0,0,0,0,0,0,0,0,0,0,0,-0.251888243782001,0,0,0,0,0.0849171075505042,0,0,0,0,0,0,0,0,0,0,0,0,0,0,0,0,0,0,0,0,0,0,0,0,0,0,0,0,0,0,0,0,0,0,0,0,0,0,0,0,0,0,0,0,0,0,0,0,0,0,0,0,0,0,0,0,0,0,0,0,-0.430443964584398,0,0,0,0,0,0,0,0,0,0,0,0,0,0,0,0,0,0,0,0,0,0,0,0,0,0,0,0,0,0,0
0,0,0,0,0,0,0,0,0,0,0,0,0,0,0,0,0,0,0,0,0,0,0,0,0.743847597364563,0,-1.48845703043549,0,0,0,0,0,0,0,0,0,0,0,0,0,-0.325682008497368,0,0,0,0,0,0,0,0,0,0,0,0,0,0,0,0,0,0,0,0,0,0,0,0,0,0,0,0,0,0,0,0,0,0,0,0,0,0,0,0,0,0,0,0,0,0,0,0,0,0,0.163027519611159,0,0,-0.277435566995554,0,0,0,0,0,0,0,0,0.236192366175239,0,-0.543302361677268,0,-0.365579125275581,0,0,0,0,0,0,0,-0.168393556177767,0,-0.0987731711493249,0,0.0673975571611019,0,0,0,0,0,0,0,0,0,0,0,0.225614671693303,0.648726569318636,0,0,0,0,0,0,-0.0130385635503454,0.405318072393751,0,0,0,0,-0.202585050429836,0,0,0,0,0,0,0,0,0,0,0,0,0,0.169298691022028,0,0,0.188360128095596,0,0,0,0,0,0,0,0,0,0,0,0,0,0,0,0,0,0,0,0,0,0,0,0,0,0,-0.167244871582463,0,0,0,0,0,0,0,0,0,-0.127496806973357
0,-0.696930429085211,0,0,0.418625088243799,0.100914413143835,0,0,0,0.104666754227264,0,0,0,0.135435952485623,0,0,0,0,0,0,0,-0.256895824319,3.81163526241723,0,0,0,0,0.2538167222744,0,0,0,0,-0.0431288395378033,0,0,0,0,0.614194307592629,0,0,0,-1.65961794062122,0,0,-2.95287075142987,-0.315454681513072,0,0,0,0,-0.588363917701597,0,0.131375954721561,0,0,0,-1.26167558702017,0.122055337165175,0,1.09721782381104,0,0,0.276577131445039,0,0,0,0,0,0,0,0,0,0.0257540716292088,-0.620129998519993,0,0,0,0.929808507803814,0,0.256336268968966,-0.599676142975794,0,0,-0.327015330352058,0,0,0,0,0,-0.0111975437398995,0,0,0,0,-0.699467845347596,-0.40278987270723,0,0,-0.119891719418919,0,0,0,0,-0.734386037830627,0,0,0,0,0,0,0,0,-0.304372972442975,0,0,0,0,0,0,0,0,0,1.90974241276011,0,0,0,0,-0.357781457434146,0,0,0,0.232110867103656,0.4365555833842,0,-0.0600276104450415,0,-0.521539903318789,0,0,0,0,0,0,0,0.153427559161157,0,0,0,0,0,0,0,0,0,0,0,0,0,0,0,0,0.177923833114701,0,0,0,0,0,-0.0928588929722352,2.11616420040508,0,0,0,0,0,0,2.04986067991378,0,0.829298421246483,0,0,0,0,0,0,0,0,0,0,0,0,0.872448676755067,0,0,-0.605073737279825,0,0,0.00706491732232672,0,0,1.69240322349404
0,0,0,0,0,0,0,0.445922337360669,0.522381063657459,0.0667947959215609,0,0,0,0.99432478394344,0,0,0,-0.309026287548534,0,0,0,0,2.56207498437068,0,0,0,0,0.693253269524277,-0.451727460864272,0,0,0,-0.769130254546863,-1.2546962776824,0,0,-0.724039083948172,0,0,0,0,-0.764741592127312,0,0,-0.483573986893855,0,0,0,-0.146297410682746,0,-1.91742239435336,0,0.11009229962019,0,0.325269339407888,0,-0.865895468416619,-0.495996011969404,0,0,0,0,4.3719176508408,0,0,-0.35348186982162,0,0,0,0,0,0,0,0,0,0,0,0,0,0,-1.44843350562927,0,0,-1.65933765577096,0,0,0,-0.950802009100666,0,0,0,0,0,0,0,0,0,0,-1.14691748433645,0,0,-0.30982732992793,0,0,0.669394566108872,-0.739391669997541,0,0,0,0.228855549230874,0,0,-1.42098182875802,-0.663569650840948,0,0,0,0,0,0,0,0,0.407802776393122,0,0,0,0,0,-0.763215678031364,0,0,0,0,0,0,0,-1.36575361290316,-0.0676867479083929,0,0,0,0,0,0,0,0,0,0,0,1.41929163942162,0,0,0.581812881036615,0,0,0,0,0,0,0,0,0,0,-0.298307061807093,0,0,0,-0.514628377468548,0,-1.05897495767629,0,0,0,-1.3970187726606,-0.950473995387578,0,0,0.588103698847492,0,0,0,0,0,0,0,0.132151120578049,0,0,0,0,0,0,0,0.675595292029078,0,0,0,-1.00246354534399,0,-0.346889147903479
0,0,0,0,0,0,0,0,0,0,0,0,0,0,0,0,0,0,0,0.17540621525224,0,0,0,0,-0.254902275740409,0,-2.05877730922456,0.219916674821208,0,-2.05293888399304,0,0,0,-0.562014470291177,0,0,0,0,0,0,0,0,0,-2.01276297847055,0,0,0,0,0,0,0,0,0,0,0,0,0,-0.0112745390205051,0,-0.0194416226323419,0,0,0,0,0,-0.346547959273157,0,0,0,0,0,0,0,0,0,0,0,0,0.262274795400117,0,0,0,0,0,0,-0.44007010194305,0,0,0,0,0,0,0,0,0,0,0,0,0.207656428585635,0,0,0,0,0,0,0,0,0,-0.353263978783788,0,0,-1.33513208494547,0,0,0,0,0,0,0,0,0,0,0.671549802157043,0,0,0,0,0,0,0,0,0.923559480311235,-0.497199127618779,0,0,0,0,0,0,0,0,0,0,0,0,0,0,0,0,0,0,0,0.0139198981605373,0,0,0,0,0,0,0,0,0,0,-0.196498951044155,0,0,0,0,0,0,0,0,0,0,0,0,0.0461260773223882,0,0,0,0,0,0,0,0,0,0,0,0,0,0,0,0,0,0,0,0,0,0,0
0,0,0,0,0,0,0,0,0,0,0,0,-0.0763769816194844,0,0,0,0,0,0.719701947394397,0,0,0,0,0,0,0,-1.35946563154837,0,0,-9.16124921795651,0,0,0,0,0,0.0568681540253393,0,0,0,0,0,0,0,0,0,0,0,0,0,0,0,0,0,-1.37226346259628,0,0,0,0.135476557540376,0.343087142543338,0,0,0,0,0,0,0,0,0,0,0,0,0,0,0,-0.0100185881647874,0,0,0,0,0,1.12481909403274,0,0,0,0,0,0,0,0,0,0,0,0,0,0,0,0,0,0.553770412315669,0,0.231828757921827,0,0.0686456347809297,0,0,0,0,0,0,0,0,0,0,0,0,0,-0.602680499634768,0,0,0,0,-0.257711626789434,1.10167188865594,0,0,0,0,0,0,0,0,0,0,0,0,0,0,0,0,0,0,0,0,0,0,0,0,0,-0.867658304910496,0,0,0,0,0,0,0,0,0,0,0.23028880082595,0,0,0.0319617981159228,0,0,0,0,0,0.444007387624044,0.554069413739991,0,0,0,0,0,0,0,0,0,0,0,0,0,0,0,0,-0.22914948146625,0,0,0.100557417721715,0,0,0,0,0,0,0,0,0,0
0,0,0,0,0,-0.0383555378703142,0,0,0,0,0,0,0,0,0,0,0,0,0,0,0,-0.154830037863388,0,0,-0.701387116701574,0,0,0,0,0,0,0,0,0,0,0,0,0,0,0,0,0,0,0,0,0,0,0,0,0,0,0,0,0,0,0,0,0,0,-1.03620572588899,0,0,0,0,0,0,0,0,0,0,0,0,0,0,0,0,0,0,-0.450441611530314,-0.437426216133276,0,0,0,0,0,0,0,0,0,0,0,0.922679356005284,0,0,0,0,0,0,0,0,0,0,0,0,0,0,0,0,0,0,0,0,0,0,0,0,0,-0.79884398490499,0,0,0,0,0,0,0,0,0,0,0,0,0,0,0,0,0,0,0,0,0,0,0,0,0,0,0,0,0,0,0,0.0413151750405252,0,0,0,0,0,0,0,0,0,0,0,0,0,0,0,0,0,0,0,0,0,0,0,-0.544482515112665,0,0,0,0,0,0,0,0,0,0,0.174683841933551,0,0,0,0,0,0,0,0,0,0,0,0,-0.117508653431223,0,0
0,0,0,0,0,0,0,0,0,-0.217557965041846,0,0,0,0,0,0,0,0,0,0,0,-0.569777173191095,0,0,0,0,0,0,0,0,0,0,0,0,0,0,0,0,0,0,0,0,0,0,0,0,0,0,0,0,0,0,0,0,0,0,0,0,0,0,0,0,0,0,0,0,0,0,0,0,0,0,0,0,0,0,0,0,0,0,0,0,0,0,0,0,0,0,0,0,0,0,0,0,0,0,0,0,0,0,0,0,0,0,0,0,0,0,0,0,0,0,0,0,0,0,0,-1.74018204174647,0,0,0,0,0,0,0,0,0,0,0,0,0,0,0,0,0,0,0,0,0,0,0,0,0,0,0,0,0,0,0,0,0,0,0,0,0,0,0,0,0,0,0,0,0,0,0,0,0,0,0,0,0,0,0,0,0,0,0,0,0,0,0,0,0,0,0,0,0,0.287462347258743,0,0,0,0,0,0,0,0,0,0,0,0
0,0,0,0,0,0,0,0,0,0,0,0,0,0,0,0,0,0,0,0,0,0,0,0,0,0,0,0,0,0,0,0,0,0,0,0.27152537728521,0,0,0,0,0,0,0,0,0,0,0,0,0,0,0,0,0,0,0,0.150491502012754,0,-0.0657936981881129,0,0,0,0,0,0,0.0354992299795953,0,0.0648554889766562,0,-2.36252635934084,0,0,0,0,0,0,0,0,0,1.7547080127088,0,0,0,0,0,0,0,0,0,0,0,0,0.963521703839482,0,0,0,0,0,0,0,0,0,0,0,0,0,0,0,0,0,0,0,0,0,0,0,0,0,0.869582407508672,0,-0.0592447975285106,0,0,0,0,0,0,0,0,0,0,0.770373589335442,0,0,0,0,0,0,0,0,0,0,0,0,0,0,0,0,0,0,0,0,0,0.211825102201705,0,0,0,0,0,0,0,0,-0.29135088738285,0,0,0,0,0,0,0,0,0,0,0,0,0,0,0,0,0,0,0,0,0,0,0,0,0,0,0,0,0,0,0.0577429437304398,0,1.16103803691749,0,0,0,0,-0.13867680605004
0,0,0,0,0,0,0,0,-0.577733971193338,0,0,-0.253494346531005,0,-0.489865357995735,0,0,0,0,0,0,0,0,0,0,0,0,-0.268897452716612,0,-0.134423168357231,0,0,0,0,0,0,0,0,0,0,0,0,0,0,0,0,0,0,0,0,0,0,0,-0.30153188114297,0,0,0,0.125788607073199,0,0,0,0,0,0,0,0,0,0,0,0,0,0,-1.11072421383512,0,0,0,-0.352284183873958,0,0,0,-1.5134421650005,0,0,0,0,0,0,0,0,0,0,0,0,-0.346941535722122,0,0,0,0,-0.0919594023661021,0,0.0309850963153626,-0.095239664607558,0,0,0,0,1.37764886087721,0,0,0,0,0,0,0,0,-0.558624720582868,0,0.303354877886997,0,0,-0.268048562254779,-0.658633265286006,0,0,0,0,0,0,0,-0.210068218679464,0,0,0,0,0,0.232917706273611,0,0,0,0,0,0,0,0,0.901098164198423,0,0,0,-0.452131938122653,0,0,0,0,0,0,0,0,0,0,0,0,0,0,0,0,0,0,0.0101324200065904,0,0,0,0,0.0612970943452316,0,0,0,0,0,0,0,-0.167933392381784,0,0.577187200333588,0,0,0,0,0,0.0143701560407112,0,0,0,0,0,0,1.22032054577974,0,0,0,0,0
0,0,0,0,0,0,0,0,0,0,0,0,0,0,0,0,0,0,0,0,0,0,0,0,0,0,0,0,0,0,0,0,0,0,0,0,0,-0.104432846197465,0,0,0,0,0,0,0,0,0,0,0,0,0,0,0,0,0,0,0,0,0,0,0,0,0,0,0,0,0,0,0,0,0,0,0,0,0,0,0,0,0,0,0,0,0,0,0,0,0,0,0,0,0,0,0,0,0,0,0,0,0,0,0,0,0,0,0,0,0,0,0,0,0,0,0,0,0,0,0,0,0,0,0,0,0,0,0,0,0,0,0,0,0,0,0,0,0,0,0,0,0,0,0,0,0,0,0,0,0,0,0,0.0338484926464107,0,0,0,0,0,0,0,0,0,0,0,0,0,0,0,0,0,0,0,0,0,0,0,0,0,0,0,0,0,0,0,0,0,0,0,0,0,0,0,0,0,0,0,0,0,0,0,0,0,0
0,0,0,0,0.113891833382447,0,0,0,0,0,0,0,0,0,0,0,0,0,0,0,0.04526811021208,0,0,0,0,0,0,0,0,0,0,0,0,0,0,0,0,-0.0615352849962429,0,0,0,0,0,0,0,0,0,0,0,0,0,0,0,0,0,0,-0.0767852291562781,0,0,0,0,0,0,0,0,0,0,0,0,0,0,0,0,0,0,0,0,0,0,0,0,0,0,0,0,0,0,0,0,0,0,0.787733303534738,0,0,0,0,0,0,0,0,0,0,0,0,0,0,0,0,0,0,0,0.102533389909175,0,0,0,0,0,0,0,0,0,0,0,0,0,0,0,0,0,-0.224162486505814,0,0,-0.0537745366497147,0,0,0,0,0,0,0,0,0,0,0,0,0,0,0,0,0,0,0,0,0,0,0,0,0,0,0,0,0,0,0,0,0,0,0,0,0,0,0,0,0,0,0,0,0,0,0,0,0,0,0,0,0,-0.0254185181888043,0,0,0,0,0,0,0,0,0,0,0,0,0
0,0.0422694547484821,0,0,3.96886744730961,-0.10345515377228,-0.722794426474634,0,0,0,-0.0696186065217457,-0.0770248192415319,0,0,0,0,0,0,0,0,0.0208586375708513,-0.0806797418627314,0,0,-0.504202190006616,0,-0.0729666480345732,0,0,0,-0.434514106021018,0,0,0,0,0,0,-0.731387270957825,0,0,0,0,0,0,0,0,0,0,0,0,0,0.706245529751194,0,-0.132180732871458,0,0,0,0,0,0,-0.629284492222512,0,-0.0516766912414788,-0.790062533793227,-0.665683158965874,0,0,0,0,0,0,0,0,0,0,0,-0.413275286214589,0,0.24232123792096,-0.587759330151136,0,0,0,0,0,0,0,0,0,0,0.0132163947314337,0,0,0,0,0,0,0.414659250039622,0,0,0,0,0,-0.44683710211593,0,0,0,-0.123921454573347,0,0,0,0,0,0,-0.934202448325898,0,0,0,0,0,0,-0.286344240948722,1.49123015138081,0,0,0,0.75263451853609,-0.0828047693772034,0,0,0,0,-0.324689883629336,0,0,-0.319070544873161,0,0,0,0,0,0.112764450972646,0,0,0,0,0,0,0,0.894947285258743,0,0,0,0,0,0,0,0,0,0,0.392039926156804,0,0,-0.265515905117502,0,0,0,0,0,0,0,0,0,0,0,0,0,0.162270347827675,-0.246239221738513,0,0,-0.830674749405388,0,0,0,6.32259259886807,0,1.26662856119404,0,0,0,0,0,0,0,0,0,0,0,0
0,0,0,0,-0.483754175321514,0,0,0,-0.0032535422995108,0,0,0,-0.105828119098699,0,0,0,0,0,0.427762758335223,0,0,0,0,0,0,0,0,0,0,0,0,-0.0114322567540881,0,0,0,0,0,0,0,0,0,0,0,0,0,0,0,0,0,0,0,0,0,0,0,0,0,0,0,0,-0.46544130597006,0,0,0.597972584455511,0,0,-0.0802405514246756,0,0,0,0,0,0,0,0,0,0,-0.315018194943433,0.245496774568992,0.162192169659268,-0.376086763561633,0,-2.47118194943312,0,0,0,0,0,0,0.919704266602452,0,0.0613209179540899,0,0,0,0.276856826147591,0,0,-0.384698196646337,0,0,0,0,0,0,0,0,0,0,0,0,0.111625296165644,0,0,0,0.628729862061218,0,-0.274800481901884,0,1.58650796753912,0,0,0,0,0,0,0,0,0,0,0,0.271563658006687,0.0608635033434721,0,0,0,0,0,0,0,0,0,0,0,0,0,0,0,0,-0.954893725410608,0,0,0.995856135759885,0,0,0,0,0,0,0,0,0,0,0,0,-14.6493612702825,0,0,0,-0.0995928902797165,0,0,0,0,0,-0.116808585160487,0,0,-0.00433623611974854,0,0,0,0,0,0,0,0,0,0,0,0.236227115322667,0.197773636092917,0,0,-2.49448636539689,0,0,0,0,0
-0.130223955026634,1.36656879882745,1.12954372961645,0,2.2366860880498,0,2.01124284604225,0,0,0,0,0,0.788292140338512,2.96461339843797,1.02792371544039,-1.06434287340635,-0.374692980408703,-2.57798113327717,0,0,0,0,1.41289719023306,0,0,0,0,0.670722064342423,0,0,-0.374183527052502,0.0232192486260316,0.563053976528574,0.259088120905759,0,-0.690282795417537,2.34346373167817,0,0,0,0,0,0,0,-0.606932536261947,0,0,0,0,0,0,0.0776278243215034,0.391319643254958,0,0,-1.07396826644538,0,4.62535989614899,0,-0.391541706355834,2.61632777516147,-0.54523906410862,0,0,0,0,0,0,-0.174665063326327,0,-0.692074138012823,-4.7454800243899,-2.08844506220684,0,1.73497707154619,0,0.184034975632092,3.73982131048478,-1.67138616740816,0,0.322159187273911,0.0113779541160082,5.88910632757145,0,-0.665616750864557,0,-0.794025404543791,3.87945882172228,0,-2.01798985933396,0.156898426314514,0,1.08861675775325,0.887913808140158,0,-4.46669671547687,0,-2.55183424586788,0.809181368459546,0.224388462759732,0.399317048972145,0,0,0,0.803486123552994,0,0,0,0,0,-0.33070039661985,0,0,0,0,0,0,0,0,-2.14728209310371,0,0,0,-0.856786978980523,0,0,0,-1.06079285740999,0,0,0,-1.58305234976298,-0.345820465058651,0,-0.102428391996618,-1.2898557464658,0,-0.441178617458462,0.0740498843347206,-1.09243170579533,0.517019157161843,0,0.287283988314718,0,0,0,0,0,1.29447205978715,0,0,1.93875849287841,0,-0.501755830705882,0,0,-0.574804196024419,0,-3.34484325923063,0,0,0,0,0.570881767421994,0,-11.4608248765681,0,0,-0.200179896700544,0.0783266153086049,0,0,0,-0.267979606303572,0,0.445777019512213,0,0,0,-0.732063623856611,0,0,0,-1.87245619607637,0,1.62111062384858,0,0,0,-0.26999239270875,0,0,0,0,5.80003439751958,0,0,0,0,0
0,0,0,0,0,0,0,0,0,0,0,-0.245812789251108,0,0,0,0,-0.379236182602371,0,0,-0.100249837351637,0,-0.100917288384786,0,0,0,0,0,0,-0.154409808533028,0,0,0,0,0.556857085671836,0,0,1.70910373128438,0,0,0,0,0,0,0.026398156706539,0,0,0,0,0,0,0,0,0,0,0,0,0,-0.792235250820666,0,0,0,0,0,0,0,0.633191203014545,0,0,0,0,0,-0.302320765035799,0,-0.255570499167852,0,0,-1.30786797127202,-0.455727854031199,0,0,0,0,0,0,-1.02976314316225,0,0,0,0.0563987380747073,0,0,0,0,0,0,0,0.599434991825206,0,0,0,0,0,0,0,0,0,0,0.308072093109653,0,0,0,0,0,0,0,0,0,0,0,0,0,0,0,0,0,0,0,1.49778428345963,0,0.477615467463244,0,0,0,0,0.729841746446614,0,0.734514893302463,-0.0808443931258629,0,0,0,0,0,0,0,1.08304228694247,0,0,0.427366839453036,0,0,0,0,0,0.225139915687747,0,0,0,0,0,0,0,-0.00210901735779712,-0.259564696825438,0,0.554922623602666,0,0,0,-0.650527406606704,0,0,0,0,0.971305442439896,-0.516665192894143,-0.112683989204713,0,0,-0.33769534422802,0,0,0,0.3140062288187,0,0.347433619364536,0,-0.34380992048453,0,0,0,0,1.06342650042907,0,0,0,0,0,0.502837931182828,0
0,0,0,0,0,0,1.88942460013822,0,-0.00107797067725968,0,0,0,0,0,0.532585680348598,0,0,0,0,-0.423633929774406,0,-0.272379074666466,0,0,0,0,0,0.0051718687212583,0,0,0,0,-2.17892728430174,0,0,0,0,0,0,0,0,0,0,0,0.153598396182213,0,0,0,0,0,0,0,0,0,0,0.318173771853192,0,0,0,0,0,0,0,0,-12.0596051930556,0.546424192429888,-0.345164025079914,0,0,-0.377704703091123,0,0,0,0,0,0.574954708050899,0,0,0,0,0,0,0,0,0,0,0.684541715997507,0,0,0,0,0,0,0.305755085973915,0,0,0.0288721484096062,0,0.746167195207208,0,0,0,0,0,0,0,0,0,-1.14801522263376,0,0,0,0,0,0,0,0,0,0,0,0,0,0,0,0,0,0,-2.34140984340827,0,0,0,0,0,0,0,0,-0.91329045315798,0,0,0,0,0,0,0,-0.176721156349076,0,0,-0.656644824207536,0,0,-0.0491262836840536,0,0,0,0,0,0,0,0,0,0,0,0,0,0,0,0,0,0,0,0.213620860902233,0,0,-0.961815917839858,0,0,0,0,0,0,0,0,0,0,0,0,0,0,0,0.30428275449805,0.823860907437813,0,0,0,0,0,0,0,0,-0.15803911911159
0,0,0,0,0,-2.30579367610114,0,0.213451357999823,0,-0.243459923113973,0,0,0,0,0,0,0,0,0,0,-0.0895118868258065,0,0,0,0,0,-0.121396599783684,0,0,0,0,0,-0.215367945153262,0,0,0,0,0,0,0,0,0,0,0,0,0,0,0,0,0,0,0,0,0,0,0,0,0,0,0,0,0,0,0,-2.42836788484743,0,0,0,0,0,0,0,0,0,0,0,0,0,0,0,0,0,0.208062624660622,0,-0.124402628666473,0,0,0.615886201931067,0,0,0,0,0,0,0,0,0,0,0,0,0,0,0,0,0,0,0,0,0,0,0,0,0,0,0,0,0,0,0,-0.141360792044915,0,0,0,0,0,0,0,-0.049931042410216,0,0,0,-0.219281787779942,0,0,0,0,0,0,0,0,0,0,0,0,0,0,0,0,0,0,0,0,0,0,0,0,0,0,0,0,0,0,0,0,0,0,0,0,0,-1.37309812273063,0,0,0,-0.00668469647090308,0,0,0,0,0,0,0,0,0,0,0,0,0,0,0,0.564921459199923,0,0,0,0,0,0,0,0,0,0
0,0,0,0,0,-0.591721648921897,0,0,0,-0.122165279378374,0,0,0,0,0,0,0,0,0,0,0,0,0,0,0,0,0,0,0,0,0,0,0,0,0,0,0,0,0,0,0,0,0,0,0,0,0,0,0,0,0,0,0,0,0,0,0,0,0,0,0,0,0,0,0,0,0,0,0,0,0,0,0,0,0,0,0,0,0,0,0,0,0,0,0,0,0,0,0,0,0,0,0,0,0,0,0,0,0,0,0,0,0,0,0,0,0,0,0,0,0,0,0,0,0,0,0,0,0,0,0,0,0,0,0,0,0,0,0,0,0,0,0,0,0,0,0,0,0,0,0,0,0,0,0,0,0,0,0,0,0,0,0,0,0,0,0,0,0,0,0,0,0,0,0,0,0,0,0,0,0,0,0,0,0,0,0,0,0,0,0,0,0,0,0,0,-0.0440219307558081,0,0,0,0,0,0,0,0,0,0,0,0,0
0,0,0,0,0,-0.120173736977804,0,0,0,0,0,0,0,0,0,0,0,0,0,0,0,0,0,0,0,0,0,0,0,0,0,0,0,0,0,0,0,0,0,0,0,0,0,0,0,0,0,0,0,0,0,0,0,0,0,0,0,-0.163569648300759,0,0,0,0,0,0,-0.0822096491933908,0,0,0,0,0,0,0,0,0,0,0,0,0,0,0,0,0,0,0,0,0,0,0,0,0,0,0,0,0,0,0,0,0,0,0,0,0,0,0,0,0,0,0,0,0,0,0,0,0,0,0,0,0,0,0,0,0,0,0,0,0,0,0,0,0,0,0,0,0,0,0,0,0,0,0,0,0,0,0,0,0,0,0,0,0,0,0,0,0,0,0,0,0,0,0,0,0,0,0,0,0,0,0,0,0,0,0,0,0,0,0,0,0,0,0,0,0,0,0,0,0,-0.0918955570498095,0,0,0,0,0,0,0,0,0,0,0,0,0
0,0,0,0,0,-0.409235083159545,0,0,0,0,0,0,0,0,0,0,0,0,0,0,0,0,0,0,0,0,0,0,0,0,0,0,0,0,0,0,0,0,0,0,0,0,0,0,0,0,0,0,0,0,0,0,0,0,0,0,0,0,0,0,0,0,0,0,0,0,0,0,0,0,0,0,0,0,0,0.183982133774076,0,0,0,0,0,0,0,0,0,0,0,0,0,0,0,0,0,0,0.108413373129274,0,0,0,0,0,0,0,0,0,0,0,0,0,0,0,0,0,0,0,-0.576253189448867,0,0,0,0,0,0,0,0,0,0,0,0,0,0,0,0,0,0,0,0,0,0,0,0,0,0,0,0,0,0,0,0,0,0,0,0,0,0,0,0,0,0,0,0,0,0,0,0,0,0,0,0,0,0,-0.227534593180251,0,0,0,0,0,0,0,0,0,0,0,0,0,0,0,0,0,0,0,0,0,0,0,0,0,0,0,0,0,0
0,0,0,0,0,-0.680029760877329,0,0,0,0,0,0,0,0,0,0,0,0,0,0,0,0,0,0,0,0,0,0,0,0,0,0,0,0,0,0,0,0,0,0,0,0,0,0,0,0,0,0,0,0,0,0,0,0,0,0,-0.0439075716477184,0,0,0,0,0,0,0,0,0,0,0,0,0,0,0,0,0,0,0,0,0,0,0,0,0,0,0,-0.914258610425431,0,0,0,0,0,0,0,0,0,0,0,0,0,0,0,0,0,0,0,0,0.299503089117128,0,0,0,0,0,0,0,0,0,0,0,0,0,0,0.00437704677612305,0,0,0,0,0,-0.108814167105733,0,0,0,0,0,0,0,0,0,0,0,0,0,0,0,0,0,0,0,0,0,0,0,0,0,0,0,0,0,0,0,0,0,0,0,0,0,0,0,0,-0.0560316353721735,0,0,0,0,0,0,0,0,0,0,0,0,0,0,0,0,0,0,0,0,0,0,0,0,0,0,0,-0.611506998784438,0,0,0,0
0,0,0,0,0,0,0,0,0,0,0,0,0,0,0,0,0,0,0,0,0,-0.115482808841721,0,0,0,0,0,0,0,0,-0.118499043883399,0,0,0,0,0,0,0,0,0,0,0,0,0,0,0,0,0,0,0,0,0,0,0,0,0,0,0,0,0,0,0,0,0,0,0,0,0,0,0,0,0,0,0,0,0,0,0,-0.0334935899486972,0,0,0,0,0,0,0,0,0,0,0,0,0.0810034161788282,0,0,0,0,0,0,0,0,0,0,0,0,0,0,0,0,0,0,0,0,0,0,0,0,0,0,0,0,0,0,0,0,0,0,0,0,0,0,0,0,0,0,0,0,0,0,0,0,0,0,0,0,0,0,0,0,0,0.0807242322976325,0,0,0,0,0,0,0,0,0,0,0,0,0,0,0,0,0,0,0,0,0,0,0,0,0,0,0,0,0,0,0,0,0,-0.0284869132970818,0,0,0,0,0,0,0,0,0,0,0,0,0,0,0,0
0,0,0,0,0,0,0,0,0,0,0,0,0,0,0,0,0,0,0,0,0,0,0,0,0,0,0.200094518194099,0,0,0,0,0,0,-0.131376917313234,0,0,0,0,0,0,0,0,0,0,0,0,0,0,0,0,0,0,0,0,0,0,0,0,0,0,0,0,0,0,0,0,0,0,0,0,0,0,0,0,0,0,0,0,0,0,0,0,0,0,0,0,0,0,0,0,0,0.95667846753729,0,0,0,0,0,0,0,0,0,0,0,0,0,0,0,0,0,0,0,0,0,0,-0.106237413781692,0,0,0,0,-0.0952780562149531,0,0,0,0,0,0,0,0,0,0,0.23522651793774,0,0,0,0,0,0,0,0,0,0,0,0,0,0,0,0,0,0,0,0,0,0,0,0,0,0,0,0,0,0,0.251573539153316,0,0,0,0,0,0,0,0,0,0,0,0,0,0,0,0,0,0,0,0,0,0,0,0,0,0,0,0,0,0,0,0,0.379527539024975,0,0,0,0,0
0,0,0,0,0,0,0,0,0,0,0,0,0,0,0.0380824751849356,0,0,0,0,-0.280614656222233,0,0,0,0,0,0,0,0,0,0,-0.339438911762466,0,0,0,0,0,0,0,0,0,0,0,0,0,0,-0.311676707432594,0,0,0,0,0,0,0,0,0,0,0,0,0,-0.379989856430221,0,0,0,0,0,0,-0.00526720104011491,0,0,0,0,0,0,0,0,0,0,-0.439608722395478,0,0,0,0,0,0,0,0,0,0,0,0,0,0,0,0,0,0,0,0,0,0,0,0.106234469807142,0,0,0,0,0,0,0,0,0,0,0,0,0,0,0,-0.745480277173033,0,0,0,0,0,0,0,0,-0.619083389169124,0,0,0,0,-0.153648066578013,0,0,0,0,0,0,0,0,0.659337891082323,0,0,0,0,0,0,0,0,0,0,0,0,0,0,0,0,0,0,0,0,0,0.487440991231259,0,0,0,0,0,0,0,0,0,0,0,0,0,0,0,0,0,0,0,0,0,0,0,0,0,0,0,0,0,0,0,0,0,0,0,0,0
0,0,0,0,0,0,0,0,0,0,0,0,0,0,0,0,0,0,0,0,0,0,0,0,0,0,0,0,0,-0.232286336544217,0,0,0,0,0,0,0,0,0,0,0,0,0,0,0,0,0,0,0,0,0,0,0,0,0,0,0,0,0,0,0,0,0,-0.0741395248123766,0,0,0,0,0,0,0,0,0,0,0,0,0,0,0,0,0,0,0,0,0,0,0,0,0,0,0,0,0,0,0,0,0,0,0,0,0,0,0,0,0,0,0,0,0,0,0,0,0,0,0,0,0,0,0,0,0,0,0,0,0,0,0,0,0,0,0,0,0,0,0,0,0,0,0,0,0,0,0,0,0,0,0,0,0,0,0,0,0,0,0,0,0,0,0,0,0.450831924987759,0,0,0,0,0,0,0,0,0,0,0,0,0,0,0,0,0,0,0,0,0,0,0,0,0,0,0,0,0,0,0,0,0,0,0,0,0,0,0
0,0,0,0,0,0,0,0,0,0,0,0,0,0,0,0,0,0,0,0,0,0,0,0,0,0,0,0,0,-0.0906863768268111,0,0,0,0,0,0,0,0,0,0,0,0,0,0,0,0,0,0,0,0,0,0,0,0,0,0,0,0,0,0,0,0,0,0,0,0,0,0,0,0,0,0,0,0,0,0,0,-0.259366288584975,0,0,0,0,0,0,0,0,0,0,0,0,0,0,0,0,0,0,0,0,0,0,0,0,0,0,0,0,0,0,0,0,0,0,0,0,0,0,0,0,0,0,0,0,0,0,0,0,0,0,0,0,0,0,0,0,0,0,0,0,0,0,0,0,0,0,0,0,0,0,0,0,0,0,0,0,0,0,0,0,0,0,0,0,0,0,0,0,0,0,0,0,0,0,0,0,0,0,0,0,0,0,0,0,0,0,0,0,-0.16333811858946,0,0,0,0,0,0,0,0,0,0,0,0,0
0,0,0,0,0.175666241575801,0,0,0,0,0,-0.164184260500492,0,0,0,0.109522038495623,0,0.354736547311622,0,0,0,0,-0.232427584093902,0,0,0.327412654032028,0,0,0,0,0,0,0,0,0,0,0,0.228552611446925,0,0,0,0,0,0,0,0,0,0,0,0,0,0,0.0285466593252484,0,0,0,0,0,-0.246127954446876,-0.55292014765086,0,-0.419438473724404,0.0536854937905169,0,0,0,0,0,0,0,0,0,0,0,0,0,0.888384856979568,0,0,0,0,0,-0.338007327564907,0,0,0.805470656758765,0,0,0,-0.0570343517343186,0,0,3.4832194487147,0,0,0,0,0,-0.252755837746567,2.00176030295804,0,0,2.13548997084146,0,0,-2.14529158834079,0,0,0,0.351738461537682,0,0,0,0.277129736953666,0,0,0.389729559351345,0,0.231185183523706,0,0,0,0,0,0,0,1.0808754796353,0,0,0,0,0,2.71930630500485,0,0,0,0,0,0,0,0,0.830981754120706,0,0,0,0,0,0,0,0,0,0,0,0,0,0,0,0,0,0,-1.30447973784701,0,0,0,-0.0216473547782556,0,0,0,0,0,-7.28949890722789,0,0.121926713064763,0,0,0,0,0,0,-0.11786373164367,0,-0.570991239872193,0,0,0,-1.28606570906148,0,0,0.140662069899635,0,0,0,0,0,0,0,0,0,0,0,-0.207330251609533
0,0,0,0,0,0,0,0,0,-0.596448592107242,0,0,0,0,0.125938900564337,0,0,0,0,0,0,0,0,0,0.886086491628097,0,0,0,0,-2.36925623993295,0,0,0,0,0,0,0,-0.344001842264736,0,0,0,0.689890322613896,0,0,0,0.331879721764751,0,0,0,0,0,0,0,0,0,0,0,0,0,0,0,0,0,0,0,0,0,0,0,0,0,0,0,0.0202998625637862,-0.223746233914992,1.28207711953652,0,0.92764205429488,0,0,0,0,0,0,0.787273489882541,0,0,0,-0.252094426465291,0,0,3.22173626765246,0,0,0,0,0.478147809095254,-0.29831054713238,3.09879294320983,0,0.414669025226382,1.65563070305173,0,0,-2.48221459569199,0,0,0,0.151687084217089,0,0,0,0.742923461087537,0,0,1.3800384053314,0,0.432711504310019,0,0,0,0,0,0,0,1.48912481565016,0,0,0,-0.298067133200768,0,2.72867765261511,0,0.0207056672918771,0,-0.476511282658911,0,0,0,0,1.20178976752481,-0.556174521301113,0,0,0,0,0,0,0,0,0,0,0,0,0,0,-0.0406071212126529,0.381880485124826,0,0,0,0,0,0,0,0,0,0,0,-8.96769210481801,0,0.377822765058279,0,0,0,0,0,0.780291963651981,0,0,0,0,0,0,-0.985095147406346,0,-0.298439748755259,0,0,0.411658337637884,0,0,0,0,0,0,0.566770873547104,0,0,-0.0270622295129201
0,0,0,0,0,0,0,0,0,-0.0050155524073654,0,0,0,0,0,0,0,0,0,0,0,0,0,0,0,0,0,0,0,0,0,0,0,0,0,0,0,0,0,0,0,0,0,0,0,0,0,0,0,0,0,0,0,0,0,0,0,0,0,0,0,0,0,0,0,0,0,0,0,0,0,0,0,0,0,0,0,0,-0.963331801335233,0,0,0,0,0,0,0,-0.232188121349833,0,0,0,0,0,0,0,0,0,0,0.0507460285305807,0,0,0,0,0,0,0,0,0,0,0,0,0,0,0,0,0,0,0,0,0,0,0,-0.0352831811816292,0,0,0,0,0,0,0,0,0,0,0,0,0,0,0,0,0,0,0,0,0,0,0,0,0,0,0,0,0,0,0,0,0,0,0,0,0,0,0,0,0,0,0,0,0,0,0,0,0,0,0,0,0,0,0,0,0,0,0,0,0,0,0,0,0,0,0,0,0,0,0.104039752545715,0,0,0,0,0,0,0
0,0.0461683723111421,0.252533322031403,0,0,-0.321958436515795,0,0,0,0,0,0,0,0,0,0,0,0,0,0,0,0,0,0,0,0,0,0,0,0,0,0,0,0,0,0,0.50968090369794,0,0,0,0,0,0,0,0,0,0,0,0,0,0,0,0,0,0,0,0,0,0,0,0,0,0,0,0,0,0,0,0,0,0,0,0,0,0,0,0,-0.699730601449221,0,0,0,0,0,0,0,0,0,0,0,0,0,0,0,0,0,0,0,0,0,0,0,0,0,0,0,0,0,0,0,0,0,0,0,0,0,0,0,0,0,0,0,0,0,0,0,0,0,0,0,0,0,0,0,0,0,0,0,0,0,0,0,0,0,0.427265479285703,0,0,0,0,0,0,0,0,0,0,0,0,0,0,0,0,0,0,0,0,0,0,0,0,0,0,0,0,0,0,0,0,0,0.369944429722271,0,0,0,0,0,0,0,0,0,0,0,0,0,0,0,0,0.0106637328222059,0,0,0,0,0
0,0,0,0,0,0,0,0,0,0,0,0,0,0,0,0,0,0,0,0,0,0,0,0,0,0,0,0,0,0,0,0,0,0,0,0,0,0,0,0,0,0,0,0,0,0,0,0,0,0,0,0,0,0,0,0,0,0,0,0,0,0,0,0,0,0,0,0,0,0,0,0,0,0,0,0,0,0,0,0,0,0,0,0,0,0,0,0,0,0,0,0,0,0,0,0,0,0,0,0,0,0,0,0,0,0,0,0,0,0,0,0,0,0,0,0,0,0,0,0,0,0,0,0,0,0,0,0,0,0,0,0,0,0,0,0,0,0,0,0,0,0,0,0,0,0,0,0,0,0,0,0,0,0,0,0,0,0,0,0,0,0,0,0,0,0,0,0,0,0,0,0,0,0,0,0,0,0,0,0,0,0,0,0,0,0,0,0,0,0,0,0,0,0,0,0,0,0,0,0
0,0,0,0,0,0,0,0,0,0,0,0,0,0,0,0,0,0,0,0,0,0,0,0,0,0,0,0,0,0,0,0,0,0,0,0,0,0,0,0,0,0,0,0,0,0,0,0,0,0,0,0,0,0,0,0,0,0,0,0,0,0,0,0,0,0,0,0,0,0,0,0,0,0,0,0,0,0,0,0,0,0,0,0,0,0,-0.356268978977503,0,0,0,0,0,0,0,0,0,0,0,0,0,0,0,0,0,0,0,0,0,0,0,0,0,0,0,0,0,0,0,0,0,0,0,0,0,0,0,-0.224839030799767,0,0,0,0,0,0,0,0,0,0,0,0,0,0,0,0,0,0,0,0,0,0,0,0,0,0,0,0,0,0,0,0,0,0,0,0,0,0,0,0,0,0,0,0,0,0,0,0,0,0,0,0,0,0,0,0,0,0,0,0,0,0,0,0,0,0,0,0,0,0,0,0,0
0,0.590193851271342,0,0,0,0,0.427025858988716,0,0,0,0,0,-0.169852279290365,0.235691172040306,0,0,0,0,0,0,0,0,0,0,0,0,0,0,0,0,0,0,0,0,0,0,0.408580777079334,0,0,0,0,0,0,0,0,0,0,0,0,0,0,0.0555409105803413,0,0,0,0,0,0,0,0,0,0,0,0.0284192456748951,0.110091736378118,0,0,0,0.00750977500700145,0,0,0,0,0,0,0,0,0,0,0,0.607006693638938,0,0.243637007491261,0,0,0,0,0,0,0,0,0,0,0,0,0,0,0,0,0,0,0,0,0,0,0,0,0,0,0,0,0,0,0,0,0,0,0,0,-0.0264268998891244,0,0,0,0,0,0,0,0,0,0,0,0,0,0,0,0,0,0,0,0,0,0,0,0,0,0,0,0,0,0,0,0,0,0,0,1.11216400421696,0,0,0,0,0,0,0,0,0,0,0.0844180502347471,0,0,0,0,0,0,0,0,-0.527089191923749,0,0,0,0,0,0,0,0,0,0,0,0,0,0,0.562492432175505,0,0,0,0,0,0,0,0,0
0,0,0,0,0,0,0.0898611686755646,0,0,0,0,0,0,0,0,0,0,0,0,0,0,-0.146312704818876,0,0,0,0,0,0,0,0,-0.0711235168230933,0,0,0,0,0,0,0,0,0,0,0,0,0,0,0,0,0,0,0,0,0,0,0,0,0.118601396118783,0,0,0,0,0,0,0,0,0,0,0,0,0,0,0,0,0,0,0,0,0,0,0,0,0,0,0,0,0,0,0,0,0,0.100328351573804,0,0,0,0,0,0,0,0,0,-0.0636910127584669,0,0,0,0,0,0,0,0,0,0,0,0,0,0,0,0,0,0,0,-0.368481684795383,0,0,0,0,0,0,0,0,0,0,0,0,0,0,0.280675419650895,0,0,0,0,0,0,0,0,0.123234311174667,0,0,0,0,0,0,0,0,0,0,0,0,0,0,0,0,0,0,0,0,0,0,0,-0.598520697578073,0,0,0,0,0,0,0,0,0,0,0,0,-0.0784985869547781,0,0,0,0,0,0,0,0,0,0,0,0,0,0,0,0,0,0,0
0,0,0,0,0,0,0,0,0,0,0,0,0.335707624514842,0,0,0,-2.1800372393466,0,0,0,0,-0.55349797674349,0,0,0.133987974713542,0,0,0.0436156483579193,0,0,0,0,0,0,0,0,0,0,0,0,0,0,0,0,0,0,0,0,0,0,0,0.255976044736163,0,0,0,0,0,0.270217662541081,0,0,0,-0.23307389332621,0,0.69531274448467,0,0,0,0,0,0,0,0,0,0.120245297754173,-0.339910696783927,0,0,0,0,0,-0.931955514510262,0,0,0,0,0,0,0,0.104891386052642,0,0,0,0,0,0.207183461042862,0.0135385808052191,0,0,0,0,0,0,-0.037282012683614,0,0,0,0,0,0,0,0,0,0,0,0,0,0,0.0521764203192283,0,0,0.6523017085408,0,0,0,0,0,0,0,0.00374199299669131,0.19964958058031,0,0.315128855809426,0,0,0,0,0,0,0,0.531089156733662,0,0,0,0.427178699818327,0,0,0,0,0,0,0,0,0,0,0,-1.65970512100667,0,0,0,-0.416988164339133,-1.30904198656855,0,0,-1.65300624627951,0,0.156182024172759,0,0,0,0,0,0,0,0,0,0,0,0.608294201602537,0,0,0,0,0,0,0.0402947954964232,0,0,0,0,0,0,0,0,0.156002285906965,2.60766183107526,0,0,0,0.117351451349698,0
0,0,0,0,0,0,0,0,0,0,0,0,0,0,0,0,0,0,0,0,0,-0.307636662607623,0,0,0,0,0,0,0,0,0,0,0,0,0,0,0,0.396895169956313,0,0,0,0,4.62703839781735,0,0,0,0,0,0,0,0,0,0,0,0,0,0,0,0,0,0,0,0,0,0,-0.272689094249895,0,0,0,0,0,0,0,0,-0.0474909034747295,0,0,0,0,0,0,0,0,0,-0.0194232278041935,0,0,0,0,0,0,0,0,0,0,0,0,0,0,0,0,0,-0.12212110052846,0,0,0,0,0,0,0,0,0,0,0,0,0,0,0,0,-0.454977497117759,0,-0.121459763743957,0,0,0,0,0,0,0,0,0,0,0,0,0,0,0,0,0,0,-0.682632322725611,0,0,0,0,0,0,0,0,0,-0.327008083778463,0,0,0,0,0,0,0,0,0,0,0,0,0,0,0,0,0,0,0,0,0,0,0,0,0,0,0,0,0,0,0,0,0,0.321141507389687,0,0,-0.404495764089159,0,0,0,0,0,0,0.00647782395010488,0,0,0,0,0
0,0,0,0,0,-0.171926186865137,0,0,-1.3587848963759,0,0,0,0,0,0.21809415130002,0,-1.06776767553982,0,0,0,0,0,0,0,-1.15049848226257,0,0,0.362789312839593,0,0,0,0,0,0,0,-0.354478290679385,0,0,0,0,0,0,1.7991267428529,0,0,0,0,0,0,0,0,0,0,0,0,0,0,0,0,0,0,0,0,0.992707570696497,0.229820820452417,0,0,0,0,0,0,0,0,-0.0845478890565825,0,0,0,0,-0.632067538455218,0,0,0,0,0,0,0,0,0,0,0,0,0.735700024682796,0,0,0,0.793685553994923,0,0,0,0,0,0,0,-0.136581188459285,0,0,0,-1.09584367019554,0,0,0,0.50417785753381,0,0,0,0,0,0,0,-0.714736997782977,0,0,0,0,0,0,0,0,0,0,0,0,0,0,0,0,-0.853796554699031,0,0,0,0,0,0,0,0,0,0,-0.31388338479007,0,0,0,0,0,0,0,0,0,0,0,0.590590005926018,-1.41748204704406,0,0,0,0,0,0,0,0,0,0,0.0904889331152285,0,0,0,0,0,0,0,0,0,0,0,0,0,0,0,0,0,0,0.12565814051492,0,0,0,0.345561748992244,0,0,0,0,0
0,0,0,0,0,0,0,0,0,0,0.0297807971494675,0,0,0,0,0,0,0,0,0,0,0,0,0,0,0,0,0.379916189279777,0,0,0,0,0,0,0,0,0,0,0,0,0,0,0,0,0,0,0,0,0,0,0,0,0,0,0,0,0,0,0,0,-0.00167869165840528,0,1.53934858018542,0.403893293944933,0,-0.252794288301841,0,0,0,0,0,0,0.0107375407564643,0,0,0,0,0,-0.36191816459015,0.205645714193537,-0.470142190088525,0,0,0,0,0,0,0,0,0,0,0,0,0,0,0,0,0,0,0,0,0,0.441448718608208,0,0,0,0,0,0,0,0,0,0,0,0,0,0,0,0,-0.510387705368883,0,0,0.167889772398353,0,0,0,0,0,0,0,-0.598731103174183,0,0.810360480944113,0,0.353965755101127,0,0,0,0,0,0,0,0,0,0,0,0,0,0,0,0,0,0,0,0,0,0,0,0,0,0,0,0,0,0,0,0,0,0,0,0,0,0,0,-0.407601470198386,0.373096251220265,0,0,0,0,0,0,-0.269714694535738,0,0,0,0,0,0,0,0,0,0,0,0,0,0,0,0,0
0,0,0,0,0,0,0,0,0,0,0,0,0,0,0.128365488130857,0,0,0,0,0,0,0,0,0,0.101858109900116,-0.491409703831701,0,0,0,0,0,0,0,0,0,0,0,0,0,0,0,0,0,0,0,0,-0.574567150657716,0,0,0,0,0,0,0.0395537623063766,0,0,0,0,0,0,0,0.231160325506873,0,0,-0.366158656555354,0,0,0,0,0,0,0,0,0,0,0,0,0,0,0,0,0,0,0,0,0,0,0.417659826523043,0,0,0,0.189340476946483,0,0,0,0,0,0,0,0,0,0,1.0485680993247,0,0,0,0,0,0,0,0,0,0,-0.0393804080251481,0,0,0,-2.37846531575569,0,-0.495925260279554,0,-0.255074462202638,0,0,0,0,1.27232988752739,0,0,0,0,0,0,0,0,0,0,0,0,0,0,0,0,0,0,0,0,0,0,0,0,0,1.29085631139937,0,0,0,0,0,0,0,0,0,0,-0.563610570764868,0,0,0,0,-0.24176210461979,0,0,0,0,0,0,0,0,0,0,0,0,0,0,-1.52249780550572,0,0,0,0,0,0,0,0,0,0,0,0,0,0,0,0
0,0,0,0,0,0,0.00186051092673734,0,0,-0.232950637111422,0,0,0,0,0,0,0,0,0,0.110590725355145,0,0,0,0,0,0,0,0,0,0,0,0,0,0,0,0,0,0,0,0,0,0,0,0,0,0,0,0,0,0,0,0,0,0,0,0,0,0,0,0,0,0,0,0,0,0,0,0,0,0,0,0,0,0,0,0,0,0,-0.24937909072551,0,0,0,0,0,0,0,0,0,0,0,0,0,0,0,0,0,0,0,0,0,0,0,0,0,0,0,0,0,0,0,0,0,0,0,0,0,0,0,0,0,0,0,0,0,0,0,0,0,0,0,0,0,0,0,0,0,0,0,0,0,0,0,0,0,0,0,0,0,0,0,0,0,0,0,0,0,0,0,0,0,0,0,0,-0.115686314739903,0,0,0,0,0,0,0,0,0,0,0,0,0,0,0,0,0,0,0,0,-0.504230887382312,0,0,0,0,0,0,0,0,0,0,0,0,0,0,0
0,0,0,0,0,0,0,0,0,-0.013277918674826,0,0,0,0,0,0,0,0,0,0,0,0,0,0,0,0,-0.00928843698544934,0,0,0,0,0,0,0,0,0,0,0,0,0,0,0,0,0,0,0,0,0,0,0,0,0,0,0,0,0,0,0,0,0,0,0,0,0,0,0,0,0,0,0,0,0,0,0,0,0,0,0,0,0,0,0,0,0,0,0,0,0,0,0,0,0.138953307571956,0,0,0,0,0,0,0,0,0,0,0,0,0,0,0,0,0,0,0,0,0,0,0,0,0,0,0,0,0,0,0,0,0,0,0,0,0,0,0,0,0,0,0,0,0,0,0,0,0,0,0,0,0,0,0,0,0,0,0,0,0,0,0,0,0,0,0,0,-1.10081328645105,0,0,0,0,0,0,0,0,0,0,0,0,0,0,0,0,0,0,0,0,0,0,0,0,0,-0.268304658179412,0,0,0,0,0,0,0,0.738374551798591,0,0,0,0,0
0,0,0,0,0.449455074680455,0,0,0,0,0,0,0,0,0,0,0,0,0,0,0,0,-0.200039526258343,0,0,0,0,0,0,0,0,0,0,0,0,0,-0.244180229135846,-0.39718154129588,0.92780547848733,0,0,-0.337761944933726,0,0,0,0,0,0,0,0,0,0,0,0,0,0,0,0,0.371819393710055,0,0,0,0,0,0,0,0.014441895727767,0,0,0,0,0,0,0,0,0,-0.90833800124949,0,0,-0.814173084102976,-0.215029344885689,1.0052277380101,0,0,0,0,0,0.00276429121064203,0,0,0,0,0,0,0,0,0.736591729986072,0,0,0,0,0,0,0,0,0,0,0,0,0,0,0,0,0.235270983337091,0,0,0,0,0,0,0,0,0,0,0,0,0,-0.184447483803972,0,0,0,0,0,-0.0894606870181129,0,0,0,0,0,0,0,0,0,0,0,0,0,0,0,0,0,0,0,0,0,0,0,0,0,0,0,-0.292173594371272,0,0,0,0,0,0,0,0,0,0,0,0,0,0,0,0,0,0,0,0,0,0,0,0,0,-0.107882441947313,-0.500787237894206,0,0,0,0,0,0,-0.00925782474058612,0,0,-1.20528890122626,0,0
0,0,0,0,0,0,0,0,0,0,0,0,0,0,0,0,0,0,0,0,0,-0.218100735064175,0,0,0,0,0,0,0,0,0,0,0,0,0,0,0,0,0,0,0,0,0,0,0,0,0,0,0,0,0,0,0,0,0,0,0,0,0,0,0,0,0,0.148020053566345,0,0,0,0,0,0,0,0,0,0,0,0,0,0,0,0,0,0,0,0,0,0,0,0,0,0,0,0,0,0,0,0,0,0,0,-0.152952968990996,0,0,0,0,0,-0.0420214820209224,0,0,0,0,0,0,0.0367442927381916,0,0,0,0,0,0,0,0,-0.0964149353297488,-0.167804436687403,0,0,0,0,0,0,0,0,0.966875013090247,0,0,0,0,0,0,0,0,0,0,0,0,0,0,0,0,0,0,0,0,0,0,0,0,0,0,0,0,0,0,0,-0.600908117408258,0,0,0,0,0,0,0,0,0,0,0,0,0,0,0,-0.129556743015702,0,-0.19441065127809,0,0,0,0,-0.0310423256872334,0,0,0,0,0,0,0,0,0,0,0,0,0
0,0.101430164003004,0,0,0,0,0.566998209556158,0,0,0,0,0,0.193965059442174,0,0.019990672984423,0,0,0,0.02848278030763,0,0,0,0,0,0.13087507625653,0,0,0,0,0,-0.478257644986339,0,0,0,0,-1.40158614091728,0,0,0,0,0,0,0,0,-0.107170583497415,0,0,0,0,0,0,0,0,0,0,0,0,-0.172163498469047,0,0,0,0,0,-0.281961190604816,-0.0616009170229623,0,-0.554619185822623,0,0,0,0,0,0,0,0,0,0,0,-0.044763962452842,0,0,0,0,-0.393966534479856,0,-0.377148715643365,0,0,0,0,0,0,0.439220192395691,0,0,0,0,0,0,0,0,0,0,0,0.00341100741675149,0,0,-0.253261911975371,0,0.487571221815937,0,-1.89609414940522,-7.18046202187401,0,0,0,0,0,0,0,-0.468089155916776,0,0,0,0,0,0,0,0,0.157733887903544,0,0,0,0,0,0,0,0,0,0,0,0,0,0,0,0,0,0,0,0,0,0,0,0,0,0,0,0,0,2.02881456855103,0.89335834100396,0,0,0,0,0,0.383794340409845,0,0,0,0,0,0,-0.0296450612908783,0,-0.720997224397108,0,0,0,0,0,0,0,0,0,0,0,0,0,0.337720712237138,0,0.41904298671389,0,0,0.808429629336494,0,0,0,0,0
0,0,0,0,0,0,0.572472285608251,0,0,0,0,0,0,0,0,0,0,0,0,0,0.0642817992399909,0,0,0,0,-0.10986239715664,0.128366284043184,0,0,0,-0.240385910570408,0,0,0,0,-0.16799027096022,0,0,0,0.137030582097176,0,0,0,0,0,-0.580509515149934,0,0,0,0,0,0,0,0,0,0,0,0,0,0,0,0,0,-0.758458370333442,-0.180432466906872,0,0,0,0,0,0,0,0,0,0,0,0,0,0,0,0,0,0,-0.377026469235823,0,0,0,0,0,0,0,-0.000925996776164117,0,0,-0.103016182060436,0,0,0,0,-0.711743585494577,0,0,0,0,0,0,0,0,0,0,0,-0.959569254629105,-8.5313293528016,0,0.444099562323923,0,0,0,0,0,0,0,0,-0.218480372738971,0,-0.113111770544125,0,0,0,0.755945604546803,0,0,0,0,0,0,0,0,0,0,0,0,0,0,0,0,0,0,0,0,0,0,0,0.0188382670042162,0,0,0.145418154843176,0,0,3.08427883552797,1.89256032372826,0,0,0,0,0,0.286912431900695,0,0.917447782911422,0,0,0,0,0,0,-0.0467050030295468,0,0,0,0,0,0,0,0,0,0,0,0,0,0.662373203912849,0,1.02417158349942,0,0,0.72648413088126,0,0,0,0,0
0,0,1.34783316448069,0,0,0,0,0,0,1.01638014727296,0,0.594285252748509,0,0,0,0,0,0,0,0,0,-0.178169600416415,0,-0.517224091163752,-0.266105270975344,0,0.297615573265372,0,0,0,-1.87493254426932,0,1.22709184715747,0.462546405952681,0,0,0,0,0,0.442509036318181,0,-0.10139826523697,0,0,0,0,0,0,0,0,0,0,0,0,0,0,0,0,0,0,-0.0986341720434354,0,0,0,-0.215857534914881,0.122331131083666,0.241892338797761,0,0,0,0,0,0,0,0,0,0,0,0,0.0661124638021899,0,0,0,0,0.283374400074458,0,0,0,0,0,0,0,0,0,0,0,0,0,-0.127438552067174,-1.24324276393367,0.615716110059871,0,0,0.494261796191483,0,0,0,0.419342787918022,0,0,0,0,-10.5218447393026,0,0,0,0,-0.448169152505717,0,0,0,0,0,-0.123999626151974,0,-0.259763473058877,0,0,0,1.50746998700808,0,0,-0.544651545085592,0,0,-1.30991667508585,0,0,0,0,0,0,0,0.930982452023621,0,0,0,1.55421862594942,0,0,0,0,-1.17341035767628,0,-0.265791134758107,0,0.0923258373497826,0,0,2.53616689672325,2.04139863920651,0.0797670773301948,0,0,0,0,0.528296782874429,-0.484360155921252,0.606753671709013,0,0,0,0,0,0,0,0.587156549298621,0,0,0,0,0,0,0.543050143053266,0,-0.458278345791947,0,0,0,0,0,1.59993058217128,0,-0.139270791083705,0,0,0,0,0,0
0,0,0,0,0,0,0,0,0,0,0,0,0,0,0,0,0,0,0,0,0,-0.470241491479725,0,0,0,0,0,0.053355117229654,0,0,0,0,0,0,0,0,0,0,0,0,0,0,0,0,0,0,0,0,0,0,0,0,0,0,0,-1.6651564419974,0,-0.79624457119092,0,0,0,0,0,0,0,0,0,0,0,0,0,0,0,0,0,0,0,0,0,0,0,0,0,0,0,0,0,0,0,0,0,0.404647719357475,0,0,0,0.26163684711185,0,0,0,0,0,0,0,0,0,0,0,0.204496576791515,0,0,0,0,0,0,0,0.0474968857320879,0,0,0,0,0,0,0,0,0,0,0,0,0,0,0,0,0,0,0.177220656013285,0,0,0,0,0,0,0,0,0,0,0,0,0,0,0,0,0,0,0,0,0,0,0,0,0,0,0,0,0,0,0,0,0,0,0,0,0,0,0,0,0,0,0,0,0,0,0,0,0,0,0,0,0,0,0,0,0,0,0,0,0,0,0,0,0
0,0,-0.00964198461562149,0,0,0,-0.688382815226375,0,0.201085973559148,0,0,0,-0.45835260615421,0,0,0,0,0,0,0,0,0,-0.02139583207366,0,0,0,0,0,0.0782779424734676,0,0,0,0,0,0,0,0,0.0356974202642555,0,0,0,0,0,0,0,0,0,0,0,-0.328279664986185,0,0,0,0,0,0,0,0,0,0,0,0,0,0,0,0,0,0,0,0,0,0,0,0,0,-0.351918605309005,0,0,0,0,0.934237793459868,0,2.23365595162464,0,0,0,0,0,0,0,0,0,0,0,-0.912868892650056,0,0,-0.151388464039147,-0.0860606294425574,0,0,-0.0941242710501478,0,0,0,-0.675548017453537,0,0,-2.34859408954649,0,0,0,0,0.423902270855525,-0.300623240603987,-0.287563507818571,0,0,0,0,-1.08426562840562,-0.0294542092417356,0.0293859554821307,0,0,0,0,0,1.03870168558334,0,0.0422020439505955,0,0,0,0,0,0,0,0,0,0,-0.38354365991781,0,0,0,0,0,0,-0.122327565761685,0,0,0,0,0,-1.55847026994222,0,0,0,0,0,0,0.288065797195,0,0,0,0,-0.0838040378160998,0,0,0,0,0,-1.25150044850306,0,0,-0.0832200580706,-0.114325462617722,0,0,-0.48548384845133,0,0,0,0,0,0,0.122631200268271,0,0,1.56639009163793,-0.94665982623787,0,-2.72733404439212,0,2.10003277448024,0,0,0,0,0
0,0,0,0,0,0,-2.32493288040272,0,0,0,0,0,0,-0.389391244766376,0,0,0,0,0,0,0,0,0,0,0,0,0.102075035002965,0,0,0,0,0,0,0,0,0.990481340952275,0,0,0,0,0,0,0,0,0,0,-1.28226705232514,0,0,-0.652605524578855,0,0,0,0,-0.389617137544255,0,0,0,0,0,0,0,0.0944697763399276,0,0,0.539155275151411,0,0,0,0,0,0,0,0,0,-0.998419800213289,0,0,0,0,0,0,0.842410957980784,0,-0.896388317779947,0,0,0,0,0,0,0.262377398690378,0,0,-0.188029673986692,0,0,0,-0.203289410730128,0,0,-0.39397514349474,0,0,0,0,0,0,-1.69591876021214,0,0,0,0,0,0,0,0,0,0,0,-2.33095322488978,-0.345020207761306,0.564934170479946,0,0,0,0,0,0.629435473748369,0,0,0,0,0,0,0,0,0,0,0,0,0,0,0,0,0,0,0,0,0,0,0,0,0,-0.146043236509621,0,0,0,0,-0.340008918026715,0,0.121026622715825,0,0,0,0,0,0.997096210679216,0,0,0,0,0,0,-0.656765889804569,0,-1.87794338812059,0,0,0,0,0,0,1.0516662964265,-0.69144698990571,0,0,0,0,1.79980225951589,-0.62635142502383,0,-2.11391146949123,0,2.61462086625403,0,0.096964923872813,0,0,0
0,0,0,0,0,0,-0.668789901484634,0,0,0,-0.596719072544489,0,0,-0.0749946388046074,0,0,0,0,0,0,0,0,0,-0.08469527049717,-1.35715849602371,0,0,0,0,0,0.0674281562388346,0,0,0,0,0.838764707444329,0,0,0,0,0,0,0,0,0,0,0,0,0,0,0,0,0,0,0,0,0,0,0,0,0,0,0.510375961767587,0,0,0,0,0,0,0,0,0,0,0,0,0,0,0.0702863992514282,0,0,0,0,0,0,0,0.10255404342832,0,0,0,0,0,0.907991316493764,0,-0.40856226513325,-0.415470375160404,0,0,0,-0.0875526020094395,0,-0.671432176435452,0,0,0,0.197930970518502,0,0,0,0,0,0,0,0,0,0,0,0,0,0,1.10249964535829,-0.479208260636599,-1.63227748163606,0,0,0,-0.314657777704748,0,0,0,0,0,0,0,0,0,0,-0.971490388652954,0,0,0,0,0,0,0.273267445300452,0,0,0,-0.145388402978423,0,0,0,0,0,0,0,0,0,0,0,0,0,0,0,0,0,0,0,0,0,0,0,0,0,0,0,0,-1.58590369281386,-0.227232416956881,0,0,0,0,0,0.53547139981391,0,0,0,0,0,0.646108923141909,0,0,0,0,1.91280244432573,0,0,-0.67141032372948,0,0
0,0,0.141755884987191,0,0,0,0,0,0,0,0,0,0,1.21766464394856,0,0,0,0,0,0,0,0,0,0,0,0,0,0,0,0,0.390790442193779,0,0,0.826000128459734,0,0,0,0,0,0.123045944247028,0,0,0,-0.179658146603395,-0.251425139603887,0,0,0,0.374197487126746,0,0,0,0,0,0,0,0,0.442342086109101,0,0,0,0,0.757892831224944,0,0,0,0,0.0941808913399302,0,0,0,0,0.486334319397479,0,0,0,0,0,0,0,0,0,0,0,-0.196215965962696,0,0,0,0,0,0,0,0,0,0,0,0,0,0,0,0,0,0,0,0,0,0,0,0,0,0,-0.21955606739405,0,0,0,0,0,0,0,0,0,0,0,0,0,0,0,0,0,0,0,0,0,0,0,0,0,0,0,0,-0.0385570840231231,0,0,0,0,0,0,0,0,0,0,0,-0.896523866622725,0,-0.140497949941525,0,-15.854468795899,0,0,0,0,0,2.96092485499354,-0.251132922923995,0,0,0,0,0,0,0,0,0,0,0,0,0,0,0,-0.24239059728835,0,0,0,0,0,0,0,0,0,0,0,0,0,0,-0.212104008741049,0,0,0.236294351245837,0,0
0,0,0,0,0,0,0,0,0,0,-0.362648464176563,0,0,0.0168796224364103,0,0,0,0,0,0,0,0,0,0,0,0,0,0,-0.21240628087999,0,0,0,0,0,0,0,0,-0.614244082044284,0,0,0,0,0,-0.254430928991033,0,0,-0.632489564315626,0,0,0,0,0,0,0,0,0,1.0330780336789,0,0,0,0,0,0,0,0,0,0,0,0,0,0,0,0,0,0,0,0,0,0.360475894817809,0,0,0,0,0,0,0,0,0,0,0,0,0,0,0,0,0,0,0,0,0,0,0,0.0952594614263194,0,0,0,0,0,0,0,0,0,0,0,0,0,0,0,0,0,0,0,0,0,0,0,0,0,0,0,0,0.642495449265166,0,0,0,0,0,0,0,0,0,0,0,0,0,0,0,0,0,0,0,0,0,0,0,0,-13.4752523072291,0,0,0,0,0,0,0,0,0,0,0,0,0,0,0,0,0,0,-0.28306098198424,0,0,0,0,0,0,0,0,0,0,0,0,0,0,0,0,0,0,0,0,0,0.182283968379629,0,0
0,0,0,0,0,0,0,0,0,0,0,0,0,0,0,0,0,0,0,0,0,0,0,0,0,-0.775545465956253,0,0,0,0,0,0,0,0,0,0,0,0,0,0,0,0,0,0,0,0,0,0,0,0,0,0,0,0,0,0,0,0,0,0,0,0,0,0,0,0,0,0,0,0,0,0,0,0,0,0,0,0,0,0,0,0,0,0,0,0,0,0,0,0,0,0,0,0,0,0,0,0,0,0,0,0,0,0,0,0,0,-0.397111368268187,0,0,0,0,0,0,0,0,0,0,0,0,0,0,0,0,0,0,0,0,0,0,0,0.834660288183612,0,0,0,0,0,0,0,0,0,0,0,0,0,0,0,0,0,0,0,0,0,0,0,0,-15.6837093928232,0,0,0,0,0,0,0,0,0,0,0,0,0,0,0,0,0,0,-0.099411546495042,0,0,0,0,0,0,0,0,0,0,0,0,0,0,0.0393703138097434,0,0,0,0,0,0,0,0,0
0,-0.0292722433633177,0,0,0,0,0,0,0,0,0,0,0,0,0,0,0,0,0,0,0,0,0,0,0,0,0,0,0,0,0,0,0,0,0,0,0,0,0,0,0,0,0,0,0,0,-0.145287440257042,0,0,0,0,0,0,0,0,0,0,0,0,0,0,0,0,0,0,0,0,0.103296636531462,0,0,0,0,0,0,0,0,0,0,0,0,0,0,0,0,0,0,-0.871536480971915,0,0,0,0,0,0,0,0,0,0,0,0,0,0,0,0,0,0,0,0,-0.739505036800629,0,0,0,0,0,0,0,0,0,0,0,0,0,0,0,0,0,0.55221055189981,0,0,-0.343117722267025,0.278290969438538,0,0,0,0,0,0,0,0,0,0,0,0,0,0,0,0,0,0,0,0,0,0,0,0,0,0,-17.0521796943152,0,0,0,0,0,0,0,0,0,0,0,0,0,0,0,0,0,0,0,0,0,0,0,0,0,0,0,0.00406570429704578,0,0,0,0,0,0,0,0,0,0,0,0,0,0,0
0,0,0,0,0,0,0,0,0,0,0,0,0,0,0,0,0,0,0,0,0,0,0,0,0,0,0,0,0,0,0,0,0,0,0,0,0,0,0,0,0,0,0,0,0,0,1.22394781743574,0,0,0,0,0,0,0,0,0,0,0,0,0,0,0,0,0,0,0,0,-0.129480895611661,0,0,0,0,0,0,0,0,0,0,0,0,0,0,0,0,0,0,0,0,0,0,0,0,0,0,0,0,0,0,0,0,0,0,0,0,0,0,0,0,0,0,0,0,0,0,0,0,0,0,0,0,0,0,0,0,0,0,0,0,0,0,0,0,0,0,0,0,0,0,0,0,0,0,0,0,0,0,0,0,0,0,0,0,0,0,0,0,-17.0458108859282,0,0,0,0,0,0.28035093282637,0,0,0,0,0,0,0,0,0,0,0,0,-1.95184862437035,0,0,0,0,0,0,0,0,0,0,0,0,0,0,0,0,0,0,0,0,0,0,0,0
0,0,0,0,0,0,0,0,0,0,0,0,0,0,0,0,0,0,0,0,0,0,0,0,0,0,0,0,0,0,0,0,0,0,0,0,0,0,0,0,0,0,0,0,0,0,0,0,0,0,0,0,0,0,0,0,0,0,0,0,0,0,0,0,0,0,0,0,0,0,0,0,0,0,0,0,0,0,0,0,0,0,0,0,0,0,0,0,0,0,0,0,0,0,0.0394898479868768,0,0,0,0,0,0,0,0,0,0,0,0,0,0,0,0,0,0,0,0,0,0,0,0,0,0,0,0.307655238384903,0,0,0,0,0,0,0,0,0,0,0,0,0,0,0,0,0,0,0,0,0,0,0,0,0,0,0,0,0,0,0,0,0,-17.6788998469603,0,0,0,0,0,-0.644149351195252,0,0,0,0,0,0,0,0,0,0,0,0,0,0,0,0,0,0,0,0,0,0,0,0,0,0,0,0,0,0,0,0,0,0,0,0,0
0,0,0,0,0,0,0,0,0,0,0,0,0,0,0,0,0,0,0,0,0,0,0,0,0,0,0,0,0,0,0,0,0,0,0,0,0,0,0,0,0,0,0,0,0.377680835854635,0,0,0,0,0,0,0,0,0,0,0,-0.276905048896163,0,0,0,0,0,0,0,0,0,0,0,0,0,0,0,0,0,0,0,0,0,0,0,0,0,0,0,0,0,0,0,0,0,0,0,0,0,0,0,0,0,0,0,0,0,0,0.00905483439193033,0,0,0,0,0,0,0,0,0,0,0,0,0,0,0,0,0,-0.0323973631607959,0.722232168366728,0,0,0,0,0,0,0,0,0,0,0,0,0,0,0,0,0,0,0,0,0,0,0,0,0,0,-0.557341462383879,0,0,0,0,0.778416981440547,0,-18.4987920224747,0,0,0,0,0,-1.69658510413321,0,0,0,0,0.143766465710708,0,0,0,0,0,0,0,0,0,0,0,0.0477026724675162,0,0,0,0,0,0,0,0,0,0,0,0,0,0,0,0,0,0,0,0
0,0,0,0,0,0,0,0,0,0,0,0,0,0,0,0,0,0,0,0,0,0,0,0,0,0,0,-0.585891313719032,0,0,-1.6372463990907,0,0,0,0,0,0,0,0,0,0,0,0,0,0,0,0,0,0,0,0,0,0,0,0,0,0,0,0,0,0,0,0,0,0,0,0,0,0,0,0,0,0,0,0,0,0,0,0,0,0,0,0,0,0,0,0,0,0,0,0,0,0,0,0,0,0,0,0,0,0,0,0,0,0,0,0,0,0,0,0,0,0,0,0,0,0,0,0,0,0,0.106342523582232,0,0,0,0,0,0,0,0,0,0,0,0,0,0,0,0,0,0,0,0,0,0,0,0,0,0,0,0,0,0,0,0,0,-0.32843973055554,-18.9680710271932,0,0,0,0,0,0,0,0,0,0,0,0,0,0,0,0,0,0,0,0,0,0,0,0,0,0,0,0,0,0,0,0,0,0,0,-0.449437146532494,0,0,0,0,0,0,0
0,0,0,0,0,0,0.276522841961784,0,0,0,0,0,0,0,0,0,0,0,0,0,0,0,0,0,0,0,0,0,0,0,0,0,0,0,0,0,0,0,0,0,0,0,0,0,0,0,0,0,0.346045926254153,0,0,-0.274272193985069,0,0,0,0,0,0,0,0,0,0,0,0,0,0,0,0,0,0,0,0,0,0,0,0,0,0,0,0,0.213443292403863,0,0,0,0,0,0,0,0,0,0,0,0,0,0,0,0,0,0,-0.304098853101951,0,0,0,-0.108602267045988,0,0,0,0,0,0,0,0,0,0,0,0,0,0,0,0,0,0,0,0,0,0,0,0,0,0,0,0,0,0,0,0,0,0,0,0,0,0,0,0,0,0,0,0,0,0,0,0,0,0,0,0,-14.569652579267,0,0,0,0,0,0,0,0,0,0,0,-0.0327256730517944,0,0,0,0,-0.154198041624464,0,0,0,0,0,0,0,0,0,0,0,0,-1.04071664605794,0,0,0,0,0,0,0,0,0,0,-0.25348631138175,0,0
0,0,0,0,0,0,0,0,0,0,0,0,0,0,0,0,0,0,0,0,0,0,0,0,0,0,0,0,0,0,0,0,0,0,0,0,0,0,0,0,0,0,0,0,0,0,0,0,0,0,0,0,0,0,0,0,0,0.680039618020426,0,0,0,0,0,0,0,-0.866234758495382,0,0,0,0,0,0,0,0,0.452407310642097,0,0,0,0,0,0,0,0,0,0,0,0,0,0.0322106235698529,0,0,0,0,0,0,0,0,0,0,0,-0.111374476768376,0,0,0,0,0,0,0,0,0,0,0,0,0,-0.254765373472505,0,0,0,0,0,0,0,0,0,0,0,0,0,0,0,0,0,0,0,0,0,0,0,0,0,0,0,0,0,0,0,0,0,0,0,0,0,0,0,0,0,-6.11282159251806,0,0,0,0,0,0,0,0,0,-0.803300798620549,0,0,0,0,0,0,0,0,0,0,-0.0512888379601921,0,0,0,0,0,0,0,0,0,0,0,0,0,0,0,0,0,0,0,0,0,0
0,0,0,0,0,0,0,0,0,0,0,0,0,0,0,0,0,0,0,0,0,0,0,0,0,0,-0.493490560189197,0,0,0,0,0,0,0,0,0,0,0,0,0,0,0,0,0,0,0,0,0,0,0,0,0,0,0.397508707212849,0,0,-0.236280473066959,0,0,0,0,0,-0.106616764184596,0,0,0,0,0,0,0,0,0,0,0,0,0,0,0,0,0,0.983710968036205,0,0,0,0,0,0,0,0,0,0,0,0,0,0,0,0,0,0,0,0,0,0,0,0,0,0,0,0,0,0,0,0,0,-0.262969119770717,0,0,0,0,0,0,0,0,0,0,0,0.59217561954153,0,0,0,0,-0.688480111336618,0,0,0,0,0,0,0,0,0,0,0,0,0,0,0,0,0,0,0,0,0,0,0,0,0,0,0,0,0,0.115606992976499,0,0,0,0,-0.147114509209708,0,0,0,0,0,0,0,0,0,0,0,0,0,0,0,0,0,0,0,-0.00234736161859894,-0.853252555312975,0,0,0,0,0,-0.0714323017617196,0,0,0,0,0,0
0,0,0,0,0,-0.223466811876523,0,0,0,0,0,0,0,0,0,0,0,0,0,0,0,0,0,0,0,0,0.253389352896221,0,0,0,0,0,0,0,0,0,0,0,0,0,0,0,0,0,0,0,0,0,0,0,0,0,0,0,0,0,-0.296893639373087,0,0,0,0,0,0,0,0,0,0,0,0,0,0,0,0,0,0,0,0,0,0,0,0,0,0,0,0,0,0,0,0,0,0,0,0,0,0,0,0,0,0,0,0,0,0,0.226542615171889,0,0,0,0,0,0,0,0,0,0,0,0,0,0,0,0,0,0,0,0,0,0,0,0,0,0,0,0,0,0,0,0,0,0,0,0,0,0,0,0,0,0,0,0,0,1.17882524180757,0,0,0,0,0,0,0,0,0,0,0,0,0,0,0,0,-0.253448143003524,0,0,0,0,0,0,0,0,0,0,0,0,0,0,0,0,0,0,0,0,-0.073053898349329,0,0.513328253128064,0,0,0,0,0,0,0,0,0,0
0,0,0,0,0,0,0,0,0,0,0,0,0,0,0,0,0,0,0,0,0,-0.0350747304005892,0,0,0,0,0,0,0,0,0,0,0,0,0,0,0,0,0,0,0,0,0,0,0,0,0,0,0,0,0,0,0,0,0,0.266858333277322,0,0,0,0,0,0,0,0,0,-0.0903388968469756,0,0,0,0,0,0,0,0,0.192438050146192,0,0,0,-1.07071793741718,0,1.05309313197496,0,0,0,0,0,-1.40667093698295,0,0,0,0,0,0,0,0,0,0,0,0,0.154240313369472,0,0,0,0,0,0,0,0,0,0,0,0,0,0,0,0,0,0,0,0,0,0,0,0,0,0,0,0,0,0.0360738537841381,0,0,0,0,0,0,0,0,0,0,-0.523962387441913,0,0,0,0,0,0,0,0,0.0384364163315449,0.167956959015244,0,0,0,0,0,0,0,0,0,0,0,0,0,0,0,-1.41682086265351,0,-0.360164265366301,0,0,0,0,0,0,0,0,0,0.0801480870213211,0,0,0,0,0,0,0,0,0.0539225757763953,0,0.0995312819013334,0,0,0.179326388019354,0,0,0,0,0,0,0
0,0,0,0,0,0,0,0,0,0.174193451675787,0,0,0,0,0,0,0,0,0,0,0,0,0,0,0,0,0,0,0,0,0,0,0,0,0,0,0,0,0,0,0,0,0,0,0,0,0,0,0,0,0,0,0,0,0,0,0,0,0,0,0,0,0,0,0,0,0,0,0,0,0,0,0,0,0,0,0,0,-0.23695128728797,0,0,0,0,0,0,0,-1.29845467602668,0,0,0,0,0,0,0,0,0,0,0,0,0,0,0,0,0,0,0,0,0,0,0,0,0,0,0,0,0,0,0,0,0,0,0,0,0,0,0,0,0,0,0,0,0,0,0,0,0,0,0,0,0,-0.62230056047538,0,0,0,0,0,0,0,0,0,0,0,0,0,0,0,0,0,0,0,0,0,0,0,0,0,-1.09511081045309,0,0,0,0,0,0,0,0,0,0,0,0,0,0,0,0,0,0,0,0,0,0,0,0,0,0,0,0,0,0,0,0,0
0,-0.432580952341959,1.07712075954723,0,0,0,0,0.595457219709129,0.794696608529585,0,0,0,0,0,0,0,0,0,0,0.11377678349909,0,0,0,0,0,-1.46690905928587,0,0,1.03144722723641,0,0,0,0,0,0,0,0,-1.19668655620105,0,-0.0553615554003424,0,0,0,0.804541021736508,-1.0048683069825,0,0,0,0,-0.0934558826496668,0,0,0,0,0,0,0,0,0,0,0,0,3.24016308667521,0,0,0,0,0,0,0.0529987484920804,0.751131198806473,0,0,0,0,0,0,0,0,0,2.97473839570684,0,0,0,-0.68935994945346,0.171025580117769,0.298806637343521,0,0.491748778129592,0,0,0,0,0,0,0,0,0,0,0,0,0,-0.295866502539736,0,0,0,0,0,-0.186694701140886,0,0,0,0,0,0,0.699083929480426,0,0,0,-1.36276653723081,0,1.0347248318918,0,0,0,0,0,0.394832160364493,0,0,0.454298353732383,0,1.1749258079034,0,0,0,0,0,0,0,-0.305051333951026,0,0,0,0,0,0,0,0,0,-0.0806598496939039,0,0,0.566821098493603,0,0,0,0,0,0,0,0,2.10548393617893,0.269245763317085,0,0,0,0.374614563219819,0,0,0,0,0,0,0,1.23619099052347,0,0,0,0,0,-2.89205614005851,0,0,0,0,0.0842666607452631,-0.131995582742674,0,0,0,0,0,0,0,0,0,0,0,0.0331703019920484
0,0.0532650849794931,0,0,0,0,-1.25895432440564,0,0,-0.262436289889924,0,-0.503056610143688,0,0,0,0,0,0,0,0,0,-0.793565847932596,0,0,0,-3.13838785678516,0,0,-0.111429041134124,0,0,0,0,0,0,0,0,0,0,0,-0.693563898956122,0,0,-3.76161641642439,-1.4142111699886,0.808172460061268,-1.69602808102228,0,0,0,0,0,0,0,0,0,-1.60200336260375,0,0,0,0,0,0,0,0.504669150290612,-0.306542953370525,0,0,0,0,0,0,0,0,0,0,0,0,0,0.416818386397172,0.0165623428310309,0,0,0,0,-0.0379438470595985,0,0,0,-1.00572105622482,0,0,-0.0286699336078902,0,0,-0.535983813626739,0,0,0,0,0,0,0.0579018823101956,0.870128044379591,-0.922401614427255,0,0,0,0,0,0,0,0,0,0.0688142973856893,-0.498340705969209,0,0,0,0,0.443752517712909,0,0.0927599882854677,0,0,0,-0.999806148478564,0.389721517396793,0,0,0,0,0,0,0,0,0,0,0,0,0,0,0,0,0,0,0,0,-0.540393098026674,0,0,0,0,0,0,0,0,0,0,0,0,0,0,0,0,0,0,0,-0.901120706187521,0,0,0,0,-0.871361466426538,0,0,-0.0569550752052503,0,0,0,0,0,0.118340489570082,0.155383066950711,-0.804080354595204,0,0,0,0,0,0,0,0,0,0.637224345174781,-0.584763490350436,0,0,0,0
0,0,0,0,0,0,0,0,0,0,0,0,0,0,0,0,0,0,0,0,0,-0.302187327742151,0,0,0,0,0,-0.496980186580696,0,0,0,0,0,0,0,0,-0.454676037789483,0,0,0,0.762972726970042,0,0,0,0,0,0,0,0,0,0,0,0,0,0,0,0,0,0,0,0,0,0,0,0,0,0,0,0,0,0,0,0,0,0,0,0,0,0,0,0,0,0,0,0.0255759147194552,-0.0794645078115066,0,0,0,0,0,0,0,0,0,0,0,0,0,0,0,0,0,0,0,0,0,0,0,0,0,0,0,0,0,0,0,0,0,-0.31138163048683,0,0,-1.95366448153296,0,0,0,0,0,0,0,0,0,0,0,0,0,0,0,0,0,0,0,0,0,0,0,0,0,0,0,0,0,0,0,0,0,0,0,0,0,0,0,0,0,0,0,0,0,0,0.102517215467408,0,0,0,0,0,0,0,0,0,0,0,0,0,0,0,0,0,0,0,0,0,0,0,0.659884931600155,0,0,0,0,0,0
0,0,0,0,-0.705556620304704,0,0,0,0,0.192261490516497,0,0,0,0,0,0,-0.0965504852460837,0,0,0.209539639776262,-0.00292431993783837,0,0,0.505158946075222,0.292589578466738,0,0,-0.387087327987096,0,0,0,0,0,0,0,-0.653229582453852,0,-0.293239102525102,0,0,1.87264585143863,0,0,0,0,0,0.0305497270915267,0.329627890174119,0.395608246210278,0,0,-1.08870183051113,0,0,0,-2.3521669227079,0,0,-1.32500991200996,0,0,0,0,0,0,0,0,-0.405997532897862,0,0,0,0,0,0,0,0,0,2.03482525605797,0,0,0,0,0,-0.726795298589909,0,-0.456140955598519,0.223386820325152,0,-1.0572414950145,-0.0870392350050102,0,0,-0.154808480172511,0,0,-0.617621284958996,0,0,0,0,0,0,0,-0.16799920088753,0,0,0,0.136569720134323,0,0,0.332533536401354,0,0,-0.278457425833545,0,0.0369574422735188,-0.0385177824513583,0,0,-3.40335541583517,0.591948081541927,0,-6.70496048778776,0,0,0,-1.43131938388283,0,1.43962601139661,0,0,0,0,0,0,0,0,0,0,0,0,0,0,1.0438159351025,0,0,0,0.782413657591045,-0.84216445270508,0,0,0,0,0,0,-0.799281779464237,0,0,0,0,0.774032191820728,0,0.244955268623017,0,0,0,0,0,0,0,0,0,0,0,0,0,0,0,0,0,0,-0.825982023134487,0,-0.10984727598824,-0.151377483427415,0,0,0,0,0,0.0762843468872045,0,0,5.13613413194172,0,0,1.43172798448524,0,0,0
0,0,-0.0321582080700502,0,-1.11499650389226,-0.0883131817101861,0,0,1.7629969009313,0,0,0,0,0,0,-0.48061859308048,-1.14813551405192,0,0.442237306790965,0,0,0,0,1.14536596814791,1.04549743770872,0,0,0,0,0,-0.156826345405748,0,0,-0.687228050136421,0,-0.885953192477789,0,-2.04736896042923,0,0,1.32262195935058,0,0.996592918493275,0,0,0.261037587733535,0,0,0,0,0,-0.458271536214357,0,0,0,-3.47819328884522,0,-0.11011971737039,-1.36668033345734,0,-0.552311409178759,0,0,0,0,1.18046366174723,0,-0.190182693549762,0,0,1.20925071560334,0,0,0,0.0487550740262408,0,0,1.95979556381263,0,0.100317642334631,0,0,0,0,0,0,0.249971411860533,-0.144136869905969,-1.42369178240355,-1.86243243341258,0,0,0,0,0,0,0,-0.962994415522613,0,0,0,0,0,-0.610226165228223,0,0,0,0.981467988668614,0,0,0.712620916922923,0,-0.045279043491262,-1.08943939603928,0.425857620458173,0,0,0,0,-3.97299166230567,0.785266591142886,0,-10.1643458632896,0,0,0,-1.18096652685154,0,2.02268573319365,0,0,0,0,-0.354396484969795,0,0,0,0,0,0,0,0,0,1.33679049175945,0,0,0,0,-0.449370374898328,0,0,0,-0.00714815144480463,0,0,0,0,0,0,0,0.87058682588144,0,0,0,0,0,0,0,0,0,0,-0.0513637876987418,0,0,0.122399605109092,0,0,0,0,0,0,-1.50248475720255,0,0,0,0,0,0,0,0.0173561633597334,0.677812584402958,-0.0547507727563064,0,7.15687240364453,0,0,2.06002719403238,0,0,0
0,0,0,0,0,0,0,0,0,0,0,0,0,0,0,0,-1.2249562716859,0,0,0,0,0,0,0.0256458870160416,0,0,0,0,0,-3.22910770455858,0,0,0,0,0,0,0,-0.340299651240245,0,0,0.0546515557879661,0,0.360144488734481,0,0,0,0,0,0,0,0,0,0,0,0,-0.843505073910464,0,0.0610814558386994,0,0,-0.0827750133466647,0,0,-0.0320851954859551,0,0.0726015248490444,0,0,0,0,0.500221936269322,0,0,0,0,0,0,0.295524569339976,0,0,0,0,-0.680193406686581,0,0,-0.215774011375739,0.0448200533032392,0,-0.606300542443397,-0.675864829264975,0,0,0,0,0,0,0,0,0,0,0,0,0,0,0,0,0,0.226226891242396,0,0,0,0,0,0,0,0,0,0,0,-2.41151495679556,0.459979238369136,0,-8.63694301122513,0,0,0,-0.699819030681452,0,0.433986201500107,0,0,0,0,0,0.00711190247205762,0,0.0797940872339271,0,0,0,0,0,0,0,0,0,0,0.170301607361521,-0.26748719679437,0,0,0,0,0,0,0,0,0,0,0,1.31082937278795,0,0,-0.739097593441864,0,0,0,0,0.48759873092002,0,0,0,0,0,0,0,0.195969210892385,0,0,0,0,-1.91170636769476,0,0,0,0,0,0,0,0,0,0,0,3.92910583777724,0,0,0,0,0,0
0,0,-0.31405010412147,0,0,0,0,0,0,0,0,0,0,0,0,0,0,0,0,0,0,-0.580700534014646,0,0,0,0,0,0,0,0,0,0,0,0,0,0,0,0,0,0,0,0,0,0,0,0,0,0,0,0,0,0.0772266237505737,0,0,0,0,0,0,0,0,0,0,0,0,0,0,0,0,0,0,0,0,0,0,0,-0.26536003997062,0,0,0,0,0,0,-0.320616542951787,0.212684846508073,0,0,0,0,0,0,0,0.471870832359408,0,0,0,0,0,0,0,0,0.850308854110599,0,0,0,0,0,0,0,0,0,0,0.0979130574693672,0,0,0,0,0,0,0,0,0.702798997959806,0,-0.0606870010046163,0,0,0,0,0,0,0,0,0,1.24464861011794,0,0,0,0,0,0,0,0,0,0,0,0,0,0,0,0,0,0,0,0,0,0.129328073930326,0,0,0,0,0,0,0,0,0,0,0,0,0,0,0,0,0,0,0,0,0,0,0,0,0,0,0,0,0,0,0,0,0.0767451052671775,0,0,0,0,0,0.720243246118115,0,0,0,0,0,0
0,0,0,0,0,0,-0.785476018093119,0,0,-0.0212318769507678,-0.209021745697052,0,0,0,0,0,-0.241143056709643,0,0,0,0,-0.309746642217093,0,0,0,0,0,0,0,0,0,0,0,0,0,0,0,0,0,0,0,0,0,0.182532149396106,0,0,-0.486372479646077,0,0,0,0,0,0,-0.144341602975302,0,0,0,0,0,0,0,0,0,0,0,0,0,0,0,0,0,0,0,0,0,0,0,0,0,0,0,0,0,-0.358086968020748,0,0,0,0,0,0,0,0,0,0,0,0,0,0,0,0,0,0,0,0,0,0,0,0.224024552927838,0,0,0,0,0,0,0,0,0,0,0,0,0,0,0,0,0,0,0,0,0,0,0,0,0,0,0,0,0.80281610853074,0,0,0,0,0,0,0,0,0,0,0,0,0,0,0,0,0,0,0,0,0,0,0,0,0,0,0,0,0,-0.186046518905463,0,0,0,0,0,0,0.367159276502447,0,0,0,0,0,-0.00213408333204335,0,0,0,0,0,0,0,-0.0814738183776114,0,0,0,0,0,0,0,0,0,0,0,0
0,0,0,0,0,0,0,0,0,0,0,0,0,0,0,0,0,0,0,0,0,0,0,0,0,0,0,0,0,0,0,0,0,0,0,0,0,0,0,0,0,0,0,-0.224567700232758,0,0,0,0,0,0,0,0,0,0,0,0,0,0,0,0,0,0,0,0,0,0,0,0,0,0,0,0,0,0,0,0,0,0,0,0,0,0,0,0,0,0,0.133168666782764,0,0,0,0,0,0,0,0,0,0,0,0,0,0,0,0,0,0,0,-2.69977193951723,0,0,0,0,0,0,0,-0.125117559042689,0,0,0,0,0,0,0,0,0,0,0,0,0,0,0,0,0,0,0,0,0,0,0,0,0,0,0,0,0,0,0,0,0,0,0,0,0,0,0,0,0,0,0,0,0,0.0432122478515511,0,0.0314521663685989,0,0,0,0,0,0,0,0,0,0,0,0,0,0,0,0,0,0,0,0,0,0,0,0,0,0,0,0,0,0,0,0,0,0,0,0,0.0830896010354287
0,0,-0.970342730988522,0,-0.427153416027078,0,0,0,0,0,0,0,0,0,0,0,0,0.0315495662171912,0,0,0,-0.247041104763426,0,0,0,0,0,0,0,0,0,0.337623410399073,0,0,0,0,0,0,0,0,0,0,0,0,0,0,0.253796405316597,0,0,0,0,0,0,0,0,0,0,0,0,0,0,0,0,0.151126023028336,0.805950939946523,0,0,0,0,0,0,0,0,0,0,0,0,0,0,0,0,0,0,0,-0.310153949816101,0,0.00238844496827451,0,0,0,0,0,0,0,0,1.07351436815668,0,0,0,0,0,0,0,0,0,0,-5.35303727686773,0,0,0,0,0,0,0,-0.386962882260668,0.287207238127383,0,0,0,0,0,0,0,0.0877454699022362,0,0,-0.177330852077105,0,0,0,0,0,0,0,0,0,0,0,0,0.160107086942448,0,0,0,0,0,0,0,0,0,0,-0.229017277574803,0,-0.19239079422666,0,0.150501382961546,0,0,0,0,0,0,0,0,-1.13816639170749,0,0,0,0,0,0,0,0,0,0,0,0,0,0,0,0.618631317630686,0,0,0,0,-0.18171523065072,0.275008840341264,0,0.39076092171987,0,0,0,0,0,0,0,0,0,0,0,0.0751814720661048
0,-0.599469678069338,0,0,-0.200002706344656,0,0,0,0.892037089749022,0,0,0,0,0,0.00742049505958975,0,0,0,0,0,0,0,0,0,-0.242052547738408,0,0,0.084702591640555,0.447850350428945,0,0,0,0,0,0,0,0,-0.0220600299127898,0,0,0,0.887943692299807,0,0,0,0,0.762628508415413,0,0,0,0,0,0,0,0,0,0,0,0,0,0,0,0,0,0,0,0,0,0,0,0,0,0,0,0,0,0,0,0,0,0,0,0,0,0,0,0,0,0,0,0,0,0,0,0,0,0,0,0,1.42152391733572,0.705241224416517,0,0,0,0,0,-1.18087792103209,0,0,-0.043166625312353,0,0,0,0,0,0.183430435744033,0,0,0,0,0,0,0,0.372598348122027,0,0,0,0,0,0,0,0,0,0,0,0,0,0,0,-0.23264951162007,0,0,0,0,0,0,0,0,0,0,0,0,0,0,0,0,0,0,0,0,0,0,0,0,0,0,0,0,0,0,0,0,0,0,0,0,0,0,0,0,0,-0.105898661446966,0,0,0,0.422011624518377,0,0,0,0,0,0,0,0,0,0,0,0,0,0.836398281888963
0,0,0,0,0,0,0,0,0.331273184080901,0,0,0,0,1.39479759357948,0.571315291360665,0,0,0.778877036889244,0,0,0,0,0.0622127806495838,0,0,0,0,0,0,-0.805367765712962,-1.46077867256916,0,0,0,0,0,0,-0.126224064231299,0,0,-0.250667776364281,0,0,1.89942792097625,0,0,0.216085460550979,0,0,0,0,0,0,0.363202301094866,0,0,0,0,0,0,0,0,0,0,0,0,0,0,-0.503559508075025,0,0.20374297152749,0.314611178785564,-0.070279922482416,0,1.77501828448243,-0.0849713886802315,0,0,-1.18463257854284,0,0,0,-0.0945843511851576,0,0,0,0,1.26590837526189,0,0,0,0,0,0,0,0,0,0,0,-0.355661879030603,0.338371681518128,0,0.303547529468191,-0.647165757508336,0,0,0,-0.0487085373840652,0,0,0,0,0,0,0,0.416728646783418,0,0,0,0,0,0,0,2.92595271609715,0,0,0,0,0,0,-0.256324409071443,-0.411846989428663,0,0,0,0.0460327167991035,0,-0.101493837222741,0,0,0.167584920283054,0,0,0,0,0,0,0,0,-0.0247362657154377,0,0,0,0,1.23232060612612,0.227175975603289,-0.0903079997302343,0,0,-0.15400929008279,0,0,1.89399588901095,0,0,0,0,0,0,0,0,-0.353580256748124,0,-1.04842712566347,0,0,0,0,0,0,0,0,0,0,-0.483702007273392,0,0,0,0,0,0,0,0,0,0,0,0,-0.574913517133496,-0.0685177721539014,1.05759328892253
0,0,0,0,0,0,0,0,0,0,0,0,0,-0.174605511885512,0,0,-0.254928763561892,0.42179322641238,0,-0.0048112665072404,0,0,0,0,0,0,0.344195622524379,-0.50291632516409,0,0,0,0,-0.0367256915697978,1.46798762613752,0,0,0,-0.0941538988909087,0,0,0,0,0,-2.80456380153943,0,0,0,0,0,0,0,0,0,0,0,0,1.63022834774749,1.17122591538961,-0.720149459194226,0,0,0,0,0,-1.60234457754461,0,0,0,0,0,0,0,0,0,0,0,0,0,0,0,0,-0.153198126292506,0,0,0,0.747590670624636,0,-0.220761172283817,0,0,-0.680922050164578,0,0,0,-1.18826824291952,0,0,0,0.268388790742081,0,1.00032709296714,0,0,0,0.882129840648037,0,0,0,0,0.214527362679018,0,0,0,0,-0.580535303098014,-0.569559096305639,0,0,0,0,-0.462682091259537,-0.656084315160791,0,20.0829884652111,0,-0.631572645040966,0,0,0,-0.048966031693531,0,-1.64914574322406,-0.411134882013535,0,0,0,0,0,0,0,0,-0.0788647687454884,0,0,0,0,0,0,0,-0.517509270657692,0,0,0,0,1.07509857909285,0,0,0,0,0,0,0,0,-1.37092922835899,0,0,0,0,0,0,0,0,0,0.803707833465307,0,-0.677024291096907,0,0,0,0,0,0.793329785151204,0,0,0,0,0,0,0,0,0,0,0,0,0,0,0,0.698097092090462,0.230465547070474,0
0,0,0,0,0,0,0,-1.31031687550845,0,0,0,0,0,0.821915231247871,0,-0.0444881460906301,0,0,0,0,0,0,0,0,0,0,0.0741861667528607,0,0,0,0,0,0,0,0,0,0,0,0,0,0,0,0,0,0,0,0,0,0,0,0,0,0,0,0,0,0,0,0,0,0,0,0,0,0,0.551442843433845,0,0,0,0,0,0,0,0.231137675251921,0,-0.192489430018488,0,0,0,0,0,0,0,0,0,0.362292802959616,0,0,0,0,0,0,0,0,0,0,0,0,0,-0.149789221469844,0,0,0,0,4.84718347583917,0,0,0,0,0,0,0,0.398872347679985,0,0,0,0,0,0,0,0,0,0,20.7195287111795,0,0,0,0,0,0.0144662168606915,0,0,-0.279170230210996,0,0,0,0,0,0,0,0,0,0,0,0,0,0,1.33776309366723,0,0,0,0,0,0,0,0,0,0,0,0,0.234828149373968,0,0,-1.16620059168085,0,0,0,0,0,0,0,0,0,0,0,0,0,0,0,0,0,0,0,0,0.110285624660211,0,0,0,0,0,0,0,0.048787169648304,0,0,0,0,-0.478627322646672,0,0
0,0,0,0,0.123924080826076,0,0,1.59033318492102,0,0,0,0,0,-1.38498933420401,0,0,0,0,0,0,0,0,0,0,0,0,0,0,0,0,0,0,-0.107022880634507,0,0,0,0,0,0,0,0,0,0,0,0,0,0,0,0,0,0,0,0,0,0,0,0,0,0,0,0,0,0,0,0,0,0,0,0,0,0,0,0,0,0.426922741777291,0,0,0,0,0,-0.400431870075152,0,0,0,0,0,0,0,0,0,0,0,0,0,0,0,0,0,0,0,0,0,0,0,4.25448070356003,0,0,0.247192863891585,0,0,0,0,0,0,-0.226922538943978,0,0,0,0,0,0,-0.000238590028342145,0,22.5915598994859,0,0.266768591421408,0,0,0,0,0,0,0,0,0,0,0,0,0,0,0,0,0,0,0,0,0,0,0,0,0,0,0,0.415683126074852,0,0,0,0,0,-0.32812761061654,0,0,0,-0.435436117404286,0,0,0,0,0,0,0,0,0,0,0,0,0,0,0,0,0,0,0,0,0,0,0,0,0,0,0,0,0,0,-0.116345410263058,0,0,0,0,0
0,0,0,0,0.338623758856707,0,0,2.14241854347591,0,0,0,0,0,-1.30935402966045,0,0,0,0,0,0,0,0,0,0,0,0,0,-0.0699399182999674,0,0,0,0,-0.0236585621244436,0,0.0177533043160725,0,0,0,0,0,0,0,0,0,0,0,0,0,0,0,0,0,0,0,0,0,0,0,0,0,0,0,0,0,0,0,0,0,0,-0.107194705930388,0,0,0,0,0,0,0,0,0,0,0,0,0,0,0,0,0,0,0,0,0,0,0,0,0,0,0,0,0,0,0,0,0,0,1.46220960216497,0,0,0,0,0,0,0,0,0,0,0,0,0,0,0,0,0,0,23.4089433604609,0,0,0,0,0,0,0,0,0,0,0,0,-0.271667549545392,0,0,0,0,0,0,0,0,0,0,0,0,0,0,0,0,0,0,0,0,0,0,-0.381853290773003,0,0,0,0,0,0,0,0,0,0,0,0,0,0,0,0,0,0,0,0,0,0,0,0.12000079921727,0,0,0,0,0.0481135363478586,0,0,0,0,0,0,0,0,0,0,0
0,0,0,0,0,0,0,0,0,0.0403112463202084,-0.778973617535639,-0.00843702143895753,0,0,0,0,0,0,-0.300853129460555,0.55083949366041,0,0,0,0,0,0,-0.816166272747882,0,0,0.459372283373718,0,0,0.585519164925693,0,0,-0.293649248698472,0,0.662370316985696,0,0,0,0,0,0,0,0,0,0,0,0,0,0.0873419873111165,0.436488395622571,0,0,0,0,-0.848167912293199,0.562290230954626,0,0,0,-0.0873346056739361,0,1.42379054025062,-0.0177621046881753,0,0,0,0,0,0,0,0.235773939520196,-0.244830659252916,0,0,0,0,0,0,0,0,-2.59828991929101,0,-1.41107898818206,0,0,0,0,0,0,0,0,0.680575374779863,-0.477776701361709,0,0,0,0,-1.33616421641954,0,0,0.206652544381418,-2.07575256433015,0,0,-2.07996376519272,0,0,0,0.167586146127748,0,-0.0348718344815522,0.130861842802932,0,0,0,0,-0.333442599653951,0.0649868313853335,0,0,18.8809777700383,0,0,0,0,0,0,0,0.0681430459897185,0.531220493216504,0,0,0,0.816771393269452,0,0,0,0,0,0,0,0,0,0,-2.45044490235014,0,1.66875623501752,0,0,0,0,-5.97463065389575,0,0,-0.546474339849068,0,0,0,-1.19192571316222,0,3.14136062133004,0,0,0,0,0,0,0.739455747918171,0,0,0,0.641664089160997,0,0,0,0,0,0,0,0,0,0,0,-0.603885260376362,0,0,0,-0.275657504608562,0,-2.93764564822438,0,0,0,1.90792131200788,0,0,0
0,0,0,0,2.04068279378126,0,0,0,0,0,0,0,0,0,0,0,0,0,0,1.03688475213092,0.318362904406872,0,0,0,0.438664746530605,0.597316660160693,-1.17838031160825,0,0,0,0,0,0,0,0,0,0,0,0,0.145816056193714,-0.946056607791647,0,0,0,0,0,0.602636227493109,0,0,0,0,0,0,0,0,0,0,-0.126527656323459,0.485116437833881,0,0,0,0,0,0.828467943729756,-0.955288606293498,-0.398983730956074,0,0,0,-0.0544119279756727,0,0,0,0,0,0,0,0,0,0,0,0,-2.50878358376059,0,-1.41660534888333,0,0,0,0,0,0,0,0,0.501013900573374,0,0,0,0,0,-0.777513156704953,0,0,0,-0.523804829561862,0,0,-1.91326167328263,0,0,0,0,0,0,0,0,0,0,0,0,0,0,0,13.5027262302732,0,0,0,0,0,0,0.624153271892199,0,0,0,0.0812753382432001,1.05119922693639,-0.000903252505874752,0,0,0,0,0.254895490043273,0,0,0,0,0,-1.78638203955916,0,0.607742310035942,0,0,0,0.480042976604208,-2.69757809767053,-0.056496994199704,0,0,0,-0.444448614772458,0,-0.815086161499961,0,2.16286485558332,0,0,0,0,0,0,0,0,0,0,1.54807472543392,0,0,0,0,-0.0339867585882883,0,0,0,0,0,0,0,0,0,0,0,0,-3.31336585450397,0,0,0,0.551096971784884,0,0.384039690490968,0
0,0,0.0609140049674028,0,-2.24527380984553,0,0,-4.69126718963251,0,0,0,0,0,6.49918785203294,0,0,-1.46793460695606,-0.485113081107937,0,-0.10823114594446,-0.209793656236769,0,0,0,0,0,0,0.99364652606,0,0,2.02451958713586,0,1.28048896848369,0,-0.350758414040575,-0.611552511810463,0,0,0,0,0,0,0,0,-0.867102292667934,0,0,0,0,0,0,0,0,0,0,0,0,-0.187713209770371,-0.185553508695959,0.102357000783655,0,0,-0.165009333697971,0,0,0.399177420307934,0,0.056130791536962,0,0,0,0,0.159664672062092,0.645895833669563,-0.579945071378728,-1.3548383680212,0,0,0,-1.23312593212131,0.74876374881799,0,0,0,0,0,0,0,0,0,0,0,0,0,0,0,0,0,0,0,0,-1.05026745970401,0,0,-1.80458628647195,-0.23804881142255,0,0,0.843913338412294,-0.0188329013673481,0,0,0,0,0,0,0,0,0,0,0,0.179891454577077,0,20.4672299350031,0,0,0,0,0,0.520879828279138,0,0,0,0,1.05365332555416,-0.643104379130004,0,0,0,0,-0.0806628647568564,0,0,1.13721703545764,0,0,0,0,0,0,0.254899789270762,0,0,-1.80799223396212,0,0,0.32925315475738,0,0,1.19918421668729,0,0,0,0,0,0,0,0,0.0807429835960256,0,-0.867080175057852,0,0,0,0,1.09476459092689,-0.0748043859873337,0,0,0,0,0,-0.190404700705213,-0.336472910939414,0,0,0,0,-0.542633137094108,0,0,-0.0764739296150108,0,0.767097159162344,0,0,0,-2.2809114073676,0,0
4.05986713149359,0,0,0,0.164647899773023,0,0,0,0,0,0,0,-0.0741286227293574,0,0,0,0,0,0,0,0,0,0,0,-0.313531247697014,0.250641703999436,0,0.823739291842074,0,-1.3586422213294,-0.0976162480904852,0,0,0,0,0,0.331847634971822,0,0,-0.356487500279315,-1.0692096625672,0,0,0,0,-0.698073041539907,0,0,0,0,0,-0.0456201842202646,0,0,0,0,0,0,0.339940321460975,0,0,-0.29045657297215,0,0,0,0,-0.070921205988965,0,0,0,0,-0.0791476846767898,0,0.376221648739129,0,0,0,0,0,0,0,0.187397014595757,0,0,0,0,0,0.346863732349473,0,-0.438899189275722,0,0,0,0,0.155648551697774,0,0,-1.0205161742131,-0.780399336620591,0,-1.48484179471589,0,0,0,0,-3.23385063267295,-9.40779117367528,0.691148154920308,0,-0.454145415085953,0,-0.262434509014922,0,0.19460213419911,-4.18445302260285,0,0,0,-0.246281216711655,0.163405676519994,0,0,-1.00904504559255,0.376043094432483,0,0,-1.50218067546713,0,0,0,0,1.84656712434734,0.154953409289505,0,0,0,-0.573308197001895,0,0,-0.541065284683375,0,-2.70230699080208,0,0,0,0,0,0,0,0,0,0,0,0,0,0,0,0,0,0,0,0,1.2827060705318,0.0503807916461885,0,0,0,0,0,0,0,0,0,0,0,0,0,0,0,0,0,-1.21702096032926,0,4.46660794557883,0,0,-0.126707374855228,-3.04873385645679,0,0,0,0,0,0,0,0,0,-2.89686781906545,0,0
0,0,0,0,0,0,0,-0.331325012354414,0,0,2.61077706214162,-10.4581278724121,0,0,0,0,0,0,0,0,-1.1239384233986,0,0,0,0,1.51669723910371,0,0,0,-0.0695284772990423,-0.177548696077872,0,0,0,0,0,0,0,0,0,0,0,0,0,0,0,0,0,0,0,0,0,0,0,0,0,2.35593282050848,0,0,0.236321388911093,0,0,0,0,-0.717070751398899,0,0,0,-0.213512042221298,0,-0.824536339721095,0,0,0,0,0,0,0,0.33195317573125,0,0,0,0,1.21030004645063,0.896757293333694,0,0,1.23386811653227,0,0,0,0,0,0,0,-0.446149762232613,0,0,-0.660710416859687,0,0,-0.793366576497741,-0.311652748446458,0,0,0,-7.18956365257563,0,0.688306126214766,2.06238723862401,0,-0.435722200271978,0,0,0,0,0,0,0,0.82957231148797,0,3.12015532466077,-0.713735915147095,0,0,0,0,-0.148008286401167,0,-0.345394007580559,0.468635183030102,0,0,0,-0.695738096477824,0,-0.551875149347788,0,0,0,0,0,0.0206568532842037,0,0,0,0,0,0,0.733615818818685,0,0,0,-0.253123860742687,-0.768874841027568,0,0,0,0.0622443040665941,-0.765486728660381,0,0,0,-0.250731891199826,0,0,0.575643815071256,0,0,0,0,0,0,0,0,0,0,0,0,0,0,0,0,0.19964640368009,0,0,0,0,0,0,0,0,0,0,0.273324775726659,0,0,0,0,1.66462186461596
0,0.251683977957893,0,0,0,0,0.352375443238213,0,0,0,0,-2.6102614770599,0,0,0,0,0,0,0,0,0,-0.353291749212091,0,0,0,0,0,0,0,0,0,0,0,0,0,0,0,0,0,0,0,0,0,0,0,-0.0527302739614555,0,0,0,0,0,0,0,0,0,0,0,0,0,0,0,0,0,0.271814782838074,0,0.152498290425564,0,0,0,0,0,0,0,0,0,0,0,0,0,0,2.58795320457951,0,0,0,0,0,0,0,0,0,0,0,0,0,0,0,0,0,0,0,-0.250059476055705,0,0,0,0,0,0,0,0,0.819560372010913,0,0,0,0,0,0,0,0,0,0,0,0,0,0,0,0,0,0,0,0,0,0,0,0,0,0,0,0,0,0,0,0,0,0,0,0,0,0,0,0,0,0,0,0,0,0,0,0,0,0,0,0,0,0,0,0,0,0,0,0,0,0,0,0,0,0,0,0,0,0,0,0,0,0,0,0,0,0,0,0,0,0,0,0,0,0,0,0,0,0
0,0,0,0,0,0,0,0,0,-1.05598018111718,0,0,0,0,0,0,0,0,0,-2.68548904154655,0,-0.013596056570558,0,0,0,0,0.0865304288446755,0,0,0,0,0,0,0,0,0,0,0,0,0,0,0,1.54731937939946,0,0,0,0,0,0,0,0,0,0,0,0,0,0,0,0,0,0,0,0,0,0,0,0,0,0,0,0,0.0367974895279748,0,0,0,0,0,0,0,0,0,0,0,0,0,0,0,0,0,0,0,0,0,0,0,0,0,0,0,0,0,-0.327371727738253,0,0,0,0.231089448025251,0,0,0,0,0,0.120457060596133,0,0,0,0,0,0,0,0,0,0,0,0,0,0,0,0,0,0,0,0,0,0,0,0,0,0,0,0,0,0,0,0,0,0,0,0,0,0,0,0,0,0,0,0,0,0,0,0,0,0,0,0,0,0,0,0,0,0,0,0,0,0,0,0.0721764562300693,0,0,0,0,0,0,0,0,0,0,0,0,0,0,0,0,0,0,0,0,0,0,0,0
-0.242994460663346,0,0,0,0,0,0,0,0.805382601088669,-1.4712574615281,0,0,0,0,0,0,0,0,0,-8.32463137378701,0,-0.0989085222095685,0,0,0,0,0,0,0,0,-1.64661152205733,0,0,0,0,0.132152712129154,-0.529406647257233,0,0,0,0,0,3.63299045249798,0,0,0,0,0,0.104657688641632,0,0,0,0,0,0,0,0,0,0,0.421585446885084,0,0,0,0,0,0,0,0,0,0,-1.07666132412034,0.137851293876167,0,0,0,0,0,0,0,0.644829907281459,0,-0.5783549088605,0,0,0,0,0,0,0,0,0,-0.347939132947458,0,0,0,0,0,0,0.273682037792571,-0.276025330261899,0,-0.198069470780429,0,0,0,0.00468722723643,0,0,0,0,0,0.951222497630982,-0.0175147745566355,0,0,0,0,0,0,0,0,0,0,0,0,-0.439790490151415,0,0,0,-0.670943025543465,-0.292185178763599,0,0,0,-1.32696938613118,0,0,0,0,0,0,-0.233490920147001,0,0,0,0,0,0,0,0,-0.113338127981797,0,0,0,0,0,0,0,0,0.938317198084262,0,0,0,0,0,0,0,0,0,0,-0.13496366407077,0,0,0,0,0,0,0,0,-0.0620579488663948,0,0,0,0.0610770292724174,0,0.00509322172165305,0,0,0,0,0,0,0,0,0,0.101001726075386,0,0,0,0
0,0,0,0,0,0,0,0,0,0,0,0,0,0,0,0,0,0,0,0,0,0,0,0,0,0,-0.140134620074606,0,0,0,0,0,0,0,0,0,0,0,0,0,0,0,0,0,0,0,0,0,0,0,0,0,0,0,0,0,0,0,0,0,0,0,0,0,0,-0.0868140010014231,0,0,0,0,0,0,0,0,0,0,0,0,0.119213321658929,0,0,0,0,0,0,0,0,0,0,0,0,0,0,0,0,0,0,0,0,0,0,0,0,0,0,0,0,0,0,0,0,0,0,0,0,0,0,0,0,0,0,0,0,0,0,0,0,0,0,0,0,0,0,0,0,0,0,0,0,0,0,0,0,0,0,0,0,0,0,0,0,0,0,0,0,-0.0669661638768522,0,0,0,0,0,0,0,0,0,0,0,0,0,0,0,0,0,-0.011160342329358,0,0,0,0,0,0,0,0,0,0,0,0,0,-0.287806915493238,0,0,0,0,0.165799078872715,0,0,0,0,0,0,0
0,0,0,0,0,0,0,0,0,0,0,0,0.408301891018939,0,0,0,0,0,0,-0.856553666451272,0.131609701708012,-0.0723704362343707,0,-2.82324597373272,0,0,-0.0277900984560009,0,0,0,-0.298260921211524,0,0,0.0640566015493349,0,0,0,0,0,0,0,0,0,0,0,-0.38123205258952,0,0,0,0,0,-1.91338583389271,0,0,0,0,0,0,0,0,0,0.00892919293725303,0,0.986788726828534,0,0,0,0,0,0,0,0,0,0,0,0,0,0,0,0,0,0,0,0,0,0,0,0,0,0,0,0,-0.404413716884453,0,0,0,0,0,0,-0.929052929693025,0,0,0,0,0,0,0,0,-0.373781064004798,0,0,0,0,0,0,0,0,0,0,-0.153791529306615,0,0,0,0,0,0,0,0,0,0,0,0,0,0,0,0,0,0,0,0,0,0,0,0,0,0,0,0,0,0,0,0,0.281264056480853,0,0,0,0,0,0,0,-0.218680957619895,0,0,0,0,0,0,0,0,0,0,0,0,0,0,0,0,0,0,0.150948050220925,0,0,0,0,0,0,-0.617649494125008,0,0,0,0,0,0,0,0,0,0,0,0,0
0,0,-0.802727274565683,0,1.38280640733736,-1.08317892961828,0,0,0,-1.32985785043755,0,0,0,0,-2.18387084093716,0,0,0,0,0,2.3949339136505,0,0,0,0,0,0,0.619783179936168,0,0.0511509224351845,0,0,0,1.35248116812277,0,0,0,1.22200730216563,0,0,0,0,0,0,0,0,0,0,0,-13.999377800992,0,0,0.720779308123524,0,0.783450685175215,0,0,0,0,0,0,0,0,0,0,0.476061800835504,0.269513481834019,0,0,0,0.231222721848444,0,0,0,0,0,0,0,0,-1.80722522284681,0,0,0,0,0.198873259726041,1.32653258912784,0,0,0,0,0,5.95034956776181,-1.76440885202026,-0.133428340039797,0,0.232717622134964,0,1.09268972339524,0,-0.352335671532877,-0.838856209198791,0,0,-0.824430693182276,-0.381876951057025,0,-1.63502035461145,0,0,0,-6.89607046300699,0,-0.132426150428368,0,-1.24166187063839,-0.258815948145936,0,0,0,0,0,0,0,0,0,0,0,0,0,-0.0337949896138847,0,0,0,0,1.55979419623479,1.50765976861111,0,0,0,-1.70235014200407,0,0,0,0,-0.330839132646764,0,0,0,0,0.404189846942702,0,0,0,0,0,0,0,0,1.98504218403253,0,0.298499376895885,2.16696730294309,0,0,0,-0.263673888124975,-0.119487618164972,0,0,0,0,0,0,0,0.0502667823784728,0,-0.67944491993889,0,0,0,0,0,0,0,1.52243579078154,0,0,0,0,0,0,0,0,1.35047643352773,0,-0.317663939112997,0,-0.468427710564625,0,0
0,0,0,0,0,-0.853798133626361,0,0,0.276064821762714,0,0,0,0,-0.757249543413581,-0.318609107252539,0,0,0,0,0,0,-0.76093831735184,0,0,0,0,0,0,0,0,0,0,0,0,0,0,0,0,0,0,0,0,0,0,0,0,-2.42637481335372,0,0,-3.79957192738505,0,0,0.759094410756677,0,0,0,0,0,0,0,0.0535904325554621,0,0,0,0,0,0,0,0,0,0,0,0,0,0,0.129692563113707,-0.61717958946296,1.29730115389147,0,0,-0.276415112272776,0,0,0,0,0,0,-0.0898219868914127,0.360617398920172,1.03806876963693,0,0,-0.139470826675569,0,-0.467670454031647,0,0,0,0,0,0,0,0,0,0,0,0,0,0,0,-0.851771979795254,0.525172473843476,0,0,0,0,0,-0.599701852130527,0,0.408668702038261,0,0,0,0,0,0,0,0,0.374008620218149,0,0,0,1.01821638741501,0,0,0,0,0,0,0,-1.08216873021527,0,0,0,0,0,0,-1.23505794706716,0,1.06208639383786,0,0,0,0,0.435128663304416,0,0,0,0,0.83397579595749,0,0.559485434978142,0,0,0,0,0,0,0,0,0,0,0,0,0,0,0,0,0,0,0,0,0,-0.0224182713629084,0,0,0,0,0,0.0849741005276889,0,0,0,0,0,0,0,0,0,0
0,0,0,0,0,0.104823215640599,0.912174209362082,0,0,0.174763862918838,0,0,0,0,7.756630495591,0,0,0,0,0,0,-0.383948321443501,0,-0.301608877113929,-0.725072002432822,-0.479554705661037,0,0,0,0,0,0,0,0,0,0,0,-1.19423339724073,0,-0.101077694364547,0,-9.88093598293494,0,0,0,0,0,0,0,0.40220252791249,0,-1.5563359210997,-1.76621705484459,-0.161434449115872,-1.16016319755397,0,0,0,0,-0.755960366979411,0,0,0,0.372280445370399,0,0,0,0,0,0.822790460340426,0,0,0,0,0,0,0,0,-1.69082528357534,1.88774174963187,0,-0.309774632533935,0,0,0,-1.18202859178683,0,0,0.0801931486565826,0.868789521142358,0,0,0,0,0.524498007819233,0.138519181595383,0,-0.873848228942284,0,0,0.193658372098521,0.339058723099432,0,0,0,0,0,-0.00562216040268804,0,0,0,0,0,0.39411867519498,0,0,0,0,0,0.142606589353892,0,0,0,0,0,0,0,0,0,0,0,1.50835947598225,0,0,0,-0.960163300826835,0.126258620213726,0,0,-2.00489209800761,0.202428144638331,0,0,0.597641675255764,0,0,0,0.390263211745976,1.39697962331441,0,0,0.041382543634839,0,0,0,-0.698441661483537,0,0,0,0,-1.76193144103723,0,0,0,0,0.655829739712534,0,0,0.289877455737337,0,5.91695300913297e-05,0,0,0,0,0,1.43251137794168,0,0,0,0,0,0,0,0.169952362372059,0,0,0,0,0,0,0,0,0,0,0,0.535758991418923,0,0,0
0,0,0.180008298374433,0,0,0,0,0,0,0,0,0,0,0,0,0,0,0,0,0,0.00211709388721459,-0.582770452441941,0,0,0.235130767688857,0,0.221436953225361,0,0,0,0,0,0,0.0728386229286697,0,0,0,0,0,0,0,0.0535344044903447,0,0,0,0,0,0,0,0.939721773540808,0,0,0,0,0,0,0,0,0,0,0,0,0,0,0,-2.15639032269323,0,0,0,0,0.253959096292403,0,0,0,0,0.788307771784349,0,0,0,0,0,0,0,0,0,1.35733469045149,0,0,0,0,0.666849751884321,0,0,0,0,0,0,-0.039067281776425,0,0,-0.173040578494385,0,0,0,0,-1.66722096319567,0,0,0,0,0,0,0,0,0,0,0,-0.429906167968753,0,0,0,0,0,0,0,0,-0.0765388406749847,0,0,0,0,0,0,0.536810720387846,0,0,0,0,0,0,0,0,0,0.549895641235144,0,0,0,-0.111374362001323,0,0,0,0,0,0,0,0,0,0,0,0,0,0,0,0,0,0,0,0,0,0,0,0,0,0,0,0,0,0,0,0,0,0,0,0,0,0,0,-0.102282359257736,0,0,0,0,0,0,0,0,0,0,0,0
0,0,0,0,0,0,0,0,0,0,0,0,0,0,0,0,0,0,0,0,0,-0.190313522393844,0,0,0.000331863395302445,0,0,0,0.255222506882242,0,0,0,0,0,0,0,0,0,0,0,0,0,0,-1.06742523533822,0,0,-0.477196028737331,0,0,0,0,0,0,0,0,0,1.33986907011596,0,0,0,0,0,0,0,0,-0.148892919381703,0,0,0,0,0,0,0,0,0,0,0,0,0.249372259406265,0,0.723135175486263,0.35800354851031,0,0,0,0,0,0,0,0,0,0,0,0,0,0,0,0,0,0,0,0,0,0,0,-0.313198834786438,0,0,0,0,0,0,0,0,0,0.000358779115212871,0,0,0,0,0,0,0,0,0,0,0,-0.376650784296221,0,0,0,0,0,0,0,0,0,0,0,0,0,0,0,0.656247109571229,0,0,0,0,0,0,0,0,0,0,0,0,0,0,0,0,0,0,0,0,0,0,0,0,0,0,0,0,0,0,0,0,0,0,0,0,0,0,0,0,0,0,0,0,0,0,0,0,0,0,0,0,0,0,0,0
0,0.413939170267962,0,0,0,0,0.634603597083932,0,0,0,0,0,0,0,0.0352533326355751,0,0,0,1.09497959835784,0,0,0,0,0,0,0,0,0,0,0,0,0,0,0,0,0.844661282387532,0,0,0,0,0,0,0,0,0,0,0,0,0,-1.67903707252616,0,0,0,0,0,0,0,0,0,0,0,0,0,2.22358358749622,0,0.0147418279591383,0,0,0,0,0,0,0,0,0,0,0,0,0,0.822084230218826,0,0,-0.368445524055266,-0.243916913477795,0,0,0,0,0,0,0,-0.343545268972936,-0.142185421055526,0,0.170167334921388,0,0,0,0,0.208160044517332,0,0,3.86297187135689,-0.0895441702661182,0,0,0,0.546207864108052,0,0,0,0,0,0,0.106359330279276,0,0,0,0,0.91238014334241,0,0,0,0,0,0,-0.453524442915245,0,0,0,0,0,0,0,0,0,0,0,0,-0.712265531959867,0,0.0127933333680348,0.0490074632973934,0,0,0,0,-0.098656199611409,0,0,0,0,0,0,0.0560960177782359,-0.522744070911089,0,0,0,0,0,0,-0.519422688241713,0,0,0,0,0,0,0,0,0,0,0,0,0,0.606014156389086,0,0,0,0,0,0,0.951885294520881,0,1.05432747925087,0,0,0,0,0,0,0,0.717853628667866,0,0,0,-0.486791323687555,0,-1.38272554202145
0,0.380178818034094,0.153414002317579,0,0,0,0.12936876027212,0,0,0,0,0,0,0,0,0,0,0,1.05239159675321,0,0,0,0,0,0,0,0,0,0,0,0,0,0,0,0,0.596267118398394,0,0,0,0,0,0,0,0,0,0,0,0,0,-1.18934429598226,0,0,0,0,0,0.034236506881046,0,1.07505369366879,0,0,0,0.159938292275548,0,2.86330331342779,0,0,0,0,0,0,0,0,0,0,0,0,0,0,0,0.95935019379099,0,0,-0.353930677555418,0,0,0,0,0,0,0,0,-0.578021267075823,-0.0818953240667954,0,0.427891987754454,0,0,0,0,0,0,0,3.91402705146523,0,0,0,0,0.966593677568389,0,0,0,0,0,0,0.245111633553194,0,0,0,0,0,0,0,0,0,0,0,-0.108381515725498,0,0.358600079316264,0,-0.976716877197976,0.139341034844147,0.55030219911118,0,0,0,0,0,0,0,-0.290332213055681,0,0,0,0,0,0,-0.313394505645776,0,0,0,0,0,0,0,0,0,0,0,0,0,0,-0.528241539198084,0,0,0,0.241784834205959,0,0,0,0,0,0,0,0,0,0.170243844581001,0,0,0,0,0,0,0.462880573878977,0,0.744851326540857,-0.12189210704886,0.110635206563643,0,0,0,0,0,0.294601328483795,0,0,0,-0.401626472319113,0,-0.925440238257482
0,0,0,0,0.0212288573043589,0,0,0,0,0,0,0,0,0,0,0,-0.0261425217021118,0,0,0,0,-0.48501490664738,0,0,0,0,0,1.0464848661612,0,0,0,0,0,0,0,-0.301644917101132,-0.719156957045783,0,0,0,0,0,0,0,0,0,0,0,0,0,0,0,0,-0.577734177189955,0,0,0,-0.23308828157804,0,0,0,0,0,0,0,0,0,0,0,0,0,0,0,0,0,0,0,0,-0.639603499215671,0,0,0,0,0,0,0,0,0,0,0,0.0940985055525141,0,0,0,0,0,0,0,0,0,0,0,0,0,0,0,-11.9423335761109,0,0,0,0,0.592682230731393,0,0,0.0728319777617059,0,0,0,0,-0.43832102582529,0,0.171459929985697,0,0,0,0,0,0,0,0,0,0,0.421730915334726,0,0,0,0,0,0,0,0,-0.267034345626752,0,0,0,0,0,0,0,0,0,0,0,0,0,0,0,0,-0.410806197055145,0,0,0,0,0,0,0,0,0,0,0,0,0,0,0,0,0,0,0.595634952641807,0,0,0,0.918833161035222,0,0,0,0,0,-0.358677371102012,0,0,0.0224700096375403,0,0,0,0,0,0,0,0,0
0,0,0,0,0,0,0.165094520789931,0,0,0,0,0,0,0,0,0,0.209463911046332,0,0,0,0,-0.413820733737692,0,0,0,0,0,0,0,0,0.353373495864647,0,0,-0.25478335448974,0,-0.596527841215237,0,0.689029267901323,0,0,0,0,0,0,0,-0.673978343295636,0,0,0,0,0,-0.99397971227069,0,0,0,0,-0.212884066744637,0,0,0,0,1.51063326194178,0,0,0,0,0,0,0,0,0,0,0.123060176273219,0,0,0,0,0,-1.67649133715129,0,0,0,0,0,0,0,0,0,0,0,0,0,0,0,0,0,0,-0.0948205554613992,0,0.5319052738298,0,0,0,0,0,0,0,0,0,0,0,0,0.132236702907103,0,0,-0.128186362587828,0,0,0,0,0,0,0,-0.503690035652518,0,0,0.677048601723472,0,0,0,0,0.235317619334702,0,-6.2836762924494,0,-0.403819440127802,0,0,0,-0.986079076266931,0,0,0,0,0,0,0,0.212383436179517,0,0,0,0,0,0,0,0,0,0,0,0,-0.507539638816215,0,0,-0.0971259703115948,0,0,0,0,0,-0.227147746685433,0,0,0,0,0,0,-0.872653867075018,0,-0.344319507813863,-0.223326082302223,0,0,0,-0.110495789806495,0,0,-0.916888880355346,0,0,0,0,0,0,0,0,0,0.0394067341336892,0,0,0
0,0,0,0,0,0,0,-0.0779370995131063,0,0,0,0,0,0,0,0,0,0,0,0,-1.22732600128809,0,0,-0.420318259383855,0,0,0,0,0,0,0.125922538378122,0,0,0,0,0,0,0.259050672201623,0,0,0,0,0,0,0,0,0,0,0,0.0270972028552439,0,0,0,0,0,0.037623159291001,0,0,0,0,-2.11963140639303,0,0,0,0,0,0,0,0,0,0,0.385027601614924,0,0,0,0,0,0.732333276413896,-0.0740960129021313,-0.297675968534062,0,0,0,0,0,0,0,0,0,0,0,0,-0.14551266329982,0,0,0,0,0,-0.00106816908180596,0,0,0,0,0.372749974077293,0,0,0,0,0,0,0,-0.402316746770479,0,-0.509477383888663,0,-1.70406571894288,0,0,0,0,-0.630077363130854,0,0,0,0,0,0,0.170523611754982,1.17710229023154,-0.786193606961008,0,0,0,-20.2209695829448,2.11808014209959,0,0,0,0,-1.33227500976923,0,0,2.01916724650356,0,0,0,0,0,0,0,0,0,0,0,0,0,0,0,0,0,0,0,-0.598573340035283,0,0,0,0,0,0,-4.16925019209361,0,0,0,0,0,0,0,0,0,0,0,0,0,0,1.56017520878704,0.459075864517796,0,0,0,0,0,0,0.429621669697135,0,0,0,0,1.39700493982309,0,0
0,0,-0.208724459557547,0,0.542892905928654,0,0,0,0,0,0,0,0,0,0,0,0,0,0,0,-2.0739657684963,0.50925132433659,0,-0.453335096339772,0,0,0,0,0,0,0,0,0,0,0,0,0,0,0,0,0,0,0,0,0,0,0,0,0,0,0,0.15588356641336,0,0,0,0,0,0,0,0,-1.67683594117103,0,0,0,0,0,0,0,0,0,0,0.386173665736888,0,0.36759215908454,0,0.0201144397375634,0,0,0,-0.996008237089075,0,0,0,0,0,0,0,0,0,0,0,0,-0.0011387193270993,0,0,0,-0.655934731359464,0,-1.01939162459044,0,0,0,0,0,0,-0.28429073699761,0,0,0,0,0,0,0,0,0.0991031059998408,-0.779747722166859,0,0.007073232305991,0,0,0,0,0.0784569427794937,0.302564773385032,0,0,0,0,0.216743136092814,-0.536350390215106,0,0,0,-20.602566569709,3.64771579637462,0,0,0,0,-1.89530931231454,0.0819294531897512,0,2.48870236254156,0,0,0,0,-0.149532779592506,0,0,0,0,0.797478459419245,0,0,0,0,0,0.579620101090019,0,0,0,-1.19785172403897,0,0,0,0,0,0,-5.11276629339898,0,0,0,0.606910827296004,0,0,0,0,0,-0.227457746587178,0,0,0,-0.00179420369612227,2.02885109430034,0.510892406299672,-0.315634765203208,0,0,0,0,0,-0.465574459578158,0,0,0,0,1.70679900698555,0,0
0,0,0,0,0,0,0,0,0,0,0,0,0,0,0,0,0.355831472842683,0,0.211759170121767,0,0,0,0,0,0,0,0,0,0,0,-0.379475107950989,0,0,0,0,0,0,0,0,0,0,0,0,-0.256868582788518,0,0,0,0,0,0,0,0,0,0,0,0,0,0,0,0,0,0,0,0.23344717822484,0,0,0,0,0,0,0,0,0,0,0,-0.427002200144144,0,0,0,0,0,0,0,0,0,0.723227571268629,0,0,0,0,0,0,0,0,0,0,0,0,0,0,0,0,0,0,0,0,0,0,0,0,0,0,0,0,-0.913634707346617,0,0,0,0,0,0,0,0,0,0,0,-0.765064877355852,0,0,0,0,0,-0.117230804167179,0,0,0,-0.494887625815208,0,0,0,0.702193003974259,0,0.184403841552625,0,0,0,0,-0.788971035668985,0,0,0,0,0,0,0,0,0,0,0,0,-0.519131234759558,0,0,0,0,0,0,0,0.439111514947163,0,0,0,0,0,0,0,0,0.132173212582822,0,0.920692751586551,0,0,0,0,0,0,0,0,0,0,0.375940068438978,0,0,0,0,-2.92389187398369,0,-0.434360010383603,0,0
0,0,0,0,0,0,0.00120087426467208,0.292122317255606,0,0,0,0,0,0,0,0,0,0,0,0,0,0,0,0,0,-0.0539520332896768,0,0,0,0,0,0,0,0.324729661499871,0,0,0.372372382183856,0,0,0,0,0,0,0.192326552275923,0,0,0,0,0,0,0,-0.198070090893485,0,0,0,0,0,0,0,0.12337548911533,0,0.526079647194734,0,0,0.526856781287691,0,0,0,0,0,0,-0.0778820901117161,0,0,0,0,0,0,0.555550568201168,0,0.139674438776686,0,-0.662316568011671,0.868980573440618,0,0,0.0673915859502892,0.11964740419668,0,0,0,0.044506264805513,0,0,0,0,0,0,0,0,0,0,0,0,0,0,0,-0.460554220723515,0,0,0,0,0,-0.32042295975585,0,0,0,0,0,0,0.509908476911842,0,0,0,0,-0.0780004840478261,4.77587944249287,0,0,0,-1.56164923424861,0,0,0,0,0,-0.0146801553192744,0,0,0,0,0,0,0,0,0,0,0,0,0,0,0,-0.287088148293809,0,0,0,0,0,0,0,0,0,0,0,0,0,0.321585527769253,0,0,0,0,0,0,0,0,0,-0.66405439251365,0,0,0,0,0,0,-1.20923205930168,0,0,0,0,0,0,0,0,0,0,0,0,0,0,0,-1.06731879089785
0,0,0,0,0,0,0,0,0,0,0,0,0,0,0,0,0,0,0,0,0,0,0,0,0,0,-0.810509447760756,0,0,0,0,0,0,0,0,0,0,0,0,0,0,0,0,0,0,-1.29703631379813,0,-0.415355610725877,0,0,0,0,0,0,0,0,0,0,0,0,0,0,0,0,0,0,0,0,0,0,0,-0.348078973935509,0,0,-0.349068446367443,0,0,0,0,0,0,0,0,0,0,-0.348928917359326,0,0,0,0,0,0,0,0,0,0,0,0,0,0,0,0,0,0,0,0,0,0,0,0,0,0,0,0,0,0,0,-0.1627746339373,0,0,0.082117844945369,0,0.109551560052473,0,0,0,0,0,0,0,0,0,0,0,0,0,0,0,0,0,0,0,0,0,0,0,0,0,0,0,0,0,0,0,0,0,0,0,0,0,0,0,0,0,0,0,0,0,0,0,0,0,0,0,0,0,0,0,0,0,0,0,0,0,0,0,0,0,0,0,0,0,0,0,0,0,0,0,0,0
0,0,0,0,0,0,-1.64424859082539,0,0,0,0,0,0,0,0,0,0,0,0,0,0,0,0,0,0,0,0,0,0,0,0,0,0,0,0,0,0,0,0,0,0,0,0,0,0,-0.110643993934953,0,-8.33757552119372,0,0,0,0,0,0.161093852042957,0,0,0,0,0,0,0,0,0,0,0,0,0,0,0,0,0,0,0,0,-0.273305741980624,-0.260441224871983,0,0,-0.137387971276905,0,0,0,0,0,0,0,0,0,0,0,0,0,0,0,0,0,0,0,0,0,0,0,0,0,0,0,0,0,0,0,0,0,0,0,0,0,0,0.576824317354917,0,0,0,-0.349957710029004,0,0,0,0,0,0,0,0,0,0,0,0,0,0,0,0,0,0,0,0,0,0,0,0,0,0.195069266392375,0,0,0,0,0,0,0,0,0,0,0,0,0,0.124940816446784,0,0,0,0,0,0,0,0,0,0,0.687690633106709,0,0,0,0,0.388466906449619,0,0,0,0,0,0,0,0,0,0,0,0,0.133306272084262,0,0,0,0,0,0,0,0,0
0,0.347454502031077,0,0,0,0,0,0,0,0,0,0,0,0,0,0,0,0,0,0,0,-0.431948803280459,0,0,-0.174123974987999,0,-0.0125035399204088,0,0,0,0,0,0,0.0116297317833316,0,0,0,-0.72161442482829,0,0,0,0,0,0,0,-0.210835339081288,0,-8.88724643253747,0,0,0,0,0,0,0,0,0,0,0,0,0,0,0,0,0,0,0,0,0,0,0,0,0,0,0,0,0,0,-0.408381160375714,0,0,0,-0.411200063432535,0,0,0,0,0,0,0,0,0,0,-0.0422216935970301,0,0,0,0,0,0,0,0,0,0,0,0,0,0,0,0,0,0,0,0,0,0,0,0,0,0,0.376309043560239,-0.0870596678071405,0,0,0,0,0,0,0,0,0,0,0,0,0,0,0,0,0,0,0,0,0,0,0,0,0,0,0,0,0,0,0,0,0,0,0,0,0,0,0,0,0,0,0,0,0,0,0,0,0,0,0,0,0,0,0,0,0,0,0,0,0,0,0.404558614533348,0,0,0,0,0,0,0,0,0,0,0,0,0,0,0
0,0,0,0,0,0,0,0,0,0,0,0,0,0,0,0,0,0,0,0,0,-0.625164460363075,0,0,0,0,-0.264743857684355,-0.0172285728793047,0,0,0,0,0,0,0,0,0,0,0,0,0,0,0,-0.359928033921872,0,-0.890074962276644,0,0,0,0,0,0,0,0,0,0,0,0,0,0,0,0,0,0,0,0,0,0,0,0,0,0,0,0,0,0,0,0,-0.534746361091837,0,0,0,0,0,0,0.132729169079929,0,0,0,0,0,0,0,0,0,0,0,0,0,0,0,0,0,0,0,0,0,0,0,0,0,0,0,0,0,0,0,0,0,0,0,0,0,0,0,0,0,0,0,0,0.351691685236775,0,0,0,0,0,0,0,0,0,0,0,0,0,0,0,0,0,0,0,0,0,0,0,0,0,0,0,0,0,0,0,0,0,0,0,0,0,0,0,0,0,0,0,0,0,0,0,0,0,0,0,0,-0.0704122696885812,0,0,0,0,0,0,0,0,0,0,0,0,-0.189643800548565,0,0,0
0,0,0,0,0,-0.168293233747678,-0.384709105349438,0,0,0,0,0,-0.111174031049597,0,0,0,0,0,0,0,0.437223282628004,-0.7773458285571,0,0,0,0,0,0,0,0,0,0,0,0,0,0,0,0,0,0,0,0,0,0,0,0,0,0,0,0,0,-0.13818484482191,0,0.365956395023646,0,0,0,0.0334170024518172,0,-1.19553162856639,0,0,0,0,0,-1.40325313757161,0,0,0,0,0,0,0,0,0,-0.45074028233565,0,0,-0.00309880695625853,0,0,0,0,0,-2.04407335304324,0,0,0,0,-0.706382711276004,0,0,0,0,0,0,0,0,0,0.0684359117915634,0,0,0,0,0,-0.13353627434876,0,0,-0.311366275469664,0,0,0,0,0,0,0,0,0,0,0,0,0,0,0,0,0,0,1.37841428068549,0,0,0.189018789689502,0,0,0,0,0,0,0,0,0,0,0,0,0,0,0,0,0,0,0,0,0,0,0,-0.599014483371764,0,0,0,0,0,0,0,0,0,0,0,0,0,0,-1.96362044456728,0,0,0,-0.0797595990304987,0,0,0,0,0,0,0,-0.0098567213129912,0,0,0,0,0,0,0,-0.382168305238803,0,0,-0.707250716153106,0,0,0,0,0,0,0
0,0,0,0,0,0,0,0,0,0,0,0,0,0,0,0,0,0,0,0,0,-0.184673868655495,0,0,0,0,0,0,0,0,0,0,0,0,0,0,0,0,0,0,0,0,0,0,0,0,0,0,0,0,0,0,0,0,0,0,0,0,0,0,0,0,0,0,0,0,0,0,0,0,0,0,0,0,0,0,0,0,0,0,0,0,0,0,0,0,0,0,0,-0.290719199906488,0,0,0,0,0,0,0,0,0,0,0,0,0,0,0,0.0515852041075404,0,0,0,0,0,0,0,0,0,0,0,-0.488165778439443,0,0,0,0,0,0,0,0,0,0,0,0,0,0,0,0,0,0,0,0,0,0,0,0,0,0,0,0,0,0,0,0,0,0,0,0,0,0,0,0,0,0,0.107806309370712,0,0,0,0,0,0,0,0,0,0,0,0,0,0,0,0,0,0,0,0,0,0,0,0,0,0,0,0,0,0,0,0,0,0,0.0264230369064054,0,0,0,0
0,0,0.00292707627063038,0,0,0,0,0,-0.845340056157947,0,0,-0.22127417843521,0,0,0,0,0,0,0,0,0,0,0,0,0,0,0,0,0,0,0,0,0,0,0,0,0,0,0,1.33771192488884,0,0.490633069627318,0,0,0,0,0,-0.0153233288684054,0,0,0,0,-0.0595060392061484,0,0,-1.66666760266327,0.679642798256752,0.352298114267233,0,0,0,0,0,0,0,-0.574499202217228,0,0,0,0,0,0,0,0,0,0,0,0,0.636710537542606,0,-0.544367854449885,0,0,0.977862152509744,0.689072101601244,0,0,0.238732384928648,0,0,0,0,0,0,0,0,0,0,0,0,0,0,0,0,0,0,0,0,0,0,0,0,0,0,0,-0.291461976039525,0,-1.17150740543527,0,0,0,0,0,0,0,0,0,0,0,0,-0.729423656220227,0,0,0,0,0.07952388204935,0,0,0,0,0,0,0,0,0,0,0,0,0,0,2.00755811896427,0,0,0,0,0.115929419339158,0,0,0,0,0,0.232227572381129,1.53158398456199,0,2.69169083784926,0,0,0,0,0,0.191048643055586,0,0,0,-1.0287393349484,0,0,0,0,0,0,0,-0.0255913974763875,0,0,0.499441923632819,0,0,0,0,0,0,0,0,0,-3.22530281813845,0,0,0,1.05890230626519
0,0,0,0,0,0,0,0,0,-0.00112499681203659,0,0,0,0.493270367997257,0,0,-0.00442879473680202,0,0.0331801273285985,0,0,0,0,0,0,0,0,0,0,0,0,0,0,0,0,0,0,0,0,0,0,0,0,0,0,0,0,0,0,0,0,0,0,0,0,0,0,0,0,0,0,0,0,0,0,0,0,0,0,0,0,0,0,0,0,0,0,0,0,0,0,0,0,0,0,0,0,0,0,0,0,0,0,0,0,0,0,0,0,-0.329390022700578,0,-0.0387434118814871,0,0,0,0,0,0,0,0,0,0,0,0,0,0,0,0,0,0,0,-0.128981290248562,0,0,0,0,-0.942324321496161,0,0,0,0,0,0,0,0,0,0,0,0,0,0,0,0,-2.2096132508932,0,0,0,0,0,0,0,0,0,0,0,0.239807651942713,0,0,0,0,0,0,0,-0.471097506020549,0,-6.89070952023752,0,0,0,0,0,0,0,0,0,0,0,0,0,0,0,0,0,0,0,-0.704940403981492,0,0,0,0,0,0,0,0,-0.526976436268299,0,0,0,0,0
0,0,0,0,0,0,0,0.316340098418698,0,0,0,0,0,0,0,0,-0.0539386956448022,0,0,0,0,0,0,0,0,0,0,0,0,0,0,0,0,-0.300424510282282,0,0,0,0,0,0,0,0,0,0,0,0,0,0,0,0,0,0,0.0527080083491984,0,0,0,0,0,0,0,0,0,0,0,0,0,0,0,0.0158593730715151,0,0,0,0,0,0,0,0,0,-0.404753198848054,0,0,0,0,0,0,0.27561345578026,0,0,0,0,0,0,0,0,0,0.011526267354437,0,0,0,0,0,0,0,0,0,0,0,0,0,0,0,0,0,0,0,0,0,0,0,1.13623661357235,0,0,0,0,0,0,0,0,0,0,0,0,0,0,0,0,0,0,0,0,0,0,0,0,0,0,0,0,0,0,0,0,0,0,0,0,0,0,0,0,-0.286995846093713,0,0,-0.537145306771815,0,-6.58662017813739,0,0,0.42549653087413,0,0,0,0,0,0,0,0,0,0,0,0,0,0,0,0,0,0,0,0,0,0,0,0,0,0,0,0,0,0,0
0,0,0,0,0,0,0,0,0,0,0,0,0,0,-0.629643866199871,0,0,0.212024454338306,0,0,0,0,0,0,0,0,0,0,0,0,0,0,0,0,0,0.149399341736465,0,0,0,0,0,0.0301190608704209,0,0,0,0,0,0,0.0666634302521745,-0.729466429720519,0,0,0,0,0,0,0,0,0,0,-0.463774080333075,0,-0.0571130076134394,0,0,0,0,0,0,0,0,0,0.959160676387705,0,-0.692035499110338,0,0,0,-0.4064729450432,0,0,0,-2.48666322846435,0.483745464540484,0,0,0,0,0,0,0,0.199121188890159,0,0,0,0,0.610631725175121,0,0,0,0,0,0,0,0,0,0,0,0,0,0,0,0,0,0,-0.20257480412621,0,0,0,0,0,0,0,0,0,0,0,0,0,0,0,0,0,0,0,0,0,0,0,0,-0.749545686039755,0,0,0,0,0,0,0,0,0,0,0,0,0,0,0,0,0,0.467540559398087,0,1.05802614587651,0,0,-0.822764736449573,0,-15.125305484468,0,0,0.14704287469887,0,0.378879613819684,0,0,0,0,0,0.174190303822349,0.535715298460498,0,0,0,0,0,0,0,0,0,0,0,0,0,0,0,0,0,0,0,0.323630733959892,0,0
0,0,0,0,0,0,0,0,0,0,0,0,0,0,-0.280470506770342,0,0,0,0,0,0,0,0,0,0,0,0,0.50336854956805,0,0,0,0,0,-0.431502737451491,0,0,0,0,0,0,-0.052438779838416,0.59902063099938,0,0,0,0,0,0,0,-0.84094357227226,0,0,0,0,0,0,0,0,0,0,0,-0.0376700758851785,0,0,0,0,0,0,0,0,0,0,0.435998067706929,0,-0.607790873444582,0,0,0,0,0,0,0,-1.54164430987195,0,-0.114949309420665,0,0,0,0,-0.407014236672811,0,0,0,0,0,0,0,0,0,0,0,0,0,-0.60310588447647,0,0.057565673877813,0,0,0,0,0,0,0,0,0,-0.109053259579485,0,0.254994174612061,0,0,0,0,0,0,0,0,0,0,0,0,0,0,0,0,0,0,0,0,0,0.198249301003618,-0.379595012147285,0,0,0,0,0,0,0,0,0,0,0,0,0,0,0,0,0,0,0.526793520154341,0.372403180837065,0,0,-1.61230523390906,0,-11.4533784001175,0,0,0,0,0.347951956681819,0,0,0,0,0,0.244084406700509,0,0,0,0,0,0,0,0,0,0,0.787820583304645,0,0,0,0,0,0,0,0,0,0,0,0
0,0,0,0,0.616599000050449,0,0,0,0,0,0,0,0,0,0,0,0,0,0,0,0,0,0,0,0,0,0.195452218859953,0,0,0,0,0,0,0,0,0,0,0,0,0,0.305043021700446,0,0,0,0,0,0,0.271632319850942,0,0,0,0.957490338223804,0,0,0,0,0,0.831583514179677,0,0,0,0,0.00921357337863271,0,0,-0.112180745526982,0,0,0,0,0,-0.251315787849933,-0.153690328874641,0,0.603305456303776,0.131991214040258,-0.155155052324437,0.559702969597834,0,-0.35369116593821,0,0.583835694049545,0,0,0.74668280246728,-0.0824078505646331,0,0,0,0,0,0,-0.00646047616991985,0,0.407857795581602,0,0,0,0,0,1.8482818978893,0,0,0.321009618059684,0,0,0,0.266788419005378,0,0,0,0,0,0,0,0.0261855654606458,0,0,0.00609946491410418,0,0,1.39769596795927,1.24975946009001,-0.000861434067485067,0,0,0,0,0,0,0,0,0,0,1.34816925595146,0,0,0,0,0,0.035927488878386,0,0,0,0,0,0,0,0,0,0,0,0,0,0,-0.0323984453665069,0,0,0,0,0,0,0,0,0,-18.2639051567928,0,0,0,0,0,0,0.231276526104902,0,0,0.0200108515612194,-0.78212941173682,0,0,0.188139105360712,-0.063714594695413,-0.526737568472625,0,0,0,0,0,0,0,-0.288647964577902,0,0.214999302364205,0,0,0,0,0,0,0,-0.189310270074716
0,0,0,0,0,0,0,0,0.34733976468302,0,0,0,-0.581372664295235,0,0,0,0.418853326905143,-0.405612682942788,0,0,0,-0.058797358206546,0,0,0.314414969833184,0,0,0,0,0,0.874422373534955,0,0,-0.110310977184778,0,0,0,0,0,0,0,-0.284481899089985,0,0,0,0,0,0,0,0,0,0,0,0,0,0,0,0.164753260261878,0.366487235187952,0,0,0,0,0.0619079096014592,0.054687567640501,0,0,0,0,0,0,0,0,0,-0.909497919470903,-0.227855637467815,-14.988062542478,0.300840737820038,0,0,0.060650528924552,0,0,0.910238360964538,0.326624318213962,0.0326404272654004,0,0,0,0,0,0,0,0,-0.347393513322469,0,0,0,0,0,0,0,0,0.323839462222772,0,-0.0100847584401123,0,0,0,0,0,0,-0.403989545369152,0,0,0,0,0.336896453912532,0,0,0,0,-0.592088026543649,0,0,0,0,0,0,0,0,0,0.556885409642291,0,0,0,0,-0.862661301362264,0,0,-0.924499081539368,0,0,0,0,0,0,0,0,-0.579783886006762,0,0,0,0,0,0,0,0,0,0,0,0.988805004657495,0,0,0,0,0,0,0,0,0,0,0,-0.118445357786285,0,0,0,-1.25350840475236,0,0.0683335687564754,0,0,0,0,0,-0.789988810786592,0,0,0,0,0,0,0,0.0512976369247151,0,0,0,0.77598589926597,0,0
0,0,0,0,0,-0.00872930863506949,0,0,0,0,0,0,0,0,0,0,0,0,0,0,0,-0.626626997536576,0,0,0,0,0,0,0,0,0,0,0,-0.124975868562468,0,0,0,0,0,0,0,0,0,0,0,0,0,0,0,0,0,0,0,0,0,0,0.0806480904554916,0,0,0,0,0,0,-1.05240288462239,0,0,0.784200595524346,0,0,0,0,0,0,0,0,-0.205780312170007,-8.5397417309335,0,0,0,0,0,0,0,0,0,0,0,0,0,0,0,0,0,-0.75883335778289,0,0,0,0,0.527858223667379,0,0,0,0,0.0318857523887859,0,0,0,0,0,0,0,0,-0.00486256085231518,0,0,0,0.0800157563273522,0,-0.0631831558038922,0,0,0.0303118777089009,0,0,0,0,0,0,0,0,0,0,0,0,0,0,0,0,0,0,0,0,0,0,0,0,0,0,0,0,0,0,0,0,0,0,0,-0.173613584502805,0,0,0,0,0,0,0,0,0,0,0.198382992497328,0,0,0,0,0,0.0795479024282812,0,0,0,0.22227067519934,0,0,0,0,0,0,0,0,0,0,0,0,0,0,0,0.0276551608338595,0,0,0,0
0,0.539101252599927,0,0,0,0,0,1.99791758777583,0,0,0,0,-0.562345677862802,0,0.596109653153803,0,0,1.04090146523106,0,0.0592002120502775,-1.58564512654676,0,0,0,0,0,0,0,0,0,0,0,0.0176901885007392,0.621952804751372,0,0,0,0,0,-1.61008119558525,0,0,0,0,0,-0.434521158659914,-1.70368989163153,0,0,0,0,0,0,0,0,0,0,0.338318106232298,0,0,0,0,0,-1.20900562870042,-0.0473412780668325,0,0,0,0,0,0.74070705944593,0,-0.717188857125239,0,1.69366171439993,0,0,0,0,0,0,0,0,0,0,0,0,0,0,0,0,0,-0.443897132929135,0,0,1.33160664703108,0,0,0,1.97363718483816,0,0,0,0.55205920368661,0,-0.629305295750077,0,0,0,0,0,0,0,0,-0.117142478915949,0,0,0,0,-0.857055109496901,0,0,0,-0.162804301935047,0,0,0,0,0,0,0,0,0,0,-0.00524675952411502,0,0,-0.112079749017472,0,0,0,0,0.128440640749022,0.18094332257086,0,0,0,-0.19948452888222,0,0,0,0,0,0,0,0,0.284787304266874,0,0,0.526189824999822,0,0,0.476404705764621,-0.269692326688797,0,0,1.14337124031439,0,0,0,0,0,0,0,0,0,-0.121405617456984,0,0,0,0,0,0,1.82426870631508,0.292872660389996,0,0,0,0,0,0,0,0,0,0,0,0,0,0,0.461121325909577
0,0,0.407773096841348,0,-0.485884970075336,0,0,0,-1.60433766270949,0,0,0,0,0,0,0,0,0,0,0,-0.18867497131645,0,0,0,0,-0.357688054868259,0,0,0,0,0.105966151244723,0,0,-0.410724759109354,0,0,-1.27036947108178,0,0,0,0,0,0,0,0,0,0,0,0,0,0,-0.433412808343754,0,-0.235715332306771,0,0,0,0,0.881290670356945,0,0,2.38670050511869,0,0,0,0,0,0,0,-0.163663119800197,0,0,0,0,0,0,0,-0.598035618198353,0,0,0,0,-0.746664799010685,0,0,0,0,0,0,0,0,0,0,0,0,0,0,0,0,0,1.30395177933747,0,0,0,0,0,0,0,0,0.064986310889658,0,0,0,0,0,0,2.61336032668753,0,0,-1.7666886653835,0,0,0.573296257950921,0,0,0,-0.0828240414133077,-0.434117500621692,0,0,-0.504486918658609,0,0,0,0,0,0,0,0,0,0,0,0,0,0,0,0,0,0,0,0,0,0.409481840766336,0,0,0,0,0.254291003529947,0,0.659632821383104,0,0,0,0,0,0,1.05084105716266,0,0,0,0,0,0,0,0,0,0,0,0,2.57928841541934,0,0,0,0,0.223686109722634,0,-0.616148139224266,-0.284204098890127,0,0,0,0,0,-0.56031793332908,0,0,0,0,0,-0.315068516505146
-0.798233488616247,0,0,0,0,0,0,0,0,0,0,0,0,0,-0.400949463741907,0,0,-0.42600149813243,0,0,0,-0.153398243182149,0,-0.0486231598635258,0,0,0,-0.0905397585182277,0.106657896270372,0,0.713501481891415,0,0,0,0,0,-0.280796670439076,0,0,0,-0.488574154732394,0.175469016016958,0,0,-0.176939687494365,0,1.26768081119475,0,0,0,0,0,-0.480415644541713,0,0,0,0,0,0,0,0,0,1.46820800972382,0,0,0,-0.376246946435664,0,0,0,-1.26236007354733,0,0,-0.384574210269971,0,0,0,0,0,0,0,0,0,-1.37590636035503,0,0,0.0794555803893986,0.704265439113103,0,0,0,0,0,-0.648712982121065,0,-0.18529201179044,0,0,0,0,0,0.217666708051979,0,0,0,1.92514081960959,0,0,0,0,0,0,0,0,0,0,0,0,0,0,0,0,0.350569801012043,0,0,0,0,0,0,0.0974364400784964,0,0,0,0,0,0,0,0,0,0,0,0,0,0,0,0,0,0,0,0,0,0,0,-0.742159231298472,0,0,0,0.960770287942799,0,0,0,0,0,0,0,0,0.634267281195052,0,1.1045213604541,0,0,0,-0.585368159879738,0,0,0,0,0.611041568500338,0,0,0,0,0,0,0,0,0,-2.70970673504106,0,0,0.305608634030235,0,0,0,0.00910856581193276,0,0,0,0,0
0,-0.19436579152766,0,0,0,0,0.00327508995732417,0,0,0,0,0,0,0,0,0,0,0,0,0.38603826300503,0,0,0,0,0,0,0,0,0,0,0,0,0,0,0,0,0,0,0,0,0,0.647473899584333,0,0,0,0,0,0,0,0,0,0,0,0,0,0,0,0,0,0,0,0,0.300022549333563,0,0,0,0,0,0,0,-0.0519995963246984,0,0,0,0,0,0,0,0,0,0,0,0,0,0,-0.0495476284427128,0,0,0,0,0,0,0,-0.612476180156104,0,0,-0.413983416558296,0,0,0,0,0,0,0,0,0.197137457631254,0,0,0,0,0,0,0,0,-1.20495159085284,0,0,0,0,0,0,0,0,0,0,0,0,0,0,0.451790102032911,0,-0.255745411805869,0,0,-0.194345725777955,0,0,0,0,0,0,0,0,0.352971435147631,0,0,0,0,0,0,0,0,0,0,0.407036693963367,0,0,0,0,0,0,0,0,-0.157896632230588,0,0,0,0.23743710913663,0,0,0,0,0,0,0,0,0,0,0,0,0,0,0,0,0,0,0.0370901325314583,0,0,0,0,0,-0.828314209619156,0,0,0,0,0,0,0
0,0,0,0,0,0,0,0,0,0,0,0,0,0,0,0,0,0,0,0,0.542732129590007,0,0,0,0,0,0,0,0,0,0,0,0,0,0,0,0,0,0,0,0,0.736270273145436,0,0,0,0,0,0,0,0,0,0,0,0,0,0,0.507530516329252,0,0,0,0,0,0,0,0,0,0,0.712299429258723,0,0,0,0,-0.0684162615128672,0,0,0,0,0,0,0,1.16671185104259,0,0,0,0,0,0,0,0,0,0,-1.1359470674834,0,0,0,-1.31699937254894,-0.305076597482753,0,0,0,0,0,0,0,0,1.24007868554958,0,0,0.00735723714130021,0,0,0,0,0,0,0,0,0,0,0,0,0,0,0,0,0,0,0,0,0,0,0,0,0,0,0,0,0,0,-0.702826946731322,0,0,0,0,0,0,0,0,0,0,0,0,0,0,0.732204182642593,0,0,0,0,0,0,0,0,0,0,0,0,0,0,0,0,0,0,0,0,0,0,0,0,0,0,0,0,0,0,0,0,0,0,0.467821039601397,0,0,0,0,0,0,0,0,0,0.133918714694631
0,0,0,0,0,0,0,0,-0.123677555836395,0,0,-0.0230997254771856,0,0,0,0,0,-2.28785853648508,0,0,0,0,0,0,0,0,-0.83155238041245,0,0,0,0,0,0,0.332066101198511,0,0,-1.46461094166416,0,0,0,0,0.274812588859559,0,0,0.907356611472523,0,-5.13861742712128,0,0,0,0,0,0,0,0,0,-0.965414783446089,0,0,0,-0.775948396231802,0,0,-0.174611460925499,0,-0.519479684634872,0,0,0,-0.0615150459455009,-2.33893144859882,0,-0.687594787155118,0.220432810197173,0,0,0,-2.03685122033251,0,0,0,0,0,0,0,-1.55995902205064,0,-1.18320968616461,0,-0.112567324540483,0,0,0,-1.26027774574859,1.08854244756339,-0.852268139733207,0,0,0,-0.525931134654574,0,-2.275379235146,0,0,-0.0689232411889036,0,0,0,1.20249230594584,1.47681976208871,0,0,0,0,0,0,0,0.567226590476342,-0.956875374929365,0,0,0,-0.61265597789388,0,0,0,0.741857404597084,0,-0.0812005352527854,0.0500800403660924,0,0,0,0,0,0.863549345244867,0,0,0,-1.93745906447128,0,0,0,0,0,0,0,-1.33364648481954,0,1.21250450706008,0,0,0,0,0,0,0,0,0,-0.101346814084438,0.320948203963593,0,0,0,0,0,0,0,-1.30476795360114,0,0,0,0,-2.5286062154179,0,-4.09325434291612,0,0,0,0,0,1.02376264377005,0,0,0,0,-1.93107243055682,0,0,0,0,0,0,0.603642807482742,-0.929506855192402,0,0,0.59612467532239,0,-0.591309353232256
0,0,0,0,0,0,0,0,0,0,0.120557108081484,0,0,0,0,0,0,0,0,0,0,-0.506847575558866,0,0,0,0,0,0,0,0,0,0,0,0,0,0,0,0,0,0,0,0.526111131721615,0,0,0,0,0,0,0,0,0,0,0,0,0,0,-0.160334894576433,0,0,0,0,0,0,0,-0.0920407713625859,0,0,0,0,0,0,0,-0.238955433139187,0,0,0,0,0,0,0,0,0,0,0,0,0,0,0,0,0,0,0,0,0,0,0,0,0,0,0,0,0,0,0,0,0,0,0,0,0,0,0,0,0,0,0,0,0,0,0,0,0,0,0,0,0,0,0,0,0,0,-0.296562047601326,0,0,0,0,0,0,0,0,0,0,0,0,0,0,0,0,0,0,0,0,0,0,0,0,0,0,0,0,0,0,0,0,0,0,0,0,0,0,0,0,0,0,0,0,0,0,0,0,0,0,0,0,0,0,0,0,0,0,0,0,0,0,0,0,0,0,0,0
0,0.080136565455877,0,0,0,0,0,0,0,0,0,0,0,0,0,0,0,0,0,0,0,-0.374452464476195,0,0,0,0,0,0,0,0,0,0,0,-0.568161692966596,0,0,0,0.0430430439624834,0,0,0,0,0,-0.352318450123415,0,0,-0.605030625596334,0,0,0,0,0,0,0,0,0,-0.453780845062721,0,0,0,0,0,0,0,0,0,0,0,0,0,0,0,-0.388149597413459,0,0,0,0,0,0,0,0,0,0,0,0,0.107337055337507,0,0,0,-0.25145132731593,0,0,0,0,0.116284980379328,-0.0235999103712285,0,0,0,0.419317529134146,0,0,0,0,0,0.598038090719849,0,0,0,0,0,0,0,0,0,0,0,0,0,0,0,0,0,0,0,0,0,0,0,0,0,-0.711637445727519,0,0,0,0,0,0,0,0,0,0,0,0,0,0,0,0,0,0,0,0,0,0.0188080558911941,0,0,0,0,0,0,0,0,0.0698502663498648,0,0,0,0,-0.238136411927628,0,0,0,0,0,-0.232309375935527,0,0,0,0,0,0,0,0,0,0,0,0,0,0,0,0,0,0,0,0,0,0,0,0,0,0
0,0,0,0,0,0,0,0,0,0.0806533265371847,-4.218132747934,0,0,0,0,0,0,-0.118403098860097,0.396542908485445,-1.48085264769887,0.463725085911139,0,0,0,0,-2.29877065032721,0,0,0,0,0,0,0,0,0,0.0793970950890655,0,1.72194239153367,0,0,0,0,0,0,0,0,-2.14869266173294,0,0,0,0,0,0,0.369377658195346,0,0,-2.73361251026844,0,0,-0.320103185489765,0,0.402218100475794,-0.259142197363914,0,0,0,0,0,0,0,-2.26131604425065,0,-0.942533761232488,0,-0.713027025326072,0,0,0,0,0,2.53207186551175,0,0,0,0,-0.20564896976544,0,0,0,0,0,0,0,0,0,-1.10511797785067,0,0,-0.511883091621035,0,0,0,0,0,0,2.32722304208176,0,0,0,0,0,0,0,0,0,0,0,0,0,-0.0407899012533761,0,0,0,0,0,0,0,0,0,0,-0.658849883429906,0,0,0,0.0547324592878089,0,0,0,0,-1.6988472437043,-0.0878672455110283,0,0,0,0,0,0,0,0,0.488152619950625,0,0,0,0,-0.838038634983068,0,0,-0.204900811203416,0,0,1.13707784669523,0,0,0,0,0,0.0119436504944221,0,0,0,0,0,0,-0.153774156038714,0,-1.87865387454753,0,-0.215876261443795,0,-1.61454879106534,0,0,0,0.357427939533963,0,0,-0.40953779913905,0,0,0,0,0,0,-0.222191520511126,-0.0288012785238347,0,0,0,0,0
0,0,0,0,0,0,0,0,0.118119224002827,0,0,0,0,0,0,0,-0.0638526989590922,0,0,0,0,0,0,0,0,0,0,0,0,0,0,0,0,0,0,0,0,0,0,0,0,0,0,-0.126260051188731,0,0,0,0,0,0,0,0,0,0,0,0,0,0,0,0,0,0,0,0,0,-0.504209106303865,0,0,0,0,0,0,0.346286280410969,0,0,0,0,0,0,0,0,0,0,0,0,0,0,0,0,0,0,0,0,0,0,0,0,0,0,0,0,0,0,0.130486447681899,0,-0.843205646379818,0,0,0,0,0,0.667968391003466,0,0,0,0,0,0,0,0,0,0,0,0,0,0,0,0,0,0,0,0,0.585537227105188,0,0,0,0,0,0,0,0,0,0,0,0,0,0,0,0,0,0,0,0,0,0,0,0,0,0,0,0,0,0,0,0,0,-0.758394367318496,0,0.040825774854345,0,0,0,0,0,0,0,0,0.128992095119333,0,0,0,0,0,0.0577733457160787,0,0,0,0,0,0,0,0,0,0,0,0,0,0,0,0
0,0,0,0,0,0,0,0,0,0,0,0,0,0,0,0,0,0,0,0,0,-0.170427766613661,0,0,0.779438869861067,0,0,0,0,0,0,0,0,0,0,0,0,0,0,0,0,0,0,0,0,0,0,0,0,0,0,0,0,0,0,0,0,0,0,0,0,-0.314477117913022,0,0,0,0,0,0,0,0,0,0,0,0,0,-0.131503445434892,0,0,0,0,0,0,0.133968541027332,0,1.43836450960274,0,0,0,-3.05646583640641,0,0,0.204718433057333,0,0,0,0,0,0,0,-0.0455359413916154,0,-0.943860946546336,0,0,0,0,0,0,0,0,0,0,0,0,0,0.3822304970335,0,0,0,0,0,0,0,0,0,0,0,0,0,0,0.350997168102599,0,0,0,0,0,0,0,0,0,0,0,0,-0.493198521007938,0,0,0,0,0,-0.129676073148088,0,0,0,0,-0.276884204776647,0,0,0,0,0.368989870143614,0,0,0,0,0,0,-1.74913576745755,0,0,0,0,0,0,0,0,0.0490997982911814,0,0,0,0.447657156498988,0,0,0,0,0,0,0,0,0,0,-0.0566422605410379,0,0,0,0,0,0,0,0,0
0,0,0.120256683700852,0,0,0,0,0,0,0,0,0,0,0,0,0,0,0,0,0,0,-0.288993156883459,0,0,0,0,0,0,0,0,0,0,0,0,0,0,0,-0.26465630056133,0,0,0,0,0,0,0,0,0,0,0,0,0,0,0,0,0,0,0,0,0,0,0,0,0,0,0.126621715995298,0,0,0,-0.949080566107436,0,0,0,0,0,0,0,0,0,0,0,0,0,0,0,0,0,0,0,0,0,0,0,0,0,0,0,0,0,0,0,0,0,0,0,0,0,0,0.0937904180103608,-0.0939454660341346,0,0,0,0,0,0,0.395530724072573,0,0.757476009813333,0,0,0,0,0,0,0,-0.142396056737492,0,0,0,0.709369820134221,0.109872211854785,0,0,0,0,-1.86778496675599,0,0,0,0.0722470307143561,-0.286298917168536,0,0,0.226399505915142,0,0,0,0,0,-1.37891228574339,0,0,0,0,0,0,0,0,0,0,0,0,0,0,0,0,0,0,0,0.202542341770743,0,0,0,0,0.274733615894916,0,0,0,0,0,0,0,0,0,0,0,0,0,0,0,0,0,0,0,0.818765560222529,0,0,0,0,-0.0871436355983142
0,0,0,0,0,-0.430045224310767,0.170795613278337,0,0,0,0,0,0,0,0,0,0,0,0,0,0,-0.189969877476784,0,0,-0.483254649782294,0,0,0,0,0,0,0,0,0.0279670615612457,0,0,0,0,0,0,0,0,0,0,0,0,0,0,0,0,0,0,0,0,0,0,0,0,0,0,0,0,0,0,0,0,0,0,0,0,0,0,0,0,0,0,0,0,0,0,0,0,0,0,0,0,0,0,0,0,0,0,0.107975610117943,0,0,0,0,0,0,0,0,0,0,0.160978624221688,0,0,0,0,0,0,0,-0.650578943255164,0,0,0,0,0,0,0,0,0,0,0,0,0,0,0,0,0,0.251485564722257,0,0,0,0,0,0,0,0,0,0,0,0,0,0,0,0,0,0,0,-0.0207356458593499,0,0,0,0,0,0,0,0,0,0,0,0,0,0,0,0,0,0,0,0,0,0,0,0,0,0,0,0,0,0,0,0,0,0,0,0,0,0,0,0,0,7.06275134530017,0,0,0,0,0,0,0,0
0,0,0,0,0,0,0,0,0,-1.33397066969949,0,0,0,0,0,0,0,0,0,0,0,0,0,0,0,0.267385398673899,0,0,0,0,0,0,0,0,0,0,0,0,0,0,0.00790225133868838,0,0,0,0,0,0,0,0,0.370950592380054,0,0,0,0,0,0,0,0,0,0,0,0,0,0,0,0,0,0,0,0,0,0,0,0.66457108032168,0,0,0,0.841545283322344,0,0,-0.590795626342953,0,0,0,0,0.00807353440708147,0,0,0,-0.598232390733012,0,0,0,0,0,0,0,0,0,0,0,0,0,0,0,0,0,1.30253261557398,0,0,0,0,0,0,0,0,0,0,0,0,0,0,0,0,0,0,0,0,0,0,0,0,0,0,0,0,0,0,0,0,0,0,0,0,0,0,0,0,0,0,0,0,0,0,0,0,0,0,0,0,0,0,0,0,0,-0.482015448603958,0,0,0,0,0,0,0,0,0,0,0,0,0,-0.0752852618521307,0,0,0,0,0.313981242507393,0,0,0,0,0,0,18.2100157437876,0,0,0,0,0,0,0,0
0,0,0,0,0,-0.0652495389057679,0,0,-0.374850249606309,0,0,0,0,0,0,0,0,0,0,0,0,0,0,0,0,0,0,0,0,0,0,0,0,0,0,0,0,0,0,0,0,0,0,0,0,0,0,0,0,0,0,0,0,0,0,0,0,0,0,0,0,0,0,0,0,0,0,0,0,0,0,0,0,0,0,0,0,0,0,0,0,0,0,1.10262906434059,0,0.385503783925365,-0.669570004242488,0,0,0,0,0,0,0,0,-0.211198990306413,0,0,0,0,0,0,0,0,0,0,0,0,0,0,0,0,-0.0160479905203539,0,0,0,0,0,0,0,0,0,0,0,0,0,0,0,0,0,0,0,0,0,0,0,0,0,0,0,0,0,0,0,0,0,0,0,0,0,0,0,0,0,0,0,0,0,0,0,0.362552025414958,0,0,0,0,0,0,0,0,0,0,0,0,0,0.457172333511437,0,0,0,0,0,0,0,0,0,0,0,0,0,0,0,0,15.9325300177404,0,0,0,0,0,0,0,0
0,0,0,0,0,-1.2532621861152,0,0.0851551263611643,-0.705381702880277,0,0,0,0,0,0,0,0,0,0,0,0,0,0,0,0,0,0,-0.205170676015994,0,0,0,0,0,0,0,0,0,0,0,0,0,0,0,0,0,0,0,0,0,0,0,0,0,0,0,0,0,0,0,0,0.270893200258847,0,0,0,0,0,0,0,0,0,0,0,0,0,0,0,0,0,0,0,0,-0.025576257703819,0,0,0,0,-0.056317160149794,0,0,0,0,1.057724586061,0,0,0,0,0,0,0,0,0,0.0485875250184327,0,0,0,0,0,0,0,0,0,-0.537068884522734,-0.021499863080185,0,0,0.0967635442376349,0,0.258338535129607,0,0,0,0,0,0,0,0,0,-0.0193393570023752,0,0,0,0,0.408921307817306,0,0,0,0,0,0,0,0,0,0,0,0,0,0,0,0,0,0,0,0,0,0,0,0,0.026640237674243,0,0,0,0,0,-0.294149810581298,0,0,0,0,0,0,0,0,0,0,0,0,0,0,0,0,-0.0418852789702948,0,0,-0.282831865817473,0,0.690672116695492,0,0,0,0,0,13.4840228001284,0,0,0,0,0,0,0,0
0,0,0.793022051765405,0,0,0,0,0,0,-0.633204735713327,0,0,0,0,0,0,0,1.52906244943614,0,0,0,0,0,0,-0.908000627214464,0,0,0,0,0,0,0,0,0,-0.0891771717674728,0,0,0,0,0,0,0,0,0,0,0.401258423243614,0,0,0,0,0,0,0,0,0,0,0,0.168586854992942,0,0,0.0240678262848542,0,0,0,0,0,0,0,0,0,0,0,0,0,0,0.377897514597492,-2.35629946381601,0.8586053883606,0,0,0,-0.0431454060911884,0,0,0,-1.07539067213454,0,0,0,0,0,1.18806186065263,0,0,0,0,0,-0.892950492251577,0,0,0,0,0,0,0,0,1.16710697884159,0,0,0,0,0,0,0,-1.07465688188153,0,0,0,0,0,0,0,0,0,0,0,0,0,0,-0.245236229605347,-0.279353582718952,-0.393753650952679,0,0,-0.618508469804339,0.138008062415815,0,0,0,0,0,0,0.141140428213984,0,0,0,0,1.06590112299729,0,0,0,0.124251813455318,0,-0.382012443248182,-0.684656063132064,0,0,0,0,0,0.488470980818349,0,0,0,0,0,0,0,0,0,0,0,0,0,0,0,0,0,0,0,0,0,0,0,0,0,0,0,0,0,0,0,0.152196080086629,0,0,0,0,0,0,0
0,0,0,0,0,0,0,0,0,0,0,0,0,0,0,0,-0.318819303071298,0,0,0,0,-0.465908492874282,0,0,0,0,1.13795860663936,0,-0.126511933412794,-6.43655450461444,0,-0.140547946249459,0,0,0,0,0,0,0,0.280426495091942,0,0,0,0,0,-0.46295500998913,0,0,0.2730751062221,0,0,-1.01433509581199,0,0,0,0,0,0,0,0,-1.00017962999765,0,0,0,0,0,0,0,0,0,0,1.19848965526457,0,0,0,0,-0.0800940863320867,0,0,3.17648981824109,0,0,0.319531548684324,0,-0.173891210571604,0.118525692605903,0,0,0,0,0,0,0,0,0,0,0,0,0,-0.153694095237473,-0.0598041842322883,0,-0.318811933927155,0.0786626887963655,0.570999980885964,0,0,0,0.0834557252517574,0,0,0,0,0,0,0.0634611050011622,0,0,0,0,0,0,-0.725936158032538,0,0,0,0,-0.592515637695172,0,0,-0.148249825033981,0.410327683001387,0,0,0,0,0,0,0,0,0,0,0,0,0,0,0,0,0,0.160500978960508,0,0,0,0,-0.0941531661565911,0,0,0,0,-0.10182107054274,0,0,0,0,0,0,0,0,0,0,0,0,0,0,-2.18490471400712,0,0,0,0,0.00495079898553352,0,0,0,-1.00228495349402,0,0,0,0,0,-0.47539963381952,0,0,0,-0.207292022114245,0,0,-0.136080103992679,0,0,0
0,0,0,0,0,0,0,0,0,0,0,0,0,0,0,0.445193698039821,-0.138160211612835,0,0,0,0,-0.349030830386095,0,0,0,0,0,0,0,0,0,0,0,1.25259208840423,0,0,0,0,0,0,0,0,0,0,0,-0.700055630491077,0,0,0,0,0,0,0,0,0,0,0,0,0,0,0,0,0,-0.299953382648221,0,0,0,0,0,0,0,0,0,0,0,0,0,-0.0558525449667244,0,0,-0.253341480854201,0,0,0,0,0,0,0,0,0,0,0,0,0,0,0,-0.132202760815442,0,0,0.952914371515285,-0.587837254232725,0,0,0,0.923823284111104,0,0,0,0.56546658975258,0,0,-1.04880832420029,0,0,0,0,0,0,0,0,0,0,0,0,0,-0.407133768281787,0,0,0,0,0,0,0,0,0,0,0,0,0,0,0,0,0,0.204640347445036,0,0,0,0,0,0,-0.303401787657435,0,0,0,0,0,0,-0.164431421531763,0,0,0,1.05079209881495,0,0,0,0,0,0,0,0,0,0,0,-0.0322440932418409,0,0.702990174287191,0,0,0,0,0,0,0,0,0,0,0,0,0,0,0,0,0,0,0,0,0,0,0,0
0,0,0,0,0,0,0,0,0,0,0,0,0,0,0,0,0,0,0,0,0,0,0,0,0,0,0,0,0,0,0,0,0,0,0,0,0,0,0,0,0,0,0,0,0,0,0,0,0,0,0,0,0,0,0,0,0,0.236803583218653,0,0,0,0,0,0,0,0,0,0,0,0,0,0,0,0,0,0,0,0,0.791754550359582,0,-0.915465724578099,0,0,0,0,0,0,0,0,0,0,0,0,0,0,0,-0.174783939402919,0,0,2.13225127312695,0,0,0,0,0,0.0994980142437181,0,0,0.651689393211516,0,0,0,0,0,0,0,0,0,0,0,0,0,0,0,0,0,0,0,0,0,0,0,0,0,0,0,0,0,0,0,0,0,0,0.418733529956754,0,0,0,0,0,0,0,0,0,0,0,0,0,0,0,0,0,1.24348342423271,0,0,0,0,0,0,0,0,0,0,0,0,0,0,0,0,0,0,0,0,0,0,0,0,0,0,0,0,0,0,0,0,0.112573996468763,0,0,0,0,-0.362445356963243
0,0,0,0,0,0,0,-0.00530994205881052,0,-0.311488181439333,0,0,0,0,0,0,0,0,0,0,0,-0.543083432878444,0,0,0,0,0,0,0,0,0,0,0,0,0,0,0,0,0,0,0,0,0,0,0,0,0,0,0,0,0,0,0,0,0,0,0,0,0,0.17763052555567,0,0,0,0,0,0,0,0,0,0,0,0,0,0,0,0,0,-0.344763013165395,0,0,0,0,0,0,0.118254647504969,0,0,0,0,0,0,0,0,0,0,0,0,0,0,0,0,0,0,0,0,0,0,0,0,0,0,0,0,0,0,0,0,-1.40166236795585,0,0,0,0,-0.112295983475256,0,0,0,0,0,0,0,0,0,0,0,0,0,0,0,0,0,0.128453742290093,0,0,0,0,0,0,0,0,0,0,0,-0.385093609968087,0,0,0,0,0,0,0,0,0,0,0,0,0,0,0,0,0,0,0,0,0,0,0,0,0,0,0,0,0,0,0,0,0,0,0,0,0,-0.050995302097433,0,0,0,-0.176680090423087,0,0,0,0,0
0,0,0.0420689235477618,0,0,0,0,-0.709920712493796,0,0.406115226238712,0,0,-0.184477174457448,0,0,0,0,0,0,-0.118646206505683,0,-0.234738129403779,0,0,0,0,0,0,0,0,0,0,0,0,0,0.0593312837581719,0,0,0,0,0,0,0,0,0,0,0,0,0,0,0,0,0,0,0,-0.636323825219471,0,0,0,0,0,0,0,0.0350651522348038,0,-0.179665545477403,0,0,0,0,0,0,0,0,0,0,0,0,0,0,0,0,0,0,0,0,0,0,0,0,0,0,0,0,0,0,0,0,0,0,0,0,0,0,0,0,0,0,0,0,0,0,0,0,0,0,0,0,0,-0.716985750964915,0,0,0,0,0,0,0,0,0,0,0,0,0,0,0,0,0,0,0,0,0,0,0,0,0,0,0,0,0,0,0,0,0,0,0,0,0,0,0,0,0.736881672794614,0,0,-0.184716755474034,0,0,0,0,0,0,0,0,0,0,0,0,0,0,0,0,0,0,0,0,0.431347752600093,0,0,0,0,0,0,0,0,0,0,0,0,0,0,0
0,0,0,0,0,-0.204485361904887,0,-0.153495966478881,0,-0.191737953934577,0,0,0,0,0,0,0,0,0,0,0,-0.114439198358181,0,0,0,0,0,0,0,0,0,0,0,0,0,0,0,0,0,0,0,0,0,0,0,0,0,0,0,0.28119149265656,0,0,0,0,0,0,0,0,0,0,0,0,0,0,0,0,0,0,0,0,0,0,0,0,0,0,0,-0.250663892533264,0,0,0,0,0,0.537373465239368,0,0,0,0,0,0,0,0,0,0,0,0,0,0,0,0,0,0,0,0,0,0,0,0,0,0,0,0,0,0,0,0,0,0,0,0,0,0,0,0,0,0,0,0,0,0,0,0,0,0,0,0,0,0,0,0,0,0,0,0,0,0,0,0,0,0,-0.145017027277047,0,0,0,0,0,0,0,0,0,0,0,0,0,0,0,0,0,0,0,0,0,0,0,0,0,0,0,0,0,0,0,0,0,0,0,0,0.68285680556855,0,0,0,0,0,0,0.195290973896821,0.0563342935048738,0,0,0,0
0,0,0,0,0,0,0,0,0,0,0,0,0,0,0,0,0,0,0,0,0,0,0,0,0,0,0,0,0,0,0,0,0,0,0,0,0,0,0,0,0,0,0,0,0,0,0,0,0,0,0,0,0,0,0,0,0,0.107340490965765,0,0,0,0,0,0,0,0,0,0,0,0,0,0,0,0,0,0,0,0,0,0,0,0,0,0,-0.245016012443164,-0.0440509258447943,0,0,0,0,0,0,0,0,0,0,0,0,0,-0.0352910328691842,0,0,0,0,0,0,0,0,0,0,0,0,0,0,0,0,0,-0.0365772746247288,0,0,0,0,0,0,0,0,0,0,0,-0.126081611427436,0,0,0,0,0,0,0,0,0,0,0,0,0,0,0,0,0,0,0,0,0,0,0,0,0,0,0,0,0,0,0,0,0,0,0,0,0,0,0,0,0,0,0,0,0,0,0,0,0,0,-0.038897327745532,0,0,0,0,0,0,0,0,0,0,0,0,0,0,0,0,0,0,0
0,0,0,0,0,0,0,0,0,0,0,0,0,0,0,0,0,0,0,0,0,0,0,0,0,0,0,0,0,0,0,0,0,0,0,0,0.288443789847831,0,0,0,0,0,0,0,0,0,0,0,0,0,0,0,0,0,0,0,0,0,0,0,0,0,0,0,0,0,0,0,0,0,0.131004214656801,0,0,0,0,0,0,0,0,0,0.721662919243348,0,0,0,0,0,0,0,0,0,0,0,0,0,0,0,0,0,0,0,0,0,0,0,0,0,0,0,0,0,0,0,0,0,0,0,0,0,0,0,0,0,0,0,0,0,0,0,0,-0.431179771720112,0,0,0,0,0,0,0,0,0,0,0,0,0,0,0,0,0,0,0,0,0,0,0,0,0,0,0,0,0,0,0,0.014911310739341,0,0,0,0,0,0,0,0,0,0,0,0,0,0,0,0,0,0,0,0,0,0,0,0,0,0,0,0,0,0,0,0,0,0,0,0,0,-0.0264562573333698
0,0,0,0,0,0,0,0,0.600026670074049,0,0,0,0,0,0,0,0,0,0,0,0.00029002940664169,0,0,0,0,0,0,0,0,0,0,0,0,0,0,0,0,0,0,0,0,0,0,0,0,0,0,0,0,0,0,0,0,0,0,0,0,0,0,0,0,0,0,0,0,0,0,0,0,0,0,0,0,0,-0.142143927660885,0,0,0,0,0,-0.243871801231369,0,0,0,0,0,0,0,0,0,0,0,0,0,0,0,0,0,0,0,0,0,0,0,0,0,0,0,0,0,0,0,0,0,-0.214140455522214,0,0,-1.02931860074548,0,-0.119442071656721,0,0,0.121380748661374,0,0,0,0.1414097198844,0,0,0,0,-0.0454120327611101,0.202611821768068,0,0,0,0,0,0,0,-0.102750932031668,0,0,0,0,0,0,-1.46033953178854,0,0,0,0,0,0,0,0,0,0,0,0,0,0.444244134822645,0,0,0,0,0,0,0.488733098440141,0,0,0,0,0,0,0,0,0,0,0,0,0.434120369031421,0,0,0,0,0,0,0,0,0,0,0,0,0,0,0,0,0,0
0,0,0,0,0,0,0,0,0,-0.326978326030574,0,0,0,0,0.168928343047219,0,0,0,0,0,0.529443070240111,0,0,0,0,0,-0.321719307896569,0,0,0,-0.250506820604471,0,0,0,0,0,0,0,0,0,0,0,0,0,0,1.01751424411039,0,0,0,0,0,0,0,0,0,-0.0779875752081809,0,0.370977668607894,0,0,-0.677572412873078,0,0,0,0,0,0,0,0,0,0,0,0,0,0,-0.524356351803934,0,0.00161007896019782,0.128728871087971,0,0,0,0,0.302801190429465,0,-0.538021621807373,0,0,0,0,0,0,0,0,0,-0.260016274888019,0,0.213769202412413,0,-0.327960401270632,0,0,0,-0.132977610404334,0,0.248812735633857,0,0,-0.378920030747428,0,0,0.989344744223279,-0.387806871735437,0,0,0,0,0,0,0,0,0,0.318736929566419,0,0,0,0,0,0,-0.864124247802447,0,0,0,0,0,0,0.789454112480373,0,0,0,0,-0.238218240729185,0,0,0,0,3.00625264223539,0,0,0,1.48766847296293,0,0,-0.0992764221617466,0,0,0,0,0.332004350887064,1.10882785911438,0,0.419732246920206,0,0,0,0,0,0,0,0,0,0,0,0,0.060736284100225,0,0,0,0,0,0,0,0,0,0,0,0,0,0,0.126121769010576,0,0,0,0,-1.9717758374111,0,-0.121080637544467,0,0,0
0,0,-0.140370195843708,0,0,0,0,0,0,0,0,0,0,0,0,0,0,0,0,0,0,0,0,0,0,0,-0.0760700034948769,0,0,0,0,0,0,0,0,0,0,0,0,0,0,0,0,0,0,0,0,0,0,0,0,0,0,0,0,-0.0986739833115557,0,-0.0520277978008277,0,0,-0.114375241997637,0,0,0,0,0,0,0,0,0,0,0,0,0,0,0,0,0,0,0,0,0,0,0,0,-1.06589399613847,0,0,0,0.250282396759725,0,0.362817071629122,0,0,0,0,0,0,0,0,0,0,0,0,0,0,0,0,0,0,0,-0.245092530399575,0,0.626445070373875,0,0,0,0,0,0,0,0,0,0,0,0,0,0,0,0,0,0,0,0,0,0,0,0,0,0,0,0,0,0,0,0,0,0.627240568272598,0,0,0,0,0,0,0,0,0,0,0,0,0,0,0,0,0,0,0,0,0,0,0,0,0,0,0,0,0,0,0,0,0,0,0,0,0,0,0,0,0,0,0,0,0,0,0,0,0,0,0,0
0,0,0,0,0,0,0,0,0,0,0,0,0,0,0,0,0,0,0,0,0.0460740890612292,0,0,0,0,0,0,0,0,0,0,0,0,0,0,0,0,0,0,0,0,0,0,0,0,0,0,0,0,0,0,0,0,0,0,-0.301735492954052,0,0,0,0,0,0,0,0,0,0,0,0,0,0,0,0,0,0,0,0,0,0,0.0552654715280909,0,0,0,0,0,0,-1.19128136803876,0,0,0,0,0,0.79394929893763,0,0,0,0,0,0,0,0,0,0,0,0,0,0,0,0,0,0,0,0,0,0,0,0,0,0,0,0,0,0,0,0,0,0,0,0,0,0,0,0,0,0,0,0,0,0,0,0,0,0,0,-0.0313252231611125,0,0,0,1.01079200109727,0,0,0,0,0,0,0,0,0,0,0,0,0,0,0,0,0,0,0,0,0,0,0,0,0,0,0,0,0,0,0,0,0,0,0,0,0,0,0,0,0,0,0,0,0,0,0,0,0,0,0,0
0,0,0,0,0,0,0,0,0,0,0,0,0,0,0,0,0,0,0,0,0,0,0,0,0,0,0,0,0,0,0,0,0,0,0,0,0,0,0,0,0,0,0,0,-0.19464270146515,0,0,0,0,0,0,0,0,0,0,-4.41622680756019,0,0,0,0,0,0,0,0,0,0,0,0,0,0,0,0,0,0,0,0,0,0,0,0,0,0,0,0.355839926267719,0,0,0,0,0,0,0,0,0,0,0,0,0,0,0,0,0,0,0,0,0,0,0,-0.0616564315423358,0,0,0,0,0,0,0,0,0,-0.49334952636274,0,0,0,0,0,0,0,0,0,0,0,0,0,0,0,0,0,0,0,0,0,0.0756508062502839,0,0,0,0,0,0,0,0,0,0,0,0,0,0,0,0,0,0,0,0,0,0,0,0,0,0,0,0,0,0,0,0,0,0,0,0,0,0,0,0,0,0,0,0,0,0,0,0,0,0,0,0,0,0,0,0,0,0,0,0
0,0,0,0,0,0,0,0,0,0,0,0,0,0,0,0,0,0,0,0,0,0,0,0,0,0,0,0,0,0,0,0,0,0,0,0,0,0,0,0,0,0,0,0,0,0,0,0,0,0,0,0,0,0,0,-4.61593495485365,0,0,0,0,0,0,0,0,0,0,0,0,0,0,0,0,0,0,0,0,0,0,0,0,0,0,0,0,0,0,0,0,0,0,0,0,0,0,0,0,0,0,0,0,0,0,0,0,0,0,0,-0.219630828878772,0,0,0,0,0,0,0,0,0,-0.178317132756095,0,0,0,0,0,0,0,0,0,0,0,0,0,0,0,0,0,0,0,0,0,0,0,0,0,0,0,0,0,0,0,0,0,0,0,0,0,0,0,0,0,0,0,0,0,0,0,0,0,0,0,0,0,0,0,0,0,0,0,0,0,0,0,0,0,0,0,0,0,0,0,0,0,0,0,0,0,0,0,0,0,0
0,0,0,0,0,0,0,0,0,0,0,0,0,0,0,0,0,0,0,0,0,0,0,0,0,0,0,0,0,0,0,0,0,0,0,0,0,0,0,0,0,0,0,0,0,0,0,0,0,0,0,0,0,0,0,-3.30697245086688,0,0,0,0,0,0,0,-0.00976865227362089,0,0,0,0,0,0,0,0,0,0,0,0,0,0,0,0,0,0,0,0.689190265284399,0,0,0,0,0,0,0,0,0,0,0,0,0,0,0,0,0,0,0,0,0,0,0,0,0,0,0,0,0,0,0,0,0,0,0,0,-0.389438960334948,0,0,0,0,0,0,0,0,0,0,0,0,0,0,0,0,0,0,0,0,0,0,0,0,0,0,0.281597621164504,0,0,-0.00549481066502677,0,0,0,0,0,0,0,0,0,0,0,0,0,0,0,0,0,0,0,0,0,0,0,0,0,0,-0.00481816337583307,0,0,0,0,0,0,0,0.202750838835759,0,0,0,0,0,0,0,0,0,0,0,0,0,0
0,0,0,0,0,0,0,0,0,0,0,0,0,0,0,0,0,0,0,0,0,0,0.00837787422483705,0,0,0,0,0,0,0,0,0,0,0,0,0,0,0.900858376873538,0,0,0,0,0,-0.0379654772131033,0,0,0,0,0,0,0,0,0,0,0,-3.60256844017294,0,0,0,0,0,0,0,0,0,0,0,0,0,0,0,0,0,0,0,0,0,0,0,0,0.0986912427930848,0,0,0,0,0,0,0,0,0,0,0,0,0,0,0,0,0,-0.0606826374227776,0,0,0,0,0.0465281990916417,0,0,0,0,0,0,0,-0.394629098907119,0,0,0,0,0,0,0,0,0,0,0,0,0,0,0,0,0,0,0.0600277564960978,0,0,0,0,0,0,0,0,0,0.233565922421452,0,0,0,0,0,0,0,0,0,0,0,0,0,0,0.359856325659671,0,0,0,0,-0.605498722104777,0,0,0,0,0,0,0,1.55521238168847,0,0,0,0,0,0,0,0,0,0,0,0,0,0,0,0,0,0,0,0,0,0,0,0,0,0.14434914336178,0,0,0,0,0
0,0,0.307187009501717,0,0,0,0,0,0,0,0,0,0,0,0,0,0,0,0,0,0,0,0,0,0,0,0,0,0,0,0,0,0,0,0,0,0,0,0,0,0,0,0,0,0,-0.0674164235528532,0,0,0,0,0,0,0,0,0,-2.70183146054923,0,0,0,0,0,0,0,0,0,0.155988561121421,0,0,0,0,0,0,0,0,0,0,0,0,0,0,0,0,0,0,0,0,0,0,0,0,0,0,0,0,0,0,0,0,0,-0.358175529278051,0,0,0,0,0,0,0,0,0,0,0,0,0,0,0,0,0,0,0,0,0,0,0,0,0,0,0,0,0,0,0,0,0,0,0,0,0,0,0,0,0,0,0,-0.0441735994454462,0,0,0,0,0,0,0,0,0,0,0,0,0,0,0,0,0.605973033352231,0,0,0,0,0,0,0,0,0,0,0,0,0,0,0,0,0,0,0,0,0,0,0,0,0,0,0,0,0,0,0,0,0,0,0,0,0.0574882518440745,0,0
0,0,0,0,0,0,0,0,0,0,0,0,0,0,0,0,0,0,0,0,0,0,0,0,0,0,0,0,0,0,0,0,0,0,0,0,0,0,0,0,0,0,0,0,0,0,0,0,0,0,0,0,0,0,0,-2.64385041345943,0,0,0,0,0,0,0,0,0,0.592092010332596,0,0,0,0,0,0,0,0,0,0,0,0,0,0,0,0,0,0,0,0,0,0,0,0,0,0,0,0,0,0,0,0,0,0,0,0,0,0,0,0,0,0,0,0,0,0,0,0,0,0,0,0.28790589323613,0,0,0,0,0,0,0,0,0,0,0,0,0,0,0,0,0,0,0,0,0,0,0,0,0,0,0,0,0,0,0,0,0,0,0,0,0,0,0,0,0,0,0.0434106501998806,0,0,0,0,0,0,0,0,0,0,0,0,0,0,0,0,0,0,0,0,0,0,0,0,0,0,0,0,0,0,0,0,0,0,0,0,0,0,0
0,0,0,0,0.605133190852299,0,0,-0.435422854376826,0,0,0.0544539653186906,0,0,0,0,0,0,0,0,0,0,0,0,0,0,-0.905878747765832,-0.0764236782935834,0,0,0,0,0,0,0,0,0,0,-0.254474719959445,0,0,0,0,0,0,0,0,0,0,0,0,0,0,0,0,0,0,0,0,0,0,0,0,0.461816036782087,0,0,-0.479745174201313,0,0,0,0,0,0,0,0,0,0,0,0,0,0.431403754911234,0,0,0,0,0,-0.867641862047414,0,0,0,0,0,0,0,0,0,0,0,0,0,-0.945583369248818,0,-0.383190844747512,0,0,0,0,0,0,0.16594002292252,0,0,0,-0.0460300738574964,0,-0.401470590541993,0,0,0,0,0,0,0,0,0,0,0,0,0,0,-0.266347571266335,0,0,0,0,0.0147359138645291,0,0,0,0,0.136434007584315,0,0,0,0,0,0,0,-0.365387427436052,0,0,0,0,0,0,0,0,0,0,0,0,0,0,-0.169463839011414,-0.130134644821596,0,0,0,0,0.503404936552777,0,0,0,0,0,0,0,0,0,0,0,0,0,0,0,0.148180423978051,0,0,0,0,0,0,0,0,0,0,0,0,0.257308756021081,0.826218569874594,0
0,0,0,0,0,0,0,0,0,0,-0.50696792997522,0,0,0,0,0,0,0,0,0,0,0,0,0,0,0,0,0,0,0,0,0,0,0,0,0,0,0,0,0,0,0,0,0,0,0,-0.852814848973007,0,0,0,0,0,0,0,0,0,0,0,0,0,0,0,0,0,0,0,0,0,0,0,0,0,0,0,0,0,0,0,0,0,-0.15693905364302,0,0,0,0,0,0,0,0,0,0,0,0.217168190837053,0,0,0,0,0,0,0,0,0,0,0,0.083691859224817,0,0,0,0,0,0,0,0,0,0,0,0,0,0,0,0,0,0,0,0,0,0,0,0,0,0,0,0,0,0,0,0,0,0,0,0,0,0,0,0,0,0,0,0,0,0,0,0,0,0,0,0,0,0,0,0,0,0,0,0,0,0,0,0,0,0,0,0,0,0,0,0,0,0,0,0,0,19.0357047725531,0,0,0,0,0,0,0,0,0,0,0,0,0,0,0,0,0
0,0,0,0,0,0,0,-0.100837205163675,0,0,0,0,0,0,0,0,0,0,0,0,0,0,0,0,0,0,0,0,0,0,0,0,0,0,0,0,0,0,0,0,0,0,0,0,0,0,0.24586663421777,0,0,0,0,0,0,0,0,0,0,0,0,0,0,0,0,0,0,0,0,0,0,0,0,0,0,0,0,0,0,0,0,0,0,0,0,0,0,0,0,0,0,0,0,0,0,0,0,0,0,0,0,0,0,0,0,0,0.0229867428060915,0,0,0,0,0,0,0,0,0,0,0,0,0,0,0,0,0,0,0,0,0,0,0,0,0,0,0,0,0,0,0,0,0,0,0,0,0,0,0,0,0,0,0,0,0,0,0,0,0,0,0,0,0,0,0,0,0,0,0,0,0,0,0,0,0,0,0,0,-0.158185018392304,0,0,0,0,0,0,0,0,18.9784606611133,0,0,0,0,0,0,0,0,0,0,0,0,0,0,0,0,0
0,0,0,0,0,0,0,0,-0.227452014071108,0,1.62879625423071,0,0,0,0,0,0,0,0,0,0,0,0,0,0,0,0,0,0,0,0,0,0,0,0,0,0,0,0,0,0,0,0,-0.26438517175252,0,0,0,0,0,0,0,0,0,0,0,0,0,0,0,0,0,0,0,0,0,0,0,0,0,0,0,0,0,0,0,0,0,0,0,0,0,0,0,0,0,0,0,0,0,0,0,0,0,0,0,0,0,0,0,0,0,0,0,0,0,0,0,0,0,0,0,0,0,0,0,0,0,0,0,0,0,0,0,0,0,0,0,0,0,0,0,0,0,0,0,0,0,0,0,0,0,0,0,0,0,0,0,0,0,0,0,0,0,0,0,0,0,0,0,0,0,0,0,0,0,0,0,0,0,0,0,0,0,0,0,0,0,0,0,0,0,0,20.4487619055754,0,0,0,0,0,0,0,0,0,0,0,0,0,0,0,0,0
0,0,0,0,0,0,0,0,0,0,0,0,0,0,0,0,0,0,0,0,0,0,0,0,0,0.200408966453159,0,0,0,0,0.0958682844800043,0,0,0,0,0,0,0,0,0,0,0,0,0,0.467240614198415,0,0,0,0,0,0,0,0,0,0,0,0,0,0,0,0,0,0,0,0,0,0,0,0,0,0,0,0,0,0,0,0,0,0,0,0,0,0,0,0,0,0,0,0,0,0,0,0,0,0,0,0,0,0,0,0,0,-0.185835841545964,0,0,0,0,0,0,0,0,0,0,0,0,0,0,0,0,0,0,0,0,0,0,0,0,0,0,0,0,0,0,0,0,0,0,0,0,0,0,0,0,0,0,0,0,0,0,0,0,0,0,0,0,0,0,0,0,0,0,0,0,0,0,0,0,0.742135970088157,0.098880769723753,0,0,0,0,0,0,0,0,0,0,0,0,0,20.9148356331892,0,0,0.776425887312469,0,0,0,0,0,0,0,0,0,0,0,0,0,0
0,0,0,0,0,0,0,0,0,0,0.22395095729135,0,0,0,0,0,0,0,0,0,0,0.624642667790039,0,0,0,0,-0.0784166005531548,0,0,0,0,0,0,0,0,0,0,-0.0134176762518647,0,0,0,0,0,0,0,0,0,0,0,0,0,0,0,0,0,0,0,0,0,0,0,0,0,0,0,0,0,0,0,0,0,0,0,0,0,0,0,0,0,0,0,0,0,0,0,0,0,0,0,0,0,0,0,0,0,0,0,0,0,0,0,0,0,0.044269468802282,0,0,0,0,0,0,0,0,0,0,0,0.450438999074318,0,0,0,0,0,0,0,0,0,0,0,0,0,0,0,0,0,0,0,0,0,0,0,0,0,0,0,0,0,0,0,0,0,0,-0.472592187536819,0,0,0,0,0,0,0,0,0,0,0,0,0,0,0,0,0,0,0,0,0,0,0,0,0,0,0,0,0,0,0,19.9327980304996,0,0,0.908946200813608,0,0,0,0,0,0,0,0,0,0,0,-1.38820235790644,0,0
0,0,0,0,0,0.0811988757836155,0,0,0,0,0,0,0,0,0,0,0,0,0,0,0,0,0,0,0,0,0,0,0,-2.23659817639829,0,0,0,0,0,0,0,0,0,0,0,0,0,0,0,0,0,0,0,0,0,0,0,0,0,0,0.152815578066254,0,0,0,0,0,-0.495789525531386,0,0,0,0,0,0,0,0,0,0.707015186424503,0,0,0,0,0,0,-0.397749154230856,-0.655691625905389,0,0,1.47250284654157,0,0,0,-0.187150315827862,0,0,0,0,0,0,0,0,0,-0.132197557605572,0.404111583611586,0,0,0,0,0.614924223856921,0,0,0,0,0,0,0,0,0,0,0,0,0,0,0,0,0,0,0,0,0,0,0,0,0,0,0,0,0,0,0,0,0,0,0,0,0,0,0,0,0,0,0,0,0,0,0,0,0,0,1.00858660600253,0,0,0,0,0,0,0,0,0,0,0,0,0,1.41514624596416,-0.0623905805284533,0,0,0,0,0,0,0,0,0,0,-0.13450508588439,0.0736374686754306,0.773045883047285,0,0,0,0,-0.87145730210272,0,0,0,0,0,0,1.08761686795128,0,0,0,0,0
0,0,0,0,0,0,0,0,0,0,0,0,0,0,0,0,0,0,0,0,0,0,0,0,0,0,0,0,0,0,0,0,0,0,0,0,0,-0.107722728259352,0,0,0,0,0,0,0,0,0,0,0,0,0,0,0,0,0,0,0,0,0,0,0,0,0,0,0,0,0,0,0,0,0.158011449878203,0,0,0,0,0,0,0,0,0,0.487619049943728,0,0,0,-0.685881989332587,0,0,0,0,0,0,0,0,0,0,0,0,0,0,0,0,0,0,0,0,0,0,0,0,0,0,0,0,0,0,0,0,0,0,0,0,0,0,0,0,0,0,0,0,0,0,0,0,0,0,0,0,0,0,0,-0.0873523221443888,0,0,0,0,0,0,0,0,0,0,0,0,0,0,0,0,0,0,0,0,0,-0.547648038955031,0,0,0,0,0,0,0,0,0,0,0,0,0.60932672024458,0,-1.09448190207719,0,0,0,0,0.403357236155134,0,0.0666004684267743,0,0,0,0,0,0,0,0,0,0,0,0,0,0,0
0,0,0,0,0,0,0,0,0,0,0,0,0,0,0,0,0,0,0,0,0,0,0,0,0,0,0,0,0,0,0,0,0,0,0,0,0,0,0,0,-0.00130183296629882,0,0,0,0,0,0,0,0,0,0,0,0,0,0,0,0,0,0,0,0,0,0,0,0,0,0,0,0,0,0,0,0,0,0,0,0,0,0,0,0,0,0,0,0,0,0,-0.0502975103541738,0,0,0,0.0281578330758543,0,0,0,0,0,0,0,0,0,0,0,0,0,0,0,0,0,0,0,0,0,0,0,-0.156073962499196,0,0,0,0,0,-0.0451186608794973,0,0,0,0,0,0,0,0,0,0,0,0,0,0,0,0,0,0,0,0,0,0,0,0,0,0.125378961141796,0,0,0,0,0,0,0,0,0,0,0,0,0,0,0,0,0,0,0,0,0,0,0,0,0,0,0,0,0,0,0,0,0,0,0,0,0,0,0,0,0,0,0,0,0,0,0,0,0,0,0,0
0,0.27502294567932,0.458119589962947,0,0,0,1.05770676054106,0,0,-0.0799069285870995,0,0,0,-1.27346523221479,0,0.327425632859686,0,0,0,0,0,0,0.512268486303671,0,-0.728514846333307,0,0.576794559628454,0,0.112686626527616,0,0.15502349890082,0,0,0,0,0,0,-1.40008515053636,0,0.0616598710307934,0,0,0,1.23394645214324,0,0,0,0,0,0,0,0,0,0,0,0,0,-0.362147161240379,0,0,0.352552610487462,0,-0.534642996962082,0,0,0,0,-4.39329628889193,0,0,0,0,0,-0.0263338703805478,0,0,0,0,0,0,-0.608605766586692,0,0.193423439198459,0,0,0,0,-1.4352280449709,0,-0.505260138691815,0,0,0.297169327981831,0,0,0,0,0,0,0,0,-0.313310402338539,0,0.444819095515693,0,0.0931947594913582,0,0,0,0,0,1.8066976997032,0.529507915172524,0,-0.20094084081451,-1.3050703044207,0,0.857506583310812,0.422779484352394,0.418608340148418,0.291961169713654,0,0,0,0.14639890255384,0,0,0,0,0,0,0,0,0,0,0,0,0,0,0,-0.0577321148529057,0,-0.0433961709581863,0,0,0,0,0.36118082512525,0,0,0.0124621333761614,0,0,0.479710265159783,0,0,0,0,0,0,0,0,-1.14974569942676,-0.475649835068026,0,0,0,0.694356326150602,0,0.852147389726841,0,0,0,0,0,0,-0.676263635769446,0,-0.623370366660344,0,0,-1.00504739569129,0,0,1.40000372928124,0,0,0.559389640513203,0,0,0,0,0,0,0,0,0,0,0,0
0,0,0,0,0,0,0,0,0,0,0,0,0,0,0,0,0,0,0,0,0,0,0,0,0,0,0,0,0,0,0,0,0,0,0,0,0,0,0,0,0,0,0,0,0,0,0,0,0,0,0,0,0,0,0,0,0,0,0,0,0,0,0,0,0,0,0,0,0,0,0,0,0,0,0,0,0,0,0,0,0,0,0,0,0,0,0,0,0,0,0,0,0,0,0,0,0,0,0,-0.17350048325077,0,0,0,0,0,0,0,0,0,0,0,0,0,0,-0.0718327146077582,0,0,0,0,0,0.551543837646136,0,0,0,0,0,0,0,0,0,0,0,0,0,0,0,0,0,0,0,-0.0831250780916095,0,0,0,0,0,0,0.307302150820478,0,0,0,0,0,0,0,0,0,0,0,0,-1.68619533878689,0,0,0,0,0,0,0,0.309073520529826,0,0,0,0,0,0,0.031365588048663,0,0,0,0,0,0,0,0,0,0,0,0,0,0,0,0,0,0,0,0,0,0,0,0
0,0,0,0,0,0,0,0.0864122819696824,0,0,0,0,0,0,0,0,0,0,0,0,0,0.222000014473336,0,0,0,0.50266229380462,0,0,0,0,0,0,0,0,0,0,0,0.679406855692793,0,0,0,0,0,0,0.0190574804403061,0,0,0,0,0,0,0,0,0,0,0,0,0,0,-0.207265132818595,0,0,-0.344443450177826,1.50262569188384,0,-0.829413778431136,0,0,0,0,0,0,0,0,0,0,0,0,-1.29877670653399,0,0,0,0.409421551620373,0,0,0,0,0,0,0.37636784095228,0,-0.247828699631458,0,0,0,0,0,0,0,0,0,0,0,0.0479224109733347,0,0,0,-0.107679509604801,0,0,0,0,0,0,-1.06642930817532,-0.379017867946793,0,0,0,0,0,0.166668965476011,0,0,0,0,0,0,0,0,0,0,0,0,0,0,0,0,0,0,0.644625012495633,0,0,0.0170607105525911,0,0,0,0,0,0,0,0,0,0,0,0,0,0,0,0,-0.349505200632124,0,0,-0.249624871685388,0,0,0,0,0,-0.126901735282563,0.096095266529256,0,0,0,0,0,0,0,0,0,0,0,0,0.10719998728624,0,0,0,0.339289583370603,0,0,0,0,0,0,0,0,0,0,0,0
0,0,0,0,0,0,0,0,0,0,0,0,0,0,0,0,0,0.32355073600705,0,0,0,0,0,0,-0.0427309125827189,0,0,0,0,0,0,0,0,0,0,0,0,0,0,0,0,0,0,0,0,0,0,0,0,0,0,0,0,0,0,0.221306727083953,0,0,0,0,0,0,0,0,0,0,0.652489951059204,0,0,0,0,0,0,0,0,0,0,0,0,0,0,0,0,0,0,-1.24391902282193,0,0,0,0,0,0,0,0,0,0,0,0,0,0,0,-0.185616530359371,0,0,0,0,0,0,0,0,0,0.462567219766902,0,0,-1.00110165318405,-0.348116696340858,0,0,0,0,0,0,0,0,0,0,0,0,0,0,0.0582029349978295,0,0,0,0.462460874962786,-0.0579359398031107,0,0,0,0,0,0,0,0,0,0,0,0,0,1.05897378861878,0,0,0,0,0,0.224585007574996,0,0,0,0,0,0,0,-0.0799764345070801,0,0,0,0,0,0,0,0,0,0,0,0,0,0,0,0,0,0,0.0291836858756125,0,0,0,0,0,0,0,0,0,0,0,0,0,0,0,0,0
0,0,0,0,-0.950609528663571,0.099788288565487,0,0,-8.42935864003147,-2.98583299643218,0,-0.00161414964403805,0,0.285058864675265,0,0,-1.11134945239943,-0.394654775469079,0,4.75721667771943,0,0.172973724632701,0,0,-3.5482761163639,0,2.23820948974762,-5.65476839602859,0,0,0,0.576105886438563,0,0,0,-1.59303680050487,-2.10160479916816,-1.92982468620014,0,0,0,-0.956028604011177,0,0,0,-1.71127607858291,0,-0.874138094369711,0.278683914128426,0,0,0,0,0,-0.213735113909244,0,0,0,-0.530595247673095,0,0,0,0,3.14272729047038,0,0,0,0,0.377287528342099,0,0,0,0,0.405886222306238,-3.4716435270789,0,0,1.8303264778807,0,0.0985688864602143,0,0,0,0,0,0,0,0,-3.5329938651078,0,0,3.50331616128333,0,0,0,0,1.74669771909292,0,2.96079752299535,1.32538244642449,-4.85765978673286,0,0,0,0,0,0,0,0.833100102306426,2.12779137681523,-2.1641579880103,0,-3.55757152331078,0,1.73220044702944,-2.70095962786279,0,0,0,-3.98456087071009,0,0,0,0,0,-1.58000429476198,0,0,0,-7.08523392485309,-3.02758966344221,0,2.06929029934899,0,1.66283486868565,-1.1385406687128,0,0,0.351202202202287,5.95762664257794,-3.49875530670341,0,0.343161806088714,0,-1.95034637174432,0,0,0,0,-3.86852596141899,0,0,3.80579602603492,0,0,0,0,-0.84742812295461,0,0,-0.138230138116202,0,16.8300933902329,0,0,0.903649518808522,0,0,6.74865967501912,0,0,0,0,0,0,0,0.243020274056684,0,-1.07033596820593,4.19596630673775,0,0,0.659162112494334,0,0,0,0.709034060826185,0,0,0,0,0,1.91024030666549,-0.102380646311998,0,0,-0.260028033878045,-0.475345715231999,0,-1.21228372932469
0,0,0,0,0,0,0,0,0,-1.09543088989548,0,0,0,0,0,0,0,0,0,0.283159052892261,0,0,0,0,0,0,-0.0938522978265077,0,0,0,0,0,0,0,0,0,0,0,0,0,0,0,0,0,0,0,0,0,0,0,0,-0.339814744622624,0,0,0,0,0,0,0,0,0,0,0,0,0,0,0,0,0,0,0.233709117977767,0,0,0,0,0,0,0.420231839961835,0,0,0,0,0,0,0.776570840794629,0,-0.292098072628286,0,0,0,0,0,0,0,0,0,0,0.345331574648865,0.647095348010034,0.133463400107412,0,0,-0.123063793543619,-0.960234605438163,0,0.716461357068575,0,-0.538537880449529,0,0,0,0,0,0,0,0,0,0,0,0,0,0,0,0,0,0,0,0,0,0,0,-0.211126761435359,0,0,0,0,0,0,0,0.877175953472383,0,0,0,0,0,0,0,0,0,0,0,0,0,0,0,0,0,0,0,0,0.37886584749615,0,0.61627297655122,0,0,0,0,0,0,0,0,0,0,0,0,0,0,0,0,0,0,0,0,0,0,0,0,0,0,0,-0.313334526849385,0,-0.785102420412102,0,0,0,0,0,0,0
0,0,-0.942015061044564,0,0,0,0,0,0,-2.07633098422681,0,0,0.0961976871413406,0,0,0,0,0,0,0,0,0,-0.148804350453426,0,0,0,-0.260648288696004,0,0,0,1.51176196706606,0,0,0.569676080614391,0,0,0,0,0,0,0,0,0,0,-0.213873235100553,-2.23232919575197,0,0,0,0,0,0,0,0,0,0,0,0,0,0,0,0.102449812731936,0,0,0,0,0,0,0,0,0,0,0,0,0,0,0,0,0.328271131195762,0,0,0,0,0,1.54378561697796,0,-5.13625869372568,0,0,0,0,0,0,0,0,0,0,0,0,0,0,0,0,-0.097085988911142,0,0,0,-1.9868316721289,0,0,0,0,0,0,0,0,0,0,0,0,0,0,0,0,0,0,0,0,0,0,0,0,0,0,0,0,0,0,0,0.294613956834244,0,0,0,0,-0.164464924682972,0,0,0,0,0,0,0,0,0,0,0,0,0,0,-0.375984710832004,0,0,0,0,0,0,0,0,1.74697471520448,0,0,0,-0.765003102413803,0,0,0,0,0,0,0,0,0,0,1.01391860001922,0,0.0465635406359033,0,0,0,0,-0.25193553467147,0,0,0,0,0,0,0.297472497385279,0,0
0,0,0,0,0,0,0,0,-1.3657728415583,0.721543014536833,0,0,0.0777342693811707,0,0.000211874973058634,0,0,0,0,0,0,0,0,0,0,0,0,0,0,0,0,0,0,0,0,0,0,0,0,0.0727043058050196,0,0,0,0.0801384059100823,-0.267760422427083,0.854754500590717,0,0,0,0,0,0,0,0,0,0,0.280946157645672,0,0,0,0,0,0,0,0,0,0,0,-9.97196927742628,0,0,0,0,0,0,0,0,0,0,0,0,0,0,0,0,0,0,0,0,0,0,0,0,0,-0.0753545490782368,0,0,-0.269789853635452,0,0,0,0,0,-1.08359890936937,0,0,0,0,0,0,0,0,0,0,0,-0.626320576748203,0,0.507782732920807,0,0,0,0,0,0,0,0,0,0,0.555381743917645,0,0,0,0,0,0,0,0,0,0,0.123817347914343,0,0,0,0.0929352786813695,0,0,0,-0.800452012472322,0,0,0,0,-0.478670448972119,0,0,0,0,0.192642612136749,-0.00665236519563694,0.903798588018866,0,-0.0519921395632015,0,0,0,0,0,0,0,0,0,0,0,0,0.544496451041091,0,0,0,-0.0442178715623693,0,-0.0177410590595446,0,0,-0.0436467627369181,-0.948637052129086,0,0,0,0,0,0,0,0,0,-0.433657533112578,0,0,0,0,0
0,0,0,0,0,0,0,0,0,0,0,0,0,0,0,0,0,0,0,0,0,0,0,0,0,-0.186923028308016,0,0,0,0,0,0,0.0844591083629129,0,0,0,0,0,0,0,0,0,0,0,0,0,0,0,0,0,0,0,0,0,0,0,0,0,0,0,0,0,0.0449463931678464,0,0,0,0,0,-11.6238660849421,0,0,0,0.0981382073382535,0,0,0,0,0,0,0,-0.347980754055951,0,0,0,0,0,0,0,0,0,0,0,0,0,0,0,0,0,0,0,0,0,0,-1.13879235807625,0,0,0,0,0,0,0,0,0,0,0,0,0,0,0,0,0,0,0,0,0,0,0,0,0,0,0,-0.237684271498462,0,0,0,0,0,0,0,0,0,0,0,0,0,0,0,0,0,0,0,0,-0.0459917723904715,0,0,0,0,0,0,0.186885876398068,0.63233131715686,-0.158066288658353,0,0,0,0,0,0,0.711918161138695,0,0,0,0,0,0.57487448596476,0,0,0,-0.0755433001478931,0,0,0,0,0,0,0,0,0,0,0,0,0,0,0.285903646504735,-0.96550665913653,0,0,0,0,0
0.0831250929594782,-0.207128857046751,0,0,0,0,0,0,0,0.42591232438753,-1.28409792224046,0.381234619368181,0,0,0,0,-0.444783654456253,0,0.9735143884947,0.358870718617065,-0.28241356957143,-0.582232334719728,-0.721759242084229,0.0346081735164172,-0.429338967254679,0.527354185297643,-0.764637592837748,0.70233476885453,0,0,0.0102897945630944,0,0.768233280438821,0,0,0,-0.907211013107639,0,0,0,0.20414250134967,-1.30375994352733,0,0,0.0354173233896966,0,-1.04321520537358,0,0,0,0,0,0.365256736056813,0,0.306131389536034,-1.5852614475693,0,1.53403087617271,0,0,-0.105540575369921,0.152078357406036,2.0955934788052,-4.69570930498899,-0.0595725273068095,0,0.447005866053235,0,0,0,0,0,0,0,0,0,0,0.0355900760226657,0,-0.847749692242955,0,0,2.48115669361108,0,3.81406925868077,0,-3.54058585701408,0,0,0,-0.337874245893083,-1.98461999255837,0,0,0,-0.873887072393428,0,0,-0.363062474907137,0,0,-0.200367882905182,0,0,0,-4.52949859853114,0,0.0697032294451436,0.0784288473656363,0,0,0.734883002869011,0,0,-0.279595884536028,0,0,0,0,2.11126582870984,0,0,0,0.0922373560134728,0,-1.75123303248878,0,0,0,0,0,0,1.51577206199805,0,0,0,-2.63367595581225,-0.447812122071837,0,-0.690298445090478,0,0,0,0,0,0,0,0,0,0,0,0,3.12289610110948,-0.512322550231213,0,-0.626851646773591,0,0,0,0,-0.0941110253629003,0,0,0,0,0,0.695084885236685,0,0,0,0,0.196423925698709,0,-0.938707574730191,0,-1.57332587289226,0,0.851374800747617,0,0,0,0,0.512427160756078,-2.00151070868594,0,0,0,-0.852773533416731,0,0,0,0,-0.743536432867786,0,0.305803226984999,2.23336998415801,-0.0246767727818915,0,1.29433760240987,0
0,0,-0.215013037395778,0,0,0,0.0294174680146821,0,0,-0.00775205995990036,0,0,0,1.87978614429677,0,0,0,0,0,0,0,-0.00887315898776464,0,0,0,0,0,0,0,0,0,0,0,0,0,-0.131073991330594,1.47332725706663,0.768715956564936,0,0,0,0,0,-0.278588971282037,-0.873757097901764,0,-3.97673649546108,0,0,-0.571849518150887,0,0,0,-1.09741450136115,0,0,0,0,0,0,0,0,0,0,0,0,-0.439887304897912,0,0,0,0,0,0,0,0,1.26065839918519,0,0,0,1.46455741006609,1.75518947178364,0,0,0.986926015268134,0.828779414441957,0,0,-0.57652447093443,0,0,0,0.145311063236251,0,0,0,0,0,0,0,-0.107088814593699,0,0,0,0,0,0,0,0,0,-0.450501857904458,0,0,0,0.194620017054993,0,-1.43252640800138,0,0,0,0,0,0,0,0,0,0,0.258417555588005,0,0,0.38146027344958,0,0,0,0,0,0,0,0,0,0,0,0,0,-0.567595162966804,0,0,0,0,0,0,-0.730435694116297,0,0,0,0,0,0,0,0,-0.0519909927700948,0,0,0,0,0,1.64194522585657,0,-0.506698393604266,0,0,0,0.0682072063059442,0,0,0,0,0,0,0,0,0,0,0,0,0,-0.403451037090073,0,0,0,0,0,0,0,0,0,0,0,1.41864063676437,0,0
0,0,0.234110270217926,0,0,0,0,0,0.362551997894367,0,0,0,-0.441997603669048,0,0,0,0,0,0.00958224274864183,0.173551318829082,0,-0.721956440748255,0,0,0,0,1.37687417495784,0,0,0,0,-0.112535501146374,0,0,0,0,-0.889588037669681,0,0,0,0,-0.0601176907562329,0,0,0,0,0,0,0,0,0,0,0,0,-0.382704060857237,0,0,0,0,0,-0.404651643233633,0.199252309032713,0,0,0,0,-0.0157224727155041,0,0,0,0,0,0,0,0.593275058862796,0,0,0,0,0,-0.0515083744960314,0,-1.55513506332284,0,0,0,0,0,0,0,0.0821833045283626,-1.24983933821013,0,0,0,0,0,0,0,0,0,0,0,0,0,0,0,0,0,0,0,0.0737885285353859,0,0,0,1.99743978066616,0,0,0,0,0,0,0,0,0,0.0780965692335309,0.102458431467474,0,0,0,0,0,4.52634458912013,0,0,0,-0.811599864065793,0,0,0,0,0,0,0,0,0,0,0,0,-0.579869223190642,0,0,0,0,-0.718263468020133,0,0,0,-0.2827369789225,-0.0364718793005889,0,0,-0.168073851161217,0.414286992925899,0,-16.6192368949014,0,0,0,0,0,0,0.339362450113141,0,0,0,-0.221449406757148,0,-0.566987564580654,0,0,0,0,0,0,1.36360030442307,0,0,0.119651342857712,0,0,0,0,0,0,0,0,0,0,-0.571530415291482
0,0,0,0,0,0.589094952639031,0,0,0,0,0,0.0350392140225468,3.0400625863204,0,0.128468677779599,0,0.614784311066719,0,2.74629598811762,-0.108704259090987,0,0,0,0.832995907003144,0.647817605572178,0,0,0,0,-0.181452437355194,0,0,0,-1.83018240695867,0,0,0.868162084635481,0,0,0.19330875995695,0.371748246251629,0,0,0,0,0,0,0,0,0,0,0,0,-0.521072546307124,1.34435094936726,0,0,0,0,0,-1.83150214597683,0,0,-1.98329731014639,0,1.62441155482196,0,0,0,0,0,0,0,0,0,0,0,0,0,1.18914821603084,0,0,0,0.286813342132286,0,0,0,0,0,0,-0.176543457999687,0.250639588725395,-2.27577674144864,0.11902408619315,0,0,0,0,3.12492918380378,0,0,0,0,0,0,0,0,0.825408779202984,0,0,0,0.566278028382889,0,0,0.461579738068072,0,0,0,-0.263656038116525,0,0,-0.301197271285222,0,0,0,0,0,-0.764957793690895,3.41537138675071,0,0,0,0,0,0,0,0,0,0,0.263388637460634,0,0,0,0.520748703469828,0,0,0,-2.21430372305529,0,-1.97020578776962,0,0,0,-0.389262981476107,-0.993013543482638,0,0,0,0,0,0,0,0,2.02984488458054,0,0,0,0,0,0,0,0,0,0,-1.42443371355244,0,0,0,0,0,0,0,0,0,0,0,0,-1.85768400524263,0,2.75343359223016,0,0,0,-0.00568372352948021,0,0,0,0,0,0
0,0,0,0,0,0.945963310664438,0,0,-0.64290362667551,0,0,0.295063881204106,4.00755766989483,0,0,0,0.818242041014129,0,2.01965587943771,0,0,0,0,1.29731811606528,0,0,0,0,0,0,0,0,0,-3.06451966021867,0.0701251054544838,0,3.00306774942366,0,0,0.626703039516822,0,0,0,0,0,0,0,0,0.23351889452654,0,0,0,0,-0.682788353940075,1.44516484259774,0,0,0,0,0,-2.74920345298752,0,0,-1.39875828857134,0,2.94127965621671,0,0,0,0,0,0,0,0,0,0.120412962578901,0,0,0,2.32094355957347,0,0,0,0,0,0,0,0,0.117028963812073,0,-0.812448100102111,0.314924200205135,-1.83225613396078,0,0,0.623790876736447,0,0,3.36550438938787,0,0,1.10800296405311,0,0,0,0,0,0.820115891510196,0,0,0,0.391041868572115,0,0,0.0678527436615333,0,0,0,0,0,0,-0.798680920784475,0,-0.0130413333774009,0,0,0,-1.67487539159141,4.04602633621773,0.178484920619902,0,0,0,0,0,0,0,0,0,0.794805550853812,0,0,0,0,0,0,0,-1.80249766560721,0,-1.65539806583546,0,0,0,-0.168381022585212,-1.1764603894371,0.0833674419578152,0,0,0,0,0,0,0,1.36907890600422,0,0,0,0,0,0,0,0,0,0,-1.58481917524928,0,0,0,0,0,0,0,0,0,0,0,0,-0.921636931532567,0,2.16320254998298,0,0,0,0,0,0,0,0,0,0
0,0,0,0,0,0.64870247154462,0,0,0,0,0,0.448727735164186,3.17171511096385,0,0.327308628211909,0,0.92685428203236,-0.331363050309666,1.9367430284096,0,0,0,0,0.832989216534439,0.499356454248826,0,0.113743123491705,0,0,0,0,0,0,-3.82381782351073,0,0,1.95124216542065,0,0,0.406290147353533,0,0,0,0,0,0,0,0,0.0623424193095647,0,0,-0.344492190976562,0,-0.871350339328957,1.51363592540765,0,0,0,0,0,-2.28366669141179,0,0,-2.22921467469231,0,1.21527399000841,0,0,0,0,0,0,0,0,0,0,0,0,0,1.29843825673348,-0.694789437610688,0,0,0,0,0,0,0,0.250596556455644,0,-0.931667604429435,0,-1.25531929218484,0,0,0.411110363192954,0,0,3.1669102661513,0,0,0,0,0,0,0,0,0.517983346075919,0,0,0,0,0,0,0.270612625684982,0,0,0,-0.179061348378109,0,0,-0.406712547727405,0,0,0,0,0,-1.20627503915954,3.88187173281588,0.42080985432465,0,0,0,0,0,0,-0.406705114207074,0,0,0.892637282426902,-0.106998279684994,0,0,0,0,0,0,-1.27787601507227,0,-0.898639832842513,0,0,0,-0.337095407705296,-0.875955045802917,0.408989638569369,0,0,0,0,0,0,0,1.27796463870126,0,0,0,0,0,0,0,0,0,0,-1.68383928865791,0,0,0,0,0,0,0,0,0,0,0,0,-1.93192312843316,0,2.61292155450258,0,0,0,0,0,0,0,0,0,0
0,0,0,0,0,0,0,0,0,0,0,0,0,-0.0231964735405679,0.00407140756803259,0,0,0,0,0,0,0,0,0,0.472944117418397,-0.104385246467727,0,0,0,0,0,0,0,0,0,0,0.14674010936609,0.392311964091222,0,0,0,0,0,0,0,0,0.173837488475081,0,0,0,0,0,0,0,0,0,0,0.0504126293234202,0,0,0,0,1.50155931203735,-2.55311633613867,-1.61376182420965,0,0,0,0,0,0,0,0,0,0,0,0,0,0,0,0,0,0,0,0,0,0,0,0,0,0,0,0.410660905281196,0,0,0,0,0,0,0,0,0,-0.160569143747219,0,0,0,0,0,0,0,0,0,0,0,0,0,0,0,0,0,0.205116864924339,0,0.81806466030359,-0.022101888871493,0,0,0,0,0,0,0,0,1.79654579395509,0,-0.154527496206357,0,0,0,0,0,-2.41451747371405,0,0,0,0,0,0,0,0,0,0,0,0.216408026886516,0,0,0,0,0,0,0.717409474700396,0,0,0,0,0,0,0.0350397019495821,0.341637041730031,0,-0.267932959729491,0,0,0,0,0,0,0,-0.181240261028931,0,0,0,0,0,-0.288168322186989,1.47780597054867,0,0,0,0,0,0,0,0,0,0,0,0,0,1.26935008923038,0
0,0,0,0,0,0,0,0,0,0,0,0,0,0,0,0,0,0,0,0,0,0,0,0,0,0,0,0,0,0,0,0,0,0,0,0,0,0,0,0,0,0,0,0,-0.720527101356992,0,0,0,0,0,0,0.381387764666961,0,0,0,0.917844884511732,0,0,0,0,-0.21489772827274,0,0,-2.12688428006657,0,0,0.500985508217219,0,0,0,-0.249897135843038,0,0,0,0,0,0,0.00125234046304445,-0.145001534155467,0,0,0,0,0,0,0,0,0,0,0,0,0,-0.213821797307553,0,0,0,0,0,0,0,-0.0901462674773379,0,0,-0.284740137638584,0.171823002277892,0,0,0,0,0,0,0,0,0,0,0,0,0,0,-0.993207991743359,0.457975008788032,0,0,0,0,0,0,0,0,0.544766950718993,0,0,0,0,-0.0269236464481977,0,0,0,0,0,0,0,0,0,0,0,0,0,0,0,0,0,0,0,0,0,0,0,0,0,0,0,0,0,0,0,0,0,0,0,0,0,0,0,0,0,0,0,0,0,0,0,0,-0.018914794633071,0.588044042415139,0,0,0,0,0,0,0,0,0,0,0,0.783537881479253,-0.315308216541003,0,-0.120624790705744
0,0,0,0,0,0,0,0,0,0,0,0,0,0,0,0,0,0,0,0.0192924946694486,0,-0.0701054693599668,0,0,0,0,0,0,0,0,0,0,0,0,0,0,-0.93636229381769,0,0,0,0,0,0,0,0,0,0,0,0,0,0,0,0,0,0,0,0,0,0,0,0,0,0,0,0.0690783174397094,0,0,0,0,0,0,0,0,0,0,0,0,0,0,0,0,0,-0.121222403009357,0,-0.0644843981335692,0,0,0,0,0,0,0,0,0,0.146690766141886,0,0,-0.325143987755374,0,0,0,0,0,0,0,0.483010593466962,0,0,0,0,0,0,0,0,0,0,0,0,0,0,0,0,0,0,0,0,0,0,0,0,0,0,0,0,-0.541560441285088,0,0,0,0,0,-0.30044012569953,0.364732883014681,0,0,0,0,0,0,0,-1.42378720353023,0,0,0,0,0,0,0,0,0,0,0.485493895236856,0,-0.524566966441943,0,0,-1.33114225291,0,0,0,0,0,0,0,0,0,0,0,0,0,0,0,0,0,0,-0.0113271231561709,0.225205288210465,0,0,0,0,0,0,0,0,0,0,0,0,0,0
0.00175131547805418,0,0,0,0,0,0,0,0,0.210008295648318,0,0,0,0,0,0,0,0,0,0,0,0,0,0,0,0,0,0,0,0,0,0,0,0,0,-0.162374630746085,0,0,0,0,0,0,0,0,0,0,0,0,0,0,0,0,0,0,0,0,0,0,0,0,0,0,0,0,-0.209414467534731,0,0,0,0,0,0,0,0,0,0,0,0,0,0,0,0,0,0,0,0,0,0,0,0,0,0,-0.26853345665858,0,0,0,0,0,0,0,0,0,0,0,0,0,0,0,0,0,0,0,0,0,0,0,0,0,0,0,0,0,-0.0647500658663356,0,0,0,-0.83554847325583,0,0,0,0,0,0,0.51760939918451,0,-0.163232479555725,0,-0.426145805043342,0,0,0,0,0,0,0,0,0,0,0,0,0,0,0,0,0,0,0,0,0,0,0.18083736419199,0,0,-1.12999487213927,0,0,0,0,0,0,0,0,0,0,0,0,0,0,0,0,0,0,0,0,0,0,0,0,0,0,0,0,0,0,0,0,0,0,0,0,0
0,0,1.98764719008461,0,0,0,0,0,0,0,0,0,-0.133195707943877,0,0,0,0,0,0,0,0,0,0,0,0,0,-0.218007023761209,0,0,0,0,0,0,-0.283985832499156,0,0,-1.87934461703718,0,0,0,0,-0.430080167022869,0,0,0,0,0,0,0,0,0,-0.0667443182683372,0,0,0,0,0,0,0,0,0,2.73336554547598,0,0,0,0,0,0,-0.109757088317921,0,0,0,0,0,0,0,0,0,0,-0.499837671867811,-0.406736798752282,0,0,0,0,0,0,0,0,0,0,0,-0.85829784059702,0,0,-0.0786738212168603,1.92882061706185,0,0,0,0,0,0,-0.991604695636028,0,0,0,-0.441666034850651,0.341396430369419,0,0,0,0,0,0,0,2.77814370942795,0,0,-0.299924171073804,0.197932950126537,0.460815357063333,0,0,0,0,0,-0.159709763051479,0,-0.61345354893242,0,0.625299985405219,0.821838996792276,0,0,0,0,0,-0.0214845536827468,0,0,0,0,0,0,0,0,0,0,0,0,0,-0.442650345322177,0,0,0,0,0.032972802542564,0,0,-0.141804316903581,0,0,0.925930993065252,0,0,0,0,0,-1.4667183838511,0,0,0,0,0,0,0,0,0,0,0,1.33546828413061,0,0,0,0,0,0,0,0,0,0,-0.0142375188604031,0,0,0.641703289074612,0,0,0,0
0,0,0,0,0,0,0,0,0,0,0,0,0,0,0,0,0,0,0,0,0,-0.124980563996077,0,0,0,0,0,0,0,0,0,0,0,0,0,0,0,0.038589450837698,0,0,0,0,0,0,0,0,0,0,0,0,0,0,0,0,0,0,0,0,0,0,0,0,0,0,0.306047474477728,0,0,0,0,0,0,0,0,0,-0.512937960440633,0,0,0,0,0,0,0,0,0,0,0,0,0,0,0,0,0,0,0,0,0,0,0,0,0,-0.0738497509654796,0,0,0,0,0,0,0,0,0,0,0.0221483759158143,0,0,0,0,0,0,0,0,0,0,0,0,0,0,-0.0225007622997122,0,0,0,0.205039774596291,0,0,0,0,0,0,0,0,0,-0.223520220865284,0,0,0.531687648423294,0,0,0,0,0,0,0,0,0,0,0,0,0,0,0,0,0,0,0,0,0,0,0,0,0,0,0,0,0,-0.0528046860909426,0,0,0,0,0,0,0,0,0,0,0,0,0,0,0,0,0,0,0,0,0,0,0,0,0,0
0,0,0,0,0,0,-0.588576973309313,0,0,0,0,0,0,0,0,0,0,0,0,0,0,-0.502640448873986,0,0,0,0,0,-0.324729647253557,0,0,0,0,0,0,0,0,0,0,0,0,0,0,0,0,0,0,0,0,0,0,0,0,0,0,0,0,0,0,0,0.491698351392844,0,0,0,0,0,0.920967114168094,0,0,0,0,0,0,0,0.240545484035512,0,0,0,0,0,0,0,0,0,0,-0.0886750756570416,0.733120039998373,0,0,0,0,0,0,0,0,0,0.305628049862375,0,0,0,0,-0.24594030093322,0,0,0,0,0,0,0,-0.0189053477929368,0,0,0.256938432450838,-0.282189345346358,0,-0.321517743416891,0.274808651703091,0,0,0,0,0,0,0.884035320061787,0,0,0,0,0,0,0,-0.392034067881558,0,0,0,0,-7.70121251473857,0,0,0,0,0.41048845397515,0,0,0,0,0,0,0.271349909177053,0.0427190319188908,0,0,0,0,0,0,0,0,0,0,0,0,0,0,0,0,0,0,0,0.812221272797777,0,0,0,0,0,0,0,0,0,0,0,0,0.815570578553898,0,-0.174192043897452,0,0,0,0,0,0.131736811963452,1.51941934936193,0,0,0,1.39293378752645,0,0,0,0,-0.75359132313564
0,0,0.391206707430586,-0.168480806341762,0,0.0145152530685924,0,0,0,-1.54791312491256,0,0,0,0,0,0,0.736499346166297,0,0,0,0,0,0,0.25324390963859,0,0,0,0,0,0,0,0,0,0,0,0,-0.65619502080275,0,0,0,0,-0.0253985754256671,0,0,0,0,0,0,-0.0720810146690127,0,0,0,0,0.368733256830504,0,0,0,0,0,0,0,0,0,0,0,0,-0.178576066341058,0,0.481041727102192,0,0,0,0,1.52324014374826,1.02444803746474,0,0,0,0,0,0,0,0,0,0,0,0,-0.67253844258936,0.174772298066215,-0.434611822777328,0,0,-0.444586393499415,0,0,0.0518991102654447,0,0,0,0,0,0,-0.331368113054586,0,0,0,0,0,0,0.641891855077086,0,0,0,0,-0.358825759906681,0,0,0.717657439195726,0,0,-0.586655524370985,0,0,0,0,0,0,-0.0727930911452681,0,0,0,0,0,0,0,-15.489339039387,0,0,0,-2.05719492839279,0,0,0,0,-0.782271348611913,0,0,0,0,-0.695580376091991,-0.22901469541277,0,0,0,0,0,0,-0.0781495404833996,0,0,0,0,0,0,0,-1.64097580765758,0,0,0,0,0,0,0,0,-0.090693075334862,0,0,0,0,0,-0.198949058527706,0,0,0,0,1.71549047617338,0,0.105369794778218,0,0.721732346870439,0,0,0,0,1.00304382441628,0,-0.747979983111824,0,0,0
0,0,0,0,0,0,0,0,0,0.607727704458942,0,1.55757981623507,0,0,0,0,0,0,-0.0324974720075994,0,-1.39013884244713,0,-0.132908462715877,0,0,0.521031378703491,0,0,0,0,0,-0.128287352592628,0,0,0.208790076584182,0.00770885856422465,0,0,0,0,0,0.729239061358042,0.10246258396527,0,0,0,0,0,0,0,0,0,-2.14863101556759,0,0,0,0,0,-0.127378514617459,0,1.71976448313322,0,0,0,0,0,0,0,0,0.781444182259515,0,0,0,0,0,0,0,-1.52311588182973,0,-0.133069662206391,0,0.918579028950499,0,1.57143677755714,0,0,4.19642506221417,0,0,-0.441681224100339,0,0.784937606104862,0,0,0,0.093371206218299,0,0,0,0,0,0,0,0,0,0,-0.397941832948,-0.661526219930955,0,0,0,0,0,0.536310336582428,0,0,0,0,0,0,0,0,0,0,-0.0109618698262122,0,0,0,0,0,0,0,-1.67197100661879,0,0,0,0,0,0,0,0,0,1.60594318059786,0,0.44652584683401,0,0,0,0,0,0,0.918216883352443,0,-0.377132807616536,0,0,0,0,0,0,-1.44435430694687,3.13151291682985,-0.568516745402278,0,0,0,0,0,0,0,0,0,0,0,35.4209515867733,0,0.141516998541051,0,0,0,0,0,-0.832117357126962,0.475388033604792,0,0,1.41480542152888,0,0,0,-1.55079774010194,0,0,-1.00184015680378,-0.213364049230267,0,0.0804453781764936,0,-0.497666851949139,0
0,0.371215760208903,0.0157554416802121,0,-1.51482638187168,-0.451697351213505,0,-1.96538229104163,0,0.761511233487118,0,1.63306807408363,0,-1.08519893049957,0,0,-0.148109201477189,0,0,-0.159558584093474,1.31222500711339,-1.66012098232023,0,0,0,1.50472123574761,-1.54918264671264,-2.02692010155415,0,0,0.0545796580825442,1.06924934772084,0,-0.144418584058017,0,0.668777425729486,0,3.38754758498629,0,-1.11956204459642,0,0,0,0,0,1.35589332789493,0,0,0,0,-12.0643481760423,0,0,-1.36430503384,0,0,0,-1.87741997711097,0,0,0,0,0,-0.305522585242064,0,0.18077384580507,-0.406162250462983,0,0,0,0,0,-1.78736491755687,2.84153468124543,-0.269631228583117,1.32831157538521,0.157138370836495,0,-1.8922889176634,0,0,0,0.659979096199233,2.06994947166544,0,0,0,0,-0.481174407548559,-1.14940472214849,0,-0.975389758213745,0,0,0,0.431561602414579,0,0.422195016185561,0,-2.13597313389499,0,0,1.92774445944353,0.929770767766739,-0.0426404551030037,0,0,0,0,0,0,0,0,0,-0.280484264034518,1.90142180024093,0,0,0,0,2.78668506698622,0,0,0,0,0,4.32796552188497,0.818134992531919,1.77631000944555,0,-3.83250186183592,0,0,0,0,2.88401077263543,0,2.21545822996053,0,0.128920639572282,1.76691675468025,0,0,0,0,0,0,0.417083028338407,0,0,1.7083035007613,0,-0.594658095320892,0,0,0,0,-0.0463263403377019,0.244931738576339,0,0,-0.232494167679511,-1.38493781295551,-0.509001152500492,0,-0.906543939313569,0,-1.24536193525801,0,0,2.10116803619934,0,0,-3.03067858058869,0,0,0,-1.69925858300808,0,0,0,0,0,-2.68473429167157,0,-0.376978241796523,0,0,0,2.93643248732733,0,0,0,0,6.13455000017589,0,-0.546634036174158,0,0,3.13895683299211
0,0,0,0,0,0.139971315380167,0,0,0,0,0,0,0,0,0,0,0,0.152793742465857,0,0,0,0,0,0,0,-1.37905039321968,0,0,0,0,0,0,0,0,0,0,0,0,0,0,0,0,0,0,0,0,0,0,0,0,-9.21126971724503,0,0,0,0,0,-1.59163392656778,0,0,0.417092436864131,0,0,-1.44344606209808,0,0,0,0,0.0336961855364,0,0,0,0,0,0,0,0,0,0,-0.692766750680526,0.629899342689355,0,0,0,0,0,0,0,-0.844360003865698,0.147288073881265,0,0,0,0,0,0,0,0,0,0,-1.4392648620716,0,0,0,0,0,0.400932006345695,-0.0880419687705283,0,0,0,0,0,0,0,0,0,0,0,0,0,0,0,-0.525177635303158,0,0,0,0,0,0,0,0,0,0.285052166773669,0,0,0,0,1.91909149805011,0,0,-0.90376632094731,0,0,0,0,0,0,0,0.567717782424585,0,0,0,-0.00456593533113003,0,0,0,-0.313606800857151,0,0,0,0,0,2.66609672330216,0,0,0,0,0,0,0,0,0,0,0,0,0.815399539056874,0,-0.282919282748931,0,0,0,0,0,0,0,0,0,0,0,0.177980622806198,0,-0.295740773536203,0,0,2.31240134607679,0,0,0.0847885680860474,0,0
0,0,0,0,0,1.28490688807784,0.345459779290391,0,0,0.453651599693309,0,0,0,0,0,0,0,0,0,0,0,0,0,0,0,-0.634548156596476,0,0,0.407257255041787,0,0,0,0,0,0,0,0,0,0,0,0,0.0683366438512147,0,0,0,0,0,-0.330805462444525,0,0,-8.04241086290629,0,0,0,0,0,-0.196196474512711,0,0,0,0,0,0,0,0,0,0,0,0,0,0,0,0,0,0,0,0,-0.0897113888832561,0,1.29897098237273,0,0,0,0,0,0,0,0,0.1657863635054,0,0,-0.851262088068803,0,0,0,0,0,0,0,-0.12389191020547,0,0,0,-0.167131862472668,0,0,-0.0117955780467116,0,0,0,0,0,0,0,0,0,0,0,0,0.0998413399332383,0,0,0,0,0,0,0,0,0,0,0,0,0,0,0,0,0.281913023354852,0.753857267967577,0,0,0,0,0,0,0,0,0,0,0,0,0,0,0,0,0,0,0,0,0,0,0,-0.45147934754634,0,0,0,0,0,-0.76772455101249,0,0,0,0,0,0,0,0.297220478927936,0,0,0,0,0,0,0,0,0,0,0,0,0,0.433495852302457,0,0,0,0,1.23767060796089,0,0,0,0,1.62815872996489
0,0,0.218408731954833,0,-0.0578199661454388,0,0.627562048570228,0,0,0,0,0,0,0,0,0,0,0,0.0359183552738989,0,0,-0.21426585627282,0,0,0,0,-0.470356950189015,0,0,0,0,0,0,0,0,0,0,0,0,0,0,0,0,0,0,-0.304874723110987,0,0,0,0,-5.21981478884556,0,0,0,0,0,0,0,0,0,0,0,-0.109858071084703,0,0,0,0,0,0,0,0,0,0,0,0,0,0,0,0,2.16394892308947,0,0,0,0,0,0,0,0,0,0,0,-0.155373250088208,0,0,0,0,0,0,0,0,0,0,-0.2439254736517,0,0,0,0,0,0,0,0,0.257721395561656,0,0,0,-0.260827267974923,0,-0.0294970292067678,0,0,0,0,0,0,0,0,0,-0.145324296809202,0,0,0,0,0,0,0,0,0,0,0,0,-0.398790660140009,0,0,0,0,0.184506492153835,0,0,0,0,0,0,0,0,0,0,0,0,0,0,0,0,0,0,0,0,0,0,0,0,0,0,0,-0.0209314745184954,0,0,0,0,0,0,0,0,0,0,0,0,0,0.0950404360610426,0,0,0,0,0.238752354308381,0,0,0,0,0,0,0
0,0.0929251784119938,0,0,0,0.413773647643661,0.721490446662328,0,-0.477677364036329,0,0,0,0,-0.650006462455319,0,0,-0.296856029546118,0,0,0,0,-1.50603481475731,0,0,0.888349574620926,0,0,0,0,0,0,0,0,0,0,0,0,0,0,0,0.363586997918308,0.274671061765491,0,0,0,0,0,0,0,-0.205261521793565,0,0,0,0,0,0,0,0,0,0,0,0,0,0,0,0,0,0,0,1.19921292920458,0,-0.0103234931214564,0,-0.187204352718872,-0.751280792520715,0.24902121479444,0,0,0,0,-1.31737363052906,0,-1.33495641605862,0,0,0,0,0,-5.3071607846622e-05,0,0,0,0.438097001077111,0,0,0,0.441534020130357,0,0,0,0,0,0,0.802051590224053,0,0,0,0,0,0,0,0,0,-1.05136901873028,-0.18780689759441,0,0,0.0931983353665824,0,-0.323347137589,0,0,0,0,0,0.120708129795702,0,13.9950088892011,-0.835149989068494,0,-2.14989648971623,0,0,0,0,0,-0.740199476107829,0,0,0,0,0,-0.125302056404022,1.50651936742852,0,0,0,-0.313439434335644,0,-0.453176950285001,-0.1754894374411,0,0,0,1.1166600695037,0,0,-0.743784626835259,0,0,0,0,-1.30838279458446,0,0,0,0.0862854646115656,0.0800298735849356,0,-0.0914991780555459,0,0,0,0,0,0,0,0,0,0,0,0,0,0,0,0,0,0,0,-0.409841528861516,1.39973889137025,0,1.9735567904894,0,0.611608095813353,0,-0.249818802100933,0.707209539742773,0,0
0,0,0,0,0.263483399000067,0,0,-0.0434938216800698,0,0.0656082300317431,0,0,-0.761323407771819,0,0,-0.0606090319777699,0,0,0,0,0,-0.45113164945701,0,0,0,0,0,0.191185452143321,0,0,0,0,0,0,0,0,0,0.107172722492558,0,0,0,0,0,4.00739318244095,0.6562121655436,0,0,0,0,0,0,0,0,0,0,0,-0.266940410290173,0,0,0,0,0,-0.114952215069307,0,-0.649054235180358,0,0,0,0,20.1953739914749,0,0,0,0,0,0,0,0,0,0,0,0,0,0,0,0,0.0745621529791183,0,0,-0.372695901544043,0,0,0,0,0,0,0,0,0,0,0.459579330444853,-0.199582594568384,0,0,0,0,0,0,0,0,0,0,0,0,0,0,0,0,0,0,0,0,0,0,0,0,0,0,0,0,0,0,0,0,0,0,0,0,0,0.00530478948337532,0,0,0,0,0,0,0,0,0,0,0,0,0,0,0,0,0,0,0,0,0,0,0,0,0,0,0,0,0.726946370148319,0,0,0,0,0,0,0,0,0,-0.118500717999612,0,0,0,0,-0.417795438463772,0,0,1.70934573020114,0.507800602379889,0,0,0,0,0,0,0,0,0,0,0,0
0,0,-0.258291925185232,0,0,0,0,-1.74104636654257,0,0.685202390742222,0,0,0,0,0,0,0,0,0,0,0,0,0,0,0,0,0,0,0,0,0,0,0,0,0,0,0,0,0,0,0,0,0,0,0,0,0,0,0,0,0,0,0,0,0,0,0,0,0,0,0,0,0,0,0,0.13508510947243,0,0,0,0.125040690068178,0,0,0,0,0,0,0,0,0,0,-0.0451015172733684,0,0,-0.377128352355977,0,0,0,0.218549801048833,0,0,0,0,0,-14.6364598496467,0,0,0,0,0,0,0,0,0,0,0,0.256548110554217,0,0,0,0,0,0,0,0,0,0,0,0,0,0,0,0,0.291682070700597,0,0,0,0,0,0,0,0,0,0,0,0.274592209545944,0,0,0,0,0,0,0,0,0,0,0,0,0,0,0,0,0,0,0,0.565531415031755,0,0,0,0,0,0,0,0,0,0,0,0,0,0,0,0,0,0,0,0,0,0,0,0,0,0,0,0,0,0,0,0,0,0,0,0,0,0,0,0,0,0,0,0,0
0,0,0,0,0,0,0,-1.35643298460771,0,0,0,0,0,0,0,0,0,0,0,0,0,0,0,0,0,0,0,0,0.431316359800519,0,0,0,0,0,0,0,0,0.0613664395055236,0,0,0,0,0,0,0,0,0,0,0,0,0,0,0,-0.0274088694367172,0,0,0,0,0,0,0,0,-0.150792493339735,0,0,0,0,0,0,0,0,0,0,0,0,0,0,0,0,0,0,0,0,0,0.10671532744923,0,0,0,0,0,0,0,0,-14.8415413979605,0,-0.69636946819972,0,0,0,0,0,0,0,0,0,0,0,0,0,0,0,0,0,0,0,0,0,0,0,0.345495506582652,-0.287470856824083,0,0,0,0,0,0,0,0,0,0,-0.433260758484891,0,0,0,0,0,0,0,-0.499904445286872,0,0,0,0,0,0,0,0,0,0,0,0,0,0,0,0,0,0,0,0,0,0,0,0,0,0,0,0,0,0,0,0,0,0,0,0,0,0,-0.0638468326113517,0,0,0,0,0,0,0,0,0,0,0,0,0,0,0,0,0,0,0,0,0
0,0,0,0,0,0,-0.949795361965229,2.30907028354646,-2.35309121397992,0,0,0,1.28050206347313,0,0,0,0,0,0,-0.696122376285792,0,-1.41043520213232,-1.53594113748751,0,-4.86479110106574,1.43979931109466,-0.670042050867736,0,0,0,0,0,-0.452675978924468,0,0,-1.47402164056903,0,0,0,0,-0.443703628611623,0,0,0,0.00586313626547375,0,0,3.2220339666335,0,0,0,0.852659183225772,0,1.97058150053526,0,0,-1.04164720840278,0,0,0,0,-2.26100226938888,0,0,0,0,0,0,0,0,0,0,0,0,0,0.818664561842819,0,4.90430562875561,0,0,0,0,1.17436470264982,0,0,0,0,-0.980254783697451,0,0,0,-6.11872422056068,0,-23.4045126286609,0,0.524082484878581,0,0,0,2.41051377702531,0,0,0,2.54218102183988,0,-4.79343143887852,0,0,0.0495695517014336,0,0,0,0,1.15024240778801,0,-0.254783043741196,0.373439035100702,0,0,0,0,0.191483169161193,-1.12252673399303,1.67300003680755,0,0.308578992620106,0,0,0,-2.77306170931229,0,-0.581323331656252,0,0,0.872300969363036,0,0,0,0,0,0,0,0,0,0,0,0,0,0,-3.33771312092544,0,0,0,0,0,0,0,0,-2.42734785188189,0,0,0,-0.720032157299392,1.46616770909782,0,0.636138596990338,-0.262564715159144,-1.27752752290082,1.0882788108028,0.665182485673455,0,0,0,0,0,0,0,-0.33031037105658,0,0,0,0,-1.3219749596037,0,0,-3.73189032932137,0,0,0,0,0,0,0,-0.670982187549654,0,0,-2.21899835949655,0,-0.273796334752347,-0.29539112582883
0,0,0,0,0,0,0,0,0,-0.796370685640471,0,0,-0.210856963605344,0,0,0,0,0,0,0,0,0,0,0,0,0,0,0,0,0,0,0,0,0.532581475296536,0,0,0,0.276944431236816,0,0,0,0,0,0,0,0,0,0,0,0,0,0,0,0,0,0,0.15288905099842,0,0,0,0,0,0.359985142147516,0,0.263469278072633,0,0.408540419873679,0,0,0,0,0,0.365802515521677,0,0,0,0,-0.314481981781212,0,-0.36780277015577,0,0,-0.484959372769738,0,0,0,0,0.400796104649719,-0.327651059331879,0,0,0,0,-22.9652701743688,0,0,0,0,0,0,0,0,0,0,0,0,0,0.049225215404602,-0.623850286239016,0,0,0,0,0,0,0,0,0,0,0,0,0,0,0,0,0,0,0,0,-0.220852481912327,0,0,0,0.167528790633473,0,0,0,0,0,0,0,0,0,0,0,0,0,0.688022143971373,0,0,0,0,0,0,0,0,0,0,0,0,-0.216261587777974,0,0,0,0,0,0,0,0,0,0,0,0,0,-1.61416505663167,0,0,0,-0.48720314378353,0,0,0,0,0.855809851109971,0,0,0,0,0,0,0,0,-0.85403579526479,-0.946969129860055,0,0,0,0,0,0
0,0,0,0,0,0,0,0,0,-0.261079928752346,0,0,0,0,0,0,0,0,0,0,0,0,0,0,0,0,0,0,0,0,0,0,0,0,0,0,0,0,0,0,0,0,0,0,0,0,0,0,0,0,0,0,0,0,0,0,0,0,0,0,-0.516143500615522,0,0,0,0.18994722791843,0,0,0,0,0,0,0,0,0,0,0,0,0,0,0,0,0,-0.0760950621339282,0,0,0,0,0,0,0,0,0,0,-22.6692142454599,0,0,0,0,0,-1.36386811147588,0,0.685041426490063,0,0,0,0,0,0,0,0,0,0,0,-0.741528027328613,0,0,0,0,0,0,0,0,0.687446458701656,0,0,0,0,0,0,0,0,0.169721679654672,0,0,0,0,0,0,0,0,0,0,0,0,0,0,0,0,0,0,0,0,0,0,0,0,0,0,0,0,0,0,0,0,0,0,0,0,0,0,0,0,0,0,-1.319745240805,-0.374361152775389,0,0,0,0,0.219568137387044,0,0,0,-0.0403352346061761,0,0,0,0,-0.619599496730753,0,0,0,0,0,0,0,0,0,0
0,0,0,0,1.13993389148619,0,0,0,0,0,0,0,0,0,0,0,0,0,0,0,0,0,0,0,0,0,0,0,0,0,0,0,0,0,0,0,0,0,0,0,0,0,0,0,0,0,0,0,0,0,0,0,0,0,0,0,0,0,0,0,0,0,-0.184349760593681,0,0,0,0,0,0,0,0,0,0,0,0,0,0,0,0,0,0,0,0,-0.106378543073101,0,0,0,0,0,0,0,1.10707066815162,0,-18.8336469563958,0,0,0,0.223071569628856,0,0,0,0,0,0,0,0,0,-1.10252787957102,0,0,0,0,0,0,0,0,0,0,0,0,0,0,1.18654597941028,0,0,0,0,0,0,0,0,1.00451883295574,0,0,0.283201817167797,0,0,0,0,0,0,0,0,0,0,0,0,-0.249630949005133,0,0.077842714697627,0,0,0,0,0,0,0,0,0,0,0,0,0,-0.426963005337448,0,0,0,0,0,0,0,0.323366162345535,0,0,0,-0.598187141462188,-0.148727455773474,0,0,0.286200146859482,0.360033032566093,0,0,0,0,0,0,0,0,0,0,0,0,0,0,0,0,0,0,0
0,0.0386444224565847,0,0,0,0.512372158624836,0,0.343141713312512,0,0.801374758531597,0,0,-0.241123696587009,0,0,0,0,-0.422852991166646,0,0,0,0,0.428940548536361,0,0.460951847935735,0,0,0,0,0,0,0,0,0,0,0,0,0,0,0,0,0,0.502639081837123,0,0,-0.550037597934584,0,0,0,0,0,0,0,0,0,0,0,0,0,0,0,0,1.48075598379733,0,0,0,0,0,0,0,0,0,0,0,0,0,0,0,0,0,0,0,0,0,0,0,0,0,0.340453359572906,0,0,0.024683275309862,0,-1.30063092556924,0,0,0,0,0,0,0,0,0,0,0,0,0,0,0,-0.441794301156772,0,0,0,0,0,0,0,0,0,0,0,-0.379575122207199,0,0,0,-0.0566409908510104,0,0,-0.0755544473215441,0,0,0,0,0,0,0,0,0,0,0,0,0,0,0,0,0,0,0,0,0,0,0,0,0,0,0,0,0,0,0,0,0,0,0,0,0,0,0,0,0,0,0,0,0,0.519645753469251,0,0,0,-0.361534629579139,0,0,0,0,0,0,0,0,0,0,0,0,0,0,0,0,0,0.0029628179924801,0,0,0
0,-0.0359263338647,0,0,0,0,0.302079886509966,0,0.480155730404443,0,-0.245289695518779,0,0,0,-2.42486032648433,0,0,8.23272219586182,0,0,0.637612664890232,0,0,-1.58417428517052,-0.776209294489223,0,0,0,0,0,0,0,0.342276147015815,0,0,0,0,0,0,0.373873222199268,-0.998545574588736,0,0,0.275865665281647,0,0,0,0,-0.198258721837829,0.8849455737026,0,0,0,0,-2.06985234655529,0,0,0,0.276147554386911,0,0,-0.432091411184545,0,0,0,0,0,0,0,0,0,0,0,-0.335461925319223,0,0,0,0.113234794793153,0,-0.0887941456122596,0,-1.70420813261022,0,0,0,0,0,0,0,0,0.619853984236952,0,0,0,0,0,-0.797119455189054,0,0.33742859915221,0,0,0,0,0,0,0,0,-1.50551376961175,0,0.501725994132112,-0.162521835502087,0,-0.970357173284311,0.160296044878923,0,0,0.538143165153569,0,1.12743091217228,0.555602954282264,0,0.961350359644664,0,0,0,-0.547024630876437,0,0,24.8911742123554,-1.72976668914549,0,0,0,0.144351228487944,0,0,0,-0.360125501571605,-1.1154675413766,0,1.53929004059641,4.99153081151891,0,0,0,0,0,0,0,0,0,0,0,0,0,0,0,0,0,0,6.94513908397815,0,0,0,0,-0.165430693930919,-0.451675100464235,0,0,-1.75213014346333,0,0,0,0,0.727824371448617,0,0,2.36682309704687,0,0,0,1.71653890530852,0,0,0,0,0,0,0,-1.10078756248492,0,-0.283591045324394,0,0.840437744149923,0,0,0.905863482673477,0,0,0.262412993539023
0.0746121562753466,0.980358853971874,0,0,0,0,0,-1.00252352670164,0,0.379670329826346,0,0,0,0,0.0777677571807476,0,0.122402164179479,-3.47456564740908,0,0,0,0,0,0,-0.367464895457222,0,0,0,0,-0.488372595059921,0,0,0,0,0,0,0,0,0,0,0.532210641036859,0,0,0,0,0,0,0,0,0,0,0,0,0,0.10720990830196,0,0,0,0,0,0,0,0,0,-0.183059611758598,-1.56035909544585,0,0,0,0,0,0,0,0,0.0369574993150947,0,0,-0.439718550194635,0,0,0,0,0,0,0,0,0.0838297484188604,0,0,0,0,0,-1.16565340039066,0,0,0,0,0,0,-0.667321668855516,-0.145059398548716,0,0,-0.795871616345177,0,0.149057075705048,0,0,0,0,0,0,0.496842184310346,-0.358309257551513,0,0,0,0.785397319112247,0,0,0.308378234784537,0,0,-0.107012504903748,0,0,0,0,-4.68164997917614,0,0,0.526502716105593,1.97344837794773,0,0,0,-0.499370281669561,0,0,-0.00151576045923796,0,-0.543150123598158,0,0.253798237178815,0,0,0,0,-0.0416621597924554,0,0,0,0,0,-0.300231455225381,0,0,0,0,0,0,0,0,0,0,0,0,0,0,0,0,0,0,0,0,0,0,-0.437198584372801,0,0.585488016733139,-1.28814772922126,-1.08722238528959,0,-0.809601453288802,0,0.0128619139565269,0,0,0,0,0,0,0,0,0,0,0,0.833239372910941,0,0
0,0,0.0103341326280262,0,0,0,0,0,0,0,0,0,0,0,0,0,0,0,0,0,0,-0.228246065821017,0,0,0,0,0,0,0,0,0,0,0,0,0,0,0,0,0,0,0,0,0,0,0,0,0,0,0,0,0,0,0,0,0,0,0,0,0,0,0,0,0,0,0,0,0,0,0,0,0,0,0,0,0,0,0,0,0,0,0,0,0,0,0,0,0,0,0,0,0,0,0,0,0,0,0,0,0,2.6178031985756,0,0,0,0,0,0,0,0,0,0,0,0,0,0,0,0,0,0,0,0,-0.132305010292713,0,0,0,0,0,0,0,0,0,0,0,0,0,0,0,0,0,0,0,0,0,0,0,0,0,0,0,0,0,0,0,0,0,0,0,0,0,0,0,0,0,0,0,0,0,0,0,0,0,0,0,0,0,0,0,0,0,0,0,0,0,0,0,0,0,0,0,0,0,0,0,0,0,0,0,0,0,0,0
0,0,0,0,0,0,0,0,0,0,0,0,0,0,0,0,0,0,0,0,0,0,0,0,0,0,0,0,0,0,0,0,0,0,0,0,0,0,0,0,0,0,0,0,0,0,0,0,0,0,0,0,0,0,0,0,0,0,0,0,0,0,0,0.358117631579356,0,0,0,0,0,0,0,0,0,0,0,0,0,0,0,0,0,0,0,0,0,-0.188583600764089,0,0,0,0,0,0,0,0,0,0,0,0,0,0,0,0,0,0,0,0,0,0,0,0,0,0,0,0,0,0,0,0,0,0,0,0,0,0,0,0,0,0,0,0,0,0,0,0,0,0,0,0,0,0,0.145617712144663,0,0,0.267752392900297,0,0,0,0,0,0,-0.682177505762992,0,0,0,0,0,0,0,0,0,-0.27116714602835,-0.0987756901032362,0,0,0,0,0,0,0,0,0,0,0,0,0,0,0,0,0,0,0,0,0,0,0,0,0,0,0,-0.401327951640837,0,0,0,0,0,0,0,0,0,0
0,0,0,0,0,-4.77229905310851,0,0,0,0,0,0,0,0,0,0,0,0,0,0,0,0,0,0,0,0,0,0.390006956366323,0,0,0,0,0,0,0,0,0,0,0,0,0,0,0,0,0,0,0,0,0,0,0,0,0,0,0,0,0,0,0,0,0,0,0,0,0,0,0.341505260557189,0,0,0,0,0,0,0,0,0,0,0,0,0,0,0,0,0,0,0,0,0,0,0,0,0,0,0,0,0,0,0,0,0,0,0,0,0,0,0,0,0,0,0,0,0,0,0,0,0,0,0,0,0,0,0,0,0,0,0,0,0,0,0,0,0,0.0333661966509455,0,0,0.0230849170891436,0,0,0,0,0,0,0,0,0,0,0,0,0,0,0,0,0,0,0,0,0,0,0,0,0,0,0,0,0,0,0,0,0,0,0,0,0,0,0,0,0,0,0,0,0,0,0,0,0,0,0,0,0,0,0,0,0.0529787074532608,0,0,0,0,0,0,0
0,0,0,0,0,-4.48353841133522,0,0,0,0,0,0,0,0,0,0,0,0,0,0,0,0,0,0,0,0,0,0,0,0,0,0,0,0,0,0,0,0,0,0,0,0,0,0,0,0,0,0,0,0,0,0,0,0,0,0,0,0,0,0,0,0,0,0,0,0,0,0,0,0,0,0,0,0,0,0,0,0,0,0,0,0,0,0,0,-0.132531090198125,0,0,0,0,0,0,0,0,0,0,0,0,0,0,0,0,0,0,0,0,0,0,0,0,0,0,0,0,0,0,0,0,0,0,0,0,0.0921587497160463,0,0,0,0,0,0,0,0,0,0,0,0,0,0,0,0,0,0.542554829958062,0,0,0,0,0,0,0,0,0,0,0,0,0,0,0,0,0,0,0,0,0,0,0,0,0,0,0,0,0,0,0,0,0,0,0,0,0,0,0,0,0,0,0,0,0,0,0,0,0,0,0,0,0,0,0,0,0,0,0.174003924363256
0,0,0,0,1.18257927466683,-3.03718438589411,0,0,0,1.5007414318617,0,0,0,0,0,0,0,0,0.139936520027074,0,0,-0.455291982651564,0,0,0,0,0,0,0,0,0,0.296255380914782,0,0,0,-0.0388973411999309,0,0,0,0,0,0,0,0,0,0,0,0,0,0,0,0.292488823615831,0,0,0,0,0,0,0,-0.272407920852865,0,0,0,0.342977001708141,0,0,0,0,0,0,0,3.28685160797003,0,0,0,0,0,0,-0.356586577086321,0,0,0,0,0,-1.03194613949348,-0.751112913551912,0,0,-0.234553907669112,1.40973075453187,0,0,0,0,0.744375436162486,0,0,0,0,-0.0624037921278788,0,-0.556890839052241,0,0,0,-1.31490600111505,0,0,0,0,0,0,0,-0.0401056949709422,0,0,0,0,0,1.60611185855162,1.02516462054183,0,0.58752111307163,0,0,0,0,0,0.385164534659189,0,-2.39822614457902,-1.58364415109041,0,0,0,0,0,1.8373661597845,0,0,0.994533206862746,-0.32075336138945,0,0,0,0.796145162898753,0,0.339023874035908,-1.01520888935781,0,0,0,0,1.57016181752309,0.028847681143741,0,0,0.0648418529074919,0.498974033834677,0,0.279329938983186,0,0,0,0,0,0.0925916070786912,0,0.0596075611899038,0,0,0,0.572525346632544,1.16746892188268,0.233595688160908,0,0.385860814352273,0,0,0,0.0948379449812109,0,-0.662337714337196,-0.934498366110189,0,0.752987734228687,0,-0.158035214471368,0,0,0,0,0.593359835953279,0,0,-4.23000897304576,0.886494314422789,0,0,0.143623459509485
0,0,0.07372591261763,0,0,0,0,0,0,-0.809517408180424,0,0,0,0,0,0,0,0,0,0,0,-0.0710596638142165,0,0,0,0,0,0,0,0.463088617943509,0,0,0,0,0,0,0,0,0,0,0,0,0,0,0,0,0,0,0,0,0,0,0,0,0,0,0,0,0,0,0,0,-0.440147366354577,-0.188014549258324,0,-0.448905828325273,0.426142042176569,0.111368748725875,0,0,0,0,0,0,0,0,0,0,0,0,0,0,0,0,0,0,0,0,0,0,0,0,0,0,0,0,0,0,0,0,0,0,0,0,0,0,0,0,0,0,0,-0.207685022996297,0,0,0,0.262138946212432,0,0,0,0,0,0,0,0,0,0,0,0,0,0,-0.640784303116047,0,0.183333912201918,0,0.159226471241043,0,0,0,0,0,0,0,0,0.172394272631778,0,0,0,0,0,0,0,0,0,0,0,0,0,0,0,0,0,0,0,0,0,0,0,0,0,0,0,0,0,0,0,0,0,0,0,0,0,0,0,0,0,0,0,0,0,0,0,0,0,0,0,0,0,0,0,0
0,0,0,0,0,0,0,0,0,0,0,0,0,0,0,0,0,0,0,0,0,0,0,0,0,0,0,0,0,0,0,0,0,0,0,0,0,-0.943324622457766,0,0,0,0,0,0,0,0,0,0,0,0,0,0,0,0,0,0,0,0,0,-0.554710975128631,0,-0.124411177382259,4.4889855993595,0,0,0,0,0,0,0,0,0,0.418063877782956,0,0,0,-0.025180018631574,-0.21512406059448,0,0,0,0,0,0.880031108299479,0,0,0.0123643259867461,0,0,0.533807195393507,0,0,0,0,0,-0.202103437489345,0,0,0,0,0,0,-0.351983566484608,-0.0545321001362016,0,0,0,0,0,0.418946948616653,0,0,0,0,0,0.775171031142651,0,0,-0.0500178796117683,0,0.899218015762632,0,0,0,0,0,0,0,0,0,0,0,0.327525604402557,0,0,0,0,0,0,-0.0220446160831436,0,0,0.0894440221076573,0,0,0,0,0,0,0,-0.888709345140277,0.0770889418241856,0,0.158374820154375,0,0,0,0,0,0,0,0,-0.24584903213559,0,0,0,0,0,0,0,0,0,0,0,0,0,0,0,0,1.59290527977926,0,0,0,0,0,0,0,0,0,0,0,0,0,0,0,0,0,0,0,0.123193154011038
0,0,0,0,0,0,0,0,0.356572440572761,0,0,0,0,0,0,0,0,0,0,0,0.137947750572283,0,0,0,0,-1.75470839656573,0,0,0,0,0,0,0,0,0,-0.474622530017801,0,-1.01170715333837,0,0,0,0,0,-0.0140026689912736,0,0,0,0,0,0,0,0,0,0,0,0,0,-0.0862913071442035,0,0,0,0,3.28942118412271,0,0,0,0,0,0,0,-0.742481129905,0,0,0,0,0,0,0,0,0,0.682734074714175,0,0,0,0,0,0,-1.11032785103656,0,0,0,0,0,0,-0.580283622522134,0,0,0,0,0,0,0,-0.0994980576706443,0,0,0.263840242877701,0,0,0,0,0,0,0,0,-0.148732944566357,0.292453382229501,0,0,0,0,0.730954093309127,0,0,0,0,0,0,0,0,0,0,0,0,0,0.225573461334046,0,0,0,0,0,0,0,0,0,0,0,0,0,0,0,-0.194863256293283,0,0,0,0,0,0,0,-0.344811552924807,0.182685962333733,0,0,0,0,0,0,0,0,0,0,0,0,0,0,0.0147327376528423,-1.23636396850522,0,0,0,0.405455583928172,-0.708731729958971,0,-0.0507814148460413,0,0,0,0.250341848901146,0,0,0,0,0,0,0,0,0,0,0,-0.339052618848291,0.429905320836451
0,0,0,0,0,0,0,0,0,0,0,0,0,0,0,0,0,0,0,0,0,-0.187553291792795,0,0,0,0,0,0,0,0,0,0,0,0,0,0,0,0,0,0,0,0,0,0,0,0,0,0,0,0,0,0,0,0,0,0,0,0,0,0,0,0,0,0,0,0.666372928333825,0,0,0,0,0,0,0,0,0,0,0,0,0,0,0,0,0,0,0,0,0,0,0,0,0,0,0,0,0,0,0,0,0,0,0,0,0,0,0,0,0,0,0,0,0,0,0,0,0,0,0,-1.12506241535217,0,0,0,0,0,0,0,0,0,0,0,0,0,0,0,0,0,0,0,0,0,0,-0.129576884972524,0,0,0,0,0,0,0,0,0,0,0,0,0,0,0,0,0,0,0,0,0,0,0,0,0,0,0,0,0,0,0,0,0,0,0,0,0,0,0,0,0,0,0,0,0,0,0,0,0,0,0,0,0,0,0,0,0,0,0
-0.110051435832028,0,0,0,0,-0.405023983306061,0,0,0,0,0,0,0,-1.97490454569645,0,0,0,0,0,0,0,-0.757084190567084,0,0,0,0.918870826820669,0,0,0,0,0,0.919631233684594,0,0,0,0,0,-11.4869043516204,0,0,-0.244957205732083,-0.121225115297177,1.0341716843031,0.248768062519737,0,0,0,0,0,-0.103888371339117,0,1.65979824645015,0,-3.41434702036974,0,0,0,0,0,0,0,0,0,1.26046406363176,0,0,0.239383840296525,-0.521526338968689,0,0,0,0,0,0,0,0,0,0,0,-0.562089838026484,0,0,0,0,0,0,0.415992813908282,0,0.334775048768958,0,0.544575607790815,0,0,0,0,0,0,0,0,0.801187392578838,0,0,-0.370621234908814,0.0140834732039459,0,0,0,0,0.748466024100638,0,0,0,0,-0.362286471394804,0,-1.35054914182056,0,0,0,0,2.49512883893449,0,0.466690110636915,0,0,0,0,0,0,0.598637572644488,-0.561537921728926,0,0,0,0,0,-0.0517456116132753,0,0.164633912563854,0,2.27030529863974,0,0,0,0,0,0,0,0,0,0,0,1.88805048719314,0,0,-0.859539020774834,0,-0.998151941454388,0,-0.352952679282395,0,0,0,0,0,0,0.114986635913994,0,0,0,1.23130755627312,0,0,0,0,0,0,0,0,0,0,-0.224096354436294,-0.308724251798093,0.434107536156662,-0.256563271030255,0,-0.570121370876707,1.45989840391981,0,-0.952030028929127,0,0,0.0867907057014405,0,0,0,0,0,0,0
0,0,0,0,0.19212737364086,0,0,0,0,0,-0.0232903204563348,0,0,0,0,0,0,0,0,0,0,-0.475087179898354,0,0,0,0,0,0,0,0,0,0,0,0,0,0,0,0.156103616778976,0,0,0,0,0,0,0,0,0,0,0,0,0,0,0,0,0,0.0462922737895237,0,0,0,0,0,0,-0.150117709191828,0.122946751923499,0,0,0,0,0,0,0,0,0,0,0,0,0,0,0,-0.355817546878721,0,0,0,0,0,0,0,0,0,0,0,0,0,0,0,0,0,0,0,0,0,-0.0478163244443226,0,0,0,0,-0.374787994292539,0,0,0,0,0,0,0,0,0,0,0,0,0,0,0,0,0,0,0,0,0,0,0,-0.273185221656082,0,0,0,0,0,0,0,0,0,0,0,0,0,0,0,0,0,0,0,0,0,0,0,0,0,0,0,0,0,-0.586774820147832,0,0,0,0,0,0,0,0,0,0,0,0,0,0,0,0,0,0,0,0,0,0,-0.161306854107237,0,0,0,-2.3886925401339,0,0,0,0,0,0,0,0,0.254456058312794,-0.102653291710421,0,0
0,0,0,0,0,0,0,0,0,-0.3349486287951,0,0,0,0,0,0,0,0,0,0,0,-0.130166643224343,0,0,0,0,0,0,0,0,0,0,0,0,0,0,0,0,0,0,0,0,0,0,0,0,0,0,0,0,0,0,0,0,0,0,0,0,0,0,0,0,-0.16264569838609,0,0,0,0,0,0,0,0,0,0,0,0,0,0,0,0,0,0,0,0,0.21036861317719,0,0,0,0,0,0,0,0,0,0,0,0,0,0,0,0,0,0,0,0,0,0,0,0,0,0,0,0,0,0,0,0,0,-0.711194113265849,0,0,0,0,0,0,0,0,0,0,0,0,0,0,0,0,0,0,0,0,0,0,0,0,0,0,0,0,0,0,0,0,0,0,0,0,0,0,0,0,0,0,0,0,0,0,0,0,0,0,0,0,0,0,0,0,0,0,0,0,0,0,0,0,0,0,0,0,0,0,0,0,0,0,0,0,0,0,0,0,0,0
0,0,-0.115133742997004,0,0,0,0,-0.265970492091567,0,0,0,0,0,0,0,0,0,0,0,0,0,-0.600703620009263,0,0,0,0,0.0417660312625092,0,0,0,0,0,0,0,0,0,0,0,0,0,0,0,0,0,0,0,0,0,0,0,0,0,0,0,0,0,0,0,0,0,0,0,-0.149244682824008,0,0,0,0,0,0,0,0,0,0,0,0,0,0,0,0,0,0,0,0,0,0,0,0,0,0,0,0,0,0,0,0,0,0,0,0,0,0,0,0,0,0,0,0,0,0,0,0,0,0,0,0,0,0,0,0,0,0,0,0,0,0,0,0,0,0,0,0,0,0,0,0.239819530598224,0,0,0,0,0,0,0,0,0,0,0,0,0,0,0,0,0,0,0,0,0,0,0,0,0,0,0,0,0,0,0,0,0,0,0,0,0,0,0,0,0,0,0.0642079616636504,0,0,0,0,0,0,0,0,0,0,0,0,0,0,0,0,0,0,0,0,0,0
0,0.0699481223710741,0.230022890207797,0,0,0,0.0896812303798342,0,0,0,0,0,0,0,0,0,0,0,0,0,0,-1.09338950671399,0,0,0,0,0,0,0,0,0,0,0,0,0,0,0,0,0,0,0,0,0,0,0,0,0,0,0,0,0,0,0,0,0,0,0,0,0,0,0,0,0,0,0,0,0,0,0,0,0,0,0,0,0,0,0,0,0,0,0,0,0,-0.932771604105428,0.167775523885921,0,0,0,0,0,0,0,0,0,0,0,0,4.14140155851324,0,0,0,0,0,0,0,0,0,0,0,0,0,0,0,0,-0.385844170885128,0,0,1.14338407278464,0,0,0,0,0,0,0,0,1.39425112998318,0,0,0.165913638036926,1.41616907337271,0,0,0,0.407281912609794,0,0,0,0,0,0,0,0,0,0,0,0,0,0,0,0,0,0,0,0,0,0,0,-0.425289093324997,0,0,0,0.0848227335717375,0,0,0,0,0,0,0.318266156277349,0,0,0,0,0,0,0,0,0,0,0,0,0,0,0,0,0,-0.584728517932671,0,0,0.00551390365078852,0,0,-1.40507164020115,0.426494719139088,0,0,0,0,0
0,0,0,0,0,0.302400121466976,0,0,0,0,0,0,0,0,0,0,-0.653225011816201,0,0,0,0,-0.510137556059621,0,0,0,0,-0.892541502690276,0,0,0,0,0,0,0,0,0,0,0.355494771865067,0,0,0,0.0879216589851721,0,0,0,0.100286604054406,0,0,0,0,0,0,0,0,0,0,0,0,0,0,0,0,0,0,-1.63344527157536,-0.200274007426519,0,0,0,0,0,1.53828103274643,0,0,1.14654628375449,1.17391372829522,0,0,0,0,-0.104341045210468,0,0.292717493065005,0,0,0,0,0,0,-0.744169290810399,0,0.593470766887052,0,0,0,0.194441996686718,-0.273647153543298,0,0,0.53430148618451,0,0,0.222089933719618,0,0,0,0,0,0,0,0,0,0,0,0,0,0,0,0,0,0,0,0,0,0,0,0,-0.599106617198865,0.719971759898555,0,0,-0.234745874907372,0,0,0.0696432822828443,0.812896246876608,1.39852960158421,0,0,0,0,-0.357522873064366,0,0,0,0,0,-0.0297363687024206,0,0,0,0,0,0,0,0,0,0,0,-0.0586089411198096,-0.905209609917103,0,0,0,0,0,0,-0.98521135230731,-0.576129244957055,-1.83860797528358,0,0,0,-0.369155802330321,0,0,0,1.26981145222878,0,0,0,0,0,0,0,0,0,-1.30079596730928,0,0,0,0,-2.07391789197657,0.0684426780874192,0,0,0,0,0,0
0,0,0.336360602281921,0,0,0,0.0561314697942363,0,0,0,0,0,0,0,0,0,0,0,0,0,0,-1.17679093285674,0,0,0,0,0,0,0,0,0,0,0,0,0.593119699067644,0,0,0,0,0,0,0,0,0,0,0,0,0,0,0,0,0,0,0,0,0.0217124755484204,-0.245080620371107,0,0,0,0,0,0,0.0136818489876946,0,-0.566920034460378,0,0,0,0,0,0,0,0,0.0413779299568584,0.170569657702344,0,0,0,0,0,0,0,0,0,0,0,0,0,0,0,0,0,0,0,0,0,0,0,0,0,0,0,0,0,0,0,0,0,0,0,0,0,0,0.668747937715559,0.322476093038211,0,0,0,0,0,0,0,0,0,0,0,0,0,0,-1.20803005859154,0,0,0,0,0,0,0,0,0,0,0,0,0,0,-0.0110426180163907,0,0,0,0,0,0,0,0,0,-0.318248563109633,0,0,0,0,0,0,0,0,0,0,0,0,0,0,0,0,0,0,0,0,0,0,0,0,0,0,0,0,0,0,0,-0.254802884755895,0,0,0,0,-0.585181489318274,-0.162140493722956,0,0,0,0.258461908298185,0,-0.215187329190081
0,0,0,0,0,0,0,0,0,0,0,0,0,0,0,0,0,0,0,0,0,-0.860367381314834,0,0,0,0,0,0,0,0,0,0,0,0,0.392304939307868,0,0.489267303126248,0,0,0,0,0,0,0,0,0.295905453608466,0,0,0,0,0,0,0,0,0,0,0,0,0,0,0,0,0,1.11698151729115,0,0,0,0,0,0,0,0,0,0,0.466766809150598,0,0,0,0,0,0,0,0,0,0,0,0,0,0,0,0,0,0,0,0,0,0,0,0,0,0,0,0,0,0,0,0,0,0,0,0,0,0,0,0.433562946875388,0,0,0,0,0,0,0,0,0,0,0,0,0,0,0,-0.427292102463505,0,0,0,0,0,0,0,0,0,0,0,0,0,0,0,0,0,0,0,0,0,0,0,0,0.0894892619094014,0,0,0,0,0,-0.387908083614483,0,0,0,0,0,0,0,0.130098220411386,0,0,0,0,0,0,0,0,0,0,0,0,0,0,0,0,0,0,0,0,0,0,0,0,0,0,0,0.407947709052898,0,0
0,0,0.577004846489081,0,0,-3.46181605381516,0,0,0,0,0,0,0,0,0,0,0,0,0,0,0,0,0,0,-0.240716057831893,0,0,0.083288522572937,0,0,0,0,0,0,0,0,0,-0.0125081938654674,0,0,0,0,0,0,0,-0.276601916000447,0,0,0,0,0,0,0,0,0,0,0,0,0,0,0,0,0,0,0,0,0,0,0,0,0,0,0,0,0,0,0,0,0,0,0,0,0,0,0,0,0,0,0,0,0,0,0,0,0,0,0,-1.45154440502045,0,0,0,0,0,0,0,0,0,0,0,0,0,0,0,0,0,0,0,0,0,0.939585905133139,0,0,0,0,0,0,0,0,0,0,0,0,0,0,0,0,0,0,0,0,0,0,0,0,0,0,0,0,0,0,0,0,0,0,0,0,0,0,0,0,0.239450818606377,-0.313906589105085,0,0,0,0,0,0,0,0,0,0,0,0,0,0,0,0,0,0,0,0,0,0,-0.585585045527854,0,0,0,0,0,-0.177668844505352,0,0,0,0,0,0,0,0,0
0,0,0,0,0,-0.764417572923208,0,0,0,0,0,0,0,0,0,0,0,0,0,0,0,0,0,0,-0.575867759513519,0,0,0,0,0,0,0,0,0,0,0,-0.287233794457129,0,0,0,0,0,0,-0.438429978800596,0,0,0,0,0,0,0,0,0,0,0,0,0,-1.28362627141946,0,0,0,0,0,-0.0230228634915757,0,0.657288932736035,0,0,0,0,0,0,0,0,0.0450867943313433,0,0,0,0,0,0.806854101413285,0,0,0,0,0.117237079885662,0,0,0,0,0,0,0,0,0.00786196132880312,0,-0.0424166425779611,0,0,0,0,0,0,0,0,0,0,0,0,0,0,0,0,0,0,0,0,0,0,0,0,0,0,0,0,0,0,0,0,0,0,-0.441982055556337,0,0,0,0,-0.145584620819286,0,0,0,0,0.51321811429234,0,0,0,0,0,0.88352650544124,0,0,0,0,0,0,0,0,0,0,0,0,0,0,0,0,0,0,0,0,0,-0.456675510175869,0,0,0,0,0,0,0,0,0,0,0,0,0,0,0,0,0,0,0,0,0,0,0,0,0,0,0,0,0,0
0,-0.0562356877418446,0,0,0,0,0,0,0,-0.473376402068385,-1.31765386408284,0,0.21756236099394,0,0.237193317380185,0,0,0,0,0,0,0,0,0,0,0,-0.0716945007122032,-0.359829159943858,0,0,0,0,0,-1.20844112091648,0,0.186040001991015,0,0,0,0,0,-0.183020961065843,0,0,0,0,0.449097692683484,0,0,0,0,0.337884069622091,0.80193557243048,0,0,-0.505421238517188,0,0,-0.0342446535961303,-0.75794021557934,0,0.587154357826728,0,0,-5.13485063973958,0,2.40300024327212,0,0,-0.0940699318731077,-0.560148000538472,0,0,0,0,0,0,0,0.139733491915759,0,0,0,0,0.261662603050591,0,0,0,0,0,0,0,2.4510527078351,0,0,0.0213574040172431,0,0,0,0,0,-2.58652025511636,0,0,-1.92343007450858,0,0,0,-0.493795365772635,0.992011727260304,0,0,0,0,-1.57883120502669,2.16943328681292,0,0,0,0,-1.11235783358062,0.0555610625510965,0,0.785710625863935,0,0,0,0,10.8260592982278,0.246359332878468,0,0,0,0,0,0,0,-0.290297105256264,0.0389622963080896,0,0,0,0,0,1.58464740234406,0,0,0,0,0,0,0,0,0,0,2.89841655357631,0,0,0,0,1.05777123374162,0,-0.726848784492981,2.49437715138997,0,0,0,1.2893457865873,1.15375454345565,0,5.30141454463675,0,0,0,0,0,0,0,0,0,0,0,-0.223757151125414,0,0,-0.822736292336776,0.22994827169739,0,-1.73013028285582,0,-0.893843095624765,-0.134962199619953,0,0.652650357110321,0,0,0,0,0,0,0
0,0,0,0,0,-0.535209648865902,-0.127217130016792,0,0,0.342214249742846,0,0,0,0,0,0,0,0,0,0,0,0,0,0,0,0,1.37820235082498,0,0,0,0,0,0,0,0,0,0,0,0,0,0,0,0,0,0,-0.515498792359916,0,0,0,0,0,0,0,0,0,0,0,0,0,0,0,0,0.0693562161546071,0,0,0,0,0,0,0,0,0,0,0,0,0,0,0,0,0,0,0,0,0,0,0,0,0,0,0,0,0,0,0,0,0,0,0,0,0,0,0,0.439540105344383,0,0,0,0,0,0,0,0,0,0,0,0,0,0,0,0,0,0,0,0,0,0,0,0,0,0,0,0,0,0.0836521948496913,0,0,0,0,0,0,0,0,0,0,0,0,0,0,0,0,0.157721161092472,0,0,0,0,0,0,0,0,0,0,0,0,0,0,0,0,0,0,0.862739960313543,0,0,0,0,0,0,0,0,-0.322110370055051,0,0,0,0,0,0,0,0,0,0,0,0,0,0,0,0,0,0,0,0,0,0
0,0.203612560582226,0,0,0,-2.0608566444258,0,1.83801929146045,0,0,0,1.37049915160342,0,0,0,-1.29456609903956,0,0,0,0,0,0,0,0.785687171851968,0,0,0,-0.275189560770469,0,0,0,0,0,0,0,-0.818613588656764,-6.76990601389065,0,0,0,0,0,0.510429345437935,0,0,0,0.139704210981036,0,-1.16960491105793,0,0,0,0,-6.60729676232369,0,0,0,0,0,0,-0.026673934685209,-0.433416726773312,0,0,0,0,-1.13503902814455,-0.548410026087707,0,0,1.16754059538511,0,0,0,0,0,0,0.328789610146281,1.34051465416258,-2.32560886289621,0,0,-0.700987905744916,0,0,0,0,0,0,0,0,0,0.379868438416692,0,0,0,0,0.419065473528526,0,-0.0844389634638625,0,1.07825271840444,0.720328546093994,-0.80981442018428,0,0,-15.7045591275433,0,0,0,0,2.19637127545711,0,-1.33925346522647,-1.3168265065343,-1.04647433598955,0,0,0,-1.61181497025114,0,0,0,0,0,0,0,0,4.77547568836276,0,0,3.50138947524856,0.426955107622454,0.161703209739361,0,0,0,0,0,0,0,0.259003834895341,0,0,0.0255609959402539,0,0,0,-1.11521182626717,-0.247647874855351,0,0,-0.557842264289752,0,0,0,0,-1.33942493529485,0,-1.10629426881338,0,0,0,3.10688563099562,0,0,0,0,0,-0.506185527762809,0,0,0,0.207798979000887,1.85943600974879,0,0,1.59248720304166,0.993280706272019,-0.0988758635091229,-1.29076686045458,0,0,4.17794904488831,3.72635774590346,-0.0704410216945646,0,0,0,0,0,0.463916238199501,0,0,0,0,2.86115870606904,0,0,-2.89801829688352
0,0,-0.430120450465828,0,0,-0.258849306575524,0,0.724559774671966,0,0,-1.26350597598915,0,1.09351126869397,-0.0561838098756211,0,0,0.213586712980413,0,0,-0.499167775943558,0,0,0,0,0,0,0,0,1.01583359381064,0,0,0,0,0,0,0,0,0,0,0,0,0,0,1.10749066797509,0,0,0,-1.14438104807029,0,0,0,0,0,-1.28356072384441,0,0.588239673090942,1.51582189442323,-0.138433281225182,0,0,0,0,0,0,0,0.00360008313125548,0,0,0,0,-0.290085476463072,0,0,0,0,0,0.468217878033971,0,0,1.89447878402805,0,0,0,0,0,0,0,-0.646955951356799,0.107688310211535,0,0,0,-0.0236498595247543,0,0.41092921386284,0,0,0,0,0,0,0.653001941036938,0,0,0,2.20642953794984,0,-2.49422780231506,0,0,0,-0.209895840626097,0,-0.62360123711776,-0.915151483449469,0,0,0,0,0,0,-0.563882940660599,0,0,0,0,0,0.270748371542951,0,1.06556521726349,0,0.743518074651591,-0.413937930307501,0,0,0,0,0,0,0,-0.268867817141657,0,0,0,0,0,0,0.457472471721887,0,0.809259987526988,0,0,0,0,-1.81188215997824,0,0,0,0,0,0,-1.17154426989705,0.600013199821388,0,0.0502836741933539,0,0.409141075350268,0,0,0,0,0,0,-0.162969551217611,0,0,0,0.377472887075137,0,0,0,0.10299745084891,0,0,0,0,0,1.43201329997789,0,0,-1.71443548159412,0,0,0,-1.33479499933317,0,0,0,0,0
0,0,0,0,0,0.68452597982161,0,0,0.0183869309230824,0,0,0,0,0,0,0,0,0,0,0,0,-0.123225575908796,0,0,0,0.401044978656094,0,-0.0854741882559777,0,0,0,0,0.595202848256798,0.313000977535723,0,0.456957690708065,0,0.692881263421303,0,0,0,0,0,-0.545402185160263,0,-0.304894537317596,0,0,0,0,0,0,0,0,0,-0.119378722094858,0,-0.397843288323031,0,0,0,0.635579927736991,0,0,0,0,0.160533673312887,0,-9.78359211205727,0,0,0,0,-0.275705759428801,0,0,0,0,0,0,0.0609370506915612,0,-0.936293430608888,1.01350252462263,2.2227622737993,-0.654191008498645,-1.76542738299596,0,0,0,0,-1.75660649658154,0,0.118331689506644,0,0,0,0,0,0,0,0,0,0,0,0,0,-0.0991944522918227,-0.0237329256676446,0,0,0,0,0,0,0,0,0,0,0,0,0,0,0,0,0,0,0,0,0.531502435977149,0,0,0,0,0,-0.677543883357263,-1.32562311198174,0,0,0,0,0.0845332200818854,0,0,0,0,0,0,-0.264263222955295,0,0,0,0,0,0,0,0,0,0,0,0,0,0,0,0,0,0,0,-0.122453549046077,0,0,0.501484797683689,0,0,-0.565805098101321,0,0,0,0.32370197757731,0,0,-0.739141387061796,0,0,0,-0.264851265630027,0,0,0,0,0,0,0.0772785157165214,-0.201289026359129,0,0,-0.44218321368359,0.617951975305544,0,0
0,0,0,0,0,0,0.19206619257119,0,0,0.230153746948909,0,0,0,0,0,0,-0.750322486662021,0,0,0,0,-0.166169072770055,0,0,0,0,0,0,0,0,0,0,0,0,0,0,0,0,0,0,0,0,0,-0.015909835403209,0,0,0,0,0,0,0,0,0,0.327381517123053,0,0,0,0,0,-0.31903504682832,0,0,0,0,0,0,0,0,0,0,0,0,0,0,0,0,0,0,0,0,0,0,0,0,0,0,0,0,0,0,0,0.164567821723631,0,0,0,0,0,0,0,0,0,0,0,0,0,0,0,0,0,0,0,0,0,0,0,0,0,0,0,0,0,0,0,0,0,0,0,0,0,0,0,0,0,0,0,0,0,0,0,0.225251027130482,0,0,0,0,0,0,0,0,0,0,0,0,0,0,0,0,0,0,0,0,0,0,0,0,0,0.0240595359306341,-1.09234362886798,0,0,0,0,0,0,0,0,0,0,0.86856549161092,0,0,0,0,0,0,0,0,0,0,0,0,0,0,0,0,0,0,0,0,0,0
0,0,0,0,0,0,0,0,0,0,0,0,0,0,0,0,0,0,0,0,0,-0.337151486483869,1.24950805390224,0,0,0,0,0,0,0,0,0,0,0,0,0,-1.64636932082774,0,0,0,0,0,0,0,0.495675828569645,0,0,0,0,0,0,0,0,0.0236822306127253,0,0,0.502598312674222,0,0,0,0,0,1.87500150422821,-0.12335322742012,0,0,0,0,0,0,0,-0.24544213098098,-0.991696634393425,-0.0276441285299598,0,0,0,0,0,0,0,0,0,0.171481739303316,0,0,0,0,0,0,0,0,0,0,0,0,0,0,0,0.149155559521354,0,1.14720861141468,0,0.280057864196642,0,0,0,0,0.344372256003251,0.420582981499938,0,0,1.55488293053231,0,0,0,0,0,0,0,0,0,0,0,0,0,0.228267081377207,0,0,0,0,-0.385814498038096,0,0,0,0,0,0,0,-0.227370548074754,0,0,0,0,0,0,0,0,0,0,0,-0.373472093560412,0,0,-0.824089148210063,0,0,0,0,0,0,0,0,0,0,0,0,0,0,0,0,0,0,0,0.214058536772441,0,0,0,0,0,0,0,0,0,0,-0.172296515116271,0.232936814411341,0,0,0,0,0,0,0,0,-0.271247638617738,0,-0.0150882318549594,0,0
0,-0.767544234059041,1.81282866442666,0,0,-0.18307516416317,0,0,0,0.100795837861516,0,0,0,0,0,0,-0.669719843497107,0,0,0,0,-1.35722622783268,0,0,-0.675135832014437,0.132995577412122,0,0,0,0,-0.580987192007076,0,0,0,0,0,0,0,0,0,0,0,0,0,0,0.325207434068059,0,0,0,0,0,0,0,0.29850084299145,0,0,0,0,-0.187903472370647,0,-1.14077775063601,0,-0.0170698933092717,0,0.00611973339930683,0,0,0,0,0,0,0,-0.248729658034299,0,0,0,0,0,0,0.0585550025477697,0,0,0,0,0,-0.743261278542465,0,0,0,0,-0.029949804361846,0,0,-1.90790618066384,0.0655401966304778,0,0.978606791122053,0,1.995652013893,0,0,8.6452995517323,0,0,0,0.278646405329524,0,0,4.9577553213434,0,0,0,0,0,0,0,0,0,0,0,1.00963463556754,0,0,0,0,0,0,-1.50642770132231,0,0,0,0,0,0,0,0,-0.12158876556288,0,0,0,0,-3.328374651372,0,0,0,0,0,0,0,0,0.284073665052532,0,0.23512568413213,0,0,0,0,0.102211001983471,0,-1.3127644039852,0,0,0,0,0,0,0,0,0,0,-0.657806071761267,1.24738293954627,0,0,-1.18000792950464,0,-0.895524628535316,0,0,0,-0.265534692181715,0.62125058478097,0,-0.0623142122897782,0,0,0,0,0,0,0,0,0.0547499206382793,0,0,0,1.35099598275534,0,0,-0.21184058643491
0,-0.034265330698344,3.70240770632441,0,0,0,0,0,0,0,0,0,0,0,0,0,-0.51159447210142,0,0,0,0,-1.25632936937807,0,0,0,0,-0.0420213206298365,-0.0165982856348228,0,0,0,0,0,0,0,-0.110125163289967,0,0,0,0,0,0,0,0,0,0,0,0,0,0,0,0,0,0.703396230344112,0,0,0,0,0,0,-1.99090139228834,0,-0.77421956500433,0,0,-0.474683326937926,0,0,-0.0795450518768661,0,0,0,-0.57710433967048,0,0,0,0,0,0.246700083708584,0,0,0,0,0,0,-0.0684275483688841,0,0,0,0,0,0,0,-2.02842753840702,0,-0.18743243807693,1.44985852389742,0.463029064288707,1.05209182740106,0,0,8.26646529191888,0,0.226258500853097,0,0,0,0,5.1969150542303,0,0,0,0,0.115490861911409,0,1.56400951261816,0,0,0,0,0,0,0,0,0,0,-0.632205143879174,-1.60801893047802,0,0,0,0,0,0,0,0,0,0,0,0,0,-3.42052792528523,0,0,0,0,0,0,0,0,0,0,0.691161267899371,0,0,0,0,0,0,-1.2812269073518,0,0,0,0,0,0,0,0,0,0,-1.17182908253647,1.98190259015524,0,0,-0.132770473951514,1.94930943861744,-1.31529441016099,0,0,0,-0.235145295163567,0.347151287148013,0,0,0,0,0,0,0,0,0,0,0.406498810461196,0,0,0,1.98463890485639,0,0,-0.341887014405861
0,0,0.936163780116316,0,0,-0.00603760528582709,0,0,0,0,0,0,0,0,0,0,-0.747285819480823,0,0,0,0,-2.28681608304632,0,0,-0.197733447925481,0,-0.360213090825129,-1.46381829353954,0,-1.23615584228431,0,0,0,0,0,0,1.60276772416031,0,0,0.371290041946864,0,0,0,0,0,0.496433869718716,0,0,0,0,0,0,0,0,0,-0.0834425385973101,0.185387392294291,-0.0714903643872986,0,0,0,0,0,0,0,0,0,0,0,0,0,0,-0.0559751818052963,0,0,0,0,0,0,0,0,0.0807466246319446,0.194092315929305,0,0,0,0,0,0,0,0,0,1.46582646126947,-1.15823780109848,0,0,1.38811967983915,0,0.0966802642893998,0,0,7.79450800538098,0.208761649601302,0,0,0,0,0.311946431549616,3.9250018052603,0,0,0,0,1.42536837560527,0,0,0,0,0,0,0,0,0,0,0,0,0,-1.1304392453723,0,0,0,0,-0.067653984300551,0,-0.523093003255778,0,0,-0.280052590464676,0,0,0,-3.5523516921343,0,0,0,0,0,1.14121968598024,0,0,0,0,0,0,0,0,0,0.345256924662895,0,0,0,0,0,0,0,0,0,0,0,0,-0.887574580998947,0.696772027563478,0,0,0,0.0342772364703987,-1.26778437661048,0.175678249497859,0,-1.31352279509903,0,0.742267756895774,0,0,0,0,0,0,0,0,0,0,0,0,0,0,2.45198802312725,0,0,-0.19684633180933
0,2.01130169228406,0,0,0,0,0,0,0.560187686973665,0,0,0,0,0,0,0,0,0.0859077183627446,0.550985862047551,0.737899905091395,0,0,0,0,0.0649611108686345,0,0,0.00946115127614666,0,0,-3.21305940802969,0,0,0,0,0,0.00601237993369286,0,0,0,0,0.0572740514552348,0,0,0,0.890518053842542,0,0,0,0,0,-3.74725965142969,0.190766105372566,0,0,0,0,0,5.74141159385606,0,0,0,0,0,0.0574214939506046,0,0,0,0,0,0,0,0,0,0,0,0.231911794918384,-0.191237480243,0,0,0,0,0,0,0,0,0,0,0,0,0,0,0,0,0,0,0,0,0,0,0,0,0,0,0,0,0,-0.100183622326601,0,0,0,0,0,-0.520003714213697,0,0,0,0,0,0,0,0.62193439705766,0,0.410285742374682,0,0,0,0,0,0,0,0,0,0,0,-1.77428339108013,2.10447401453649,0,0,-0.55250192224621,0,0.438805975599163,0,0,0,0,0,0,0,0,0,0,0,0,-0.236756801579029,0,0,0,0,-11.0670155701724,0,0,-0.176410230387605,0,0,0,0,0.352981443614853,0,0,0,0.66794208576487,0,0,0,0,0,0,0,-1.18168943257772,0,0,-0.069100456309386,0,0,0,0,0.0488534654711552,0,0,1.25325708941804,0,0,0,0,0,0,0,0,0
0,1.95892172940014,0,0,0,0,0,0,0,0,0,0,0,0,0,0,0,0,0,0.501388269639427,0,0,0,0,0.170043844465696,0,0,0,0,0,-4.22593789894645,0,0,0,0,0,0.00273750952655405,0,0,0,0,0,0,0,0.919779712647176,0.670748274585266,0,0,0,0,0,-3.32835702107627,0.55892166495882,0,0,0,0,-1.03655648740473,6.70895770897627,0,0,0.185241359851077,0,0,0,0,0,0,0,0,-0.244603771916992,0,0,0,0,0,0,-0.549511864681055,0,0,0,0,0.870399525354196,0.368792549690728,0,0,0,0,0,0,0,0,0,0,0,0,0,0.0197645974786627,0,0,-0.00317306986724963,0,0,0,0,0,0,0,-0.254259184433913,0,0,0,0,0,0.389232127315333,0,-0.000256077093222729,0,-1.14289715667392,0,0,0,0,0,0,0,0,0,0,0,0,0,0,0,0.184656436473736,0,1.33407405692242,0,0,0,0,0,0,0,0,0,0,0,0,0.0917530109093112,0,0.0412259538085995,0,0,0,0,0,0,0,-12.1699098393216,0,0,0,0,0,0,0,1.00870337114394,0,0,0.00119348742108727,0.580430828708543,0,0,0,-1.64814606750346,0,0,0.199538092194665,0,0,0,0,0.423716058762014,0,0.748607931817226,-0.177708159913512,0.231291609645935,0,0,0,0,0,0,0,0,0,0,0,-0.774237751128155
0,1.56937134823885,0,0,0,0,0,0,0,0,0,0,0,0,0,0,0,0,0,0,0,0,0,0,0,0,0,-0.150562794663343,0,0,0,0,0,0,0,1.04432881845564,0,0,0,0,0,0,0,0,0,0,-1.94124556599323,0,0,0,0,-1.92854975951112,0,0,0,0,-0.0154533898749527,0,6.92001194952342,-0.213141243064824,0,0,0,0,0,0,0,0,0,0,0,0,0.115437769498013,0,-0.342108503484473,0,0,0,0,0.184613604388092,0,0,0.0452876987764024,0,-0.0868153251730095,-1.0258196272512,0,0,0,0,0,0,0,0,-0.226433646553478,0,0,0,0,0,0,0,0,0,0,0,0,0,0,0,0,-0.645857092846819,-0.501476635490392,0,0,0,-0.777081704381451,0,0,-0.555297610117627,0.199026603209834,0,0,0,0,0,0,0,0,0,0,0,0,0,0,0,0.0713708696073616,0,0,-0.145429630751327,0.0621263672638244,0.626663267381857,0,0,0,0,0,0,0,0,0,0,0,0,0,0,0,0,0,-12.0621334415218,0,0,0,0,0,0,0,0,0,0,0.497381173370977,0.740615625689312,0,0.0208845141907315,0,0,0,0,0,0.767400738699402,0,-0.129948887075303,0,0.867424706322946,0,0,0,0,0,0,0,0,0,0,0,0,0,0,0,0
0,0.347951342929559,0,0,0,0,0,0,0,0,0,0,0,0,0,0,-0.355590497743535,0,0,0,0,0,0,0,0,0,0,0,0,0,0,0,0,0,0,0,0,0,0,0,0,0,0,0,0,-0.136296220199604,0,0,0,0,0,-2.48449334858821,0,0,0,0,0,-0.404837338165345,7.75552612913214,0,0,0,0,0,0,0,0,0,0,0,0,0,0,0,-0.607685652425109,0,0,0,0,0,0.267552591277775,0,0,0,0,-1.4411673806167,0,0,0,0,0,0,0,0,-0.459483804332085,-0.0152380194281596,0,0,0,0,0,0,0,0,0,0,0,0,0,0,0,0,0,0,0,0,-0.441090045235115,0,0,0,0,-0.258582165083849,0,0,0,0,0,0,0,0,0,0,0,0,0.616235045130213,-0.788066447122623,0,0,0,0,1.01584679421351,0,0,0,0,0,0,0,-0.365486799180522,0,0,0,0,0,0.122955214945567,0,0,0,0,-9.61926250157027,0,0,0,0,0,0,0,0,0.594626474501733,0,0,0,0,0.11713447149767,0,0,0.131692367716999,0,0.0281165085668897,4.20385105951087,0,-0.0736851910303042,0,0,0,0,0,0,0,0,0,0,0,0,0,0,0,0,0,0
0,0.456615968594138,0,0,0,0,0,0,0,0.206585792506074,0,0,0,0,0.0114126045894514,0,-0.538991117319348,0,0,0,0,0,0,0,0,0,0,0,0,0,-1.10466291452693,0,0,0,0,0,0,0,0,0,0,0,0,1.51267442526159,0,0,0,0,0,0,0,-1.03592509350765,0,0,0.453416711275131,0.148368038142453,0,0,2.49017034712806,0,0,0,0,0,0,-0.166125737855948,0,0,0,0,0,0,0,0,0,0,0,0,0,0,0,0,0,0,0,0,-0.407016815511401,0,0,0,0,0,0,0,0,0,0,0,0,0,0,0,0,0,0,0,0,0,0,-0.0391299953556334,0,0,0,0,0,0,-0.0734898976330103,0,0,0,0,0,0,0,0,0,0,0,0,0,0.0760390516888334,0,0,0,0.406003483706392,0,0,0,0,0,0.255941309850928,0,0,0,0,0,0,0,-0.604401942442927,0,0,0,0,0,0,0,0,0,0,-2.2190411760453,0,0,0,0,0,0,0,0,0,0,0,0,0,0,0,0.321524494388653,0,0,0,2.20542957927651,0,0,0,0,0,0.00596098006289214,0,0,0,0,0,0,0,0,0,0,0,0,0,0
0,0,0,0,0,0,0,0,0,0,-1.15276360306909,0,0,0,1.06921670016891,0,-2.24378530399881,0,0,0,0,-0.106815735965619,0,0,-0.770768262066077,2.28742937528272,0,0,1.38923203750916,0,0,0.0193279224797882,0,0,0,0.631264661076502,0,0,0,0,0,0,0,0,-1.25492922809168,-0.652827954744101,0,0,0,0,0,-1.42325581095031,0,0,0.544148953831114,0,-0.223569607674809,1.12903356526319,1.48631104628578,0.40866450737829,0,-0.0564431825746061,0.176448436242729,-0.649382944319091,0,-0.814700783702571,0,0,0,0,1.14450463479098,0,0,0,0,0,0,0,0,0,0,0,0.449020463833493,0.384929747525866,0,0,-1.31891625969554,-1.05836794894929,0,0,0,0,0,0,-1.25607807273735,0,0,0,0,0,0,0,0,0.557162621135449,0,0.545329886913355,0,0,0,0,0,0,-1.11459052788734,0,1.79621890614694,0,-0.282714220474116,0,0,0,-0.0276797275385356,0,0,0,0,0,0,0,-1.41951169875529,0.0936186918963005,0.0738888995230085,0.300741334129867,0,0,0.536249624912249,0,-0.0154832637696583,0,0,0,0,0,0,-0.416323122200287,0,0,0,0.162595991039599,0,0,0,0,0,0,0,0,0,0,-1.36446864905913,-3.50693286324681,0,0,0,0,0,0,0,0,-0.658339849966249,0,0,0,0,0,0,0,0.25165016721358,0,0,2.57133597167926,0,0,0,0,0,0,0,0,0,0,0,0,0,0,0,0,0,0,0,0
0,0.766825326313935,0,0,0,0,0,0,-0.18489091763789,0,1.99763423573315,0,0,0,0.201616341397111,0,-0.310388901142552,0,0,0,0.0493380338035738,-0.0486217446914661,0,0,0,1.47576629508128,0,0,-0.307425206184594,0,0,0,0,0,0,0,0,0,0,0,0,0,0,0.849705175376373,0,-0.119645339756141,0,0,0,0,0,0,0,0,0.659816991322672,0,-0.387844060114014,0,2.90044623819135,0,0,0,0,0,0,0,0,0,0,-0.0112023206967149,0,0,-0.328264448829557,0,0,0,0,-0.337861085534825,-0.689561621244454,0,0,0,0,0,0,-1.82346186636532,0,0,0,0,0,0,0,0,0,0,0,0,0,0,0,-0.161198048492316,0,0,0,0,0,0,0,0,0,0,0,0.302201199254691,0.937532070949891,0,0,0,0,0,0.37223811329969,0,0,0,0,0,0,0,0,0,0,0.340873239717923,0,0,2.41705460663328,0,0,0,0,0,0,0,0,0,0,0,0,0,0,0,0,0,0,0,0,0,0,0,0,-0.834377687679697,0,0,2.0800901885081,0,0,0,0,0.380417660621446,-0.334308632738046,0,0,0,0,-0.0239667462450082,0,0,0.561606105943535,0,0,0,0,0,0,0,0,0,0,0,0,0,0,0,0,0.915919056270177,0,-0.00920594132590513,0,0,0,-0.352628519999912
0,0,0,0,0,0,0,0,-0.435439813581633,2.33391159716307,0,0,0,0,0,0,0,0,0,0,0,0,0,0,0,0,0,0,0,0,0,0,0,0,0,0,-0.195124426365506,0.00513106303935795,0,0,0,0,0,0,0,0,0,0,-0.0511762523167985,0,0,0.301915051626149,-0.0563205235634716,0,0,0,0,0,0,0,1.82292829124447,0,0,0,0,0,0,0,0.603693820805681,0,0,0.382392697805125,0,0,-0.513929350364626,0,0,0,0,0,0,0.0870742747597124,0,0,0,0,0,0,0,0,2.33702888816816,0.0643908387910466,0,0,0,0,0,0,0,0,0,0,0,0,0,2.62790779002753,0,-0.926672692093592,0,0,0,0,0,-1.21690821515847,0,0,0,0,0,0,0,0,-2.82634285928865,0,0,0,0,0,2.12645485710913,0.0450202831685953,0,-0.0754457770979626,0,0,0,0.185201524052568,-3.66912677610916,0,0,0,0,-0.370055816526751,0,0,0,0,0,0,0.646924153125191,-1.62249915047838,0,0.224409095958296,0,0,0,0,0,0,0,-0.451326318788704,0,0,0,0,0,0,-2.39824319705596,0.344748506481897,0,0,0,0,-1.23091609360226,0,0.729694406459366,0.0167662541676272,0,0.394047573489811,0,0,0.0352332374569726,-0.472591620278412,0,-0.874454407453304,1.72362830394356,0,0.0966224891700866,0,0,0,0,0,0,0,0,0,0,0,0,0
0,0,0,0,0,0,0,0,0,0,0,0,0,0,0,0,0,0,0,0,0,-0.83988520958482,0,0,0,0,-0.583338943646601,0,0,0,0,0,0,0,0,0,0,0,0,0,0,0,0,0,0,0,0,0,0,0,0,0,0,0,0,0,0,0,0,0,0,0,0,0,0,0,0,0,0,0,0,0,0,0,0,0,0,0,0,0,0,0,0,0,0,0.516318067862571,0,0,0,-0.0670446708109453,0,0,0,0,0,0,0,0,0,0,0,0,0,0,0,0.205081552250437,0,0,0,0,0,0,0,0,0,0,0,0.0710763803591363,0,0,0,0,0,0,0,0,0,-0.158783284106299,0,0,-0.528846591096053,0,0,0,0,0,0,0,0,0,0,0,0,0,0,0,0,0,0,0,0,0,0,0,0,0,0,0,0,0,0,0,0,0,0,0,-0.177048574896557,0,0.178148875733969,0,0,0,0,-0.350105213885745,0,0,0,0,0,0,0,0,0,0,0,0,0,0,0,-0.333779227335745,0,0,0,0,0.166037889568317,0,-0.0289128439339932,0.106909275428068,0,0
0,0.366630785544571,0,0,0,0,0,0,0,0,0,0,0,0,-0.0712602162333857,0,0,0,0,1.27653561115487,0,-1.0083193525419,0,0,0.105467674127496,0,-0.168422384876485,0,-0.0805561901957768,0,0,0,0,0,0,0,0,0,0,0,0,0,0,0,0,-0.444462880267375,0,0,0,0,0,-0.722710858323275,0,0,0,0,0,0,0,0.541844592006578,0,1.34375755233944,0,0.546362402959858,0,0.0894016005825058,0,0,0,0,-0.00993756123384593,0,0,0,0,0,0,0,0,0,0,0,0,0,0,0,0,0,0.190867196343276,-1.43790568487207,0,0,0,0,0,0,0,0,0,0,3.21897120964593,0,0,0,0,0.0975551277447639,0,-0.364854233442879,0,0,0,0,0,0,0.027872811846295,0,0,0,0,0,0,0,0,0,0,0,-0.812776918241521,0,0,0,0,-0.347939600279308,0,0,0,-0.228935077877029,0,0,0,1.47492000818174,-0.0410718588364565,0,0,0,0,0,0,0,0,0.288422998723739,0,0,0,0,0,0,0,-1.76506215122411,0,-0.143118828825971,0,0.333372237811618,0.0280840138044827,0,0,0,0,0,0,0,0,0,-0.425369633595535,-0.608518618078864,-0.661055112502444,0,0,0.279293512210506,0,0,0,0,0,-1.00750571255046,0,0,0,-0.61995047985007,0,0,0,0,0.212752941401281,0,0.291316201258263,0,0,0,0,0
0,0,-0.131293244616371,0,0,0,0.278948331775298,0,0,0,-1.58127984048842,0,0,0,0,0,0,0,0,0,0,0,0,0,0,0,0,0,0,0,-0.0353576814993226,0,0,0,0,0,0,0,0,0,0,1.13007466944468,0,0,0,0,0,0,0,0,0,0,-0.237974247189068,0,0,0,0,0,0,0,0,0,0,0,0,0,0,0,0,0,0,0,0,0,0,0,0,0,0,0,0,0,0,0,0,0,0,0,0,0,0,0,0,0,0,0,0,0,0,0,0.139816294118249,0,0,-0.0314780726761106,0,0,0,0,0,0,0,0,0,0,0,0,0,0,0,0,0,0,0,0,0,0,0,0,0,0,0,0,0,0,0,0,0,0,0,0,0,0,0,-0.255750849030395,0,0,0,0.0134632295537516,0,0,0,0,0,0,0,0,0,0,0,0,0,0,0,0,0,0,0,0,0,0,0,0,0,0,0,0,0,0,0,0,0,0,0,0,0,0,0,0,0,0,0,0,0,0,0,0,0,0,0,0.207599330828193
0,0,0,0,0,0,0,0,0,0,0,0,0,0,0,0,0,0,0,0,0,0,0,0,0,0,0,0,0,0,0,0,0,0,0,0,0,0,0,0,0,0.360391116193962,0,0,0,0,0,0,0,0,0,0,0,0,0,0,0,0,0,0,0,0,0,0,0,0,0,0,0,0,0,0,0,0,0,0,0,0,0,0,0,0,0,0,0,0,0,0,0,0,0,0,0,0,0,0,0,0,0,0,0,0,0,0,0,0,0,0,0,0,0,0,0,0,0,0,0,0,0,0,0,0,0,0,0,0,0,0,0,0,0,0,0,0,0,0,0,0,0,0,0,0,0,0,0,0,0,0,0,0,0,0,0,0,0,0,0,0,0,0,0,0,0,0,0,0,0,0,0,0,0,0,0,0,0,0,0,0,0,0,0,0,0,0,0,0,0,0,0,0,0,0,0,0,0,0,0,0,0.306798045746846,0
0,0,0,0,0,0,0,0,0,0,0,0,0,0,0,0,0,0,0,0,0,0,0,0,0,-1.10435917766916,0,0,-0.11292560875134,0,0,0,0,0,0,0,0,0,0,0,0,0.774674451550513,0,-1.43101772241937,0,0,0,0,0,0,0,0,0,0,0,0,0,0,0,0,0,0,0,0,0,0,0,0,0,0,0,0,0,0,0,0,0,0,0,0,0,0,0,0,0,0,0,0,0,0,0,0,0,0,0,0,0,0,0,0,0,0,0,0,0,0,0,0,0,0,0,0,0,0,0,0,0,0,0,0,0,0,0,0,0,0,0,0,0,0,0,0,0,0,0,0,0,0,0,0,0,0,0,0,0,0,0,0.392960800763962,0,0,0,0,0,0,0.386656204848154,0,0,0,0,0,0,0,-0.231804937893979,0,0,0,0,0,0,0,0,0,0,0,0,0,0,0,0,0,0,0,-0.0641926701407241,0,0,0,0,0,0,0,0,0,0,0,0,0,0,0,0.727979647322391,0.184705217225982
0,0,0,0,0,0,0,0,0,0,0,0,0,0,0,0,0,0,0,0,0,0,0,0,0,0,0,0,0,0,-0.282927310669805,0,0,0,0,0,0,0,0,0,0,0,0,0,0,0,-0.197515820032265,0,0,0,0,0,0,0,0,0,0,0,0,0,0,0,0,0,0,0,0,0,0,0,0,0,0,0,0,0,0,0,0,0,0,0,0,0,0,0,0,0,0,0,0,0,0,0,0,0,0,0,0,0,0,0,0,0,0,0,0,0,0,0,0,0,0,0,0,0,0,0,0,0,0,0,0,0,0,0,0,0,0,0,0,0,0,0,0,0,0,0,0,0,0,0,0,0,0,0,0,0,0,0,0,0,0,0,0,0,0,0,0,0,0,0,0,0,0,0,0,0,0,0,0,0,0,0,0,0,0,0,0,0,0,0,0,0,0,0,0,0,0,0,0,0,0,0,0,0,0,0,0,0
0,0,0.229558892569803,0,0,0,0,0,0,0,0,0,0,0,0,0,0,0,0,0,0,-0.182333358124581,0,0,0,0,0,0,0,0,-0.154473597016854,0,0,-0.296689913961347,0,0,0,0,0,0,0,0,0,0,0,0,1.16800133806183,0,0,0,0,0,0,0,0,0,-0.255893439729137,0,0,0,0,0,0,0,0,0,0,0,0,0,0,0,0,0,-0.202183714244886,0,0,0,0,0,0,0,0,0,0,0,0,0,0,0,0,0.778254222399383,0,-0.0225973671926334,0,0,0,0,0,0,0,0,0,0,0,0.373312785213646,0,0,0,0,0,0,0,0,0,0,0,0,0,0,0,0,0,0,0,0,0,0,0.0233311773323379,1.19482389468783,0,0,0,0,0,0,-0.177139778362637,0,0,0.880892620349204,-0.452718086910579,0,0,0,0,0,0,0,0,0,0,0,0,0,0,0,0,0,0,0,0,0,0,0,0,0,0,0,0,0,0,0,0,0,0,0.700898869972521,0,0,0,0,0,0.655310293393523,0,0,0,0,0,0.0833118596406548,0,0,0,0,0,0.270004038155564,0,0,0,-0.849265546098442,0.576097650937422,0
0,0,0.0676542130602955,0,0,0,-0.26634539187326,0,0,0,0.160333898015383,0,0,0,0,0,0.155285937916879,0,0,0,-0.0590591552659803,0,0,0,0,0,0,0,0,0,-2.01142161909419,0,0,-0.148149747929414,0,0,0,0,0,0,0,0,0,0,0,0,0,0,0,0,0,0,0,0,0,0,0,0,0,0,0,0,0,0,0,0,0,-0.0348787332291765,0,0,0,0,0,0,0,0,0,0,0,0,0,0,0.526065999992605,0,0,0,0,0,0,0,0,1.93614121298629,0,-0.116028977806104,0,0,0,0,0,0,0,0,0,0.250688588688678,0,0.412043649543615,0,0,0,0,0,0,0,0,0,0,0,0,0,0,0,0,0.857806896790245,0,0,0,0,0,0,2.58369240868324,0,0,0,0,0,0.265327663938557,-1.14596127099648,0,0,0.111659277281973,0,0,0,0,0,0,0,0,0,0,0,0,0,0,0,0.122465474783705,0,0,0,0,0,0,0,0,0,0,0,0,0,0,0.1142586123212,0,0,0,0,1.13674044790899,0,0,0,0.0867922738744102,0,0,0,0,-1.13786948615921,0,0,-0.239527666574151,0,0,0,0,0,2.08083350942032,0,0,0,-0.295801130953838,0,0
0,0,0.180719649754869,0,0,0,0,-0.581232280783407,0,0,0,0,0,0.420747366416327,0,0,0,0,0,0,0,0,0,0,0.19829896185669,-0.370435172191538,0,0,0,0,-1.01534691886665,0,0,0,0,0,0,0,0,0,0,0.105905339625683,0,0,0,0,1.53557693812036,0,0,0,0,0,0,0,0,0,0,0,0,0,0,0,0,0,0,0,0,0,0,0,0,0,-0.655204508717945,0,0,0,0,-0.131177230817314,0,0,0,0.272744086101294,0,0,0,0,0,0,0,0.710304337610526,0,2.22769603297403,0,0,0,-0.99429336230947,0,0,0,0,-0.49540443049002,0,0,0,0,2.66211963217631,0,0,0,0,0,0,0,0,0,0,0,0.219907794246341,-0.809348814787186,0.549592911909264,0,0,1.27088213199145,0,0,0,0,0,0,1.1595731677694,0,0,0,0,0.142218844222654,0,-0.538645669540908,0,0,0,0,0,0,0,0,0,0,0,-0.464946579995852,0,0,0,0,0,1.71049094281949,0,0,0,0,-0.754523562269438,0,0,0.899111901801214,0,0,0,0,0,0,0,0,0,0,0,0,1.31034664910029,0,0,0,0,0,0,0,-0.507685757537804,0,0,0,0,0,0,0,0,-0.0561109087144047,0,1.06880666227253,0,0,-1.18832279052513,0,-0.0413248681852489
0,0,0.957294725965429,0,0,0,0,0,0.401223800972998,1.0737943555045,0,0,0,0,0,0,0,0.393471444640242,0,0,0,0,0,0,0,0,0,0,0,0,-0.528784115177746,0,0,0,0,0,-0.00491390272707526,0,0,0,0,0,0,0.767956747420962,0,0,0,0,0,0,0,0,-0.106806057255129,0,0,0,0,0,0,0,0,0,0,0,0,0,0,0,0,0,0,0,0,0,0,0,0,0,0,-0.666062098928012,0,0,0,0,0,0,0,0,0,0,0,3.62348606229668,0,0,0,-0.524845118649147,0,0,0,0,0,0,0,0,0,0.463003380966372,0,0,0,0,0,0,0,0,0,0,0,0,0,0,0,0,0.35625433340361,0,0,0,0,0,0,1.09030073734486,0,0,0,0,0.134146840549915,0.215293269427881,-0.412881273992318,0,0,0,0,0,0,0,0,0,0,0,0,0,0,0,0,0,0.211102293905213,0,0,0,0,0,0,0,0,0,0,0,0,0,0,0,0,0,0,0.779842454961237,0,0.921838919906816,0,-0.414983972447717,0,0,0,0,0,0,0,0,0,0.294794490460338,0,0,0,0,-1.05706278165367,0,0,0,0,-1.40608879373425,0,0
0,0,1.4497355625252,0,0,0,-0.587683363533869,0,0,0.723702599746019,0,0,0,0,0,0,0,0,0,0,0,0,0,0,0,0,0,0,0,0,-1.11014743943117,0,0,0,0,0,-0.219537435900133,0,0,0,0,0,0,0,0,0,0,-0.0842436436998135,0,0,0,0,0,0,0,0,0,0,0,0,0,0,0,0,0,0,0,0,0,0,0,0,0,0,0,0,0,0,0,-0.0776689468468357,0,0,0,0,0,0,0,0,0,0,0,2.64491798178775,0,0,0.524896344875234,0,0,0,0,0,0,0,0,0,0,0,0,0,0,0,0,0,0,0,0,0,0,0,0,0,0,0,0,0,0,0,0,0,0,1.68824279720664,0,0,0,0,0.463512580174873,0.0948185127856469,0,0,0,0,0,0,0,0,0,0,0,0,0,0,0,0,0,0,0.048290688422199,0,0,0,0,0,0,-0.0891050257605599,0,-1.2934842263588,0,0,0,0,0,0,0.0409269376428461,0,0,0,0,1.59278098611465,0,0,0,0,0,0,0,0,0,0,0,0,0,0.0702747993034192,0.322262340851795,0,-1.57316844397659,0,0,0,0,0,0,0
0,0,0,0,0,0,0,0,0,0.0249167285396568,0,0,0,0,0.0230745606559486,0,0,0,0,-0.0254204609358057,0,0,0,0,0,0,0,0,0,0,0,0,0,0,0,0,0,0,0,0,0,0,0,0,0,0,0,-0.104136813262475,0,0,0,0,0,0,0,0,0.0280485067527052,0,0,0,0,0,0,0,0,0,0,0,0,0,0,0,0,0,0,0,0,0,0,0,0,0,0,0,0,0,0,0,0,0,0,1.54712766153293,0,0,0,0,0,0.220237357745221,0,0,0,0,0,0,0,0,0,0,0,0,0,0,0,0,0,0,0,0,0,0,0,0,0.0447835218271613,0,0,0,-0.505913523228628,0,0,0,0,0,0,0,0,0,0,0,0,0,-0.301474891443913,0,0,0,0,0,0,-0.623855258924212,0,0,0,0,0,0,0,0,0,0,0,0,0,0,0,0,0,0,-0.83965571384468,0,0,0,0.353849831868975,0,0,-0.163714853421703,0,0,0,0,0,0,0,0,0,0,0,-0.284980407863995,0,0,0,0.203982458084835,0,0,-4.34568470486611,0,0,0,0,0,0,0
0,0,-1.08070150917952,0,0,0,0,0,0,0,0,0,0,-0.0308907508413772,0.591798369066773,0.14927302910544,0,0,0,0,0,-0.409071630258551,0,0,-0.379540026077333,0,0,0,0,0,0,0,0,-0.00156469412627702,0,0,-0.00896176455553133,0.579321419375297,0,0,0,1.11052956549721,0,0,0,0.340538077229905,1.51159040115339,-0.509642624745275,0,0,0,0,-0.0508023331115168,0.862157645258329,0,0,-0.27368746572428,0,0,0,0,0,0,0,0,0,0,0,0,0,0.0454987593484579,0,0,0,1.21722266230523,0,0,0,0,0,4.21514719752759,0.65686018248288,0,0.631696321635066,-0.362213043632976,0,0,0,0.347020119581581,0,0,0.636422147407824,0.224251782382989,0,0.358760102778161,0,-1.57239520036481,0.857504971325821,-1.0153592920944,0,0,0,0,0,0,0,0,0,1.1407658856146,0,0,0,-1.08244952404388,0,0,0,0,0.527045087738963,0,0,-0.36331277708661,-0.578402128055843,0.988358049297914,0,0,0,0,0,-0.168348219998959,1.40723119872653,0.0997678443076764,0,0,0,0,0,0,-0.029752805604232,0,0,0,-1.70561696148503,0,0,0,0,0,-1.16165719495672,0.144076419162703,0,0,0,0,0,-3.04976729711717,0,0,0,0,0,0,1.99663465375824,0.864315971089202,1.51167686846887,0,0,0,0,0,0,0.859881473296096,0,0,-1.31353336690443,-0.362747100854057,0,-1.40828907719487,0,0,0,0,0,0,-0.232976571878519,0,-2.19934230428651,0,0,0,0,0,0,-2.54321389092228,0,1.20608537492,0,0,0,0,0.565472425400892
0,0,0,0,0.00591260993434073,0,0.129458018303226,0,0,0,-0.722084094799453,0,0,0,0,0,0,0,0,0,0,-0.25453184241965,0,0,0,0,0,0,-0.352180189906574,0.0672679353944874,0,0,0,0,0,0,0,0,0,0,0,0.542351861411336,0,0,0.0319073874457894,0,0,0,0,0,0,0,0,0,0,0,0,-0.304781205715474,0,0,-0.279954997439386,0,0,0,0.0866143082812565,0,0,0,0,0,0,0,0,0,0,0,0,0,0,0,0,0,0,0,0,0,0,0,0,0,0,0,0,0,0,0,0,0,0,0,0,0,0,0,0,0,0,0,0,0,0,0.900534277542359,0,0,0,-1.05370402514485,0,0,0,0,0,0,0,0,0,0,0,0,0,0,0,0,0,0,0,0,0,0,0,0,-0.289096974805663,0,0,0,0,0,0,0,0,0,0,0,0,0.266888369677283,0,0,0,0,0,0,0,0,0,0,0,0,0,0,0,0,0,0,0,0,0,0,0,0,0,0,0,0,0,0,0.534684299016829,0,0,0,0,0,0,0,0,0,0,0,0,0,0,0
0,0,0,0,0,0,0.41345962201823,0,0,0,0.00792147134494825,0,0,0,0,0,0,0,0,0,0,0,0,0,0,0.319725542728852,0,0,0.00120041740678256,0,0,0,0,-0.0397895351939297,0,0,0,-0.0634877447713442,0,0,0,0,0,0,0,0,0,0,0,0,0,0,0,0,0,0,0,0,0,0,0,0,0,0,0,0,0,0,0,0,-0.741080621165767,0,0.526734161190195,0,0,0,0,0,0,0,0,0,0,0,0,0,0,0,0,-0.23305784394927,0,0,0,0,0,0,0,0,0,0,0,0.502475352808951,-0.189634890756003,0,0,0,0,0,0,0,0,0.187377905694164,0,0,-0.31703191242313,-1.39826793115775,0,0,0,0,0,0,0.721260200198219,0,0,0,0,0,0,0,0,0,0.313603620177965,0,0,0,0,0,0,0,0,0,0,0,0,0.0993714656234903,0,0,0,0,0,0,0,0,0,0,0,0,0,0,0,-0.769375911669811,0,0,0,0,0,-0.591796160286414,0,0,0,0,0,0,0.06338119336802,0,0,0,0,0,0,0,0,0,0,0.0308077286167232,0,0,0,0,0,0,0.23531141831341,0,0.323035042498835,0,0,0,0,0.335541786739178
0,0,-0.463561122991447,0,0,0,0.19864034680715,0,0,-0.606062005610353,0,0,0,0,0,0,0,0,0,0,0,0,0,0,0,0,0,0,0,0,0,0,0,0.0461644392192089,0,0,0,0,0,0,0,3.07229598394259,0,0,0,0,0,0,0,0.23950421967694,0,0,0,0,0,0,0,0,0,0,0,0,0,0,0,-0.109335276473152,-0.470530795057156,0.0655278709523683,0,0,0,0,0,0,0,0,0,0,0,0,0,0,0,-1.05904554681622,0,-0.504247768204625,0,-0.164497812928545,0,-0.170250722497672,0,0,0,0,0,0,0,0,0,0,0,0,0,-0.0393046844986706,0,0,0,0,-0.391721589570891,0,0,0.330288021091554,0,0,0,0,0,0,0,0,0.954111897118835,0,0,0,0,0,0,0,0.0850314589932564,0,-1.08746985130355,0,0,0,0,0,0,0,0,0,0,0,0,0,0,0,0,-0.415203360378362,0,0,-0.281521847493698,0,0,0,0,-0.0335816297803819,-0.445094981087417,0,0,0.357129857791938,0.497032989662354,0,0,0,0,0,0,0,0,0,0,0,0,0,0,-0.148292205814929,0,0,0,0,0,0,0,0,0,0,0,0,0,0.939303199070739,0,0,0,0,0,0,0,-0.408348030790583,0,0.00306924990882784
0,0,0,0,0.204150792824104,0,0,0,0,0,0,0,0,0,0,0,0,0,0,0,0,0,0,0,0,0,0,0,0,0,0.190533650068295,0,0,0,0,0,0,0,0,0,0,6.12328450262765,0,0,0,0,0,0,0,0,0,0,0,0,0,0,0,0,0,0,0,0,0.111235701572871,0,0,0,0,0,0,0,0,0,0,0,0,0,0,0,0,0,0,0,0,0,0,0,0,0,0,0,0,0,0,0,0,0,0,0,0,0,0,0,0,0,0,0,0,0,0,0,0,0,0,0,0,0,0,0,0,0,0,0,0,0,0,0,0,0,0,0,0,0,0,0,0,0,0,0,0,0,0,0,0,0,0,0,0,0,0,0,0,0,0,0,0,0,0,0,0,0,0,0,0,0,0,0,0,-0.238156761046376,0,0,0,0,0,0,0,0,0,0,0,0,0,0,0,0,0,0,0,0,0,0,0,0,0,0,0,0,0,0,0,0
0,0,0,0,0,0,0.81673973546122,0,0,0,0,0,0,0,0.238969792072905,0,0,0,0,0,0,0,0,0,0,0,0,0,0,0,-1.37617207409863,0,0,0,0,0,0,0,0,0,0,6.14715750610605,0,-0.257459650190455,0,-1.20254338660746,0.30298576490239,0,0,0,0,0,0.0228810018878196,0.084234441101279,0,0,0,0,0,0,0,0,0,0,0,0,0,0.522232740531033,0,0,0,0,0,0,0,0,0,0,0,1.30855021808423,0,0,0,0,0,0,0,0,0,0,0,0,0,0,0,0,0,0,0,0,-0.370919955452712,-0.279024765991424,0,0,0,0.25050268496539,0,-0.529186997112719,0,0,0,0,0,0,0,0,0,0,0,0,0,0,0,0,0,0,0,0,0,0,0,0,0,0,0,0,0,0,0,0,0,0,0,0,0,0,0,0,0,0,0,0,0,0,0,0,0,0,0,0,0,0,-0.492615478483785,-0.121433605223341,0,0.0224049291059765,0,0,0,0,0,0,0,0,0,0,0,0,0,0,0,0,0,0,0,0,0,0,0,0.186514478164887,0,0,0,0,0,0,0,0,2.83728344501984,-0.542068451564365
0,0,0,0,0,0,0,0,0,0,0,0.178500211221625,0,0,0,0,0,0,0,0,0,0,0,0,0,0,0,0,0,0,0,0,0,0,0,0,0,0,0,0,0,8.03111826631088,0,0,0,0,0,0,0,0,0,0,0,0,0,0,0,0,0,0,0,0,0,0,0,0,0,0,0,0,-0.8397483529882,0,0,0,0,0,0,0,0,0,0,0,0,0,0,0,0,0,0,0,0,0,0,0,-0.326499219920881,0,0,0,0,-0.4440428720251,0,0,0,0,0,0.0404212920030285,0,0,0,0,0,0,0,0,0,0,0,0,0,0,0,-0.642712948254522,0.0528901761715475,0,0,0,0,0,0,0,0,0,0,0,0,0,0,0,0,-1.42476571738925,0,0,0,0,0,0,0,0,0,0,0,0,0,0,0,0,0,0,0,0,0,0,0,0,0,0,0,0,0,0,0,0,0,0,0,0,0.113121084536638,0,0,0,0,0,0,0,0,0,0,0,0,0,0,0,0,0,0,0,0,0,0,0
0,0,0,0,0,0,0,0,-0.0196320401550372,0,-0.632515779070062,0,0,0,0,0,0,0,0,0,0,0,0,0,0,0,0,0,0,0,0,0,0,0,0,0,0,0,0,0,0,8.20687986714249,0,0,0,0,-0.491179444760621,0,0,0,0,0,0.0952308429700639,0,0,0,0,0,0,0,0,0,0,0,0,0,0,0,0,0,0,0,0,0,0,0,0,0,0,0.197239546178632,0,0,0,0.378257419000299,0,0,0,0,0,0,0.280039730164216,0,0,0,0,0,0,0,0,0,0,0,0,0,0,0,0,0,0,0,0,0,0,0,0,0,0,0,0,0,0,0,0,0,0,0,0,0,0,0,0,0,0,0,0,0,0,0,0,0,0,0,0,0,0,0,0,0,0,0,0,0,0,0,0,0,0,0,0,0,0,0,0,0,0,0,0,0,0,0,0,0,0,0,0,0,0,0,0,0,0,0,0,0,0,0,0,0,0,0,0,0,0,0,0,0,0,0,0,0
0,-0.10258135781127,0,0,0,0,0.205162588518583,0,0,0,0,0,0,0,0,0,0,0,0,0,0,0,0,0,0,0,0,0,0,0,-0.0967560188052774,0,0,0,0,0,0,0,0,0,0,8.33658681650985,0,0,0,0,0,0,0,0,0,0,0.0269577051229455,0,0,0,0,0,0,0,0,0,0,0,0,0,0,0,0,0,0,0,0,0,0,0,0,0,0,0,0,0,0,0,0,0,0,0,0,0,0,0,0,0,0,0,0,0,0,0,0,0,0,0,0,0,0,0,0,0,0,0.43404986486179,0,0,0,0,0,0,0,0,0,0,0,0,0,0,0,0,0,0,0,0,0,0,0,0,0,0,0,0,0,0,0,0,0,0,0,0,0,0,0,0,0,0,0,0,0,0,0,0,0,0,0.123256648361749,0,0,0,0,0,0,0,0,0,0,0,0,0,0,0,0,0,0,0,0,0,0,0,0,0,0,0,0,0,0,0,0,0,0,0,0,0
0,0,0,0,0,0,0,-0.297593889285724,0,0,0,0,0,0,0,0,0,0,0,0,0,0,0,0,0,0,0,0,0,0,0.49023719692923,0.0184284612612877,0,0,0,0,0,0,0,0,0,8.35171026837653,0,0,0,0,0,0,0,0,0,0,0,0,0,0,0,0,0,0,0,0,0.522643072384005,0,0,0,0,-0.0392371992941882,0,0,0,0,0,0,0,0,0,0,0,0,0,0,0,0,0,0,0,0,0,0,0,0,0,0,0,0,0,0,0,0,0,0,0,0,0,0.372240437155944,0,0,0,0,0,0,0,0,0,0,0,0.141668034585555,0,0,0,0,0,0,0,0,0,0,0,0,0,0,0,0,0.0422302234805014,0,0,0,0,0,0,0,0,0,0,0,0,0,0,0,0,0,0,0,0,0,0,0,0,0,0,0,0,0,0,0,0,0,0,0,0,0,0,0,0,0,0,0,0,0,0,0,0,0,0,0,0,0,0,0,0,0,0,0,0,0,0,0,0.108881838685249,0
0,0,0,0,0,0,0,0,0,0,0,0,0,0,0,0,0,0,0,0,0,0,0,0,0,0,0,0,0,0,0,0,0,0,0,0,0,0,0,0,0,7.36669654999299,0,0,0,0,-2.78922928098429,0,0,0,0,0,0.388829229803245,0,0,0,0,0,0,0,0,0,0.62443726740146,0,0,0,0,0,0,0,-0.423222845875315,0,0,0,0,0,0,0,0,0.320094471030693,0,0,0,0,0,0,0,0,0,0,0,0,0,0,0,0,0,0,0,0,0.627673765942975,0,0,0,0,0,0,0,0,0,0,0,0,0,0,0,0,0,0,0,0,-0.601103702940506,0,0,0,0,-0.44271417992017,0,0,0,0,0,0,0,0,0,0,0,0,0,0,0,0,0.572225884278906,0,0,0,0,-0.16654006935668,0,0,0,0,0,0,0,0,0,0,0,0,0,0,0,0,0,0,0,0,0,-0.323770633324173,0,0,0,0,0,0,0,0,0,0,0,0,-0.165736737183029,0,0,0,0,0,0,0,0,0,0,0,0,0,0,0,0
0,0,0,0,0,0,0,0,0,0,0,0,0,0,0,0,0,0,0,0,0,0,0,0,0,0,0,0,0,0,0,0,0,0,0,0,0,0,0,0,0,8.88964617705682,0,0.586306538913696,-0.530191469758028,0,0,0,0,0,0,0,0.379429636537173,0,0,0,0,0,0,0,0,0,0,0,0,0,0,0.239244850385518,0,0,0,0,0,0,0,0,0,0,0,0,0,0,0,0,0,0,0,0,0,0,0,0,0,0,-0.0253427454093305,0,0,0,0,0,0,0,0,0,0,0,0,0,0,0,0,0,0,0,0,0,0,0,0,0,0,0,0,0,0,0,0,0,0,0,0,0,0,0,0,0,0,0,0,0,0,0,0,0,0,0,0,0,0,0,0,0,0,0,0,0,0,0,0,0,0,0,0,0,0,0,0,-0.348818581096501,0,0,0,0,0,0,0,0,0,0,0,0,0,0,0,0,0,0,0,-0.0706180751221523,0,0,0,0,0,0,0.274834258824714,0,0,-0.17459837735557,0,0
0,0,0,0,0,0,0,0,0,0,-1.42695700963942,0,0,0,0,0,0,0,0,0,0,0,0,0,0,0,0,0,0,0,0,0,0,0,0,0,0,0,0,0,0,12.2713597521059,0,0,2.20030541847324,0,0,0,0,0,0,0,2.29226066031229,0,0,0,0,0,0,0,0,0,0,0,0,0,0,0,0,0,0,0,0,0,0,0,0,0,0,0,0,0,0,0,0,0,0,0,0,0,-0.0274613004255719,0,0,0,0,0,0,0,0,0,0,0,0,0,0,0,0,0,0,0,0,0,0,0,0,0,0,0,0,0,0,-0.305074107740236,0,0,0,0,0,0,-1.00952529513751,0,0,0,0,0,0,0,0,0,0,0,0,0,0,0,0,0,0,0,0,0,0,-0.488385070446631,0,-0.135649032894925,0,0,0,0,0,0,0,0,0,0,0,0,0,0,0,0,-0.281278171278645,0,0,-0.515524710552009,0,-0.173788210883274,0,0,0,0,0,0,0,0,0,0,0,0,0,0,0,0,0,0,0,0,0,0,-0.662878052612759,0
0,0,0,0,0,0,0,0,0,0,0.291131682532413,0,0,0,0,0,0,0,0,0,-0.0395097228480052,0,0,0,0,0,0,0,0,0,0,0,0,0,0,0,0,0,0,0,0,12.9318059324107,0,0,0,0,0,0,0,0,0,0,1.69242373355582,0,0,0,0,0,0,0,0,0,0,0,0,0,0,0.130731703883802,0,0,-1.08303540306739,0,0,0,0,0,0,0,0,0,0,0,0,0,0,0,0,0,0,0.173473141667884,0,0,-0.0821764617670264,0,0,-0.421898082268355,0,0.674965777255163,0,0,0,0,0,0,0,0,0,0,0,0,0,0,0,0,0,0,0,0,0.0185624026941063,0,0,0,0,0,0,0,0,0,0,0,0,0,0,0,0,0,0,0,0,0,0,0,0,0,0,0,0,0,0,0,0,0,0,0,0,0,0,0,0.044587527677947,0,0,0,0,0,0,0,0,-1.51906138517183,0,0,0,0,0,0,0,0,0,0,0,0,0.0214754081314863,0,0,0,0,0,0,0,0,0,0,0,0,0,0,0,0,0,0,0
0,0,0,0,0,0,0,0,0,0,0,0,0,0,0,0,0,0,0,0,0,-1.02210211128611,0,0,0,0,0,0,0,0,0,0,0,0,0,0,0,0,0,0,0,0.460530463041761,0,0,0,0,0,0,0,0,0,0,0,0,0,0,0.305090177946642,0,0,0,0,0,0,0,0,0,0,0,0,0,0,0,0,0,0,0,0,0,0,0,0,0.419886623655986,0,0,0,0,0,0,0,0,-0.203426491158162,0,-0.0243489869917246,0,0,0,0,0,-0.385183980247374,0,0,2.64502789996952,0,0,0,0,0,0,0.203336419355925,0,0,0.130806395814845,0,0,0,0,0,0,0,0,0,0,0,0,0,0,0,0,0,0,-2.05001873323505,0.0453614832276994,0,0,0,-0.893544179274957,0,0,0,0,0,0,0,0,0,4.89924205849775,0,0,0,0,0,-0.0823553694721286,0,0,0,0,0,0,0,0,0,-1.29712050468049,0,0,0,0,0,0.283944186234772,0,0,0,0,0,0,0,0,0,0,0,0.129685576675275,0,0,0,0,0,0,0.628892873848033,0,0,0,0,0,0,-0.0569807080046005,0.513097730064219,0,0,0.491688515617031,0,-0.264490368449112
0,0,0.149793484262199,0,0,0,0,0,0,0,0,0,0.867311349431696,0,1.03862701778266,-0.176240530755374,-2.44001396709781,0,0,0,0,-0.293413080005247,0,0,0,0,0,0,0,0,0,0,0,0,0,-0.408351194340606,0,0,0,0.065744817662069,0,0,0,0,0,0,0,0,0,0,0,0,0.24075263388066,0,0,-0.357827636872637,0,0.174302327711334,0,0,0,0,0,0,0,1.5042451941494,0,0,0,0,0,0,0,0,0,0,0,0,0.178239226572756,1.165079480861,0,0,-0.688543972732905,0,0,0,0,0,0,0,0,0,-2.07822127400229,0,0,0,0,-0.0623099548496899,0,0,0,0,0,0,0,0,0,0,0,0,0,0,0.0383721106340411,0,0,0,0,0,0,1.17367469962283,0,0,0,0,0,0,-0.100753031239578,-0.179349772995125,0,0,0,0,2.01168333997255,0,-0.0382813778522963,0,0,0,0,0.936274190307866,-0.0341302407421273,0,0,0,0.00610034911824253,0,0,0.878732176857406,0,0,-1.05362329840375,0,0,0,0,0,0,0,0,-0.420094640938894,-0.000559609717054377,0,0,-0.561751405206739,0,0,-3.50939099578028,0,0,0,0,0,0,0,0,0,0,0,0,0,0,0,0,0,0.442846993359606,0,0,0,0,0,0,0,0,0,0.582244063142722,0,0,0,0,0
0,0,0.7496445296698,0,0,0,0,0,-1.90168357295932,0,0,0,0,0,0,0,-0.412119580951289,0,0,0,0,-1.01111279033656,0,0,0,0,-0.372066720791201,0.6685132252308,0,0,0,0,0,0.19579368465536,0,0,-0.703269643954176,0,4.04209130707752,0,0,0,0,0,0,0,0,0,0,0,0,0,0,0,0,0,0,-0.66767784550737,0,0,0,0,0,-0.986784323434339,0,0,0,0,0,0,0,0,0.00654191330654541,0,0,0,-0.577900614614488,0,0,0,-0.282669069628608,0,0,0,0,0,0,0,0,0,0,0.894157071216325,0,0,0,0,0,0,0,0,0,0,1.72618622275871,0,0,0,0,0,0,0,0,0,0,0.248203515209866,-1.34144560056997,0,0,0,0,0,0,0,-0.507437229971609,0,0,0,1.57138232235738,0,0,0,0,-0.242626362185044,1.58748971707557,0,0,0.063977862377441,0,0,0,0,0,0,0,0,0,0,0,0,0,0,0,0,0,2.01759924490754,0.455039934008582,0,0,0,0,0,0,0,0,0,0,0,0,0,-0.512582922168364,0,0,0.207994147906376,0,0,0,0.244949690675796,0,1.82460395226047,0,0,0,0,0,0,0.180992846613039,0,0.013035225762172,-0.652653145766391,0,0,0,0,0,0,-0.321059027215995,0,0,0,0,0
0,0.195612297455473,0,0,0.248789782017337,0,0,0,-1.17922108644587,0.0892527424887586,0,0,0,0,0,0,-1.05110379744225,0,0,0,0,-1.05002799142835,0,0,0,0,0,0,0,0,0.241033741149989,0,0,0,0,0.719986504812264,0,0,9.24650375131679,0.0187610387454085,0,0.228134554211151,0,0.238231580903152,0.497223642228529,0,0,0,0,0,0,0,-0.876079883348885,0,0,0,0,-1.04915810359221,0,0,0,0,0,-0.684572110652899,0,0,0,0,0,0,0,0,0,0,0,0,0,0,0,0,0,0,0,0,0,0,0,0.0915995511452807,0,0,0,0,0,0,0,0,0,0,0,0,0,0,0,-1.73511739107682,0,0,0,0,0,0,0,0,0,0,-0.270308345822723,0,0,0,0,0,0,0,-0.356784284773986,0,0,0,0,0,0,0,0,0,1.74920869594651,0,0,1.10279900393646,0,0,0,0,-0.673757346151539,0,0,0.00898187111701354,0,0,0,0,0,1.03926114334973,0,0,0,1.84900503494135,1.48280946225679,0,0,0,0,0,0,0,0,0,0,0,0,0,0,0,0,0,0,0,0,2.08892452175082,-1.26693506947025,0.763670880923084,0,0.351779515005894,0,-1.1531925300556,0,0,1.39450671197726,0,0,-0.090320753584219,0,0,1.11912242962035,0,0,0,-0.775507759492793,0,0,0,0,0
0,0.373891950683584,0.410937978324718,0,0,0,0,0,0,0,0,0,0,0,0,0,0,0,0,0,0,-0.548045815286688,0,0,0,0,0,0.303492562622006,0,-0.814705270073861,-0.191948153764513,0,0,0,0,-1.02171955356083,0,0,0,0,0,0,0,0,0,0,0,0,0,0,0,0,-0.597118575035278,0,0,0,0,0,0,0,0.403317341517852,0,0,0,0,0,0.644102395658635,0,0,0,0,0,0,0,0,2.39096575640419,0,-1.6055082702167,0,0,0,0,0,0,-0.0200830990619312,0,0,0,-0.067381133432765,0,0,0,0,0,0,-0.284612099610739,0,0,0,0,0,0,0,0,0,0.995195841099219,0,0,0,0.616805176189444,0,0,0,0,0,0,0,0,0,0,0,0,0,0,0,0,0,9.17985769178262,0,0,0,-1.76958427823595,1.15828698745148,0,0,0,0,0,0,-0.190688268259802,-0.424983022659073,0.066240498656905,0,0.80073300973727,0,0,0,0,0,0.225976991332401,0,0,0,0,0,0,0,0,-1.16620672306822,0,0,1.12609443420425,0,0,0,0,-1.25984410999453,0,0,0,0.298131143450751,0,0,0,0,0.0946903187705053,0,0,0,0,0,0,0,0,1.07699976830773,0,0,0,0,0,0,0,0.602876043112657,0.238575427682775,0,0,0,0,0,0
0,0,0,0,0,0,0,4.62334074371919,0,0,0,0,0,3.53719032144574,0,0,-0.117929736044924,0,0,-0.0433548360662146,-0.0313001082935143,-0.0142926961502807,0,0,0,0,0,0.0956872451667223,-0.19839430337691,0,0,0,0,0,0,0,0.44552182422933,0,0,0,0,0.355354740464221,0,0.967689738509042,-0.0417687300429834,0,0,0,-0.12808760756629,0,0,0,-0.0455877925057249,0,0,0,0,0,0,0,0,0.0293323383685387,0,0,-0.369510479427037,0,0,0,0,0,0,0,0,0,0,0,0,0,0,-1.39924506103019,0,0,0,0,0.34318708173425,0,0.595649574086552,0,-4.86090864555707,0,0.308151433361382,0,0,-0.0314411290705021,0,0,0,0,-0.242444952563597,0,-0.230436377159471,0,-0.24703065766971,-0.442934992200329,0,0,0,-0.0113343774937573,0,0.352375361017231,0,-0.412684502445129,0,0,0,0,0,0.547877072067539,0,0,0,-0.216948093249385,0,0,0,0,0,0,0.826214613774564,0,0,-0.922963414934499,0,0,0,0,0,0,0,0,0,0,0,0,0,0,0,0,0,0,0,0,0,0.700999768094557,0,0,0,0,0,0,0,0,-1.2915866816055,0,0,0,-0.170180385915447,0,0,0,0,-0.0831239678776243,0,0,0,0,0,0,0,0,0,0,0,-1.01639830121966,0,0,0,0.65145157887571,0,2.22850597541764,0.398245717314495,0,0,-0.132364823213788,-0.170856981264862,0,0,-0.0217717764180738,0,0
0,0,0,0,0,0,0,0,0,0,0,0,0,0,0,0,0,0,0,0,0,-0.214039195715678,0,0,0,0,0,0,0,0,-0.110065136592618,0,0,0,0,0,0,0,0,0,0,0,0,0,0,0,0,0,0,0,0,0,0,0,0,0,0,0,0,0,0,0,0,0,0,0,0,0,0,0,0,0,0,0,0,0,0,0,0,0,0,0,0,0,0,0,0,0,-3.45443808269081,0,0,0,0,0,0,0,0,0,0,0,0,0,-0.0729850902120701,0,0,0,0,0,0,0,0,0,0,0,0,0,0,0,0,0,0,0,0,0,0,0,0,0,0,0,-0.470101364630805,-0.298620045934544,0,0,0,0,0,0,0,0,0,0,0,0,0,0,0,0,0,0,0,0,0,0,0,0,0,0,0,0.438186397644092,0,0,0,0,0,0,-0.350102400291655,0,0,0,0,0,0,0,0,0,0,0,0,0,0,0.0490058174214927,0,0,0,0,0,0,0,0,0,0,0,0,0,0,0,0,0,0
0,0,0,0,0,0,0,0,0,0,-0.178223308650105,-0.495223207002389,0,0,0,0,-0.394935138953619,0,0,0,0,0,0,0.23865361316306,0,0,0,0,0.42835655663938,0,-0.755570002107294,0,0,0,0,0,0,0,0,0,0,0,0,0,-0.789922387635947,0,0,0,0,0,0,0,0,-0.51655211906122,0,0,0,1.62413888203067,0,0,0,0,0,0,0,-0.44433878163342,0,0,0,0,0,0,0,0,0,0,0,0,0,0,0,0,0,0,0.50767537334686,0,0,0,-10.347207842327,0,0,0,0,0,0,0,0,0,0,0,0,0,-0.108703902152908,0,0,0,0,0,0,0,0,0,0,0,0,-0.189942002679089,0,0,0,0,0,0,0.209237793455237,0,0,0,0,-0.197931506239407,0,0,0,-0.937879263399961,0,0,0,0,-0.121038960185348,0,0,0,0,0,0,0,0,0,0,0,0,0,-0.0617449593239607,0,0,0,0,0,0,0,0,0.857636621091491,0.0616720980047263,0,0,0,0,0,0,-0.060832787318986,0,0,0,0,0,0,0,0,-0.308385407376807,0,0,-0.183592099144391,0,0,0,0,0,0,0,0,-0.0232235239941465,0,0.0493634479207092,-0.176527320028668,0,0.188218299800725,0,0,0,0,0,0
0,0,0.351080818207441,0,0,0,0,-0.575557789831702,0,0,-1.06515999620816,0,0.123935816208251,0,0,0,0,0,0,0,0,-0.870952547520941,0,0,0,0,0,-0.517628624709306,-0.696607071339017,0.301230170868949,0,0,0,-0.260880576438371,0,0,0,0,0,0,0,0,0,0,0,0.182043727430457,0,0,0,0,0,-0.565276452281962,0,0,0,0,0,0,0,0,-0.73323088543651,0,0,-0.637067270233939,0,0,0,0,0,0,0,0,0,0,0,0,0,0.840051807733428,0,0,0,2.54045386111217,0,0,0,0,0,0,0,0,0,-0.393455803694843,0,0,0,0,0,0,0,0,1.91969532631539,0,1.62677069442004,0,0,0,0,0,0,0,0,-0.146488259082002,-0.196239251850325,0,1.32568089674694,0,0,0,0.294149246491251,-0.820997255853975,0,0,1.22262084479004,0,0,0,0.0523840033513299,0,0,-0.183549607378926,-1.1046028138079,0,0,0,0,0,0,0,0,0,0,0,0,0,0,0,0,0,0,0,0,0,0.296395759790693,0,0,0,0,0,-0.0303499653583548,-1.80847968275992,0,0,0,0,0,0,0,0,0,0,0,0,0,0,0,0,0.42378798209205,0,0,0,0,0,0,0,0,0,0,0,-0.546955562800854,0,-0.441961714179594,0,0,0,0,0,0,-0.0968291370897616,0,0
-0.0868305477595306,-0.158254743120047,2.54056803156067,0,0,0,-0.254347022024098,0,0,1.83211446955034,0,-0.286549375326863,0,0,0,0,0,0,0.88335278500928,0,0.104562818246877,-0.333487883085592,0.116058454570902,0,0,0,1.12586368722399,0,-0.251844415623273,1.20881547810942,0,0,0,0,0,0,0,0,0,0.690398792562484,1.23641130015261,0.346987572012797,0,0,0,0,-1.78398982188566,0,0,1.57770237373835,0,0,0,0,-1.02984246465286,0,0,1.00980001310637,0,0,-5.07077225957373,0,0,-1.62698659699119,0,0,-1.72416958629169,0,0,0,0,1.14003460168051,0,0,0,0,0,0,-0.217719686190263,0,0,10.6117200058725,0,1.40249616861845,0,0,0,0,0,0,0.128596518020829,-0.471790448322124,-0.418111604294237,0,1.89982786882072,0,0,-1.70663408040805,0,0,0.500520307807466,-4.40660932190757,4.05389595235972,0,0,0,0,0,0,0,0,-1.15479049207183,0,-0.131510143832198,0,0,0,0,0,-3.42553022314828,0,0,2.54180266598063,0,0,0,0,-0.821249437619582,-0.186291188246551,-3.90369196375774,-3.48342266476512,0,0,0,0,-0.425552089149474,0,0,0,0,1.24873255447569,0.49162568052564,0,-0.172585137014446,0,0,0,0,0,0,-0.0941876692598345,0,0,-0.878298614860327,0,0,0,0,-1.72745846463991,-3.11240507990184,0,0,0,0,0,0,0,0,0,0,0,-1.00273768306057,0,0.849621685984065,2.41841668987993,0,1.51119062083718,0,0,0.47001917241773,-1.65042427539274,0,0,0,0,0.398171461940982,1.41784125837002,0,0.0951336136566054,0,-1.20327752801132,0,0,2.05127905510501,0.320781803272271,0,-0.439060001047769,0,0,0
0,0,0,0,0,0,0,0,0,0,0,0,0,0,0,0,0,0,0,0,0,-0.281784433436012,0,0,0.424700054859576,0,0,0,0,0,0,0,0,0,0,0,0,0,0,0,0,0,0,0,0.514065368196106,0,0,0,0,0,0,0,0,0,0,0,0,0,0,0,0,0,0,0,0,0,0,0,0,0,-0.0208525897447305,0,0,0,0,0,0,0,-0.0266234655997963,0,0,0,0,0,0,0,0,0,0,0,0,0,0,0,0,0,0,0,0,0,0.587409889195164,0,0,0,0,0,0,-0.445159095797193,0,0,0,0,0,0,0,0,0,0,0,0,0,0,-0.0442390645172557,0,0,0,0,0,0,0,-0.455984819369035,0,0,0,0,0,0,0,0,0,0,0,0,0,0,0,0,0,0,0,0,0,0,0,0,0,0,0,0,0,0,0,0,0,0,0,0,0,0,0,0,0,0,0,0,0,0,0,0,0,0,0,0,0,0.246081971589431,0,0,0,0,0.0715594650588129,0,0,-0.197938206463815,0,0,0,0,0,0.386149246778471,0
0,0,0,0,0.804111499790719,0.171293434494521,0,0,0,-0.110118883207382,0,0,0,0,0,0,0,0,0,-0.0534622261294218,0,0,0,0,0,-0.032462027442369,0,0,0,0,0,0,0,0,0,0,0,0,0,0,0,0,0,0,0,0,0,0,0,0,0,0,0,0,0,0,0,0,0,0,0,-0.604364423030708,0,0,0,0,-0.327410373349648,0,0,0,0,0,0,0,0,0,0,0,0,0,0,0,0,0,0,0,0,0,0,0,0,0,0,0,0,0,0,0,0,-0.0530811681762067,0,0,-0.343796515110232,0,0,0,0,0,-1.10217541753456,0,0,0,0,0,0,0,0,0,0,1.53095153071214,0,0,0.662215230890471,0,0,0,0,-0.00563931536439166,0,0,-0.792618733676797,0.802435792188458,0,0,0,0,0,0,0,0,0,0,0,0,0,0,0,0,0,-0.241756875249318,0,0,0,0.15796172502056,0,0,0,0,0,0,0.5900271605924,0,0,0,0,0,0,0,0,0,0.19683682873303,0,0,0,0,0,0,0,0,0,0,0,0,0,0.388184843585083,0,0,0,0,0,0,0,-8.74267159299838,0,0,0,0,0,0,0
0,0.012371613076398,0,0,0,0,0,0,0,0,0,0,0,0,0,0,0,0,0,1.6243434508568,0,0,0,0,0.0981898863291162,0,-0.231172757498187,0,0,0,0,0,0,-0.369535581108394,0,0,0,0,0,0,0,0,0,0,0,0,0,0,0,0,0,0,0,0,0,0,-0.110913752272131,0,0,0,0,0,0,0,0.221923271413895,0.0082929087436785,0,0,0.139850708894314,0,0,0,0.0491992340059131,0,0,0,0,0,0,0,0,0,0,0,0,0,0,0,0,0,0,-1.06971821593216,0,0,0,-1.77078019533104,0,-0.0139201833538196,0,-0.634315001916923,0,0,-0.729693941943712,0,0.0208412593885867,0,0,0,0,0,0,0,0,-0.343670586354943,0,0,0,0,0,0,0.308319830086208,0,0,0,0,0,0,-1.26754751720372,0,0,0,-1.67878440676685,0,0,0,0,-0.103688072829949,0,0,0,0,0,0,0,-0.381522419953575,0,0,0,0,0,0,0,0,0,0,0,0,0,0,0.206217491817416,-0.2128911596131,-1.16638185157236,0,0,0,0,0,0,0,0,-0.685303880068845,0.0907247898783521,0,0,0,0,1.12344493059735,0,0.146214888614571,0,0,0,-0.804887154143324,0,0,0,0,-0.144054315753748,0,-0.887409791568046,0,0,-0.180633522823332,0,0,0,0,0,0,-1.30706102104267
0,0,0,0,0,0,0,0,0,0,0,0,0,0,0,0,0,0,0,0.980782669155814,0,0,0,0,0,-0.1443967057683,0,0,0,0,0,0,-0.0146207269495409,-0.43105139601838,0,0,0,0,0,0,0,0,0,0,0,0,0,0,0,0,0,0,-0.372145759443363,0,0,0,0,0,0,0,0,0,0,0,0,0,0,0,0,0,0,0,1.41099492910921,0,0,0,0,0,0.621731385191006,0,0,0,0,0,0,0,0,0,0,0,0,-0.365676085701312,0,0,0,-1.91449837068094,0,0,0.397284017860605,0,0,0,0,0,0.271507752486652,0.0017332277468094,-0.434594908388738,0,0,0.217482214578332,0,0,0,0,0,0,0,0,0,0,0,0,0,0,0,0,0,-0.271025585412933,0,0.0420882468889698,0,-2.13483995974601,0,0,0,0,-1.26376628264002,0,0,0,0,0,0,-0.346521874340884,0,0,0,-0.724440878552365,0,0,0,0,0,0,0,0,0.0582558552709949,0,0,0.00713491302651681,0,-0.567575532905291,0,0,0,0,0,0,0,0,0,0,0,0,0,0,0.579371130103796,0,0,0,0,0,-0.339918523315272,0,0,0,0,0,0,0,0,0,0,0,0,0,0,0,0.551381069050708,-0.700127738320909
0,0,0,0,0,0,0,0,0,0,-0.186424546607351,0,0,0,0,0,-0.000740623236927584,0,0,0,0,0,0,0,0,0,0,0,0,0,0,0,0,0,0,0.351164364047738,0,0,0,0,0,0,0,0,0,0,-1.23855962457327,0,0,0,0,0,0,0,0,0,0,-0.0660277302883949,0,0,0,0,0,0,0.667573805558177,-0.148798623747661,0,0,0,0,0,0,0,0,0,0,0,0,0,0,0,0,0,0,0,0,0,0,0,0,0,0,0,0,0,0,0,0,0,0,0,0,0,0,0,0,0,0,0,0,0,0,0,-0.374872611884581,0,0,0,0,0,-0.47119713620859,-0.161688891729867,0,0,0,0,0,0,0,0,0,0,0,0,0,0,0,0,0,0,0,0,0,0,0,0,0,0,0,0,0,0,0,0,0,0,0,0,0,0,0,0,0,0,0,0,0,0,0,0,0,0,0,0,0,0,0,0,0,0,0,0,0,0,0,0,0,0,0,0,0,0,0,0,0,0,0,0,0,0,0
0,-2.01601773610354,0,0,0.221368036802292,0,0,0,0,0,0,0,0,0,0,0,0,0,0,0,-0.504512660445997,-0.506374689466247,0,0,0,0,0,0,0,0,0,0,0,0.832910785399666,0,0,0,0.00967382195285671,0,0,0,0,0,0,0,0,0,0,0,0,0,0,0,0,-0.171563669430271,0,0.253004868324354,0,-1.17826407329304,0,0,7.82187665557186,0,0,0,0,0,0,0,0,0,0,0,0,0,0,0,0,-0.926802836840709,1.03599912803292,0,0,0,0,0.342025583379003,0.851987099598174,-0.0586137821331103,0,0,0,0,0.745337867056605,0,0,0.138306219787962,0.406452817697322,0,-0.261743970839535,-0.539686124938068,0.281733542020802,0,0,0,0,0,0,0,0,-0.164238950278564,-0.0859573909388589,0,0,0,0,1.85886621879142,0,0,0,0,-2.20254322826682,-0.620307298467974,0,0,0,0,0,0,0,-0.0707425980147061,0,0,0,0,0,1.9613679429856,-0.487779401971313,0,0,0,0,0,0,0.214600058044416,0,0,0,0,0,0.621600472043825,0,0.294067670232097,0,0,0,0,0,0,0,0,0,0,0.502740884440207,0.400818310462507,-1.47612781506714,0,0.182205818330443,-0.179722773939516,0,0,0,0.160296399238675,0,0,0,0,0,1.62899619319365,0,0,1.19925890068559,0,-1.25832086827033,0,0,0,0,0.300470129365476,0,0,0,0,0,0,0,0,0,0,0,0,0
0,-3.34253920339477,0,0,0,0,0,-0.494901870983997,0,0,0,0,0,-0.0628542800786356,0,0,0,0,0,0,-1.32671502084673,-0.112838796178748,0,-0.449666976706214,0,0.462111733503078,0,1.7008546321733,0,0,0,0,0,1.30258219617825,0,0.635672348074023,-1.56209488241977,0,0,0,0,0,0,0,0,-0.798823893556684,0,0,-0.296243449129315,0.082748077698926,0,-1.11432342861114,0,0,0,0,0.277128521465823,0,-2.65153616283525,0,0,6.19350847833546,0,0,-0.117125262148299,0,-0.0231377941076241,0,0,0,0,-0.095275137474484,0,0,0,0,0,-0.743874240067787,0,0,0,-0.347891731492679,0,0,1.93013495544555,0,-0.00206493861476265,0.824640644384176,0,0,0,0.968399161541763,-0.100521313897555,0,0.630755837229438,0,0,-0.722463468660227,-0.435143858524167,0,-0.940281154755211,-0.0563032954990976,0,0,0,0,0,0.179668633706829,0,0,-0.275117127691524,0,0,0.445455134758852,2.01329549584688,-0.596825252219631,0,0,0.0597448955451876,-1.83117077393421,0,0,0,0,0,0,0.241185295341189,0,-1.0109947022777,0,0,0,0,0,4.01784692182477,-1.90044143959122,0,0,0,0,0,0,0.110865722117604,0,0,0,0,0,0.574854921898906,0,0.171043887223425,-0.408143126049746,0.305381482922032,0,0,0,0,0,0,0,0,0,1.10911056640841,-0.770339751461473,0,0.3132227850497,0,0.225822170042548,-0.619870032716183,0,0.275457641389557,0,0,0,0,0,2.63105970815539,0,0,1.77485199633101,0,0,0,0,0,0.296616192286009,0.362775096789298,0,0,0,0,0,0,0,0,0,-0.559991492406406,0,-0.060566107886648,0
0,0,0,0,0,0,-0.0427613554722439,0,0,-0.381945288137523,0,0,0,0,0,0,0,0,0,0,0,-0.268848717251428,0,0,0.189596721096817,0,0,0,0,0,0,0,0,0,0,0,0,0,0,0,0,0,0,0,0,0,0,0,0,0,0,0,0,0,0,0,0,0,0,0,0,0,-0.0979189326812435,0,0,0,0,0,0,0,0,0,0,0,0,0,0,-0.255471872452824,0,0,0,0,0,0,0,0,0,0,0,0,0,0,0,0,-0.215504637741784,0,0,0,0,0,0,0,0,0,0,0.0923101938233506,0,0,0,0,0,0,0,0,0,0,0,0,0,0,0,0,0,0,0,0,0,0,0,0,0,0,0,0,0,0,0,0,0,0,0,0,0,0,0,0,0,-0.665317768066516,0,0,0,0,0,0,0,0,0,0,0,0,0,0,0,0,0,0,-0.763948251989072,0,0,0,0,0,0,0,0,0,0,0,0,0,0,0,0,0,0,0,0,0,0,0,0,0,-0.557145516516849,0.0729999014689944,-0.282850912993998,0,0,0,0,0
0,0,0,0,0,0,0,0,0,0,0,0,0,0,0,0,0,0,0,0,0,-0.0782601426929632,0,0,0,0,0,0,0,0,0,0,0,0,0,0,0,0,0,0,-0.105735696792441,0,0,0,0,0,0,0,0,0,0,0,0,0,0,0,0,0,0,0,0,0,0,0,0,0,0,0,0,0,0,0,0,0,0,0,0,0,0,0,0,0,0,0,0,0,0,0,0,0,0,0,0,0,0,0,0,0,0,0,-0.00620790700182328,0,0,0,0,0.187524488375884,0,0,0,0,0,0,0,0,0,0,0,0,0,0,0,0,0,0,0,0,0,0,0,0,0,0,0,0,0.0624313752940091,0,0,0,0,0,0,0,0,0,0,0,0,0,0,0,0,0,0,0,0,0,0,0,0,-0.273311659076611,0,0,0,0,0,0,-0.848632697229187,0,0,0,0,0,0,0,0,0,0,0,0,0,0,0,0,0,0,0,0,0,0,0,0,0,-0.343447876955953,0,-0.221846282842679,0,0,0,0,0
0,0,0,0,0,0,-0.0513676746671612,0,0,0,0,0.763375135818645,0,0,0,0,0,0.712489879624795,0,0,0,-0.454666279492645,0,0,0,0.277495341737387,0,0.939908444181245,0,0,0,0,0,0,0,0,0,0,0,0,0,0,0,0,0,-0.23106858129887,0,0,0,0,0,0,0,0,0,0,0,0.0241783862158824,0.0542929595005619,0.528373909831318,0,0,0.196998759201081,0,-0.199846307199505,0,0,0,0,0,0,0,0,-0.357827966939967,0,0,0,0.0533642139182269,-0.274335836429163,0,3.58642044436993,0,0,0,0,0,-2.45861688185411,0,-0.40355699758302,0,0,0,0,0,0,0,0,0,-0.449970200312482,0,0,0,0,0,0,0,0,0.582464259535764,-0.279227750613968,0,0,0.110013444721961,0,0,0,0,0,0,0,0,0,0,0,0,0,0,0,-0.683722261407432,0,0,-2.87285143568013,0,0.358481064035457,0,0,0,0,0,0,0,0,0,-0.234015194787645,0,0,2.30328514327183,0,0,0,0,2.73384060014661,0,0,0,0.41592890105219,-0.551697298339598,0,0.15681977080137,0,0,-1.48932995869281,0,0,0,0,0,0,0.238867449633101,-0.452534172090409,0,-0.298990597906938,0,0,-0.0713132195837021,0.196056898816954,0,0,0,0,0,0.378189152961819,0,0,0,0.343787603293175,0,0,-0.582338899615198,0,0,0,0,0,0,0,0,0.0850889599817173,-0.160967458352016,0,1.47252494878903
0,0,0,0,0,0,-2.38774725469381,0,0,0,0.606023693341412,0,0,0,0,0,0,0,0,0,0,-0.147082822837914,0,0,0,0.100678851088326,0,0,0,0,0,0,0,0,0,0,0,0,0,0,0,0,0,0,0,0,0,0,0,0,0,0,0,1.39847935712111,0,0,0,1.11468400849031,0.0746303700918178,0,0,0,0,0,0,0,0,0,0,0,0,0,-0.0450399206632055,-0.181553125465141,0,0,0,0,-0.159270200955171,0,1.87888330382953,-0.264710391721533,0,0,0,0,0,0,-0.382330541102527,0,0,0,0,0,0,0,0,0,0,0,0,0,0,0.571304987836152,0,0.583728612928297,0,0,0,0,0,0,0,0,0,0,-0.0759996607476496,0,0,0,0,0,0,0,0,0,0,0,0,0,-2.52948215615742,0,0,0,0,0,0,0,0,0,0,0,0,0,0,2.34197246848244,0,0,0,0.278335615481453,0,0,0,0,0.166452071452771,0,0,0.044335976838894,0,0,-1.03080495098336,0,0,0,0,0,0,0,0,0.120130745080153,0,0,0,-0.380693123670439,0,0,0,0.194418959083652,0,0,0,0,0,-0.404457478246551,1.39664692885482,0,0,0,0,0,0.815455504275745,0,0,0,0,0,0.847849654375083,0,0,0
0,0.660606160204246,0,0,0,-0.507312554346724,-2.83080540957992,0.508196111777107,0,0,0,0,0,1.07850771555809,0,0,0,1.68739068663326,0,0,0,-0.0331064266700529,3.48363302751635,-0.363268413016683,-0.386688373707242,-0.396107167239605,0,-0.259810743249107,0,0,0.666891815826171,0,0,0,0,-1.59567563779609,-1.76341148717941,0,0,0,0,0,0,0,-0.228330935975465,0,0,0,-0.495561054663703,0,0,-6.40039828349427,0,0,0,0,-2.62997912418408,0,0,0,0,0,0,-0.763750302870115,0,0,-0.125652872787415,-0.494125617470283,0,0,0,0.281954440393529,-0.486988302707666,0,0,0,0,0,0,0,0,0,-0.00170733400049961,0,-1.50095011526512,0,-0.234473027197028,0,-0.991636600982972,0,-0.233180450080287,0,0,0,0,0,-0.0183256481908098,0.77055813068069,0.693722111430217,0,0,0,0.688221883420027,0,0,1.41671295687774,0,0,-0.274680479646058,0.412677881146555,0,0,0,-0.477876261833485,0,0,3.74361203749036,0,0,0,0,0,-0.0755256534144955,0,0,0,0.038488937177519,0,0,0,0,0,0,0,0,0,0.100968582516742,0,0,0,0,-0.205977415845622,0,0,0,0,0,0,0,0,0,0,0,0,0,1.05087159253745,0,0,0,0,-0.512570682006305,-0.00504822251262538,0,0.953875332316973,0,-0.380556453318172,0,-2.91105161479134,0,0.132259187959024,-0.00215916164789443,0.594080882177405,-0.635567391486867,-1.18686569612008,0,0,1.39753434198973,-0.225401561346775,-0.501616937634899,3.28371947171431,0,0,0,-1.62632311782979,0,1.22686457943849,0,0,0,0,2.60205157526744,0,0,1.12580527545875,0,0,0,0,0,2.47499668222465
0,0,0.537699539215794,0,0,0,0,0,0,-0.27092086926159,0,0,-0.0409247530353021,0,0,0,0,0,0,0,0,0,0,0,0,0,0.645962172460491,0,0,0,-0.0441298897034192,0,0,0,0,0,0,0,0,0,0,0,0,0,0,0,0,0,-0.356262682754402,0.900480273275363,0,0,0,0,0.194688388698792,0,0,0.883679831253075,0,0,0.00509602330859904,0,0,0,0,0,0,0,0,0,0,4.07812124364563,-1.8692246875182,0,0,-0.131877883325545,0,0,0,0,0,0,0,0,0,0,0,0,0,-0.188785898038972,0,0,0,0,0,-0.490936767552639,0,0,0,0,0.54618256527713,0,0,0,0,0,0,0,0,0,0,0,0,0,0,0,0,1.11507644632781,0,0,0,0.0604170214147446,0,0,0,0,0,0,0,0.465181809016046,0,0,0,0,0,0,0,0,0,0,-0.961734152130606,0.126667797448706,0,0,0,0,0,0,0,0,0,0,0,0,0,0,0,0,0,0,0,0,0,0,0,0,-2.37442206888332,0,0,0,0,0,0,0,0,-0.0808636250683001,1.19484650778557,0,0,0,0,-0.0174812099813264,0,0,0,0,0,0,0,0,0,0,0,0,0,0,0.248297476094216,0,0,0
0,0.437169048428254,0,0,-0.221399213453896,0,0,0,-0.507517929973395,0,0.476007533706706,0,0,0,0,0,0,0,0,0.117120205130554,0.119680238528115,-0.214282084712702,0,0,0,0,0,0,0,0,0,0,0,0,0,0,0,-0.481388579633194,0,0,0,0,0,0,0,0,0,0,0,0,0,0,0,0,0,0,0,0,0,0,0,0,0,0,0,0,0,0,0,0,0,0,0,0,-0.667442486667181,0,0,0,0,0,0,0,0,0,0,0,0,0,0.710770727677607,0,0,-0.490369801002901,0,0,0,0.600918355469316,0,0,-0.0896654167585047,0,0,0,0,0,0,0,0,0,0,0,0,0,0,0,0,0,0,1.10736668903912,0,0,0,0,1.04219371789112,0,0,0,0,0,0,-0.644463311806757,0,0,0,0,0,0,0,0,0,0,0,0,0,0,0,0,0,0,0,0,0,0,0,0,0,-0.112834585707255,0,0,0,0,0,0,0,0,0,0,0,0,0,0,0,0,0,0,0,0,2.87577140323694,0,0,0,0,0,0,0,0.0351703796174381,0,0,0,0,0,0,0,0,0,0,0,0,0.569103039207808,0,0
0,1.37836771257018,0,0,0,0,0,0,-0.329724151244469,-0.0299857684068081,0,0,0,0,0,0,0,0.258224711578401,0,0,0,0,0,0,0,0,0,0,0,0,0,0,0,0,0,-0.872359105976946,0,0,0,0,0,0,0,0,0,0.157834120199376,0,0,0,-0.0602441656178021,0,1.51971090609641,0,0,1.13626785240955,0,0.153241977370927,0,0,0,1.13759167151504,0,0,0,0.13745365750512,0,0,0,0,0,2.03642347265786,0,0,0,0.119975082855097,0,0,0,0,0,0,0,0,0,0.637568607047271,0,0,0.868748768623953,2.79930165241624,0,0,-0.729065210654452,0,0,0,1.43645099272967,0,0,-1.02407727938961,0,0,0,0,1.41151171239604,0,0,0,-1.41888449681266,0.709527987188847,-0.407786630065529,0.0108149314554542,0,0,0,2.52597438757406,0,0,2.42455216876256,0,0.466042339676642,0.337547060451487,-0.171038668813693,3.94713660974249,0,0,0,0,-0.310775229823163,0,0,0,-1.4445791291061,0,0,0.315580555193051,0,0,0,0,-2.29151877609082,0,0,0,0,-0.126966910363942,0,0,0,0,0,0.144144681601011,0,-0.328919323731052,0,0,0,0,0,0,0,0,0,0,-0.61520853753687,0,0,0,0,0,0,0,0,0,0,0,0,10.1913982141364,0,0,0,0,-0.406526547884001,0,0,2.07536185366408,0,0,0,0,0,0.0890002945521364,0,0,-0.162976618616264,0,0,0,0.30721619244442,0.314141305465075,0
0,0.900767602061552,0,0,0,0,0,0,-2.58519696628613,0,0.659495205629754,0,0,0,0.186096248615674,0,0,1.74663653180075,0,0.857478908018923,0,0,0,0,0,0,0,0,0,0,-0.145312299141764,0,0,0,0,0,0,0,0,-0.0555040180778439,0,0.121333082602156,0,0,-0.820481021093022,0,0,0,0.318669917814956,0,0,1.44577870032532,-0.272595357121811,0,1.32628634986265,0,0,0,0,0,0,0,0,0,0.572461399276653,0,0,0,0,0,2.22874449875692,0,0,0,0,0,0,0,0,0,0,0,0,0,0,0.0484898836519696,0,1.39493056828209,3.40077629097775,0,0,-1.86711706881123,0,0.562899068272144,0,1.9001213369319,0,0,-0.403771003283207,0,0,0,0,1.51718785774806,0,0,0,0,0.788126805301158,-1.94085307710583,0.522792711289868,0,0,0,0.324337711665825,0,0,3.05260481675498,0,0.146703202172078,0,0,4.08432633236704,0,0,0,0,0,0.267278860984566,0,0.0804549905777756,-1.33230599966643,0.388445977211486,0,0,0,0,0,0,-1.63645413690155,0,0,0,0,-0.25485763317695,0,0,0.142138304636269,-0.70382993379682,0,0.302707372587627,0,-1.12812464794941,0,0,0,0,0,0,0,0,0,0.550327418580165,-0.128590051145888,0,0,0,0,0,0,0,0,0,0,0,0,10.0175223798454,0,-0.486428649358666,0,0,0,0,0,2.81209843845746,0,0,0,0,-0.060680223586042,0,0,0,-0.80678298202312,0,0,0,0,0,0
0,0,0.140532981756506,0,0,0,0,0,0,0,0,0,0,0,0,0,0,0,0,0,0,0,0,0,0,0,0.853538733966345,0,0,1.04980196970037,0,0,0,0,0,0,0,0,0,0,0.96110670339829,0,0,0,0,0,0,0,0,0,0,-0.137043143799499,0,0,0,0,0,0,0,0,0,0,0.319627095574244,0,0,0,0,0,1.98731100263229,0,0,0,0,0,0,0,0,0,0,0,-0.234564851905624,0,0,0,0,0,0,0,0,-0.455390767669985,0,0,0,0,0,0,0,0,0,0,-0.747341445060152,-0.243298561683515,2.33131995317284,0,0,0,0,0.477989607499302,0,0,0,0,0,0,0,0,0,0,0,0,0,-0.367842115558922,1.04477244310492,0,0,0,0,0,0,0,-0.378714734400462,1.00422076823935,0,0,0,0,-0.0440994594220678,-0.145777273759041,0,0,0,0,0,0,0,0,0,0,0,0,0,0,0,0,0,0,0,0,0.315863393748372,-0.230368826375013,0,0,0,0,0,0,-0.958549014522482,0,0,0,0,0,0,0,0,0,0,0,-0.478856624000969,0,0,0.0380622151037773,0,0,0,0,0,0,0,0,0,0,0,0,0,0,0,0,0,0
0,0,0,0,0,0,0,0,0,0,0,0,0,0,0,0,0,0,0,0,0,-0.532223437108446,0,0,0,0,0,0,0,0,-0.0240467416730863,0,0,0,0,0,0,0,0,0,0,0,0,0,0,0,0,0,0,-0.301912115740938,0,0,0,0,0,0,0,0,0,0,0,0,0,0,0,0,0,0,0,0,0,0,0,-0.0377949263916706,0,0,0,0,-0.0554170261300673,0,0,0,0,0,0,0,0,0,0,0,0,0,0,0,0,0,0,0,0,0,0,-0.042674756105527,0,0,0,0,0,0,0,0,0,0,0,0,0,0,0,0,0,0,0,0,0,0,0,0,0,0,0,0,0,0,0,0,0,0,0,0,0,0,0,0,0,0.100956302996562,0,0,0,0,0,0,0,0,0,0,0,0,0,0,0,0,0,0,0,0,0,0,0,0,0,0,0,0,0,0,0,0,0,0,0,0,0,0,0,0,0,0,0,0,0,0,0,0,0,0,0,0,0,0,0,0
0,0,0.85541718986244,0,0,0,0,0,0,0,0,0,0,0,0.0119916291502968,0,0,0,0,0,0,0,0,0,0,0,0,0,0,0,0,0,0,-0.0198570855426918,0,0,0,0,0,0,0,0,0,0,0,0,0,0,0,0,0,0,0,0,0,0,0,0,0,0,0,0,0,0,0,0,0,0,0,0,0,0,0,0,0,0,0,0,0,0,0,0,0,0,0,0,0,0,0,0,0,0,0,0,0,0,0,0,0,0,0,0,0,0,0,0,0,0,0,0,0,0,0,0,0,0,0,0,0,0,0,0,0,0,0,0,0,0,0,0,0,0,0.212694482635061,0,0,0,0.214070145776838,0,0,0,0,0,0,0,0,0,0,0,0,0,0,0,0,0,0,0,0,0,0,0,0,0,0,0,0,0,0,0,0,0.0187229363994923,0,0,0,0,0,0,0,0,0,0,0,0,0,0,0,0,0,0,0,0,0,0,0,0,0,0,0,0,0,0
0,0,0,0,0,-0.333693932111112,0,0,0,0.479491604998845,0,0,0,0,0,0,0,0,0,0,0,0,0,0,0,0,0,-0.862710115451618,0,0,0,0,0,0,0,0,0,-0.347317834558092,0,0,0,0,0,0,0,3.26903652158826,0,0,0,0.148437743277634,0,0,0,0,0,0,0,0.405691598707855,0,0,0,0,0,0,0,0,0,0,0,0,0.686932857773329,0,0,0,-0.47889412211691,0,0,0,0,0,0,0,0,0,0,1.70265272350562,0,0.011972386822857,0,-0.0802387295368974,0,0,0,0,0,0,0,0,0,0,0,0,0,0,0,0,0,0,0,0,0,0.434359204260202,0.00909591045678559,0,0,-0.0482833765545467,0,0,0,0,0,0,0.543181155793585,0,0,0,-3.40710446029874,0,0,0,0,0,0,0,0,0,1.00184241237642,0,0,0.294870787444069,0,0,0,0,0,0,0,0,0,0,0,0,0,0,0,0,0,0,0,0,0,0,0,0,0,0,0,0,0,0,0,0,0,0,-0.137533544335345,0,0,0,0,0,0,0,0,0,0,0,0,-0.0873003530795959,0,0.534332371150904,0.52702590236871,0,0,0,1.49739776945017,0,0,0,0,0
0,0,0,0,0,0,0,0,0,-0.106330921152898,0,0,0,0,0,0,0,0,0,0,0,-0.427104461634661,0,0,0,0,0,0,0,0.366070702207073,0,0,0.152520628225886,0,0,0,0,0,0,0,0,0,0,0,0,0,0,0,0,0,0,0,0,0,0,0,0,0,0,0,0,0,0,0.333170862788961,0,0,0,0,0.179396653365779,0,0,0,0,0,0,0,0,0.236763231231964,0,0,0,0,0,0,0,0,0,0,0,0,0,0,0,0,0,0,0,0,0,-0.245544014550668,0,0,0,0,0,0,0,0,0,0,0,0,0,0,0,0,0,0,0,-0.151230245232644,0,0,0,0,0,0,0,0,0,0.340399603840587,0,0,0,0,0,0,0,0,0,0,0,0,0,0.410706278724775,0,0,0,0.0600266818605877,0,0,0,0,0,0,0.2485334911325,0,0,0,0,0,0,0,0,0,0,0,0.0191513084604467,0,0,0,0,0,0,0,0,0,0,0,0,0,0.0976319008541682,0,0,0,0.737813113412444,0,0,0,0,0,0,0,0,0,0,0,-0.0687982725549612,0,0,0
0,0,0,0,0,0,0,0,0,0,0,0,0,0.132315928600614,0,0,0,0,0,0,0,-0.419524163563538,0,0,0,0,0.0817709349182392,0,0,0,0,0,0,0,0,-0.21244292052736,0,0,0,0,0,-0.719507116063597,0,0,0,0.695576959901157,0,0,0,0,0,-2.54791285240531,0,0,0,0,0,0.266539382913598,0,0,0,0.84090116644648,0,0,0,0,0,0,0,0,0,0.882627896631969,0,0,0.894098453963561,0,0,0,0,0,-0.66617677155714,0,0,0,-1.12349412414149,-0.224073445409949,0,0,0,0,0,0,0,0,0,0,0,-0.0294868469254932,0,-0.15106562880282,-0.861290750186095,-0.0265093727323209,0,-0.498445110554215,0,0,0,0,0,0,0,-0.214463767195583,0,0,0,0,0.232887440793891,0.331711990962798,0,0,0,0,0,0,0,0,-0.227355568185929,0,0,0,0,0,0,0,0.015912009967181,0,0,0.0638683277444718,0,-0.511458863345928,0,0,0,0,0,0,0,0,-1.47643365437839,0,0,0,-0.539362352086364,0,0,0,0,0,0,0,0,0,0,0,0,0,0,0,0,0,0,0,0,0,0,0,-0.571303500680337,0,0.355944059383884,0,0,0,0,0,0.149537151819491,0.28601853784554,0,0,0,0,0,0,-5.14034301299637,0,0,0,-0.0250152916733728,0.0406143407696866,0,0
0,0,0,0,0,0,0,0.199027802337467,0,0,0,0,0,0,0,0,0,0,0,0,0,-0.313625155274986,0,0,-2.32935422799909,1.08137413285878,0,0,0,0,0,0,0,0,0,-0.457648418023945,0,-1.46585946536604,0,0,0,0,0,0,0,0.0251082977001407,0,-9.18664311686504,0,0,0,0,0,0,0,0,0.344642060787641,0,0.53295555067743,0,0,0,0,0,0.649801688139077,0,0,0,0.351513249088464,0,1.87956117227539,0,0,0,0.91151848437475,0,0,0,5.00544506605834,0,0,0,0,0,0,-1.12520328451834,0.844534054144495,0,0,0,0,0,0,0,0,0,0,0,0,0.224353584901053,0,0,0.547477260162342,0,0,0,0,0,0,0,0,0.311712051124021,0,0,1.07215020114731,0,0,-0.0720592061695764,0,0,0,0,0,0,0,0,0,0,0,0,0,0.478286624029128,0,0,0.318896840955387,0,0,0,0,0,0,-1.82250048230487,0,0,-0.271313107942254,0,0,-0.188534708830377,0,0,0,0,0,0,0,0,0,0,-0.262546778251407,0,0,-1.30625478379437,0.885848064421037,0,0,0,0,0,0,0,0,0,0,-0.724054456432104,0,-0.0155570829684542,-1.97543704172793,0.272838002018759,0.39379518433298,0,0,0,0,-0.360449109861898,0,0.0232636622907991,0,-2.53835526745818,0,0.958596347825832,0.187371853083893,0,-1.07610044863214,0,0,0,0,0.357580545081417,0,0
0,0,0,0,0,0,0,0,0,0,0,0,0,0,0,0,0,0,0,0,0,0,0,0,0,0,0,0,0,0,0,0,0,0,0,0,0,0,0,0,0,0,0,0,0,0,-0.217567133449811,0,0,0,0,0,0,0.100183589057515,0,0.0812717921061719,0,0,0,0,0,0,0,-0.587148575075352,0.0307684823192222,0,0,0,0,0,0,-1.06661748191763,0,0,0,0.221958482301403,0,0,0.46821492426147,-0.933941620124072,0,0,0,0,0,-0.291334160277813,0,0,0,0,0,0,0,0,0,0,0,0,0,0,0,0,0,0,0,0,0,-0.280054293646615,0,0,0,0,0,0,0,0,0,0,0,-0.026797599394907,0,0,0,0,0,-1.18158999623907,0,0,0,0,0,0.216766319074224,0,0,0,0,-0.0842242250031282,0,0,0,0,0,0,0,0,0,0,0,0,0,0,0,0,0,0,0,0,0,0,0,0,0,0,0,0,0,0,0,0,0,0,0,0,0,0,0,0,0,0,0,0,0,0,0,0.597891577483475,0,0,0,0,0,0,0,0,0,1.37965475268247,0,0,0,0,0
0,0,0,0,0,0,0,0,0,0,0,0,0,0,0,0,0,-0.338093846646793,0,0,0.142844889308129,-0.591525537508875,0,0,0,0,0,0,0,0,0,0,0,0,0,0,0,0,0,0,0,0,0,0,0,0,0,-12.0012683241597,0,0,0,0,0,0,0,0,0,0,0,0,0,0,0,0,0,0,0,0,0,0,0,0,0,0,0,0,0,0,0,0,0,0,0,1.9769905747015,0,0.410997301227035,0.192697710046349,0,0,0.792078836203866,0,-2.87089104024333,0,0,0.311534937100183,0,0,0,0,0,0,0,0,0,0,0,0,0,0,0,0,0.713260360694375,0,0,0,0,0,-0.0473893942660499,0,-0.65764835494386,0,0,0,0,0,0,0,0,0,0,0,-1.81109619653209,0,0,0,0,-0.619991697224312,0,0,0,0,0,0,0,0,0,0,0,0,0,0,0,0,0,0,-0.59543305527189,0,0,0,0,-1.97828134722913,0,-0.388888514563689,0,0,0,0,0,0,0,0,0,0.119012965695886,0,0,0,0,0,0,0,0,0,0,0,-1.4174022568341,0,0,0,0,0,0,0,0.0593585205700577,0,0,0,0,0,0,0
0,0,0,0,0,0,0,0,0,0,0,0,0,0,0,0,0,0,0,0,0.115450590259267,-0.39698571405896,0,0,0,0,0,0,0,0,0.017199047295146,0,0,0.0212989977931703,0,0,0,0,0,0,0,0,0,0,0,0,0,-12.1708729972343,0,0,0,0,0,0.948774814951983,0,0,0,0,0,0,0,0,0,0,0,0.119052733742952,0,0,0,0,0,0,0,0,0,0,0,0,0,0,0,0,0,0.413940339313828,0,0,0,0,0,0,0,-3.21135345611922,0,0,0.682874279622852,0,0,0,0,0,0,0,0,0,0,0,0,0,0,0,0,0,0,0,0,0,0,0,0,-1.32506855631176,0,0,0,0,0,0,0,0,0,0,0.465339996837468,-1.50995037431563,0,0,0,0,-0.191725988469397,0,0,0,0,0.534585505558096,0,0.269754114683574,0,0,0,0,0,0,0,0,0,0,0,0,0,0,0,0,-1.95785448323501,0,-0.481636907308848,0,0,0,0,0,0,0,0,0,0,0,0,0,0,0,0,0,0,0,0,0,0,0,0,0,0,0,0.468397529000165,0,0,0,0,0,0,0,0,0
0,0,0,0,0,0,0,0,0,0,0,0,0,0,0,0,0,0,0,0,0,-0.108278415621012,0,0,0,0.248971462619749,0,0,0,0,0,0,0,0,0,0,0,0,0,0,0,0,0,0,0,0,0,1.62449405579488,0,0,0,0,0,0,0,0,0,0,0,0,0,0,0,1.35869757283479,0,0,0,0,0,0,0,0,0,0,0,0,0,0,-0.398571774730416,0,0.320080971644518,0,0,0,0,0,0,0,0,0,0,0,0,0,-0.103798933493762,0,0,0,0,0,0,0,0,0,0,0,0,0,0,0,0,0,0,0,0,0,0,0,0,0,0,0,0,0,0,0,0,0,0,0,0,0,0,0,0,0,0,0,0,0,0,0,0,0.565315352463206,0,0,0,0,0,0,0,0,0,0,0.141115779173421,-0.0870162445854987,0,0,0,0,-1.21688340355941,0,0,0,0,0,0,0,0,0,0,0,0,0,0,0,0,0,0,0,0,0,0,0,0,0,0,0,0,0,0,0,0,0,0,0,0,0,0,0
0,0.282414672117794,0,0,0,0,-0.813570104658973,0,0,0,-0.510114634535474,0,0,0,0,0,0,0,0,0,0,-0.327235685368283,0,0,0.160293071277882,0,0,0,0,0,0,0,0,0,0,0,0,0,0,0,0,0,0,0,0,0,0,0,0,0,0,0,0,0,0,0,0,0,0,0,0,0,0,0,-0.0433334988302487,0,0,0,0,0,0,0,0,0.0319145221537391,0,0,0,0.556637909267327,-0.264692580917048,0,-0.150748239729298,0,0,0,0,-0.172922393185185,0,0.149432578967698,-0.0112061350319539,0,0,0,0,0,0,0,0,0,0,0,-0.656804743678233,0,1.11036650795202,0,0,-0.00973572304574599,0,0.812796780865002,0,0,0,0,0,0,0,0,0,0,0,0,0,0,1.79811145308735,0,0,0,1.02275338495251,0,0,0,0,0,1.59568805165085,0,0,0,0,0,0,0,0,0.439370278535954,0,0,0,0,0,0,0,0,0,0,0,0,0,0,0,0,0,0.367761461769206,0,0,-0.00439928019887814,0,0,0,0,0,0.489277865459296,0,0,0,0,0,0,0,0,0,0,0,0,-0.110198235135852,0,0,0.479615701128515,0,0,0,0,0,0,0,0,0,0,0.0983842890526336,0,0,2.37514661881383,0
0,0,0,0,0,0,0,0,0,0,0,0,0,0,0,0,0,0,0,0,0,-0.582318024725635,0,0,0,0,0,0,0,0,0,0,0,0,0,0,0,0,0,0,0,0,0,0,0,0,0,0,0,0,0,0,0,0,0,0,0,0,0,0,0,0,0,-0.0306114856974145,0,0,0,0,0,0,0,0,0,0,0,0,0,0,0,0,0,0,0,0.0947735808138024,-0.0229003871518405,0,0,0,0,0,0,0,0,0,0,0,0,0,0,0,0,0,0,0,0,0,0,0,0,0,0,0,0,0,0,0,0,-0.574876618674508,0,0,0,0,0,0,0,0,0,0,0,0,0,0,0,0,0,0,0,0,0,0,0,0,0,0,0,0,0,0,0,0,0,0,0,0,0,0,0,0,0,0,0,0,0,0,0,0,0,0,0,0,0,0,0,0,0,0,0,0,0,0,0,0,0,0,0,0,0,0,0,0,0,0,0,0,0,0,0,0,0,0
0,0,0,0,0,0,0,0,0,0,0,0,0,0,0,0,0,0,0,0,0,-0.116435416100481,0,0,-0.089811976835394,0,0,0,0,0,-0.158933590118692,0,0,0,0,0,0,0,0,0,0,0,0,0,0,0,0,0,0,0,0,0,0,0,0,-0.371961366669209,0,0,0,0,0,0,0,0,0,0,0,0,0,0,0,0,0.0430978064743743,0,0,0,0,0,0,0,0,0,0,0,0,-0.867727192498734,0,0,0,0,0,0,0,0,0,0,0,0,0,0,0,0,0,0,0,0,0,0,0,0,0,0,0,0,0,0,0,0,0,0,0,0,0.142839870548417,0,0,0,0,0,0,0,0,0,0,0,0,0,0,0,0,0,0,0,0,0,0,0,0,0,0,0,0,0,0,0,0,0,0,0,0,0,-3.68213406167193,0,0,0,0,0,0,0,0,0,0,0,0,0,0,0,0,-0.905972021812915,0,0,0,0,0,0,0.309884645780935,0,0,0,0,0,0,0,0,0,0,0,0,0,0,0
0,0,0,0,0,0.449644362008141,-0.0330320829924116,0,0,0,-0.507418949247784,0,0.884970704447418,0,0,0,0,0,3.8150975893597,-0.163078933535715,0,0,0,0,0,0.5385612168643,-0.12270162856366,0,-0.61967949687208,0,0,-0.213158345018687,0,0,0,0,0.0240464912358833,0,0,0,0,0,0,0,-0.115243357293388,0,0,0,0,0,0,0,0,0,0,0,0,0,0,0,0,0,-0.750053847225775,-2.98041514823263,0,0,0,0,0.119130133567876,0,0,0,0,0,0,1.45042139913308,0,0,0.326992288664952,0,0,0,0,0.614407505785216,0,0,0,0,0,-0.00555000608565548,0,0,0,0,0,0.010690008326858,0,0,0,0,0,1.61779432691402,-0.418800734915472,0,0,0,0,0,0,0,0,-0.374712539844403,0,-0.749551162442709,-1.44914574997641,0,0,0,0,0,0,0,0,0,0,0,0,0,0,0,0,0,0,0,0,-0.377248893807508,-1.40889910546309,0,0,0,0,0.0706357407742275,0,-2.01993482957405,0,0,0,0,0,0.39384075822331,0,0,-0.899989390132256,0,0.769399469960238,0,0,0,0,0,0,0,0.476585941701035,-0.935247592377568,0,0,1.75767832408215,0,-0.731477081289986,0,0,0,0,0,0,0,0,0.118478332810461,0,0,0,0,0,-0.0216385761868292,0,0,0,0.142709070748862,0,0,0,0,0,0,0.869953128525217,0,0,0,0,0
0,0,0,0,0,0,0,0,0,0.623044028232915,0.0126655257214958,0,0,0,0,0,0,0,0,0,0,-0.241661060315215,0,0,0,0,0,0,0,0,-0.0491247780398154,0,0,0,0,-1.29315978290247,0,0.331908432525084,0,0,0,0,0,0,0,0,0,0,0,0,0,0,0,0,0,0,0,0,0,0,0,0,0,0,0,0,0,0,0,0,-0.432411638175343,0,0,0,0,0,0,0,0,-0.403328871677216,0,0,0,0,0.328241496079807,0,0,0,0,0,0,0,0.540070524341203,0,0,0,0,0.657385987935314,0.150520246347135,0,0,-0.45454055246024,0,0,0,0,0,0,0,0,0,0,0,0,0,0,0,0,0,-0.718266478119806,0,0,0,0,0,0,0,0,0,0,0,0,0,0,0,0,0,-0.0124183833676577,0,0.460640037579685,0,0,0,0,0,7.43305655669183,0,0,0,0.208601753321536,0,0,0,0,0,0,0,0,0,0,0,0,0,0,0,0,0,0,0,0,0,0,0,0,0,0.368740286106928,0,0,0,0,0,0,0,0,0,0,0,0,0,0,0,0,0,0,0,0,-0.225157848209991,0,0,0
0,0,0,0,0,0,0,0,0,0,0,0,0,0,0,0,0,0,0,0,0,-0.673503570062335,0,0,0,0,0,0,0,0,0.306475616698698,0,0,0.313554261933007,0,0,0,0,0,0,0,0,0,0,-0.308083175859769,0,0,0,0,0,0,-0.225634215327027,0,0,0,0,0,0,0,0,0,1.18706606110572,0,0,0,0,0,0,0,0,0.0939603673780103,0,0,0,0,-0.00642805104038691,0,0,-0.161130823449826,0,0,0,0,0,0,0,0,0,0,0,0,0,0,0,0,0,0,0,0,0,-0.230907992485836,0.0232645555095337,0,0,0,0.30656626571847,0,0,0,0,0,0,0.337535592107119,0,0,1.20437897159258,0,-0.0829756865357958,0,0,0,0,0,0,0,0,0,0,0,0.575044196251538,0,0,0,0,-0.388242599013683,0,0,0,0,0,0,0,0,-1.23780100939725,0,0,0,0,0,0,0.00781611518205705,0,0,0,0,0,0,0,0,0,0,0,0,0,0,0,0,0,1.404781570811,0,0,0,0,0,0,0,0,0.900468598863971,0,0,0,0,0,0,0.453978338438974,-0.507853349938767,0,0,0,0,0,0,0,0,0,0,0,0,0,0
0,0,0,0,0,0,0,0,0,1.21512472731397,0,0,0,0,0,0,0,0,0.169357022501779,0,0,0,0,0,-0.252244036906467,0,0,0,0,0,0,0,0,0,0,-0.193290342328149,0,-0.127742602050097,0,0,0,0,0,0,0,0,0,0,0,0,0,0,0,-0.263951092554081,0,0,0,0,0.236862008524174,0,0,11.2582542479292,0,0,0,0,0,0,0,0,0,0.0681886591880021,0,0,0,0,0,0,2.34456856729732,-0.00618203886119306,0,0,3.56445820922548,0,0,0,0,0.128193019497758,-0.28139287603137,0,0,0,0,0,0,0,0,0,0,0,0,0,0,0,0,0.141796835331299,0,0.580230953075141,0,0,0,0,0,0,0,0,-0.172495895777584,0.1996114987284,0,0.203229102141229,0,0,-0.0105109258758418,0,0,0,0,0,0,0,0,0,0,0,0,0.320428617529183,0,0,0,0,0,0,0,0.0143809100330583,0,0,0,0,-0.818531537419365,0,0,0,0,0,0,0,0,0,0,0,0,0,0,0,0,0,0,0.677635620116673,0,0,0,0,0,0,0.163635967176387,0,0,0,0,0.344114709105364,0,0,0,0,0,0,0,0,0,-1.41684703852158,0.278578197429034,0,0,0,0,0,0,0,0,0
0,0,0,0,0,0,0,0,0,0,0,0,0,0,0,0,0,0,0,0,0,-0.00612770152951114,0,0,0,0.187070937579348,0,0,0,0,0,0,0,0,0,0,0,0,0,0,0,0,0,0,0,0,0,0,0,0,0,0,0,0,0,0,0,0,0,0,0,11.7482395376114,0,0,-0.0266281847780372,0,0,0,0,0,0,0.125766951362997,0,0,0,0,0,0,0,0,0,0,3.58537685725413,0.305449836436966,0,-0.0360569223640907,0,0,-0.274180207972704,0,0,0,0,0,0,0,0.0865281679845289,0,0,0,0,0,0,0,0,0,0,0,0,-0.155815530550816,0,0,0,0,0,0,0,0.443416636097586,0,0.545604688782651,0,0,0,0,0,0,0,0,0,0,0,0,0,0,0,0,0,0,0,-0.298621844534562,0,-0.354296079937496,0,0,0,0,0,0,-1.24489369960282,0,0,0,0,0,0,0,0,0,0,0,0,0,0,0.269443954752134,0,0.50476945007782,0,0,0,0,0,0,0,0,0,0,0,0,0,0,0,0,0,0,0,0,0,0,0,-0.959782598712597,0,0,0,0,0,0,0,0,0,0
0,0,0,0,0,0,0,0,0,0.49994702317299,0,0,0,0,0,0,0.117196493780642,0,0,0,0,-0.343773076878412,0,0,0,0,0,0,0,0,0,0,0,0,0,-0.143878471432118,0,0,0,0,-0.03208355933133,0,0,0,0,0,0,0,0,0,0,0,0,0,0,0,0,0,0,0,0,11.4501984694429,0,0,-0.141247379269207,0,0,0,0,0,0,0.224711216689695,0,0,0.232082432250093,0,0,0,0,0,0,0,4.05048676000647,0,0,-0.339050031804811,0,0,0,0,0,0,0,0,0,0,0,0,0,0,0,0,0,0,0,0,0,0,0,0,0,0,0,0,0,0,0,0.195757284686544,0,0,0,0,0,0,0,0,0,0,0,0,0,0,0,0,0,0,0,0,0,0,0,0,0,0.404075602044754,0,0,0,0,-0.187549805282229,0,0,-0.23046169800984,-0.4646263680813,0,0,0,0,0.0321014542837088,0,0,0,0,0,0,0,0.823720002835825,0,0,0,0,0,0,0,0,0,0.138785326699256,0,0,0,0,0,0,0,0,0,0,0,0,0,-0.11677740904184,0,0,0,0,-0.64224732520558,0,0,-0.188693186519212,0,0
0,0,0,0,0,0.094797920659321,0,0,0,0.0745750279856661,0,0,0,0,0,0,0.25436189170835,0,0,0,0,-0.556467218768958,0,0,0,0,0,0,0,0,0,0,0,0,0,-0.243123195716179,0,0,0,0,-1.30534642653162,0,0,0.219495299511888,0,0,0,0,0,0,0,-0.428056540362598,0,-0.515652699421891,0,0,0,0,0,0,0,7.64742174396329,0,0,-0.101231909836118,0,0,0,0,0,0,0.138075916552654,0,0,0.627175629828665,0,0,0,-0.399284330901559,0,0,0,1.86108530674295,0,0,0,0,0.14197242354916,0,0,0,0,0,0,0,0,0,-0.694131242424163,0,0,-0.402201106165948,0,0,0,0,0,0,0.383711503280816,0,-0.268008911315279,0,0,0,0,0,0,2.02814892361157,1.43428005519942,0,0,0,0,0,0,0,0,0,0,0,0,0,0,0.765925426680625,0,1.50435386789759,0,0,0,0,0,0,-0.18057582638245,0,0,0,0,0,0,0,0,0,0,0,0,0,0,0,0,0,0,0,0,0,0,0,0.00896315716546159,0,0,0,0,0,0,0,0,0.0873555691057237,0,0,0,0,-0.673378100418507,0,0,0,0,-0.725748269047328,0,0,0,0,0,0,0,0,0,-0.806212470445663,0,-0.0386592607957883,0,0,0
0,0,0,0,0,0,0,0,0,-0.493659483548392,0,0,0,0,0,0,0,0,0,0,0,-0.560491358264458,0,0,0,0,0,0,0,0,0,0,0,0,0,0,0,0,0,0,0,0,0,0,0,0,0,0,0,0,0,0.267576955957371,0,0,0,0,0.206098536084173,0,0,0,0,0,0,-0.288942482533753,0,0,0,0,0,0,0,0,0,0,0,0,0,-0.515533471774057,0,0,0.061832764037363,0,0,0,0,0,0,0,0,0,0,0,0,0,0,0.0713139749596863,0,0,0,0,0,0,0,0,0,0,0,0,0,0,0,0,0,0,0,-0.543150276397983,0,-1.81765861867713,0,0,0,0,0,0,0,0,0,0,0,0,0,0,0,0,0,0,-0.185149287157816,0,0,0,0.0707045385425271,0.588889353630079,0,0,0,0,0,0,0,0,0,0,0,0,0,0,0,0,0,0,0,0,0,0,0,0,0,0,0,0,0,0,0.0789753419433281,0,0.460174117395401,0.576281298409904,0,0,0,0,0,-1.05593786383068,0,0,0,0,0,0,0,0,0,0,-0.0279882768331312,0,0,0,0,0,0,0
0,0,0,0,0,0,0,0,-0.10799596051474,-0.308981790698017,0,0,0,0,0,0,-0.43780933093128,0,0,0,0.804740227835998,0,0,0,0,0,0,0,0,0,0,0,0,-0.985543692356372,0,0,0,0,0,0,0,0,0,0,0,0,0,0,0,0,0,0,0,0,0,0,0,0,0,0,0,0,0,0.783424783862888,0,0,0,0,0,0,0,1.19791596903996,-0.135222020155465,0,-0.342017360743627,0,0,0,0,0,0,0,0,0,0.44915533476828,0,0,0,-0.280820160357145,0,0,0,0,0,0,0,0,0,0,0,0,0,0,0,0,0,0,0,0.535333471181623,0,0,0,0,0,0,-0.797263313413278,0,0,0,0,0,0,0,0,0,0,0,0,0,0,0,0,1.13069679413642,0,0,0,0,0,0,0,0.28945934659079,0.246397810914125,0,-0.294810252326753,0,0,0,0,0,-0.0439080387144302,0,0,0,0,0,-0.926033402543063,0,0,0,0.640283768205832,0,0,1.03656083333994,0,0,0,0,0,0,0,0,0,0,1.26262801995806,0,0,0.309846369818481,0.85972605586306,0,0,-0.0475975817672489,0,0,0,0,0,0,0.429810758747313,0,0,0.403457322341092,0,0,0,0.0363021662334786,0,0,0,0,0
-0.12363523379412,0.686948880321039,0,0,0,-0.356949090245084,0,0,0,0,1.58024973523802,0.144363111697807,0.259566163437104,0,0,0,-0.239199798850941,0.25175872083334,0,0,1.3367120935523,-0.189365307653039,-0.707725934141939,0,0,0.0700393606495571,0.433965944251647,0,0,0,0,0,0,-2.68953895433659,0,-0.3660436757632,0,-0.24537701914762,0,0,0,0,0,1.05760481838168,0,0,0,0,0,0,0,0,0.200871163027302,0.534744930792213,0,-0.180014549228412,3.45117303352889,0,-0.848733798713484,0,0,0.669603231715275,1.29454444512921,0.770477324374278,0.82182401363998,-0.930159440089144,0,0.216574231497246,0.375429625788039,0,0,0,0,0,-0.474442682800547,0,0,0,0,0,0,-0.883454323758786,0.28623036426503,0,1.81609114415503,0,0,0,-0.650279421948706,0,0.211197822216067,0,0,0,0,0,0,0.289321836193836,0,0,0,0,0,-0.973376346010982,0,0,0,0,0,0.0128639887655351,0,0,0,0,0,0,0,0.531020458802752,0,-1.19910723682691,1.13160495952467,-0.40661502358201,0,0,0,0,-0.284079214276554,0,0,0,0.582425562327232,0,0.808495427614836,-0.353722526969629,1.58000424193746,2.06428257329652,0,0,0,0,0,0,0,-0.199919584394842,0,0,0,0,0,0,0,0,0,0,0,0.688682890491595,0,0,0,0,-0.417070385796649,-0.405048573023773,0,0,0,0,0,-0.865353204816534,0,0,0,0,0,0,0,-1.08691752449411,0,0.366339535645836,0,0.0180855398230255,0,0,0,0,0,0.0131005119192737,1.96488693870732,0,0,0,0.790252571388622,0,0,0.33026270667291,0,0,0,0,0,1.04983515656639
0.0609594780684231,0,0,0,0.13999515858346,0,0,0,0,0,-0.680798447274039,0,0,-0.064771160702721,0,0,0,0,0,-0.089709370060213,0,0,0,0,0,-0.171657471104113,-0.0874927346068752,0,1.89258602891285,0,0.578412305754791,0,0,1.51899193954888,0,0,0,0,0,0,0,0,0,0,-0.66893990209724,0,0,0,0,0,0,0,0,0.28125343271282,0,0,0.274473050960958,-0.427792624966004,0,0.173410100083205,0,0,0,0,-0.797643021499217,0.776075908781492,0,0,0,0,0,0,0,0,-0.320559491421878,0,0,0,2.14401078961305,0,0,0,0,0,0,2.10135872415386,0,-1.05565498849428,0,0,0,0,0,0,0,0,0,0,0,0,0,0,0,0.430147080977826,0,0,0,0.441490815052946,0,0,0,0,0,-0.334143230089448,0.0213477935088875,0,0,0,-1.03608779745843,0,0,0,0,-0.248500520865089,0,0,0.597775335321886,0,0,0,0,0,1.51584183490528,0,0,-0.806990109593979,0,0,0,0.58159227577067,0,0,0,0,-0.120413137059304,0,0,0,0,0,0,0,0,0,0,-0.452838074279695,0,0,0,0,0.184380738961472,0,2.55032147038737,0,0,0,0,0,-0.569721726443542,0,0,0,0,-0.588976684682144,0,0,0,0,0,0,0,0,0,0,0.573331550956111,0,0,0,0,0,0,0,0,0,0,-0.861597143019272,0,0.579498037659464,1.06738358762469,-0.461383499781874
0,0,0,0,0,0,0,0,0,0,0,0,0,0,0,0,0,0,0,0,0,-0.0903147986095736,0,0,0,0,0.797936545055512,0,0,0,0,0,0,0,0,0,0,0,0,0,0,0,0.00536365997517341,0,0,0,0,0,0,0,0,0,0,0,0,0,0,0,0,0,0,0,0,0,0,0,0,0,0,0,0,0,0,0,0,0,0,0,0,0,0,0,0,0,0,0,0,0,0,0,0,0,0,0,0,0,0,0,0,0.120388223102016,0,0,0,0,0,0,0,0,0,0,0,0,0,0,0,0,0,0,0,0,0,0,0,0,0,0,0,0,0,0,0,0,0.382767272347075,0,0,0,0,0,0,0,0,0,0,0,0,0,0,0,0,0,0,0,0,0,0,0,0,0,0,0,0,0,0,0,0,0,0,0,0,0,0,0,0,0,0,0,0,0,0,0,0,0,0,0,0,0,0,-0.0847137219601743,0,0,0,0,0,0,0,0,0,0,0,0
0,0,0.752816253838921,0,0,0,0,0,0,0,0,0,0,0,0,0,0,0,0,0,0,0,0,0,0,0,0,0,0,0,0,0,0,0,0,0,0,0,0,0,0,0,0.372568446903368,0,0,0,0,0,0,0,0,0,0,0,0,0,0,-0.233069538129923,0,0,0,0,0,0,0,0,0,0,0,0,0,0,0,0,0,0,0,0,0,0,0,0,0,0,0,0,0,0.075635389709682,0,0,0,0,0,0,0,0,0,0,0,0,0,0,0,0,0,0.255871841679015,0,0,0,0,0,0,0,0,0,0,0,0,0,0,0.116993843413604,0,0,0,0,0,-0.0134942625495234,0,0,0,0,0,0,0,0,0,0.0399652418357312,0,0,0,0,0,0,0,0,0,0,0,0,0,0,0,0,0,0,0,0,0,0,0,0.720606431677386,0,0,0,0,0,0,0,-0.154745638333762,0,0,0,0,0,0,0,0,0,0,0,0,0,0,0,0.433799552031765,0,0,0,0,0,0,0,0,0,0,0,0,0,0,0
0,0,0,0,0,0,0,0,0,0,0,0,0,0,0,0,0,0,0,0,0,-0.172006783894678,0,0,0,0,-0.0838669127518799,0,0,0,0,0,0,0,0,0,0,0,0,0,0,0,0,0,0,0,0,0,0,0,0,0,0,0,0,0,0,-0.375672311359266,0,0,0,0,0,-0.309189528662426,0,0,0,0,0,0,0,0,0,0,0,0,0,0,0,0,0,0,0,0,0,0.631400507539151,0,0,0,0,0,0,0,0,0,0,0,0,0,0,0,0,0,0,0,0,0,0,0,0,0,0,0,0,0,0,0,0,0,0,0,0,0,0,0,0,0,0,0,0,0,0,0,0,0,0,0,0,0,0,0,0,0,0.010636115099363,0,0,0,0,0,0,0,0,0,0,0,0,0,0,0,0,0,0,0,0,0,0,0,0,0,0,0,0,0,0,0,0,0,0,0,0,0,0,0,-0.192120644511241,0,0,0,-0.502094966109927,0,0,0,0,0,0,0,0,0,0,0,0
0,0,0,0,0,0,0,0,0,0,0,0,0,0,0,0,0,0,0,0,0,-0.203266207605025,0,0,0,0,0,0,0,0,0,0,0,0,0,0,0,0,0,0,0,0,0,0,0,0,0,0,0,0,0,0,0,0,0,0,0,0,0,0,0,0,0,0,0,0,-0.0190628164485596,0,0,0,0,0,0,0,0,0,0,0,0,0,0,0,0,0,0,0,0,0,0,0,0,0,0,0,0,0,0,0,0,0,0,0,0,0,0,0,0,0,-0.215318298963311,0,0,0,0,0,0,0,0,0,0,0,0,0,0,0,0,0,0,0,0.159193786587141,0,0,0,0,0,0,0,0,0,0,0,0,0,0,0.374686753262938,0,0,0,0,0,0,0,0,0,0,0,0,0,0,0,0,-0.0248393526319441,0,0,0,0,0,0,0,0,0,0,0,0,0,0,0,0,0,0,0,0,0,0,0,0,0,0,0,0,0,0,0,0,0,0,0,0,0,0,0
0,0,0,0,0,0,0,0,0,0,-0.123250595633512,0,0,0,0,0,0,0,0,0,0,0,0,0,0,0,0,0,0,0,0,0,0,0,0,0,0,0,0,0,0,0,0,0,0,0,0,0,0,0,0,0,0,0,0,0,0,0,0,0,0,0,0,-1.3534443655136,0,0,0,0,0,0,0,0,0,0,0,0,0,0,0,0,0,0,0,0,0,0,0,0,0,0,0,0,0,0,0,0,0,0,0,0,0,0,0,-0.048264106432151,0,0,0,0,0,0,0,0,0,0,0,0,0,0,0,0.0297540547877551,0,0,0,0,0,0,0,0,0,0,-0.396729926690698,0,0,0,0,0,0,0,0,0,0,0,0,0,0,0,0,0,0,0,0,0,0,0,0,0,0,0,0,0,0,0,0,0,0,0,0,0,0,0,0,0,0,0,0,0.0500707275651566,0,0,0,0,0,0,0,0,0,0,0,0,0,0,0,0,0,0,0,0,0,0,0,0
0,0,0,0,0,0,0,0,0,0,0,0,0,0,0,0,0,0,0,0,0,0,0,0,0,0,0,0,0,0,0,0,0,0,0,0,0,-0.0708019869174674,0,0,0,0,0,0,0,0,0,0,0,0,0,0,0,0,0,0,0,0,0,0,0,0,0,0,0,0,0,0,0,0,0,0,0,0,0,0,0,0,0,0,0,0,0,0,0,0.077255715720745,0,0,0,-0.269605122166874,0,0,0,0,0,0,0,0,0.103452039996105,0,0,0,0,0,0,0,0,0,0,0,0,0,0.249125420976372,0,0,0,0,0,0,0,0,0,0,0,0,0,0,0,0,0,0,0,0.568878493513632,0,0,0,0,0,0,0,0,0,0,0,0,0,0,0,0,0,0,0,0,0,0,0,0,0,0,0,0,0,0,0,0,0,0,0,0,0,0,0,0,0,0,0,0,0,0,0,0,0,0,0,0,0,0,0,0,0,0,0,0,0,-0.142208577417422,0,0,0,0,0
0,0.0765946637034605,0,0,0,0,0,0,0,0,0,0,0,0,0,0,0,0,0,0,0,0,0,0,0,0,0,0,0,0,0,0,0,0,0,0,0,0,0,0,0,0,0,0,0,0,0,0,0,0,0,0,0,0.366659053301839,0,0,0,0,0,0,0,0,0,0,0,-0.335969131416317,0,0,0,0,0,0,0,0,0.0347646431381485,-0.111463283035561,0,0,0,0,0.248678384860139,0,0,0,0,0,0,0,0,0,0,0,0,0,0,0,0,0,0,0,0,0,0,0,0,0,0,0,0,0,0,0,0,0,0,0,0,0,0,0,0,0,0,0,0,0,0,0,0,0,0,0,0,0,0,0,0,0,0,0,0,0,0,0,0,0,0,0,0,0,0,0,0,0,0,0,0,0,0,0,0.282958421439363,0,0,0,0,0,0,0,0,0,0,0,0,0,0,0,0,0,0,0,0,0,0,0,0,0,0,0,0,0,0,0,0,0,0,0,0,0,0,0
0,0,0,0,0,0,0,0,0,0,0,0,0,0,0,0,0,0,0,0,0,0,0,0,0,0,0,0,0,0,0,0,0,0,0,0,0,0,0,0,0,0,0,0,0,0,0,0,0,0,0,0,0,0,0,0,0,0,0,0,0,0,0,0,0,0,0,0,0,0,0,0,0,0,0,0,0,0,-0.289279325659308,0,0,0,0,0,0,0,0,0,0,0,0,0.284476439410348,0,0,0,0,0,0,0,0,0,0,0,0,0,0,0,0,0,0,0,0,0,0,0,0,0,0,0,0,-0.276146352673379,0,0,0,0,0,0,0,0,0,0,0,0,0,0,0,0,0,0,0,0,0,0,0,0,0,0,0,0,0,0,0,0,0,0,0,0,0,0,0,0,0,0,0,0,0,0,0,0,0,0,0,0,0,0,0,0,0,0,0,0,0,0,0,0,0,0,0,0,0,0,0,0,0,0,0,0,0,0,0
0,0,0,0,0,0,0,0,0,0,0,0,0,0,0,0,0,0,0,0,0,0,0,0,0,0,0,0,0,0,0,0,0,0,0,0,0,0,0,0,0,0,1.87264052588448,0,0,0,0,0,0,0,0,0,0,0,0,0,0,0,0,0,0,0,0,0,0,0,0,0,0,0,0,0,0,0,0,0,0,0,0,0,0,0,0,0,0,0,0,0,0,0,0,0,0,0,-0.473212693413729,0,0,0,0,0,0,0,0,0,0,0,0,0,0,0,0,-0.154523095033286,0,0,0,0,0,0,0,0,0,0,0,0,0,0,-0.152743095562666,0,0,0,0,0,0,0,0,0,0,0,0,0,0,0,0,0,0,0,0,0,0,0,0,0,0,0,0,0,0,0,0,0,0,0,0,0,0,0,0,0,0,0,0,0,0,0,0,0,0,0,0,0,0,0,0,0,0,0,0,0,0,0,0,0,0,0,0,0,0,0,0,0
0,0,0,0,0,0,0,0,-0.02785592597301,0,0,0,0,0,0,0,0,0,0,0,0,0,0,0,0,0,0,0,0,0,0,0,0,0,0,0,0,0,0,0,0,0,2.03757734153388,0,0,0,0,-1.92204205078506,0,0,0,0,0,0,0,0,0,0,0,0,0,0,-0.142372230963483,0,0,-0.388492739525867,0,0,0,0,0,0,0,0,0,0,0,0,0,0,0,0,0,0,0,0,0,0,0,0,0,0,0,0,-0.456018807504229,0,0,0,0,0,0,0,0,0,0,0,0,0,0,0,0,0,0,0,0,0,0,0,0,0,0,0,0,0,0,0,0,0,0,0,0,0,0,0,0,0,0,0,0,0,0,0,0,0,0,0,0,0,0,0,0,0,0,0,0,0,0,0,0,0,0,0,0,0,0,0,0,0,0,0,0,0,0,0,0,0,0,0,0,0,0,0,0,0,0,0,0,0,0,0,0,0,0,0,0,0,0,0,0,0
0,0,0,0,0,0,0,0,0,0,0,0,0,0,0,0,0,0,0,0,0,0,0,0,0,0,0,0,0,0,0,0,0,0,0,0,0,0,0,0,0,0,0.0956759885940028,0,0,0,0,0,0,0,0,0,0,0,0,-0.250159768989488,0,0,0,0,0,0,-0.0997012876705745,0,0,-0.877953391665247,0,0,0,0,0,0,0,0,0,0,0,0,0,0,0,0,0,0,0,0,0,0,0,0,0,0,0,0,0,0,0,0,0,0,0.21837161022612,-0.0328069956033497,0,0,0,0,0,0,0,0,0,-0.130348192544584,0,0,0,0,0,0,0,0,0,0,0,0,0,0,0,0,0.0546646876057291,0,0,-0.0407806252277576,0,0,0,0,0,0,0,0,0,0,0,0,0,0,0,0,0,0,0,0,0,0,0,0,0,0,0,0,0,0,0,0,0,0,0,0,0.199604368623705,0,0,0,0,0,0,0,0,0,0,0,0,0,0,0,0,0,0,0,0,0,0,0,0,0,0,-0.179041890228689,0,0,0,0
0,0,0,0,0,0,0,0,0,0,0,0,0,0,0,0,0,0,0,0,0,-0.253982793822126,0,0,0,0,0,0,0,0,0,0,0,0,0,0,0,0,0,0,0,0,0.19144209366771,0,0,0,0,-0.306588158098068,0,0,0,0,0,0,0,0,0,-0.110904352803844,0,0,0,0,0,0,0,0,0,0,0,0,0,0,0,0,0,0,0,0,0,0,0,0,0,0,0,0,0,0,0,0,0,0.342544705870645,0,0,0,0,0,0,0,0,0,0,0,0,0,0,0,0,0,0,0,0,0,0,0,0,0,0,0,0,0,0,0,0,0,0,0,0,0,0,0,0,0,0,0,0,0,0,0,0,0,0,0,0,0,0,0,0,0,0,0,0,0,0,0,0,0,0,0,0,0,0,0,0,0,0,0,0,0,0,0,0,0,0,0,0,0,0,0,0,0,0,0,0,0.296521667237325,0,0,0,0,0,0,0,0,0,0,0,0,0,0,0
0,0,0,0,0,0,0,0,0,0,0,0,0,0,0,0,0,0,0,0,0,-0.169084752051013,0,0,0,0,0.0599288288655468,0,0,0,0,0,0,0,0,0,0,0,0,0,0,0,0.107310336699624,0,0,-0.0262641142470272,0,-0.472653164498395,0,0,0,0,0,0,0,0,0,-0.191827441799044,0,0,0,0,0,0,0,0,0,0,0,0,0,0,0,0,0,0,0,0,-0.872283117463173,0,0,0,0,0,0,-0.317341833660739,0,0,0,0,0,0.77347103738647,0,0,0,0,0,0,0,0,0,0,0,0,0,0.000322766811410968,0,0,0,0,0,0,0,0,0,0,0,0,0,0,0,0,0,0,0,0,0,0,0,0,0,0,0,0,0,0,0,0,0,0,0,0,0,0,0,0,0,0.308715642142938,0,0,0,0,0,0,0,0,0,0,0,0,0,0,0,0,0,0,0,0,0,0,0,0,0,0,0,0,0,0,0,0,0,0,0,-0.0332808152190185,0,0,0,0,0,0,0,0,0,0,0,0,0,0,0,0
0,0,0,0,0,0,0,0,0,0,0,0,0,0,0,0,0,0,0,0,0,0,0,0,0,0,0.579390223000441,0,0,0,0,0,0,0,0,0,0,0,0,0,0,0,0,0,0,-0.140583959069944,0,-0.460950556314015,0,0,0,0,0,0,0,0,0,0,0,0,0,0,0,0,0,0,0,0,0,0,0,0,0,0,0,0,0,0,-0.172666961748129,0,0,0,0,0,0,0,0,0,0,0,0,0.616488193199569,0,0,0,0,0,0,0,0,0,0,0,0,0,0.43754709510223,0,0,0,0,0,0,0,0,0,0,0,0.0595947324578325,0,0,0,0,0,0,0,0,0,0,0,0,0,0,0,0,0,0,0,0,0,0,0,0,0,0,0,0,0,0.609557114363535,0,0,0,0,0,0,0,0,0,0,0,0,0,0,0,0,0,0,0,0,0,0,0,0,0,0,0,0,0,0,0,0,0,0,0,0,0,0,0,0,0,0,0,0,0,0,0,0,0,0,0,0
0,0,0,0,0,0,-0.318864888864766,0,0,-0.261177341386792,0,0,0,0,0,0,0,0,0,0.98643442756821,0,-0.576343369302569,0,0,0,0,-1.53405394792633,0.49041331068134,0,0,1.61344765560323,0,0,0,0,0,0,0,0,0,0,0,0,0,0,-1.03214478428497,0,0,0,0,0,0,0,0,0,0,0.325458697276029,0,0,0,0,0,0,0,0,0,0,0,0,0,-0.401489802800364,0,0,0,0,0,0,0,0,0,0.613798412086832,0,0,0.918714910145112,0,0,0,0.0335853469037977,0,0,0,0,0,0,0,0,0,0,0.0735788800708601,0,0,-0.342020732042096,0,0,0,0,0,0,0,0,0,0,0,0,0,0,0,0,0,0.399320797646437,2.77276927147267,0,0,0,0,0,0,0,0.140281708270988,0.161149835205015,0,0,0,0,0,0,-1.04810387984916,-0.28263299671362,0,0,-0.673521407111734,0,0,-0.100366490189564,0,0,0,0,0,0,0,0,0.195728228407677,0,0,0,0,0,0,0,0,0,0,0.514562855736633,0,0,0,0,0,0,0,0,0,-0.607430831797041,0.344579209093978,0,0,0.669180811767634,0,0,0,-0.0123246738352376,0,-0.706745883349727,0,0,0,0,0,0,0,0,0,0,0.996591006229689,-0.643313974062772,0,0,0,0.0652385814764587
0,0,1.05000033669254,0,0,0,0,0,-0.338347344329588,-0.019031173265007,0,0,0,0,0,0,0,0,0,0,0,-0.684417517446419,0,0,0,0,0,0,0,0,0,0,-1.75759855070399,0,0,0,0,0,0,0,0,0,0,0,0,0,0,0,0,0,0,0,0,0,0,-0.0463662107862968,0,0,0,0,0,0,0,0,0,0,-0.25270608873957,0,-1.04659670202387,0,0,0,0,0,0,0,0,0,0,0,0,0,0,0,-0.105203630320809,0,0,-0.00408590858066105,0,0,0,-0.251139333279709,0,0,0,1.14626821055267,0,0,0,0,0,0,0,0,0,0,0,0,0.0400741467697188,0,0,0,0,0,0,0.07539939368911,0,0,0,-0.485094439869272,0,0,0,0,0,-0.134729925521309,0,0,0,0,0,0,-0.344291557561851,0,0,0,0,0,0,0,0,0,0,0.326420245158861,0,0,0,0,0,0,0,0,0,0,0,0,0,0,0,0,0,0,0,0.144416517689956,0,0,0,0.104552892722158,0,0,0,0,0,0.0348519450455702,0,0,0,0.837834828628903,0,0,0,-0.0835835639050275,0,0,-0.120681000558075,0,0,0.0519693500867779,0,0,0,0,0,0,0,0,0,0,0,0
0,0,0,0,0,0,1.40448773887776,0,0,0,0,0,0,0,0,0,0,0,0,0,0,-0.24554299691751,0.251850558115835,0,0,0,0.502138254592641,0,0,0,0,0,0,0,0,0,0,0,0,0,0,0,0,0,0,0.471028028968198,0,0,0,0,0,0,0,0,0,0,0,0.0682677074416911,0,0,-0.13008131545553,0,0,-2.65639700112459,0,0,0.12709041301797,0,0,0,0,0,0,0,0,0,0,0,0.575511581706068,0,0.211728605301742,0,0,0.415063208013697,0,0,-1.96178320476744,0,0,0.674357008496364,0,0,0,0,0,0,0,0,-0.0208295144858703,0,0,0,0,0,0,0,0,0.13261048120827,0,0,0,0,0,0,0,0,0,0,0,0,0,0,0,0,0,0,0.523136701139302,0,0,0,-0.766306032967639,-0.0609691556722738,1.55811503810182,0,0,0,-0.71819803793992,0,0,0,0,0,0.343826405921483,-0.50029818215953,0,0,0,0,0,0,0.628580093546957,0,0,0,0,0,0,0,0,0,0,0,-0.00677338852632414,0,0,0,0.23346848585655,0,0,-0.690629128823609,0,0,0,0.0613233198151002,0,0,0,0,0,0,0,0,0,0,-0.323033785729881,0,0,0.0879933914761291,0,0,0,0,0,0,0,0,0,0,0,-0.212452155998523
0,0,0,0,0,0,0.519653943347387,0,0,-0.272706045751608,0,0,0,0,0,0,0,0,0,0,0,-0.526677361559054,0,0,0,0,0,0.272818254864596,0,0,0,0,0,0,0,0,0,0,0,0,0,0,0,0,0,0,0,0,0,0,0,0,0,0,0,0,0,0,0,0,0,0,0,0,-0.286616381956492,0.223255126034998,0,0,0,0,0,0,0,0,0.107368239053007,0,0,0,0,0,0,0,0,0,0,0,0,0,0,0,0,0,0,0,0,0,0,0,0,0,-0.00960492429552295,0,0,0,0,0,0,0,0,0,0,0,0,0,0,0,0,0,0,0,0,0,0,0,0,0,0,0,0,0,0,0,3.66575715093891,0,0,0,0,0,0,0,0,0,0,0,0,0,0,0,0,0,0,0,0,0,0,0,0,0,0,0,0.0820406850922433,0,-0.00785318004599556,0,0,0.36865848142251,0,0,0,0,0,0,0,0,0,0,0,0.174652806575886,0,0,0,0,0,-0.19881046280305,0,0,0,0,0,0,0,0,0,0,0,0,0,0,0,0
0,0,0,0,0,0,0,0,0,0,0,0,0,0,-0.0300598230307443,0,0,0,0,0,0,-0.565665086569085,0,0,-0.275259719958954,0,0,1.43895416461088,0,0,0,0,0,0,0,0,0,0,0,0,0,0,0,0,0,0,0,0,0,0,0,0,0,0,0,0,0,-0.770515149715896,0,0,0,0,0,0.497761784943074,0,0,0,0,0,0,0,0,0,0,0,0,0,0,0.0849136797353738,0.339667133992302,0,0,0,0,0,0,0,0,0,0,0,1.23650981964667,0,0,0,0,0,0,0,0,0,0,0,0,0,0,0,0,0,0,0,0,0,0,0,0,0,0,0,0,-0.209754009437934,0,0,0,0,0,0,0,0,0,0,0,2.41610359836194,0,0,0,0,0,0,0,0,-0.127252471822261,0,0,0,0,0,0.0802408723116439,0,0,-0.831392512684255,0,0,0,0,0,0,0,0,0,0,0,0,0,0,0,0,0,0,0,0,0,0,0,0,0,0,0.178664974741592,0,0,0,0,0,0,0,0,0,0,0,0,0,0,0,0,0,0,0,0,0,0
0,0,0,0,0.382015259198033,0,0,0.691909306227835,0,-0.848908356947518,-1.8721493563074,0,0,0,0.391010816244624,7.76925583763077e-05,0,-1.58734732585308,-3.48981979807365,0,0,-0.0615781350884499,0,0,0,0,0,9.71208565785631,0,0.0587078025569625,0,0,0,0,0,0,0,-0.23126747947753,-1.08631946423055,0,0,0.338219224624652,0,0.00467266259993004,0,0,0,0,0,0,0,0,0,0.501907412924711,0,0,0.12722927629991,0.151041217276615,0,0,0,0.105224357434174,0.358668174763974,0,0,2.56970073052803,0,0.879175156048762,0,-0.364459955509362,0,0,0.496571009409181,0,2.11829866005922,0,0,-2.78985104783192,0,0,0,0,0,0,0,0,0.578037234029821,0,0,0,0.299795779600553,0,0,0,0.411933788158081,0,0,0,0,0,-0.37916097634432,-0.487976493030956,0,0,0.848654764721635,0,0,0.0937041239778662,0.326790309848961,0.900750843099088,0,-0.674533903875585,0,0,-0.570734988760675,-0.53197976790034,-0.806196858290054,0,0,0,0,1.22172650565523,-0.293020241624903,0,0,0,0.133151116168163,0,0.0153032536406794,0,0,-0.565584743727221,0,0,1.22548479584182,-1.53373233360557,0,0,0,0.534804350544775,0,0.274330012881864,0,0,0.00395344879675497,-1.44490011786032,0,0,0,0,0,0,0,1.86179441640619,0,-0.719696329626108,0,0,0,0,0.725420072381501,0.076097909301946,0,0.19374972360805,0,0,0,0,-1.73638984355014,0,0,0.154324863284968,0.722012683611851,0.962891868654162,0,-0.0207089884920486,0.307691960931418,0,3.0571447612416,0,-0.16460640929863,0,0,0,0,-0.585295198541723,0.802516659969211,-1.39960066941062,0,0,-1.3421680743987,0,0,0,0.07187757696108,0,1.34747665825107,0,0.196345091797868,0
0,0,0,0,0,0,0,0,0,-0.752816487592591,0.322228904875641,0,-0.527303147699847,0,0,0,0,0,-2.13875753171531,0,0,0,0,0,0,-0.641684764339457,0,8.070839552654,0.576066890056015,0.078757378162623,0,0,0,0,0,0,0,0,-0.116930937073514,0,0,0,0,1.72019296915045,-0.78112786314719,0,0,0,0,0,0,0,0,0.684382689369627,0,0,0,0,-0.326800721593862,0,0,0,0,0,0.156031226509178,2.77021012917503,0,0.119914882962575,0,0,0,0,0,0,2.54301973819914,0,0,0,0,0,0.520850351867678,0,0,0,0,0,0.402328137393184,0,0,0,0,0,0,0,0,0,0,0,0,0,-0.405335607708031,0,0,0,0.0301235174196171,0,0,0,0,0,0,0,0,0,-0.698128956256018,0,0,0,0,0,0,0,0,0,0,0,0,0.132125705668851,0.397336480926761,0,0,-0.0832689348176763,0,0,0.509408439268218,0,0,0,0,0.406923541947306,0,0,0,0,0,-1.32358681537961,0,0,0,0,0,0,0,3.13532914125861,0,0,0,0,0,-0.969287662227092,0,0,0,0,0,0,0,0.00753807091159486,0,0,0,0.163699014757902,0.775315920063585,0,0,-1.35037497415568,0,0,1.51818845289643,0,0,0,0,0,0,0,0.343148934602837,0,0.071927429406323,0,-0.317981981807045,0,0,0,0,0,0,-1.88848984071316,0,0
0,0,0,0,0,0,0,0,0,0,-2.53051126639721,0,-0.242065226846757,0,0,0,0,0,-0.685780084091726,0,0,0,0,0,0,0,0,5.39439908147468,-0.695368159394909,0.22373395415901,0,0,0,0,0,0,0.211102671339061,-1.63523887892833,0,0,0,0,0,0.458762617944316,0,-0.0185306099395326,0.56522827831693,0,0,0,0,0,0,0,0,0,0.733025058722886,0,0,0,0,0,0.165445362122789,0,0,1.18455741232849,0,0.157152092661878,0,-0.246671487181713,-0.0479884806973463,0,0,0,0.473806454972459,0,0,0,0,0,0.302566326576195,0,0,0,0,0,1.02323543104913,-0.537778032188159,0,0,0,0,0,0,0,0,0,0,0,0,0,0,0,1.3104558231275,0.970993314706509,0.655653614030083,0,0,0,0,0,0,0,0,-0.0248853797323099,0,0,0,0,0,-1.45849872951915,0,0,0,0,0,0,0,0.423214085194783,0,0,0,0,0,0.70628578774995,0,0,0,0,0,0,0,0,0,0,-0.274151471576146,0,0,0,0,0,0,0,1.54684451743066,0,0,0,0,0,0,0,0,0,0,0,0,0,0.0417055760059837,0,0,0,0,0.63840813483677,0.382195400447126,0,0,0,0,0.368670848006438,0,0,0,0,0,0,0,0.649352266090725,-0.433985323134098,0,0,0,0,0,0,0,0,0,-0.0383504238630603,0,0
0,-1.23811288095365,0,0,0,0,0.457402954203988,0.170743788030704,0,0,-0.91222734258673,0,0,0.352423092625529,0,0,0,0,-1.1198833263082,-0.712402659430764,1.23122543176973,0,0,0,0,0.826886664998736,0,6.05927002634265,2.19552431723454,0,0,0,0,-0.64630258767763,0,0,0,0,0,0,0,0,0,0.56689155643921,0,0,0,0,0,0,0,0.462926196171305,0,0,0,0,0.475632878673151,0,0,0,0,0,1.71499384810575,0,0,0.373968101082452,0,0,0,0,0,0,0.604229791614749,-0.901409869163033,1.33696994794479,0,0,0.379117395007918,0,0,0,0,0,0,0,0,0,0,0,0.311642803202387,0,0,0,0,0,0,0,0,0,-0.397938699685214,0,0,0.430860312754803,0,0,0,0,0,0,0,0,0,0,0.202060586426948,0,0,0,0,-0.286731560795864,0,0,0,2.09218983754901,0,0,0,0.358929636495781,0,0,0,0,0,0,0,0.358095877917424,0,0,0,0,0,0,0,0,0,0,-0.0035080612966758,0,1.2638648746573,0,0,0,0,0,1.62467690437635,0,0,0,0,0,-0.512048612266858,0,0,0,0,0,0,0,-0.827396511960878,0,0,0,0,0,1.63110878929977,0,-2.48419840274027,0,0,0,0,0,0,0,0,0,-0.265203188951548,0,-0.300857673077819,0.477964453666037,0,0,0,0,-0.449755961663704,0,0.668770481732624,0,0,0,-0.0605658326674989
0,0,-0.10655000128629,0,0,0,0,0,0,-0.88783240423653,0.226532196771709,0,0,0,0,0,0,0,0,0,0,0,-0.347117599320624,0,-0.431651664059884,0,0,4.75479861178662,2.45573109616639,0,0.0723909469419122,0,0,0,0,0.0313986794714884,0,0,0,0,0,0,0,0,0.25207916429938,0,0.642938881889506,0,0,0,0,0,0,0,0.0366049951147795,0,0,0,0,0,0,0,0,0,0,0,0,0,0,0,0,0,0,-0.191892361533237,0.399416962469294,0,0,0,0,0,0,0,0,0,0,0,0.111857712200337,0,-0.28089981830705,0,0,0,0,0,-0.316773862268959,-0.317424348142737,0,0,0,-0.231435812424537,0,0,0.111434161738057,0,0,0,0,0,0,0,0,0,0,0,0,-0.0753782160166501,0,0,0,0,0,0,0,0,0,0,0,0,0,0,0,0,0,0,0,0,0,0,0,0,0,0,0,0,0,0,0,0,0,0,0,0,0,0,0,0,0,0,0,0,0,0,2.70031098480702,0,0,0,0,0,0,0,0,0,0.959176696703791,0,0,0,0,0,0,0,0,0,0,0,0,0,0,0,0,-0.682961002211716,0,0,0,0,0,0,0,0,0,0
0,0,-0.252629840413332,0,0,0,0,0,0,0,0,0,0,0,-0.363134212433919,0,0,0,0,0,0,0,0,0,0,0,0,2.26004941445339,0.113144025725841,0,0,0,0,0,0,0,0,0,0,0,0,0,0,0,0,0,0,0,0,0,0,0,0,0,0,0,0.102001894431665,0,0,0,0,0,-0.0468385825034294,0,0,0,0,0,0,0,0,0,0,0,0.506412987656747,0,0,0,0,0,0,0,0,0,0,0,0.0512508715073767,-0.941320707478209,0,-0.180612336034689,0,0,0,0,0,0,0,0,0,0,0,0,0,0,0,0,0,0,0,0,0,0,0,0,0,0,0,0,0,0,0,0,0,0,0,0,0,0,0,0,0,0,0,0,0,0,0,0,0,0,0,0,0,0,0,0,0,0,0,0,0,0,0,0,0,0,0,0,0,0,0,0,2.8935754938467,0,0,0,0,0,0,0,0,0,0,0,0,0,0,0,0,0,0,0,0,0,0,0,0,0,0,-0.396954665046239,0,0,0,0,0,0,0,0,0,0
0,0,0,0,0.119708304720111,0,0,0,0,-0.106999949294299,0,0,0,0,0,0,0,0,0,0,0,-0.278586000436512,0,0,0,0,0,0,0,0,0,0,0,0,2.75387966309279,0.74373397709667,0,0,0,0,0,0,0,0,0,0,0,0,0,0,0,0,0,0.693268342334817,0,0,0,0,0,0,0,0,0,0,0,0.323327946250231,0,0,0,0,0,0,0,0,0.557766499015299,0,0,0,0,0,1.54203767788372,0,0,-0.0102661992003412,0,0,-0.233222847264742,0,-0.713134694226024,0,0,0,0,0,0,0,0,0,-0.515479381850044,0,0,0.309040063693816,0,0,0,0,0,0,0,0,0,0,0,0,0,0,0,0,0,0,0.230224437457271,0,0,0,0,0,0,0,0.691082673845038,0.458663338425839,-2.6554342970057,0,0.41477420407455,0,0,0,-1.64768659064862,0,0,0,-0.837074250919066,0,0,0,0,0.522002663507452,0,0,0,0,0,0,0.0684826720032587,0,-0.189445586792418,0,0,0,0,0,0,0,-1.43875956588577,0,0,0,0,0,0,0,0,0,0,0,0,0.127806270181768,0,0,-0.038439789220285,0,0,0,0,0,0.212922540411566,0,0,0,0,0,0,0,0,0,-0.505160456199605,0,0,0,0,0.808421017351785
0,0,0,0,0,0,0,0,-1.47996315059853,0,0,0,0,0.255916473593902,0.283494627740766,0,0,-0.665761733657426,-0.177759390616032,0.536561807932113,0.437611330654607,-1.5719959267028,0,0,0.0191637308504027,0,0,1.14845724106495,0.594540887801534,0,0,0,0,-0.463465119045734,0,0.810447855336496,-1.17674199901299,-0.709454564324185,0,0,0,0,4.21160223186279,0,0,0,0,0.34955364658993,0,0,0,0,0.73049626352929,-3.40045496106236,0,-1.71751318874757,-0.39154874145078,1.26762696879424,0.0784739334673383,0,0,0,0,-0.414903429380828,0,0,0,0,0,0,0,0,0,0,0.618179040651507,0,0,-0.238204629471964,0,0,0,0.408752799957149,0.502555012486161,0,-0.238491263969659,0,0.00753505931657061,-0.0737076962393519,0,-0.0299113002174196,0,0,0,-0.726179502649449,0,0,-0.638777230451113,0.330151275829029,0,0,0,0,0,0,0,0,0,0,0,0.472848342592694,0,0,0,0,0,0,0,0,0,0,0,-1.18872614378307,0,0,0,0,0,0.593683606011467,-0.885021108934859,4.33861573304071,-2.43292887592801,-2.68280335767971,0,0,0,0,0.535742320383651,0,0,0.0111738401488553,0,-0.937500444705625,0,0.379701499419289,0,0,0,0,0,0.389593436371409,-1.18919403139142,0,0,0,0,0,0,0,0,1.25596761571909,0,-0.0086710213498471,0,0.180263212499312,0,0,0,0,0,0,0,0,0,-2.32261095727178,0,2.2999788381025,0,0,0,0,0,0,0,0,0,0,0.130932463156978,0,0,0,0,0,-4.25565434568947,0,0,0,0,0.439302951294438,0,0
0,0,0,0,0,0,0,0,0,-0.396410265099338,0,0,0,0,0,0,0,-0.509184455436373,0,0,0,-0.81900471351404,0,0,0,0,0,0,0,0,0,0,0,0,0,0,-2.00129433502313,0,0,0,-0.152392379725785,0,0,0,-0.280096265103191,0,0,0,0,0,0,0,0,0,0,-0.0306740952296995,0,0,0,0,0,0,0,0,-0.57634685555231,-1.23739423370998,0,0,0,0,0,0,-0.218064313761531,0,0.297533624073535,0,0,-0.769955641879234,0,0,0,0,0,0,0,-1.9597039566684,0,-0.397701649694796,0,-1.34761953953202,0,0,0.552212004760152,-0.407070458005692,0.44656197525523,0,-0.690058332322429,0,0,0,-0.0241345689754087,0,0,0,0,0,0,-0.314579084389627,0,0,0,0.320368197134777,0,0.692022707804238,0,-0.604651085612358,0,0,0,0,0,0,0,0,0,0,-0.31271380684978,0,-0.976465432095944,1.46244438320684,-2.85765010062173,-1.92765924491758,0,0,0,0,1.22854915708851,0,0,0,-0.0287948683572155,0,0,0,0,0,0,-0.0218204672250959,0,0,0,0,0,0,0,0,0,0,0,0.409723261258106,0,0,0,0,0,0,0,0,0,0,0,0,0,-2.4787905794775,0,1.94139979230206,0,0,0,0,0,0,0,0,0,0,0.0324541228340669,0.339692720222028,0,0,0,0,-4.43777703049432,0,0,0,0.156989642289959,0,0,0
0,0,0,0,0,0,0.296312930572544,-0.387266091105759,0,0,0.115819838476919,0,0,0,0,0,0,0,0,0,0,-0.885166171254435,0,0,0,0,0,0,0.4339170526531,0,0,0,0,0,0,0,0,0,0,0,0,0,0,0,0,0,0,0,0,0,0,0,0,0,0,0,0,-0.465322052288482,0,0,0,0,0,0,0,0,0,0,0,0,0,0,0,0,0,0,0,0,0,0,0,0,0,0,0,0,0,0,0,0,0,0,0,0,0,0,0,0,0,0,0,0,0,0,0,0,0,0,0,0,0,0,0,0,0.284819934878882,0.469077329290998,0,0,0,0,0,0,0,0,0,0,0,0,0,0,0,0,0,0,0,0,0,0,0,0,0,0,0,0.028390741177265,0,0,0,0,0,0,0,0,0,0,0,0,0,0,0,0,0,0,0,0,0,0,-0.561776419000302,-0.0376860977813469,0,0,0,0,0,0,0,-0.31236890873644,0,0,0,0,0,0,0,0,0,0,0,-0.686776287350566,0,0,0,0,0,0,0,0,0,0,0,0
0,0,0,0,0.0865684736034469,0,0,0,0,0,0,0,0,0,0,0,0,0,0,0,0,0,0,0,0,0,0,0,0,0,0,0,0,0,0,0,0,0,0,0,0,0,0,0,0,0,0,0,0,0,0,0,0,0,0,0,0.215673057160391,0.00240807498004036,0,0,0,0,0,0,0,0,0,0,0,0,0,0,0,0,0.151432878245852,0,0,0,-0.4281927346012,0,0,0,0,0,0,0,0,0,0,0,0,0,0,0,0,0,0,0,0,-0.382524193518711,0,0,0,0,0,0,0,0,0,0,0,0,0,0,0,0,0,0.107116154523672,0,0,0,0,0,0,0,0,0,0,0,0,0,0,0,0,0,0,0,0,0,0,0,0,0,0,0,0,0,0,0,0,0,0,0,0,0,0,0,0,0,0,0,0,0,0,0,0,-0.734427795144693,0,0,0,0,0,0,0,0,0,0,0,0,0,0,0,0,0,0,0,0,0,0,0,0.116112248885973,0,0,0,0,0,0,0,0,0
0,0,0,0,0,0,0,-0.260006148498543,0,0,0,0,0.66161938336394,0,0,0,0,0,0,0,0,0,0,0,0,0,0,0,0,0,-0.0756836880907439,0,0,-0.159890331503111,0,0,0,0,0,0,0.16059897842914,0,0,0,0,0.393244219307792,-0.166605634007829,0,0,0,0,0,0,0,0,0,0,1.01183983809291,0,0,0,0,0,0,0,0.451261253804526,0,0,0,0,-0.315822866338693,0,0,0,0,0,0,0,0,0,0,0,0,0,0,0,-1.0833071481081,0,0,0,0,-0.527138892487314,0,0,0,0,0,0,0,0,0,0,0,0,0,0,0,0,0,0,0,0,0,0.113550906824934,0,0,0,0,0,0,0,0,0,0,0,0,0,0,0,0,0,0,0,0,0,0,0,0,0,0.292120816011139,0,0,0,0,0,0,0,0,0,0,0,0,0,0,0,0,0,0,0,0,0,0,0,0,0,0,0,0,0,0,0,0,0,0.0555306878389112,0.253548704137314,0,0,0,0,0,0,0,0,0,0,0,0,0,0,0,0,0,0,0,0,0,0,0,0,0
0,0,0,0,0,0,0,0,0,0,0,0,0,0,0,0,0,0,0,0,0,0,0,0,0,0,0,-0.615069725864047,-0.0683228819740531,0,0,-0.10430573322831,0,0,0,0,0,0,0,0,0,0,0,0,-0.563826750432044,0,0,0,0,0,0,0,0,0,0,0,0,0,0,0,0,0,0,0,0,0,0,0,0,0,0,0,0,0,0,0,0,0,0,0,0,0,0,0,0,0,0,0,0,0,0,0,0,-0.0362076249975551,0,-0.224046879256474,0,0,0,0,0,0,0,0,0,0,0,0,0,0,0,0,0,0,0,0,0,0.419574735769389,0,0,0,0,0,0,0,0,0,0,0,0,0,0,0,0,0,0,0,0,0,-0.184629699143338,0,0,0,0,0,0,0,0,0,0,0,0,0,0,0,0,0,0,0,0,0,0,0,0,0,0,0,0,0,0,0,0,0,0,0,0,0,0,0,0,0,0,0,0,0,0,0,0,0,0,0,0,0,0,0,0,0,0,0,0
0,0,0.843306838972816,0,0,0,0.314499546910439,0,0,-0.0022612352365472,0,0,0,0,0,0,0,0,0.406364019900219,0.554249530316813,0,0,0,0,0,0,0,0,0,0,0,0,0,0,0,0,-1.12910727635225,0,0,0,0,0,0,0,0.755733828528454,0,-0.230611882359064,0,0,0,0,0,0.915111918757368,0,0,0,0,0.774279420646356,0,0,0,0,0,0,0,0,0,0,0,0,0,0,0,0,0,0,0.345433961183972,0,0,0,0,-2.03668155573793,0,0,-0.339496712679973,0,0,0,0,0,0,0,0,0,0,-0.777443608080781,0,0,0,0,0,-0.795273120733135,0,0,0,0.959861964237201,0,0,0,0,0,0.0053535726146916,0,0,0.0415620684044131,1.21508457598321,0,0.22961415286929,0,0,0,-0.670864102697137,0,0,0,0,0,0,0,0,0,0,0,-0.147711055682312,0,0,0,0,0,0,-0.538254893984556,-0.245463819607641,0,0,0,0,0,0,0,0,0,0,0,0,0,0,0,0,0,0,0.260772410348665,0,0,0,0,0,0,-0.1523879652051,0,0,0,0,0,0,0,0,0,0,0,0,0.0953550474489342,0,0,0,0,0,-1.62553926491317,0,0,0,0,0,0.224627733665569,0,0,0,0,0.293568482258409,0,0
0,0,0,0,0,0,0,0,0,0,0,0,0,0,-0.30642508615696,0,0,0,0,0.0708935919057487,0,-0.176686932083088,-0.119972979208301,0,0,0,0,0,0.193397814785927,0,0,-0.205901497016941,0,1.17946814244413,0,0,0,0,0,0,0,0,0,0,0,0,0.121614179165329,0,0,0,0,0,0,0,0,0,0,0,0,0,0,0,1.0240224558814,0.0256480163934933,0,0,0,0,0,0,0,0,0,0,0,0,0,0.253628294978889,0,0,0,0,0,0,0,0,0,0,0,0,0,0,0,0,0,-0.403730808105351,0,0,0,0,0,0,0,0,0,0,0,0,0,0,0,0,0,0,0,0,0,0.0633872113705662,0,0,0,0,0.84584683607283,0,0,0,0,0,0,0,0,0,0,0,0,0,0,0,0,0,0,-0.010410556464985,0,0,0,0,0,0,0,0,0.0404827444077855,0,0,0,0,0,0,0,0,0,0,0,-0.240757002898151,0,0,0,0,0,0,0,0,0,0,0,0,0,0,0,0,0.064826827712263,0,0,0,0.42812257957295,0,0,0,0,0,0,0.056855184918525,-0.368539137278115,0.281483789044066,0,0,0,0,0,0,0
0,0,0,0,-0.704787454271887,0,0,0,0,0,0.607354735157417,0,0,0,0,0,0,0,0,0,0,-0.307828220405292,0,0,0,0,0,0,-0.110653429793046,0,0,0,0,-0.29190638017767,0,0,0,0,0,0,0,0,0,0,0,0,0,0,0,0,0,0,0,0,0,0,0,0,0,0,0,0,0,0,0,0,0,0,0,0,0,0,0,0,0,0,0,0,-0.0433819870188001,0,0,0,0,0,0,0,0,0,0,0,0,-0.211785794122987,0,0,0,0,0,0,0,0,0,0,-0.0873394770331595,0,0,0,0,0,0,0,0,0,0,0,0,0,0,0,0,-0.189972923460541,0,0,0.395772236095014,0,0,0,0.0498296761709527,0,0,0,0,0,0,0,0,0,0,0,0,0,0,0,0,0,0,0,0,0,0,0,0,0,0,0,0,0,0,0,0,0,0,-0.0631445377948641,0,0,0,0,0,0,0,0,0,0,0,-0.511460882259002,0,0,0,0,0,0,0,0,0,0,0,0,0,-0.960448693634662,0,0,0,0,0,0,0,0,0,0.320792965837995,0,0
0,0,0,0,-0.304772705400323,0,0,0,-0.0861841545326127,0,-0.129557033881616,0,0,0,0,0,0,0,0,0,0,-0.514796837344532,0,0,0,-0.34255694226573,0,0,0,0,0,0,0,0,0,0,0,0.0298425548410748,0,0,0,0,0,0,0.941161000403999,0,0,0,0,0,0,0,0,0,0,0,0,0,0,0,0,0,0,0,0,0,0,0,0,0,0,0,0,0,0,0,0,0,-0.788074305518265,0,0,0,0,0.0464264903634144,0,0,0,0,0,0,0,0,0,0,0,0,0,0,0,0,0,-0.647002752221485,0,0,0,0,0,0,0,0,0,0,0,0,0,0,0,0,0,-0.163718409019592,0,0,0,0,0,0,0,0,0,0,0,0,0,0,0,0,0,0.0135373353651227,0,0,-0.309896144786238,0,0,0,0,0,0,0,0,0,0,0,0,0,0,0,0,0,0,0,0,0,0,0,0,0,0,0,0,0,0,0,0,0,0,0,0,0,0,0,0,0,0,0,0,0,0,0,0,0,0,0,0,0,0,0,0,0.66308705663781,0,0.0406139030264268
0,0,0,0,0,0,0,0,0,0,0,0,0,0,0,0,0,0,0,0,0,-0.278875969869635,0,0,0,0,0,0,0,0,0,0,0,0,0,0,0,0,0,0,0,0,0,0,0,0,-0.480312757824851,0,0,0,0,0,0,0,0,0,0,0,0,0,0,0,0,0,0,0,0,0,0,0,0,0,0,0,0,0,0,0,0,0,0,0,0,-0.57430955012353,-0.193487038206706,0,0,0,0,-0.432992363096633,0.0301925076243272,0,0,0,0,0,0,0,0,0,0,-0.489028697988416,0,0,0,0.0612605729997109,0,0,0,0,0,0,0,0,0,0,0,0,0,-0.166895938892856,0,-0.328333487271709,0,0,0,0,0,0,0,0,0,0,0,0,0,0,0.244584998432324,0,0,0.369814673134306,0,0,0,0,0,0,0,0.159355648045227,0,0,0,0,0,0,-0.0421736715301546,0,0,0,0,0,0,0,0,0,0,0,1.4385809533911,0,0,0,0,0,0,0,0,0,0,0,0,0.980602932055693,0,0,0,0,0,0,0,0,0,0,0,0,0,0,-0.0308131720952238,0,0.251729111267915,0,0,0
0,0,-0.972513567525977,0,0,0,0,0,0,0,0.138114031679131,0,-0.553887423471584,0,-0.0474044242245482,0,0,0,0,0,0,-0.933536442832182,0,0,0,0,0,-0.474855587863725,0,0,0.185979169525427,0,0,0,0,0,0,0,0,0,0,0,0,1.79626220707772,0,-1.64721454969417,0,0,0,0,0,0,0,0,0,0,0,0,0,0,0,0,0.668313293141292,0.289619369732938,0.81599087681335,0,0,0,0,0,0,0,0,0,0,0,0,-0.279405170788755,0,0.487410523021271,0,0,0,0,0,0,-0.510513989205146,0,0,0,0,0,0,0,0,0,0,-0.536231407062312,0,0,-0.156447431398662,0,0,-0.36074854822014,0,0.693369665595565,0,0,0,0,0,0,0,0.804066820957275,0.303951161087716,0,0,0,0,0.0530382452232971,0,0,0,0,0,0,0.0102994917634522,0,0,0,-3.77317864000767,0.00311790704218162,0,0,0,0,0,0,0,-0.8130378709504,-0.160815246868461,0,0,0,0,0.284221461899216,0,-0.840562552567617,0,-0.243793465867874,0,0,0,0,0,0,0,0,0,0,0,0,0,0,0,0,0.469479136179,0,-0.0953765121377748,0,0.077528230453261,0,0,0,0.674788739530225,0,0,-0.230327407103916,0,0,0,0,0,0,0,0,0,-2.51441807986851,0,0,0,0,0,0,0,-0.86424306957471,0,0,0,0
0,0,0,0,0,0,0,0,0,0,0,0,0,0,0,0,0,0,0,0,0,0,0,0,0,0,0,0,0,0,0,0,0,0,0,0,0,1.09250747147187,0,0,0,0,0,0,0,0,0,0,0,0,0,0,0,0,0,-4.17744489118284,0,0,0,0,0,0,0,0,0,0,0,0,0,0,0,0,0.0955711703821205,0,0,0.0164104051029041,0,0,0,0,0,0,0,0,0,0,0.364590757625327,0,0,0,0,0,0,0,-0.00622727855256588,0,0,0,0,0,0,0,0,0,0,0,0,0,0,0,0,0,0,0,0,0,0,-0.656553611853192,0,0,0,0,0,0,0,0,0,0,0,0,0,0,0.0771623352312862,0,0,0,0,0,0,0,0,0,0,0,0,0,0,0,0,0,0,0,0,0,0,0,0,0,0,0,0.821534179629923,0,0,0,0,0,0,0,0,0,0,0,0,0,0,0,0,0,0,0,0,0,0,0,0,0,0,0,0,0,0.2711343516674,0,0,0,0,0,0,0,0,0
0,0,0,0,0,0,0,0,0,0,0,0,0,0,0,0,0,0,0,0,0,0,0,0,0,0,0,0,0,0,0,0,0,0,0,0,0,0,0,0,0,0,0,0,0,-0.335546047983078,0,0,0,0,0,0,0,0,0,-5.21208152246224,0,0,0,0,0,0,0,0.0869133262852269,0,-0.898018232997384,0,0,0,0,0,0,0,0,0,0,0,0,0,0,0,0,0,0.139959326083236,0,0,0,0,0,0,0,-0.256056599717302,0,0,0,0,0,0,0,0,0,0,0,0,0,0,0,0,0,0,0,0,0,0,0,0,0,-0.209658405866747,0,0,0,0,0,0,0,0,0,0,0,0,0,-0.0261802519941821,0,0,0,0,0,0,0,0,0,0,0,0,0,0,0,0,0,0,0,0,0,0,0,0,0,0,0,0,0.598885401514183,0,0,0,0,0,0,0,0,0,0,0,0,0,0,0,0,0,0,0,0,0,0,0,0,0,0,0,0,0,0,0,0,0,0,0,0,0,0,0
0,0,0,0,0,0,0,0,-0.0563257119155081,0,0,0,0,0,0,0,0,0,0,0,0,0,0,0,0,0,0,0,0,0,0,0,0,0.0110158513936494,0,0,0,0,0,0,0,0,0,0,0,0,0,0,0,0,0,0,0,0,0,-5.56973626675872,0,0,0,0,0,0,0,0,0,0,0,0,0,0,0,0,0,0,0,0,0,0,0,0,-0.0911914381423113,0,0,0,0,0,0.0718633282408354,0,0,0,0,-1.01417557828704,0,0,0,0,0,0,0,0,0,0,0,0,0,0,0,0,0,0,0,0,0,0,0,0,0,-0.135068132157553,0,0,0,0,0,0,0,0,0,0,0,0,0,0,0,0,0,0,0,0,0,0,0,0,0,0,0,0,0,0,0,0,0.359993124115092,0,0,0,0,0,0,0,0,0,1.49518477098848,0,0,0,0,0,0,0,0,0,0,0,0,0,0,0,0,0,0,0,0,0,0,0,0,0,0,0,0,0,0,0,0,0,0,0,0,0,0,0
0,0,0,0,0,0,0,0,0,0,0,0,0,0,0,0,0,0,0,0,0,0,0,0,0,0,0,0,0,0,0,0,0,-0.175766644532001,0,0,0,0.998631389688422,0,0,0,0,0,0,0,0,0,0,0,0,0,0,0,0,0,-5.03958122593472,0,0,0,0,0,0,0,0,0,0.0429762779588589,0,0,0,0,0,0,0,0,0,0,0,0,0,0,0,0,0,0,0,-0.339178578530844,0,0,0,0,0,0,0,0,0,0,0,0,0,0,0,0,0,0,0,0,0,0,0,0,0,0,0,0,0,0,0,0,0,0,0,0,0.208141681502689,0,0,0,0,0,0,0,0,-0.559542498083092,0,0,0,0,0,0,0,0,0,0,0,0,0,0,0,0,0.132809639075936,0,0,0,0,0,0,0.132813789705715,0,0,0,0,0,0,0,0,0,0,0,0,0.00493007656882072,0,0,0,0,0,0,0,0,0,0,0,0,0,0,0,0,0,0,0,0,-0.0776918395731823,0,0,0,0,0,0,0,0,0,0
0,0,0,0,0,0,-0.347857086123374,1.07144551110998,0,0,0,0,0,0,0,0,0,0,0,0,0,0,0,0,0,-2.30653206839836,0,0,0,0,-0.984507429124576,0,0,0,0,0,0,0,0,0,0,0,0,0,0,0,0,0,0,0,0,0,0,0,0,-0.434402894110263,0,0,0,0,0.423980873620112,0.525491327984661,0.536399367461075,0,-0.633171921854787,0,0,0,0,0,0,0,0,0,0,0,0,0,0,0,0,0,0,0,0,0,0,0,0,0,0,0,0,0,0,0,0,0,0,0,-0.282942149818311,0,0.0781795970550123,0,0,0,0,0,0.506020639609868,0,0,0,0,0,0,0,0,-0.326477960464073,0,-0.720304326558059,0,0,0,0,0,0,0,0,0,0,0,0.280149330622917,0.121728435842489,0,0,0,0,0,0,0,0,0,0,-0.142608911216609,0,0,0,0,0,0,0,0,0,0,0,0,0,0,0,0.0168513328300413,-0.0677725056316871,0,0,0,0,0,0,0,0,0,0,0,0,0,0,0,0,0,0,0,-0.452828503583345,0,0,0,0.303114432139347,0,0,0,0,0,0.0339578584299545,0,0,0,-0.472611985558695,0,0,0,0.249968507324508,0
0,0,0,0,0,-0.41977645095545,0,0,0,0,0,0,0,0,0,0,0,0,0,0,0,-0.864728775863583,0,0,0,0,0,0,-0.490967636174025,0,0.487684544203211,0,0,0,0,0,0,0,0,0,0,0,0,0,0,-0.0586321038351798,-1.7336954386375,0,0,0,0,0,-0.400856187709748,0,0,-0.692444543379527,0,0,0,0,0,0,1.03079031781848,-0.234476506757601,0,0,-0.269718584015572,-0.289097879964912,0,0,-1.22355807351609,0,0,0.53222513215421,0,0,0,1.78839692181424,0,0,0,0,0.188260581741877,0,1.98200190617639,0,0,0,0,0.27314195916153,0,0,0,0,0,0,0,0,0,0,0,0,0,0.268859909268951,0,0,0,0,0,0.0559391410993009,0,0.0514373751472121,0,0,0,0,0,0,0,0,-0.624850967734134,0,0,0,0,0,0,0,0,-0.281564417564738,0,0,0,0,0,0,0,0,0,0,0,0,0,0.206230416131739,0,0,0,0,0,0,0,0,0,0,0,0,0,0,0,0,0,0,0,0,0,0,0,0,0,0,0,0,0,0.66732479900077,0,0,0,0,0,0,0,0,0,0,0,0,0,0,0,0,0,0,0,0,0,0,0,0,3.36874987639567,0
0,0,0,0,0,0,0,0,0,0,0,0,0,0,0,0,0,0,0,0,0,-0.813531250141494,0,0,0,0,0,0,0,0,0,0,0,0,0,0,0,0,0,0,0,0,0,0,0,0,0,0,0,0,0,0,0,0,0,0,0,0,0,0,0,0,0,0,0,0,0,0,0,0,0,0,0,0,0,0,0,0,0,0,0,0,0,0,0.154471665279388,1.35539535995941,0,0,0,-0.316395234698935,0,0,0,0,0,0,0,0,0,0,-0.060971714326679,0,0,0,0,0,0,0,0,0,0,0,0,0,0,0,0,0,0,-0.000420944181008798,0,0,0,0,0,0,0,0,0,0,0,0,0,0,0,0,0,0,0,0,0.00826915073835477,0,0,0,0,0,0,0,0,0,0,0,0,0,0,0,0,0,0,0,0,0,0,0,0,0,0,0,0,0,0,0,0,0,0,0,0,0,0,0,0,0,0,-0.869047364384189,0,0,0,-0.0629785713314575,0,0,0,0,0,0,0,0,0,0,0,0
0,0,0.706432946062173,0,0,0,0,0,0,-0.0685418075141673,0,0,0,0,0,0,0,0,0,0,0,-0.506409709983449,0,0,0,0,0,0,0,0,0,0,0,1.38209126154678,0,0,0,0,0,0,0,0,0,0,0,0,0,0,0,0,0,0,0,0,0,0,0,-0.0682284469359786,0,0,0,0,0,0,0,0,0,0,0,0,0,0,0,0,0,0.141993473655228,0,0,0,0,0,0,0,0,0,0,0,0,0,0,0,0,0,0,0,0,0,0,0,0,0,0,0,0,0,0,0,0,0,0,0,0.0815727389794643,0,0,0,0.078710830924293,0,0,0,0,0.0190196492174539,0,0,0,0,0.662424489220846,0,0,0,0,0,0.203530455901766,0,0,0,0,0,0,0,0,0,0,0,0,0,0,0,0,0,0,0,0,0,0,-0.408828265922126,0,0,0,0,0,-0.0695979125694035,0,0.00273934481705873,-0.340343373751818,0,0,0,0,0,0,0,0,0,-0.227263749645688,0,0,0,0,0,0,0,0,0,0,0.0666658340347031,0,0,0,0,0,0,0,0,0,0,0,0,0,0,0
0,0,0.427788859188374,0,0,0.170749486547187,0,0,0,0.272945396962148,0,0,-0.140344801884752,0,0,0,0,0,0,0,0,-0.085441227018221,0,0,0,0,0,0,0,-0.580113205301802,0,0,0,0,0,0,0,0,0,0,0,0,0,0,0,0,0,0,0,0,0,0,0,0,0,0,0,0,0,0,0,0,0,0,-0.94639020884632,0,0,0,0,0,0,0,0,0,0.0700910103694845,0,0,0,1.04002255136095,0,0,0,-0.000732641524901601,0,0,0,0,0,0,0,0,0,-0.317190992312105,0,0,0,-0.00353431378690883,0,2.78843387410199,0,0,0,0,0,0,0,0,0,0,0,0,0,0,0,0,0,0,0.0274406052785325,0,0,0,0,0,0,0,6.18299628512523,0,-0.173009089794927,0,0,0,0.0819683059896705,0,0,0,0,0,0,0,0,0,0,0,0,0,0,0,0,0,0,0,0,1.44229522615721,0,0,0,0,0,0,0,0,0,0,-0.0740732819369867,0,0,0,0,0,0,0,0,0,0,0,0,-0.872347978282118,0,0.428101772709707,0,0,0,0,0,0,0,0,0,0,0,0,0,0,0,0,0,0,0,0,0
0,0,0,0,0,0.933981573532104,0,0.418661317615246,0,0,0,0,0.160474736044526,0,0,0,0.945784220213825,0,0,0,0,-0.262483234473052,0,0,-2.47992066271834,0,0,-0.110391407919535,0,0,0,0,0,0,0.0477127186320072,0,0,-1.0571320539025,0,0,1.65743986886027,0,0,0,0,0.828638832306597,0,0,0.0539003064947978,0,0,-0.244407428789907,0,0,0,0,0,0,0,0,-0.171441314935887,-0.152744394711386,0,0,0,0,0.48735216311011,0,0,0,0,0.71363771650723,0,0,-0.734802804155392,0,0,0,-3.4468851847591,0,0,0,0,0,0.334855223316277,0,0,-0.142856539167182,0,0,0.00701266924429911,0,0,0,0,0,0,-0.687003338006552,0,0,0,-0.900784292139323,-0.016052422553138,0,0,0,0,-14.6941327666434,0,-0.39343101743952,0.605852030458113,0,0.0425113250413873,0,-0.17799953707649,0,0,0,0,0,0,-0.377681899254449,0.225220598822933,0,0,0,0,0,0,0,-0.347264262118732,0,0,0,0.564781048829625,0,0,0,0,0,0,0,0,0.279260291059176,0,0,0,0,0,0,0,0,0,0,0,0,0.355431741188954,0,0,-0.0395405800294995,0,0,0,0,0,0,0,-0.339199577188069,0,0,0,0,0,0,0,0,0,-0.390879783404202,0,0,-0.23801028235544,2.02067179785162,0,0,-1.78216399382824,0,0,0,0,-0.68260976675206,0.218025444133636,0,0,0.539886095706986,0.791989363462434,0,0,0,0.70444866406301,0
0,0,0,0,0,0,0,0,0,0,0,0,0,0,0,0,0,0,0,0,0,0,0,0,0,0,0,0,0,-1.77841610203405,0,0,0,0,0,0,0,0,0,0,0,0,0,0,0,0,0,0,0,0,0,0,0,0,0,0,0,0,0,0,0,0,0,0,0,0,0,0,0,0,0,0,0,0,0,0,0,0,0.568176580450927,0,0,0,0,0,0,0,0,0,0,0,0,0,0,0,0,0,0,0,0,0,0,0,0,0,0,0,0,0,0,0,0,0,0,0,0,0,-0.246220529760295,0,0,0,0,0,0.11409967902841,0,0,0,0,0,0,0,0,0.353472991426758,0,0,0,0,0,0,0,0,0,0,0,0,0,0,0,0,0,0.300682064521553,0,0,0,0,0,0,0,0,0,0,0,0,0,0,0,0,0,0,0,0,0,0,0,0,0,-0.221280133311677,0,0,0,0,0,0,0,0,0,0,0,0,0,0,0,0,0,0,0,0,0,0,0,0
0,0.514526200021664,0,0,0,0.42780359064957,0,0,0,-0.462636833940462,0,0,0,0,0.152226455568189,0,0,0.408045918713279,0,0,0,0,0,0,0,0,0,0,0,0,0,0,0,0,0,0,0,0,0,0,0,0,0,0,0,0,0,0,0,0,0,0.0388226191675809,0,0,0.246443229017656,0,0,0,0,0,0,0,0,0,0,0,0,0,0,0,0.334718670655138,0,0,0,0,0,0,0,0,0,0,0,0,0,0.366014502322841,0,0,0,0,0,0,0,-0.473085991238642,0,0,0,0,0,0,0,0,0,0,0,0,0,0,0,0,0,0,0,0,0,0,0,0,0.434837052616978,0,0,0,0,0,0,0,-0.0635575512221007,0,-0.2705947204637,0,0,0,-0.137814399385315,0,0,0,0,0,0,0,0.90870186965201,0,0,0,0.256121213879753,0,0,0,0,0,0,0,0,0,0,0,0,0,0,0,-0.36842266694449,0,0,0,0,0,0,0,0,0,0,0,0,0,0,0,0,0,0,0,0,0,0,0,0,0,0,0,0,0,0,0,0,0,0,0,0,0.142197502351879,0,0,0
0,0,0,0,-0.115677713135632,0,0,-0.379947128821763,0,0,2.43566857200344,0,0,0,0,0,0,0,0,0,0,0,-0.287209483711066,0,-0.139662593885348,0,0,0,0,0,0,0,0,0,0,0,0,0,0,0,0,0.260517281534414,0,1.52067796916508,-0.747093000665015,0,0,0,0,0,0,0,0,0,0,0,-0.0422360714787886,0,0,0,0,0,0,0,0,0,0,0,0,0,0,0,0,0,0,0,0,1.09711326998126,0,0.379835498342015,2.40701572500516,0,0,1.37315399587907,0.0405341270260404,0.145678951288033,0,0,0,0,0,0,-0.251796032231349,0,0,0,0,0,0,0,0,0,0,-0.156722984803774,0,0,0,0,0,0,0,0,0,0,0,0,0,0,0,0,0,0,0,0,0,0,0,0,0,0,0,0,0,0,0,0.138777133797882,0,0,0,0,0,0,0,0,0,0,0,0,0,0,0,0,0,0,0,0,0,0,0,0,0,0,0,-0.078049081753897,0,0,0,0.937085843421828,0,0,0.00349529190222753,0,0,0,0,0,0,0,0.21127575245866,0,0,0,0,0,0,0,0,0,0,0,0,0,-0.261464942760212,0,0,-0.946923241003033,0.0129518990858608,0,-0.127333065287478,0
0,0,0,0,0,0,0,-0.389950632990944,0,0,0,0,0,0,0,0,0,0,0,0,0,-0.698949975132338,0,0,0,0,0,0,0,0,0,0,0,0,0,0,0,0,0,0,0,0,0,0,0,0,0,0,0,0,0,0,0,0,0,0,0,0,0,0,0,0,0,0.427755676248126,0,0,0,0,0,0,0,0,0,0,0,0,0,0,0,-0.0788745459111475,0,0,0,0,0,0,0,0,0,0,0,0,0,0,0,0,0.297445615409128,0,0,0,0,0,0.428089068271509,0,0,0,0,0,0,0,0,0,0,0,0,0,0,0,0,0,0,0,0,0,0,0,0,0,0,0,0.552916182240398,0,0,0,0,0,0,0,0,0,-0.055171220038013,0,0,0,0,0,0,0,0,0,0,0,0,0,0.24092540139079,0,0,0,0,0,0,0,0,0,0,0,0,0,0,0,0,0,0,0,0,0,0.385300406285991,0,0,0,0,0,0,0,0,0,0,0,0,0,0,0,-0.415583086268878,0,0,0,0,0,0,0
0,0,0,0,0.0209749629861582,0,0,0,0,0,0,0,0,0,0,0,0,0,0,0,0,-0.907783297861947,0,0,0,0.0800035990559518,0,0,0,0,-0.100588144347185,0,0,0,0,-0.0559797025132345,0,0,0,0,0,0,0,0,0,0,0,0,0,0,0,0,0,0,0,0,0,0,0,0,0,0,0,0.777970200557522,0,0,0,0,0,0,0,0,0,0,0,0,0,0,0,0,0,0,0,0,0,-0.453543397329541,-1.34250113192524,-0.0471550532950955,0,0.0997527935372773,0.124797312849416,0,0,0,0,0,0,0,0.264203302980255,0,0,-1.31304227468108,0.21582639006871,0,0,0,0,0,0,0,0,-0.065865996857196,0.325189669784932,0,0,-0.122024120154614,0,0,0,0,0,-0.0576232466390174,-0.219634879706047,0,0,0,0,0,0,0,-1.16678356066172,0,0,0,0,0,0,0,0,0,0,0,0,0,0,0,0,1.14586802247376,0,0,0,0,-0.0727533381136112,0,0,0,0,0,0,0,-1.56952695474163,0,0,0,0,0,0,0,0,0,0,0,0,0,0,0,0,0,0,0,0,0,0,0,-0.81203350341647,0,0,0.265585968837817,0,0,0,0,0,0,0,0,0,0,0,0
0,0,0.727526884691208,0,0,0,-3.01329036938333,0,0,0,0,0,0,0,0,0,0,-0.163385441060521,0,0,0,-1.1436091661773,1.07976415487911,0,0,1.38187198632171,-0.383160290903727,0,-0.601556735397766,0,0,0,0,0,0,0,0,0,0,0,0,0,0,0,0,0,0,0,0,0,0,0,0,0,0,0,0,0,0,0,0,0,2.47679030569141,0,0,0,0,0,0,0,0,0,0,0,0.197425722313182,0,0,0,0,0,0,0,0,0,0,0,0,0,0,0,0,0,0,0,0,0.0259897153915125,0,0,0,0,0,0,0,0,0,0,0,0,0,0,0,0,0,-0.272514238126291,0,0,0,0,0,0,0.715843680976496,-0.347263342368256,0,0,0,0,0,0,0,0,0,0,0,0,0,0,0,0,0,0,0,0,0,-0.088082762962175,0,0,0,0.405092759020803,0,0,0.0392547960736869,0,-0.142666781493149,0,0,0,0,0,0,0.287138671073569,0,0,0,0,0,0,0,0,0,0,0,0,0,0,0,2.06398823340817,0,0,0,0,0,0,0,-0.430105159088695,0,0,0,0,0,0,0,0,0,0,0,0,0,0,0,0.145494287330248
0,0,0,0,0,0,0,0,0,0,0,0,0,0,0,0,0,0,-0.0327375133175882,0,0,0,0,0,0,0.934311538521218,0,0,0,0.704884238313941,-0.173380093269342,0,0,0.546920477427667,0,-1.11866061285657,0,0,0,0,0,0,0,0,0,0,0,0,0.0668543439131228,0,0,0,0,0,0.115088324442717,0,0,0,0,0,0,0,0,0,0,0,0.0403041241061726,0,0,0,0,0,0,-0.30990076638893,0,0,0,-1.79812156299623,-1.12606268086354,1.54739166488077,0.812479329720688,0.148704984506548,0,0.178023189777575,0,0,0,0,0,0,0,0.138976101544133,0,0,-0.354307301806959,1.52281149156149,0,0.296613059666051,1.49776532816175,0,0,0,0,0,-1.2147081870779,0,0,-0.196650940884236,0.629042960714506,-0.0971718235490238,0,-0.143438239212583,0,0,-0.184748967703487,0,0,0,0,0,0,-1.11471345461094,0,0,0,0.123023343579347,0,0,0,0,0,0.567825490038702,1.01591315941453,0,0,0,0,0,0,0,0.134485301615863,0,0,-0.15573922291322,0,0,0,0,0,0,0,0,0,-0.117535157474208,0,0,0,0,0,0,-0.268733425065129,0,0,0.571147783499216,0,0,0,0,0,-4.15070244458236,0,0,0,0,-0.850377357099608,0,-1.42659784996578,0,0,0,0,0,0,-0.407462737018994,0,0,0.660004028957919,0,0,-1.06365470794486,0,0,-2.37446997840953,0,0,0,0,1.14343535234745,0,0.435181869466139
0,0,0,0,0,1.02635954250061,0,0,0,0,0,0,0,0,0,0,0,0,0,0,0,0,0,0,1.51411770937016,0,0,0,0,0,0,0,0,0,0,0,0,-0.102449491372492,0,0,0,0,0.745619717154512,0,0,0,0,0,0,0,0,0,0,0,0,0,0,0,0,0,0,0,0.57598240654269,1.75399085453191,0,0,0,0,0,0,0,1.89172947608161,-0.134552834680419,-0.262754840010497,0,0.0601451973539644,0.684462036036318,-0.907226689251966,-1.6480203813367,0,0,0,0,0,0,-2.34095412824306,0,0,0,-2.88331803778132,0.62607046444778,0,0,0,0,0,0,0,0.962052095018751,1.36465007320324,0,-1.30549984763908,0,0,0,0,0,0,-0.349840646622968,0,0,-0.645352163745984,0,0,-2.56732206243106,0,0,0,0,0.110891975080519,0,1.18392421531878,0,0,0,1.98593707869347,0.001967829672048,0,0,0,0,0,0,0,0,0.805705335362626,0,0.584226242883075,0,0,0,0,0,1.29927647829549,0,0.728426336669009,0,0,0,0,0,0,0,0.113655074040888,0,-0.0517382854326094,0,0.135793138308381,0,0,0,0,0,0,0,0,0,0,1.88310862466771,0,-0.216106440970868,0,0,0.876264416878708,0.0241947706546208,1.40121816435208,0,0,0,0,0,0,0,0,0,0,0,0.0908726940237188,0,0,0,0,0,0,0.0572522596358953,-4.71751557885505,-0.49175051572003,0,0,0
0,0,0.0213747871382663,0,0,0,1.20217800382453,0,0.0561604414747479,0,0,0,0,0,0,0,0,0,0,-0.29217896079982,0,-0.169224390588216,0,0,0,0,0,0,0,0,0,0,0,0,0,0,0,0,0,0,0,0,0,0,0,0,0,0,0,0,0,0,0,0,0,0,0,0,0,0,0,0,0,0,-0.25145430120802,0.721772024974304,0,0,0,0,0,0,0,0,0,-0.352833414757094,0,-0.134354697618882,0,-0.170069495535186,0,0,0,0.059295665265747,0,0,0,0,0,0,0,0,0,0,0.0298814712450901,0,0,0,-0.0903757265062999,0,0,0,0,0,0,0,0,0,0,0,0,0,0,0,0,0,0,0,0,0,0,0,0,0,0,0,0,0,0,0,0,0,0,0,0,0,0,0,0,0,0,0,0,-4.16821093988004,0,0,0,0,0,0,0,0,0,0,0,0,0,0,0,0,0,0,0,0,0,0,0,0,0,0,0,0,0,0,-0.180244150031157,0,0,0,0,0,0,0,0,-0.702975984899779,0.952886704515211,0,0,0.183747408404881,0,-0.237790810478413,0,0,0,0,0,0,0,0,0,0
0,0,0,0,0,0,0.062829745962149,0,0,0,0,0,0,0,0,0,0,0,0,0,0,-0.843584269574036,0,0,0,0,0,0,0,0,0,0,0,0,0,0,0,0,0,0,0,0,0,0,0,0,0,0,0,0,0,0,0,0.0386878089267486,0,0,0,-0.247871302379228,0,0,0,0,0,0.690834030542951,0,0,0,0,0,0,0,0,0,0,0,0.0267062326356029,0,0,0,0,0,0,0,0,0,0,0,0,0,0,0,0,0,0,0,0,0,0,0,0,0,0,0,0,0,0,0,0,0,0,0,0,0,0,0,0,0,0,0,0,0,0,0,0,0,0,0,0,0,0,-0.162680814549149,0,0,0,-0.804417770784673,0,0,0,0,0,0,0,0,0,0,0,0,0,0,0,0,0,0,0,0,0,0,0,0,0,0,0,0,0,0,0,0,0,0,0,0,0,0,0,0,0,0,0,0,0,0,0,0,0,0,-0.0287154994949206,0,0,0,0,0,0,0,0,0,0,0.110504676666885,0,0,0
0,0,0,0,0,0,0,0,0,0,0,0,0,0,0,0,0,0,0,0,0,-0.521582473830746,0,0,0,0,0,0,0,0,0,0,0,0,0,0,0,0,0,0,0,0,0,0,0,0,0,0,0,0,0,0,0,0,0,0,0,0,0,0,0,0,0,0,0,0,0,0,0,0,0,0,0,0,0,0.224888464204543,0,0,0,0,0,0,0,0.340603337220424,0,0,0,0,0,0,0,0,0,0,0,0,0,0,0,0,0,0,0,0,0,0,0,0,0,0,0,0,0,0,0,0,0,0,0,0,0,0,0,0,0,0,0,0,0,0,0,0,0,0,0,0,-0.413136912727034,0,0,0,-0.00787743193507162,0,0,0,0,0,0,0,0,0,0,0,0,0,0,0,0,0,0,0,0,0,0,0,0,0,-0.988021872903708,0,0,0,0,0,0,0,0,0,0,0,0,0,0,0,0,0,0,0,0,0,0,0,0,0,0,0,0,0,0,0,0,0
0,0,0,0,0,0,0,0,0,0,0,0,0,0,0,0,0,0,0,0,0,-0.0453748457604621,0,0,0,0,0.0086566985964398,0,0,0,0,0,0,0,0,0,0,0,0,0,0,0,0,0,0,0,0,0,0,0,0,0,0,0,0,0,0,0,0,0,0,0,0,0,0,0,0,0,0,0,0,0,0,0,0,0,0,0,0,0,0,0,0,0,0,0,0,0,0,0,0,0,0,0,0,0,0,0,0,0,0,0,0,0,0,0,0,0,0,0,0,0,0,0,0,0,0,0,0,0,0,0,0,0,0,0,0,0,0,0,0,0,0,0,0,0,-0.395421702599457,0,0,0,0,0,0,0,0,0,0,0,0,0,0,0,0,0,0,0,0,0,0,0,0,0,0,0,0,0,-0.754698766614243,0,0,0,0,0,0,0,0,0,0,0,0,0,0,0,0,0,0,0,0,0,0,0,0,0,0,0,0,0,0,0,0,0
0,0,0,0,0,0,0,0,0,0,0,0,0,0,0,0,0,0,0,0,0,-0.172929752872075,0,0,0,0,0,0,0,0,0,0,0,-1.99753466877234,0,0,0,0,0,0,0,0,0,0,0,0,0,0,0,0,0,0,0,0,0,0,0,0,0,0,0,0,0,0,0,0,0,0,0,0,0,0,0,0,0,0,0,0,0,0,0,0,0,0,0,0,0,0,0,-0.912261746796841,0,0,0,0,0,0,0,0,0,0,0,0,0,0,0,0,0,0,0,0,0,0,0,0.347990957920447,0,-0.15729084641864,0,0,0,0,0,0,0,0,0,0,0,0,0,0,0,0,0,0,0,-0.313460795987788,-0.881967196042318,0,0,0,0,0,0,0.0712325130384239,0,0,0,0,0,0,0,0,0,0,0,0.318191819009982,0,0,0,0,-0.0834392400794159,0,0,0,0,0,-1.49876619519166,0,-0.550640064568717,0,0,0,0,0,0,-0.815885264477509,0,0,0,0,0,0,0,-0.542628537684884,0,0,0,-1.68237580729185,0,0,0,0,0,0,0.100014813354698,0,0,0.820053968573172,-2.38630701277715,0
0,0,0,0,2.46083523961556,0,0,0,5.04657871541097,0,0,0,0,0,-1.52648711056949,0,0.526159181506294,2.15137104384764,0,0,1.27502189454715,-0.488714224040598,-0.0335813867058965,0,0,0,0,0.115838351605783,-0.806784428474787,1.64869191879791,0,0,0,-9.13598263052393,0,0,0,0,0,0,1.08908539371651,0.495509151817413,0,0.752757697912032,-6.48235930469107,0,0,-0.0109340776978499,-0.278655994865192,0.850009529391252,0,0,-1.48615537607198,-0.454793875011289,0,0,1.19686717084651,0,0,0,0,0,-1.11280768715307,0,0,0,0,0,0,0,0,0,0.843603389695935,-0.695832440210547,0,0,0,0,1.11327716030021,0,0,-3.52751064106805,0,0,0,0,0,0,0,0,1.56750544400744,0,-0.6138925832653,0,4.11390317673616,0,1.12933839548029,0,0,0,1.01273843005122,0,0,0,0,0,0,0,0,0.94923812737056,0,0,-0.18023608380744,2.52608165952893,-1.26878532845142,0,0,0,0,0,0,0,0,0,0,0,0,-0.132119502218399,-10.5219852340075,-1.34950132658209,0,4.71629079005423,2.20840101055048,0,-0.984689706942428,0,0,0,0,0,0,0.409483480278154,0,0.959495573668865,0,0,0,0,-0.48396968218327,0,0,0,0,0,-3.00101613268108,-0.614475223315715,0,0,0,0.390089687317678,0,-0.292092867367334,0,0,0,0,0,0,0,0,-2.60689012934196,-0.298760400172764,0,0,0.585607948222006,-3.7002518568968,0,0,0,0.0487897857825024,-0.563777345203982,-2.46593201146113,0,-3.85042008422855,0.671607885255732,0,0.0633975774291289,-3.26184483103443,0,0,1.5481071897237,0,0,-1.75436078928955,-1.03785032753153,-1.75095017148899,0.294691624923509,0,-0.0343238009886155,0.95883945119813
0,0,0,0,0,0,0,0,0,0,0,0,0,-0.639460282848379,-0.263295019210017,0,0,0,0,0,0,0,0,0,0,0,0,0,0,0,0.037457606807733,0,0,0,0,0,-0.263561833785324,-0.869737125268993,0,0,0,0,0,0,-0.242375334973326,0,0,0,0,0,0,0.869358213376588,0,0,0,0,0,0,0,0,0,0.0512432357420716,0,0,0,-0.120009028614485,0,0,0,0,0,0,0,0,0,0,0,-0.542914092550524,-1.59125086134865,0,4.11916209300652,0,-0.172187407072252,0,0,0,0.283247771319361,0,0,0,0,0,0.0759897248238015,0,0.0353393565118276,-0.00362458110587238,0,0,0,0,0,0,0,0.291432652209243,0,0,0,0,0,0,0,0,0,0,0,0,0,0,0,0,0,0,0,0,0,-0.283458186937006,0,0,0,0.699670684270672,-0.799094284196751,0,0,0,0,0,0,0,0,0,0,0,0,0,0,0,0,-0.241436844342088,0,0,0,0,0,0,0,0,0,0,0,-0.70017696793102,0,0,0,0,0,0,0,0,0,0,0,0.578229069782673,0,0,0,0,0,0,0,-0.969471969700082,0,0,-0.189871302638461,0.717107215219297,1.46321057413967,0,-0.271181984062519,0,0,0,-0.229415769010818,0,-0.777158420836537,0,0,0,0,0,0,0
0,0,0,0,0,0,0,0,0,0,0,0,0,0,0,0,0,0,0,0,0,-0.103924429282654,0,0,0,0.667497348635489,0,0,0,0,0,0,0,0,0,0,0,-0.402958433966889,0,0,0,0,0,0,0,0,0,0,0,0,0,0.663452590055045,0,0,0,0,0.176318530550382,0,0,0,0,0.204196866813972,0,0,0,0,0,0,0,0,-1.09875491095479,0,0,0,0,0,0,0,0,0,3.87489038259718,0,0,0.552428484002519,1.07801977435986,0,0,0,0,0,0,0,0,0,0,0,0,0,0,0,0,0.318382524660874,0,0,0,0,0,0,0,0,0,0,0,0,-1.06321607794501,0,0,0,0,0,0,0,-0.462889608084452,0,0,0,-0.154257566593704,0,0,0.373431477160159,0,0,0,0,-0.0786710792231953,0,0,0,0,0,-0.41687412231199,0,0,0.450386577164793,0,0,0,-0.000790662234075423,0,0,0,0,0,0,-1.08425939892739,0,0,0,0,0,0,0,0,0,0,0,0,0.291918199387319,0,0,0,0.133510400403395,0,0,0,0,0,0,0,0,0,0.0113906431582582,-0.0352419124899186,0,1.58015224554542,0,0,0,0,0,0,0,-0.533362011440541,0,0,0,0,0,0,0
0,0,0,0,0,0,0,0,0,0,0,0,0,0,0,0,0,0,0,0,0,-0.010306652945671,0,0,0,0,0,0,0,0,0,0,0,0,0,0,0,0,0,0,0,0,0,0.0383723183143561,2.7131391752222,0,-0.0402415372532825,0,0,0,0,0,0,0,0,-0.484099885576583,0,0,0,0,0,0,0,0,0,0,0,0,0,0,0,0,0,0,0,0,0,0,0,0,0,0,0,0,-0.12237054614598,0,0,0,0,0,0,0,0,0,0,0,0,0,0,0,0,0,0,0,0,0,0,0,0,0,0,0,0,0,0,0.332782301176647,0,0,0,0,0,0,0,0,0,0,0,0,0,0,0,0,0,0,0,0,0,0,0,0,0,0,0,0,0,0,0,0,0,0.114716072264654,0,0,0,0,0,0,0,0,0,0,-2.51985773340203,0,0,0,0,0,0,0,0,0,0,0,0,0,0,0,0,0,0,0,0,0,0,0,0,0,0,0,0,0,0,0,0,0,0,0,0,0,0,0
0,0,2.25282236303958,0,0,0,0,-0.469420232730337,0,0,0,0,0,0,0,0,0,0,0,-0.964306608084172,0,0,0,0,0,0,-0.38085471630688,0,0,-0.515326915947964,0,0,0,-0.290217232528718,0,-0.407041973231008,0,0,0,0,0,0,0,0,0,-0.264444823347704,0,0,0,0,0,0.00305230065537798,0,0,0,0,0,0,0,0,0,0,0,0,0,0.107352831022878,0,-0.316525777258009,0,0,0,0,0,0,0,0,0,-1.6176130897622,-1.67357088508794,0,0,0,0,0.125556345571147,0,0,0,-0.0175537859324564,0,0,0,-0.0434914323823341,0,0,0,0.341274809000446,0,1.40379694842403,1.49507407125452,0,0,0,0,0,0,0,0,0,0.326748123425497,0,0,0,0,0,0,-0.367902255005211,0,0,0,0,0,-1.24593718837881,0,0,0,0,-0.38939657359923,0,0,-0.338999935052684,0,-0.691028469301689,0.703802520811282,0,0,0,0,0,0,-0.241867625109704,0,0,0,0,0,0,0,0,0,0,0,0,0,-0.0183598621355079,0,0,0,0,0,0,0,-0.0855781244550307,0,0,0,0,0.70338564169409,0.175169309342781,0,-1.27744094476723,0,0,0,0,0,0,0,0,0,0,0,0,0,0,0,0,0,0,0,0,0,0,-1.49173414577571,0,0,0,0,0,0,0
0,0,0.680180195443338,0,0,0,0,0,0,0,0,0,0,0,0,0,0,0,0,0,0,0,0,0,0,0,0,0,0,0,0,0,0,-0.466851020919231,0,0,0,0,0,0,0,0.415212517888866,0,0,0,0,0,0,-0.0790515280695716,0,0,0,0,0,0,0,0,0,0,0,0,0,0,0,0,0,0,-0.838997578486572,0,0,0,0,0,0,0,0,0,0,0,-0.190311240956065,0,0,0,0,0,0,0,0,0,0,0,0,0,0,0,0,0,0,1.64986259139471,0.502896965614375,0,0,0,-0.350251476225713,0,0.209642581805799,0,-0.442628511089716,0,0,0,0,0.279642217915852,-0.474177019337017,0,-0.0889281522074146,0,0,0,0,0,0,0,0,0,0,0,0,0,0,0,0,0,0,0,0,0,0,0,0,0.961624023394537,0,0,0,0,0,0,0,0,0.228728587317692,0,0,0,0,0,0,0,0,0,0,0,0,0,0,0,0,0,0,0,-0.29173867796855,0,0,0,0.618633145941861,0,0,0,0,0,0,0,0,0,0,0,0,0,0,0,0,0,0,0,0,0,0,0,0,0,0
0,0,1.01036076381372,0,0,0,0,-0.636134980263533,0,0,-0.63142310659048,0,0,0,0,0,0,0,0,0,0,0,0,0,0,0,0,0,0,0,0,0,0,-0.351711145477556,0,0,0,0,0,0,0,0,0,0,0,-0.266287907643464,0,0,0,0,0,0,0,0,0,0,0,0,0,0,0,0,0,0,0,0,0,0,0,0,0,0,0,0,0,0,0,-0.0622623129388296,0.485953062221206,0,0,0,0,0,0.0856322004366705,0,0,0,0,0,0,0,0,0,0,0,0,0,1.51240339494863,0,0,0,0,0,0,0,0,0,0,0.00550032688080893,0,0,0.0182491301659762,0,0,0,0,0,0,0,0,0,0,0,0,0,0,0,0.0343429369385559,0,0,0,0,0,0,0,0,0,0,0,0,0,0,0,0,0,0,0,0,0.0830513605389347,0,0,0,0,0,0,0,0,0,0,0,0,0,0,0,0,0.0220473428107526,0,0,-0.357312113573699,0,0,0,0,0,0,0,0,0,0,0,0,0,0,0,0,0,0,0,0,0,0,0,0,0,0,0,0,0,0
0,0,0.0882347504607015,0,0.189047035458947,0.0654146336329702,0.585797662239512,0,0,0,0,0,0,0,0,0,0,0,0,0,0,-1.47316074793447,0,3.3882055325137,0,0,0,0,0,0,0,0,0,0,0,0,0,0,0,0,0,0,0,0,0,0,0,0,0,0,0,0,0,0,-0.0481669323918379,0,0,0,0,0,0,0,0,0,0,0,-0.257658635393744,0,0,0,0,0,0,0,0.457478117674876,0,0,0,0,0,-0.125459597672068,0,0,0,0,0,0,0,0.0359937543923208,0,0,0,0,0,0,0,0,0,0,0,0,0,0,1.06707360428332,0,0,0,0,0,0,0,0,0,0,0,0,0,0,0,0,0.235578873493218,-0.160784364048778,0,0,0,0,0,0,0,-0.137346522876992,0,0.534427988841385,0,0,0.292367612278607,0,0,0,0,0,0,0.0211545202248822,0,0,0,0,0,0,0,0,0,0,0,0,0,0,0,0,0.033525297425562,0,0,0,0,0,0,0.0677071813116075,0,0,0,0,0,0,0,0,-0.106861663926786,0,0,0.807834308816168,0,0,0,0,0,0,0,0,0,0.377433222260793,0,0,0,0,0,0,0,0,0,0,0,0
0,0,0,0,0,0,0,0,0,0,0,0,0,0,0,0,0,0,0,0,0,-0.632991934916608,0,0,0,0,0,0,0,0,0,0,0,0,0,0,0,0,0,0,0,0,0,0,0,0,0,0,0,0,0,0,0,0,0,0,0,0,0,0,0,0,0,0,0,0,0,0,0,0,0,0,0,0,0,0,0,0,0,0,0,0,0,0,0,0,0,0,0,0,0,0,0,0,0,0,0,0,0,0,0,0,0,0,0,0,0,0,0,0,0,0,0,0,0,0,0,0,0,0,0,0,0,0,0,0,0,0,0,0,0,0,0,0,0,0,0,0,0,0,0,0,0,0,0,0,0,0,0,0,0,0,0,0,0,0,0,0,0,0,0,0,0,0,0,0,0,0,0,0,0,0,0,0,0,0,0,0,0,0,0,0,0,0,-0.0618794082142424,0,0,0,0,0,0,0,0,0,0,0,0,0,0,0
0,0,0,0,0,0,0,0,0,0,0,0,0,0,0,0,0,0,0,0,0,-0.685459551197276,0,0,0,0,0,0,0,0,0,0,0,0,0,-0.415307546396172,0,0,0,0,0,0,0,0,0,-0.223133063966077,0,0,0,0,0,0,0,0,0,0,0,0,0,0,0,0,-0.179119036956993,0,0,0,0,0,0,0,0,0,0,0,0.0145243031007716,0,0,-0.228807751733152,0,0,0.136324240694679,0,0,0,0,0,0,0,0,0,0,0,0,0,0,0.0534887588109143,0,0,0,0,0,0,0,0,0,0,0,0,0,0,0,-0.0108582227784726,0,0,0,-0.0709517334056426,0,-0.0149025583613345,0,0,0,0,0.12844781602951,0,0,0,0,0,0,-0.0235854443884358,0,0,0,0,0,0,0,0,0,0,0,0,0,0,0,0,0,0,0,0,0,0,0,0,0,0,0,0,0,0,-0.0880123953364549,0,0,0,0,0,0,0,0,0,0,0,0,0.0732326362777309,0,-0.263267378940377,0,0,0,0,0,0,0,-0.803638196348162,-0.231093481346264,0,0,0,0,0,0,0,0,0,0,0,0,-0.247287710474972,0,0
0,0,0,0,0,0,0.511379641068821,0,0,0,0,0,0,0,0,0,0,0,0,0,0,-0.233073201994408,0,0,0,0,0,0,0,0,0,0,0,0,0,0,0,0,0,0,0,0,0,0,0,0,0,0,0,0,0,0,0,0,0,0,0,0,0,0,0,0,0,0,0,0,0,0,0,0,0,0,0,0,0,0,0,0,-0.051272216781765,0,0.222437361928138,0,0,0,0,0,0,0,0,0,0,0,0,0,0,0,0,0,0,0,0,0,0,0,0,0,0,0,0,0,0,0,0,0,0,0,0,0,0,0,0,0,-0.017403992211376,0,0,0,0,0,0,0,0,0,0,0,0,0,0,0,0,0,0,0,0,0,0,0,0,0,0,0,0,0,0,0,0,0,0,0,0,0,0,0,0,0,0,0,0,0,0,0.0285057765952974,0,0,0,0,0,0,0,0,0,0,0,0,0,0,0,0,0,0,0,0,0,0,0,0,0,0,0,0,0,0
0,0,0,0,0,0,0.100019176269569,0,0,-0.211956240046181,0.248252518101358,0,0,0,-0.14728638699193,0,0,0,0,0,0,-1.08002582146787,0,0,0,0,0,-1.95542450720565,1.22729387388859,0.00843078557642829,0,0,0,-0.0876297431450923,0,0,0,0.867252434748659,0,0,0,0,0,0,0,0,0,0,0,0,0,0.289106270008163,0,0,0,0,0.471165963861097,1.62519431962215,0,0,-0.278378626837225,3.51552540559368,0.012215043631435,0,0,0,0.147083250687657,0,0,0,0,-0.408597158635135,0,0,0,0.00948486960052297,0,1.34623981279566,0,0,1.22590910938815,0,0,0,0,0,0,0,0,0,0,-0.169197178373058,-0.254804220425839,0,0,1.45607038083616,0,0,0.155631055040765,0,0,-0.0836090124196334,0,0,0,0,0,-1.49826795871466,0,0,0,0,2.14114950609535,-0.661543820002835,0,-1.51949818891616,1.47566311366048,0,0,1.14573527358419,0,0,0,-1.26782886131431,0,0,0,0,0,0,0,1.94770500263381,0,0,0,0,-0.162021073650073,0,0,-0.259445068386617,-0.960389584850565,0,0,0,0,0,0,0,-3.15606466734429,0,-1.00807369305661,0,-0.891746291578422,0,0,0,0,0,0,0,0,0,1.03787515193593,4.14980809567507,0,-0.141999270364131,0,0,0.525702155758448,0,0,0,-0.47041859069667,0,0.244289163807218,0,0,0,0,0,0,0,0.831174587290208,0,0,-0.588074931899156,0,0,0,0,0,-1.06159165443398,0,-0.327843013340918,0.409355077889978,0,2.23238479523689,0,0,0
0,0,0,0,0,0,0.0738341758151864,0,0,-1.3648997873433,0,0,-0.266198778331284,0,0,0,0,0,0,0,0,-1.21063195577622,0,0,0,0,0,-1.60380333613583,1.23978089010856,0,0,0,0,0,0,0,0,0,0,0.110962402427312,0,0,0,0,0,0,0,0,0,0,0,0,0,0,0,0,0,0.275836019620254,0,0,0,1.79853928152989,0,0,0,0,0,0,0,0,0,0,0,0.157428576871017,0,0.288041557810666,0,0.688649162450479,-0.127506287398421,0,1.12273605943818,0,0,0,0,0,0,0,0,0,0,0,-0.931874790606975,0,0,1.53581158313049,0,0,0.967105870391798,0,0,0,-0.0529081247306966,0,0,0,0,-1.38666357705025,0,0,0,0,1.77627500276188,0,0,-2.79841760848081,4.49214493967457,0,0,2.30142532947842,-0.428389206609612,0,0,-2.28058197949128,0,0.238267979728443,0,-0.373435410905714,0,0,0,1.88399784212518,0,0,0,0,0,0,0,-0.383058954268126,-0.457630762072532,0,0,0,0.280995637603191,0,0,0.386072878283602,-2.22630085575746,0,0,0,-0.399637737533426,0,-0.45986178589894,0,0,0,0,0.0137977454594143,0.470689230375241,0,0.170066980526325,5.28209414762816,0,0,0,0,0.805949245449932,0,0,0,-0.846935088672543,-0.757522476447129,1.00334662064371,0,0,0,0,-0.117508283911295,0,0,0.114409349214973,0,0,-0.56155459353409,0,0,0,0,0,-1.41876219706838,0,0,0,0,1.78906078542641,0,0,0
0,0,0,0,0,0,0,-2.18186592610748,1.03601615941964,0,0,0,0,0,0,0,0.0138802754157452,0.740077396765059,-1.44759592870258,-0.687669085939137,0.252972112227508,-0.537867024547309,0,0.182522689439013,0,0,0,-4.63375156404021,4.52990426726765,0,0,0,0,0,0,0,0,0,0,0.00313572916653326,0,0.349149962938175,0,0.328234445971426,0.571443660921967,1.7133859560791,-0.151404818041225,0,0,0,0,0,-0.330153796389666,0,-0.647156080843202,0,0,0,0,0,-0.843566076376744,0,0,0,0,0,0,0,0,0,0,0.11198850030001,0,0,0,0,0,-1.58199855516653,0,0,0,0,0,1.87632336186481,0,0,0,0,-1.65345574374553,0.649911766235532,0,0,0,-0.555180992977432,0,1.47179090525063,0,-1.16458031206877,-3.59367306962553,0,-1.19147715648992,-4.16424300729878,0,0,1.30500624722027,0.463824191014302,0,0,-1.58241319526692,1.01834354156315,0,0,-0.191342081518869,0.455615951731022,0,0,0,0,0,-0.285084186590138,0,0,0,0,0,0,0,-0.181098353767029,0,3.7875849901618,0,0,0,0,1.9502001553501,0,-0.334960169287819,0,0,0,0,0,0,0,1.16571214720855,0,0,0,-1.61486195133305,0.694397664747155,0,0,0,0,0,0,0,0,-0.833248798163833,0,0.207769989990173,0.724031755891428,0.242464399073245,0,0,0,0,0.440580728993725,0,-3.726098318142,-2.20340085784838,0,0,0,-2.34856274526331,0,2.96570450011165,0,-2.25832693850696,0,-0.805339387313254,-1.06551241461714,0,0,0,-0.340404911046229,0,0.874113548155739,0,0,0,-0.609906357688197,0.224276076514114,0,0,0,0,0,0,0
0,-0.00629763724946608,0,0,0,0,0,-1.93794485961489,0,-0.054586831923616,0,0,0,0,-0.0966183546288437,0.0655917062600935,0,1.52282675862271,-1.41781009663521,-0.555065113807142,0.976427317385478,-0.529191210084396,0,0,0,0,0,-4.6198812410572,5.15787547677118,0,0,0,0,0,0,0,-0.0564213537275335,0,0,0,0.339292372600888,0,0,0,0.837937589731543,2.11001030020093,-0.323856826492171,0,0,0,0,0,0,0,-0.279990456508608,0,0.195516227835101,0,0,0,-0.895346664109554,0,0,0,0,0,0,0.699930756822968,0,-0.0859905815404958,0,0.404474294616031,0,0,0,0,0,-3.00681034175509,0,0,0,0.0142987847852825,0,1.63308555554364,0.312337512683892,0,0,0,-2.24861125549888,0.207528185011868,0,0,0,-1.36689554797211,0,0.730435112488251,0,-1.81758103322326,-3.65148098671383,0,-0.906035178402176,-4.39657908451598,0,0,0.968905320035027,1.24304725406197,0,0,-0.715162129681402,0.682987719231954,0,-0.363088288793987,0,1.12510430052423,0,-0.568263632775047,0,0,0,-0.476967454808051,0,0,0,0,0,0,0,0,0,4.30521712910555,0.629784141453733,0,0,0,1.99340541637054,0,0,0,0,1.3469798738546,0,0,0,1.18845386960049,0.950783506605075,0,0,0,-1.93099105571021,0.784230709320181,0,-0.0141739189539052,0,0,0,0,0,0,-1.14058740014511,0,0,0.867298990811124,0,0,0,0,0,0,0,-4.10155621574963,-2.50609412250373,0,-0.185426212997301,-0.263243802417409,-2.58708133699701,0,3.42701235282461,0,-1.79539925941317,0,-0.292879802983984,-1.19578518524744,0,0,0,0,0,0.587852626044556,0,0,-1.84893676595537,-0.201687661795583,0,0,0,0,0.0437223271874301,0,0,0
0,0,0,0,0,0,0,0,0,0,0,0,0,0,0,0,0,0,0,0,0,-0.719962944510874,0,0,-0.290965935796277,0,0,0,0,0,0,0,0,0,0,0,0,0,0,0,0,0,0,0,0,0,0,0,0,0,0,0,0,0,0,0,0,0,0,-0.34197354881803,0,0,0,0.0770511786894246,0,0,0,0,0,0,-0.0218022347880755,0,0,0,0,0,0,0,0,0,0,0,0,0.541993636538946,0,0,0,0,0,-0.0282740960545789,0,0,0,0,0,0,0,0,0,0,0,0,0.643500181038546,0,0,0,0,0,0,0,0,0,0,0,0,0,0,0,0,0,0,0,0,0,0,0,0,0,0,0,0,0,0,0,0,0,0,2.6825122622441,0,0.319104232151555,0,0,0,0,0,0,0,0,0,0,0,0,0,0,0,0,0,0,0,0,0.59239083916887,0,0,0,0,0,0,0,0,0.545194973677318,0,0,0,0,0,0,0,0.612044832583046,0,0,0,0,0,0,0.374653232175496,0,0,0,0,0,0,0,0,0,0,0,0,0,0,0
0,0,0,0,0,0,2.09100258641048,0,-0.149710606124342,0,0,0,0,1.38745621683137,0,0,0,1.1960969582827,0,0,-0.504772874360631,0,0,0,0,0,-0.755201517789374,0,0,0,-0.489776820545801,-0.0265987071424481,0,0,0,0,0,0,0,0,-0.100273131217173,2.14706694297121,0,0.370339804953792,-0.411359779372439,0,0,-0.198719380446535,-0.23392193382998,0.277430249863109,0,0,0,1.27262356563014,0,-0.013727593648428,0,0,0.0574805840601165,0.269027384173547,0,0,0,0.367608667282045,-2.41103629474587,0,0,0,0,0,0,-0.339848057619004,0,0,0,2.72172976134644,0,0,0,-2.38309910192201,0.2105900975913,0,0,-0.517448859184708,0,0,0,0,-3.13977694031992,0,-0.431406571791673,0,1.55289514618561,0,0,0,0,0,-1.04391177832637,0,0.00262179957496178,0,-1.42238129540039,0.160734575118013,0.208683991738335,0,0,0,0.231864644095123,0.725518607538634,0,-0.296706367085245,0,0,0.364162169692833,0,-0.848295511887355,0,0,0,-0.43718766673392,-0.462767200337864,0,-0.338982690307061,0,-0.197858502595974,0,0,0,0,0,1.3677593573931,3.05586358922515,0,0,0,0.404727952526688,0,0,0,1.58667681255692,0,-0.238734194232679,0,0,0,0,-1.1095678356032,-0.221810640637234,0,0,0,-0.860957648517651,0,-1.61884278643362,0,0,-2.38360456852009,0,2.29387375984698,0,12.1274650428748,0,0,0,0,1.11566220789304,0,0,0,0,0,0,0,0.144605691126635,0,0,0,0,0,1.16040381841901,0,0,0,0,0,0,-0.329332207641226,0,0,0,0,0,0,1.03595538425029,0,0,0.315355636612653,0,-0.339916442540261
0,0,0.33387360216123,0,0,0,0,0,0,0,0,0,0,0,0,0,0,0,0,0,0,-0.42640233702257,0,0,0,0,0,0,0,0,0,0,7.44195601480154,0,0,0,0,0.157052433861356,0,0,0,0,0,0,0,-1.13671194830866,0,0,0,-0.429152795148524,0,0.0273885737781157,0,0,0,0,0,0,0,0,0,0,0,0,-1.10806645844176,0,0,0,0,0,0,1.4490070347009,0,0,0,0,0,0,0,1.23307101775181,0,0,2.11117237781336,0,0,0,0.0291140843163582,0.519073780314161,0,0,0,0,0.0128507454197078,0,0,0,0,0,0,0,0,0,0,0,0,0,0,0,0,0,0,0,0,0,0,0,0,0,0,0,0,0,0,0,0,0,0,0,0.75046955181249,0,0,0,0,0,0,0.523959821200451,0,-0.293741945989708,0,0,0,0,0,0,0,0,0,0,0,0,0,0,0,0.0435086746911644,0,0,0,0.0858326185373404,0,-0.134352827430827,0,-0.784009578044827,0,0,0,0,0,0,0,0,0.97350753896366,0,0,0,0,0,0,1.66690246022098,0,0,0,0,0,0,0,-0.0637822573582252,0,0,0,0,0,0,0,0.219171256634121,-2.95093201296451,0,0,0,0,0
0,-1.90586385114337,0,0,0,0,0,-0.1556466276213,0,0,0,0,0,0,0,0,-0.283677699137179,0,0,-1.26944070229736,0,0,0,0,0.121390705855756,0,0,0,0,0,0,0,27.2619792784577,0,0,0,0,0,0,-0.0633511342526718,0,0,0,0,0.325540943469135,-0.222450922324801,0,0,0,0,0,0,0,0,0,0,0,0,0,0,0.308567973699953,0,0,0,0,0,0,0,0,0,0,0,0,0.070527429972882,0,0,0,0,0,0,0,0,0,0,0,0,0,0,0,0,0,0,0.343118599357285,0,0,0.075874431312619,0,0,0,0,0,0,0,0,0,0,0,0,0,0,0,0,0,0,0,0,0,0,0,0,0,0,1.34112043902616,0,0,0,0,0,0,0,0,0,0,0,0,0,0,0,0,0,0,0,0,0,0,0,0,0,0,0,0,0,0.824405945435887,0,0,0,0,0,0,0,0,-1.47913633967484,0,0,0,0.150299788768429,0,0,0,0,0,0,0,0.546314580605761,0,0,0,0,0,0,0,0,0,0,0,0.803545923647074,0,0.499787349254115,0,0,0,0,0,0,0,0,0,0,0,0
0,-1.64244079981136,0,0,-0.0705064337270769,0,0,0,-0.305017860696925,0,0,0,0,0.137348673814756,0,0,0,0,0,0,0,0,0,0,0,0,0,0,0,-0.20429396568424,0,0,28.7227347593892,0,0,0,0,0,0,-1.31098481963055,0,0,0,0,0,0,1.40015421529585,0,0.0637845927030225,0,0,0,0,0,0,0,0,0,-0.309833528316368,-0.172222772712235,0,0,0,0,0,0,0,0,0,0,0,0,0,0.862804335796346,0,0,0,0,-0.00485477121220201,0,0.0991996116045482,0,0,0,0,0,0,0,0,-0.541613848524723,0,0,0,0,0,0.570095876435029,0,0,0,0,-0.230443276516004,0,0,0,0,0,0,0,0,0,0,0,0,0,0,0.0619831685166758,0,0,0,0,0,0,1.73818724022294,0,0,0.118043751599116,0,0,0,0,0,0,0,0,0,0,0,0,0,0,0,0,0,0,0,0,0,0,0,0,0,0,0.896056671454401,0,0,0,0,0,0,0,0,-1.80378022590885,0,0,0,0,0,0,0,0,0,0,0,0,0,0,0,0,0,0,0,0,0,0,0,0.0599633702293501,0,0,-0.0579425109445939,0,0,0,0,0,0.541611094361521,0,0,0,0,0
0,0,0,0,0,0.464994785806392,0,0,0,0,0.201089750297414,0,-0.0276813175794923,0,-1.13968108104965,0,-0.75879550056551,0.166339453577242,0,-0.628705112098599,0,-0.569857491215214,0,1.35595287788886,0,0,-1.59770220543525,-5.54647004050791,-0.698864542629575,0,0.553616182885566,-1.24312501420339,5.41950389116661,0,0,0,0,0,0,-0.521084252269685,0,0.578059204460047,0,0.498385401776937,0,0,0,-0.534102004125474,0,0,0,0,0,0,0,0,0.294748986038395,0,0,0,0,1.58733033618082,1.28033231823331,-0.561597704515648,0,0,0,0,0,0,0.652735574954981,0,0,0,0,0,0,-0.733079984772628,0,0,1.1789926726834,0,0.241479888374276,-17.3480066939309,0,0,0,0,0.0986845937439478,-0.533696662690386,0,0,0,0,-2.67602296913649,1.05823175220871,0,0.13887256077185,0,0,0,0,-2.2266274366257,0,-0.467035833071347,0,0,0.480518818777975,1.01291384217634,-0.0721861663978154,0,-0.646255084042926,0,0,0,0,-0.135572730061044,0,0,-1.26302709678188,0,0,-1.44521250274701,1.52666983259882,0,0,0,1.04247415496382,0,0,0,0,0,0,0,0,2.53708220387479,0,0,0,-1.71024771796987,0,0,-0.170028640203335,0,0,0,0,0.347079338611165,0,-0.41731389616694,1.21715493189939,-0.30863911579685,0.19311586961858,0,-0.562630142535185,-0.809710191337311,0,2.14449347074209,0,-1.56030415861544,0,0,0,0,-0.0840331760749207,0,0,0,0,0,0,0,0,-2.67841342745778,-3.43601961135511,0,-1.19446676203498,0.938495765734106,0,0,0,0,-0.471070911554603,0,-0.643712542490618,0.741384711250028,0,0.47274257629145,1.39752392956224,-3.56063326313284,0,1.82163418732529,0,-2.55410882626075,-5.09824940355182,-1.64168001488944,0,0,-1.55103440024428
0,0,0,0,0,0,0,0,0,0,0,0,0,0,0,0,0,0,0,0,0,0,0,0,0,0,0,0,0,0,-0.530195980038678,0,0,0,0,0,0,0,0,0,0,0,0,0,-0.0361556557894351,0,-0.224325923315842,0,0,0,0,0,0,0,0,0,0,0,0,0,0,0,0,0,0,-0.0888086057145967,0,0,0,0,0,0,0,-0.610268581728586,0,0,0,0,0,0,0,0,0,0,0,0,0.41363741084832,0.366299977676466,0,0,0,0,-0.00605350680134498,0,0,0,0,0,1.0396551722016,0,0,0,0,0,0,0,0,0,0,0,0,0,0,0,0,-0.175574845353529,0,0,0,0,0,0,0,0,0,0,0,0,0,0,0,0,0,0,0,0,0,0,0,0,-0.0351498682890659,0,0,-0.461646103665846,0,1.12387006401148,0,0,0,0,-0.69994428343227,0,-0.230230617343655,0,0,-0.238371853357517,0,0,0,0,-0.408441460085057,-0.75937053293293,0,0,0,0,0,-0.0926527042627903,0,0,0,0,0,0,0,0,0,0,0,0,0,0,0,0,0.0571549476658422,0,0,0,0,0,0,0,0.297878944764377,0,0,0,0,0,0,0
0,0,0,0,0.218046286665349,0,0,0,0,0,0,0,0,0,0,0,0,0,0,0,0,0,0,0,0,-0.15491456526145,0,0,0,0,0,0,0,-0.112417011726735,0,0,0,0,0,0,0,0,0,0,0,1.04232253207342,0,0,0,0,0,0,0,0,0,0,0,0,0,0,0,0,0,0,0,0,0,0,0,0,0,0,0,0,0,0,0,0,0.334492262854311,0,0,0,0,0,0,0,0,-0.581910802350873,0,0,0.0147563746800528,0.382529054853851,0,0,0,0,0,0,0,0.525613849388623,0,0,0,0,0,0,0,0,0,0,0,0,0,0,0,0,0,0,0,0,0,0,0,-0.0483512616004809,0,0,0,0,0,0,0,0,0,0,0,-0.0479495995969528,0,0,0,-0.431876949636866,0,0,0,-0.0188026132090098,0,0,0,0,0,0,0,0,0,0,0,0,0,0,0,0,0,0,0.22409815890606,-0.116649190118034,0,0.119336440752147,0,0,0,0,0,0,0,0,0,0,0,0,0,0,0,0,0,0,0,0,0,-0.203826720783629,0,0,0,0,0,0,-0.226283133427034,0,0,0,0.023240075827029,0
0,0,0,0,0,0,0,0,0,0,0,0,0,0,0,0,0,0,0,0,0,0,0,0,0,0,0,0.296802812753971,0,0,0,0,0,0,0,0,0,0.0502385520640496,0,0,0,0,0,0,0,0,0,0,0,0,0,0,0,0,0,0,0,0,0,0,0,0,0,0,0,0,0,0,0,0,0,0,0,0,0,0,0,0,0,0,0,0,0.0292393833772377,0,0,1.27729847946216,0,-0.217167411670521,0,0,0,0,0,0,0,0,0,0,0,0,0,0,0,0,0,0,0,0,0,0,0,0,0,0,0,-0.34556006864872,0,0,0,0,0,0,0,0,0,0,0,0,0,0,0.172965907515726,0,0,0,0,0,0,0,0,0,0,0,0,0,0,0,0,0,0,-0.00116336739766476,0,0,0,0,0,0,0,0,0,0,0,0,0,0,0,0,0,0,0,0,0,0,0,0,0,0,0,0,0,0,0,0,0,-0.703499389673568,0,0,0,-0.224693477172972,0,0,0,0,0,0.0257253978612855,0,0,0,0,0,0
0,0,0,0,0,0,0,0,0,0,0,-2.5094787849014,0,0,0,0,0,0,0,0,0,-0.0583328300678803,0,0,-0.463609131799821,0,0,0,0,0,0,0,0,0,0,0,-0.467696622967559,0.551972737220241,0,0,0,0,0,0,0,0,0,0,0,0,0,0,-0.0772393417562967,0,0,0,0,0,0,0,0,0,-0.0205777630948429,0,0,0,0,0,0,0,0,0,0,0,0,-0.236154068730383,0,0,0,0,0,0,0,0,0,0,0,0,0,0,0,-0.251599926975734,0,0,0,0,0,0,0,0,0,0,0,0,-22.1411362949038,0,0,0,0,0.573351713982342,0,0,0,0,0,0,0,0,0,0,0,0,0,0,0,-0.690181632065483,-0.580829982666063,0,0,0,0,0,0,0,0,0,0,0,0,0,0,0,0,0,0,0,0,0,0,0,0,0.218261001588922,0,-1.46622804641383,0,0,0,0,0,0,0,0,0,0,0,0,0,0,0,0,0,0,0,0,0,0,0,0,0,0.199884199564965,0,0,-0.104436912500812,0,0,0,0,0,0,0,0,0,0,0,0,0,0,0,0,0.261237890516452
0,0,0,0,0,0,-3.82103873382738,0,-0.0885850312195655,0,0,-0.893997416326417,0,0,0,0,0,0,0,0,0,-0.224342014432156,2.70384850678364,0,-0.374079644826617,0,0,-0.292827159643235,0,0,-0.0751535079275401,0,0,-0.627983564621506,0,0,0,0,0,0,0,0,-0.0377417429687272,0,0,0,0,0,0,0,0,0,0,0,0,0.142303208922708,0,0,0,0,0,0,0,0,0,0,0,0,0,0,0,0,0,0,0,0,0,0,0,0,-0.406950589429694,0,0,0,0,0,0,0.0825901435303036,0,0,0,0,0,0,0,0,0,0,0,0,0,0,0,0,-13.9127669771734,0,-0.649094482106749,0.00474857097461889,0,0,0,0,0,0,0,0,0,0,0,0,0,0,0,0,0,0,0,0,0,0,0,-0.591127284519208,0,0,0,0,0,0,0,0,-1.07612321584437,0,0,0.0278939568444694,0,0,0,-0.0520447223671689,0,0,0,0,0,0,0,0,0,0,0,0,0,0,0,-0.170797237074014,0,0,0.179754968562513,0,0,0,-1.03455090611522,0,0,0,0.0319575378733199,0,0,0,0,0,0,0,0,-1.17979510983892,0,0,0,-0.192295512517298,0,0,0,0,0,0,0.0724406786997358,0,0,0,0,0.026415249822104
0,0,0.0455851022128615,0,0,-0.274388371685456,0,0,0,0,0,0,0,0,0,0,0,0,0,0,0,0,0,0,0,0,0,0,0,0,0,0,0.976162234690974,0,0,0,-0.283909059039772,0,0,0,0,0,0,0,0,0,0,0,-1.49209476262921,0,0,0,0,-1.04572492541534,0,0,0,0,0,0,0,0,0.136943725932801,0,-4.56773077534477,0,0,0,0,0,0,0,0,0,0,0.0248540699275936,0,0,0,0,1.82067600446241,0,0,0,-0.299454331821552,-0.00694994190166898,0,0,0,0,0,0,0,0,0,0,0,0,0,0,0,0,0,0,0,0.48138244617702,0,0.616676364985626,1.26950728606663,0,0,0,0,0.278609962989485,0,-0.347551778484987,0,0,0,0,-1.04262121182525,0,1.63650829824533,0,0,0,0,0,0,0,0,0,0,0,0,0.121062875590762,0,0,0,0,-0.124921155937817,0.246825622086106,0,0.197701241276654,0,0,0,0,0,0,0,0,0,0,0,0,0,-0.130641787260818,0,0,0,0,0,0,0,0,0,0,0,0,0.303775019431012,0,0,0,0,0,0,0,0,0.0491336722931459,0,-1.78379187348791,0,0,2.70718129688179,0,0.623301169083629,0,0,0,1.69750541195639,20.2093271479734,0,0,0.340516419932769,0,0,0,0,0
0,0,0,0,0,0,0,0,0,-0.121170865974901,0,0,0,0,0,0,0,0,0,0,0,-0.0284901900290475,0,0,0,0,0,0,0,0,0,0,0,0,0,-0.666425362050166,0,0,0,0,0,0,0,0,0,0,0,0,0,0,0,0,0,-0.00754728369387569,0,0,0,0,0,0,0,0,0,0,0,0,0,0,0,0,0,0,0,0,0,0,0,0,0,-0.475968283779619,0.278490475175831,0,0,-0.603125860953668,0,0,0,0,0,0,0,0,0,0,0,0.117768297032673,0,0,0,-0.45774040653593,0,0,0,0,0,0,0,0,-0.117990903902038,0,0,0,0,0.29625754929452,0,0,0,0,0,0,0,0,0,0,0,0,0,0,0,0,-1.14308285028096,0,0,0,0,0,0,0,0,0,0,0,0,0,0,0,0,0,0,0,0,0,0,0,0,0,0,0,0,0,-1.27858651081196,0,0,0,0,0,0,0,0,0,0,0,0,-0.103053259219674,0,0,0,0,0,0.622364506523157,0,0,0,0,-0.413642445533479,0,0,0,0,0,0,0,0,0,-0.384986589053399,0,0,0,0,0
0,0,0,0,-0.389667970622663,0,0,0,0,0.221598739387228,0,0,0,0,0,0,0,-0.0386137557244615,0,0,0,-1.25838112669013,0,0,0,0,-0.215683048053021,-0.000451168772410693,0.0920387401466352,0,0,0,0,0,0,0,0,0,0,0,0,0,0,0,0,0,0,0,0,0,0,0,0,0,0,0,0,0,0,0,0,0,0,0,0.550502453509448,-0.365329036227386,0,0,0,0,0,0,0,0,0,-0.367765153289293,0,0,0,-0.16258333521148,0,0,0,0,0,0,0,0,0,0,0,0,0.247356765907269,0,0,0,0,0,0,0,0,-0.580746275195873,0.243002856931714,0,0,0,0,0,0,0,0,0.395768957707421,0,-0.372527553254611,0,0,0,0,0,0,0,0,0,0,0,0,0,0,0,0,0,0,0,0,0,0,0,0,0,0,-0.0220433612799495,0,0,0,0,0,0,0.888992475077219,0,0,0,0,0,0,0,0,0,0,0,0,0,0,0,0,0,0,0,0,0,0,0,0,0,0,0,0,0,0,0,0,0,0,0,-0.132503010513589,0,0,0,0,0,0,0,0,0,0,0,0,0.468392002656957,0,0,0
0,0,0,0,0,0,0,0.58731733007375,0,0,0,0,-0.722935899765861,0,0,0,0,0,0,0,0,0,0,0,0,-0.482042361371016,0,0,0.123498807061473,0,0,0,0,0,0,0,0,0,0,0,0,0,0,0.195699325230997,0,0,0,0,0,0,0,0,0,0,0,0,0,0,0,0,0,0,3.78833280716614,0,0,0,0,0,0,0,-0.205550763739714,0,0,0,0,0,0,0,0.162080626910041,0,0,0,0,0,-0.172920063841286,0,0,0,0,0,0,0,0,0,0,0,0,0,0,0,0,0,0,0,0,0,0,0,0,0,0,0,0,0,0,0,0,0,0,0,0,0,0,0,0,0,0.409351788122295,0,0,0,0,0,0,0,0,0,-0.0425699513743492,0,0,0,0,0.491298990892209,0,0,0,0,0,0,0,0,0,0,0,0,0.106825800784968,0,0,0,0,0.352022750408409,0,0,0,0,0,0,0,0,0,0,0,0,0,0,0,0,0,0,0,0,0,0,0,0,0,0,0,0,0,0,0,0,0,0,0,0.0720959482583501,0,0,0,0
0,0,0,0,0,0,0,0,0,0,0,0,0,0,0,0,0,0,0,0,0,0,0,0,0,0,0,0,0,0,0,0,0,0,0,0,0,0,0,0,0,0,0,0,0,0,0,0,0,0,0,0,0,0,0,0,0,0,0,0,0,0,0,0,0,0.0946625087956405,0,0,0,0,0,0,0,0,0,0,0,0,-0.0185731530349771,0,0,0,0,0,0,0,0,0,0,0,0,0,0,0,0,0,0,0,0,0,0,0,0,0,0,0,0,0,0,0,0,0,0,0,0,0,0,0,0,0,0,0,0,0,0,0,0,0,0,0,0,0,0,0,0,0,0,0,0,0,0,0,0,0,0,0,0,0,0,0,0,0,0,0,0,0,0,0,0,0,0,0,0,0,0,0,0,0,0,0,0,0,0,0,0,0,0,0,0,0,0,0,0,0,0,0,0,0,0,0,0,0,0,0,0,0,0,0,0,0
0,0,0,0,0,0.123523222774825,0,0,0,0,0,0,0,0,0,0,0,0,0,0,0,0,0,0,0,0,0,-0.00949489285934368,0,0,0,0,0,0,0,0,0,0,0,0,0,0,0,0,0,0,0,-0.420949060767062,0,0,0,0,0,0,0,0,0,0,0,0,0,0,0,0,0,0,0,0,0,0,0,0,0,0,0,0,0,0,-1.12635558522267,0,0,0,0,-1.28279760944243,0,0.555626546004293,0.154446014111,0,0,0,0,0,0,0,0,0,0,0,0,0,-0.164452490914809,0,0,0,0,0,0,0,0,0,0,0,0,0,0,0,0,0,0,0,0,0,0,0.0648980321221775,0,0,0.00632555805571289,0,0,0,0,-0.270884182138403,0,0,0,0,0,0,0,0.264439230696823,0,0,0,0,0,0,0,0,0,-0.355382993497307,0,0,0,0,0,0,0,0,0,0,0,0,-0.701092158804003,0,0,0,0,0,0.402922818771737,0,0,0,0,0,0,0,0,0,0,0,0,0,0,0,0,0,0,0,0,0,0,0,0.4581107926704,0,0,0,0,0,0,0
0,0,0,0,0,0,0,0,0,0,0,0,0,0,0,0,0,0,0,0,0,0,0,0,0,0,0,0,0,0,0,0,0,0,0,0,0,0,0,0,0,0,0,0,0,0,0,0,0,0,0,0,0,0,0,0,0,0,0,0.104711838703611,0,0,0,0,0,0.145385056040858,0,0,0,0,0,0,0,0,0,0.0454130065612621,0,0,0,0,0,0,0,0.0749573389672811,0,0,0,0,0,0,0,0,0,0,0,0,0,0,0,0,0,0,0,0,0,0,0,0,0,0,0,0,0,0,0,0,0,0,0,0,0,0,0,0,0,0,0,0,0,0,0,0,0,0,0,0,0,0,0,0.187789535767936,0,0,0,0,0,0,0,0,0,-0.0952291620027763,0,0,0,0,0,0,0,0,0,0,0,0,0,0,0,0,0,0,0,0,0,0,0,0,0,0,0,0,0,0,0,0,0,0,0,0,0,0,0,0,0,0,0,0,0,0,0,0,0,0
0,0,0,0,0,0,0,0,0,0,0,0,0,0,0,0,0,0,0,0,0,-0.049826052117826,0,0,-0.0185281870442193,0,0,0,0,0,0,0,0,0,0,0,0,0,0,0,0,0,0,0,0,-0.142273277963322,0,0,0,0,0,0,0,0,0,0,0,0,0,0,0,0,0,0,0,0,0,0,0,0,0,0,0,0,0,0,0,0,-0.00567826944944416,0,0,0,-0.342686066539778,0.300709597403086,0,-0.743608459925681,-2.85479204255063,0,0,0,0,0,0,0,0,0,0,0,0,0,0,0,0,0,0,0,0,0,0,0,0,0,0,0,0,0,0,0,0,0,0,0,0,0,0,0,0,0,0,0,0,0,0,0,0,0,0,0,0,0,0.0878510362498126,0,0,0,0,0,0,0,0,0,0,0,0,0,0,0,0,0,0,0,0,0,0,0,0,0,0,0,0,0,0,0,0,0,0,0,0,0,0,0,0,0,0,0,0,0,0,0,0,0,0,0,0,0,0,0,0,0,0,0
0,0,0,0,0,0,0,0,0,0,0,0,0,0,0,0,0,0,0,0,0,-0.162622092683351,0,0,0,0,0,0,0,0,0,0,0,0,0,0,0,0,0,0,0,0,0,0,0,0,0,0,0,0,0,0,0,0.787157159403548,0,0,0,0,0,0,0,0,0,0,0,0,0,0,0,0,0,0,0,0,0,0,0,0,0,0,0,0,0,0,0,-0.977925836081365,0,0,0,0,0,0.300457555037451,0,0,0,0,0,0,0,0,0,0,0,0,0,0,0,0,0,0,0,0,0,0,0,0,0,0,0,0,0,0,0,0,0,0,0,0,0,0,0,0,0,0,0,0,0,0,0,0,0.519056904058978,0,0,0,0,0,0,0.259862080766605,0,0,0,0,0,0,0,0,0,0,0,0,0,0,0,0,0,0,0,0,0,0,0,0,0,0,0,0,0,0,0,0,0,0,0,0,0,0,0,0,0,0,0,0,0,0,0,0,0,0,0,0
0,0,0,0,0,0,0,0,0,0,0,0,0,0,0,0,0,0,0,0,0,-0.487255889077827,0,0,0,0,0,0,0,0,0,0,0,0,0,0,0,0,0,0,0,0,0,0,0,0,0,0,0,0,0,0,0,0.105403759112714,0,0,0,0,0,0,0,0,0,0.144462031562656,0.0177050114891593,0,0,0,0,0,0,0,0,0,0,-0.137531401165143,0,0,0,0,0.922199627440754,0,0,0,0,0,0,0,0,0,0,0,0,0,0,0,0,0,0.788400719680359,0,0,0,0.102167688786221,0,0,0,0,0,0,0,0,0,0,0,0,0,0,0,0,0,0,0,0,0,0,0,-0.0626277012285998,0,0,0,0,0,0.82700444783927,0,0,0,0,0,0,0,0,0,0,0,0,0.343507675617416,0,0,0,0,0,0,0,0,0,0,0,0,0,0,0,0,0,0,0,0,0,0,0,0,0,0,0,0,0,0,0,0,0,0,0,0,0,0,0,0,0,0,0,0,0,0,0,1.33274526957252,0,0,0,0,0,0
0,0,0,0,0,0,-0.403777392302535,0,0,0,0,0,0,0,0,0,0,0,0,0,0,-0.770084279375662,0,0,0,0,0,0,0,0,0,0,0,0,0,0.130466914393679,0,0,0,0,0,0.123640582878919,0,0,0,0,0,0,0,0,0,0,0,0,0,0,0,0,0,0,0,0,0,0.314642564401278,0.576263254845982,-0.10346621870691,0,0,0,0,0,0,0,0,0,0,0,0,0,0,0,0,0,0,0,0.082407850717557,0,0,0,0,0,0,0,0,0,0.134051692380629,0,0,0,0,0,0,1.19534048229495,0,0,0,0,0,0,0,0,0,0,0,0,0.713861748673949,0,0,0,0,0,0,0,0,0,0,0,0,0,0,0,0,0,0,0,0,0,0,0,0,0,0,0,0,0,0,0,-0.0477589971070072,0,0,0,0,0,0,0,0,0,0,0,0,0,0,0,0,0,0,0.111157121097735,0,0,0,0,0,0,0,0,-0.270615246159491,0,0,0,0,0,0,0,0,0,0,0,0,0,0,0,0,0,3.19069014143995,0,0,0,0,0,0
0,0,0,0,0,0.85765389832436,0,0,0,0,0,0,0,0,0,0,0,0,0,0,0,-0.0656698291427977,0,0,-0.305600001751668,0,0,0,0,0,0,0,0,0,0,0,0,0,0,0,0,0,0,0,0,0,0,0,0,0,0,0,0,0,0,0,0,0,0,0,0,0,-0.29815031229944,0,0.0458325024835333,0,0,0,0,0,0,-0.0641379913405533,0.247225626705809,0,0,0,0,0,0,0,0,0,0,0,0,0,0,0,0,0,0,0,0,0,0,0,0,-1.75699382885252,0,0,0,0,0,0,0,0,0,0,0,0,0,0,0,0,0,0,0,0,0,-0.0369171228573464,0,0.0951787572904703,0,0,0,0,0,0,0,0,0,0,0,0,0,0,0,0,0,0,0.169217810201764,0,0,0,0,0,0,-0.0137116103490356,0,0,-0.10950529626733,0,0,0,0.029915711228647,-0.832156720127478,0,0,0,0,0,0,0,0,0,0,0,0,-0.0212650785655484,0,0,0,0,0,0,0.164636513339651,0,0,0,0,0,0,0,0,-0.520685508452701,0,0.0216007972898467,0,0,0,0,0,0,8.59380130759974,0,0,0,0,0,0
0,0,0,0,0,0.349959726414834,0,0,0,0,0,0,0,0,0,0,0,1.11541176821424,0,0.734261167174814,-0.0155608144114927,0,0,0,0,0,-0.3029748037068,0,0,0,0.140775511982217,0,0,0,0,0,0,0,0,0,0,0,0,0,0,0,0,0,0,0,0,0.131258122788064,0,0,0,0.0819935887587546,0,0,0,0,0,0,0,0,-0.0329508199380175,0,0,0,0,0,0,-0.168179606600457,0,0,-0.302167561028793,0,0,0,0,0,-0.0977239921615711,0,0,0,0,0,0,0.319408418674998,0,0,0,0,0,0,0,0.304521695209118,1.71877878843955,-1.42028069550114,0,0,0,0,0,0,0,0,0,0,1.65137872477414,0,0,0,0,0,0,0,0,0,0,0,0,0,0,0,0,0.611946271426815,0.30428279349044,-0.136525433376726,0,0,0,0,0,0,0,0,0,0,0,0,0,0.671217391031524,0,0,0,0,0,0,0,0,0,0,0.0791767252031605,0,0,0,0,0,0,-0.111561690444142,0,-0.983096197569703,0,0,0,0,0,0,-0.134559530246179,0,0,0,0,0.072701455427266,0,1.28298478319009,0.0502269358907941,0,0,0,0,0,0,0,0,0,0.75385443470045,0,0,0,0,0,0,15.3325781307528,0,0,0,0,0,0
0,0,0,0,0,0.813545998162473,-0.17220998572692,-0.452028232954233,0,0,0,0,0,0,0,0,0,0,0,0,0,0,0,0,0,0,-1.45650256222809,0,0,0,0,0,0,0,0,0,0,0,0,0,0,0,0,0,-1.64280227287843,0,0,0,0,0,0,0,0,0,0,0,0,0,0,0,0,0,0,0,0,-0.538980802127436,0,0,-0.0690645353482227,0,0,0,0,0,-0.570911489926259,0,0,0,0,0,0,0,0,-0.326217494789294,0,0,0,0,0,-0.474591149390749,0,0,0,0.0891048254417641,0,0.917569664464841,2.91876317300794,-1.43587929004526,0,0,0,0,0,0,0,-0.0072918385665075,0,0,0.938167377990089,0,0,0.112874711162704,0,0,0,0,0,0,0,0,0,0,0,0,0,0,0,0,0,-0.263974584079191,0,0,0,0,0,0,-1.8054942500286,0,0,0,0,0,0,0,0,0,0,0,0,0.423940256776911,0,0,0.54291553465264,0,0,0,0,0,0,-0.996704649254516,0,0,-0.147001481326804,0,0,0,0,0,0,-0.905511429110003,0,0,0,0.271391606280872,0,1.78914726614709,0,0.21820759952889,0,0,0,0,0,0.71377048989182,0,-0.276272204696195,0,0,0,0,0,0,-0.474082035964683,15.903486880358,0,0,0,0,0,0
0,0,0,0,0,0,-0.352880616081785,-0.813028780659938,0,0,0,0,0.30210471197664,0,0,0,0,0,0,0,0,-0.164357950317789,0,0,0,0,0,0,0,0,0,0,0,0,0,0,0,0,0,0,0,0,0,0,0,0,0,0,0,0,0,0,0,0,0,0,0,0,0,0,0,0,0,0.511773571228295,0,-1.03255491319869,0,0,0,0,0,0,0,0,0,0.110280013646433,0,0,0,0.609344972167431,0,0,0,0,0,0,0,0,0,0,0,0,0,0,0,1.19241480360848,0,-0.895536184811324,0,0,-0.240612285054366,0,0,0,-1.0184165722938,0,0,0,0.572728352861001,0,0,0,0,0,0,0,0,0,0,0,0,0,0.669088412013053,0.0283615609393804,0,0,0,0,0,0,0,-0.218913655217797,0,0,0,-0.373129736175523,0,0,0,0,0,0,0,0,0,0,0,0,0,0,0,0,0,0,0,-0.0444448248051283,0,0,0,0,0,0,0,0,0,0,0,-0.203917863209639,0,0,-0.169800017592608,0,0,0,-0.113388707363191,0,0,0,0,0,0,0,0,0.140701311947256,0,-0.312088604111367,0,0,0,0,0,0,-0.107047609003625,12.17817024789,0.132244737230077,0,0,0,0,-0.356824897630069
0,0,0,0,0,0,0,0,0,0,0,0,0,-0.271163266011012,0,0,0,0,0,0,0,-0.178614914742794,0,0,0,0,0,0,0,0,0,0,0,0,0,0,0,0,0,0,0,0,0,0,0,0,0,0,-0.0941712900884784,0,0,0,0,0,0,0,0,0,0,0,0,0,0,0,0,0,0,0,0,0,0,0,0,0,0,0,-0.0138977438788404,0,0,0,0,0,0,0,0,0,0,0,0,0,0.835588692763571,0,0,0,0,0,0,-0.116947019682673,0,0.455846527645045,0,0,0,0,0,0,0,0,0,0,0,0,0,0,0,-0.915898742009632,0,0,0,0,-0.0612022365790574,0,0,0,0,0,0,0,0,0,0.594426122245396,0,0.0709286008176633,0,0,1.17133759934972,-0.800139421425982,0,0,0,0,0,0,0,0,5.48541194535964,0,0,0,0,0,0,0.177560670480368,0,0,0,0,0,0,0,0,0,0.212283239553038,-0.241597575788223,0,0,0,0,0,0.817273587938908,0,0,0,0,0,0,0,0,0,0,0,0,0,0,-0.433071293828741,0,-0.356421052975485,0,0,0.052475514517498,0,0,0,0,0,0.0169362232999417,0,0,0,-0.333224835812479
0,0,0,0,0,0,0,0,0,0,0,0,0,-0.404667730497203,0,0,0,0,0,0,0,-0.232924490678712,0,0,0,0,0,0,0,0,0,0,0,0,0,0,0,0,0,0,0,0,0,0,0,-0.0277850741900454,0,0,0,0,0,0,0,0,0,0,0,0,0,0,0,0.0645299919732771,0,0,0,0,0,0,0,0,0,0,0,0,0,-0.181374729677121,0,0,0,0,0,0,0,0,0,0,0,0,0,0,0,0,0,0,0,0,0,0,0,0,0,0,0,0,0,0,0,0.0868809290206181,0,0,0,0,0,0,0,-0.519063634807531,0,0,0,0,0,0,0,0,0,0,-0.648543286486752,0,0,0,-0.432283219270171,-0.791496327871227,0,0,0,0,-0.857177533123425,0,0,0.317886710048468,0.132406340383731,0,0,0,0,0,0,0,0,0,0,0,0,0,0,0,0,0,0,0,0,0,0,0,0,0,-0.179713797382099,0,0,0,0,0,0,0,0,0.0784677171100061,0,0,0,0,0,0,0,-0.393355002406732,0,0,0,0,0,0,0,0,0,0,0,0,0,0,0,0
0,0,0,0,0,0,-0.929772349743464,0,0.623226233373517,0,0.523085928891622,0,0,0,0.0464677042614117,0,0,0,0,-0.952624288232554,-0.284304626067848,-0.47350180170977,0,0,0,0,-1.69769530580979,0,-2.14494258760215,0,0.408051413792175,0,0,0.058316049136937,0,0,0,0.329093150419821,0,0,0,0,0,0,-2.55446540307009,0,0,0,0,0,0,0,-0.329454181244515,-0.0938025241544824,0,0,0,-1.78431401731194,0,0,0,0,0,-0.0809300509705226,0,2.38644252572852,0,-0.291965922294763,0,0.748829553118911,0.394270810307219,0,0,0.773083175060051,1.58634307248581,-0.429109937133135,0,0,0,0,0,0,0,2.70126223491229,0,0,-0.116796610125876,-0.000753934726519523,0.352648612772258,0,0,-0.619225205759809,0,0,1.57280795349785,0,0,0,0,0,0,0,0,-0.725162212644423,0,0,0,0.358402920653454,0,0,0,0,0,1.07444731567089,0,-0.404779816864732,0,0,0,0,0,0,0,0,0,0,0,0,0,0,0,0,0,0,0,0.0341563334874952,0,0,0,0.865991376372222,0,0,0,0,0,0,8.56469979134521,0.917602410898259,1.24946303557563,0,-5.24034193979699,0,1.13548486198009,0,0,3.61794601090041,0,0,0,0,2.10307212434745,0.753855847536776,1.40513945364903,0.498034858729696,0,0,0,0,0,0,0,0,0,-2.12650973545109,-0.58666187316007,0,0.499618279271515,-0.719048765033063,0,0,0,0,0,-1.70134816551229,0,0,0,0,0,0,0,0,0,0,0,0.141337419215907,0,0,0,-2.69522128847472
0,0,0,0,0,0,-0.142527055446243,0,0,0,0,0,0,0,0.47399663028792,0,0,0,0,0,0,0,0,0,0.531213673780047,0,0,0,0,0,-0.527788579650483,0,0,1.27937808184231,0,-0.686342181098433,0,0,0,0,0,0,0,0,0,0,0,0,0,0,0,0,0,0,0,0,0,0,0,0.270442991110996,0.00982637634220729,0.0767518118050041,-0.267306022943377,-0.678172182377642,0,0,0,0,0,0,0,0,0,0,0,0,0,-0.0486701906552811,0,0.137599464182489,0,0,-0.102565940423359,0,0,0,0,-0.410571099944155,0,0.842640979656351,0,0,0,0,-0.713580869006129,-0.0152431852245576,0,0,0,0,0,0,0,0,0,0,0,0,0,0.686489966787059,0,0,0,0,0,0,0,0,0,0,-0.239878208803557,0,0.00326095094437173,0,0,0,1.26436997132548,0,0,0,0,0.201554007161187,0,0,0,0.0900401250641596,0,0,0,0.449465390350035,0,0,0,0,0,0,6.31735573264596,0,0,0,0,0,0,0,0,3.17010154147167,0,0,0,-0.183041700864906,0,0,0,0,0,0,0,0,0,0,0,0,0,0,0,0.31154469024356,0,0.0763767426471469,0,0.17718776683393,0,0,0,0,0,0,0,0,0,0,0,0,0,0,0,0.290785962888764,0,0.151215294551294,2.56512086136514,-0.0582594626059101
0,0,0,0,0,0,0,0,0,0,-0.516983717508153,0,0,0,1.14297650323276,0,-0.653400311695358,0,0,0,1.19743937712951,-0.121602995988369,0,0,0.0379843463481169,0,0,0,0,0,0,0,0,0,0,0,0,0,0,-0.880879340781398,0,0,0,0,0,3.55178524332184,0,0,0,0,0,0,0,0.169121808905334,0,0,0.746757444722856,0,0,-0.430389849317276,0,0,0,-0.422114699804596,0,0,1.5540218695756,0,0,0,0,0,0,0,-0.0726433936497284,0,0,0,0,0,0,0,0,0,0,0,0.997793118121727,-1.38162850054102,0,0,0,0,0,0,0,0,0,0,0,0,0,0,0,-0.499495627226627,0,0,0,-1.6401978349871,-0.173211353183514,2.03332904422017,0,0,0,0,0,0,0,0,0,0,0,0,0.118551634398836,0,0,0,0,0,0,0,0,0.11145824979584,0.756267340257874,0,-0.00850256608839906,0,0,0,0,-1.9592607948708,-0.114927126279687,0,0,0,0,0,0,0,0.0631904857311616,0,0,0,0,0,0,0,0,0,-0.132712624691178,0,0,0,0,0,0,0,0,0,0,0,0.36741792471266,0,0,0,0,0,0,-0.854665189339749,0,0,0,0,0,0,0,0,0,0,0,-0.883576124024223,0,0,-0.103776041698397,0,0,0,0,0.00161626745246712,0.315216649125825,3.76420260452378
0,0,0,0,0,0,0,0,0,0,0,0,0,0,0,0,0,0,0,0,0,-0.229729327962488,0,0,0,0,0,0,0.0213285942243362,0,0,0,0,0,0,0,0,0,0,0,0,0,0,0,0,0,0,0,0,0,0,0,0,0,0,0,0,0,0,0,0,0,0,0,0.273298531803154,0,0,0,0,0,0,0,0,0,0,0,0,0,0,-0.768111463029876,0,0,0.469588711151252,0,0.622389824443895,0,0,0,0,0,0,0,0,0,0,0,0,0,0,0.0542849443463527,0,0,0,0,0,0,0,0,0,0,0,1.46149698946879,0,0,0,0.0583541252602942,0,0,0,0,0,0,0,0,0,0,0,0,0,0,0,0,0,0,0,0,0,0,0,0,0,0,0,0,0,0,0,0,0,0,0,0,0,0,0,0,0,0,0,0,0,0,0,0,0,0,-0.284531466573784,0,0,0,0,0,0,0,0,0,0,0,0,0.0549366903134407,0,0,0,0,0,0,0,0.907784502788574,0,0,0,0,0,0,0,0,0,0,0,0
0,0,0,0,0,0.523122392092705,-5.28634961754746,0,0,0,0,0,0,0,0,0,0,0,0,0,0,-1.95837548712547,2.1990796448397,0,0,-0.0796082053323572,0,0,0,0,-0.444370367802411,0,0,0.98458293896255,0,0,0,-0.209326848343488,0,0,0,0,0,0,0,0,0,0.321353142229844,0,0,0,-0.623112688364719,0.251767038836531,0,0,0,0,0,0,0,0,0,0,0,0,0,0,0,0,0,0,-0.0052821987833489,0,0,0,0,0,0,0.847898849369879,0,0,0,0,0,0,0,0,0,0,0.16349235058052,0,0,0,0,0,0.869216670109395,0,0,0,0,0,0,-0.788582877979998,0,0,0,0,0,0.288079469741935,0,0,0,0,0,0,0,0,0,0,0,0,0,0,0,0,0,0,0,-0.190182682970066,5.9759634034634,0,-0.650473992548877,0,0,0,0,0,0,0,-0.915743343776697,0.05519285827404,0,0,0,0,0,0,-1.21922426537381,0,0,0,0,0,0,0,0,0,0,0,0,0,0,0,0,0,0,0.00331102150408458,0.382938606307619,0,0,0,0,0,0,0,0,0,0,0,0.439958834574303,0,0,0,0,0,0,0,0,0,0,0,0,0,0,0,0,0.972260592850815,0.14793777088629,0,0
0,0,0,0,0,0,-5.45675800594607,0,-1.10134709075726,0,0,0,0,0,0,0,0,0,0,0,0,-1.63321221963056,0,0,0,-0.000521852532101574,0,0,0,0,0,0,0,0,0,0,0,0,0,0,0,0,0,0,0,0,-0.149750163453199,0.445986608648612,0,0,0,-0.0915172890035412,0.305906597461324,0,0,0,0,0,0,0,0,-0.264747520215925,0,0,0,0,0,0,0,0,0,-1.01757145730698,0,0,0,0,0,0,0,0,0,0,0,0,-0.12519247988089,0,0,0,0,0.895970096599993,0,0,0,0,0,0.424209579414932,0.267923875875771,0,0,0,0,0.609576498612314,-0.413027576696621,0,0,0,0,0,1.06140609244637,0,0,0,0,0,0,0,0,0,0,0,0.0768802978737817,0,0,0,0,0,-0.335491338761901,0,0,3.13360179348914,-0.197223469657075,-1.16876343956675,0,0,0,0,-0.202479875096686,0,0,0,0.0936162961015889,0,0,0,0,0,0,-1.20512343344827,-0.305888078709795,0,0,0,-0.224575035412473,0,0,0,0,0,0,0,0,-0.199283630884113,0,0,0,0,0,0,0,0,0,0,0,0,0,0,0.163849889510354,0,0,0.905901541814938,0,-0.140220280912842,0,0,0,-0.506014138670537,0,0,0,0,0,0,0.668817944841005,0,0,0,0,0.0673655423267367,0,0
0,0,0,0,0,0.173692882999893,0,-0.677889790519591,-0.137636108624827,0,0,0,0,0,0.149322419153439,0,0,0.0523619732943066,0,-1.46782400290846,-0.0614900734349046,0,-0.227498379954849,0,0,0,-0.559583270929734,0,0,0,0,0,0,0,0,0,0,-0.0125075872320588,0,0,0,-1.28458445669463,0,-0.205237485926832,2.30769594854456,-0.449243362841593,0,0,0,0,0,0,0,0.0462748678101021,0,0.260500588213483,0,0,0,0.193277067779216,0,0,0,0,0,0,0.99478398320108,0,0,0,0,0,0.0291896953433011,0,0,0,0,0,0,0,0,0,-0.565120456759344,0,0,1.80567527294776,0,0.370346385925516,0,0,0,0,0,0,0,0,0,0,0,-0.939916689028028,-0.157306075497835,0,2.75638213593778,0,0,0,0,0,0,0,0,1.74898638844999,0.1718030806791,0,0,0,0,0,0,0,0.975713760805572,-0.140663350785359,0,0,0,0.100391985511225,0,0,0,0.16294575313511,0,0,0.386042008843819,0,0,0,0,0,0,-0.195115486477416,0,0,0,0,0,0,0,0,0,0,0,0,-0.0320865301276969,0,0,0,0,0,0,0,0,0,1.0377215746636,-0.785831577419146,0,0,0,-1.43335897287948,-3.40964972312466,0,0,0,0,0,0,0,0,0,0,0,0,0,0,0,0,0,0,0,0,0,0,0,0,0,0,0,0,0.790680142573925,0,-0.0368899255608839
0,-0.118853334826038,0.287090322907817,0,-1.79071543440527,0.349997670085651,1.08275684957024,1.15507670855253,0.472988356809995,0,0,0,0,0,-0.0655852946410773,0.180102815967798,0,0.959062811426771,0,0,0,0,0,0,0,0,0,0,-1.50869852740968,0,0,0,0,-4.40137531537607,0,0,0,-0.839997331368698,0,0,0,0,0,0,5.52299247251038,-6.06960066915597,-2.0023942446147,0,0,0,0,0.298560655290228,0,-0.282542277765425,0,0.0918361337496787,6.29939621616454,0,0,0,0,0,0,0,0,0,0,-2.12249616713932,0,0,0,0,0,-0.105586027761553,-0.317426955094767,0,0,1.12019265641033,0,0,0,0,0,-1.60218816715833,2.30952395108776,0,-0.0662988445148247,-0.726483172817748,0,0,0,0,0.978742332401459,0,0,0,0,-1.2529506066335,-0.044687118697861,-0.928445421558052,0.621194879299644,0,3.15276701407904,0,1.08489555649036,0,0,0,-0.150162641128746,0.685673134608464,0,0.717111750908122,0,-1.56068680701024,0,0,0,0,0,0,0.26290056125604,0,-0.369195396964487,0,0,-0.311038726791401,-3.80144502875309,0.135362587064157,0,0,0,0,0,0,0,0,0,0,0,0,0,0,0,0,0,0,0,-0.335498372332972,0,0,-1.94133782212597,0,0,0,0,0,0,0,-0.0902847573281089,0,-0.368852128708347,0,0,0.420489205235794,0,0,0.352159666398846,3.38023737774656,0,0,0,0,0,0,-0.067046247687772,0,0,0,-0.0845925333302915,-1.20680940116016,0,0,0,0,0.708135112728431,0,0,0,0,0,0.170020657533361,0,0,0,0,0,-0.0347049912559585,2.74717523316471,0.313232913156333,0
0,0,0,0,0,0,0,0,0,0,0,0,0,0,0,0,0,0,0,0,0,0,0,0,0,0,0.392069377586092,0,0,0,0,0,0,0,0,0,0,0,0,0,0,0,0,0,0,0,0,0,0,0,0,0,0,0,0,0,0,0,0,0,0,0,0,0,0,0,0,0,0,0,0,0,0,0,0,0,0,0,0,0,0,0,0,0,0,0,0,0,0,0,0,0,0,0,0,0,0,0,0,0,0,0,0,0.613333196380034,-2.15883784756971,0,0,0,0,0,0,0,0,0,0,0,0,0,0,0,0,0,0,0,0,0,0,0,0,0,0,-0.202146409571361,0,0,0,0,0,0,0,0,0,0,0,0,0,0,-9.10631396702409,0,0,0,0,0,0,0,0,2.79873624347221,0,0,0,0,0,0,0,0,0,0,0,0,0.0963774197101903,0,0,0,0,0,0,0,0,0,0,0,0,0,0,0,0,0,0,-0.399690934785368,0,-0.495399375415346,0,0,0,0,0,0,0,0.547640848339519,0.191245732553161,0
0,0,0,0,0,0,0,0,2.4270505367011,0,-0.774298724811052,0,0,0,0,0,0,-1.86410706074565,0.210100677857591,0,0,0,0,0.121567702374335,0,0,0,0,0,0,-0.198272751037121,-3.35639605291031,0,0,0,0,0,0,0,0,0,0,0,-0.398806637419328,0,0,3.12631307023304,0,0,0,0,0,0,0,0,0,-1.00114567119601,0,0,0,-0.114011723956854,0.428883289154144,0,0,0,0,0,0,0,0,0,0,0,0,0,0,0,0,-0.27470359932004,0,0,0,0,0,0,0.5548721564478,0,0,0,-0.308311415518451,0,-1.87546397462636,0,0,0,0.465496037089854,-0.798809902336487,0,0,0.507765782662855,-0.0591363325545298,0,-0.549003371368494,0,0,0,0,0,0,-0.287513139706876,0,0,0,0,-0.403500810435699,-0.833070278808033,0,0,1.63992857070727,0,0.602643476162659,0.75473979453449,0,0,0,0,0,0,0,0,0,0,0,0,0,-0.262795842839146,-1.55316195638438,0,0,0,1.53924846166471,-0.682412513400933,0,0,0,0,0,0,0.780412854267877,0,0,0,0,0,0,0,0,0,-0.12788886371318,0.475324851550103,0,0,0,0,0,0,0,0,0,0,0,0,0.0145473034079171,0,0,0,0,0,0,0,0,0,0,0,0,0,0,0,0,0,0,0,0,0,0,-0.181876710797148,-0.440663799533161,-0.00745842069149782,0.204708727920353,1.39725074647377
0.404427800873908,0,0,0,0,0,0,0,0,-0.299324878967919,-0.741956876708549,0,0.191670707297317,0,0,0,0,8.39077836584197,0,0,0,0,0,0,0,0.0587908416529868,0,0,0,0,0,-5.74666328771045,0,0,0,0.16708503618984,-1.21857523925068,0,0,0,0,0,0,0,0,0,0,0,0,0,0,0,0,0,0,-0.00783381580595788,-0.113653655757181,0,0,0,0,0,0,0,0,0,-0.0618806017851414,0,0,0,0,0,0,0,0,0,0,-1.66243823989784,0,0,0,0,2.24671403893436,0,0,0,0,0,1.06011208863023,0,0,0,0,0,0,-2.2182447655085,0,0,0,0,0,0.370469147285091,0,0,0,0,0,0,0,0,0,0.0369914682342369,0,0,-0.272854436942471,0,0,0,0,0,0.00654245239568807,0,0,0,0,0,0,0,0,0,0,0.75479184506064,0.077175226263261,0,0,0,0,0,0,0,-0.105533532655427,0,0,0,0,0,0,0,0,0,0,0,0,0,0,0,0,0,0,0,0,0.268246648771941,0,0,0,0,0,0,0,0,0.550115142718103,0,0,0,0,0,0,0,0,0.109610142349773,0,0,0,0,0,0,0,0,0,0,0,0,0,0,-1.27379162955101,0,0,0.0549021874080462,0,0
0.79191040696892,0,0,0,-0.0707443005077439,0,0,0,0,0,0,0,0.579185070432288,-0.443053306894629,0,0,0,9.14297576365613,0,0,0.249574192556455,0,0,0,0,0,0,0,0,0,0,-3.2389159374957,0,0,0,1.36755789231246,-1.25822057843319,0.17514974700234,0,0,0,0,0,0,0,0,0.314409712175766,0,0,0,0,0,0,0,0,0,0,0,0,0,0,0,0,0,0,0,0,0,0,0,0,0,0,0,0,0,0,-1.51429454134677,0,0,0,0,1.51727263351586,0,1.56700426913746,0,0,0,1.43620337436623,-0.0648234859643197,0,0,0,0,0,-2.12911739268425,0,0,0,0,0,0,0,0,0,0,0,0.980847767724098,0,-1.47618684559443,0.138859506949966,0.59404145897614,0,0,0,0,0,0,0,0,0,0,0,0,0,0,0,0,0,0,0,0,0,0,0,0,0,0,0,0,0,0,0,0,0,0,0,0,0,0,0,0,0,0,0,-0.0244858382609889,0,0,0,0,0,0,0,0,0,0,0.163704415924302,0,0,0,0.928046189028255,0,0.203392094826632,0,0,0,0,0,-0.0136304503215467,0,0,0,0,0,0,0,0,0,0,0,0,0,0,0,-0.0878500657229837,0,0,0,0,0
0.770826402749167,0,0,0,0,0,0,0,0,0,0,0,0.254211309112099,0,0,0,0,10.6092760543708,0,0,0,0,0,0,0,0,0,0,0,0,0,-3.14069900866107,0,0,0,1.36197967104664,-1.46033042276818,0,0,0,0,0,0,0,0,0,0,0,0,0,0,0,0,0,0,0,0,0,0,0,0,0,0,0,-0.25099156076813,0,0,0,0,0,0,0,0,0,0,0,0,-2.61513718826931,0,0,0,0,2.80264487384897,0,0.129791722124004,0,0,0.257375657673125,2.30888658770595,0,0,0,0,0,0,-3.13115058534044,0,0,0,-0.178062681764888,0.77884558833276,0,0,0,0,0,0,0.0544179515469878,0.0897066568381257,0,0,0,0,0,0,0,0,0,0,0,0,0,0,0,0,0,0,0,0,0,0,1.19476279612613,0,0,0,0,0,0,0.536234213907859,0,0,0,0,0,0,0,0,0,-0.343993722426921,0,0,0,0,0,0,0,0,0,0,0.501232385098452,0,0,0,-0.780850725258606,0,0,0,0,0,0,0.619833876111579,0,0,0,0,-0.47843704728599,0,0,0,0,0,0,0,0,0,0,0,0,0,0.0385499706205152,0,0,0,0,-0.169089364308471,0,0,0,0,0
1.06287222002082,0.00282994047981,0,0,-0.462730729851486,0,0,0,0,0,0,0,0.766170588849587,0,0,0,0,11.723316939128,0,0,0.302646134516762,0,0,0,0,0.0671196295521641,0,0,0,0,0,-5.21052754629675,0,0,0,0.664057031042198,-1.29239851942366,0,0,0,0,0,0,0,0,0,0,0,0,0,0,0,0,0,0,0,0,0,0,0,0,0,0,0,-0.45752695622105,0,-0.0918749325652017,0,0,0,0,0,0,0.0530296037409486,0,0,0,-2.35032450955941,0,0,0,0,4.26592094133273,0,0,0,0,0,2.57992535725406,0,0.0975876689520669,0,0,0,0,-2.929481130012,0,0,0,0,0.178434317781792,0,0,0,0,0,0,0.628722566586364,0.831527473744294,-0.00427041737197786,0.0794705387916641,0,0,0,0,0.508202582783805,0,0,0,0,0,0,0,0,0,0,0,0,0,0,0,0,0,0,0,-0.250529534750171,0,0,0.51433254663157,0,0,0,0,0,0,0,0,0,0,0,0,0,0,0,0,0,0,0,0,0,0,0,0,-0.707366248309268,0,0,0,0,-0.00300303982037264,0,1.14784687154398,0,0,0,0,0,0,0,0,0,0,0.109698241105074,0,0,-0.186497541504206,0,0,0,0,0,0,0,0,0,-0.81430733783166,0,0,0.142246405821796,0,0
3.05189299851091,0,0,0,-0.115338316140424,0,0,0,0,0,0,0,0,0,0,0,0,14.0475368445485,0,0,0,0.454778409986627,0,0,0,0,0,0,0,0,0,-5.49215276420997,0,0,0,0.809951467326624,0,0,0,0,0,0,0,0,0,0,0.272916188102361,0,0,0,0,0,0,0,0,0,0.395101858874388,0,0,0,0,0,0,0,-1.5486849478292,0,0,0,0,0,0,0,0.0575261986700411,0,0,0,-1.15595729802807,-3.11254757513742,-0.522952460543137,0,0,0,4.39419131639188,0,0,0,0,0,3.41538920246357,0,0,0,0,0,0,-4.47857640045595,0,0,0,-0.695932206312705,0.134661288820516,0.613927383272865,0,0,0,0,0,0,0,-0.541408064288869,0,0,0,0,0,1.56449257493287,0,0,0,0,0,0,0,0,0,0,0,0,0,0,0,0,0,0,0,-1.03906797310074,0,0,1.45564536776255,0,0,0,0,0,0,0,0,0,-0.0910423093590287,0,0,0,0,0,0,0,0,0,0,0,0.383194513911425,0,0,0,0,0,0.163396598906868,0,0,0,0.673016632540784,0,0,0,0,0,0.745306651557142,0,0,0.221992487917548,0,0,0,-0.600519873152135,-0.132853770701062,0,0,0,0,0,0,0,0,0,0,0,0,0,0,0
7.07295993783672,0,0,0,0,0,0,0,0,0,0,0,0,0,0,0,0,0,0,0,0,0,0,0,0,-0.201477308310863,0,0,0,0,0,-8.30956273674305,0,0.338582338586964,0,0,0,0,0,0,0.00836496276002907,0,0,-0.318643999634658,0,0.300949538716831,2.9054596989959,0,0,0,0,0,0,0,0.0614323771971332,0,0,-0.0784210650968917,0,0,0,0,0,-0.412775600492668,0,0,0,0,0,0,0,0,0,0,0,0,0,0,-0.247842416904799,0,0,0,2.65016738562279,0,0.208630676911974,0,0,-1.36863269869622,0,0,0,0,0,0,0,0,0,0,0,0,0,0,0,-0.481611356203046,0,0,0,0,0,0,0,0,0,0,0.745182511496828,0.246598064267425,0,0,0,0,0,0,0,0,0,0,0,0,0,0,0,0,0,0,0.374308861552525,-0.842517285442189,0,0,1.65373376004968,-0.872354711412616,0,0,0,1.11078937304433,0,0,0,0,0,0,0,0,0,0,0,0,0,0,0,-0.522566412373596,0,0,0,0,0,0,0,0,0,0,0,0,0,0,0,0,0,0,0,0,0,2.79503243734383,0,-0.977655763768389,0,0,0,1.32099938798496,0,0,0,0,0,0,0.896971947160686,0,0.204532244246524,0,0,0
7.79023348416331,0,0,0,0,0,0,0,0,-0.0140798340537951,0,0,0,0,0,0,-0.362774382097599,0,0,-0.15948579688316,0,0,0,0,0,0,0,0,0,0,0,-12.2115015125675,0,0,0,0,0,0,0,0,0.242393827729415,0,0,0,0,0,0,0,0,0,0,0,0,0,0,0.0195011209577862,0,0,0,0,0,0,0,-0.35578463486408,0,0,0,0,0,0,0,0,0,0,0,0,0,0,-0.111420009664844,0.0767634201655023,0,0,0.51896095470221,-0.305312483349053,0,-1.14294394788172,0,-0.330446766629025,0,0,0,0,0,0,0,0,0,0,0,0,0,0,0,-0.813819841369138,0,0,0,0,0,0,0,-0.137992093742758,0.068855287771538,0,0,0.333037060504706,0,0,0,0,-0.165469860912872,0,0,0,0,0,0,0,0,0,0,0,0,0,0.642961293872235,-0.674284562168144,0,0,0.821175456951616,-0.760328609716654,0,0,0,1.18187158739242,0,0,0,0,0,0,0,0,0.173475989387868,0,0,0,0,0,0,0,0,-0.240065221459298,0,0,0,0,0,0,0,0,0,0,0,-0.532108592873648,0,0,0,0.283357024099139,0,0,0.209269902612564,4.1925967652447,0,0,0,0,0,0,0,0,0,0,0,0,0.617247913990932,0,0,0,-0.247411828756321,0
0,0,0.419949353761352,0,0,0,0,0,0,-0.360220561584283,0,0,0,0,0,0,0,0,0,0,0.869231737553026,0,0,0,0,0,0,0,0,0,0,-11.1733717627388,0,0,0,0,0.333226996366481,0,0,0,0,0,0,0,0,0,0.306848907389775,0,0,0,0,0,0,0,0,0,0,0,0,-0.118638186051289,0,0,0,0,0,0,0.828832192215912,0,0,0,0,0,0.380959282575429,0,0,0,0,0,0,0,0,0,0,0,0.237055938255593,0,0,0,0,0,0,-0.41634559204015,0,0,-0.0243260016494489,0,0,0,0,0,0,0,-0.129120713496285,0,0,0.224906057087782,0,0,0,0,0,0,0,0,0,0,0,0,0.0865027687376507,0,0,0,0,0,0,0,0,0,0,0,-1.21480013555859,0,0,0,0,0,-0.149888774658348,0,0,1.24786746989459,0,0,0,0,-0.59032322158597,0,0,0,0,0.0224649068542977,0.107476674597415,0,0,0,0,0,0,0,0,0,0,0,0,0,0,0,0,0,-1.42522098222001,0,0,0,0,0,0,0,0,0,0,-0.585411985592243,0,0.262539397645547,0,0,0.97102336476056,0,0,0,0,0,0,0,0,0,0,0,0,0,0,0
0,0,0,0,0,0,0,0,0,0,0,0,0,0,0,0,0,0,0,0,0,0,0,0,0,0,0,0,0,0,0,-10.6556528293793,0,0,0,0,0,0,0,0,0,0,0,0,0,0.066126012750884,0,0,0,0,0,0,0,0,0,0,0,0,0,0,0,0,0,0,0,0,0,0,0,0,0,0,0,0,0.337744645705125,0,0,0,0,0,0,0,0,0,0,0,0,0,0,0,0,0,0,0,0,0,0,0,0,0,0,-0.207348237040973,0,0,0,0,0,0,0,0,0,-0.307770579482768,0.317163692028266,0,0,0,0,0,0,0,0,0,0,0,0,0,0,0,0,0,0,0,0,0,0,0,0,0,0,0,0,0,0,0.0839507084071134,-0.68919031321109,0,0,0,0,0,0,0,0,0,0,0,0,0,0,0,0,0,0,0,0,0,-1.34294081144743,0,0,0,0,0,0,-0.269680233219494,0,0,0,0,0,0,0,0,0,0,0,0,0,0,0,0,0,0,0,0,0,0,0,0.513276663747153,0,0
0,0,0,0,0,0,0,0,0,0,0,0,0,0,0,0,0,0,0,0,0,0,0,0,0,0,-0.680016073167691,0,0,0,0,-1.88014276275211,0,-0.135588754851103,0,0,0,0,0,0,0,0,0,0.086128967253728,0,0.659979165290828,0,0,0,0,0,0,0,0,0,0,0,-0.00535591535196178,0,0,0,0,0,0,0,0,0,0,0,0,0,0,0,0,0,0,0,0,0.271519003993838,0,0,0,0,0,0,0,0,0,0,0.0965708055828283,0,0,0,0,0,0,0,0,0,0,0,0,0.226436007976558,0,0,0,0,0,0,0,0,0,0,0,0,0,0,0,0,0,0,0,0,0,0,0,0,0,0,0,0.474243492015629,0,0,0,0,0,0,0,0,0,0,0,0,0,0,0,0,0,0,0,0,0,0,0,0,0,0,0,0,0,0,0,0,0,0,0,0,0,0,0,0,0,0,0,0,0,0,0,0,0,0,0,0,0,0,0,0,0,0,0,0,0,0,0,0,0,0,0,1.51203937346614,0.837968167485909
0,0,0,0,0,0,0,-0.585744077620872,0,0,0,0,0,0.00257191315412464,0,0,0,0,0,0,0,0,0,0,0,0,0,0,0,0,0,-5.89256115414453,0,0,0,0,0,0,0,0,0,0,0,0,0,0,0,0,0,0,0,0,0,0,0,0,0,0,0,0,0,0,0,0,0,0,0,0,0,0,0,0,0,0,0,0,0,0,0,0,0,0,0,0,0,0.353479152766368,0,-0.0189290568832354,0,0,0,0,0,0,0,0,0,0,0,0,0,-0.199590790868468,0,0,0,0,0,0,0.08018500174795,0.111835154669736,0,0,0,0,0,0,0,0,0,0,0,0,0,0,0,0,0,0,0,0,0,0,0,0,0,0,0,0,0,0,0,0,0,0,0,0,0,0,0,0,0,0,0,0,0,0,0,0,0,0,0,0,0,0,0,0,0,0,0,0,0,0,0,0,0,0,0.287094114407768,0,0,0,0,0,0,0,0,0,0,0,0,0,0,0,0,0,0,0,0,0,0,0
0,0,0,0,0.676444544399363,0,-0.277216612820543,-1.65775634119279,0,0,-0.0926076873377355,0,0,0,0,0,0,0,0,1.27611701712953,0,0,0,0,0,0,0,0,0,0,0,-5.91813510730335,0,0,0,0,0,0,0,0,0,0,0,0,0,-0.403018541824223,0.246934971770209,0,0,0,0,0,0,0,0,0,0,0,0,0,0,0,0,0,0,0,0,0,0,0,0,0,0,0,0.330990842305867,0,0,0,0,0,-0.557126577323934,0,0,0,-1.01751023550059,0,0,0,0,0,0,0,0,0,0,0,0,0.0600582120349229,0,0,0,0,0,0,0,0,0,0,0.360647182127948,0,0,0,0,0,0,0,0,0,0,0,0,0,0,0,0,0,0,0,0,0,0,0,0,0,0.435004017223978,0.315911810921893,0,0,0,0,0,0,0,0,0,0,0,0,0,0,0,0.128424092861412,0,0,0.0380718292016724,0,0,0,0,0,0,0,0,0,0,0,0,0,0,0,0,0,0,0.311192738749359,0,0,0,0,0.0115016317258294,0,0,0,0,0,0,0,0,0,0,0,0,0,0,0,0,0,0,0,0,0
0,0,0,0,0,0,-1.82274818678464,-2.05078084995948,0,0,0,0,0,0,0,0,0,0,0,0,0,0,0,0,0,0,0,0,0,0,0.149557412209989,-3.94302110163994,-0.0453843134956962,-2.54646142248269,0,0,0,0,0,0,0,0,0,0,0,0,0,0,0,0,0,0,0,0,0,0,0.21217145603015,0.0133791911527172,0,0,0,-0.308978979133113,1.56256225196395,0,0.166823279497498,0,0,0,0,0,0,0,0,0,0,0,0,0,0,0,0,0,0,0,-1.27368959759705,0,0,0,0,0,0,0,0,0,-0.612481580836958,0,0,0.0869408505222247,0,0,0,0,0,0.487452650804427,0,0,0,0,0,0,0,0,0,0,0,0,0,0,0,0,0,0,0,0,0,0,0,-0.331932430596579,0,-0.138992249104493,0,0,0,0,0,0,0,0,0,0,0,0,0,0,0,0,0,0,0,0,0,0.108318682153237,0,0,0.41064378980738,0,0,0,0,-0.836590447176084,0,0,0,0,0,0,0,0,0,0,0,0,0,0,0,0,0,0,0,0.692902075545201,0,0,0,0,0,0,0,0,0,0,0,0,-1.41445866561992,0,0.0577812308685497,0.136018445914627,0,0,0,0
0,0,0,0,0,0,0,-2.40119964908611,0,0,0,0,0,0,0,0,0,-1.0588459707719,0,0,0,0,0,0,0,0,0,0,0,0,-0.807423438925189,-5.83415874463878,0,0,0,0,0,0,0,0,0,0,0,0,0,0,0,0,0,0,0,0,0,0,0,0,0,0,0,0,0,0,0,0,0,0,0,0,0,0,0,0,0,0,0,0,0,0,0,0,0,0,0,0,0,0,0,0,0,0,0,0,0,0,0,0,0,0,0,0,-0.206970903572351,0,-0.0430731182514923,0,0,0,0,0,0,0,0,0,0,0,0,0,0,0,0,0,0,0,0,0,0,0,0,0,0,0,0,0,0,0,0,0,0,0,0,0,0,0,0,0,0,0,0,0,0,0,0,0,0,-0.0828052564766419,0,0,0.073191444872468,0,0,0,0,0,0,0,0,0,0,0,0,0,0,0,0,0,0,0,0,0,0,0,0,0,0,0,0,0,0,0,0,0,0,0,0,0,0,0,0,0.523035172019699,0,0
0,0,0,0,0,0,0.561238347816819,-4.81883353903463,0,0,0,0,0,0,0,0,0,-0.415965903895,0,0.0126314178775371,0,0,0,0,0,0,0,0,0,0,0,-7.33106489939955,0,0,0,-0.164476732290147,0,0,0,0,0,0,0,0,0,0,0,0,0,0,0,0,0,0,0,0.159937031176924,0.350996243866658,0,0,0,0,0,0,0,0,0,0,0,0,0,0,0,0,0,-0.753088623716836,0,0,0,0,0,0,0,0,0,0,0,0,0,0,0,0,0,0,0,-0.251829083262481,0,0,0,0,0,0,0,0,0,0,0,0,0,0,0,0,0.128813502580374,0.151114320857678,0,0,0,0,0,0,0,0,0,0,0,0,0,0,0,0,0,0,0,0,0,0,0,0,0,0,0,0,0,0,0,0,0,0,0,0,0,0,0,-0.46292070730623,0,0,0,0,0,0,0,0,0,0,0,0,0,0,0,0,0,0,0,0,0,0,0,0,0,0,0,0,0,0,0,0.220898359575584,0,0,0,0,0,0,0,-0.0508406458690061,0,0,0,0,0,0,0
0,0,0,0,0,0,0.0817388728954065,-4.98068755231406,0,0,0,0,0,0,0,0,0,0,0,0.629357448057454,0,0,0,0,0,0,0,0,0,0,-0.259470025512647,-8.60282166480768,0,0,0,-0.0398633696052411,0,0,0,0,0.223015486441914,0,0,0,-0.078307976883023,0,0,0,0,0,0,0,0.0138372048285924,0,0,0.385929286143932,0,0,0,0,0,0,0,0,0,0,0,0,0,0,0,0,0,0,0,0,0,0.621799082322593,0,0,0,0,0,0,0,0,0,0.135736412384261,0,0,0,0,0,0,0,0,0,0,0,0.0224808242981562,-0.0307743905610511,0,-0.464325487995068,0,0,0,0,0,0,0,0,0,0.288541114560802,0,0,0,0,0,0,0,0,0,0,0,0,0,0,0,0,0,0,0,0,0,-0.229944568625593,0,0.443955173043728,0,0,0.170372949705819,0,0,0,-0.0318176673635635,0,0,0,0,0.557298888098434,0,0,0,-0.0317699020754372,0,0,0,0,0,0,1.68434592376552,0,0,0,0,0,0,0,0,0,0,0,0,0,0,0,0,0,0,0.386052988517283,0,0,0,0,0,0.186005993281707,0,0.243203418948184,0,0,0,0,0,0,0,0,0,0,0,0,0
0,0,0,0,0,0,0,-8.03314058156454,0,0,-0.374109292899203,0,0,0,0,-0.526137629693898,0,0,0,0,0,0,0,0,0,0,0,0,0,0,0,-6.79262855105231,0,-1.08704439693709,0,-1.52193220786958,0,0,0,0,0,0,0,0,0,0.120042500441097,0,0,0,0,0,0,0,0,0,0,0,0,0,0,0,0,0,0,0,0,0,0,0,0.241134636999981,0,0,0,0.216586176578954,0,0,0,0,0,0,0,0,0,0,0,0,0,0,0,0,0,0,0,0,0,0,0,0,0,0,0,0,0,0,0,0,0,0,0,0,0,0.582676960894353,0,0,0,-0.0677595891150595,0,0,0,-0.28302519334928,0,0,0,0,0,0,0,0,0,0,0,0,0,0,0,0.311731565693203,0,0,0,0,0,0,0,0,0,0,0,0,0,0,0,0,0,0,0,0,0.273420305762558,0,0,0.311237445798426,0,0,0,0,0,0,0,0,0,0,0,0,0,0,0,0,-0.164265214755145,0,0.00335862178933555,0,0,0,0,0,0,0,0.137053730470315,0,0,0,0,0,0,0,0,0,0,0.187257655291158,2.6822601042721,0
0,0,0,0,0,0,0.0581796988888861,-8.33333239319517,0,0,0,0,0,0,0,-0.295101743760145,0,-0.396314429078017,0,0,0,0,0,0,0,0,0,0,0,0,0,-4.79475453268751,0,-1.42033075093236,0,-0.172261971937987,0,0,0,0,0,0,0,0,0,0,0,0,0,0,0,0,0,0,0,0.514131290746318,0,-0.134830686873239,0,0,0.468050673942898,0,0,0,0,0,0,0,0,0,0,0,0,0,0,0,0,0,0,0,0,0,0,0,0,0,0,0,0,0,0,0,0,0,0,0,0,0,0,0,0,0,0,0,0,0,0,0,0,0,0,0.21496163608326,0,0,0,0,0,0,0,0,0,0,-0.180917548879979,0,0,0,0,0,0,0,0,-0.911521881893879,0,0,0,0,0,0,0,0,0,0,0,0,0,0,0,0,0,0,0,0,0,-0.237927996620653,0,0,0,0,0,0,0,0,0,0,0,0,0,0,0,0,0,0,0,0,0,0,0,0,0,0,0,0,0,0,0,0,0,0,0,0,0,0,0,0,0,0,0,0,0,0
0,0,0,0,0,0,0.637618540383083,-7.86856590588524,0,0.130595764470139,0,0,0,0,0,0,0,0,0,0.427333984887173,0,0,0,0,0,0,0,0,0,0,0,-5.61619618159598,0,-1.69550100699577,0,-0.884609445067471,0,-0.922169964881973,0,0,0,0,0,0,-0.162259878188593,0,0,0.0449735948018113,0,0,0,0,0,-0.159139454629077,0,0,0,0,0,0,0,0,0,0,0,0,0,0,0,0,0,0,0,0,0,0,0,0,0,0,0,0,0,0,0,0,0,0,0,0,0,0,0,0,0,0,0,0,0,0,0,0,0,0.232682344273184,0,0,0,0,0,0,0,0,0,0,0,0,0,0,0,0,0,0,0,0,0,0,0,0,0,0,0,0,0,0,0,0,0,0,0,0,0,0.00992911106103822,0,0,0,0,0,0,0,0,0,0,0,0,0.212993677017222,0,0,0,0,0,0,0,0,0,0,0,0.203963350161841,0,0,0,0,0,0,0,0,0,0,0,0,0,0,0,0,0,0,0,0,0,0,0,0,0,-2.41023548423616,0,0,0,0,0,2.084346547026,0
0,0,0,0,0.580765147669608,0,0.291620879360297,0,0,0,0,0,0,0,0,0,0,0,0,0,0,0,0,0,0,0,0,0,0,0,2.89918146848779,-4.88873036567445,0,0,0,0,0,0,0,0,0,0.667184995530981,0,0,0,0,0,0,0,0,0,0,0,0,0,0,0,0,0,0,-0.580246226531234,0,0,0,0,0.921274854574466,0,0,0,0,0,0,0,0,0,0,0,0,0,0,0,0,0,0,0,0,0,0,0,0,0,0,0,0,0,0,0,-0.0318405236292743,-0.082906625608592,0,0,0,0,-1.87635206511815,0,0,0,0,0,0,0,0,0,0,0,0,0,0,0,0,0,0,0,0,0,0,0,0,0,0,0,0,0,0,0,0,0,0,0,0,0,-0.0358035358189239,0,-0.263273138929928,0,0,0,0,0,0,0,0,0,0.417608596187593,0,0,0,0,-0.154571484161424,0,0,0,0,0,0,0,0,0,0,0,0,0,0,0,0,0.141197065505138,0,0,0,0,0,0,0.172194790736093,0,0,0,0,0,0,0,0,0,0,0,0,0,0,0,0,0.0526464555417234
0,0,0,0,0,0,0,0,0,0,-1.21831049144664,0,0,0.253420674287827,0,0,0,-0.181714396322753,0,0,0,0,0,0,0,-1.18426636857043,-0.339973769611772,-0.679874784269154,0,0,0,-5.74184411187878,0,-0.314572656529496,0,0,0,0,0,0,0,0.390989403108943,0,0,0,-0.182441099309504,1.6736684668994,0,0,0,0,0,0,0,0,0,0,0,0,0,0,0,0,0,-0.25889254796492,0.0984794822195221,0,0,0,0,0,0,-0.388664478779205,0,0,0,0.00609616069881924,0,0,0,0,0,0,0,-0.0253209874202851,0.0676534820898895,0,0,0,0,0,0,0,0,0,0,0,-0.259129035773263,0,0,-0.315730476737788,0,0,-2.03052430742928,0,0,0,0,0,0.00696425932936084,0,0,0,0,-0.322124411224366,0,-0.0859532306723918,0,0,0.723068233860658,0,0,0,0,0,0,1.33133726167502,0,0,0,0,-0.350626646802293,0,0,0,0,0.838267351342745,0,0,0,0,-0.103904297466954,0,-1.35733594692929,0,0,0,0,-0.0174585773100513,0,0,0,0,0.534672651137184,0,0,0,0,0,0,0,0,0,0,0,0,0,0,0,0,0.227640922586451,0,0,0,0,0,0,0,0,0.361353073541047,0,0,0,0,0,0,0,0,0,0,0,0,0,0,0,0,0,0,0,0
0,0,0.608625708216558,0,0,0,-0.905960369689277,0,0,0,0,0,0,0,0,0,-0.25793251736919,0,0,0,0,0,-0.851506564014953,0,0,0.942282842157616,0,0,0.052099316849294,0,0,-1.83916096900576,0,0,0,0,0,0,0,0,0,-0.365810126201677,0,0,0,0,0,0,0,0,0,0,0.279748379805387,0,0,0,0,0,0,0,0,0,0.907264244560278,-0.511219080894569,0,0,0.388245345575501,0,0,0,-0.111302229231297,0,0,0,0.357624350765714,0,0.023744205022588,0,0,0,1.12502507338513,0,0,0.226435102237388,0,0,0,0,0,0,0,0,0.467796669762451,0,0,0,0,0,0,0,0,0,0.736223221457913,0,0,0,0,0,0,0,0,0,0,0,0,-0.427273168718077,0,0,0.416576445779532,0,0,0,0,0,0,0,0,0,0,0,0,0.0447885108793655,0.960129549676618,0,0,0,0,0,0,0,0,0,0,0,0,0,0,0,0,0,0,0,0,0,0,0,0,0,0,0,0,0,0,0,0,0,0,0,0,0,0,0,0,0,0,0,0,0,0,-0.0531322949833641,0,0,0,0,0,0,0,0,0,0,0,0,0,0,-0.48817844430016,0,0,1.00858201156273,0,0
0,0,0,0,0,0,-0.534421542973394,0,0,0,0.163396698935467,0,0,0,0,0,0,0,0,-0.0871447653038411,0,0,0,0,0,0,0,0,0.0167670069914003,0,0.616686273519649,-6.3657197826082,0,0,0,0,0,0,0,0,0,0,0,0,0,0,0,0.297053532461885,0,0,0,0,0,0,0,0,0,0,0.0335971989437691,0,0,0,0,0,0,0,0,0,0,0,0,0,0,0,0,0.225797161750169,0,0,0,0,0.435828190911081,0,0,0,0,0,0,0.353597900939136,0,0,0,0,0,0,0,0,0,0,0,0,0,0.0746448525556902,0.595788591792929,1.0101774886076,0,0,0,0,0,0,0,0,0,0,0,0,0,0,0,0,0,0,0,0,0,0,0,0,0,2.98361682257084,0,-0.483874754399892,0,0,0,0,0,0,0,0,0,0,0,0,0,0,0,0.891697370968816,0,0,0,0,0,0,0,0,0,0,0,0,0,-0.0500944707555662,0,0,0,0,0,0,0,0,0,0,0,0,0,0,0,-0.346055777084658,0,0,0,0,0,0,0,0,0,0,0,0,-0.0357330863966803,0,0,0,0,0.128453242008694,0,0,0.466148028170983,0
0,0,0,0,0,0,-0.763663249159307,0,0,-0.541515362836757,0,0,0,0,-0.463285223221066,0,0,0,0,-0.0587776960121487,0,0,0,0,0,0,0,0,0,0,0,-9.60019880597549,0,0,0,0,0,0,0,0,0,0,0,0,0,-0.257734919869908,0,0.114056559099958,0,0,0,0,0,0,0,0,0,0.433178641863547,0,0,0,0,0,0,0,0,0,0,0,0,0,0,0,0,0,0,0,0,0,0,0,0,0,0,0,0,0,0,-0.287513434991457,0,0,0,0,0,0,0,0,0,0,-0.327655960189187,0,0,2.26867454888807,0.0891265169322781,0,0,0,0,-0.097183760838869,0,0,0,0,0,0,-0.311974410936461,0,0,0,0,0,0,0,0,0,0,0,0,0,3.11291789549752,0,-0.346100799247983,0,0,0,0,0,0,0,0,0,0,0,0,0,0,0,0,0,0,0,0,0,0,0,0,0,0,0,0,0,0,0,0,0,0,0,0,0,0,0,0,0,0,0,0,0,0,0,0,0,0,0,0,0,0,0,0,0,0,0,0,0.531304391756376,0,0,0,0.381623205520938,0,0,0
0,0,0,0,0,0,-0.833494062976415,0,0,0,0,0,0,0,-1.00128015968522,0,0.369985361210455,0.841655354762336,0,-0.678412700617818,0,0,0,0,0,0,0,0,0,0,0,-4.8250976842841,0,0.637905269576428,0,0,0,0,0,0.493878110436598,0,0,0,0,-0.324551023723443,-1.04574554304985,0,1.40287939352515,0,0,0,0,0,0,0,0,0,0,0,0,0,0,0,0,0,0,0,0,-0.0662813966562377,0,0,0,0,0,0,0,0,0,0,0,0,0,-0.941059146747677,-1.88313669789446,1.19388270857877,0,0.329393576744864,0.870291069419929,0,0,0.593252195377519,0.000156105364871317,0,0,0.946032417150183,0,0,0,0,0,0,0,0.647857309644642,0.947945762785097,-0.00390098286952134,0,0,0,0,0.226570573270118,0,0,0,0,0,0,0,0,0,0,0,0,0,0,0,0,0,0,0,7.59734956695703,0,-3.21864966299593,0,0,0,0,0,0,0,0,0,0,0,0,0,0,0,0,0,0,0,-0.0859770951069523,0,0,0,0,-0.960302470700127,0,0,0,0,-0.120440957659321,0,0,0,0,0,0,0,0,0,0,0,0,0,0,0.15913908537111,0,0,0,0,0,0,0,-1.86432881640713,0,-0.176313005833604,-0.109801082275139,0,0,-0.711394399265164,0,0,0,0,0,0,-0.107575907940505,0,0
0,0,0,0,0,0,0,0.618682393366118,-0.100031673333072,0,0,0,0,0,2.62992082854894,0,0,0,0,0,0.0458450658524356,0,0.186438306395957,0,0,-0.243563076113073,-0.526732511368796,0,0,0,-0.200813023054058,-12.0801839857775,0,1.62238175114405,0,1.13895741007432,0,0.657277001244496,0,0,0,-0.903517446131751,-0.0470981355942832,0,0,0,0,0,0,-0.0276660344759756,0,0,0,0,0,0,0.018890570183844,1.55747257133604,0.0481809271687612,0,0,-0.745688786943879,0,0.401297952367577,0,0,0,0,0,0,-0.801083263640843,0,0,0,0,1.41391026680496,0,0,0,-0.497784291503333,0,0,0,-0.974613317441606,0,-0.0612816005138501,0,0,0,0,0,0,0,0,0,0,0,0,0,0,0,-1.57084149175849,0,0,0,0,0,2.14777205133582,-0.811291638557336,0,0,-2.56063505400558,0,0,0,0,0,0,0,0,0,0,0,0,0,0,0,-0.41800022892028,0,0,0.67949716281183,0,0,0,0,0.705832791079024,0,0,-0.234337152181452,0.0186513630239566,-0.0146034890179487,0,0,0,0.788390474051118,0,0,-0.636256114194586,0,0,0,0,0.203948872728479,0,0.694814991242946,0,0,0,0,0,0,0,0,-0.140707214321438,0,0,-1.50675224907496,0,0,0,0,0,0,-1.31073928541296,0.34881169330033,0,0,0,0,0,0,0,0,0,1.1885607014121,0,0,0,0,-1.98904284099321,0,0,0,0,0,0,0,0,0,0
0.122465306322744,1.20480234382231,0,0,0,-0.636718886950018,-0.642139469767249,0,-0.086140222009218,0,-0.0441393397274858,0,-0.666501023425293,0,0,0,0,-0.858697682091123,0,0,0,0,0,0,0,0,-2.24985207863372,0,0,0,0,-4.69094054089857,0,0,0,0.249317320561979,0,0.95178102614724,0,0,-0.00821272823308172,0,2.41636275139097,0,0,0.143271292737588,0,0,0,0,0,-1.22469383170368,0,0,0,0,0,-0.00155593079821048,0,0,0,0,1.00923791089694,0,0,0,0.217291873476806,0,0,-0.395232142253167,0,1.21733404551571,0.0347758946642345,0,-1.18259136915736,0,0,0,0,0,1.00208823695593,-1.84698313775764,0.746494694828331,-0.032417380409417,0,1.95548976585049,0,0,0,-0.926831127534572,0,-1.64791247270741,0,0,0,0,0.366746517090244,0,0,0.417065584030428,0,0,1.08320921011533,0,-0.0788796123822111,0,0,0.720238830954715,1.11314490767422,0,0,-3.13911600142348,0,-0.592976284894811,0,-0.101466415304753,0,0,0,0,2.06827337288956,0,2.19893153827357,0,0,0,0,0,0,0,0,0,-1.52707327911133,0,-0.632997846921809,0,-0.704660711803618,0,0,0,0,0,0,1.07580806954746,1.07083620891766,0,0,0,0,-0.652688919190723,0.834600700637675,0,0,0,0,0,-0.39061830222107,0,0,0,0,0,1.06294651229986,0,0,0,0,0,0,0.380441442584964,0,0,0.127018094369164,-0.401739302078808,0.494237609726364,0.142013844793767,0,0,0,0,0,0,0,0,0,0,0,0,0,0,0,0,0,0,-0.990778013692836,0,0,0,0,0
0,0,0.505047888331942,0,0,0,0,0,-0.393406211015862,-0.316243461416376,0,0,0,0,0.683599000034788,0,0,-0.486185450526339,0,1.52395841048762,0,0,0,0,0,0,0,0,0,0,0,0,0,0,0,0,-0.52405662440235,-0.255609143697063,0,0,0,0,0,0,0,0,0,0,0,0,0,0,0,-0.604438588475947,0,0,0,0,0,0,0,0,0,0,0,0,-0.112356503888133,0,0,0,0,0,0,0,0,0,0,0.0421336976178583,0,0,0,0,0,0,0,0,0,0,0,-0.0164710450869177,0,0,0,0,0,-0.0778300528669842,1.02411431269278,0,0,0,0,0,0,0,0,0,0,0,0,0.153900095751899,0,-0.520843799883757,0,0,0,0,0,0,0,0,0,0.230588743163607,0,0,0,0,0,0,0,0.0213611204673585,0,0,0,0,0,0,0,0,0,0,0,0,0,0,24.8656366788265,0,0,0,0,0,0,0,0,0,0,0,0,0,0,0,0,0,0,0,0,0,-1.18266007499449,0,0,0,0,0,0,0,0,-0.210070336742117,0,0,0,0,0,0,0,0,0,0,0,0,0,-0.0159525952499271,0,0,0,0,0,0,0,0.596558642606724,0,0
0,0,0.0525708861616851,0,0,0,0,0,0,0,0,0,0,0,0,0,0,-0.308372287603284,0,0,0,0,0,0,-0.0962217202092646,0,0,0,0,0,0,0,0,0,0,0,0,0,0,0,0,0,0,0,0,0,0,0,0,0,0,0,0,0.00178183818254274,0,0,0,0,0,0,0,0,0,0,0,0,0,0,0,0,0,0,0,0,0,0,0,0,0,0,1.03223159847039,0,0,0,0,0,0,0.176100668564639,0,0,0,0,0,0,0,0,0,0,0,0,0,0,0,0,0,0,0,0,0,0,0,0,0,0,0,0,0,0,0,0,0,0,0,0,0,0,0,0,0,0,0,0,0,0,0,0,0,0,0,0,0,0,0,0,23.4443740406635,0,0,0,0,0,0,0,0,0,0,0,0,0,0,0,0,0,0,0,0,0,0,0,0,0,0,0,0,0,0,0,0,0,0,0,0,0.0243147133709918,0,0,0,0,0,0,0,0,0,0,0,0,0,0,0,0,0,0
0,0,0,0,0,0,0,0,0,0,0,0,0,0,0,0,0,0,0,0,0,0,0,0,-0.0445774213616674,0,0,0,0,0,0,0,0,0,0,0,0,0,0,0,0,0,0,0,0,0,0,0,0,0,0,0,0,0,0,0,0.0855733861775547,0,0,0,0,0,0,0,0,0,0,0,0,0,0,0,0,0,0,0,0,0,-0.365066574527491,0,0,0,0,0,0,0,0,0,0,0,0,0,0,0,0,0,0,0,0,0,0,0,0,0,0,0,0,0,0,0,0,0,0,0,0,0,0,0,0,0,0.616955839146496,0,0,0,0,0,0,0,0,0,0,0,0,0,0,0,0.886587546059659,0,0,0,0,0,0,0,22.7344766551651,0,0,0,0,0,0,0,0,0,0,0,0,0,0,0,0,0,0,0,0,0,0,0,0,0,0,0,0,0,0,0,0,0,0,0,0,0,0,0,0,0,0,0,0,0,0,0,0,0,0.0681091850196367,0,0,0,0,0
0,0,0,0,0,0,0,0,0,0,0,0,0,0,0,0,0,0,0,0,0,0,0,0,0,-0.0549992273643738,0,0.364162201743376,0,0,0,0,0,0,0,0,0,0,0,0,0,0,0,0,0,0,0,0,0,0,0,0,0,0,0,0,0,0,0,0,0,0,0,0,0,0,0,0,0,0,0,0,0,0,0,0,0,0,0,0,0,0,0,0,0,0,0,0,0,0,0,0,0,0,0,0,0,0,0,0,0,0,0,0,0,0,0,0,0,0,0,0,0,0,0,0,0,0,0,0,0,0,0,0,0,0,0,0,0,0,0,0,0,0,0,0,0,0,0,0,0,0,0,0,19.162591832935,0,0,0,0,0,0,0,0,0,0,0,0,0,0,0,0,0,0,0,0,0,0,0,0,0,0,0,0,0,0,0,0,0,0,0,0,0,0,0,0,0,0,0,0,0,0,0,0,0,0,0,0,0,0,0
0,0,0,0,0,0,0,0,0,0,0,0,0,0,0,0,0,0,0,0,0,0,0,0,0,0,0,0.565265467495393,0,0,0,0.126335817049517,0,0,0,0,0,0,0,0,0,0,0,0,0,0,0,0,0,0,0,0,0,0,0,0,-1.00806311021831,0,0,0,0,0,0,0,0,0,0,0,0,0,0,0,0,0,0,0,0,0,0,0,0,0,0,0,0,0,0,0,0,0.22341561081597,0,0,0,0,0,0.0104561691915499,0,0,0,0,0,0,0,0,-0.260148645276334,0,0,0,0.0578185140101712,0,0,0,0,0,0,0,0,0,0,0,-0.16781572533485,-0.468274682616673,0,0,0,0,0.216959678339789,0,0,0,0,0,0,0,0,0,0,0,0,0,0,0,0,0,16.7547494004357,0,0,0,0,0,0,0,0,0,0,0,0,0,0,0,0,0,0,0,0,0,0,0,0,0,0.186119291973493,0,0,0,0,0,0,0,0,0,0,0,0,0,0,0,0,0,0,0.00952102158920809,0,0,0,0,0,0,0,0,0,0
0,0,0,0,0,0,0,0,0,0,0,0,0,0,0,0,0,0.00264082209414851,0,0,0,0,0,0,0,0,0,0,0,0,0,0.448054653697612,0,0,0,0,0,0,0,0,0,0,0,0,0,0,0,0,0,0,0,0,0,0,0,0,0,0,0,0,0,0,0,0,0,0,0,0,0,0,0,0,0,0,0,0,0,0,0,0,0,0,0,0,0,0,0,0,0,0,0,0,0,0,0,0,0,0,0,0,0,0,0,0,0,0,0,0,0,0,0,0.790073805230324,0,0,0,0,0,0,0,0,0,0,0,0,0,0,0,0,0,0,0,0,0,0,0,0,0,0,0,0,0,0,0,0,16.8722535161977,0,0,0,0,0.556921257663447,0,0,0,0,0,0,0,0,0,0,0,0,0,0,0,0,0,0,0,0,0,0,0,0,0,0,0,0,0,0,0,0,0,0,-0.124489262306823,0,0,-1.35446870331012,0,0,0,0,0,0,0,0,0,0,0,0
0,0,-0.0591042961214849,0,0,0,0,0,0,0.140217942271595,0,0,0,0,0,0,0,0.101108444747252,0,0,0,0,0,0,0,0,0,0.257092801528858,0,0,0,1.21060522222042,0,0,0,0,0.486459316855948,0,0,0,0,0,0,0,-0.695056332991597,0,0,0,0,0,0,0,0,0,0,0,0,0,0,0,0,0,0,0,0,0,0,0,0,0,0,0,0,0,0,0,0,0,0,0,-0.244349619846218,0,0,0,0,0,0,0,0,0,0,0,0,0,-0.094466198855429,0,0,0,0,0,0,0,0,0,0,0,0,-0.0306100402645875,0,0,0,0.173743000239094,0,0,0,0,0,0,0,0,0,0,0,0,0,0,0,0,0,0,0,0,0.273165418662244,0,0,0,0,0,0,0,0,0,0,0,12.790372279336,0,0,-0.00301301621596051,0,0.49280339726742,-0.496738377004493,0,0,0,0,-0.173416635135346,0,0,0,0.0326599852728353,0,0,0,0,0,0,0,0,0,0,0,0,0,0,0,0,0,0,0,0,0,0,0,0,0,0,0.225475349816285,0,0,0,0,0,0,0,0,0,0,0,0,0
0,0,0,0,0,0,0,-2.49034791781295,0.242805910386411,0.12769512992776,0,0,0,0,0,0,0,0,0,0,0,0,0,0,0,0,0,-2.10158943812405,-0.153157325495956,0,0,0.15529870678235,0,-0.320358119088595,0,-0.00303273556832928,0,0,0,0,0,0,0,-0.0262981404586042,0,0,0.677985443730849,0,0,0,0,0,0,0,0,0,0.571678933640922,0.221388577982032,0,-0.409175855227049,0,0,0,0,0,0,0,0,0,0,0,0,-0.113899639458337,0,0.299804044284613,0,0,0.531507258774625,0,0,0,0,0,0,0,0,0,0,0,0,0,0,0,0,0,0,0.645630276153205,0,0,0,0,0,0,0,0,0.979243632650779,0,0,0,0,0,0,0,0,0,0,0,0,0,0,0,0.441086957416949,-0.18688807862744,0,0,0,0,0,0,0.206046517770174,0.623390985773334,0.132160709888173,-0.020181720089675,0,0,0,-0.945638907367581,0,0,0,0,0,0,0,0,0,0,0.0405772899293153,0,0,0,0,-0.688793065587031,0,0.696347917180488,0,0,0,0,0,-1.32306935581954,0,0,0,0,0,0,-0.612873970496874,0,0,0,0,0,0,0,-1.25317666840763,0,0,0,0,0,0,0,0,0,0,0,0.528283459246673,0,0,0,0,-1.90732172349127,0,0,0.14999403610597,0,0,0.255083048241075,0
0,0,0,0,-0.599219722742557,0.660457469274399,0,0,0,0,0,0,0.825599008415004,0,0,0,0,0,0,0,0,0,0,0,0,0,0,-1.03365842445665,0,0,0,0,0,0,0,0,0,0,0,0,0,0,0,0,0,0,0,0,0,0,0,0,0,-1.03489879154618,0,0,0,0,0,0,0.373881620540478,0,0,0,0,-0.0748653087784907,0,0,0,0,0,0,-0.0371189460619763,0,0,0,0,0,-0.119728992850023,0,0,0,-0.848251201848007,0,0,0,0,0,-1.39364120490862,0,0,0,0,0,0,0,-0.439455772142733,0,0,0,0,0,0,0,0,-0.481307773910089,0,0,0,0,0,0.0673107170152092,0,-0.255099813496089,0,0,0,0,0,0,0,1.47457665276464,0,0,0,0,0,-0.0307122829839006,0,2.87839043174719,0,-1.02320241409525,0,0,0,0,0,0,0,-2.21763414802967,0,0,0,0.862002850862782,0,0,0,0,0,-0.476807059329345,0,2.36249620227924,-2.01076420514566,0,-1.84977366495956,0,0,0,0,0,-0.312494154265793,0.95625836850399,0,0,0,0,-0.948929247256792,0,0,0,0,0,0,0,0,0,0,0,0,0,0,0.148549299392616,0,0,-0.676811431397119,0,0,0.951858123966614,0.152087589668489,0.109586538522379,-0.339500668944,0,-0.509904667090367,0,0,0.329031581949668,0,0,0,-0.0636323693602638
0,0,0,0,-0.484906950924156,0.101900715469685,0,0,0,0,0,0,0.790726220345993,0,0,0,0,0,0,0,0,0,0,0,0,0,0,-1.12608670011398,0,0,0,0,0,0,0,0,0,0,0,0,0,0,0,0,0,0,0,0,0,0,0,0,0,-0.624899776255726,0,0,0.0629212414005373,0,0,0,0.732137225809749,0,0,0,0,0,0,0,0,0,0,0,0,0,0,0,0,0,-0.317356329079478,0,0,0,0,0,0,0,0,0,-1.0481048788273,0,0,0,0,0,0,0,-0.118604989416839,0,0,0,0,0,0,0,0,0,0,0,0,0,0,0.0435738079816952,0,0,0,0,0,0,0,0,0,1.08713593210099,0,0,0,0,0,-0.0898638388734467,0,2.57543597086003,0,-0.668672599941846,0,0,0,0.174848427564125,0,0,0,-1.1160834219793,0,0,0,0.320083849849197,0,0,0,0,0,-0.0281912443437662,0,2.11581888401044,-1.56908928509947,0,-1.17210795954321,0,0,0,0,0,0,0.483902414931304,0,0,0,0,0,0,0,0,0,0,0,0,0,0,0,0,0,0,0,0.432942597412075,0,0,0,0,0,1.33852823572206,0,0,0,0,0,0,0,0,0,0,0,0
0,0,0,0,-0.327176521387419,0,0,0,0,0,0,0,0,0,0,0,0,0,0,0,0,0,0,0,0,0,-0.0891024177846458,0,0,0,0,0,0,0,0,0,0,0,0,0,0,0,0,0,0,0,0,0,0,0,0,0,0,0,0,0,0,0,0,0,0,0,0,0,0,0,0,0,0,0,0,0,0,0,0,0,0,0,0,0,0,0,0,0,0,0,0,-0.164326838071999,0,0,0,0,0,0,0,0,0,0,0,0,0,0,0,0,0,0,0,0,0,0,0,0,0,0,0,0,0,0,0,0,0,0,0,0,0,0,0,0,0,0,-0.0515983488349441,0,0,0,0,0,0,0,0,0,0,0,0,0.0297170095061481,0,0,0,0,0,0,0.253275319369136,0,0,0,-0.438024945446429,0,0,0,0,0,0,0,0,0,0,0,-0.85001103743798,0,0.437823083528432,0,0,0,0,0,0,0,0,0,0,0.0228258373016141,0,0,0,0,0,0,0,0,0,0,0,0,0,0,0,0,0,0.124523444693336,0,0
0,-1.1860478167333,0.0419417435620772,0,0,0.373273597257759,0,-0.792170811498998,0,0,0,0,0,0,0,0,0,0,0.0815784331611038,0,0,0,0,0.0623875818044768,0,0,0,0,0,0,0,0,0,-0.511774936347484,0,0,0,0,0,0,0,0,0,0,0,0,-0.767484042513073,0,0,-1.49515842625366,0,0,0,0,0,0,0,0,0,0,0,0,1.33304210492494,0,0,0,0,0,0,0,0,0,0,0,0,0,0,0,0,0,0,0,0,-0.776324254640309,0,0,0,0,0,0,0,0,0,0,0.228717155013147,0,0,0,0,0,0,0,0,0,0,-0.125913056963401,0,0,0,0,0,0,0,0,0,0,0,0,0,0,0,0,0,0,0,0,-0.215698746056239,0,0,0,0,0,0,0,0,0,0,0,0,0,0,0,0,0,0,0,0,-0.424620110072471,0,0,-0.0646858665122154,0,0,0,0,0,0,0,0,0,0,0,0,0,0,0,0,0,0,0.0428007856969768,0,0,0,0.578701736619866,0,0,0,0,0,0,0,0,0,0,0,0,-0.963967167329274,0,0,0,0,0,0,0,0,0,0,0,0,0.0149758030200817
0,-0.0406277892613345,0,0,-0.302127323374685,0,0,0,1.69708713970357,0,0,0,0,0,0,0,0,0,5.61538946891326,0,0,0,0,0,0,0,0.472895765836563,0,0,0,-1.43423920701441,0.0584690303592419,0,1.39503540484751,0,0,0,-0.31398143481701,0,0,2.181023576686,0,0,0,0,-0.334149498041989,0,0,0,-5.22959984897075,0,-2.74613718282133,0,1.23421120687036,0,0,0,0,-0.161561651094893,0,0,0,0,0.0878195918722344,0,0.68344948833494,0,0,0,-0.0764862211361443,0.646270739268846,0.645077431594534,0,0,-1.25721075485487,-1.75748664679147,0,-2.27407403955301,0,0,0,0.178305247167032,0,0,-0.27693615548916,0,0,0,0,-0.89720290255233,0,-0.466380350175313,1.02639382315432,0,0,0,0,-0.550360989727002,0,0,0,0,0,0,0,0,0,0,0,0,-2.8326990932522,0,0,0,0.536386254769709,0,0.00752169798564339,0,0,0,-1.00097413940499,0,-2.34394393391683,0,0,0,0,0,0,0,-3.21268358389778,0,0,0,0,0,0,0.798469516740197,0,0.191301662855322,0,0,0,0.941161764180974,0,0,0,-2.06620431693874,0,0,-1.33442972747457,0,1.39127429778043,0,0,0,0,0,0,0,0,-0.282144840777609,0,0.742450532892609,0,0,0,0,0,0,0,0,0,0,0,0,0,0.542156848032544,0,0,0,0,0,0.00752713074322142,2.37420575437763,0.35125362890132,0,0,0,0,0.848434715795726,0,0,0,-0.284111855554297,0,0,0,0,0
0,0,0,0,0.210518627793486,0,0,0,0,0,0,0,0,0,0,0,0,0,0,0,0,0,0,0,0,0,0,0,0,0,0,0.778599584033137,0,0,0,0,0,0,0,0,0,0,0,0,0,0,0,0,0,0,0,0,0,0,0,0,0,0.152416142795651,0,0,0,0,0,0,0,0,0,0,0,0,0,0,0,0,0,0,0,0,0,0,0,0,0,0,0,0,0,0,0,0,0,0,0,0,0,0,0,0,0,0,0,0,0,0,0,0,0,0,0,0,0,0,0,0,0,0.0784142638337155,0,0,0,0,-0.688781079628766,0,0,0,0,0,0,0,0,0,0,0,0.474981506764889,0,0,0,0,0,0,0,0,0,0,0,0,0,0,0,0,0,0,0,0,0,0.026816906732269,0,0,0,0,-0.11505661690828,0,0,0,0,0,0,-0.32567334318285,0,0,0,0,0,0,0,0,0,0,0,0,0,0,0,0,0,0,0,0,0,0,0,0,0,0,0,0,0,0,0,0,0
0,0,0,0,0,0,0.0731704249957119,0,0,0,0,0,0,0,0,0,0,0,0,0,0,0,0,0,-0.495839708627547,0,0,0.165585882540571,0,0,0,0.868693237612927,0,0,0,0,0,0,0,0,0,0,0,0,0,0,0,0,0,0,0,0,0,0,0,0,0,0,0,0,0,0,0,0,0,-0.010415249149492,0,0,0,0,-0.0677904377607637,0,0,0,0,0,0,0,0,0,-0.0290178558639211,0,0,0,0,0,0,0,0,0,0,0,0,0,0,0,0,0,0,0,0,0,0,0,0,0,0,0,0,0,0,0,0,0,1.03659763606369,0,0,0,0,0,0,0,0,0,0,0,0,0,0,0,0,0,0,0,0,0,-0.221400517477025,0,0,0,0,0,0,0,0,0,0,0,0,0,0,0,0,0,0,0,0,0,0,0,0,0,0,0,0,0,-2.08036515161648,0,0,0,0,0,0,0,0,0,0,0,0,0.238699285230876,0,0,0,0,0,0,0,0,0,0,0,0,0,0,0,0,0,0,0,0.117831180394136
0,0.698184291534945,0,0,0,0,0,0,0,0.517921754170555,-0.252677707202932,0,0,0,0,0,0,0,0.935784520816712,0,0,0,0,0,0,0,0,-0.0301399950850221,-1.18201899874888,0,0,0.827491753089097,0,2.43846295122991,0,0,0,0,0,0,0,0,0,0,-0.610382241906167,0,-0.199920422730726,0,0,0,0,0,0,-1.95237878122407,0,0,0,0,0,0,0,0,0,0,0,-0.437330727974319,0.0881582706189878,0,0,0,-3.773137204477,0,0,0,-0.628500066384864,0,0,-0.388213188507664,0,0.316819544445984,0,0,0,-2.31859648232236,0,0,0,-0.890484177611301,0,0.882128915620568,0,0,0,0,0,0,0,0,0,0,0,0,0,0,0,0.507100610685601,0,0.0129792180428954,0,0,0,1.25782276723383,0,0,1.11878701562845,-1.02607156021926,0,0,0,-0.0569458794165709,0,0,0.519653002692183,0,0,-1.37329910430341,2.60632938755309,0,0.000315990363795926,0,0.72491020369325,0,0,0,0,-0.386711744483652,0.969819153837001,0,0,0.545610973008228,0,0,0,0.350648647628548,0,0,0,-0.733851522746551,-0.171792856400684,0,-2.24128604198098,0,0,0.445459745028751,0,-3.01129083726211,0,0,0,0,0,0,-0.896125352413336,0,0,0,-0.127927829632754,0,-0.839765812230054,0,0,0,0,0,0,-0.481285798941592,0,0,0,1.01587274724945,0,0,0,0,-1.7156763771283,0,0,-0.769331333289793,0,0,-0.279196116597633,0.39253155685248,0,0,0,0,0,0,0,0
0,0,0,0,0.210987849789916,0,0,-2.20238387430501,0,1.73843928426115,0,0,0,0,-0.401120990521487,0,-0.729196780511745,0,0,0,0,0,-0.0448306099760614,0,0,0,0,-0.542167537346255,0,0,0,0,0,0,0,0.077192572079176,0,-0.74636433070486,0,0,0,0,0,0,-0.118858664256961,0.170701249791484,2.60570780334037,0,0,-0.425197277971602,0,0,0,-0.434106921286885,0,0,0,0,-0.263096732172294,0,0,0.274511230190802,0,0,0,-0.170523552799799,0,0,-0.223981093479587,-0.127154441858657,-1.11241377365589,0,0,-1.0337069405301,0,0,0,0,0,0,0.0277303790120522,0,0,0,0,0,0,0,0.0248277806459238,0,0,-0.498819374517696,0,0.392041511484934,0,0,-0.454821930351492,0,0,0,0,0,0,-0.887145020906638,0,0,0,0,-1.11872018841862,0,0,0.802823682933798,0,0,3.76774848714076,0,0,0,0.0589567536520899,0,0,-0.291300648360221,0,0,0,-1.15602316690381,0,0,0,-0.2829779631994,0,0,0,0,0,-1.7824073190775,0,0,0,3.16559643384795,-0.788624956124119,0,0,0,0,0,0,0,0,0,-0.76994325308253,0,0,0,0.0186081629846775,0,0,0,0,-4.77487426431856,0,0,0,-0.163054758157292,0,0,0,0,0,0,0,-0.160569494815603,0,0,0,0,-1.60937241280351,0,-0.232091070509872,0,0,0,0,-0.653645119753083,0,-1.16702535348929,0,0,0,0.0921833189684054,0,0.564599634497729,0,0,0,0,0.296844605507593,0,0,2.37344967602374
0,0,0,0,0,0,0,0,0,0,0,0,0,0,0,0,0,0,-5.69980017466082,0,0,0,0,0,0.431705381159979,0,0,0.549053071737804,0,0,0,0.937165740661464,0,0,0,0,0,1.49836142695453,0,0,0,0,0,0,0,0,0,0,0,0,0,0,0,0,0,0,0,0,0,0,0,0,0,0,-0.10661755542623,0,0,0,0,0,0,0,0,0,0,0,0,-0.0217853140120825,0,0,0,0,0,0,0,0,0,0,0,0,0,0,0,0,0,0,0,0,-0.222568441566874,0,0,0,0,0,0,-0.32723748695573,0,0,0,0,0,0.67329826895782,0,0,0,0,0,0,0,0,0,0,0,0,0,0,-0.0264134768757478,0,0,0,0,0.118808961553815,0,0,1.44461346544735,0,0,0,0,0,0.263895376847919,0,0,0.47844718599677,0,0,0,0,0.212859627475175,0,0,0,0,0,0,0,0,0,0,-0.982324102147468,0,0,0,0,0,0,-0.603538340295323,0,0,0,0,0,0.530372364068778,0,0,0,0,0,0.347967446686138,1.32061714132128,0,0,0,0,0,0,0,-0.470105309106895,0,0,1.58866233038917,0,0,0,-0.208321843380743,0,-0.484987223999683,0,0,0
0,0,-0.299400997792218,0,0,0,0,0,0,0,-0.174203973746222,0,0,0,0,0,0,0,0,0,0,0,0,0,0,0,0,0,0,-2.04793557442084,0,0,0,0,0,0,0,0,0,0,0,0,0,0.106843593204905,0,0,-0.278665287498485,0,0,0,0,-0.37508748508581,0,0,0,0,0,0,0,0,0,0,0,0,0.526424574174648,0,0,-0.00622546504591304,0,0,0,0,0,0,0,0,0,0,0.0311883164234581,0,-0.297994638533988,0,0,0,0,0.250163045308992,0,0,0,0,0,-0.279613796885919,0,0,0,-0.116396096994235,-0.182891052460079,0,0,0,0,2.03704968447931,0,-0.0609160206067259,0,0,0,0,0,0,0,0,0,0,0,0,-0.196037096610604,0,0.11923728328421,0,0,0.00640806404953809,1.65655887534279,0,0,0,0,0,0,0,0,1.04429964256762,-0.15366067186801,0,0,0,0,0,0,0,0,0,0,0,0,0,0,0,0,0,0,0,0,0,2.70132940630557,0,0,0,0,0,0,0,0,0,0,0,0,0,0,0,0,0.914735548924947,0,0,0,0,0,0,0,0,0,0,0,-0.0296933637045047,0,0,0,0,0,0,0.0889698969558661,0,0,0,0,0,0,0,0.259460338281887,0
-0.0189249029372882,0.301392460854324,0,0,0,0,0,0,0,0,-0.718915995341304,0,0,0,0,0,0,0,0,-0.195151712501626,0,0,0,0,0,0.941174578287872,0,0,0,0.0602981256717074,0,0.0778530582475065,0,0,0,0,-0.298547206002226,0,0,0,0,0,0,-0.316444787384371,0,0,0,0,0,0,0,0,0,0,0,0,0,0.77445702325176,0,0,0,0,0.573441210676579,0,-0.153735146317827,0,0,0.0431264799767637,0,0,-0.681506173397665,0,0,0,0,0,0,0,0,0.462501528271364,0,0,0,0,0,0,0,0.87775371981465,-1.60926968433819,0,0,0,0,0,-0.312788643073648,0,0,0,0,0,-0.308697631526675,-0.749792271241757,0,0.746936518413302,0,0.214088073012669,0,-0.177855197991559,0,0,0,0,0,0,0,0.481014484035391,0,0,0,0,0,0.642799722616265,0,0,0,0,0,0,0,0,0,-0.0501690568838156,0.687990583679864,0,0,0,0,0,0,0,-0.854840925069135,0,0,0,0,0,0,0,0,0,0,0,0,0,0,0,0,0,0,0,0,0,0,0,0,0,0,0,0.670952920322249,0,0,0,0.0831565100061513,0,0,0,0,0,0,0,0,0,0,0,0,0,0,0,0,0,0,0,0,0,0,-0.115896131205169,0,0.30227373057625,0,-0.0279713550773699
-0.181918239946716,0.274130427992052,0,0,-0.739104711741009,0,0,0,0.0392557264344202,0,0,0,0,0,0,0,0,0,0.302572152106552,-0.0121612711402015,-0.0265685052200968,0.568700728981003,0,0,0,0,0,0,0,0,-1.01963480461275,0.130070885827245,0,0,0,0,-1.58972787338,0,0,0,-0.790306924219309,0,0,0.211530835413392,0,0,0,0,0,0,0,-1.41294883556734,0,0,-0.0454656903206971,0,-0.229198030669544,0,0,0,0,2.88966542576404,0,0.327469117414231,-0.21706374680341,0.768128739001099,0,0,0,0,-1.29751329209782,0,0,0,0,0,0,-0.0618763122616413,0,0.0359064892379282,0,0,0.0391420885240372,0,0,0,0,0,0.7888063065784,0,0,0,0,0,-0.307904159723801,0,0,0,0,0,0,0,-1.03616114700035,0,0,0,0,0,0,0,0,2.61435338995615,0,0.111761236587223,0.214208033105584,0,0,-0.150319664744062,0,1.70406594801026,0,1.01199241042022,0,0,0,0,0.346570909421758,-0.0404513839553062,0,0,0,0,0,0,-0.76377224228965,-0.797904619134695,0,0,0,0,-3.38388260661064,0,0,0,0,0,0,0,0,0,0,0,0,0,0,0,0,0,0,-2.8936858470209,0,0,-0.878605505165282,0,0,0,0,0,0,0,0,0,0,0,0,0,0,0,0,0,0,0.331750933683277,0,0.288120647290538,0,0,0,0,-0.0450087695383161,-0.526981222339851,0,0,-0.591470023810238,0,0,0,0,0.232741812713696,0,0
-0.0841645737997359,0.419983832214624,-0.195315409615815,0,-0.1553363939038,0,0,0,0.858436079838072,0,0,0,0,0,0,0,0,0.479452666595876,0,0,0,1.27138040859633,0,0,0,0,0,0,0,0,-1.03998180171048,0,0,-0.894543444747291,0,0,-3.94663156775761,0,0,0.037099972115896,-0.0623409427137964,0,0,0,0,0,0,0,0,0,0,-2.4478757631894,0,0,0,0,0,0,0,0,0,2.20653565982367,0,0.232542623411585,-0.169618120311907,1.02979186487001,0,0,0,0,-0.582554500659726,0,0,0,0,0,0,-0.573081278348407,0,0,0,0,0,0,0,0,0,0,0.867314018805355,0,0,0,0,0,-0.538771554548981,0,0,0,0,0,0,0,-1.03198716000688,0,0,0,0,0,0,0,0,3.19244815434847,0,0,0,-1.03472183651905,0,0,0,1.95974021461234,0,0,0,0,0,0,0.31020818899166,-0.720404054045679,0,0,0,0,0,0,-0.243031661427651,-1.70809663711047,0.921697999865696,0,0,0.0433875001285871,-5.27237895928165,0,0,-0.283882598497918,0,0,0,0.267777064155627,0,0,0,0,0,-0.328856106933985,0,0,0,0.673987740525466,0,-2.71310766993873,0,0,0,0,0,0,0,0,0,0,0,0,0,0,0.485053349612245,0,0,0,0,0,0,0,0,0,0,0,0,0,0,-0.416843604604072,0,0,-0.786717892313409,0,0,0,0,0.34681134932928,0,0
0,0,0,0,0,0,0,0,0,0,0,0,0,0,0,0,0,0,0,0,0,0,0,0,0,0,0,0,0,0,0,0.532285681789659,0,0,0,0,0,0,0,0,0,0,0,0,0,0,0,0,0,0,0,0,0,1.05670514866294,0,0,0,0,0,0,0,0,0,0,0,0,0,0,0,0,0,0,0,0,0,0,0,0,0,0,0,0,0,0,0,0,0,0,-0.0826881368948769,0,0,-0.0986171679679251,0,0,0,0,0,0,0,0.089328414518639,0,0,0,0,0,0,0,0,0,0,0,0,0,0,0,0,0,0,0,0,0,0,0,0,0,0,0,0,0,0,0,0,0,0,0,0,0,0,0,0,-1.55876111848515,0,0,0,0,0.401690972046472,0,0.130296647524945,0,0,0,0,0,0,0,0,0,0,-0.201156214941361,0,0,-0.0550459978145992,0,0,0,0,0,0,0,0,0,0,0,0,0,0,0,-0.329812358153423,0,0,0,0,0,-0.0647303296078852,0.4416964243661,0,0,0.204250614755554,0,0,0,0,0,0,0,0,0,0,0,0.206616372623768
0,0,-0.705738561740986,0,0,0,1.06712845778209,0,0,0,0.306295650153043,0,-0.165972470470297,0,0.231213831615353,0,0,0,0,0,0,0,0,0,0,0,-1.8204285289527,0,0,0.441072641698681,0,0.221971848829432,0,0,0,0,0,0,0,0.218886470575002,-0.362967144941615,0,0,0,0,0,0.737656092133018,0,0,-0.567429985490554,0,-2.8297869599755,-0.0304331655969949,0,0,0,0,-0.562671191177081,0,0,0,0.54373765621309,0,0,0,0,0,0,0,0,0,0,0,0,0,0,0,0,1.09939251566014,0,0,0,0,0,0.408095929091511,0,0.0682575603133195,0,0,0.23019586963625,0,0,0,0,0,0,0,0,0,0,0,0.145074937055657,0.100716485702425,0,0,0,0,0,0,0,0,0,0,0,0,0,0,0,0,1.13727401833546,0,0,0,0,0,0,0,0,0,0,-0.930998146995736,0,0,0,0,-0.28573317444717,0,0,0,0,-2.24946385012439,0,0,-0.543907927798603,0,0,0,0,0,0,0,0,0,-0.189079234568438,0,0,0,0,0,0.807016889468251,0,0,0,0,0,0,0,0,0,0,0,0,0,-0.766394861166094,0,0.169120670634796,-0.380801471472846,0,0,0,0,-0.922848241575288,0,0,0,0,0,0,0,0,0.176378858544658,0,0,0,0,0,0,0,0,0
0,0,0,0,0,0,0,0,-0.039048671558686,0,0,0,0,0,0,0,0,0,0,-0.0312819841293399,0,0,0,0,0,0,-0.173168827185712,0,0,-3.50986375674897,0,0,0,0,0,0,-1.40595184841722,0,0,0,0,0,0,0,0,1.23373244124522,0,-1.81009516793478,0,0,0,0,0,0,0,0,0,0,0,0,0.121354049416815,0,0,0,0.618072201360386,-0.169836546431256,0,0,0,0,0,0,0,0,0,0,0,0,0,0.077808168138696,0,0,0,0,0,0,-0.0231291029902807,0,0,0,0,0.221627176791112,0,0.459507786366461,0,0,0,0,0,0,0,0,0,0,0,0.819690333888336,0,0,0,0,0,0,0,-0.210520445603428,0,0,0,0,0.147840654710176,0,0,0,0,0,0,0,0,0.468354810948984,0,1.1224150780627,0,1.8106288269505,0,0,0,0,0,0,0,0,0,0,0,0,0,0,0,0,0,0,0,0,0,0,0,0,0,0,0,0,0,0,0,0,0,0,-0.203018927856534,0,0,0,0,0.162324841449625,0,0,0,0,0,0,0,0,0,0,0,0,1.18130579246138,0,0,0.44488389090372,0,0,0,0,0,0,-0.274012107828584,0,0,0,0,0
0,1.5970955622718,0,0,-0.340542075185649,0,0,2.48685750558222,-1.74047103640506,0,-1.24248275670682,-1.82225464415363,0,0,0,0,0,0,0,0,0,0.428981331956352,0,0,2.953260444782,0,0,0,0,0,0,0,0.117778682631035,1.35243929825119,-0.0382873561158179,0,0,-3.25597444091105,0,1.04308901529352,0,0.957312269740608,0,0,-0.637019344698915,0,-0.767781514703286,0,0,0.605856361094913,0,0,0,0,0,0,3.06200449662922,0,-0.105251908917744,-1.21761809932166,0,0,0,0,0,0,0,-0.256936413603696,0,0,-0.646281029279755,0,0,0,0,-0.989493738579656,0,0,0,1.03696516784113,2.04306720702681,0,0,0.191333353100005,0,-0.79180989398168,0,-1.02674746421855,-0.867260196985026,0,0,0,-0.0570772458902569,-0.879901749419413,0,0,0,0,0,-0.853817512709739,0,-3.83754292881791,-1.26753506063249,0,0,2.56938052782835,0,0,2.82392917707017,-0.806721688279705,0,4.1664437781837,0.607394304073325,0,0,0.32218228826606,0,1.42546409053197,-0.224199765808021,0,0,0,2.55985794045257,0,0,0,0,0,1.03885134968368,0,0,0,-2.06461535438027,0,0,-0.127471330612934,0,-0.746500086648991,0,-3.42703205341359,0,0,0,0,0,0,0,0.698718925540417,-1.31428768487353,-0.00975237632940096,-1.22215391091138,0,0.830787568542918,0,1.40445819657136,0,0,0,0.892091483367084,0,0,0,2.97662008910543,0,0,0,0.443990399396842,1.60492463062867,0,0,1.88454261515038,0,-0.601316986388933,1.54459072644295,0,-1.35419570364984,-1.88189572188276,0,0,0,0,0.695244416854658,0,-0.26301372226747,0,-1.09291217612507,0,0.790760844271649,0,0,0.680870401929879,0,0,0,-1.39191631666968,0.0965587535880108,0.0397810487460375,0,0,0
0,0,0,0,0,0,-0.626318027437312,0,0,-0.0799137902591587,0,0,0,0,0,0,0,0,2.51115492668483,0,0,0,0,-0.0174518508388992,0,0,0.00194829335157531,0,0,0,0,0,0,0,0,0.222568876941101,0,0,0,0,0,0,0,0,0,-0.16909737778794,0,0,0,0,0,0,0,0,0,0.174991553507419,0,0,0,0,0,0,0,0,0,0,0,0,0,0,0,0,0,0,0.144452519523885,0.0442691747252857,0,0,0,0,0,0,0,0,0,0,0,0,0,0,0.3925467993879,0,0,-0.746948299148186,0,0,0,0,0,0,0,0,3.50028561639971,0,0,0,0,0,0,0,0,0,-0.105031741272236,0,0,-0.386431752407094,0,0,0,0,0,0,0,0,0,0,0,0,0,0,0,-1.84290438443483,0,0,0,0,1.06728170292855,0,0,0,0,0,0,0,0,0,0,-1.08605067318742,0,0,-0.146632813469531,0,0,0.0294683716298971,0.113446950798187,0,0,0,0,0,0,0,0,0,0,0,0,0,0,0,0,0,0,0,0,0,0,0,0,0,0,0,0,0,0,0,0,0,0,0,0,0,-0.548564644760384,0,0,0,0,0,0,0
0,0,-1.00445404180546,0,0,0,-6.02424816250057,0,0,0,0,0,0,0,0,0,0,0,0,0,0.0920776257686118,0,0.587054841413155,0,0,-0.876828064684894,3.31341535294386,0,0,0,0,0,0,0,0,0,0.170132354297785,0,0,0,0,0,-0.0524714274831406,0,0,-0.646240445127362,0.221376788647891,0,0,0,0,0,0,0,0,0,0,0.293768197593421,0,0,0,0,0,0,0,0,0,0,0,0,0,0,0,0,0,0,0,0,-0.0402276376095829,0,-0.897839344496606,0,0,0,0,-0.663585483760718,0,0,0,0,0,0,-0.128551607529925,0,0,0,0,0,0,0,0,0,0,0,0.242528691491221,0,0,-0.0815701645450411,0,0,0,0,0,-0.155330503632464,0,0,0,0,0,0,0,0,0,0,0,0,0,0,0,0,0,0,0,0,0,0,0,0,0,0,0,0,0,0,0,0,0,0,0,0.157827334226408,0,0,0,1.03011576085298,0,0,0,0,0,0,-0.634347244997586,0,0,0,0,0,-1.03417576178322,0,0.527500985266007,0,0,0,0,0,-0.0370768473798238,0,0,0.980912019394023,0,0,0,0,0,-1.67516103486812,-1.67827907194426,0,0,0,0,0,0,0,0,0,0,0,0,0,0,0
0,0,0,0,0,0,-4.08408723483334,0,0,0,0,0,0,0,0,0,0,0,0,0,0,0,0,0,0,0,1.22151400878657,0,0,0,0,0,0,0,0,0,0,0,0,0,0,0,0,0,0,0,0,0,0,0,0,0,0,0,0,0,0,1.7051441948497,0,0,0,0,-0.183193241986635,0,0,-0.00153081173323488,-0.0638201591281207,0,0,0,0,0,0,0,0,0,0,0,0,0,0,0,0,0,0,0,0,0,0,0,0,0,0,0,0,0,0,0,0,0,0,-0.299438024317614,0,0,0.0551649798306841,0,0,0,0,0,0,0,0,0,0,0,0,0,0,-0.307577629202592,0,0,0,0,0,0,0,0,0,0,0,0,0,0,0,0,0,0,0,0,0,0,0,0,0,0,0,-0.166584405873816,0,0,0,0,0,0,0,-0.148676801856981,0,0,0,0,0,0,0,0,0,0,-1.74070977226569,0,1.32599011781115,0,0,0,0,0,0,-0.0245769162763594,0,0.598798311784379,0,0,0,0,0,-0.306259804626634,0,0,0,0,0,0,0,0,0,0,0,0,0,0,0,0
0,0,-0.931957590679256,0,0.357875258035104,-1.07303665499067,0.211178184618368,0,0,0,0,0,0,0,0,0,0,0.226275938851787,0,-0.547782184871556,0,0,0,0,-0.388371485559667,3.43334123777362,0,0,0,0,0,0,0,0.583864770338935,0,0,0,0,0,0,0,0,-0.120533978143476,0,0,0.37538498256715,0,0,0,0,0,0,0,0,0,0,0,0,0,0,0,0,0.537707232345195,0,0,0,0,0,0,0,0.404454075034327,0,0,0,0,0,0,0,0,-0.139598683512129,0,0.597665813901163,0,0,0,0,0,0,0,-1.41768571800266,0,0,0,0,0,0.290927646456236,0,0,0,0,0,0.318511998203527,0,0,0,-0.98230690033774,0,0,0,0,0,-1.16294289482653,0,0,-1.47928030876121,0,0,0,0,0,0,0,0,0,0,0,0,0,0,0,0,0,1.91874539318079,0,0,-0.119688658544422,0,0,0,0.297673359561035,0,0,0,0.829034531254223,0,0,0,0,0,-0.146649777125123,0,0,0,0,0.636452556480404,0,0,0,0,0,0.89402054259531,0,2.07900270645388,0.8768218995932,0,0,-0.0105627406961695,0,0,0,0,0,0,0,0,-2.13545641842403,0,0,0,0,0,0,0,0,0.922449154290139,0,0,0,0,0.570045614637721,0,0,0,0,0,0,0,0,0,0
0,0,0.515736508074059,0,0,0,-2.36184089878229,0,0,0,0,0,0,-0.412641341120172,0,0,0,0,0,0,0,0,1.00586114950756,0,0,0,2.10695370337833,0,0,0,0,0.752580155871548,0,0,0,0.717005218007027,0,0.198041592335406,0,0,0,0,0,0,0,0.0294401877671548,0,0,0,0,0,0,0,0,0,0,0,0.3371991277375,0,0,0,0,0,0,0,0,0,0,0,-0.0535213300924822,0,0,0,0,0,-0.41562738048385,0,0,0,0,0,0,0,0,0,0,0,0,0,0,0,0,0,0,0,0,0,0,0,0,0.00127153579575312,-1.18127875150224,0,0,0,0,0,0,0.536269128697381,0,0,0.558281121783325,0,0,0,0,0,0,0,0,0,0,0,0,0,0,0,0,0,0,0,0,0,0,0,0,0,0,0,0.470415891556493,0,0,0,-1.15207970019614,0,0,0,0,0,0.0201711286814192,0,0,-0.0463345400342858,0,0,0,0,0,0,0,0,0,0,0,0,0,-0.988279945833926,0,0.00111466843554964,0,0,0,0,0,0,0.0995126109313356,0,0,0,0,0,0,0,0,0,0,0,-1.1472442271785,0,0,0,0,0,0,0,0,0,0,0,0
0,0,0,0,0,0,0,0,0,0,0,0,0,0,0,0,0,0,0,0,0,0,0,0,0,0,0,0,0,0,0,0.363403918752868,0,0,0,0.256669482230888,0,0,0,0,0,0,0,0,0,0,0,0,0,0,0,0,0,0,0,0,0,0,0,0,0,0,0,0,0,0,0,0,0,0,0,0,0,0,0,-0.380336633555511,0,0,-0.934784741812629,0,0,0,0,0,0,0,0,0,0,0,0,0,0,0,0,0,0,0,0,0,0,-0.52273123519694,0,0,0,0,0,0,0,0,0,0,0,0,0,0,0,-0.0586438692006956,0,0,0,0,-0.0731821292282051,0,0,0,0,0,0,0,0,0,0,0,0,0,0,0,0,0,0,0,0,-0.535739952701075,0,0,0,0,0,0,0,0,0,0,0,0,0,0,0,0,0,0,0,0,0,0,-1.55837359686211,0,0,0,0,0,0,0,0,0,0,0,0,0,0,0,0,0,0,0,0,0,0,0,0,0,0,0,-0.0594925958535788,0,0,0,0,0
0,0,0,0,0,0,0,0,0,0,0,0,0,0,0,0,0,0,0,0,0,0,0,0,0,0,0.647706512322447,0,0,0,0,1.0089632020951,0,0,0,0,0,0,0,0,0,0,0,0,0,0,0,0,0,0.00182803636371687,0,0,0,0,0,0,0,0,0,0,0,0,0,0,0,0,0,0,0,0,0,0,0,0,0,0,0,0.187522368867318,-0.0547313808145067,0,0,0,0,0,0,0,0,0,0,0,0,0,0,0,0,0,0,0,0,0,0,0,0,0,5.63618925089653,0,0,0,0,0,0,0,0,0,0.1362822196301,0,0,0,0,0,0,0,-0.440554239744467,0,0,0,0,-0.345464275699061,0,0,0,-0.489124298690117,0,0,0,0,0,0,0,0.0680819977865359,0,0,0,0,0,0,0,-0.0141864169831902,0,0,0,0,-0.386151086782812,0,0.528762909523831,0,0,0,0,0,0,0,0,0,0,0,-0.492229840624697,0,0,0,0,0,0,0,0,0,0,0,0.490327383810681,0,0,0,0,0,0,0,0,0,0,0,0,0,0,0,-0.311713195107781,0,0,0,0,0
0,0,0,0,0,0,0,0,0,0,0,0,0,0,0,0,0,0,0,0,0,0,0,0,0,0,-0.866155371428254,0,0,0,0,0.639912423916851,0,0,0,0,0,0,0,0,0,0,0,0,0,0.300659416418804,0,0,0,0,0,0,0,0,0,0,0,1.26051536400494,0,0,0,0,0,-0.238700463527296,0,0,-0.348693063618146,0,0,0,0,0,0,0,0,0,0,0,0,-0.209111094394727,0.209270408086456,0,0,0.331627040400156,0,0,0,0,0,0,0,0,0,0,0,0,0,0,0,0,0,0,0,0,0,0,0,0,0,0,0,0,0,-0.329049191582479,0,0,0,0,0,0,0,0,0,0,0,0,0.0901198788139783,0,0,0,0,0,0.408174574675842,0,0,0,0,0,0,0.477422001670448,0,0,0,0,0,0,0,0,0,0.0665579169580808,0,0,0,0,0,0,0,0,0,0,0,0.14675979247282,0,0,0,0,-0.602272053775113,0,0,0,0,0,0,0,0,0,0,0,0,0,0,0,0,0,0,0,0,0,0,0,0,0,0,0,0,0,0,0,0,0
0,0,0,0,0,0.165871456783416,0,0.211744704002554,0,0,0,0,0,0,0,0,0,0.267579798320144,0,0,0,0,0,0,-0.0782979241385722,0,0,0,0,0,0,0,0,0,0,0,0,0,0,0,0,0,0,0,0,0,0,0,0,0,0,0,0,0,-6.20994557038516,0,0,0.201532452060753,0,0,0,0,0,0,0,0,0,0,0,0,0,0,0,0,0,0,0,0,0,0,0,0,0,0.959181850091286,0,0.827130462261196,0,0,0,0,0,0,0,0,0,0,0,0,0,-0.691676189143677,0,0,0,0,0,0,0,0.140274812716984,0,0,0,0,0,0,0,0.516463071678787,0,0,0,0,0,0,0,0,0,0,0,-0.00419478167069642,0.32806661734034,0.557783802698966,0,0.624649318679735,0,0,0,0,0,0,0,0.0100491580834334,0,0,0,0,0,0,0,0,0,0,0,0,0,0,0,0.357765089955475,0,0,0,0.099175989502571,0,0,0,0.199094382359165,0,0,-1.07099765429128,0,0,0,0,0,0,0,-0.830155709405368,-0.132327335844047,0,0,0,0,0,0,0,0,0,0,0,0,0,0,0,0,0,0,0,0,0,0,0,0
0,0,0.267623765744268,0,0,0.688336245391665,0,1.70210713057843,0.0306815263916163,0,0,0,0,0,0,0,0,0.213649408663709,0,0,0,0,0,0,0,0,0,0,0.594371101373202,0,0,0,0,-0.531469845336798,0,0,0,0,0,-0.760304346003328,0,0,0,0,0,-0.052649955546652,0.437697594149012,0,0,0,0,0,0,0.335099283668574,-9.47347395372202,0.29442267241537,0,4.59247122856092,0,2.24442574408083,0.401376475226684,0,0,0,0,-0.00125176151933348,0,0,0,0,0,0,0,0,0,0,0,-0.0585732860430141,-1.62368933774343,0,0,0,0,1.53231852570195,0,0,0,0,0,0,0,0,0,0,0,0,0,0,0,-1.11984679854031,0,0,0,0,0,0.533291365456663,0,0,0,0,0,0,0,0,0,3.01652410558264,0,0,0,0,0.592321029389161,-0.1939198657473,0,0,0,0,0,0,0.424011810911883,0,0,1.04874965483821,0,0,1.01889000819498,0,0,0,0,0.110477439070578,0,0,0,0,0,0,0,0,0,0,1.137530990645,0,0,0,0.507619850356232,-1.68507412849642,0,0,0,0,0,-0.153325995977601,0,0,0,0,-1.03172472239857,0,-1.67584304445406,0,0,0.526959140032146,0,0,0,0,0,0.075623897238446,0,0,0,0,0,0,0,0,0,0,0,0,0,0,0,0,0,-0.270129926309873,0,0,0,0
0,0,-0.167887554082278,0,0,0,0,0,0,0,0,0,0,0,0,0,0,0,0,0,0,0,0,0,0,0,0,0,-0.388184121029793,0,0,0,0,0,0,0,0,0,0,-0.225169324544023,0,0,0,0,0,0,0,0,0,0,0,0,0,0,-50.2765875572341,0,0,0,0,0,0,0,0,0,0,0,0,0,0,0,0,0,0,0,0,0,0,0,0,0,0,2.10615977386486,0,0,0,0,0,0,0,0,0,0,0,0,0,0,0,0.766306702296633,0,0,0,0,0,0,0,0,0,0,0,0,0,0,0.0429103221506093,0,0,0,0,0,0,0,0,0,0,0,0,0,0,0,0,0,0,0,0,0,0,0,0,0,0,0,0,0,0,0,0,0,0,0,0,0,0,0,0,0,0,0,0,0,0,0,0,0,0,0,0,-0.187018764108672,0,0,0,0,0,0,0,0,0,0,0,0,0,0,0,0,0,0,0,0,0,0,-0.968963547193507,0,0,0,0,-0.376455563013483,0,0,0,0,0,0
0,0,-1.019137185984,0,0,0,0,0,0,0,-0.269104077785632,0,0,0,0,0,0,0,0,-0.0278631405065659,0,0,0,0,-0.437550787352794,0,0,0,0,0,0,0.511941849275978,0,0,0,0,0,0,12.2642877236719,0,0,0,0,0,-0.16053950810979,0,0.410498379528343,0,0,0,0,0,0,0,0,0,0,0,0,0,0,0,0,0,0,0,0,0,0,0,0,0,0,0,0,0,0,0,0,0,0,0,0,0,0,0,0,0,0,0,0,0,0,0,0,0,0,0,0,0,0,0,0,0,0,0,0,0.231729032040227,0,0,0,0.36301125627849,0,0.112236670880778,0,0,0,0,0,-0.226899739291091,0.870034340452295,0,0,0,0.632378238525573,0,0,0,0,0,0,0.467751777244003,0,0,0,0,-0.553818425860052,0,0,0,0,0,0,0,0,0,0,0,0,-0.307614004088094,0,0,0,0.754542404315761,0,0,0,0,0,0,0,-0.690796194876847,0,0,0,0,0,0,0,0,0.436246713387257,0,0,0,0,0,0,0,0.482395253579218,0,0,0,0,0,-0.538880896197929,0,0,0,0,0,0,0,0,0,-0.45693427789437,0,0,0.402120010180834,0,0
0,0,0,0,0,0,0,-0.157991884109491,0,0.351760909607917,0,0,0,0,0,0,0,0,0,-0.656900325622254,0,0,0,0,0,-0.497750772224553,0,0,0,0,-0.579346226411733,0.667006658954538,0,0,0,0,0,-0.18052675881181,0,0,0,0,0,0,0,0,0,0,0,0,0,0,0,0,0,0,0,0,0,0,0,0,0,0,0,0,0,0,0,0,0,0,0,0,0.0644227038016316,0,0,0,0,0,-0.0689292839202842,0,0,0,0,0,0,0,0,0,0,0,0,0,0,0,0,0,0,0,0,0,0,0,0,0.377375521593979,0,0,0,0,0,0,0,0,0,0,0,0,0,0,0,0,0,0,0,0,0,0,0,0,0,0,0,0,0,0,0,0,0,0,0,0,0,0,0,0,0,0,0,0,0,0,-0.119291679882493,0,0,0,0,0,0,0,0,-0.16101212653225,0,0,0,0,0,0,0,0,0.121943945687541,0,0,0,0,0.459659212204071,0,0,0,0,0,0,0,0,0,0,0,0,0,0,0.122665244836519,0,0,0,0,0,0,0,0.416276069284962,0
0,0,0,0,0,0,0,0,0,0,0,0,0,-0.70193009627655,0,0,0,0,0,-2.40558367970114,0,0,0,0,0,0,0,0,0,0,0,0,0,0,0,0,0,0,0,0,0,0,0,0,0,0,0,0,0,0,0,0,0,0,0,0,0,0,0,-0.149115702750536,0,-0.669828202806341,0,0,0,0,0,0,0,0,0,0,0,0,0,0,0,0,0,0,0,0,0,0,0,0,0,0,0,0,0,0,0,0,0,0,1.94122805254131,0,0,0,0,0,0,0,0,0,0,0,0,0,0,0,0,0,0,0,0,0,0,0,0.910429678596221,0,0,0,0,0,0,0,0,-0.607316996871866,0,0,0,0,0,0,0,0,0,0,0,0,0,0,0,0,0,0,0,0,0,0,0,0,0,0,-0.221338630559807,0,0,0,0,0,0,0,0,0,0,0,0,0.104929617866966,0,0,0,0,0,0,0,0,0,0,0,0,0,0.0671968207622788,0,0,0,0,0,0,0.000865514530223876,0,-10.1300220549521,0,-0.475987107969735,0,0,0,0,0
0,0,0,0,0,0,0,0,0,0,0,0,0,0,-0.180073884555282,0,0,0,0,0,0,0,0,0,0.226014343587043,0,0,0,-0.80308681233004,0,0,0.63959261399771,0,0,0,0,0,0,0,0,0,0,0,0,0,0,0,0,0,0,0,0,0,0,0,0,0,0,0,0,0,0,0.531285707802926,0,0,-0.650725559717353,0,0,0,0,0,0,0,0,0,0,0,0,0,0,0.0922660438016707,0,0,0,0,-0.171077822054131,0,0,0,0,0,0,0,0,0,0,0,0,0,0,0,0,0,0,0,0,0,0,0,0,0,0,0,0,0,0,0,0,0,0,0,0,0,0,0,0,0,0,0,0,0.120758882096141,0,0,0,0,0,0,0,0,0,0,0,0,0.0688889871439593,0,0,0,0,0,0,-0.70840803508091,0,0,0,0,0,0,0,0,0,0,0,-0.377169836628703,-0.0820477593391737,0,0,0,0,-0.0270833951466141,0,0,0,0,2.26901380000283,0,0,0,0,0,0,0,0,0,0.498936137295541,0,0,0,0,0,0,0,0,0,0.501450941360871,0,-0.998100798341529,0,-0.0465285133109365,0,0.517538599669959
0,0,0,0,-0.0253049714741305,0,0,0,0,0.146676056845301,0,0,0,0,0,0,0,0,0,0,0,0,0,0,-0.468430239182739,0,0,0,0,0,0,0.643521531235071,0,0,0,0,0,0,0,0,0,0,0,0,0,0,0,0,0,0,0,0,0,0,0,0.203303176008878,0,0,0,0,0,0,0,0,0,0,0,0,0,0,0,0,0,0,0,-0.121061875893748,0,0,-0.17476395269653,0,0,0,0,0,0,0,0,0,0,0,0,0,0,0,0,0,0,0,0,0,-0.727128937787618,0,0,0,0,0,0,0,0,0,0,0,0,0,-0.0505485359387541,0,0,0,0,0,0,0,0,0,0,0,0,0,0,0,0,0,0,0,0,0,0,0.798214527034946,0,0,1.2031103331625,0,0,0,0,0,0,0,0,0,0,0,0,0,0,0,0,0,0,0,0.588388997248231,4.65410543774312,0,0,0,0,-1.10862388974251,0,0,0,0,0,0,0,0,0,0,-0.305726485846842,0,0,0,0,0,0,0,0,0,0,0,0,0,0,0,0,0,0,0,0,0,0
0,0,0,0,0,0,0,0,0,0,0,0,0,0,0,0,0,0,0,0,0,0,0,0,0,0,-0.424068448332819,0,0,0,0,0.669682405017869,0,0,0,0,0,0,0,0,0,0,0,0,0,0,0,0,0,0,0,0,0,0,0,0,0,0.0564075332686378,0,0,0,0,0,0,0,-0.0564013200587363,0,0,0,0,0,0,0,0,0,0,0,0,-1.17801705332823,0,0,0,0,0,0,0,0,0,0,0,0,1.08431743690746,0,0,0,0,0,0,0,0,0,0,0,0,0,0,0,0,0,0,0,0,0,0,0,0,0,0,0,0,0,0,0,0,0,0,0,0,0,0,0,0,0,0,0,0,0,0,0,0,0,0,0,-0.62941838112918,0,0,0,0,0,0,0,0,0,0,0,0,0,0,0,0,0,0,0,0,0,0,-1.4659561329929,0,0,0,0,0,0,0,0,-0.239118500934074,-0.00719891949555485,0,0,0,0,0,0,0,0,0,0,0,0,0,0,0,0,0,0,0,0,0,0,0
0,0,0,0,0,0,0,0,0,0,0,0,0,0,0,0,0,0,0,0,0,0,0,0,0,0,0,0,0,0,0,0.920277754086031,0,0,0,0,0,0,0,0,0,0,0,0,0,0,0,0,0,0,0,0,0,0,0,0,0,0,0,0,0,0,0,0,0,0.289718888289451,0,0,0,0,0,0,0,0,0,0,0,0,0,0,0,0,0,0,-0.0875244450390105,0,0,0,0,0,0,1.08207670047059,0,0,0,0.147848385035573,0,0,0,0,0,0,0,0,0,0,0,0,0,0,0,0,0,0,0,0,0,0,0,0,0,0,0,0,0,0,0,0,0,-0.00984348575088556,0,0,0.0846060349491626,0,0,0,0,0,0,0,0,0,0,-1.6031624014029,0,0,0,0,0,0,0,0,0,0,0,0,0,0,0,0,0,0,0,0.410406198336119,0,0,0,0,0,0,0,0,0,0,0,0,0,0,0,0,0,0,0,0,0,0,0,0,0,0,0,0,0,0.145455964313607,0,0,0,0,0,0
0,0,0,0,0,0,0,0,0,0,0,0,0,0,0,0,0,0,0,0,0,0,0,0,0,0,-0.678927547880676,0,0,0,0,0.506158100211943,0,0,0,0.243060501393864,0,0.258744535401373,0,0,0,0,0,0,0,-0.66191664175902,0,0,0,0,0,0,0,0,0,0,0,0,0,0,0,0,0,-0.334116301057697,0,1.44015192810518,0,0,0,0,0,0,0,0,0,0,0,0,-0.144472169696516,0,0,0,0,0,0,0,0,0.154127562074476,0,0,0,0,0,0,0,0,0,0,0,0,0,0,0,0,0,0,-0.109873698156911,0,0,0,0,0,0,0,0,0,0,0,0,0,0,0,0,0,0,0,0,0,0,0,0,0,0,0,0,0,0,0,0,0,0.167120789727423,0,0,-1.18283440220269,0,0,0,0,0,0,0,0,0,0,0,0,0,0,0,0,0,0,0,0,0,0,0,0,0,0,0,0,0,0,0,-0.140546781825183,0,0,0,0,0,0,0,-0.351750791670389,0,0,0,0,0,0,0,0,0,0,0,0.169080318911589,0,0,0,0
0.267051011159514,0,0,0,0.609546401045677,0,0,0,-0.920983649762376,0,0.273762448723902,0,0,0,0.233639628439609,0,0,0,0,0,0,0,0,0,0,-0.422223855530761,0,-1.31202076817202,0,0,0,0.678029368158377,0,0,0,0,0,0,0,0,0,0,0,0,-0.681554244222857,-1.26188854330856,2.16729709330502,0,0,0,0,-0.691689001055471,0.177987366730133,0,0,0,-2.65101091677902,0,0,0,0,1.46432091730511,0,0,0.513775133508984,0,-0.486807996338843,0,0.116265482519788,-0.25881171482672,0,0,0,0,0,0,0,0,1.71661917780346,0,0,0,0,-0.050930701190534,0,0,0,0.0918195813522433,0,0.975540586539129,0,0,0,0,-0.185855246862919,0,0,0,-0.0512565018620652,0,0,0,0,0,6.23054031671871,0,0,0,0.278414951280827,0,0,0.133493672850068,-0.100764637032715,0.0248512483914232,0,0.91184877881333,0,0,0,0,-1.41757074713468,0,0,0,0,0,0,0,0,0,0,-2.29934213898163,0,0,0,0,0,0,0,0,0,0,0,0,0,0,0,0,0,0,0,0,0,0.486962704365563,0,0,0,0,0,-2.02451408526122,0,-0.305033268261323,1.3053267642876,0,0,0,0,0,-0.312007404621281,0,0.695712953734227,0,0,0,0,0,0,0,0,0,0,0,0,0,0,0,0,0,0,0,0,0,0,0.242627928303997,0,-0.188743197370915,0,0,0,0
0,0,0,0,0,0,0,-0.177109726492859,0,0,0,0,0,0,0,0,-0.738276005143111,0,0,0,0,0,0,0,0,0,0,0,0,0,0,0.701689499671166,0,0,0,0,0,0,0,0,0,0,0,0,0.448075936705751,0,0.654520269432729,0,0,0,0,-3.03014639623903,0,0,0,0,0,0,0,0,0,0,0,0,0,0,0,0,0,0,0,0,0,0,0,0,0,0,0,0,0,0,0,0,0,0,0,0.135733281123346,0,0,0,0,0,0,-0.0835705630959209,0,0,0,0,0,0,0,0,0,3.96825753223205,0,0,0,0,0,0,-0.145266892372408,0,0,0,0,1.57618646588143,0,0,0,0,0,0,0,0,0,0,0,0,0,0,0,0.936074182329476,0,0,0,0,0,0,0,0,0,0,0.367360284866063,0,0,0,0,0,0,0,0,0,0,0,0,0,0,0,-0.813386069959372,0,0,0,0,0,0,0,0,-0.0550294485285847,0,0,0,0,0,0,-0.750885908323878,0,0,0,0,0,0,0,-0.438011070625262,0,0,0,-1.73937194062804,0,0,0,0,0,0,0,0,0,0,0,0
0,0,0,0,0,0,0,0.628346953816954,0,0,-0.123243332447049,0,0,-0.474984378248706,0,0,0,0,0,0,0.111655561040137,0,0,0,0,-1.05106566008444,0,0,0,0,0,0,0,0,0,0.157243028867645,0,0,0,0,0,0,0,0,0,0,0,0,0,0,0,0,0,0,0,0,0,-0.0252133437495519,0,0,0,0,0.15528629647164,0.0213041295412355,0,0,0,0,0,0,0,0,0,0,0,0,0,0,0,0,0,0,0,0,0,0,0,0,0,0.0131197427974461,0,0,0,0,0,0.036523533065481,0,-0.125495828807614,-0.221360599489435,0,0,0,0,0,0,0,0,0,0,0,0,0,0,0,0,0,0,0,0,0,0,0,0,0,0,0,0,0,0,0,0,0,0,0,0,0,0,0,0,-1.26853871974909,0,0,0,0,0,0,0,0,0,0,0,0,0,-0.00164753177676125,0,0,0,0,0,0,0,0,0.205417468990643,0,0,0,0.0104532796403971,-0.249728445871168,0,0,0,0,0,0.59230497312089,0,0,0,0,0,-0.0186174545733526,0,0,-0.215799325037704,0,0,0.950228346584502,0,0.648461140517757,0,0,0,0,0,0,0,0,0,0,0,0.429318913402151
0,0.530124753387893,0,0,0,0,0,0,0,-0.026314414131515,0,0,0,0,0,0,0,0,0,0.267611885594694,0,0,0,0,0,1.59549960222383,0,0,0,0,-0.956674610578033,0,0,0,0,0,-0.149580314684655,0,0,0.41630071730472,0,0,0,0,0,0.120308883874514,0,0,0,0.0908631371657718,0,0,0,0,0,0,0.632157534485378,0,0,0,0,0,0,0,0,0,0,0,0,0,0,0,0,0,0,0,0,0,0,0,-0.00394899657389192,0,0,-0.554416951083471,0,-0.258732075971179,0,0.432902671736318,0,0,0,0,0.195632104601054,0,0,0,0,0,0,0,0,0,0.597890446194309,0.10538280741573,0,0.611107534587426,0,0,0,0,0,-0.0926888300508286,0,0.518163807328754,0.275790000776294,-0.616068205762089,0,0,0,0,0,0,0,0.00987742388661417,0,0,0,0,-0.819645667361893,0,0,0,0,0,0,0,0,0,0,0,0,1.07546443334471,0,0.229547718155087,0,0,0,0,0,0,0,0,0,0,0,0,0,0,0,1.5090323110134,0,0,0.230901029921347,0,0,0.139677800880312,0,0,0,0,0,0,0,0,0,0,0,0,0,0,0,0,-0.075004867288549,0,0,0,0,0,0,0,0,0,0.0634551051495542,0,0,0,0,-0.606885379739771,6.31069551657222,0.313575761958447
16.739706896481,0,0,0,0,0,0,0,0,0,0,0,1.34683413442251,0,0,0,0,0,0,0.807968440263817,0,0,0,0,0.0473451773242128,0,0.599729386103499,0,0,-0.0251770106338283,-0.884680550517596,0.27619453600685,0,0,0,0.20073139417104,0,0.928337261250485,0,0,0,0,0,0,0,0,0,0,0,0,0,0,0,0,0,0,0,0,0,0,0,0,0,-1.91072968616409,0,0,0,0,0,0,0,0,0,-0.026929750249969,0,0,4.59721224012054,0,0,0,0,0,0,0,-1.49197362348225,0,0,0,0,0,0,0,0,0,0,0,0,0,0,0,-0.241033759630241,0,0,0,0,-0.128273548239517,0,0,0,0,0,0,0,-0.156539846201387,0,0,0,0,0,0,0,0,0,0,0,0,0,0,0,0,0,0.636112841235598,0.889455994836358,0,0.195781209571703,0,0,0,0,0,0,0,0,0,0,0,0,0,0,0,0,0,0,0,0,0,0,0,0,-0.470290466659324,0,0,0.262466324050333,0,0,0,0.432197146964893,0,0,0,0,0,0,-0.29944592256341,0,0,0,-0.0162993447876001,0,0,0.795882152047053,0,0,1.9022493502609,0,0,0.152950916433064,0,0,0,0,0,0,0,0,0,0,-2.32369508681155,0,0
0,0,0,0,0,0,0,0,0,0,0,0,0,0,0,0,0,0,0,0,0,0,0,0,0,0,0,0,0,0,0,0.732186945868198,0,0,0,0,0,0,0,0,0,0,0,0,0,0,0,0,0,0,0,0,0,0,0,0,0,0,0,0,0,0,0,0,0,0,0,0,0,0,0,0,0,0,0,0,0,0,0,0,0,0,0,0,0,0,0,0,0,0,0,0,0,0,0,0,0,0,0,0,0,0,0,0,0,0,0,0,0,0,0,0,0,0,0,0,0,-1.79575270957697,0,0,0,0,0,0,0,0,0,0,0,0,0,0,0,0,0,0,0,0,0,0,0,0,0,0,0,0,0,0,0,0,0,0,0,0,0,0,0,0,0,0,0,0,0,0,0,0,0,0,0,0,0,0,0,0,0,0,0,0,0,0,0,0,0,0,0,0,0,0,0,0,0,0,0,0,0,0,0,0,0,0
0,0,0,0,0,0,0,0,0,-0.342732782673048,0,0,0,0,0,0,0,0,0,0,0,0,0,0,0,0,-0.219908246401937,-0.27314524508984,0,0,-0.355254887590505,0.473139119750803,0,0,0,0,0,-0.400891720580755,0,0,0,0,0,0,-0.251263721853405,-1.19582154321254,0,0,0,0,0,0,0,0,0,0,0,0,0,0,0,0,0,0,-0.334620901832115,0,0,0,0,0,0,0,0,0,0,0.712798775753542,0,0,-1.10561981407659,-0.0114571800160361,0,0,0,0,0,0,0,0,0,-1.12344334286292,0,0,0,0,0,0,0,0,0,0,0,0,0,0,0,0,0,0,0,0,0,0,0,0,0,0,0,-3.06042155209249,0,0,0,0,0,0,0,0,0,0,0,0,0,0,0,0,0,0,0,0,0,0,0,0,0,0,0,0,0,0,0,0,0,0,0,0,0,-0.661475438849362,0,0,0,0,0,-0.0624304398096829,0,0,0,0,0,0,0,0,0,0,0,0,0,0,0,0,0,0,0,-0.0821266776968423,0,0,0,0,0,0,0,0,0,0,0,0,0,0.201688294081501,0,0,0,0
0,0,0,0,0,0,0,0,0,0,0,0,0,0,0,0,0,0,0,0,0,0,0,0,0,0,0,0,0,0,-0.357740248690428,0.755130562139447,0,0,0,0,0,0,0,0,0,0,0,0,0,-0.495311955172815,0,0,0,0,0,0,0,0,0,0,0,0,0,0,0,0,0,0,0,0,0,0,0,0,0,0,0,0,0,0,0,0,-1.09615916496861,0,0,0,0,0,0,0,0,0,0,0,0,-0.0425654340066115,0,0,0,0,0,0,0,0,0,0,0,0,0,0.101221957695691,0,0,0,0,0,0,0,0,0.149213144658654,-0.320900361874668,0,-1.81110688559689,0,0,0,0,0,0,0,0,0,0,0,0,0,0,0,0,0,0,0,0,0,0,0,0,0,0,0,0,0,0,0,0,0,0,0,0,0,0,0,0,0,0,0.301443646714902,0,0,0.0802181100411015,0,0,0,0,0,0,0,0,0,0,0,0,0,0,0,0,0,0,0,0,0,0,0,0,0,0,0,0,0,0,0,0,0,-0.0177829237054419,0,0
0,0,0,0,0,0,0,0,0,0,0,0,0,0,0,0,0,0,0,0,0,0,0,0,0,0,0,0,0,0,0,0.452051794217495,0,0,0,0,0,0,0,0,0,0,0,0,0,0,0,0,0,0,0,0,0,0,0,0,0,0.072820602266418,0,0,0,0,0,0,0,0,0,0,0,0,0,0,0,0,0,0,0,0,0,0,0,0,0,0,0,0,0,0,0,0,0,0,0,0,0,0,0,0,0,0,-0.133345086519314,0,0,0,0,0,0,0,0,0,0,0,0,0,0,0,0,-0.613824067890055,0,0,0,0,0,0,0,0,0,0,0,0,0,0,0,0,0,0,0,0,0,0,0,0,0,-0.228087759885546,0,0,0,0,0,0,0,0,0,0.177455404036337,0,0,0,0,0,0,0,0,0,0.148800520139632,0,0,0,0,0,0,0,0,0,0,0,0,0,0,0,0,0,0,0,0,0,0,0,0.0168895949008983,0,0,0,0,0,0,0,0,0,0,0,0
0,0,0,0,0,0,0,0,0,0,0,0,0,0,0,0,0.373330481924223,0,0,0,0,0,0,0,-0.240692570873084,0,0,0,0,0,0,0.813763889991443,0,0,0,0,0,0,0,0,0,0,0,0,0,0,0,0,0,0,0,0,0,0,0,-0.562884099931663,0,0,0,0,0,0,0,0,0,0,0,0,-0.056924920688989,0,0,0,0,0,0,-0.231009826078422,0,0,-0.375939774302219,0,0,0,0,0,0.237384497395966,0,0,0,0,0,0,0,0,0,0,0,0,0,0.235137703592542,0,0,0,0,0,0,0,0,0,0,0,0,0,0,0,0,0.0448263402460662,0,-1.08117939263508,0,0,0,-0.330773410904479,0,0,0,0,0,0,0,0.0172647118215545,0,0,0,0,0,0,0,0,0,0,0,0,0,-0.903130349235225,0,0,0,0,0,0,0,0,0,0,0,0,0,0,0,0,-1.34051785480077,0.249504389357498,0,0,0,0,0,0,0,0,0,0,0,0,0,0.0998263010329219,0,0,0,0,0,0,0,0,0,0,0,0,0,0,0,0,0,0,0,0,0,0,0,0
0,0,0,0,0,0,0,0,0,0,-0.170532875600084,0,0,0,0,0,0,0,0,0,0,0,0,0,0,-0.205634653229886,0,0,0,-0.196762863083934,0,0,0,0,0,0,0.781350819261479,0,0,0.0181331256149553,0,0,0,0,0,0.712965224330906,0,0,0,0,0,0,0,-0.0410891534967219,0,-0.122162003832029,0,0,0,0,0,0,0,0,0.91450564371624,0,-0.745017457123846,0,0,0,0,1.9322571398269,-0.331881120168468,0,0,0,0,0.299783355492088,0,0,0,0,-0.0222150066506626,0,0,0,-0.0969563595826171,0,0,0,0,0,0,0,-0.613248181957732,0,0,0,0,0,-1.03496288202748,-2.32733893447271,0,0,0,-0.890170720488939,0,0.135507046036034,0,0,0,0,0,0.193567932935007,0,0,0,0,0,0.676555817289035,-0.0546189305772584,0,-0.0102536715582018,0,0,0,0,0.371533423729506,0,0,0,0,0,0,0,0,0.386727139986848,2.86985710562995,0,0,0,-0.899240016182638,0,-0.45516173108858,0,7.23095203762349,0,0,0,0,0,0,0,0,0,0,0,0,0,0,0,0,0,0,0,0,0,0,0,0,0,0,0,0,0,0,-0.553313254870094,0,0,0,0,-0.512962720122783,-0.405266616199182,-2.0017744993171,0,0,0,0,0,-0.601862397320792,0,0,0,0,0,0.338662112177899,0.814871919734852,0,0,0.208792317820515
0,0,0,0,0,0,0,0,0,0,0,0,0,0,0,0,0,0,-1.27702376573144,-0.17166488900318,0,0,0,0,0,0,0,0,0,0,0,0.595641795018827,0,0,2.07257919718566,0,0,0,0,0,0,0.131744318584327,0,0,0,0,0,0,0,0,0,0,0,0,0,0,0,-0.246636521791716,0,0,0,0,0,0,0,0,0,0,0,0,0.336035179727351,0,0,0,0,0,0,0,0,0,-0.142505693631993,0,0,0,0,0.531788086462433,-6.65785141244737,0.103227746564476,0,0,0,0,0,0,0,0.00310227772233862,0,0,0,0,0,-0.0767290689010773,0,0,-0.250881100588933,0,0,0,0,0,0,0,0,0.318564363562134,0,0,0,0,0,0,0,0,0,0,0,0,0,0,0.118453923883941,1.68003348290187,-0.0345546195584712,0,0,0,0,0,0,0,0,0,0,0,0,0,0,0,0,0,0,0,0,0,0,0,0,-0.143323352358925,0,0,0,0,0,0,-0.407263723675826,0,0,0,0,0,0,0.694208214179352,0,0,0,0,0,0,0,0,0,0,0,0,0,0,0,0,0,-0.614858480929161,0,0,0,0,0,0,0,0,0,0.429299296765463,0,0
0,0,0,0,0,0,0,0,0,0,0,0,0,0,0,0,0,0,-0.201415064041656,-0.73294253763777,0,0,0,0,0,0,0,0,0,0,0,0.284842797457437,-0.0704514523441566,0,1.91983575444143,0,0,0,0,0,0,0.495241423400931,0,0,0,0,0,0,0,0,0,0,0,0,0,0,0.0668446650014369,0,0,0,0,0,0,0,0.250474349714077,0,0,0,0,0,0.766495933423344,0,0,0,0,0,0,0,0.62508559272618,0,-2.87452707673995,0,0,0.252102425030518,0,0,-10.0055579926352,0,0,0,0,0,0,0,0,0,0,0,0,1.1128316842857,0,0,0,0,-0.200831317907871,0,0,0,0,0,0,0,0,0,0.186420336591872,0,0,0,0,0,0.46187618882247,0,0,0,0,0,0,0,0.36672257736967,1.4645782736148,0,0,0,0,0,0,0,0,0,0,0,0,0,0,0,0,0,0,0,0,0,0,0,0,0,0,0,0,0.0305760583484611,0,-0.266494708448087,0,0,0,0,0,0,0,0,1.19719583700059,0,0,0,0,0,0,-0.166372635173466,0,0,0,0,0,0,0,0,0,0,0,0,0.11065134608078,0.291198429489751,0,0,0,0,0,0,1.3839740377231,0,0
0,0,-0.943425036659144,0,0,0,0.220003855375541,0,-1.29664211803296,-1.97603724216543,0,0,0,0,0,0,0,0,0,0,0,0,0,0,-0.211404475799623,0,0,0,0,0,0,0.0849118086563461,0,0,0,0,0,0,0,0,0,0,0,0,0,0,1.0730009515809,0,0,0,0,-2.35239916231619,0,0,0,0,-0.76525941191708,0,0.46990037403374,0,0,4.58456249774483,0,0,0,0.175676887019968,0,0,0,0,0,0,0,0,0,0,0,0,0,0.242581945694724,0,0,0,0,-1.33565929557673,0,0,-0.634341763070461,0.00978734666650038,0.615456962831391,0,0,0.749334297416557,0,-2.3230704746329,0,0,0.0224678074359466,0,0,0.931194698755123,0,0,-0.307535761185034,0,0,-1.49441138587289,0.244424337225707,0,0,0,0,0,0,-0.627516248753061,0,0,0,-0.230430462604359,-0.992761719094315,0,0,0,0,0,-0.186742204553641,0,0,0,0.163127467168882,0,0,0,0,0,0,0,0,0,0,0,0,0,0,0,0,0,-0.213060749286428,-1.37155060557706,0,0,0,0,0,0,0,0,-0.188571204918938,0,0,0,0,0,0,0,0,0,0,0,0,-0.359082011324209,0,0,0.302396639221282,0,0,0,0,0,0.801905006625125,0,-0.749796678573328,0,0,0.283958436717612,0,0,0,0,0.0292667681659009,0,0,0,0,0,0,0.854656581433148,0,0,0
0,0,0,0,1.53591933789952,-1.13080265424028,0,0,-0.329163013390243,-1.72404369190745,0,0,0,0,0,0,0,0,0,0.486689899821167,0,-0.272575823482289,0,0,0,-0.23101062309871,-0.0415842346152042,0,0,0,-0.0369917214150512,0,0,0,0,0,-0.145938455605841,0,0,0.0640902265945678,0,0,0,0.387914723213655,0,0,0,0,0,0,0,-4.30118577917071,0,0,0,0,0,0,0,0,0,1.61267310966468,0,0,0,0,-0.399216229158101,0,0,0,0,0,0,0,0,0,0,0,0,0,0,0,-1.33366333920858,0,-0.974830435000328,0.489864199206077,0,-0.1705027644553,0,0.293594174834273,1.42483869431875,0,2.08183907464802,0,-0.0752780878622237,0,0,0.132742283918039,-0.570783395093872,0.514702271737401,0,0,0,-1.52712675289659,0,0,-3.05674020257945,0.0853304413144869,0,0,0,0,0,0.0125207648173085,0,0.0124499895103742,4.8244988503703,0,0,-2.42994701676357,0,0,0,0,0,0,0,2.485688100215,0,0,0,0,0,0,0.834823651273823,0,1.16603207083333,0,0,0,0,0,0,0,0,0,0,0,-2.33829427664615,0,0,0,0,0,0,0,0,0,0,0,0,0,0,0,0,0.0236843614928435,0,0.115440124979775,0,0,0,0,0,0,0,0,0,0,0,0,0,0,0,-0.190774663333959,0,0,0,0,0.0864219417543528,0.00626552925360691,0,0,0,0,-0.896411220926325,0,1.10163127563046,0,0,0
0,0,0,0,0.59432714388225,0,0,0,0,0,0,0,0,0,0,0,0,0,0,0,0,0,0,0,0,0,0,0,0,0,0,0.878881255532747,-0.339162719484038,0,0,0,0,0.515504761436835,0,0,0,-0.0375578602327551,0,0,0,0,0,0,0.388119985853528,0,0,0,0,0,0,0,0.0319512201369778,0,0,0.899902652726638,0,-0.162868344636928,0,0,-10.0979225702577,0.653419615451897,-0.531970821033593,0,0,0,0,0.0138298555519458,0,0,0,-0.753762163544096,0,0,0,0,0,0,0,0,0,0.0930383125957006,0,0,0,0.165878592778973,2.94247174287075,0,0,0,0,0.0307089132472631,0,0,0,0,0,0,0,0,-0.233941433242208,0,0,0,0,-0.500923200006031,0,0.904866005374728,0,0,0,0.23022509583067,0,0,0,0,0,0,0,0,0,0,0,1.06984640066402,0,0,0,0,0,0,0,0,0,0,0,0,-0.706947262657351,0,0,-0.638638504537144,0,0,0,0,0,-1.27703872404427,0,0,0,0,0,0,0,0,0,0,0,0,0,0,0,0,0.849996754135061,0,0,0,-0.591716658531022,0,0,0,0,0,0,0,0,0,0,0,0,0,0,0,-0.181480069782108,0,0,2.67761583486906,0,0,-0.732695258218502,0,-0.344741676294961,0,0,-0.275746675214558,0,0
0,0,0,0,0.441231536407507,0,0,0,0,0,0,0,0,0,0,0,0,0,0,0,0,0,0,0,0,0,0,0,0,0,0,0.652738934438597,0,0,0,0,0,0,0,0,0,0,0,0,0,-0.24592321527,0,0,0.366815110423207,0,0,0,0,0,0,0,0.524513302108678,0,0,0.220235041840078,0,0,0,0,-9.26693440140313,0,-0.0855761336367107,0,0,0,0,0.410381753386871,0,0,0,0,0,0,0,0,0,0,0,0,0,0,0,0,0,0,2.96391407409292,0,0,0,-0.115036373537665,0,0,0,0,0.241507528812536,0,0,0,0,0,0,0,0,0,-1.03657173650262,0,0,0,0,0,0,0,0,0,0,0,0,0,0,0,0,0,0.0848959721348364,0,0.100507130777362,0,0,0,0,0,0,0,0,0,0,0,0,0,-0.561541775738881,0,0,0,0,0,-1.42816590242387,0,0,0,0,0,0,0,0,0,0,0,0,0,0,0,0,1.03525573852024,0,0,0,-0.546381207180869,0,0,0,0,0,0,0,0,0,0.793408699162587,0,0.0827282373360343,0,-1.06432395679554,0,0,0,0,1.9620872898994,0,0,0,0,0,0,0,0,0,0
0,0,0,0,0,0,0,0,0,0,0,0,0,0,0,0,0,0,0,0,0,0,0,0,0,0,0,0,0,0,0,0.655659575502129,0,0,0,0,0,0,0,0,0,0,0,0,0,-0.0143873303058994,0,0,0,0,0,0,0,0,0,0,0,0,0,0,0,0,0,0,-4.22213219295447,0,0,0,0.415023963446091,0,0,0.0604872648358739,0,0,0,0,0,0,0,0,0,0,0,0,0,0,0,0,0,0,2.22511878708829,0,0,0,0,0,0,-0.520946216503596,0.20082370559975,0,0,0,0,0.105305119302304,0,0,0,0,0,-0.539732067912063,0,0,0,0,0,0,0,0,0,0.489357222644189,0,0,0,0,0,0,0,0,0,0,0,0,0,0,0,0,0,0,0,0,0,0,0,0,0,0,0,0,0,-0.828378556336099,0,0,0,0,0,0,0,0,0,-0.100266967712187,0,0,0,0,0,0,0,0,0.0299994359705869,0,0,0,0,0.324518532534709,0,0,0,0,0,0,0,0,0,0,-1.79520873125272,0,0,0,0,0,0,0,0,0,0,0,0,0,0,0
0,0,0,0,0,0,0,0,0,0,0,0,0,0,0,0,0,0,0,0,0,0,0,0,0,0,0,0,0,0,0,0.0969419769535058,0,0,0,0,0,0,0,0,0,0,0,0,0,0,0,0,0,0,0,0,0,0,0,0,0,0,0,0,0,0,-0.230527074188969,0,-4.10204523318028,0,0,0,0,0,0,0,0,0,0,-0.0664956384518389,0,0,0,0,0,0,-0.0535928913931205,0,0,0,0,0,0,0,2.11460526832716,0,0,0,0,0,0,0,0,0,0,0,0,0,0,0,0,0,0,0,0,-0.0193230923425958,0,0,0,0,0,0,0,0.632974439699044,0,0,0,0,0,0,0,0,0,0,0,0,0,0,0,0,0,0,0,0,0,0,0,-0.121606116495784,0,0,0,0.698111893723208,0,-0.283634519003082,0,0,0,0,0,0,0,0,0,0,-0.108765505134192,0,-0.0977498861041173,0,0,0,0,0,0,-0.582904982204381,0,0,0,0.0836014516854873,0,0,0,0,0,0,0,0,0,0,0,0,0,0,0,0,0,0,0,0,0,0,0,0,0,0
0,0,0,0,0,0.121597160466774,0,0,0,0.00637700572288935,0.152847407296202,0,0,0,0,0,0,0,0,0,0,0,0,0,0,0,0,0.708871941271803,0,0,0,0,0,0,0,-0.576552301113775,0,0,0,0,0,0,0,0,0,0,0,-0.255761166933959,0,0,0,0,0,0,0,0,0,0.519045760280836,0,0,0,0,0,-0.734072251772492,0,0,0,0,0,0,-0.269258755655321,0,0,0,0,0,0,0,0,0,0,0,0,0.324936867861007,0.1058667680181,0,0,0,0.192356785807369,0,0.586002213099915,0,0,0,0,0,0,0,0.877734928675275,0,-0.173466145656854,0,0,0,0,0,0,0,0,0,0,0,0,0,0,0,0,0,0,0,0,0,0,0,0,0,0,0,0,0.2188665191542,0,-0.135093197646402,0,0,0,0,0,0,0,0,0,0,0,0,0,0,0,0,0,0,0,0,0,0,0,0,0,0,0,0,0,0,0,0,0,0,0.523291791257182,0,0,0,0,0,0,0,0,0,0,0,0,0,0,0,0,0,0.832101601576438,0,0,0,0,0,0,0,0,0,0,0,0.51714819048561,0,0,0
0,0,0,0,0,0,0,0,0,-0.154188540602253,0,0,0,0,0,0,0,0,0,0,0,0,0,0,0,0,0,0,0,0,0,0.0422671371363839,0,0,0,0,0,0,0,0,0,0,0,0,0,0,0,0,0,0,0,0,0,0,0,0,0,0,0,0,0,0,0,0,0,0,0,0,0,0,0,0,0,0,0,0,0,0,0,0,-0.777035380767221,0,0,0,0,0.746196259016738,-2.52872279333385,0,0,-0.0908105516781854,0,0,0,0,0,0,0,0,0,0,0,0,0,0,0,0,0,0,0,0,0,0,0,0,0,0,0,0,0,0,0,0,0,0,0,0,0,0,0,0,0,0,0,0,0,0,0,0,0,0,0,0,0,0,0,0,0,-0.565707097203855,0,0,0,0,0,0,0,0,0,0,0,0,0,0,0,0,0,0,0,0,0,0,0,0,0,0,0,0,0,0,0,0,0,0,0,0,0,0,0,0.552924227471958,0,0,0.0536581708568198,0,0,0,0,0,0,0,0,0
0,0,0,0,0,0,0,0,0,0,0,0,0,0,0,0,0,0,0,0,0,0,0,0,0,0,0,0,0,0,0,0.401606273663303,0,0,0,0,0,0,0,0,0,0,0,0,0,0,-0.0644943749878817,0,0,0,0,0,0,0,0,0,0,0,0,0,0,0,0,0,0,0,0,0,0,0,0,0,0,0,0,0,0,0,-0.406680618226785,0,0,0,0,0,0,0,-3.03248741820025,0,0,0,0,0,0,0,0,0,0,0,0,0,0,0,0,0,0,0,0,0.0759778013715653,0,0,0,0,0,0,0,0,0,0,0,0,0,0,0,0,0,0,0,0,0,0,0,0,0,0,0,0,0,0,0,0,0,0,0,0.0185679429992724,0,0,0,0,0,0,0,0,0,0,0,0,0,0,0,0,0,0,0,0,0,0,0,0,0,0,0,0,0,0,0,0,0,0,0,0,0,0,0,0,0,0,0,0,0,0,0,0,0,0,0,0,0,0,0,0
0,0,0,0,0,0.598481685726441,0,-0.196645865962002,0,0,0,0,1.07481412770563,0,0,0.933473757314526,0,0,-0.295032548995499,0,-1.24029050225059,0,0,0,0,0,0,0,0.339809920704164,0,0,0.905305677114652,0,0.274278691565107,0,0,-0.933568042422611,0,0,-0.0909016286243196,0,0,0,0,0,-0.307453121029952,0,0,0,0,0,0,0,0.408199719981566,0,0,0,-0.523157884130418,0,0,0,0,0,0,0,0,0,0,0,0,0,0,0,-4.61741307289689,0,0,0,1.74841223531142,-0.380865885460511,0,0,0,0,0,0,0,0,0,0,0,0,0,0,-0.340507820545179,0.157818603695861,0,0,0,0,0,-0.966717334209065,0,0,-0.325576639483369,0,-0.390935405238932,0,0,-1.00542611378017,0,0,0,-0.52112677971814,0,0,0,0,-0.643911610247234,0,0,0,0,0,0.226471755187537,0,-0.119770213530139,0,-0.762812198291032,0.134817394041199,0,0,0,0,0,0,0,0,0,0,0,-0.825824485393417,0,0.554248504624924,0,-0.148463815006507,0,0,0,0,-1.32958287929814,1.36320706158384,0,0,0,0,0,0,0,0,0,0,0,0,0,0,0,0,1.20274052907078,0,0,0,-1.15565728562896,-0.0899059673802662,0.434034805381536,-0.401602825081742,0,0,0,0.0869122687146562,0,0,0,0,0,0.539207190989627,0.355263295360189,0.288527475452691,0,0,0,0,0.0442154171301363,0,0,0,0,0,0.469613940840606,0,-0.115125957012878
0,0,0,0,0,0,0,0,0,0,0,0,0,0,0,0,0,0,0,0,0,0,0,0,0,0,0,0,0,0,0,0.0468815290963416,0,0,0,0,0,0,0,0,0,0,0,0,0,0,0,0,0,0,0,0,0,0,0,0,0,0,0,0,0,0,0,0,0,0,0,0,0,0,0,0,0,0.986554286787215,0,0,0,0,0,0,0,0,0,0,0,0,0,0,0,0,0,-0.057375028635275,0,0,0,0,0,0,0,0,0,-0.119380337369201,0,0,0,0,0,0.845008440835438,0,0,0,0,0,0,0,0,0,0,0,0,0,0,0,0,0,0,0,0,0,0,0,0,0,0,0,0,0,0,0,0,0,0,0,0,0,0,0,0,0,0,0,0,0,0,0,0,0,0,0,0,0.164281540924061,0,0,0,0,0,0,0,0,0,0,0.0284270615045719,0,-0.0476161097435648,0.138793087935495,0,0,-1.22989851796826,0,0,0,0,0,0,0,0,-0.413725850550026,0.867730443296117,0,-0.278887745155384,0,0,0,0,0,0,0,0,0,0
0,0,0,0,0,0,0,0,0,0,0,0,0,-0.0343798434638163,0,0,0,0,0,0,0,0,0,0,0,0,0,0,0,0,0,0.373236492777579,0,0,0,0,0,0,0,0,0,0,0,0,0,0.420705551445072,0,0,0,0,0,0,0,0,0,0,0,0,0,0,0,0,0,0,0,0,0,0,0,0,0,0,0,0,0,0,0,0,0,0,0,0,0,0,0,0,0,0,0,0.306107728864705,0,-0.0961277702970196,0,0,0,0,0,0,0,0,0,-0.683780076837231,0,0,-0.00229714355659594,0,0,0,0,0,0,0,0,0,0,0,0,0,0,0,0,0,0,0,0,0,0,0,0,0,-0.12013037609297,0,0,0,0,0,0,0,0,0,0,0,0,0,0,0,0,0,0,0,0,0,0,0,0,0,0,0,0,0,0.541271815448785,0,0,0,0,0,0,0,0,0,0,0,0,-0.317928839794052,0,0,0,-1.40818923200305,0,0,0,0,0,0,0,0,-0.158032086686566,0,0,0,0,0,0,0,0,0,0,0,0,0
0,0,0,0,0.144234395652162,0,0,0,0,0,0,0,0,0,0,0,0,0,0,0,0,0,0,0,0,0,0,0,0,0,0,1.0811965179416,0,0,0,0,0,0,0,0,0,0,0,0,0,0,0,0,0,0,0,0,0,0,0,-0.254460694077281,0,0,0,0,0,0,0,0,0,0,0,0,0,0,0,0,0,0,0,0,0,0,-0.422333036684021,0,0,0,0,0,0,0,0,0,0,0,0,0,0,0,0,0,0,0,0,0,0,0,0,0,0,0,0,0,0,0,0,0,0,0,0,-0.180599440952293,0,0,0,0,0,0,0,0,0,0,0,0,0.314488220845111,0,0,0,0,0,0,0,0,0,0,0,0,0,0,0,0,0,0,0,0,0,0,0,0,0,0,0,0,0,0,0,0,0,0,0,0,0,0,0,0,0,0,0,0,0,0,0,0,0,0,0,0,0,0,0,0,0,0,0,0,0,0,0,0,0,0,0,0,0,0,0
0,0,0,0,0,0,0,0,0,0,0,0,0,0,0,0,0,0,0,0,0,0,0,0,0,0,0,0,0,0,0,0.46594131858525,0,0,0,0,0,0,0,0,0,0,2.83156533229553,0,0,0,0,0,0,0,0,0,0,0,0,0,0,0,0,0,0,0,0,0,0,0,0,0,0,0,0,0,0,0,0,0,0,0,-0.52664888918365,0,0,0,0,0,0,0,0,0,0,0,0,0,0,0,0,0,0,0,0.490071548484667,0,0,0,0,0,0,0,0,0,0,0,0,0,0,0,0,0,0,0,0,0,0,0,0,0,0,0,0,0,0,0,0,0,0,0,0,0,0,0,0,0,0,0,0,0,0,0,0,0,0,0,0,0,0,0,0,0,0,0,0,0,0,0,0,0,0,0,0,0,0,0,0,0,0,0,0,0,0,0,0,0,0,0,0,0,0,0,0,0,0,0,0,0,0,0,0,0,0,0,0,0
0,0,0,0,0,0,0,0,0,-0.831682668785912,0,0,0,0,0,0,0,0,0,0,0,0,0,0,0,0,0,0,0,0,0.0219855274134535,0.566231659982167,0,0,0,0,0,0,0,0,0,0,0,0,0,0,0,0,0,0,0,0,0,0,0,0,0,0,0,0,0,0,-0.306392841165716,0,0,0,0,0,0,0,0,0,0,0,0,0.576029482843472,0,0,0,0,-0.550102424855767,0,0,0,0,0,0,0,0,0,0,0,0,0,0,0,0,0,0,0,0,0,0,0,0,0,0,0,0,0,0,0,0,0,0,0,0,0,0,0,0,0,0,0,0,0,0.0453393861214202,0,0,0,0,0,0,0,0,0,0,0,0,0,0.180057259354849,0,0,0,0,0,0,0,0,0.450464978111931,0,0,0,0,-0.0824604795412454,0,0,0,-3.08497530443042,0,0,0,0,0,0,0,0,0,-0.415118276822494,0,-0.0215831988338913,0,0,0,0,0,-0.189125553842088,0,0,0,0,0,0,0,0,0,0,0,0,0,0,0,0,0,0,-0.278514689663378,0,0,0,0
0,0,0,0,0,0,0,0,0,0,0,0,0,0,0,0,0,0,0,0,0,0,0,0,0,0,0,0,0,0,0,0.387689374362553,0,0,0,0,0,0,0,0,0,0,0,0,0.186829383061908,0,-0.341435644327286,0,0,0,0,0,0,0,0,0,0,-0.547164205562395,0,0,0,0,0,0,0,0,0,0,0,0,0,0,0,0,0,0,0,0,0,0,0,0,0,0,0,0.688166690953994,0,0,0,-0.196122819293107,0,0,0,0,-0.182018135443442,0,0,0,0,0,0,0,0,-0.52991599008074,0,0,0,0,0,0,0,0,0,0,0,0,0,0,0,0,0,0,0,0,0,0,0,0,0,0,0,0,0,0,0,0,0,0,0,-0.269600093119318,0,0,0,0,0,0,0,0,0,0,0,0,0,0,0,-0.561703426661068,0,0,0,0,0,0,0,0,0,0,0,0,0,0,0,0,0,-0.12761055536081,0,0,0,0,0,0,0,0,0,0,0,0,0,0.285199638408527,0,0,0,0,0,0,0,0,0,0,0,0
0,0,-0.130397330645821,0,0,0.0277909576136297,0,0,0,0,0,0,0,0,0,0,0.596190473109129,0.070247196157972,0,0,0,0,0,0,0,0,0,0,0,0,0,1.30017996799713,0,0,0,0,-1.00070145241159,1.39769799864765,0,0,0,-0.0338422303914407,0,0,0,0,0,0,0,0,0,0,0,0,0,0,0,0,0,0,0,-0.114244231817483,0,0,0,0,0,0,0,0,0,0,0,0,0,0,0,0,0,0.202898460883173,0,0,0,-2.25493256490174,0,-0.809637067949345,0,0,0,0,0,0,0,0,2.94702064022911,0,0,-0.205798361491606,-0.033854247414461,0,0,0.123085132304074,0,-0.700207693880012,0,0.519558884318508,0,0.0502763596199103,0,0,0,0,0,0.839058849423993,0,-1.4320009476657,0,0,0,0,0,0,0,0,0,0,0,0,0,0,0,0,0,0,0,0,0.152366312757749,0,0,0,0.320803401486987,0,0,0.849933136263961,0,0,0,0,0,0,0,0,-1.16350206422853,0,0,0,0,0,0,0,-0.411629004390339,0,0,0,0,0,0,0,0,0,0,0,0,0,0,0.492036603332462,0,0,0,0,0,0,0,0,0,0,0,0,0,0,0,0,0,0,0,0.00508038183684256,0,0,0,0
0,0,0,0,0,0,0,0,0,-0.77457071299744,0,0,0,0,0,0,0,0,0,0,0,0,0,0,0,0,0,0,0,0,0,0.354369521203952,0,0,0,-1.03195601353683,0,0,0,0,0,0,0,0,-0.225729614872394,0,0,0,0,0,0,0,0,0,0,0,0,0,0,0,0,0,0,0,0,0,0,0,0,0,0.446215731585441,0,0,0,0,0,0,0,0,0,0,0,0,0,0,0,0,0.416343581187338,0,0,0,0,0.413063531712303,0,0,0,0,0.00302080685171191,0,0,0,0,1.07183948739676,0,0,0,5.2764684417859,0,0,0,0,0,0,0,0,0,0,0,0,-0.309953778009056,0,0,-0.0976945852853159,0,0,0,0,0,0,0,-1.19865117009718,0,0,0,0,0,0,0,0,0,0,0,0,0,0,0,0,0,0,0,0,0,0,0,0,0,0,0,0,0,0,0,0,0,0,0.180006612197294,0,0,0,0,0,0,0,0,0,0,0,0,0,0,0,0,0,0.0891544093669128,0,0,0,0.537861473371403,0,0,0,0,0,0,0,0,0.346489825742656,0,0,0
0,0,0,0,0,0,0,0,0,0,0,0,0,0,0,0,0,0,0,0,0,0,0,0,0,0,0,0,0,0,0,0.705356919506507,0,0,0,0,0,0,0,0,0,0,0,0,0,0,0,0,0,0,0,0,0,0,0,0,0,0,0,0,0,0,0,0.53658420650907,0,0,0,0,0,0,0,0,0,0,0,0,0,0,0,0.411308647160682,0.514655542305374,0,0,0,0,0,0,0,0,0,0,0,0,0,0,0,0,0,0,0,0,0,0.281612836764968,0,0,0,0.129656397053295,0,0,0,0,0,0,0,0,0,0,0,0,0,0,0,0,0,0,0,0,0,0,0,0.520216877863014,0,0,0,0,0,0,0,0,0,0,0,0,0,0,0,0,0,0,0,0.807767285631472,0,0,0,0,0,0,0,0,0,0,0,0,0,0,0,0,0,0,0,0,0,0,0,0,0,0,0,0,0,0,0,0,0,0,0,0,0,0,0,0,0,0,0,0,0,0,0,0,0
0,0,0,0,0,0,0.0744561046780392,0,0,0,0,0,0,0,0,0,0,0,-0.100770765386439,0,0,0,0,0,0,0,0,0,0,0,0,0.460359987209402,0,0,0,0,0,0,0,0,0,0,0,0,0,0,0,0,0,0,0,0,0,0,0,0,0,0,0,0,0,0,0,0.443870672713845,0,0,0,0,0,0,0,0,0,0,0,0,0,0,0,0,0,0,0,0,0,0,0,0,0,0,0,0,0,0,0,0,0,0.110069726824087,0,0,0,0,0.274385420090507,0,0,0,0.393359619120698,0,0,0,0,0,0,0,0,0,0,0,0,0,0,0,0,0,0,0,0,0,0,0,0.214514170854375,0,0.0537956274400393,0,0,0,0,0,0,0,-0.0829096847563153,0,0,0,0,0,0,0,0,0,0,0,0,0,0,0,0,0,0,0,0,0,0,0,0,0,0,0,0,0,0,0,0,0,0,0,0,0,0,0,0,-0.389319997210757,0,0,0,0,0,0.60847188621128,0,0,0,0,0,0,0,0,0,0,0,0
0,0,0,0,0,0,0,0,0,0,0,0,0,0,0,0,0,0,0,0,0,0,0,0,0,0,0.436267622051284,0,0,0,0,0.150325147323545,0,0,0,0,0,0,0,0,0,0,0,0,0,0,0,0,0,0,0,0,0,0,0,0,0,0,0,0,0,0,0,0,0,0,0,0,0,0,0,0,0,0,0,0,0,0,0,0,0,0,0,0,0,0,0,0,0,0,0,-0.0166431064403123,0,0,0,0,0,0,0,0,0,0,0,0,0,0,0,0,0,0,0,0,0,0,0,0,0,0,0,0,0,0,0,0,0,0,0,0,0,0,0,0,0,0,0,0,0,0,0,0,0,0,0,0,0,0,0,0,0,0,0,0,0,0,0.109563284036041,0,0,0,0,0,0,0,0,0,0,0,0,0,0,0,0,0,0,0,0,0,0,0,0,0,0,0,0,0,0,0,0,0.943864745365505,0,0,0,0,0,0,0,0,0,0,0,0
0,0,0,0,-3.30188841039887,0,0,0,0,0,0,0,0,0,0,0,0,-1.16667251160174,0,0,0,0,0,0,0,0,0,0,0,0,0,0,0,0,0,0,0,0,0,0,0,0,0,-0.239107057806119,0,0,0,0,0,0,0,0,0,0,-0.241773860035839,0,0,0,0,0,0,0,0,0,0,0,0,0,0,0,0,0,0,0,0,0,0,0,0.71169728705882,-0.395883563474546,0.0584794897756058,0,0,0,-0.422482159810748,0.795318650215237,0,0,0,0,0,0,0,0,0,0,0,0,0,0,0,0,0,0,0,0,0,0,0,0,0,0,0,0,0,0,0,0,0,0,0,0,0,0,0,0,0,-0.180817594450565,0,0,0,0,0,0,0,0,0,0,0,0,0,0,0,0,0,0,0,0,0,0,0,0,0.199745288488558,0.0565177435080797,0,0,0,0,0,0,0,0,0,-0.0167935387586486,0,0,0.504376010547581,0,0,0,0,0,0,0,0,-0.339313260218887,0,0,0,0,0,0,0,0,0,0,0,0,0,0.135390578655432,0,0,0,0,0,0,0,0.114986655023216,0,0.230509947927668
0,1.92113437941123,0.402290547814325,0,0,0,0,0,0,2.26878129601109,0,0,0,0,0,-0.428695744659036,0,0,0,0,-0.720715473053689,0,0,0,0,0,-0.510777883044069,0,-4.79554915781252,-2.13029925811462,0,0,0,-0.0147271748348097,0.211454246317131,-0.936499032448965,0,0,-0.12466868295479,-0.255941490594689,0,1.29541171281779,0,0.190918682076544,0,-12.4063685509143,0,0,0,1.67641155992373,0,-3.21075903593663,-0.972037352909821,0,0,0.375364996029257,-9.18865382535403,0,0,0,0,0,0,0,-2.40398907548724,0,1.1326400170772,0,0,0,0,0,0,0,0,-0.174541556553422,0,0,0,-2.41975672544927,0,0,0,0,0,0,0,1.21696827075316,0,0,0,0,-1.0786540850027,0,0,2.55229212410619,0,0,0,-0.267331291371914,2.80008307180887,0,0,-7.92263765366561,0,0,0,0,-0.751802839942072,0,0,2.36605282942036,0,-11.909225493096,0,0,0,0,-0.408212804493391,0,0,0,0,0,-0.652069062962484,0,0,-4.76176985324779,0,0,0,0,0,0,0,0,0,0.356363608820494,0,0,0,0,0.210242755424338,0,0,0,0,0.231752558358081,0,0,0,0,0,-1.5823820451628,-11.7928488399703,0,0,0,0,0,-1.10095363391254,0,0,-0.315647938616821,0,0,0,-8.62937169176066,2.00988915154562,0,0.709849405208382,-0.902202620866131,0.646294385473671,0,-2.35576200458437,0,0,-2.3027670853706,1.01290881686995,0,0,-0.781660789685923,0,3.41388008928536,0,0,0,0,0,-0.944323090714585,2.11085579455921,-0.78257256844737,0,0,-0.248753435626855,0,0,2.19351419755483,0,0
0,0,0,0,2.27373166623478,0,-0.532055425526091,0,0,-0.437996209409403,-0.377650347463069,0,0,0,-0.522118235753277,0,0,0.0091062895723022,-1.11947805610371,0,0.380693511421478,0,-0.96716140929453,0,0,0.94287814032878,0,0,1.25344843348322,0,0,0.893050123509001,0,0,0,0,0,0,0,0,0,0,0,0,1.32126681789265,0,0,0,0,0,0,0,0,-1.14298812214064,0,0,0,0,0,0,0,-0.661808311653259,0,-5.58922268683278,0,0,0,0,0,0,-1.61491864075885,0,0,0,0,0,0,0,0,0,0,0.209653619751652,0,-2.66711738652535,-1.19533857848468,1.82550901962618,-0.362165517625377,0,0,-0.660755093689883,0,-0.730438295883802,-0.500342161860803,0,0,0,0,0,0,0,0,0,0,0,-1.4800210250644,0,0,0,0,0,0,0,0,-9.31134301495604,0,0,0,0,0,0.95609999203015,0,3.83331327107761,0,0.0241482474360322,0,0.676763879518979,0,0,-1.4352715869799,0,0,0,-0.0178724598080446,0,0,0,0,0,0,0,0,0,0,0,0,0,0,-0.431976153770371,0,0,-0.985285049724753,0.0873438705153571,0,0,0,0,0,0,0,0,0.271913820970698,0,0,0,0,0,0,0,0.969855333549867,0.693348840940291,0,0,0,-2.19585524475181,0,1.53518904442262,0,0,0,0.848518175124646,0,0,0,0,0,0,0,-2.85319698347449,0,0,0,0,0,0,-0.219905613318132,0,0.475208394814342,0,10.4249358857238,-0.803404833968941
0,0,0,0,0,0,0,0,0,0,0,0,0,0,0,0,0,0,0,0,0,0,0,0,0,0,0,0,0,-0.718805927169933,0,0.872701500282834,0,0,0,0,0,0,0,0,0,0,0,0,0,0.0924534871960996,0,0,0,0,0,0,0,-0.00764778345872852,0,0,0,0,0,0,0,0,0,-0.250042569865233,0,-0.729534121008026,0,0,0,0,0,0,0,0,0,0,0,0,0,0,0,0,0,0,0,0,0,0.0978334814038968,0,0,0,0,0,0,0,0,0,0,0,0,0,-0.0423620671445946,0,0,0,0,0,0,-0.118746736788282,0,0,0,0,-0.337047816240329,0,-0.0741573480121356,0,0,0,0.0365683088072846,0,0,0,0,0,0,1.23721198471914,0,0,0,0,0,0,0,0,0,0,0,0,0,0,0,0,0,0,0,0,0,0,0,0,0,0,0,0,0,0,0,0,0,0,0,0,0,0,0,0,0,0,0,0,0,0,-0.0103344011384938,0,0,0,0,0,0,0,0,0,-0.0435512753102378,0,0,0,-1.26915646594774,0,0,0,0,0,0,0,0,0,0,0,0
0,0,0,0,0,0,0,0,0,0,0,0,0,0,0,0,0,0,0,0,0,0,0,0,0,0,0,0,0,0.07047163620023,0,0.468831248167666,0,0,0,0,0,0,0,0,0,0,0,0,0,0,0,0,0,0,0,0,0,0,0,0,0,0,0,0,0,0,0,0.0963326827684212,0,0,0,0,0,0,0,0,0,0,0,0,0,0,0,-0.30514331940549,0,0,0,0,0,1.01393596044453,0,0,0,0,0,0,0,0,0,0,0,0,0,0,0,0,-0.0618326190037579,0,-0.173606113288857,0,0,0,0,0,0,0.247033821796347,0,0,0,0,0,0.39267535869774,0,0.0655342893835553,0,0.151660548723561,0,0,0,0,-0.500735041803867,0,0,0,-0.274872447857341,0,0,0,0.121197773366873,0,0,0,0,-0.136281625970743,0.125908408586492,0,0,0,0,0,0,0,0,0,-0.890274735598608,0,0,0,0.970545256869985,0,0,0,0,0,-0.583611373139648,0,0,0,0,0,0,0,-0.746746494955671,0,0,0,0,0,0,0,0,0,0,0,0,0,0,0,0,0,0,0.913656426315919,0,0,0,0,0,0,0,-1.16077012904728,0.0655854453367899,0,0,-0.227912746727918
-0.13745114644514,0,0,0,0,0,0,0,0,0,0,0,0,0,0,0,0,-0.353947308149501,0,0,0,0,0,0,0,0,0,0,0.0814570368190692,0,0,-0.64758540939973,0,0,0,0,0,0,0,0,0,0,0,0,-1.13323483932695,0,3.48271207556858,0,0,0,0,0,0,0,0,0,0,0.186847541011357,0,0,0,0,0,0,0,-0.0823511220517175,0,0.706191308166397,0,0,-0.283648546132297,0,0,0,0,0,0,0,0,0,0,-0.10585827630277,0,0,0,0,0.132689298277262,-0.109606034517335,0,0,0,0,0,0,0,0,0,0,0,0,-0.382916930656396,0,-0.00181625663554219,0,0,0,0,0,-0.14620703251466,0,0,0,0,0,0,-0.354690435004792,0,0,0,0,0.0937283752008364,0,0,0,0,0,0,0,0,0,0,0,0,0,0,0,0,0,0,0,0.019817895419415,0,0,0,0,0,0,0,0,0,0.77193794603332,0,0,0,0,0,0,0,0,0,0,-0.278312287393393,0,0,0,0,0,-1.25133299444919,0,0,0,0,0,0,0,0.418833352855507,0,0.74751132001633,0,-0.029803133158701,0,0,20.4288792569368,0.151785176796886,0,0,0,-0.334936607816073,0,0,0,0,0,0,0,0,0,-0.126784815610161,0,1.02688326659858
0,0,0,0,0,1.15196106163998,0,-0.0608796753327339,0.443172350010543,0,0,0,0.926168661014226,0,0,0,0.586079339527765,0,0,0,-1.03277356450361,0,0,0,0,0.767076987623507,0,0,0,-1.4165529113818,0,0,0,0,0,-0.0850015413856622,0,0,0,-0.393771610431252,0.889975638635517,0,-0.0372039700056095,0,0,0,0,0,0,0,0,-4.58312203193548,0,1.17892405266179,0,0,0,1.62578676842721,0,0.575687434962728,0,-0.659203619418653,0,-0.552278856471596,0,0,0,0,0,0,0,0,0.399502148087617,0,0.0742402871075885,0,0,0,0,0,0,0,0,0,0,0,0.410070049491035,0,0,-0.422381476862379,0,0,0,0,0,0,0,0,0,0,0,0,1.22827602250363,-0.958901883890613,0,0,0,0.123896247343436,0,0,0,1.10625125967798,0,0.0138775130239308,0,-1.33355706967038,1.74671525863032,0,0,0,0,-0.816898260831593,0.0338053519579609,0,0,0,0,0,0.274746243669415,0,0.243137915253369,0,0,0,0,0.663502718383979,-0.816604427140758,0,0,0,-4.04888618610134,0,0,0,0,0,0,0.149543594156962,0,0,0,0,0,0,-0.291201296830765,-1.98867891619794,0,0,0,0,0,0.129443938557272,0,0,0,0,0,0,-1.3355038481125,0,0,-0.851898354304167,0,0,0,0,0,0.776996914056871,-0.222496401755127,0,0,0,0,-4.11158735298827,-1.95933331282263,-0.0138170207374131,0.114193907530994,0,0,0,0.377698180815397,0,0.179272492783914,0,-0.786197053792373,-5.56660805958419,-0.0263982667011298,-2.04513809594006,0,0
0,0,1.27528065494912,0,0,0,0,0,0.18008299263618,0,0,0,0,-1.84504551479069,0.0642668133268982,0,0,0,0,0,0,-0.331515857891365,-0.148126624775893,0,-1.67639883956675,0,0.619583367254164,-1.57219762901767,0,0,0,0,0,-1.73954125278221,0,0.0432572265450255,0,0.486878332089827,0,0,0,0.318852202988713,0,0,0,0,0,0,0,0,0,0,0,0,0,0,1.41285429721684,0,-0.331928682245747,0,0,0,0,0,-0.586729438745648,0,1.30851321204678,0,0,0,0,0,0.343041431513584,0,0,0,0,-1.3281461639886,0,0,0,0,0,-4.07290011452214,0.817177927393693,0,0,0.42163899248402,0,0,0,0,0,0,0,0,0,0,0,0,0,0,0,0,0,0,0,0,0,0,0,-1.15013122577718,0,-0.0234214163961948,0,0,0,-2.20362421463299,0,0,2.52172229456325,0,0.189394894708637,0,0,-0.0792438268560494,0.295693662958527,0,0.282970051580792,0.712643639901939,0,0,0,0,0,0,1.19963959543549,0,0,0,1.27455257873274,0,0,0,-0.0376154137119979,-0.115182178053327,0,0,0.113616888077375,0,0,0,0,0,2.67826049573766,5.43916588309191,0,-0.1573188958716,0,0,-1.35569381758284,0,0,0,0,0,0.474988963866689,0,-1.6575047101378,0,0,0,0,0,0,0,0,0,0,0,0,0,0,0,2.39361674605581,0,0,0,0,0,-0.197687266285213,0,0.410889507879131,-0.335489485361625,0,0,0,0,0,0
0,0,0,0,-0.427876353330181,-0.45522774069951,0.899609620230934,0,0,0,0,0,0.473458955712247,0,0,0,0,0.162222786588624,0.0661468125376234,0,0.263480032088564,-1.62082377721489,0,0,-1.15533696458968,0,0,0,0,0,0,0,0,-0.172917241570371,0,0,0,0,0,0,0,0,0,0,0,0,0,0,0,0,0.00784023706637749,0.934317933114649,0,0,0,0,0,0,0,0,0.0483519118552986,0,0.803196247282979,0,0,0,0,0,0,0,1.09192323481642,0,0,0,0,0,0,0,-2.56071409482578,0,-0.555906127402324,0.413060444892851,-0.525906548618954,0,0,-2.43041312192377,0,0,0,-0.444207604358127,0.0259937957272651,0,0,0,0,1.40649746122607,0,0,0,-2.67784576962598,0.318708011293556,0,0,2.75322752161326,0,0,0,0,0,-0.889058165835169,0,-0.752814883921004,0,-0.58268950801656,0,0,0,0,0,0,0,0.440121388806757,0,0,0,0,2.12395348650148,0,0,-0.270409973811037,2.58725639247057,0,0,-0.57775064423444,0,0,0,0,0,0,0,-1.28579515080165,0,0,0,7.0201790011966,0,0,-0.197603043531172,0,0,0.207215317574359,0,-0.608112813927451,0.694050403035582,0.729168264707651,0,0,0,0,0,0,0,0,0,0,0,0,0.16737870486069,0,0,0,0,0,0,0,-0.548151360218576,0,0,-2.9791313038338,0,0,0,0,0,0,0,2.57246682314808,0,0,0,0,-0.958705561137708,0,0,-10.1761173107035,0,0,0,0
-0.48526510052913,0,0,0,0,0,0,0,0,3.81286161717138,-5.72158685443917,0,-0.150567551676402,1.17846839423205,0,0.92211762597381,0,0,0,0,0,0,0,0,-1.60968592681902,0,0,-0.579348799428486,0,0,-0.396883319706662,-0.241743765769657,-1.40365248170434,0,0,0,0,0,0,0,0,1.9033024392444,0,5.74969803003808,0,0,0,0,0,0,0,0,-0.282229510591437,0,0,0,0,0,0,0,0.780162589596738,0,0,0,5.72520299527801,0,0,-1.06966137257135,0,0.820415936977011,0,0,-0.756863830049239,0,1.93278300484208,0,0,0,0,0.545302691050093,0.38330425019515,0,0,0,5.05266058526339,-0.953870854783453,0,5.51425832794648,0,-6.03042332023873,0,0,-2.14063308909254,0,1.0127916340763,0,0,0,0,0,-0.18561264028248,0.916393058614967,0,0,-1.25315402725574,0,0,-0.211260876119946,1.12100573854496,0.393160068991181,0,0,0,0,0,0,0,0,0,0,-10.4854380126637,5.85877752785856,0,0,0,0,0,-0.943980513700052,0,0,0.60282876264775,1.03064865802752,1.78765205942347,0,0,0,0,0,0,-0.262467410611072,0,0,-0.244398810343482,0,0,0,0,0,0,-0.947930152358842,-0.38516619889448,0,0.307288232044305,0,1.65321494048377,0.214433283144102,0,0,0,0,-1.82186709758427,0.653885948580103,0,0,0.486466609616659,0,0,0,0,1.73381093079695,0,0,-0.679830984058836,0.022057949456826,0,9.32180327852234,0,0,-0.11014526736084,0,0,0,0,0,0,0,0.926180276208803,0,0,0.706650328159655,0,0,0,-1.40172216267033,0,-4.40604813338295,0,0,0,-5.83880950924241
-0.164448787104365,3.14558340910674,0,0,0,-1.67094705057451,0,0,-1.81511181811839,-1.17932217347571,0,0,0,0,0,0,0,0,0,0,3.40773237620429,-0.870461875970706,-2.16113818874432,0,0,1.17516025597869,0,0,0,0,0,0,0,0.722983508923688,0,0,0,0.892890625913857,0,-1.47648519057373,-0.886819501954745,0,0,0,0,1.87208565927264,0,-1.47796369560789,0,0,0,1.06083215065015,0,0,-0.0949670226371901,1.13698753935423,0,0,0,-0.436084581617592,-1.55956793375423,0,0,0,1.91832671931015,1.08244671221846,0,0,0,-0.58537873041724,0,0,0,-0.269805724650215,0,0,0,5.11256874742235,0,0,0,0,0,0,0.0010944668228583,-17.299275137471,0,1.24907756793352,0,-13.2403066288511,0.484440731785503,0,0,0,0,-0.757196141290963,0,0,0,0,-0.403931361424164,0,0,0,0,0,0,0,0.090134326094808,0,0,0,0,0,0,0,0,-0.315734535415666,0,0,0,0,-0.278380469966917,0,0,0,0,0,0,1.26135705651276,0,-0.937637921839718,0,0,0,0,-4.52221912024367,0,0,0,-1.29248944044639,-1.54488663072575,-2.18121075078975,0,0,0,0,-5.17276753714993,0,1.22144828605857,0,-2.41725466104338,-0.279479211849555,-0.104380219014458,0,3.31349887341115,0,0,0.74419374494669,0,0,0,0,0,0,0,0,0.618358817096895,0,0,0,-0.388583223162024,0,17.4360509082204,0,-3.18739512765507,-1.74308092032818,0,0,0,0,1.83406142486158,1.27997358052528,-3.84300106192579,-3.13402468023114,-2.36021734484608,0,0,0,0.87207460147067,2.21363404714014,0,0,0,0,0,0,1.04327996588849,0,-3.82356225030811
0,0,0,0,0.291885525188373,0,0,0,-2.31697031751072,0.709642105996355,-0.137820206797775,0.249005404160384,0,0,0,0.32713240910918,-1.20313710999352,0,-1.28800319291731,0.436894391859955,-0.311826015368857,0,0,0,0,-0.141519564756069,-0.749856996798699,0,0,1.05023296755182,0,0,0,-1.59455562112984,0,-0.552467230577119,0,0.41609009279658,0,0,-0.295083807186619,0,0,0,0,0,0,0,0,0,0,0,0,0,0,0,0,0,0,0,0,0,-0.817732190880673,-1.69329927697558,0,0.134346905969274,0.222702850160831,0,0,0,0,0,0,0,-1.43199842386025,0,0,0,0,0,0.473005026108321,-1.3588974046989,0,0,0,0.56964426358821,3.5687696367378,0,-0.0630145507844562,-10.0405211858234,-6.09713764730172,-0.00224232137434122,0,0,0.445683370589522,0,0,0,-0.865547060153023,-0.477697701443896,0,0,1.76313015671493,0,-1.47658875340022,0.00169957500812834,0,0,0,0,0,0,0,0,1.56614513076982,1.16751720898392,0,0,0,0,0,2.36472486277591,0,0.242538131408073,0,0,0,0,0,0,2.29151972540409,0,0,0,0,0.415339815373559,1.31706316778717,0,0,0.259649426317508,2.53016112194318,-1.09320455493229,0,0,0,0,0,1.28717543626036,-0.54237519745435,0,4.56222957118045,0,0,0.235201703804821,0,-3.40628842825112,0,0,0.614156572736748,0,0,0,-0.509363868625247,0,0,-0.417092912748935,0,0,0,0,-2.4827587202416,0,0,-1.28807457446084,0,0,0,0,0,0.119334232307108,0,-0.567713344130214,0,0,0,0.132452186106947,0,0,0.636547752112217,0,-0.644950163083835,0,0,0,0,-0.640903306741235,0,0,0,0
0,0,0,-0.294694918663184,0.0685405717496845,0,0.50723462681402,0,0,3.32715598490698,0,0,-0.293046032880653,0,0,0,0.0906020568643118,0,0,0,-0.47097662895699,0,0,-0.73725743663971,-0.606817085797371,5.27688829230969,0,0,1.82742588233509,0,4.47574442650385,0,0,0,0,0,0,0,0,0,-0.912145391112598,0,-0.596642092892825,-1.60118163826414,8.35227367130126,0,0,0,0,0,0,-0.22122123340923,0,0,0,0,0,0,0,1.68717919120192,1.72648494027418,-2.36662158354431,1.81204299779898,0,0,0,0,-1.24098990182534,0.372305715579219,-0.397227393694964,0,0,0,0,0,0,0,0,0,-1.28225843505052,0,0,0,0,0,0,0,0,0,-20.6811255610881,0,0,0,0,0,4.75441880483404,0,0.502674778057429,0,0,-1.3142969602359,0,0,0,0.126680775741844,0,0,-5.19644703611276,0,0.472325457572525,0,0,-1.10871781695537,1.01075459971029,0,6.06598083707858,0,0,0,0,0,0,0,0,0,-4.127028402281,0,-0.607271191790546,-1.73850405710219,0,0,0,0,0,-2.88861564809534,0,0,0,0,0,0,0,0,0,0,0,0,0,0,0,1.57330002054908,0,0,0,0.974099781455549,0,0,-0.832515058280701,0,0,0,0,0,0,0,0,0,0,0,0,0.124717167684141,0,0,0,1.37649830647909,-0.487166989293421,0,-3.18000804523597,0,0,0,0,-0.104333884514916,0,3.63423286032322,0,-1.83284846259948,0,-0.787569752974566,0,0,0,0,0,-9.46954405773583,-2.3542090350277,0,0,0,0
0,0,0,0,0,0.508890536663767,0,0.488860755895954,0,0,-0.257686291609657,0.596515801492129,0,0.654435894841318,0.0204004350030167,0,0,-0.00353109714614352,0,0,-2.22517366154687,0,0.400482292842414,0,0.539979753722705,-1.18514066323058,0,0,-2.46653854629622,0.397335417132383,1.46405332835164,0,0,0.509359578644789,0,0,0,0.231238846951109,0,0,0,0.419322462081989,0,0.852800033072874,1.54686674549338,-1.81172015701572,0,0,-0.663718915503142,0.396759984657826,0,0,0,0,0,0,2.53734466747416,0,0,-0.33117608961964,0,0,0,0,0.390154821628685,0,-1.2428448342947,0,0,0.441721770239351,-0.467340795833452,0,0,0,0,0,-0.155843944279281,-1.21990136860213,0,0,0,0,0.519992250839988,1.83748744599232,0,0,0,0.783431562923637,0.323539556551811,-0.731499473237432,0,0,0,0,0,0,0,1.50733604011208,0,0.620817221717376,1.58493077278897,0.423654517585037,0,1.62096916402755,0,0,0,0,0,-1.21148208691383,-0.353725874888322,0,0,0,0,0,0,0,0,-1.11355305806106,0,0,2.24290305006105,0,0,-0.437254422125195,2.25457463687151,0,0,0,0,0,0.029198459075318,0,0.0872522666752074,0,0,0,0,-0.725160032215913,0,0,0,-1.13071484048955,0.178277396629886,0,0,1.07045168357596,0,0,0,0,-0.0518410839383647,0,-0.818202456009375,0,0,0,0,0,0,0,0,0,0,0,0,0,0.0791911108268426,0,0.503288982005822,0,0,0,0.0620349301150138,-3.87792239410596,0,0,0.0969166722270791,0,0,0.235473781940891,0,-1.52894267321744,0,0,0,0,0.560697371670304,0,-0.49597341191446,0,0,1.6282048165776,0,-0.314637363039409,0.783065269225474,0,1.03421378050592,0
0,0,0,0,0.189665411541383,0,0,-1.48772804536679,0,0,0,0,0,-0.487820987070023,0,0,0,0,0,0,0,0,0,0,0.107451955575497,0,0,0,0,0,0,0,0,0,0,0,0,0,0,0,0,0,0,-0.124884843060554,0,0,0,0,-0.219610205483629,0,0,0,0,0,0,0,0,0,0,0,0,0,0,0,0,0.843535322478061,0,0,0,0,-0.698088039853128,0,0,0,-0.0907520523562746,0,0,0,0.197856467991617,0,0.0258678341241774,0,-0.108325628922531,0,0,0.0595844531177425,0,0,0,0,0,0,0,0,0,0,0,0,0,0,0,0.373354773459945,0,0.258609801819978,0,0,0,0,0,1.63247834615937,0,0,0,0,0,0.541507057358739,0,0,0,0,0,-1.95076642781343,0,0,0,0,0,0,0,0,0,0,0,0,0,0,-0.421566615553105,0,0,-0.281723308431899,0,0,0,0,0,0,0,0,0,0,0,1.91795709377168,0,0,0,0,0,0,0,0,0,0,-1.11228955027204,0,0,0,0,0,0,0,0,0,0,0,0,0,0,0,0,0,0,0,0,0,0,0,0,0,0,0,0,0,0,0,0,0,0,0,0.981813412673762,-1.39645846803135
0,0,0,0,0,0,0,0,0,0,0,0,0,0,0,0,0,0,0,0,0,0,0,0,0,0,0,0,0,0,0,0,-0.202601411066434,0,0,0,0,0,0,0,0,0,0,0,0,0,0,0,0,0,0,0,0,0,0,0,0,0,0,0,0,0,0,0,0.539200384914234,0,0,0,0,0,0,0,0,0,0,0,0,0,0,0,0,0,0,0,0,0,0,0,0,0,0,0,0,0,0,0,0,0,0,0,0,0,0,0,0,0,0,0,0,0,0,0,0,0,0,0,0,0,0,0,0,0,0,0,0,0,0,0,0,0,0,0,0,0,0,0,0,0,0,0,0,0,0,0,0,0,0,0,0,0,0,0,0,0,0,0,0,0,0,0,0,0,0,0,0,0,0.179246402397613,0,0,0,0,0,0,0,0,0,0,0,0,0,0,0,0,0,0,0,0,0.214530172062126,0,0,0,0,0,0,0,0,0,0,0,0
0,0,0,0,0,0,0,0,0,0,0,0,0,0,0,0,0,0,0,0,0,0,0,0,0,0,0,0,0,0,0,0,0,0,0,0,0,0,0,0,0,0,0,0,0,0,0,0,0,0,0,0,0,0,0,0,0,0,0,0,0,0,3.38659829720619,0,0,0,0,0,0,0,0,0,0,0,0,0,0,0,0,0,0,0,0,0,0,0,0,0,0,0,0,0,0,0,0,0,0,0,0,0,0.0406450566341061,0,0,0,0,0,0,0,0,0,0,0,0,0,0,0,0,0,0,0,0,0,0,0,0,0,0,0,0,0,0,0,0,0,0,0,0,0,0,0,0,0,0,0,0,0,0,0,0,0,0,0,0,0,0,0,0,0,0,0,0,0,0,0,0,0,0,0,0,0,0,0,0,0,0,0,0,0,0,0,0,0,0,0,0,0,0,0,0,0,0,0,0,0,0,0,0,0,0,0
0,0,0,0,0,0,0,0.212181125818989,0.320392951836899,0,0,0,0,0,0,0,0,0,0,0,0,0,0,0,0,0,-1.14706818086919,0,0,0,0,0,0,0,0,0,0,0,0,-0.48050310094799,0,0,0,0,0,0,0,0,0,0,0,0,0,0,0,0,0,0,0,0,0,0,0,0.00920784485174564,0,0,0,0,0,0,0,0,0,0,0,0,0,0,-0.210229850211954,0,0,0,0,0,0,-0.296674928889602,0,0.560623295633286,0,0,0,0,-0.184066694412606,0,0,0.113287726678718,0,0,0,0,0,0,0,0,0,-0.093985476066522,0,0,0,0,0,0.0671253755382204,0,0,0,0,0,0,0,0.0935218516131016,0,0,0,0,0,0,0,0,0,0,0,0,0,0,0,0,0,0,0,-0.179544947168934,0,0,0,0,0,0,0,0,0,0.593471208260472,0,0,0,0,0,0,0,0,-0.286137056573375,0,0,0,0.428139728755078,0,0,0,0,0,0,0,0,0,0.203460972015031,0,0,0,0,0,0,0,0,0,0,0,0.0208606613525026,0,0,1.06153261683062e-05,0,0,0,0,0,0,0,0,0,0,0,0
0,0,0,0,0,0,0,0,0,0,0,0,0,0,0,0,0,0,0,0.960790345829339,0,0,0,0,0,0,0,0,0,0,0,0,0,0,0,0,0,0,0,0,0,0,0,0,0,0,0,0,0,0,0,0,0,0,0,0,0,0,0,0,0,0,0,0,0,0.471741455347577,0,0,0,0,0,0,0,0,0,0,0,0,0.386070115922141,0,0,0,0,0,0,0,0,0,0,0,0,0,0,0,0,0,0,0,0,0,0,0,0,0,0,0,0,0,0,0,0,0,0,0,0,0,0,0.00146436735306699,0,0,0,0,0,0,0,3.3501814376563,0,0,0,0.281523797049046,0,0,0,0,0,0,-0.159556846536987,0,0,0,0,0,0,0,0,0,0,0,0,0,0,0,0,0,0,0,0,-0.423029489915232,0,0,0,0,0,0,0,0,0,0,0,0,0,0,0,0,0,0,0,0,0,0.021918382409458,0,0,0,0,0,0,0,0,0,0,0,0,0,0,0,0,0,0,0,0
0,0,0,0,0,0,-0.295411454819489,0,0.0813913032398417,0,0,0,0,0,0,0,0,0,0,0,0,0,0,0,0,0.834486597550969,-0.28853570762995,0,0,0,0,0,0,0,0,0,0,0,0,0,0,0,0,0,0,0,-0.215344911616365,0,0,0,0,0,0,0,0,0,0,0,0,0,0,0,0,0,0,0,0,0,0,0,0,0,0,0,0,0,0,0,0,0,0,0,0,0,0,0,0,0,0,0,0,0,0,0,0,0,0,0,0,0,0,0,0,0,0,0,0,0,0,0,0,0,0,0,0,0.13846667915805,0,0,0,0,0,0,0,0,0,0,0,0,0,0,0,0,0,0,-0.102012215870702,0,0,0,0,0,0,0,0,0,0,0,0,0,0,0,0,0,0,0,0,0,0,0,0,0,0,0,0.324747052535241,0,0,0,0,0,0.22804971042652,-0.178244464696005,0,0,0,0,0,0.0281067209660375,0,0,0,0,0,0,0,0,0,0,0,-0.420038769017448,0,0,0,0,0.282294088854445,0,0,0,0.057589883586044,0,0,0
0,0.0143740735945743,-0.741444675891846,0,0,-0.186275834057269,0,0,0,0.613371361147638,0,-0.297001365023281,0,0,0,0,0,0,8.66309703436659,0.0167125632565204,0.131046122904048,0.0289255530845476,0,0,-1.54164264154854,0,0,0,0,0,0.174933703901282,0,0,0,0,0,0,0,0,0,-0.846335901070707,0,0,0,0,0,0,0,0,0,0,0,0,0,0,0,0,0,0,0.149545076941336,0,0,0,0,0,0,0,0,0,0,0,0,0,0,0,0,0,0.972694411913558,0,0.438068004553349,0,0,0,0.847508342576755,0,0,0,0,1.0467429954131,0,0,0,0,0,0.140396144567709,-0.0362491911723126,0,0,0,0,-0.855923167173686,0,0,0,0,0,0,-0.481574350416935,0,0,0,0,0.258430582577476,0,0,0,0,0,0,0,0,0,0,0.21025591858126,0,0,0,0,0,0,0,0,0,0,0,-2.28053026011869,0,-0.102660880339734,0,0,0,0,0,0,0,0,0,0,0,0,0,0,0,-0.232582968513721,0,0,0,0,0,0,0,0,-0.586284831367255,0,0,0,0,0,-1.17797262648075,0,-0.0115966754342649,0,0,-0.908926555643161,0,0,-0.951679330459716,-1.05638155164217,0,0,0,0,0,0,0,0,0,0,-0.221932168100197,0.25837427358132,-0.764867915252822,0,0,0,-0.98315539543313,0,0,0,0,0.0301152361573152
0,0,0,0,0,0,0,0,0,0,0,0,0,0,0,0,0,0,0,0,0,0,0,0,0,0,0,0,0,0,0,0,0,0,0,0,0,0,0,0,0,0,0,0,0,0,0,0,0,0,0,0,0,0,0.459373411376211,0,0,0,0,0,-14.8617613567222,0,0,0,0,0,0,0,0,0,0,0,0,0,0,0,0,0,0,0,0,0,0,0,0,0,0,0.574715458921525,0,0,0,0,0,0,0,0,0,-0.582255291816802,0,0,0,0,0,0,0,0,0,0,0,0,0,0,0,0,0,0,0,0,0,0,0,0,0,0,0,0,0,0,0,0.0671824235713292,0,0,0,0,0,0,0,0,0,0,0,0,0,0,0,0,0,0,0,0,0,4.45853078262932,0,0,0,0,0,0,0,0,0,0,0,0,0,0,0,0,0,0,0,0,0,0,0,0,0,0,0,0,0,0,0,0,0,0,0,0,0,0,0,0,0,0,0,0,0,0,0,0
0,0,0,0,0,0,0,0,0,0,0,0,0,0,0,0,0,0,0,0,0,0,0,-0.459160387115085,0,0,0,0,0,0,0,0,0,0,0,0,0,0,0,0,0.07204473105655,0,0,0,0,0,0,0,0,0,0,1.22993706420519,0,0,0.494706466896061,0,0,0,0,0,-20.1683447744026,0,0,0,0,0,0,0,0,0,0,0,0,0,0,0,0,0,0,0,0,0,0,0,0,0,0,0,0,0,0,0,0,0,0,0,0,-0.26325930301879,0,0,-0.218798423723919,0.0108138102407371,-0.0694668423923439,-1.47081774294862,0,0,0,0,0.133028588811231,0,0,0,0,0,0,0.171875361198615,0,0,0,0,0,0,0,0,0,0,0,0,0,0,0.0445384550025543,0,0,0,0,0,0,0,0,0,0,0,0,0,0,0,0,0,0,0,0,3.87501391884164,0,0,0,0,0,0,0,0,0,0,0.224086005389692,0,0,0,0,0,0,0,0,0.0635244664758736,0,0,0,0,0,-0.820665084281015,0,0,-0.398416634453908,0,0,0,-0.343773834202364,0,0,0,0,0,0,0,0,-0.0187506433506208,0,0,0,0,0,0
0,0,0,0,0,0,0,0,0,0,0,0,0,0,0,0,0.638021274528606,0,0,0,0,0,0,0,-0.430539771903316,0,0,0.420310520058201,0,0,0,0,0,0.377311099114916,0,0,0,0,0,0,0,0,0,0,0,0,0,0,0,0,0,0,0,0,0,0,0,0,0,0,0,0,0,0,0,0,0,0,0,0,0,0,0,0,0,0,0,0,0,0.10754832053687,0,0,0,0,0,0,0,0,0,0,0,0,0,0,0,0,0,0,0,-0.439150148755697,0,0,0,0,0,0,0,0.0485237242144332,0,0,0,0,0,0,0,0.284830309355895,0,-2.38086342859292,0,-0.336389864233591,0.0266978319473266,0,0,0,0,0,0,0,0,0,0,0,0,0,0,0,0,0,0,0,0,0,0,-1.18275893931104,0,0,0,0,0,0,0,0,0,0,0,0,0,0,0,0,0.172462222569848,0,0,0,0,0,0,0,0,0,0,0,0,0,0,0,0,0,0,0,0,-0.718669927639912,0,0.176721851250755,0,0,0,0,0,-0.0584927106772684,0,0,0,0,0,0,0,0,0,0
0,0,-0.919838771761623,0,0,1.03705283385561,0,0.0621231413237895,0,-1.61772742041839,0,0,0.790633635367627,0,0,0,0,0,0,1.70574300816037,0,0,0,0,-3.45587184893869,0,0,0,0,0.00571129699218131,0,0,0.200758783707125,0,0,0,0,0,0,0,0,0,0,0,0,0,0,0,0,0,0,0,0,0,0,0.207389959217425,0,0,0,0,0,0.0189213334213278,0,0,0,0.20162572815399,0,0,0,0,0,0,0,0,-0.0423497928219336,0,0,0,0,0,0,0,-0.0433181518373527,0,0,0,-0.59910614778463,-0.471740266271163,0.414226121557451,0,0,0,0,0,0,0,-0.0200868404335643,0,0.776031839984254,0,0,0,0,0,0,0.29535574568982,0,-0.174277130279496,0,0,0,0,0.0117122739502487,0,0,0,0,0,0,-1.03510040694635,-0.117367122207711,0,-0.289671004484191,0,0,0,0,0,0,-1.26996303218498,0,-0.405360990156711,0.84560156381841,0,0.461857781230848,0,0,0,0,0,0,0,0,0,0,0,0,0,0.147666395118116,0,0,0,0,0,0.50501646896276,0,0,0,0,0,0,0,0,0,0,0,0,0,0,0,0,0,0,0,0,1.36543795884477,0,0,0,0,0,1.21369372494606,0,0,-0.637147983754317,0,0,0,0,0.162026376800465,0,0,0,0,0,0,0,-0.14764445307507,0,0
0,0,0,0,0,0,0,0,-0.119043231117998,0,0,0,-0.0366541843550281,0,0,0,0,0,0,0.840220280252014,0,0,0,0,0,0,0,0,0,0,0,0,0,0,0,0,0,0,0,0,0,0,0,-0.126344445406771,-0.279213649447802,0,0,0,0,0,0,0,0,0,0,0,0,0,0,0,0,0,0,0,0,0,0,0,0,0,0.7436525249646,0,0,-0.0455788613674357,0.153419256880887,0,0,0.3166848638734,0,0,0,0,0,0,0,0,0,0,0.0611292422823866,0,0,-0.0460888973189175,0,0,-0.197420963178177,0,0,0,0,0,0,0,0,0.0326092395424846,0,0,0,0,0,0,0,-1.08071067117534,0,0,0.390120238160947,0,-0.437353160569265,1.10714014901574,0,0,0,0,1.27192381068704,0,0,0,0,0,0,0,0,0,0,0,0,0,0,0,0,0,0,0,0,0,0,0,0,0,0,0,0,0,-0.669119610834625,0,-0.0234370582296344,0,0,0,0,0,0.585559304750649,0,0,-0.32878551636376,0,0,0,0,0,0.603048589558709,0,0,0,0,0,0,8.56173784223145,0,0,0,0,0.29386335616544,0,-0.41736644658372,0,0,0,0,0,0,0,0,0,0,0,0,0,0,0,0
0,0,0,0,0,0,0,0,0,0,0,0,0,0,0,0,0,0,0,0,0,0,0,0,0,0,0.817454439436913,0,0,0,0,0,0,0,0,0,0,0,0,0,0,0,0,0,0,0,0,0,0,0,0,0,0,0,0,0,0,0,0,0,0,0,0,-0.395625563392198,0,0,0,0,0,0,0,0,0,0,0,0,0,0,0,0,0,0,0,0,0,0,0,0,0,0,0,0,0,0,0,0,0,0,0,0,0,0,0,0,0,0,0,0,0,0,0,0,0,0,0,0,0,0.0295080079777863,0,0,0,0,0,0,0,0,0,0,0,0,0,0,0,0,0,0,0,0,0,0,0,0,0,0,0,0,0,0,0,0,0,0,0,0,0,0,0,0,0,0,0,0,0,0,0,0,0,0,0,0,0,0,0,0,0,0,0,-0.26874706632053,0,0,0,0,0,0,0,0,0,0,0,0,0,0,0,0,0,0,0,0,0,0
0,0.198421890816321,0,0,0,0.0417767890030474,0,0,0,0,0,0,0,0,0,0,0,0,0,0,0,0,0,0,-0.0019022885200477,0,0,0.0202257370589587,0,0,-0.906219441380161,0,0,0,0,0,0,0.46059136347491,0,0,0,0,0,0,1.02977414819367,0,0,0,0,0,0,0,0,0,0,0,0,0,0,0,0,0,0,0,0,0,0,0,0,0,0,0,0,0,0,0,0,0,0,0,0,0,0,-0.358377276849905,0,0,0,-0.17478105812726,0,0,0,0,0,0,0,0,0,0,0,0,0,0,0,-1.19528452239752,0,0,0,0,0,0,0,0,0,0,0,0,0,0,0,-0.529006770255098,0,0,0,0,0,0,0,0,0,0,0,0,0,0,0,0,0,0,0,0,0,0,0,0,0,0,0,0,0,0,0,0,0,0,0,-2.54081281031126,0,0,0,0,0.437027016975858,-0.434053172644645,0.0212566303600472,0,0,0,0,0,0,0,0,0,0,0,0,0,0,0,0,0,0,0,0,0,-1.85106804500582,0,0,0,0,0,-0.0996338112323849,0,0,0,0,0,0,0,0,-0.286799640022326
0,0,0,0,-0.459017786082944,0,0,-0.133901483962837,0,0,-1.70969857421353,0,0,0,0,0,0,0,0,0,0,0,0,0,0,0,0,0.271553983793521,0.0648857136914502,0,0,0,0,0,0,0,0,0,0,0,0,0.0684377370288387,0,-0.0633703356252791,-0.73830812175179,0,0,0,0,0,0,0,0,0,0,0,0.0919227093237311,0,0,0,0,0,0,0,0,0,0,0,0,0,0,0,0,0,0,0,0,0,-0.520126994744045,0,0,0,0,0,0,0,0,0,0,0,0,0,0,0,0,0,0,0,0,0,0,0,0,0,0,0,0,0.00140446105471748,0,0,0,0,0,0,0,0,0,0,0,0,0.204316260563756,0,0,0,0,0,0,0,0,0.473895820932591,0,0,0,0,0,0,0,0,0,0,0,0,0,0,0,0,0,0,0,0,0,0,0,0,0,0,0,0,0,0,0,0,0,0,0,0,0,-5.53875257165437e-05,0,0,0,0,0,0,0,0,0,0,0,0,0,0,0,0,0,0,0,0,0,0,0,0,0,0,0,0,0,0,0,0
0,0,-0.228240029266474,0,0,0,0,0,-0.433896349777324,0,0,0,0,0,0,0,0,0,0,0,0,0,0,0,0,0,0,0,0,0,0,0,0,0,0,0,0,0,0,0,0,0,0,0,0,0,0,0,0,0,0,0,0,0,0,0,0,0,0,0,0,0,0,0.115150655205092,0,0.130032049499804,0,0,0,0,0,0,0,0,0,0,0,0,0,0,0,0,0,-0.0230355778208515,0,0,0,0,0,0,0,0,0,0,0,0.324163385428915,0,0,0.626531348637043,0,0,-0.180358363235606,0,-0.0930431958049225,0,0,0,0,0.319944464092476,0,0,0,0,0,0,0,0,0,0,0,0,0,0,0,0,0,0,0,0,0,0,0,0,0,0,0,0,0,0,0.287550018266144,0.258668500447788,0,0,0.081291635747115,0,0,0,0,0,0,0,0,0,0,0,0,0,0,0,0,0,0,0,0,0,0,0,0,0,0.674200008749121,0,0,0,0,0,0,0,0,0,0,0,0,0,0,-0.44136276437782,0,0,0.884593961150717,0,0,0,0,0,0,0,0,0,0,0,0
0,0,-0.149048199832163,0,0,0,0,0,0.312243848817347,0,-0.290383535891998,0,-0.560347389603893,-0.0225941870454434,0,0,-0.0879832676950889,0,0,0,0,0,0,0,-0.226917564100587,0.239131042410169,0,0,0,0,0,0,0,0,0,0.316895803664894,0,0.0433769797058845,0,0.873916960617014,0,0,0,0,0,0,0,0,0,0,0,-1.09444641421587,0,0.0635245513181704,0,0,2.18949916468698,0,0,0,0,-0.119388670520714,0,0,0,0,0,0,0,0,0,-0.0985153261336587,0,0,0,0.085026784979126,0,0,0,0,0,-0.0930804242108862,0,0.0157671230004306,0.743383409224844,0,0,0,0,0,0,0.0497533828911951,0,0.101689409085109,0,0,0,0,0,0,0,-0.0252259677206768,0,0,0,0,0,0,0,0,0,0,0,0,0,0,0,0,0,0,-0.0510014547039099,0,0,0,0,0,0,0,-0.733876148119386,0,0,0,0,0,-0.737405162986473,-0.757897672394023,0.0449239652960018,0,0,0,0,-0.646615158638934,0,-0.996137956953064,0,0,0,0,-0.142838582845172,0,0,0,0,0,0.181760515349716,0,0,0,0.154048867307854,0,0,0,0,0,0,0,0,0,0,0,0,0,0,0,-1.14499190087841,0,0,0,0,0,0,0,0,0,0,0,0,0,0,0,-0.488697411602366,0,-0.160092647205357,13.3444126046546,0,0,0,0,0,0
0,0,0,0,0,0,1.02275059334867,0,0,0,-0.851035999017146,0,0,0,0,0,-0.804780168885045,0,0,0,0,0,0,0,0,0,0,-0.443453356966782,0,0,0,0,0,-1.19596080535524,0,0,0.141512002339337,-0.331499739549475,0,0,0,0.563178275236655,0,0,0,0,0.118898537846258,0,0,0,0,0,-0.36919537020845,0,0,0,-0.75355503265691,0,0,-0.598651478701635,0.0485810193977652,0,0,0,0,0,0,0,0,0,0,0,0,0,0,0,0,0,-0.306785254583536,0.0238840038942811,0,0,-0.0434560771887098,0,0.564737909008793,0,0,0,0,0.131833434431765,0,0,0,0,0,0,0,-0.0568458570355559,0,-1.49799198508852,0.612372952275691,-0.298229061573493,0,-0.603448286193266,0,0,0,0,1.07015434879791,0,0,0.821239156952892,0,0,0,0,0,0,0,-0.809569957365383,0,0,0,0,0,0,0,0,0,0,0,0.625886207389589,0,0,-0.162511881907334,0,0,0,0,0,0,0,0,0,0,0,0,0,0,-0.709076193169633,0,0,0.253060637471275,0,0,0,0,0,0,0,-0.0437159101604447,-1.04601677336405,-0.439657331711433,0,0,0,0,0,0,0,-0.778969510391759,0,0,0,0,0.488917855130994,0,0,0,0,0,0,-1.01221246766141,0,-0.405367904150049,0,0,0,0,0.192579057788168,0,0,-0.0866834286024174,-0.993899792160296,0,0,0.260913616687225,0,0,0
0,0,1.18140408047682,0,0,0,0,0,0,0,0,0,0,-0.438655632808815,0,0,0,0,0,0,0,0,0,-0.0184895010748642,0.485939791629758,0,0,0,0,0,0,0,0,-1.2085725538621,0,0,0,0,0,0,0,0,0,0,0,0,0,0,0,0,0,0,0,0,0,0,0,0,0,0,0,0,0,0,0,0,0,0,0.152679335032311,0,0,0,0,0,0,0,0,-0.273666568901615,0,0.522961758774699,0,0,0,0,0,0,0,-0.490195510347315,0,0,0,0,0,0,0,0,0,0,0,-0.709181004092436,0,0,0,0,0.229579775845883,0,0,0,0.341843653469977,0,0,0,0,0,-0.814644379291209,0,0,0,0,0,0.173903738573126,0.129591054206112,0.0108638781940724,0,0,0,0,0,0,0,0.335869903212647,0,0,0,0,0,0,0,0,0,0,0,0,0.20655920381009,0,0,0,0,0,0,0,0,0.0767496643688259,0,0,0,0,0,0,0.00671891051633278,0,-0.244100019695874,0,0,0,0,0,0,0,0,-0.949804436678203,0,0,0,0,0,0,0,0,0,0,0,-0.908814171316145,0,0,0,0,0,0,0,0,0,-0.293117407193655,0,0,0,0,0,0,0
0,0,0,0,0,0,0.0449517721830435,0,0,0,0,0,0,0,0,0,0,0,0,0,0,0,0,0,0,0,0,0,0,0,0,0,0,0,0,0,0,0,0,0,0,0,0,0,0,0,0,0,0,0,0,0,0,0,0,0,0,0,0,0,0,0,0,0,0,0,0,0,0,0,0,0,0,0,0,0,0,0,-0.665069464272549,0,-0.181300402925546,0,0,0.312818221918935,0,0,0,-0.773728886163993,0,0,0,0,0,0,0,0,0,0.302900964132761,0,0,0,0,0,0,0,0,0,0,0,0,0,0,0,0,-0.132095469273356,0,0,0,0,0,0,0,0,0,0,0,0,0,0,0.402400167918646,0,0,0,0,0,0,0,0,0,0,0,0,0,0,0,0,0,0,0,0,0,0,0,0,0,0,0,0,0,0,0,0,-0.0163042455200764,0,0,0,-0.609829501615255,0,0,0,0,0,0,0,0,0,0,0,0,0,0,0,0,0,-0.117124323031599,0,0,-0.993716212061442,0,0,0,0,-0.765866356525329,0,0,0,0,0,0,0
0,0,0,0,-1.04687602317151,0,0,-1.34591752514518,0,0,0,0,0.199372579579884,-0.728847548553567,0,0,0,0,0,0,0,0,0,0,0,0,0,0,0,0.153994728691379,0,0,0,0,0,-0.301171524032455,0,0,0,0,0,0,0,0,0,0,0,0,0,0,0,0,0,-0.6861106633545,0,0.305171017162382,0,0,0,0,0,0,0,0,0,-0.273498742488223,0,0,0,0,0,0,0,0,0,2.08655491014406,0,0,0,1.29032629313334,0,0,0,0,0,0,-0.128839307620311,0,0,0,0,0.961602692493079,0,0,0,0,0,0,0,0,0,0,0,0,0,0,0,0,0,0,0,0,0,0,0,0,0,0,0,0,0,0,0,0,0,0,0,0,0,0.258308772372922,0,0,-0.177760392547646,0,0,0,0,0,0,-0.586300002716253,0,0,0,0,0,0,0,-0.884166617077729,0,0,0,0,0,0,0,0,0,0,0,0,0,0,0,0,0,0,0,0,0,0,0.0193307328696619,0,0,0,0,0,0,0,0,0,0,0,0,0,0.576666751646634,0,0,-1.09589970355346,0,0,0,0,0,0,0.282075435686312,0,0.411775469499342,-0.105047148941643,0,0
0,0,0,0,0,0,0.30699304651699,0,0,0,0,0,0,0,0,0,0,0,0,0,0,0,0,0,0,0,0,0.398193518074392,0,0,0,0,0,0,0,0,0,0,0,0,0,0,0,0,0,0,0,0,0,0,0,0,0,0,0,0,0,0,0,-1.12989041439139,0,0,0,0,0,0,0,0,0,0,0,0,0,0,0,0,0,0,0,0,0,0,0,0,0,0,0,0,0,0,0,0,0,0,0,0,0,0,0,0,0,0,0,0.731707626769071,0,0,0,0,0,0,0,0,0,0,0,0,0,0,0,0,0,0,0,0,0,0,0,0,0,0,0,0,0,0,0,0,0,0,0,0,0,0,0,-0.589020130787308,0,0,0,-0.447286044386987,0,0,0,0,0,0,0,0,0,0,0,0,0,0,0,0,0,0,0,0,0,0,0,0,0,0,0,0,0,-0.425360313056875,0,0,0,0,0,0,0,0,0,0,0,0,0,0,0,0,0,0,0,0,0,0
0,0,0,0,0,-0.144375639768837,0,0,0.870113483567493,0,0.668086543437465,0,0,0,0,0,0,0.553691495884038,0,0,0,-0.121137886616612,0,0,0,-2.53332191074366,0,0,0,0,0.114480073701688,0,0,0,0,0,0,0,0,0.0567082322592698,0,0,0,0,0,0,0.251578008971108,0,0,0,0,0,0,0,0,0.00713154662803728,-0.456039442666499,0,0,0,0,0,0,0,0,0,0,0,0,0,0,0,0,0,0,0,0,0,0,0,0,0,0,0,0,0,0,0,0,0,0,0,0,0,0,0,0,0,0,0,0,0,0,0,0,0,0,0,0,0,0,0,0,0,0.219639146943631,0,0,0,0,0,0,0,0,0,0,-0.369291530612017,0,0,0,0,0,-0.470294111414091,0,0,0,0,0,0,0,0,0,0,0,0,0,0,0,0,0,0,0,0,0,0,0.496307985679251,0,0,0,0,0,-0.94098804988847,0,0,0,0,0,0,0,0.518171480129363,0,0,0,0,0,0,0,0,0,0,0,0,-0.845227797687673,0,0,0,0,-0.0464841754300465,0,0,0,0,0,0,0,0,0,0,0,0.253965521645018,0
0,0,0,0,0,0,0,0,0,-0.483535034284177,0,0,0,0,0,0,0,0,0,0.319781507507113,0,-0.484143859951298,0,0,0,0,0,0,0,0,0.300107127528295,0,0.171356500811179,0,0,0,0,-0.454924766148974,0,0,0,0,0,0,0,0,0,0,0,0,0,0,0,0,0,0,0,0,0,0,0,0,0,0,0,0,0,0,0,0,0,0,0,0,0,0,0,0,0,0,0,0,0,-0.319127600568718,0,-0.0820764039847872,0,0,0.0218178672971354,0,0,0,0,0,0,0,0,0,0,0,0,0,0,0,0,0,0,0,0,0,0,0,0,0,-0.436141979926395,0.569208492110273,0,0,0,0,0,0,0,0,0,0,0,0,0.0135899637183077,0,0,0,0,0,0,0,-0.0823726317376132,0,0,0,0,0,0,-0.0912897904561862,0,0,0,0,0,0.132607181045596,0,0,0,0,0,0,0,0,0,0,0,1.65770959990844,-0.650402412606956,0,0,0,0,0,0,0,0,0,0,0,0,0,0,0,0.131333103449409,0,0,0,0,0,0,0,0,0.621796676664682,0,0,0,0,0,0,0.226169949129094,0,0,0,0,0
0,1.24812115654226,0,0,0,-0.741899359470974,0,-0.75187009952829,5.60134569736341,-1.31511334882338,0,-0.524062586590954,0,0,0,0,0,1.57489743159421,0,-3.68558805472186,0,-0.147130399704519,0,0,0.803860708241196,0.711684883338444,0.753835273053322,-2.48456050166476,0,0,0,0,0,0,0,0.904867870212121,-1.50152414322972,0,0,0,0,0,27.4584991262724,0,0,0,0,0,0,0,0,0,0,0,0.195946799499912,0,0,1.38035595031404,0,0.681190654010213,0,-2.03986844212898,0,0,0,0,0,0,0,0.0607178975533404,0,0,0,1.12794960041269,1.56599348139633,0,0,0,-1.05970233121958,0,0,0,4.98283070123067,-1.16247546784526,2.31306407323782,0,0,-0.240648325972447,0,0,0,0,0,-0.543683839525371,0,0.32259130805308,-0.517297035840451,0,0,0,-0.784372964179872,0,-0.535174233511123,0,0,0,0,0,0,0,0,0,0,0,0,0,0,0.493661089602144,0,0,0,0,0,0,0,0,0,0,0.872907353445261,0,0,2.3359926493671,0,0,0,0,0,0,0,0,0,0,0,0,0,0,0,0,0,0,0.375940486079739,0,0,0,0,0,0,0,0,0,0,0,0,0,0,0.263835110826738,0,0,0,0,0,0,0.336059485979084,0,0,0,0,0,0.343063952213859,0,0.807717486590602,0,0,0,-2.50365936304319,0.0971641222071935,0,0,-0.190632705189047,0,-0.65688921959126,0,0,0.577973031643053,0,0,0,0,0,0
0,0,1.2215019825041,0,0,0,0,-1.23815191500071,0,0,0,0,0,0,0,0,0,0,0,0,0,0,0,0,0,0,0,0,0,0,0,0,0,-0.238424848247573,0,-0.137826130103747,0,0,0,0,0,0,0,0,0,0,0,0,0,0,0,0,0,0,0,0,0,0,0,0,0,0,0,0,0,0,0,-0.240281254043741,0,0,0,0,0,0,0,0,0,0,0,0,0,0,0,0,0,0.0568868058695657,0,0,0,0,0,-0.368111728806543,0,0,0,0,0,0,1.69759943325622,0,0,0,0,0,0,0,0,0,0,0,0,0,0,0,0,0,0,0,0,0,-0.684296030403078,-0.339468865272665,-0.965579517395004,0,0,0,0,0,0,-0.0154066107442092,0,0,0.28876182232853,0,-0.0790293909691733,0,0,0,0,0,0,0,0,0,0,0,0,0,0,0.389160286054186,0,0,0,0,0,0,0,0,0,0,0,-0.0203078860238863,0,0,0,0,0.10152239928447,0,0,-1.2816433184721,0,0,0,0,0,0,0,0,0,0,0,0,0,0,0,0,0,0,0,0,0.17073273894814,0,0,0,0,0,0,0,0,0
0,0,0,0,0,0,0,0,0,0,0,0,0,-0.0916242005602719,0,0,0,0,0,0,0,0,0,0,0,0,0,0,0,0,0,0.632405549541126,0,0,0,0.149262097618522,0,0,0,0,0,0,0,0,0,-0.752905166241992,0,0,0,0,0,0,0,0,0,0,0,0,0,0,0,0,0,0,0,0,0,0,0,0,0,0,0,0,0,0,0,0,0,0,0,0,0,0,0,0,0,0,0,0,0,0,0,0,0,0,0,0,0,0,0,0,0,0,0,0,0,0,0,0,0,0,0,0,0,0,0,0,0,0,0,0,0,0,0,0,0,0,0,0,0,0,0,0,0,0,0,0,0,0,0,0,0,-0.886211561294129,0,0,0,-0.583336294787154,0,0,0,0,0,0,0,0,0,0,0,0,0,0,0,0,0,0,0,0,0,0,0,0,0,0,0,0,0,0,0,0,0,0,0,0,0,0,0,0,0,0,0,0,0,0,0,0,0,0,0,0
0,0,0,0,-0.749847114963861,0,0,0.334356324067799,0.355957383704991,0,0,0,0,-0.332968260191158,0.424728904990812,0,0,0,0,0,0,-0.556371932029519,0,0,0,0.666516663550391,-0.209974798000381,0,0,0,0,0,0,-0.776459807063092,0,0.210727383012216,-1.32962805462199,0,0,0,0,0,0,0,0,0,0.0107095669404282,0,0,0,0,0,0,0,0.177469877574731,0,0,-0.0441853316088379,0,0,0.10943616093247,0,-0.20042827987743,0,0,-0.519931631049336,0.285959049100846,0,0,0,0,0,-0.242110098086779,0,0.826890311593462,0,0,-0.102963321958356,0,0,1.32421701543449,0,0,0,0,0,0,0,0,-0.348316669274561,0,0,0,0,0,0,-0.83111046680215,0,-0.0107898535715409,0,0,0,0,-0.325278912546064,0,0,0,0,0.341740504348742,0,0,0,0,0,0,0,0,0,0,-0.875226850586987,-0.171917662854686,0,0.0924878955459534,0,0,0,0,0,0,1.46505255886543,0,0,0,0,0,0,0.338992644469489,6.79794998697789,0,0.419772984674493,0,-0.651521566117146,0,0,0,0,0,-0.0455298590070277,0,0,0,0,0,0,-0.673147650042914,0,0,0,0,0,0,0,0.333556676139215,0,0,0,0,-0.836860841876158,0,0,0,0,0,0,0,0,-1.04466336778843,0.226939985092428,0,0,0,0,0,0,0.450981845718815,-0.8087437610515,0,0,0,0,0,0,0,0,0,0.409998225897049,0,0,0,0
0,0,0,0,0,0,1.18475205929489,0,0,0.082089337330592,0,-0.589615023968395,0,0,0,0.06524724108785,0,0,0,0,0,0,0,0,0,0,0,0,0,0,0,0,0,0,0,2.4891841444137,-1.09272505461244,0.62708841284235,0,0,0,0.084743641120665,0,0,0.519312481560836,0,0,0.154364754053414,0,0.960621272080967,0,0,0,0,0,0,0,-0.498286311420521,0,0,0.477524796738207,1.43312924149678,0,0,0,-0.32220991381829,0,0,1.70174875316535,0,0,0,0,-0.758394133262138,0,0,0,0,0,0,0,0,0.69342103188516,0.111192761561923,0,0,0,0,0,1.44142573424756,0,0,0,0,0,0.770176759612791,0,0,0,0,2.07168214475089,0,0,0,-0.497835315539527,0.658287175648683,0,0,0.472896073670594,0.284231872928006,0,-0.892073756873424,0,0,0,0,0,0,0,0,0,0,0,0,0,0,0,0,0,0.110905787670905,0,1.01372335745404,0,0,0,0,0,0,0,0,0,1.08559568268481,0,0.774050188537798,0,0,0,-0.455056330024234,1.41169796864998,-6.57262792751708,0,0,-2.5598392275025,0,0,0,0,0,0.724300354486343,0.973721457406298,-0.898652683815757,-0.227860015354803,0,0,0,-0.755705784265733,0,0,0,-0.331538517803678,0.979930182328457,0,0,0,0,1.20650025288558,-2.09858934461288,8.76836502591157,0,0,-0.972978069456639,-0.181912911217201,0,0,0,0.317584165863596,0,0,0,0,0,0,0,0,-2.54825304833896,0,0,0,0,-0.847962809179069
3.62186004987997,-0.923612161013116,0,0,0,0,0.560385351795092,0,0,0,0,0,0,0,0,0,0,1.44844130281401,0,0.288708329770171,-0.468487558528736,0,0,0,9.50788904566514,0,0,0,-0.173529447801051,-2.13472705144542,-0.921839847437907,0.181247893067901,0.031395105082245,0,0,0,-0.121382612114111,0,0,0,0,0,-2.95586349892445,0,0,0,0,0,0,0.0648911934404914,0,0,0,0,0,0,-0.167899850383633,0,0,0.259988557238041,0,0,-0.443564052086193,2.66007032510108,0,0,0.661269226902536,0,0,0,0,0.195791496378892,0,0,0,-1.12361839560452,0.976081060677251,0.0751850547027004,0,0,0,0,0,0,0,0,0,-2.18112756933224,0,0,0,0,0,0,0,1.04710515259606,0,0,0,0.454327147856327,0,-1.13558698493364,0.064246986871564,0.0648456225483287,0,0,0,0,0,0,0,0,0,0,0,0,-0.104228211611926,-0.738827444402835,0,1.37902094393236,0,0,0,0,0,0,0.692056829944384,0.0278597648919436,0,0.0673648665250233,0,0,1.58497195113721,0,-1.07191941614542,1.30312316192609,0,0,2.57182900947164,0,0,0,0,0,-0.0928758519492903,0,0,0,0.382347335984245,0,0,0,0,0,0,0,0,0,0,0,0,0,0.0170320429615258,0,0,0,0,0,-0.187556520129008,0,-0.745093087501945,0,0,0,0,0,0,0,0,-0.316126182488826,0,-1.6572137196169,0,0,0,0,0,0,0,0,0,0,0,0,0.909505277944027,0,-0.0768091173930949,0,0,0
0,0,0,0,0,0,-0.82442078134272,0,0,0,0,0,0,0,0,0,0,0,3.70749938055631,0,0,0,0,0,0,0,0,0.123722393432704,0,0,0,0,0,0,0,0,0,0,0,0,0,0,0,0,0,0,0,0,0,0,0,0,0,0,0,0,0,0,0,0,0,0,0,0,0,0,0,0,0,0,0,0,0,0,0,0,0,0,0,0,0.305663460945809,0,0,0,0,0,0,0,0,0,0,0,0,0,0,0.406592204848209,0,0,0,0,0,0,0,0,0,0,0,0,0,0,0,0,0,0,-0.00298257856812789,0,0,0,0,0,0,0,0,0,0,0,0,0,0,-0.290864824442383,0,0,0,0,0,0,0,0,0,0,0,0,0,0,0,0,0,0,0,0,0,0,0,0,0,0,0,0,0,0,0,0,0,0,0,0,0,0,0,0,0,0,0,0,0,0,0,0,0,0,0,0,0,0,0,0,0,0,0,0,0,0,0,0,0,0,0,0,0,0
0,0,-0.15401785485157,0,0,0,-0.473322982436464,0,0,0,0,0,0,0,0,0,0,0,0,0,0,0,-0.133864350001229,0,0,0,0,0,0,0,0,0,0,0,0,0.364909360959051,0,0,0,0,0,0,0,0,0,0,0,0,0,0,0,0,0,0,0,0,0,0,0,0,0,0,0,0,0,0,0,0,0,0,0,0,0,0,0,0,0,0,0,0,0,0,0,0,0,0,-0.0615800058325819,0,0,0,-4.2127375451902,0,0,0,0,0,0,0,0,-0.41858054452763,0,0,1.33058905885021,0,0,-0.515255873937376,0,0,0,0,0,0,0,0,0,0,0,0,0,0,0,0,0,0,0,0,0,0,0,0,0,0,0,0,0,0,0,0,0,0,0,0,0,0,0,0,0,0.228972553555833,0,0,0,0,0,0,0,0,0,0,0,0,0,0,0,0,0,0,0,0,-0.459431746208103,0,0,0,0,0,0,0,0,0,0,0,0,0,0,0.106426036878198,0,0,0,0,0,0,0,0,0,0,0,0,0,0,0,0
0,0.478344864979995,1.0165955197276,0,0,0,0,0,0,-1.61957631310174,0,0,0,0,0.136648850128256,0,0,0,0,0,0,0,0,0.472373134603113,0,0,0,0,0,0,0,0,0,0,0,0,0,0,0,0,0,0,0,0,0,0,0,0,0,0,0,0,-0.104892532050255,0,0,0,0,0,0,0.0310059166558807,0,0,0,0,0,0,0,0,0,0,0,0,0,0,0,0,0,0,0.104828154911256,0,0,0,0,0,-0.28413062021574,0,0,0,0,0,-6.20571486383154,0,0,0,0,0,0,0,0,0,1.10551996758371,0,0.0390316006064304,0,0,0,0,0,0,0,0,0,0,-0.122194309708061,0,0,0,0,0,0,0.445959854300428,0,0,0,0,0,-0.564197071468723,0,0,0,-0.614637269355888,0.701696761934774,-0.343440095942256,0,-0.150800160788095,0,1.0583062861931,0,0,0,-0.536097565417816,0,0,0,0,0,0,0,0.0118464258561291,0,0,0,0,0,0.226378728092665,0,0,0,0,0,0,0,0,0.437596534523397,0,0,-0.843022554885715,0,-0.259711551424717,0,0,0,0,0,0,0,0,0,0,0,0,0,0,0,0,0,0,0,0,1.16686452817538,0,0,0,0,0.799386273566216,0,0,0,0,0
0,0,0,0,0,0,0,0,0,0,0,0,0,0,0,0,0,0,0,0,0,0,0,0,0,-0.93363080312367,0,0,0,0,0.376022594927425,0,0,0,0,0,0,-0.659879184316297,0,0,0,0,0,0,0,0,0,0,0,0,0,0,0,0,0,0,0,0,0,0,0,0,0.757903538279073,0,0,0,0,0,0,0,0,0,0,0,0,0,0,0,0,0,0,0,0,0,0,0,0,0,0,0,0,0,0,0,0,0,0,0,0,0,0,0,0,0,0,-0.285643699531006,0,0,0,0,0,0,0,0,0,0,0,0,0,0,0,0,0,0,0,0,0,0,0,0,0,0,0,0,0,0,0,0,0,0,-0.574365392996837,0,0,0,0,0,0,0,0,0,0,0,0,0,0,0,0,0,0,0,0,0,0,0,0,0,0,0,0,-0.207090684193418,0,0,0,0,0,0,0,0,0,0,0,0,0,-0.246152772553842,0,0,0,0,0,0,0,0,0,0,0,0,0,0,0.0436285186258218,0
0,0,0.175601662816844,0,0,0,0.112623228723005,0.00013803214984498,0,0,0,0,0,0,0,0,0,-0.180830546126646,0,0,0,0,2.37555842006086,0,0,0,0,0,-1.68841602097248,0,0,-0.16885388665129,0,0,0,0,0.40873486754121,1.76435919905996,0,0,0,0,0,0.680473005432373,0,0.283553103890911,0,0,0,0,0,0,0,0,0,0,0,0,0,0,0,0,2.89301538945672,0.831604948416061,0,0,0,0,0,0,0,0,0,0,0,0,0,0.582057808122837,0,0,0,-0.00308656926338235,0,0,0,0,0,0,0.277924539260405,-0.36767337433435,0,-2.03664917621746,0,0,0,0,0,0,0.114833718001628,-0.725651110539006,0,0,-0.0899681028983479,0,0,0,0,0,0,0,0,1.55119439563387,0,0,0,0,0,-0.324299857449481,0.0386351634471125,0,0,0.513857981765603,0,0,-1.42148845750929,0,0,-0.111725763520926,0,0,0,0,0.246100484247854,0,0,-0.550223822523919,0,0,0,0,0.0379403350360015,0,0,-1.97516543800915,0.864924739814009,0,0,0,-0.122635513320081,0,0,0,0,10.0379629594693,-1.51363328804157,0,0,0,0,1.94043283892147,-0.281045206727166,-0.00288389239570686,0,0,0,0,0,1.29505631513815,0.735243926953101,0,0,0,0,-2.16263113940962,1.22907517409291,-1.69195021465513,0,0.063343811648519,-1.67833496857311,0,0,0,-0.567321144699083,0,0,0,0,0,0,0,0,0,0,0.167081461504243,0,0,0,0,0,0
0,0,0,0,0,0,0,0,0,0,0.646654785815343,0,0,0,0,0,0,0,0,0,0,0,0,0,0,0,0,0,0,0,0,0,0,0,0,0,0.0400814349480476,-0.085694574631511,0,0,0,0,0,0,0,0,0,0,0,0,0,0,0,0.186312353396041,0,0,0,0,0,0,0,0,0,0,0,0,0,0,0,0,0,0,0,0,0,0,0,0,0,0,0,0,0,0,0,0,0,0,0,0,0,0,0,0,0,0,0,0,0,0,0,0,0,0,0,0,0,0,0,0,0,0,0,0,0.523555231264925,0,0,0,0,0,0,0,0,0,0,0.0796383682460213,0,0,0,0,-1.75069416439883,0,0,0,0,0,0,0,0,0,0,0,0,0,0,0,0,0,0,0,0,0,-0.16395300438601,0,-0.435131417012905,0,0,0,0.0524009232040878,0,0,0,0,0,0,0,0,-0.0445871567629696,0,0,0,0,0,0,0,0,0,0,0,0,0,0,0,0,0,0,0,0,0,0,0,0,0,0,0,0,0,0,0,0
0,0,0,0,0,0,0,0.354539718135315,0,0,0,0,0,0.189992590383266,0,0,0,0,0,0,0,0,0,0,0,0,0,0,0.661650109710479,0,0,0,0,0,0,0,0.184189501281625,0,0,0,0,0,0,0,0,0,-1.17122042462142,0,0,0,0,0,0,0,0,0,0,0,0,0,0,0,1.49248973496836,0,0,0,0,0,0,0,0,0,0,0,0,0,0,0,0,0,0,0,0,0,0,0,0,0,0,0,0,0,0,0,0.327604592903197,0,0,0,0,0,0,0,0,0,0,0,0,0,0,0,0,0.0450790206640876,-0.137900578608551,0,0,0,0,0,0,0,0,0,0,0,0,0,0,0,0,0,0,0,0,0,0,0,0,0,0,0,-0.324939331604121,0,0,0,0,0,0,0,0,0,0,0,0,0,0,0,0,0,0,0,0,0,0,-0.11915683025032,0,0,0,0,0,0,0,0,0,0,0,-0.728433807531945,0,0,0,0,0,0,0,0,0,0,0,0,0,0,0,0,0,0.618668189593446,0,0,0,0,0,0
0,0,0,0,0,0,0,0,1.90891576451228,-0.254447424648061,0,0,0,0,0,0,0,0,0,-0.236756690838973,0,0,0,0,0,0,0,0,0,0,0,0,0,-0.0632346625609614,0,0,0,0,0,0,0,0,0,0,0,0,0,0,0,0,0,0,-0.0664779143881971,-0.204328441682424,0,0.26650813049241,0,0,0,0,0,0,0,0,0,0,0,-0.155886571446532,0,0,0,0,0,0,0,-0.0681927195246916,0,0,0,0,0,0,0,0,0,1.03166667951227,0,0,0,0,0,0,0,-0.237899499783142,0.156442686366247,0,7.51532659270448,0,0,-0.151359114328987,0.170884928251999,0,0,0,0,0,0,0,1.64180896928205,0,0,0,0,-0.465350262209878,0.0130690062098286,0,0,0,0,0,0,0.0805030932755468,0,0,0,0,-0.968079162314497,0,0,0,0,0,0,0,0,0.0634375442441579,0,0,0,0,0,0,0.0169765645874571,0,0,0,0,0,0,0.454347032462894,0,0,0,0,0,0,0,0,0,0,0,0,0,0,0,0,0,0,0,0,-0.0620387194561978,0,0,0,0,0,0,0,0.400529454373786,0,0,0,0.133352434064687,0.103065741098937,0,0,0,0,0,0,0,0,0,0,0,0,0,0.964393627981095,0,0
0,0,0,0,0,0,0,0,0,0,0,0,0,0,0,0,0,0,0,0,0,0,0,0,0,0,0,0,0,0,0,0,0,0,0,0,0,0,0,0,0,0,0,0,0,0,0,0,0,0,0,0,0,0,0,0,0,0,0,0,0,0,0,0,0,0,0,0,0,0,0,0,0,0,0,0,0,0,0,0,0,0,0,0,0,0,0,0,0,0,0,0,0,0,0,0,0,0,0,0,0,0,0,0,0,0,0,0,0,0,0,0,0,0,0,0,0,0,0,0,0,0,0,0,0,0,0,0,0,0,0,0,0,0,0,0,0,0,0,0,0,0,0,0,0,0,0,0,0,0,0,0,0,0,0,0,0,0,0,0,0,0,0,0,0,0,0,0,0,0,0,0,0,0,0,0,0,0,0,0,0,0,0,0,0,0,0,0,0,0,0,0,0,0,0,0,0,0,0,0
0,-0.227287589142132,0,0,0,0.473152161393761,0,0,0,0,0,0,0,0,0,0,0,0,0,0,0,0,0,0,0,0,0,-0.331276495046788,0,0,0.800092005313953,0,0,0.448999687431251,0,0,0,0,0,0,0,0,0,0,0,0,0,0,0,0,0,0,0,0,0,0,0,0,0,0,0,0,0,-1.14179076843459,0,-0.700694028570211,1.98907112101905,0,0,0,0,0,0,0,-0.518262743437052,0,0,0.0382687001003712,0,0,0,0,0,0,0.353074961651621,0.42519154902396,0,0,0,0,0,-0.113823479794785,0,0,0,0,0,0,0,0,0,0,0,0,0,0,0,0,-0.715976000395352,0,0,0,0,0,-0.482118008411134,0,0,0,0,0,0,0,0,0,0,0.506255194802999,-2.36840486406087,0,0,0,0,-0.211828566443131,0,0,0,0,0,0,0,0,0,0,0,0,0,0,0,0,0,0,0,0,0,0,0,-2.07270106168839,0,0,0,0,0.72184334947594,0,0,0,0,0,0,0,-0.304269166951774,0,0.446227207468823,0,0,0,0,0,0,0.0942490322036087,-0.583860869059347,1.37159004093488,-0.724276796667859,0,0,0,0,0,0,-2.37503733245527,0,0,0.197884575875917,0,0,-0.116595061422343,0,-7.63281798846537,0,-1.94183121147292,0,0
-0.0586823068973863,-1.12003988188819,0,0,1.04860539052184,0,0,0,0,0.675466862195653,0,0,0,0,0,0,0.040412148522355,0,0,0,-0.505663608017255,0,0,0,1.71742732295622,1.01668041159641,0,0.483542043125647,0,0,0,0,-0.8394174686024,-3.12912010835136,0,-2.13236240874867,0,0,0,0,0,0,0,0,0,4.25748821387849,0,0,0,0,0,0,0.851796327984354,0.851570587209126,0,0,0.0382680845790082,0,0,-0.234057208306257,0,0.270953841592972,0,-3.83465944979402,0,0,0.0694512100690479,0,0,0,0,0,-0.234650760832061,0,0,0,0,0.111615625565095,0,0,0,0,0,-0.842053271787726,0.361762648386158,2.4150527229734,0,1.80300651197459,0,0,0.0577610478213195,0.253475258209174,0,0,0,0,0,0,-0.152246442161039,0,0,0,0,0.143429937731605,0,-2.55872214243584,0,0,0,-0.0724091969391281,0,0.324748922122745,-0.00259375322417621,0.985995611754577,-1.51821139469901,0,0,-3.71541246410666,0,0,0,1.41092199694478,0,0,0,0,0,0,0,-0.169798875673985,0,0,0,0,-0.0522377483780554,0,0,-0.0580734353845467,0.141810452379449,0.316646255524471,0,-0.0855813129444289,0,0,0,0.593771739528391,0,-0.429469825530708,0,0,0.533304491574404,0.375623199101814,0,0,0,0,0,0,0.123311128998849,0,0,0,-0.475573946363096,-1.31812209801921,0,0,0,0,-0.916934544682454,0,0,-0.0865162996618833,0,0,0,0.66035095200681,-0.786141737834101,-0.156111849730577,0,0,0,2.29941750090312,0,0,0,0,0,0,0,-0.2011997907372,0.310325649520452,0,0,0,0,-1.09410041227721,0.072442013667853,0,2.13479556543994,0.967235408261216
0,0,-0.742574574217475,0.379201369204249,0,-1.14728694141442,0,0.65659591959267,0,0.188558407379481,-2.90838881891528,0.234521543642934,-2.00135229453124,0,0,0,0,0.483435057544156,0,-1.45928852199559,-1.21482237877035,0,0,0,0,-10.4686241294925,0,0,0,0,0,0,0,0,0,0,0,0,0,0,0,0.639319751832205,0,0,2.51135129498096,-2.32027327361228,0,0,0,0.975436785723084,0,0,-0.0707092261542366,-1.68875233562056,0,0,0.323976512062541,-0.569345816105214,0,0,0,-0.426447347861742,0,0,2.4468708648879,-2.58464625807877,0,0,0,0,0.0859082294423226,0,0,-1.14888865801332,0,0,-0.123642447893914,0,-0.242841126956369,0.350785619595656,0,0,-1.28993453260775,0,-0.565099127344957,0,0,1.831253917638,-0.120739701974176,-3.05954547871169,0,0,-1.55494142547664,0,1.17528040689,0,0,0,0,0,0,0,0,0,0,-5.03494362291874,0,0.0939947625856297,-1.15425796087987,0,0,0,0,0,0,-0.0831772616264606,0,0,0.164040305892524,0,0.653578809139049,0,0,0,0,0,0.351321608934807,0,-0.706187305597508,-1.01899538096155,0,0,0,0,0,-2.3169914126671,0,0,0.121839177796041,3.6123194327994,1.79496160007375,-1.29660709183761,1.21148231378558,0,0,0,0,-0.687244527574186,0,0,0,0,0,0,0,-0.509695931871756,-0.0508899863159324,0,0,0,0,0,0.448468713561774,0,0,-0.0703364688273922,0,0,-1.10951698356245,0,0,0,0,0.226194518520256,-1.74640280951178,0,0.858566292686388,0.127698633137718,1.02815379243871,0,0.405149504867556,-1.5273478441032,0,0.227425402551342,0,-1.03551626264229,0.823976195981882,0,0,0.590072768791357,0,0,0,0,0,0,0.0712405505724598,0,1.68165367086225,0
0,-0.348185167436005,-1.80738625365134,0,-0.125233126357152,0,1.36094041859219,0,-1.06989219383373,0,0,0,0,-0.28096258706799,0,0,0,0,0,0,0,0,0,0,0,-1.51886306885868,0,0,0.284541594354425,0,0,0.0445726358491141,0,0,0,0,0,0.799865094090561,0,0,0,0,0,0,0,0,0.198642152498128,0,0,0,0,0,-1.22537337635411,0,0,-0.356820345443217,-1.12538309905098,0,0,0.683600869205115,0,0,2.45660535986583,0.418228245649125,0,-0.834803110764206,0,0,0,0,0,0,0,-0.0176064093606529,0,0,0,-2.31579219065901,0,0,0,0,0,0,0,0,0,0.0261549152788871,-0.353227225282985,0,0.324235844440292,0.271080796460947,0,0,0,0,0,0,0,-0.0204142980293542,-0.370203649865981,0,0,0,0,0,0,-2.01634993439518,0,0.250295304772288,0,0,0,0,0,0,0,0,0,0,0,0,0,0,0,0,0,-0.142133530288896,0,0,0,0,0,0,0,-0.217320349982543,0,0,0,0,0,0.343694097496599,0,0,0,0,0,0,0,0,0,0,-0.10923329418441,0,0,0,0,0,0,0,0,-0.212287035928623,0,0,0,0,0,0,0,0,-0.349582658815514,0,0,0,0,-0.28282379666404,0,0,0,0,0,-1.71172186214847,0,0,0.544553384627126,0,-0.77318690981093,0,0,-0.564180852988371,0,0,0,-1.42466418024712,0.924931339227806,0,0,0,3.29407223748776,-2.43855880631338
0.606119390290991,0,0.59489001485473,0,-1.58697009963816,0.216234635964361,2.67313457940819,0,0.189828588845233,0,0,-1.19842287700599,0,1.03531186254242,0,0,1.00452611788876,-0.691370421892864,0,0,0,0,0.249785388092899,0,0,0,0,0.877272393633922,0,0,0,1.21056094145331,0,0,0,-0.850363799763534,-0.794286954448128,-1.31195132867024,0,0,0,-0.0112485640663778,0,0,1.70500138157218,0,0,0,0,0,0,0,0.426094991991613,0,0,0,0,0,0,0,0,0,0,0,0,0,0,0,0,0,0,0,0,-0.184828308906584,0,0,0,1.76688800896733,1.49231109661288,0,-0.121646502200787,0,0,-1.38578322647893,0,0,0,0,-0.957697723910378,0,0,0,0,-0.318706784398019,0.50256486278316,1.65697210120171,0,0,0,0,0,0,0,0,0,0,0,0,-0.525635548996607,0,0,0,0,0,-0.878870242098912,0,0,0,0,-0.355076534981421,-0.525582979079749,0,0.084504791053112,0,0,-1.40443791394927,-1.1565398736117,0,-0.431957634223964,0,0,0,0.189544594284539,0,0,-0.45327215373174,0,0,0,0,0,1.84876870828623,0,0,0,0,-0.185705315870616,0,0,0,0,0,0,0,0,7.68914521001616,0,0,0,-1.15565539096214,0,-0.82558042723839,0,0,-26.6637969186199,0,0,0,0,0,0,0,0,-0.698007555542616,0.652548250424934,-1.45213847871529,0,0,0,0,0,0,0,0,0,-0.0411943949216085,1.96753666548344,0,0,0.575432230604465,0,0,0,0,0,-1.2118709815305,0,1.81627439089976,-0.185545963228544,0
4.02512119478763,0.956818835494207,0,0,0,0,0,0,0,0,0,0,0.585038167709255,0,0,0,-0.963062487061672,0,0,0,0.935124425215036,0,-0.0319256117186519,0,-5.86183536746729,0,0,0,0.222672027297517,-0.20381673647213,0.95828873602672,0,0,0,0,0,0,0,0,0,0,0,0,0,0,0,-1.93866850717682,0,0,0,0,0,0,0,0,0,0.481915418036398,0.462600416752827,-0.336109122332933,0,0,0.00942270492481301,1.02568871865748,0.916336743035119,0,-1.94523463581572,0,0,0.225477767173274,0,0,0,0,0,0,0.215650083270524,0,-0.642010600731082,0,-0.549173707190953,0,0,-1.47694250352968,1.72428005850237,0,0.0724471667946731,0,0,0.420652425832533,-0.57251953642683,0,0,0.380339664210663,0,-1.96342463144463,0,0,0,0,0,0.0226685021249711,0,0,0,0,0,0,-1.13289768780019,0,0.969896341910389,-0.0865715077950959,0.885063361776604,-0.0492566375969306,0,0,0,0,0,0,0,0,-0.690010881609413,0.255795887139545,0,0,0,0,0,-0.409173759975449,0,0,0.508043642160721,0,0,0,0,0,0,12.3022738308439,0,0,-1.00613501909095,0,0,0,0,0,0,0,0,0.89926547334014,0,0,0,0,0,0,0,0.126491061127215,0,0,0,0,0.189970247485188,0,0,0,0,-1.76865713421413,0,0,0,0,0.339022445486125,0,-0.227207409747154,0,0,0,0,0,0,0,0,0,0,0,0,0,0,0.395500703525876,0,0,0,1.35287954906239,0,-0.14109692208213,0,0,0
0,0,0,0,5.83843748171226,0,0,0,0,0,0,0,0,0,0,0,0,0,-0.829498533890933,0,0,0,0,0,0,0,0,0,0,-0.0763503518131425,0,0,0,-0.694958232519655,0,0,0,-1.51522446322256,0,0,0,-1.28712035816559,0,0,0,0.132107524776147,0,0,0,-0.437882480415736,0,0,0,0,0,0.529597322358081,0,0,-0.0429818165652647,0,0,0,0,0,1.24566925347948,0,0,0,0,0,-0.0402303018521648,0,-0.958486683809248,0,0,0,0,0,0,0,0,0,0,0.763152107737245,0,0.34263990082687,0,0,0,-0.990381509505259,0,0,0,0,0,0,-0.212220510138011,0,0,0,0,0,0,0,0,0,0,-1.30424274194094,0.51152386023776,0,0,-0.0657595892575438,0,-0.378308169446552,0,0,0,0,0,0,0,0.861004793990822,0,0,0,0,-0.00257918817970415,0,0,0,0,0,-1.26013222441201,0,0,0,0,-0.0777044102292399,0.312962438963158,0,0,0,0,0,0,0,0,0,0.190082921453575,0,0,0,0.529702760423667,0,0,0,0,0,0,0,0,0,0,-0.913176521692659,0,0,0,0,0,-5.11404759372552,0,0,0,0,0,0,0,0,0,0,0,0,0,0,0,0,0,0.454086710519485,0,-2.42455504938346,0,0,0,0,0,0,0,0,0,0.220170031926225
0.345192855868711,0,0,0,0,-0.329986002024597,0.111695806739797,-1.69587398295453,0,-0.480395277946408,0.68947704455345,0,0.902511632066788,0,0,0,-0.0512189126333433,0,0,0,0.335225496794286,0,0,0,0,0,0,0,-6.5387360645877,0,0,0,0,0,0,0,0,0,0,0,0,0,0,-1.47207730040464,0,0,1.63305378980382,0,-0.36180941487305,0,0,0,0,0.246375125346838,0,0,0,-3.76761250340906,0,0,0,0,6.17628226855556,0,-0.342320145600677,0,0,0,0,0,0,0,0,0,0.258298526773309,0,0,0,0,0,0,0,0,0,0,0,0,0,0,0,0,0,0.473254301747793,0,0,0,0,0,-0.400988639042465,0,0,-1.47420075084889,0,0,-0.0303902288873639,0.858393489529321,0,0,0,0,0,0,0,-1.03059133762828,0,0,0,0,0,0.166632074823768,-2.09433800391973,0,1.35633681495145,0,0,1.05015577326665,0,0,0,0,0,-0.696134830363139,0,0,0,0,0,0,0,0,0,0.563576278476077,-0.86540245113919,-0.293556771814001,0,0,0,-1.01400596504443,0,0.995234173900592,-1.20139925244901,0,0,0,-1.03904692184159,0,-0.255293178587793,0,0,1.45161868931682,0,0,0,0,0,0,0,-1.75134972366526,0,0,0,0,-0.654068768331045,0.383920586325626,0,-3.10594467974748,0.67086618100409,4.04829842933209,0,0,0.1962844266285,-1.34424561229039,0,0,-1.61093055225771,0,0,0,0,0,-3.38783132436786,0,0,-0.193219800633812,0,0,0,0,0,0
0,0,0,0,0,0,0,0,0,0,0,0,0,0,0,0,0,0,0,0,0,0,0,0,-0.122235385860374,0,0,1.28931956769104,0,2.42123488210298,0,0,0,0,0,0,0,0.853964740305925,0,0,0,1.17357983834021,0,0,0,0,0,0,0,0,0,2.90207910879669,0,-0.0718161927820877,0.426635138517501,0,-0.161005921200543,3.91204013857658,0,0,0,0.250699135848742,-0.168790492220453,2.97875181592399,0,0,0,0,-0.81166537923963,0,0,0,0,0,0,0,0,-3.79446913878664,4.90656114957119,0,-0.414044938854511,0.632910586096964,0,-1.75756543048109,0,0,-0.875160658237346,-0.0704283640357686,0,0,0,0.567864676229679,-0.279792188115413,0,0,0,0,1.1713342218246,-1.25013561361248,0.50373377740167,-0.566641899749388,0,0,0,0,0.381317960115839,0,0,0,0,0,0,-0.0955348180366486,-5.85644376533967,0,0,0,0,0,0,0,-1.02996933052148,0,0,0,0,0,-0.288526145885298,-0.688131572722265,0,0,0,0,0,-0.338089299589148,0.0893900195422894,6.37288213913332,-1.05979496429901,0,0,0,2.89117825629624,0,0,0,0,0,0,0,0,0,0,0.490546303410292,0,0,2.572275498004,0,0,0,2.14492359155406,0,0,-0.338284300712823,0,0,0,0,0,-1.03518167100287,0,0,0,-0.200237213133235,0,0.164765174032803,0,0,0,0,0,0,0,0,0,0,-0.184239532489801,0.696372183498774,0,0,-0.0727902340499045,0,0,0,0,0,-2.56476271898619,0.440863148391828,0,0,0.152465871180043
0,0,0,0,-0.101541159799021,0.798625094997575,0,0.476025730298409,0,-1.07896337250683,0,0,0,0,0,0,0,-1.26971533665878,0,0,0,0,0,0,0,1.20214350715315,0,0,0,0,0,0,0,1.59994834528957,0,0,0,0,0,0,0,0.116954873707438,0,0,0,0.0587999510811708,2.16933886334927,0,0,0,0.416609685807925,0,0.00786232563760447,0,0,0,0,0.321053590576838,0,-1.3702151132495,0,0,-0.152870955118393,0,0,0,0,-2.19493317028531,0,0,0,0,0,0,0,0,0,0,0,0,0,0,-0.251579869018877,0,0.624789679293583,0,0,0,0.549982001909393,0,0,0,0,0,0,0.00606781525369682,0,-0.239448134353317,-0.0358524901463506,-0.204363138194814,0,0,0,-1.12915520195064,0,0,0,0,0,0,0,0,0,0,0.256672768561657,0.691274289259376,0,0,0,0,-3.24381981538651,-1.77103700081396,0,0,0,0,0,0,0,0,0,0,0,0,0,0,0,0.576903180126541,0,0,-2.2329249466901,0,0,-0.056427909219124,0,0,7.86690539952593,0,0,0,0.175266603058537,0,0,0,0,2.42448643171166,0,-0.105255857250069,0,0,0.468206146296725,0,0,0,0,0,0,0,-0.96143500504389,0,0,0,0,0,0,0,-0.164440618111003,0,0,0,0,0,0,0,0,0,-0.643614002588708,0.184608840066724,0,-0.415260903204007,0,0,0,0,0.556127626638443,0,0,0.235073530908782,1.98672921967155,0
0,0.0291460724262906,0,0,0,0,-0.53434983478375,0,0.699789485859953,-0.175520904976284,0,0,0,-1.51227478323897,0,0,0,0,0,0,0,0,0,0,0,0.237573697652965,0,0,0,0,0,0,0,0,0,0,0,0.0483107298269547,0,0,0,0,0,-0.881193619319607,-0.0443929495096917,0,1.23045659415866,-0.373239803704587,0,0,0,0,0,0,0,0,0,1.76954859787317,0,0,-0.127614026817537,0.177491945840842,0,0,-0.934412736340971,0,0,0,0,0,0,0,-0.217714580476709,0,0,0,-0.261111682647821,0,0,0.458980781502972,0,-1.06847034662075,0,0,0,0.119917550878489,0,-0.578377720573971,0,1.23906698507655,0,0,0,0,0,0,0,0,0,0,0,0,2.6532619937328,0,0,0,0,-0.0832868120282091,0,0.264749852805505,0,0,0,0,0,0.239674751825182,0,0,0,0,0,0,0,0,0,0,-0.142640533763077,0,-0.00061108022053169,0,2.20212877183911,0,6.32625620092944,0,0.385548236553506,0,0,0,0,0,0,0,0,0,0,0,0.573497473201774,0,0,0,2.88873503517847,0,0,0,0,0,0,0.377249921608691,0,0,0,0,0,0,0,0,-2.24045457421894,0,0,0,0,0,0,0,1.18016171176663,0,0,0,0.495499845596403,-0.226686984745989,0,0,-0.0581059225300982,-0.91447182597753,0,0,0.0474428899573582,0.250043734079653,0,0,0,0,0,-0.0247350040235967,2.48337341381994,-3.53636607039194,0,0.148783464461437,0,0
0,0,-0.016044759276072,0,0,0,0,0,0,-0.353496911446157,-1.56122961337909,0,0,0.930039269880436,0,0,0,0,-2.0812754233726,0,0,0,0,0,0,0,0,-0.274099878594855,0,0,-0.556205919915518,0.341700283289679,0,-0.604394735367958,0,0,-0.988430871770464,0,0,0,0,0.175919164349662,0,0,-2.09863028045406,0.561813916241797,0,0.0941033464963918,0,0,0,0,0,1.3389585595575,0,0,1.45045604363904,0,-0.394219608980478,0,0,0,0,0,0,0,0,-0.430949669474898,0.0814511810430016,0.849567800305918,-0.345538831956276,0,0,0.926776073933698,-0.627440907857555,1.27124063729353,0.478906328815237,0,0,0,0.781929295258857,0,0.19797320991294,-3.1366181363688,1.02909218484785,0,0.891345205840959,0,-1.77312908250043,0,-1.11042566337414,-1.31314537684011,-0.0439602351562736,0,0.0574536419929614,-0.428753563251374,0,-0.763004174315813,0,3.86471036698152,-0.00149343226568588,0.986783166669043,-0.210430507457644,0,0,0,0,-1.72657636219936,0,2.26824380452451,0,2.30281155814423,-1.30817974782741,-2.04476209442537,0,-0.238465519903551,0,0,0,5.26840685544334,6.88378413976035,0,0,0,0,-3.38316495504307,-1.70298637488915,2.14409809887605,0.187973853039573,0,-0.663778360031836,0,0,0,-1.05896953436647,-0.423144947397151,0,-0.550876554069594,0,0,1.6165151062181,0,0,0.572468709487229,0,0.109280041454795,0,0.645320605814593,0,0,0,-0.389482999409025,-3.56043385770181,1.70740162628388,-1.73789063280425,0,2.47361780345704,1.94746931674804,1.22003716855186,-0.253309504630993,-1.07673795467823,0,0,0,0,0,0,0,0,0,0,-1.18410420102291,-0.0945414498934822,0,0,0.406455766779832,0.602616530653996,-0.646885292553562,0.395795574992905,0,0,2.08605923350976,0,0,0,0,0,0,-2.46990230182623,0,-2.47771040943365,-0.106017468318511,-0.378616866097155,0,0,-0.508407332679595,0,0,0,0
0,0,-0.560040279866974,0,0,0,-3.85297830171736,-4.60394653213558,0,0,0,-0.378864434220686,-2.02756704246055,0,0,0.58683526294217,1.54215354709428,1.60252669026003,0,0,-8.28713257619291,-1.11582978665016,0,0,0,0,-1.41086471521619,0,-9.90358424596741,0,0,0,0,0,0,0,0,0,0,0,0,0,-0.0707186326147549,0.168899732934854,0,0,0,0.00194427269213615,-1.09612347322051,-0.58255971951423,0,1.68304496795862,1.30792572006696,0,1.64693889208897,0,-0.973781754449106,0,0,0,0,0,0,0,0,0,0,0.448098131636198,0,0,0,-0.978245024996803,0,-0.174112115174509,0,0.255522054132392,0,0,0,-0.136209599585284,-0.803991894938657,0,0,0,0,0,0,0,-0.986127725679711,0.962914127302717,0,0,1.62538327157596,0,-3.30217531351652,-1.77568601522528,0,2.42742937435225,0,0,0,0,0,0,1.03730279289499,0,0,0.0717035232466208,0,0,0.375563164015481,-1.01399514152823,0,0,0,0,0,0,0,0,0.451929397806161,0,0,-0.0222176371490643,0,-0.587300057812847,0,0,0,0,0,0.560648657951196,-2.96752906348206,0,0,0,0,0,0,2.01334002156565,0,0,19.7972816927219,0,0.735965358927904,0,0,0,0,0,-6.12518847976256,0,-0.458701509768964,0,0,3.8838331990951,0,0,0,-0.00903032120890668,0,-0.561083085108941,4.50701632500139,0,0,0,0,-2.20937949669132,0,0,-1.99551446508026,0,0,0,0,0,0,0,0,-4.73738154889456,0,0.198136101486418,0,0,0,0,-0.664941792838783,0.568193597428944,0,0,0,0,0,-0.194977217147805,1.05354515317538,-0.778470725879771,0,0,-0.463132909590482,-3.62214234439237
0,0,-0.783576178045224,0,0,0,-0.754219433453762,0,0,0,0,0,0,0,0.171534560127776,0,0,0,1.84334789739373,0,0,0,0,0,0,1.23732436604938,0,0,0,-0.191657317975511,5.3675926901238,-0.0297448984787869,0,0,0,0,0.260582603888347,1.51289185969639,0,0,-0.836210247487127,0,0,0,1.6470887346955,0,0,0,0,0,0,0,-1.34021409104426,-0.422331556711535,-0.277762449908667,0,-2.42300173686615,0,0,0,-0.485633289723076,0,-2.17285923232089,0,0,0,0,0,0,0,0,2.20851512221093,0,-0.636145929195361,0,0.205239336949319,0,0,0,0,0,0.613339230838386,0,0,0.0856479720464736,0.404647212706272,0,0,0,1.01390661344277,0.0205470836626396,-0.740845875040057,0,0,0.809233553767372,-2.82093494632425,0,-0.0137309172507025,0,0.790799115010456,0,0,0,0,0,0,0,0,-0.104131324927007,0,0,-2.70386940348999,0,0,0.0595970745439338,0,0,0,0,0,0,-0.762781338636894,0,0,0,0,0,-0.548714722034073,0,1.11506999650764,-2.0628359142672,0,-0.900744109473371,0,0.844906537889777,-2.81849592995223,-1.0685415475594,0,0,0,0,0.19983539238589,0,0,0,0,0,0,-2.49649526588735,-0.514709140623462,0,0,0.0409418820158749,-0.579191928681511,-4.32218786120728,-0.772176081672488,0,0,0,0,0,0,1.3602397103866,0,0,0,0,0,0,0,0,0,0,1.25093032907421,0,0,0.161423111524686,0,0,-2.15889808993032,1.0267376451229,0,0,-1.68895877438102,0,0,0,1.36630305605491,0,-2.3668168460474,-0.0689868773271498,0,-1.23207110376964,0,1.20983810090713,-3.09202768907828,0.567963855434091,0,0,0.905465292303149
0,-0.00767315290221005,0,0,0,0.593500826973584,0,0,0,-0.720816193163242,2.10274309733992,0,0,-0.815184420817836,0.220728873584109,0,0,-0.571079187600752,0,0,0,0,0,0,0,1.39525284963329,-0.126657058940303,0,0,0.103111631105209,0,-0.061853763083467,0,0,0,0,0,-0.332431546941773,0,0,0,0,0,0.161739087430905,0,0,-0.551539240173817,0,0,0,0,0,-1.77623699601665,0,0,0,0,0,0,0,0,0,0,0,0.400705304220217,0.631320978918542,-0.321382681736117,0,0,0,0,0,-0.107304855933969,0.0790739036270829,0,0,0,0,0.254919352677007,-0.0372314556876367,3.34113616247914,0.407761576113386,0,-0.366564866713855,0,0,0,0.541705665814981,0,0,0,0,0,0,0,-1.9407282895371,0,0,0,0,0.716002833947213,0,0,0,-0.545988571982934,0,0,-0.179234761264981,0,0.305793290233697,0,0,0,0,0.304678572435199,0,0,0,0,0,0,0,0,0,0,0,0,0,0,0,0,0,-0.0742797603393117,0,0.333810446833592,0,0,0,0,0,0,0,0,0,0,0,0,0,-0.0131822838806166,0,2.66626698321089,0,0,0.742766979452985,0,0,0,0,0,0,0,-0.725686499842081,1.47251556389624,0,0,0,0,-0.273996066057104,-0.232531681832598,0,0,0,0,0.261823582483905,0,0,0,0,0,0,0,0,0,-2.19477343486331,-0.810925081183698,0,0,0,0,0.0309521427079731,0,0,0.291619500022109,0,0,0,0.445291052291733,0.630305390634518,0,0
-1.71199574279527,1.82921794137736,0,0,0,1.18311505778704,0,1.97615312371165,0,0,-0.150354926399495,0,0,0,0,0,0,0,0.485002781139632,0,0,-0.0537955123615406,0,0,0,0,0,0,0,0,-2.27032999918823,0,0,0,0,0,0,0,0,0,-0.0976374875899675,0,0,0,0,0,0,0.11280137086395,0,0,0,0,0,0,0,0,0,0,0,4.58744363545317,0.325912029001028,0,0,0,1.34453833636779,2.72396599003191,0,0,0,0,0.789312721993303,0,0,0,0,-0.421958311312791,-0.70368898545541,0,0,-2.10880736399446,0,0,0,0,0,0,2.10981062219233,0,0,0,0,0,0,0,0,0,0,0,0,0,-2.26832679867291,0,3.69483470355386,-2.10270400249485,0,0,0,0,0,0,0,0.873843669138051,0,0.330951307250007,0,-0.453826779907189,0,-0.944811057482996,0,0,0.351310444206685,-0.830249006313545,0,0,0,0,0,0,0,0,0,0,0.107416045614976,0,0,0,0,-0.209215110640468,0,0,0,0,0,0,-0.0858789606942338,0,0,0,-0.543222993772162,0,1.28654760535122,0,0,0,0,-3.30741439796372,0,0,-0.0379632112669666,0,0,-3.41252017716484,0,0,0,0.361556643916516,0.310474216928264,-0.402003120729778,0,-1.38260293784938,0,0,0,-0.189621923463825,1.08103942132474,0,0,0,0,-0.601762481681697,0,0,0,-0.661464861335848,-1.72721147142988,0.185322704842446,0,0,0,0,0,0,0,0,0,0,-3.40915133079508,0,0,0
-1.84527253594799,0,1.65783620664661,0,0,0.0535409938988265,0,2.27552564509381,0,0,0,0,0,0,0,0,0,0,1.2553787333314,0,0,0,0,0,0,0,-0.09015351333189,0,0,0,0,0,0,-0.325800368836346,0,0,0,-1.61339789796101,0,0,-0.602092752031676,0,0,0,-0.596564274002406,0,0,0,0,0,0,0,0,0,0,0,0,0,0.192524304201252,2.39241492725233,0.742500372438418,0,0,0.355448790481963,0.974794486031223,-0.0945494368396465,0,0,0,0,0.043797838442333,0,0,0,0,-0.173488249544765,-0.294069781316787,0,0,-3.73544284186589,0,0,0.0560935191094556,0,0,0,0,0,0,0.329053231161853,0,0,0,0,0,0,0,0,1.23506251186316,0,-0.837150142656856,0,3.07237888351402,-0.223754478484343,0,0,0,0,0,0,0,0,0,0,0,0.372551289138696,0,-2.27289089464559,0,0,0,0,-0.225195685503318,0,0,0,-0.553108346803614,0,0,0,0,0,0,0,0,0,0,-1.33675879495878,0,0,0,0,0,0,-0.309250898264092,0,0,0,0,0,0,0,0,0,0,1.281229922151,0,0,-0.638063101043169,0,0,-3.17573465428045,0,0.932424864945951,0,0,0.792513010276825,0,0,-2.14303358502786,0,0,0,-0.12596427423765,0,-0.0868147979185305,0,-0.67270503591914,0,-1.66504615258063,0,0,0,0,-0.768542690370054,0.588463742729249,0,0,0,0,0,0,0,0,0,-0.52514250525752,-2.73069402879674,0,0,-0.316587220856091
0,0,0,0,0,0,0,0,0,0,-0.199082303962311,0,0,0,-0.892383034379584,0,-0.711574184888315,1.53255011293674,0,0.46531473746098,-3.21899789335315,0,0,0,0,1.19194044097893,0,0,0,0,3.82252215592771,0,0,0,0,-0.769241722017289,0.206729232403963,0.432964693333862,0,0,0,0,0,-4.12882732351417,0,0,0,0,0,0,0,0,0,-0.146480634065621,0,0,0,0,-0.289364885238836,0.886662915764064,0,0,0,0,-0.869869236971558,-1.86507664521844,0,0,0,0,-0.270743968758878,0,0,0.0126867886179025,0.443656127112122,0,0,0,-0.444045514038012,1.05475299084332,-0.47370779970817,0,0.44901603025498,-1.87305467437893,2.49086014465841,0,0,-2.70906134602585,0,-2.02981270216284,-1.02669133556015,0,0,0,-3.457576346266,0.255256717974633,0,0,0,0,1.28002212456744,0,0,2.26678386212952,0,0,0,0,0,0.717841415903337,0,-1.50410936237311,0,0,-0.277008185205358,0,0,0,0.334966942844225,0,0,-0.327953328156974,0,0,0,-0.17689622379887,0,0,0,0,0,-0.512203258826101,0,0,0,0.93343453197012,0,0.287105429624193,-0.60583345642578,0,0,0,0,0,0.0584346032077754,0,0,-2.40953862821994,0,0,0,-0.53242610072801,0,0,0,0.616498964615183,1.1942521347845,0.792508499391435,0,-0.166085658840547,0,0,-0.91665699345352,0,0,0,0,0.613495379809942,0,0,0,0,12.8731775432654,4.4932837380064,0,-5.33071515192982,0,-0.306577199952428,0,0,0,0,0,0,0,0.938607260425051,-1.82337706131491,0,-0.00566658967201139,-1.71587138810336,0,0,0,0.990065267943292,1.4617785660127,0,0,0,-1.43695080662206,0
0,1.20274977694363,1.32845565627384,0,0,-0.230214635300811,0,0,0,0,1.15481897249777,-0.0648192294880585,0,0,0,0,0,-1.20376674517569,0,0.564268205528954,0,0,0,0,1.28744440407735,0,0,0,2.06501814818399,-0.670474296283852,1.78159978409999,-0.16426913793129,0,0.537102703869703,0,0,0,0,0,-0.169317278367232,0,0,0,0,-0.035416072533772,0,0,0,0,0,0,-0.453858200429807,0,0,0,0,0,0,0,0,0.0552831353739454,0,0.744893441078524,0,-1.00710008526605,-0.0338731216482626,0,0,0,0,0,0,0,0,0,-0.634821551337108,0,-2.30358308175011,-1.36511907464219,0,0,0,-4.10754986986522,0,-1.49126184290261,0,0.706181794249334,0,0.264691309546491,0,0,-1.34402493697167,0,0,0,0,0,-0.645353201647946,0.376308934313702,0,0,0,0,0,0,1.11422155603648,0,0,0.964358270535528,0,0,0,1.24497613333251,-1.05740036135166,-0.620283258866531,1.68980784143778,0,0,0,0,0,0.167992966583294,-1.0632130698788,0,0,0,-0.860187182463001,0,0,0,0,0,0,0,-0.0381958177634545,-0.00489499954226114,1.00850452178778,0,0,0,-0.103859727243608,-0.651821178848606,0,-1.09776474203741,0,0,0,0,0,0,0,0,0,0,0,0,0,0,0,0,0,-0.422922943742208,0,0,0,0,0,0,0,0.859270052490274,0,0,0,0,0,0,0,-1.13602978195201,0,4.08724328864233,0,0,0,-0.563581499878244,0,0,0,0,0,0,-0.448163423399746,0,-1.4059983610882,0,1.90112918392591,0,0,-0.198543690251371,0,0
0,-2.79014827855837,0,0,0,0,0,0,0,0,0,0,0,0,1.62998685856788,0,0,1.75355214857865,0,0,-1.84275405772513,0,0,0,0,0,0,1.2236115251352,1.63279097227615,0,-2.70141994974203,0.598224245558354,0,-4.26496873295694,0,0,0,0,0,0,0,-0.863320525493219,0,5.56334835500182,0,0,0,0,0,0,0.737743470314656,0,0,0,0,0.178273865980664,-9.3943574935676,0,0,0,0,0,0,0,1.56019228073238,0,0,0,0,0,0,0,0,0,0,0,0,0,0,-3.87819817186712,-0.307083823065131,0,3.63297952682075,0,0,0,-1.35792823175286,-8.75608896933247,0,0,-3.41072208238874,0,-0.555113156649266,0.232005753668139,0,2.89458188297279,0,0,0,-1.0574339809563,-3.04528317165636,0,0,0,0.223638290576324,-2.24417682141658,0,1.20804277831248,0,0,0,0,0,2.19343139995854,0,-1.69876075808831,0,0.00936312354833291,0,0,0.704817182427308,4.59723117085704,0,0,0,0,-0.207929492016535,0,-0.698050938599037,0.334094079914154,0,0.878105159112029,0,0.228814213998672,0.00751598254761032,1.40260139692919,2.19174496783057,0,0,0,0,0.301922638723665,0.252755147216686,0,0,0,0,0,-1.66855290037881,0,0,3.41237235848124,-0.840601447817893,0,0,0,0,0,0,0,0,0,-1.8099407141989,-0.856310500795336,0,0,0,0,0,0,0,0,-1.42425616974494,0,-0.474669751058624,0,0,0,0,0,0,-0.810775654871845,0,0,0.798113660300673,1.9249212218156,-0.893958671235148,2.80994499434268,0,0,0,0,1.0334451676167,0,0,0,0,0,0,0
-0.121129662435074,0,0,0,0,0,0,0,0,0,0,0,0,0,0,0,0,0,0,0,0,-1.2411339952711,0,0,0,0,0,0.988092744022486,0,0,0,0,0,0,0,0,0,0,0,0,0,0,0,0,0,0,0,0,0,0,0,-0.564688925610445,0,0,0,0,0,-0.00154169040314955,0,0.544408941098119,0,0,0,0,0,0,0,0,0,0,0,0,0,0,0.342667750943008,-0.0571589454932016,0,0,0.692736063513628,0,1.94645697614861,0,0,0,0,0,-0.67001918492305,0,0,0,-4.0566852718246,0,0,0,0,0,0,0,0,0,0,0,0,0,0,0,0,0,0,0,0,0,0,0.340002649925377,0,0,0,0,0,0.0920603757983103,0,0,0,0,0,0,-0.741980852688769,0,0,1.13617082252701,0,0,0,0,0,0,0,0,0,0,0,0,0,0,0,0,0,0,0.177696277371287,0,0,0,0,0,0.0297335349826544,-0.140682631521158,0,0,0,0,0,0,0,0,0,0,-0.120085050918581,0,-0.546174309190628,0,0,-0.0294579701800903,0,-2.03523689833861,0,0,0,-0.433357201278888,0,0,0,0,0,0.168102088076587,0,0,0,0.724419636495826,0,0,0,0,0,0,0,0,0,-0.250942476367223,0,0
0,0,0,0,-0.675165724053167,0,0,0,0,0,0,0,0,0,-1.04740063401092,0,0,0,0,0,0,0,0,0,0.468990993361951,0,0,0,0,0,0,0,-0.115466924072054,0.466480359818267,0,0,0,0,0,0,0,0,0,0,0.374095328151266,0,0,0,0,0,0,0,0,0,0,0,0,0.257224834680987,0,0,0,0,0,-0.767721729082744,0,0,0,0,0,0,0,0,0,0,0,0,0,-0.643219749314036,-1.75335486250218,0,0,0,-0.476574036382557,0,0,0,0,0,0,0,-3.78202464074415,0.0170644700856679,0,0,0,0,0,0,0,0,0,0,0,0,0,0,-0.589199575038757,0,0.40815213778225,0,0,0.564508558270785,0,0,0,0,0,0,0,0,-0.0971226388258142,-0.529925667490716,1.60327627067315,0,0,0,0,0,0,0,0,1.40896754253956,0,0,0,0,0,0,0,0,0.238274164219054,0,0,0,0,0,0,0,0,0,0,0,0,0,0,-2.12437647274464,0,0,0,-1.05221903572005,0,0,0,0,0,0,0,-0.115106636229623,0,0,0,0,0,0,0,-0.0212438841466605,0,0,0,0,0,0,0,-0.0627941740329225,0,0,0,0,0,0,0,0,0,0,0,0,0.0439290606016913,0.578547093549393,0,0
0,0,0,0,0,-0.880856424429604,0,0,0,0,0,0,-0.449681722018964,0,0,0,0.053276958028093,0,0,0,0,-0.266907553797452,0,0.156530979423098,0,1.3841585972598,0,0,0,0,-4.22407764222898,0,0,-2.00958517845389,0,0,0,0,0,0,0,0,-0.12213597646385,0,-2.47133447988713,-1.7131025034766,0,0,0,0,0,1.7533201450897,0,0,0.645251236260565,0.145482614586254,-0.771073709999422,0,0,0,0,-4.52472865268795,0,0,0,0,0,-1.24829184644147,0,0,0,0,0,0,0,0,0.422847967071936,0.195247207298645,0,1.1618037092097,0,0,0,5.42961453040929,0,0,0.139138706970381,1.81189121106219,0,3.11572193038353,1.309281474678,0,-0.528229799859618,0,-1.2932944981357,-0.00304561551560556,0,0,-0.21125093272846,0,-0.0483104915448824,0,0,2.94809375379024,0,0,0,0.812066800122509,0,0,0,0,0,0,0,0,8.88974550809405,0,0,1.86270088267862,0,1.3405653422055,0,0,0,0.56197142441124,7.1244617459983,-0.220353002375555,0,-0.159535465828143,0,0,0,0,-0.672365808141803,-3.20451615829677,0,0,0,0,0,-1.52189461435721,0,0,0,0,0,0,0,0,0,0,-0.186585006616669,0,-0.393528084594789,-0.373933328850586,0,0,0,-1.47391265527909,0.346361008238826,0,0,0,0,0,0,1.43711539871395,-1.87541386234922,0.635651638036077,0,-0.495220261656761,0,0,0,0,-1.6375007738605,0,0,2.66297579166821,0.767411366076876,1.13003024768576,0,0,0,0,0,0.513063464140497,0,0,0,0,0,0,-0.507077761567425,0,0.90121750816644,0,0.343370533584703,0
0,0,0,0,0,1.50027992760812,0,0,0,0,0,0,0,2.24005503622417,0.0808284913577462,0,0,0,-0.903419450928475,0,0,0,0,0,-0.863268062773442,0,0,0,0.738272013674141,0,0,1.06096375683285,-0.103143849717253,3.34114609790253,0,0,0.912693363260971,0,0,0,0,0,0,0,7.10682921140059,0,7.73927855975612,0,0,0,0,0,0,0.0779430267863708,0,0,8.31881916115421,0,0,-1.17770424820098,0.721188739480947,0,-1.32632345641239,-2.72330921172044,0,-1.46375729148892,0,-0.639927313538026,0,0,1.69210735635125,-1.62896434841698,-0.897116741615726,0,0,0.552969670947868,0,0,0,0,0,2.02892107618269,0,0,0,0,0.523381853721249,-3.60677170638402,0,0,-1.38060731336083,0,-1.52140855186584,0.117599363994149,0,-2.82164688497994,0,-1.42025205914401,0,0,0,0,0,0,-1.35695602003513,0,0,0,0,0,0,0,0,0,0,-7.69946052789742,-0.130811760657895,0,0,0,0,0,-1.72570138390371,0.242070023296212,0,0,0,0,-0.48727639639356,-1.31511710821535,0,0.0473692312174099,0,0,0,0.990196134725843,0,-0.392387579310633,0,0,-2.35273427161367,0,0,0,0,0,0,-1.86597948560777,0,0,-8.6407656819719,0.148608833487311,0,0,0,0,0,0,0,-0.771765037963226,0,-0.36703259477694,0.0207884658677411,0,0,0,0.386959058993098,1.30165862067377,0,0,0,0,0,0,-1.16405361457957,1.61215807176944,1.07078731924194,0,0,0,0,0,0,0,0,-0.48188926644914,0,5.16479026478596,0,0,0,0,0,0,0,-3.17015403048452,0,0,-0.0369500518618788,-2.30701291578754
0,0,0,0,0,0,0,0.0982964293421047,0,0.336824738495827,0,6.13845101609889,0,0,0.0360434218180981,0,0,0,0,0,0,0,0,0,0,0,0,0.111672505700716,0,0,0,0,0,0,0,0,0,2.66806254798587,0,0,0,0,0,0,0,-0.407577936131679,0,0,0,0,0,0,0,0.304090405410823,0,0,0,0,0,-2.43619269044858,0,0,0,0,0,-0.931280356859715,0,0,0,0,-0.0493497612205411,0,0,0,0,-0.543128908721454,0,0.122417766935558,0,0,0,0,-0.887620086611856,0,0,0,0.17688361080546,-0.495098836362772,0,0,0,0.125694057693669,0,0,0,-0.565307696707925,0,0,0,0,0,0,0,0.332885391738866,0,0,-7.840246952364,0,0,0,0,0,0,0,-0.565275197097506,-2.03323410593283,0,-0.743213484284007,0,0,0,0,0,0,0,0,0,0,0,0,0,0,0,0,0,-0.106884787854953,0,1.50475949886633,0,0,0,0,0,0,0,0,0,0,0,0.386398056582851,0,0,0,0,0,0,0,0,0,0,0,0,0,0,0,0,0.591201725999877,0,0,0,0,0,0,0,0,0,0.651575764143142,0,0,0,0,0.1959744247262,0,0,0,0,0,0,0,0,0,0,0.0338176931829777,0,0,-1.74339728275674,0,1.42500754204785,0,0
0,0,0,0,0,0,0,0.316368305662279,0,0,0,0,0,0,0,0,0,0,0,0,0,0,0,0,0,0,0,0,0,0,0,0,0,0,0,0,-0.116273691774934,0,0,0,0,0,0,-0.38625471720503,0,0,0,0,0,0,0,0,0,-0.470707295780033,0,0,0,0,0,0,0,0,-0.75579710662982,0,0,0,0.73428193216756,0,0,0,0,0,0,0,0,-0.0318767224610093,0,1.36593996494329,0,0,0,0,0,0,0,0,0.0111521746182504,0.292775151931924,0,0.768022777267502,0,0,0,0,-0.0336340145697263,0,0,0,0.201371615809425,0.284552548953555,0,0,0,0,0,0,0,0,0,0,0,0,0.432338202520481,-0.0126166902609175,-0.0624390716168846,0,0,-0.405632879166567,0,0.148101774078862,0,0,0,0,0,0,0,1.40217140301684,0,0.0367013653684423,0,0,0.333914406306797,0,0,0,0,0,0,0,0,0,0,0,0,0,0,0,0,0,0,0,0,0,0,0,0,0,0,-0.00201170134366579,-0.938183703161498,-0.0511356284814748,0.335008925498408,-0.388604067014427,0,0,-2.36681149560191,0,-0.510780093440604,0,0,0,0,0,0,0,0,0,0,0,0,-0.36930291032037,0,0,1.05075503955644,0,0,0,0,0.517725214946279,0,0,1.05856033451885,0,0,-0.0639330771880855,0,0,0,0
0,0.49758702315007,0,0,0.24257163814125,0,0,0,0,0,0,0,0,0,0,0,0,0,0,0,-0.200252619487418,0,-0.0340423877644045,0,0,0,0,1.01854811586888,3.09515268497124,0,0,0,0,0,0,0,0,0,0,0,0,0,0,0,0,-1.74047242541239,0.0473026966153856,0,0,0,0,0,0.594459228224773,0,0,0,3.31978375362412,-0.623395996483076,0,0,0,0,0,0,0,0,0,0,0,0,0,0,0,0,0,0,0,0,0,0,0,0,0,0,-0.0251592748788387,0,0.218703754352423,-1.33653655454843,0,0,0,0,0.129696512712613,0,-0.653111649198479,-0.736564064742626,0,0,0,0,0,0,0,0,0,0,0,0,0,0,0,0,0,0,0,0.00726696530817761,0,0,0,0,0,0.438052056970077,0,0,0,0,-0.122706773676151,0,0,0,0,-0.342963154022447,0,0,0,0,0,0,0,0,0,0,0,0,0,0,0,-0.469252153263096,0,0,-0.121050864399052,0,0,0,0,0,0,0,0,0,0,0,2.21914354524627,0,0,0,0,-1.40043240991941,0,0.0718578199963282,0,0,0,0,0,-0.0506157713114708,0,0,0,0,0,0,0,0,0,0,0,0,0,0,0,0,0,0,0,0,0,0.370423028953139,0,-1.50659629852446
0,0,0,0,0,0,0,0,0,0,0,0,0.0713682922132668,0,0,0,0,-0.314465724128835,0,0,0,0,0,0,0,0,0,0,0,0,0,0,0,0,0,0,0,0,0,0.216805648660361,0,0,0,0,0,0,0,0,0,0,0,0,0,-0.249108038941642,0,0,0,0,0,0,0,0,0,0,0,0,0.0845167138066816,0,0,0,0,0,0,0,0,0,0,0,0,0,0.250686734436426,0,0,0,0,0,0,0,0,0.949538823415652,0,0,0,0,0,0,0,0.461667219774911,0,0,0,0,0,0,0,0,0,0,0,0,0,0,0,0,0,0,0,0,0,0,0.615444231226016,0.458694377751077,0,0,0,0,0,0,0,0,-0.106085733325362,0,0,0,0,0,0.0614430265878907,0,0,0,0,0,0,0,0,0,0,0,0,0,0,0,0,0,-0.625205458948939,0.848324759464779,0,0,0,0,0.56582772325443,0,0,0,0,0,-1.20179811768786,0,0,0,0.12648334655855,0,0,0,-0.281982078832784,0,0,0,0,0,0,0,0,0.721379151182628,-0.00156791530878708,0,0,0,0,-0.13048901794667,0,0,0,0,0,0,0,0,0,0
0,0,0.037757514790888,0,0,0,0,0,0,0,-0.928248413564924,0,0,0,-0.0354986795491958,0,0,0,0,0,0,0,0,0,-0.568786790061781,0,0,0,0,0,0.421869398074313,0,0,-0.9985244363392,0,0,0,0,0,0,0,0,0,-0.344291199159909,0,0,0,0,0,0,0,0,0,0,0,0.233561634835771,0,0,0.0601498887706875,0.399346206268792,0,0,2.76545318755827,0,0,0,0,0.665556704029263,0,0,0,0,0,-0.278412120463547,0,0,0,-0.417547200597491,0,0,-0.706691137130926,0,0,1.51465827027238,0,0,0,0,0,1.19008350308086,0,0,0,0,0,0,0,-0.141519953070036,0,0,0,0,-0.0630167631411063,1.60642740084612,0,0,0.000389570916031534,0,0,0,0,0,0,0,0,0,0,0,0,-0.208352240624466,0,0,0,0,0,0.0950023416223367,0,0,0.171496063815081,0,0,0,0,0,0,0,0,0,0,0,-0.569104903313589,0,0,0.414373329482939,0,0,0,0,0,0,0,0,0,0,-0.212203615750509,0,0,0,0,0,0,0,0,0,0,0,0,-0.762409738217665,0,0,0,0,0,0,1.0318155350885,0,-0.163656475302252,0,0,0,0,0,0,0,0,0,0,0,0,0,0,0,0,0,0,0,0,0.893018355722896,0,0
0,0,0,0,0,0,0,0,0,0,0,0,0,0,0,0,0,-1.00783913156435,0,0,0,0,0,0,0,0,-0.236094055938585,0,0,-4.44372507536569,0,0,0,-1.01186122571884,0,0,0,0,0,-0.94414494279955,0,0,-0.79135861487428,0,-2.45815908045041,1.12309400183966,0,0,0,0.683985594634413,0,2.01574155666875,0,0,0,0.630788361651404,0,0,0,0,0,0,0,0,-0.886727266548152,0,1.48002430092416,0,0,0,0,0,0,0,0,0,0,-1.18907701507038,0,0,-0.645472230052135,0,0,0.410067188351164,0,0,0,0,0,0,0,0,0,0,0,0,0,0,-2.1241622229358,0,0,2.19187903248854,0,0,0,0,-0.371608242499351,0,0,-0.934211077426976,0,-1.52540473554182,0,0,0,0,0,0,0,1.1570804454168,-0.577916468413408,0,-0.689560917517166,0,0,-0.00402426570816439,0,0,0,-0.385595081844093,0,0,0,0,0,0,0,-0.237312945097261,0,0,-1.42625609046807,0.164290568696835,0,0,0,0,0,0,-1.42458350911323,0.221893099916644,-2.97209714473402,0,0,0,1.94597584077866,-9.28105559593,0,-0.681186000753313,0,-1.63121003174575,0.185912055714196,-0.946347194726157,0,0,0,0,-0.659339371668836,2.06471594530267,-0.294846764855534,0,0,0,0,0,0,0,0,-1.46692446470113,0,0,0,0,0,0,0,0,0,4.62946679207555,0,-1.3425750461506,0,0,0,0,0,-2.24449328414192,-1.25791538221786,0,-1.62490434605061,0
0,0,0,0,0,0,0,0,0,0,0,0,0,0,0,0,0.367995682589879,-0.297758136127224,0,0,0,0,0,0,0,0,0,0,-0.0348026940520398,0,0,0,0,0,0,0,0,0.568450216704475,0,0,0,0,0,0,0,0,0,0,0,0,0,0,0,0,0,0,-1.7608822256039,0,0,-0.262012600590885,0,0,0,0,0,-0.943380621181049,0,0,0,0,0,0,0,0,0,0,0,0,0,0,1.41479826196983,0,0,0,-0.401662931671069,0,0.204623934392251,0,0,0,0,0,0,0,0.419774513805949,0,0,0,0,0,0,0,-0.577348945993883,1.0065895149858,0,0,0,0,0,0,0,0,0,0.32930715869016,0,0.634078450933897,0,0,0,0,0,0,0,0,0,-0.0052933923118228,0.257193266656184,0,0,0,0,0,0,0,0,0,0,0,0,0,0,0,0,0,0,0,0,-0.620692443086625,0,0,0,0,0,0,0,0.511916184532431,0,0,0,0,0,0,0,0,0,0,-0.369507586951222,-0.465394096155059,-2.67424744206827,0,0,0,0,0,0,-0.70862403255089,0,-0.0721422205315672,0,0,0,0,0,0,0,0,0,0,0,0,0,0,0,0,0,0,-0.231191512879443,0,0,0
0,0,-4.40692820711602,0,0,0,0,-0.407370377241413,0,0,0,0,-0.479154887053314,0.309988607974659,0,0,0,0,-0.862651054480251,0,0,0,0,0,0,-1.04452807167516,0,0,-0.291637325337766,0,-0.360316285566099,0,0,0,0,0,0,0,0,0,0,0,0,-0.556365648159094,-0.582113396520683,0.570876006491159,-1.99011806992445,0,0,0,0,0,0,0,0,0,0,0,0,0,0,0,-0.628165630862522,0,0,0.00747766393395022,0,0,0,0,0,0,0,0,0.126036298274963,0,0,0,0,1.09334549625605,0,0,0,0,0,0,0,-1.48182928660182,-5.459049106333,0,0,0,-0.810365895922842,0,0,0,0,0,0,0,0,0.44577635792373,-0.012583280439012,0.648074122863471,0,0,0,0,-0.510001823396113,0,0,0,0,0,0,0,0,0,0,0,1.61054324645189,0,0,0,0,0,1.39716124304182,0.140020054309929,0,0,0,0,0,0,0,0,0,0,0,0,0,0,0,0,0,0,0,0,0,0,0,0,0,0.0600061665755729,0,1.00991436194423,0,0,0,-0.00579766816668115,0,-0.870073588120506,0,0,0,0.222797306199205,0,0,-0.330379011892851,0,0,0,-0.383859076953728,0,0,0,0,-0.0318355737545779,0,0,0,0,0,0,0,0,1.59185990623416,-0.306029403646007,0,-0.691559869241089,1.09813562900066,0,0,0,0,-0.30201377631998,0,0,0,-3.78196718923471
0,0,0,0,1.10326916110769,-0.816868586442598,0,-0.587935817908243,0,0,0,0,0,0,0,0,0,0,0,0,0,0,0,0,0,-1.80544734133096,-0.488769917580343,0,0,0,3.40435625056112,0.623841058005235,0,-1.67886514070598,0,0,0,0,-0.120524462578745,0,0,0,-0.147179698750637,-0.695227157468938,1.11701745091405,2.46476213972024,0,0,0,0,0,0,0,0.0748238073272363,0,0,0,0,0,0,-0.954597086216778,0,0,0,0,0,0,0,0.188478171259804,0,-0.247184680955699,0,0,0,0.130726351067922,0,0,0,0.124433478495653,0,0,-0.592380549200492,0,-0.820322598265143,1.73435009826107,0,0,0,0,0,0,0,0,0,0,0,0,0,0,0,0.177021543254511,0,0,0,0,0,-3.40732935453696,0,0,0,0,0,0,0,0,0.356115172791072,0,0.0581378989205992,0,1.12078068908745,0,0,0.264841087903281,0,0,0,0.946174450719675,0,0,0.208106377971873,0,-0.140360415140006,0,0,0,0,0,0,0,1.28381644758921,0.343750796585952,0,0,0,0,0,0,0,0,0.226249251483282,0,0,0,0,-0.571191935891328,0,0,0,0.445523337097177,0,0,0,-0.118421766094173,-0.504248790067642,0,0,0,-1.82707896611644,0,0,0,0,-0.0087308640968724,0,0.232055020399192,0,-0.0717090670664877,-0.447537112529232,0,0,0.331953275142854,0,0,0,0,0,0.229331508906188,1.67625237443707,0,0,0.372020369595661,0,0,0,0.905584774878518,0,0,0,0.705914797423696,0
0,0,0,0,0.0634317552671844,0,0,0,0,0,0,0,0,0,0,0,0,0,0,0,0,0,0,0,0,0.30572599665442,0,0.892838262975233,0,0,0,0,0,0,0,0,0,0,0,0,0,0,0,0,0,0.216276784336808,0,0,0,0.0756974536536701,0,0,0,0,0,-0.126674215468198,0,0,0,0,0,-0.0490397511158549,0,0,0,0,0,0,0,0,0,0,0,0,0,0,0,0,0,0,0,0,0,0,0,0,0,0,0,0,0,-0.693233399603281,0,0,0,0,0,0,0,0,0,-0.00189028399426783,0,0,0,0,0,0,0,0,0,0,0,0,0,0,0,0,0,0,0,0,0,0,0,0,-0.777794073144461,0,0,0,0,0,0,0,0,0,0.344998952409425,0,0,0,0,0,0,0,0,0,0,0.406174003070164,0,0,0,0,0,0,0,0.293502466752133,0,0,0,0.826893514010898,0,0,0,0,0,0,0,0,0,0,0,0,0,0,0,0.170190579846975,0,0,0,0,0,0,0,0,0,0,0,2.00845943465977,0,0,0,-0.238285244287511,0,0,0,-1.85471981441074,0,-0.59473788979746,0,-0.0806225809996104
0,-0.558369971516803,-4.1086727970322,0,-1.93050727987171,0,0,0.0477988009943544,0.498314605129847,0,-2.44849506829635,-1.40988133071962,0,-0.29350093805369,-0.460368961360503,0,1.98582307984589,0,0,-2.45418314549451,0,0,0,0,-0.304672775322403,0,0,0,0,0,0,0,0,-1.72641959005854,0,0,0,2.53926554300266,0.0835302752165581,0,0,2.73711697872796,0,0,-0.887897755530495,0,0,0,0,0,0,0,-2.40932005555895,0,0,0,-2.50387323889,0,0,0,0,0,-0.145903539247807,0.609003982872915,0.011504304117139,-0.656014572220054,0,0,0,2.8104776964933,0,0,-0.613489822235032,-1.2034880549416,0,0,0,-0.788257146880019,-0.46074703273502,0.0143503708823511,0,0,-0.0103386659779181,0,0,0,0,0,0,0,0.530266792863546,0,0,0,0,0,0,-0.0567539208913743,0,0,0,0.0404155336714871,0,3.62468997478866,0,0,0,-0.225479209724482,-1.31382678842297,2.24283241706678,0,0,0,0,0,-0.0288258465627236,0,0,0,0.443442008657104,0,0.49260435327707,0,0.0678399930489351,0,0,0,-1.05792930353327,0,0,0,2.05718035675151,0,0,0,0,0,0,0,0,0,0,0,0,0,0,0,0,1.60775844449252,-1.85594764676464,1.86720493103686,0,0,-0.0605492156686496,0,-0.437278821907946,1.22886819873104,0,-1.24674493008578,-0.206880145787256,-0.772015112972389,0,0,-0.51914097961192,0,1.81340085009499,-0.0141437922584204,0,-0.364867258572229,0,-0.282240261689061,0,-2.58279747063437,0.557884612275154,0,-3.6168228735886,0,0,-0.707679158504198,0,-0.993062990109317,0,0,0,2.68084529631964,0,1.28150400495481,0,0,0,0,0,0,0,1.5150415589106,0,0,-0.537950119723957,0,-2.37509545513294
0,0,-1.25874518576205,0,0.0936175899317042,0,0,-0.483923267702116,0.916732691241619,0.332247510192019,0,0,0,0,0,0,0,0,0,0,0,0,0,0,0,-0.0653230722364451,0,0,0,0,0,0,0,0,0,-0.884067741910608,0,-0.877004753513354,0,0,0,0,0,0.819060799215033,0,0.753981447737103,0,-1.16295964723059,0,0,0,1.42582353412099,0,-0.452897005726879,0,0,0,1.8045043508294,0,0,0,0.431182649186178,0,0,0,-1.76235230363922,0,0,0,0,2.25893465348079,0,0,0,0,0,0,0,0,0,1.85651868405354,0,0,-1.79349903912659,0,0.528399377182861,0,0,0,0.26081758725099,0,0,0,0,-0.485075045273335,0,0,0,0,0,0,0,0,0,0,0,0,0,0.756837615159839,0,0,0,0,0,0,0,-0.530265036856513,0,0,0,0,0,0,0,0,0,0.0509629789156893,0,0,0,0,0,0,0,0,0,0,0,0,0,-2.32319263357153,0,0,0,0,0,0,0,-0.95956821003717,0.14519876043485,0.53041318589853,0,0,0,-0.0306599040351494,1.6041814903394,0,0,0,0,1.99053468877289,0,0,0,0,0,0.738898643603213,0,0,0,0,0,0,0,0,-0.516830814410711,0,0,0,0,0,0.57639080754211,0,0,0,0,0,0,0,0,0,0,0,0,0,-2.95692813013907,-0.105651274156677,0,0,-0.35959301885225
0,0,0.644843502539866,0,0,0,0,0,0,0,0,0,0,0,0,0,0,0,0,0,0,0,0,0,0,0,0,0,0,-1.49159657964187,0,0,0,0,0,0,0.377342129078325,0,0,0,0,0,0,0,0,0,0,0,0,0,0,0,0,0,0,0,0,0,0,0,0,0,0,0,-0.106764054399993,-0.687571626237728,0,0,0,0,0,0,0,0,0,0,0,0,0,-0.816141139210318,0,-1.32903391956231,0,0,0,0,0.12201531845792,0,0,0,0,0,0,0,0,0,0,0,0,0,0,-0.926521666141464,0,0,0,0.433657367743484,0,0,0,0,0,0.0759774476053146,0,0,0,0,0,0,-0.192896486752312,0,0,0.598119242664346,0,0,0,0,-1.31787599558025,0,0,0,0,0,0,0,0,0,0,0,0,0,0,0,0,0,0,0,0,0,0,0,0,0,0,0,0,0,0,0,0,0,0,0,-0.238474203747714,0,0,0,0,0,0,0,0,0,0,0,0,0,0,0,0.303745168141093,0,0,0,0,0,0,0,0,0,0,0,0,0,0,0,0.448189677149759,0,0,-0.477681092188827,0,0
0,0,0,0,0,0,0,0,0,0,0,0,0,0.840679291840498,0,0,0,0,-0.344487899003991,-0.232931435843696,0,0,-0.333969870915334,0,0,1.02503877549732,-0.0471358423259718,0,0,0,-0.0349010488418697,0,-0.010934969642076,0,0,0,0,0,0,0.0844070605383409,0,0,0,0,0,0,0,0,0,0,-1.98108148606785,0,0,0,0,0,0,0.0428151082269097,0.0899496836420564,0,0,0,0,0,0.588870053256403,-0.397894615247856,0,0,0,0,-0.418476645248819,0,0,0,0,0,0,0,-0.00786153581797966,4.51519265774401,0.337350586996006,0,0,0,1.33900862342935,0,0,0,0,0,0,0,0,0,0,0,0,1.5436419439815,0.246662324965861,0,0.218637568919449,0,1.0024368261694,0,0,0,-0.357842353416982,0,0,0,0,0,-0.495620826045768,-0.552894275116115,0,0,0,0,0,-0.97014944512765,0,0,0,0,0,0,0,0,0,-0.189956134412026,0,0,0,0,-1.02003890213815,0,0,4.33080271236978,0,0,0,0,-0.0801842195379481,0,0,0.853107610009689,0,0,0.331169406113013,0,0,0,0,0,0,0,0,0,0.161779567748706,0,0,0,0,0,0,0,0,-0.163553989946464,0,-0.618556634446052,0,0,-1.72399143747374,0,0,0,0,0.857554134688726,0,0,0,0,0.596943277316448,-1.95051910827597,0.0283543388422642,-0.759178518229651,-2.85218459614325,0,0,0,0,0,0,0.336756841686181,-0.432269421586306,0,-0.613058731505195,0,0,0
0,0,0,0,-1.08421196530617,-0.584330049005644,0,0,0,0,0,0,0,0,0,0,0,0,0.142929917154721,0,0.171457804755451,0,0,0,0,0,0,0,0,0,0,1.53308349829092,0,0,0,0,0,0,0,0,0,0,0,0,0,0,0,0,0,0,0,0,0.0220708977145609,0,-0.0126426535517747,0.125857638306479,-0.042939639995788,0.151709304492046,0,0,0,0,0,1.86470057017381,0,0,0,0,0,0,0.594252394173621,0,0,0,0,0,0,0,0.0179472279848738,0,0.267066927042943,0,0,1.3886794490592,1.10520952957267,4.02837681586971,-0.23217053610489,0,0.598319292421761,0.241858557489911,0,0,0,0,0,0,0,0,0.0623270139029062,0,0,-0.880404500870638,0,0,0,-1.03406820719751,0,-0.447186202688722,0,0,0,0,0,0,0,0,0,0,0,0,-0.132581469083406,0,-0.49509014276056,0,0,0,0,0,0,0,-3.31801242488093,0.0314063067135479,0,0,-0.438525389653969,-0.221123392897522,0,0,0,0,0,0,0,0,0,0,0,0.775856080916115,0,0,0,0,0,0,0,0,-0.0013887636346348,0,0,0,0,0,0,0,0,0,0.817072016021039,0,-0.768790442092894,0.412292636809956,0.391606431812869,0,0,0,0,0,0,-1.76090390153949,0,0,0,0.0435425740145792,0,-0.569959945155651,0,0,-5.0142266145895,0,0,0,0,0,0,0,0,0,0.0551825004580615,0,0,0
0,0,-0.399488528248481,0,0,0,0,0,0,-0.712331833777028,0,0,0,0.352955605520279,0,0,0,0.386656117266162,0,0,0,0,0,0,-0.0533791057421542,0.00277783071178361,0,0.933692577108801,0,0,0,0,0,0,0,0,-0.83532621264045,-0.242063135936852,0,0,0,0,0,0,0,-0.877408848061171,0,0,0,-0.358453981730879,0,-0.544948828539411,0,0,0,0,0,0,0,0,0,-0.369731945096091,0,0.171140697322242,0,0,0,0,0,0,0,0,0,0,0,0,0,0,0.0552106365037683,0,0,0,0,0,0,0,0,0,0,0,0,0,0,0,0,0,0,-0.546435685159984,0,0,0,0.174294441970084,3.94266978016107,0,0,0,0,0,0,0,0,0,0,0,0.098477696097623,0,0,0,0,0.788091177608398,0,0,0,0,0,0,-0.56155876328621,0,0,0,-0.816583304805241,0,0,0,0,-0.344716282990547,0,0,0,0,0,0,0,0,0,0.214627545056328,0,0,0,0,-0.15518086176979,0,0,0,-0.527074655459477,0,0,0,0,0,0,-0.900586228737176,0,0,0,0,0,0,0,0,0,0,0,-0.346981368887337,0,0,0,-0.120912492103345,0,0,0,0,0,0,0,0,-3.90286461596032,-0.147781815898307,0,0,0,0,0,0,-0.441227670446336,0,0,0,0,0
0,0,0,0,0,0,0,0,0,0,0,0,0,0,0,0,0,0,0,0.267355596469784,0,0,0,0,0,0.855306800322095,1.52670357788183,0.171459418397556,0,0,0,0,0,0,0,0,0,-0.564757083162232,0,0.303056378602746,0,-0.136693007139257,0,0,0,0,0,0,0,0,0,0,0,0,0,0,0,0,0,0,0,0,0,0,0,0,0,0,0,0,0,0,0,0,0,0.143313246523734,0,0,0,0,0,0,0,-0.320846086961735,0.636742400093351,0.543970156611466,0,0,0,0,0,0,0,0,0,0,0,0,0,0,0,-0.18041994707855,-0.111468351646681,0,0,0,0,0,0,0,0,0,0,0,0,0,0,-4.06155192482575,0,0,1.4412967976345,0,0.784871611373948,0,0,0,-0.0653110661145053,0,0,0,0,0,0,0,0,0,1.6991282294295,0,0,0,0,0,0,-2.04393826466806,0,0,0,0.162816027341961,0,0,-0.71008132362755,0,0,0,0.658805458730165,1.86253310400749,0,0,0,0,0,0,0,0,0,0,0,0,0,0,-0.20770615116292,0,0,0,0,0,0,0,0,0,0,-0.0403506339058495,0,0,0,0,-1.49983443090644,0,0,0.442709801049421,0,0,0,0,0,0,0,0,0,0
0,0,0,0,0,0,0,0,0,0,0,0,0,0,0,0,0,0,0,0,0,0,0,0,0,0,0,0,0,0,0,0,0,0,0,0,0,0.824642527365679,0,0,0,0,0,0,0,0,0,0,0,0,0,0,0,0,0,0,-0.396254738351268,0,0,-0.268922887379317,0,0,0,0,0,0,0,0,0,0,0,0,0,0,0,0,0,0,0,0,0,0,0,-0.180242389812727,0.288223229035394,0.466015197526224,-0.039633407661076,0,0,0,0,0,0,0,0,0,0,0,0,0,0,0,0,0,0,0,0,0,0,0,0,0,0,0,0,0,0,0,0,0,0,0,0.326390353279336,0,0,0,-1.19968323282214,0,0,0,0.581576228104442,0,0,0,0,0,0,0,0,0,0,0,0,0,0,0,0,0,0,0,1.41847694703336,0,0,0,0,-1.1778564012791,0,0,0,0,0,0,0,0,0,0,0,0,0,0,0,0,0,0,0,0.213597255903486,0,0,0,0,-0.31658408848263,0,0,0,-0.813714750238789,0,0,-0.864206300330031,0,0,0,0,0,0,0,-2.3589212114071,0,0,0,0
0,0.646834332203641,-1.43407580840927,0,0.451217350556526,0,-2.40960375262227,0,-0.583491476043607,0,0,0.159654973492617,-0.0628984315582966,0,0.60438533182132,0,0,3.17213943358268,0,-0.918442475029409,0,-0.49920139532543,0,0,-0.538282988138483,0,0,0,4.8450556202247,0,1.33309188643508,0,0.226166480615425,0,0,0,-0.803800659807972,0,0,0,0.78067157887143,-0.43950738659915,0,0,0,1.28770991752202,-5.15117521502062,0,0,0,0,-7.68238081931542,0,0,0,0,-6.30773121324244,0.280857206032963,-0.493560192219277,0,0,2.09975127966572,2.55097428107485,-0.203644827687562,0,0,0,0.900093650042777,0,0,1.66367052116731,0,0,-0.976390951915163,-0.513836709287566,0,0,0.306469369465149,0,0,0,0.319266581506438,0,0,0,0.148042889294473,0,0,-1.63103044495165,0,0,0,0,0,0,0,0,0.345933613897307,0.234062861130342,0,2.46565844548938,0,0.234318213000729,0,0,0,0,0.879454567128237,0,0,0,0,0,-0.806818560935024,0,-3.88396995435978,0.401425332569154,0,0,0.123785215089677,-6.22456216124856,0,0,0,0,0,0,0,0.252367671317984,0,0,0,0,0,-2.16799124882457,0,0,-1.02150174105905,0,0.116221066757884,0,-0.501986565536955,0,0,0,0,0,0,0,-1.14565131918938,0,0,0.874719722337843,0,0,0,0,0.57438915693468,0,0,-1.41643360691174,0,0,1.41285314168864,0,-0.0790950512077837,0,0,0,0,-1.47272008652597,0.200616142164512,-1.34897881125274,0,0,0,5.12294696245043,0,-0.0364404548055499,0,0,0,0,-3.15354884744085,0,0,-0.123635192789421,0,0,-0.501316141310793,2.37479848664675,0.259855334000219,0,0,0,0,0,-0.209784900851771,-0.0241558899259382,0
-0.142856877806172,0.429222867307586,0,0,0,0.122298169885016,0,-11.8548930915113,0.987535210908979,0,0.404764162902765,0,0,0.122864262549141,0,0,0,0,0,1.59415951860001,-0.419110840835986,0.544408043611489,0,0,0,0,0,0,3.11555727896769,0,0,-7.30642780729539,0,0,0,-0.341527098513939,0,0,0,-0.00237790682741057,0,0.994865089660235,0,0.0403549405925057,0,0,-0.904558648395255,0,0,0.984568941255915,0,0,0,-1.89594088423191,0,0,0,0,0,0,1.07780157266217,0,-0.403641201270409,0,0,0,0,0,0,0,0,0,0,0,0,0,0,0,0,-0.611476706888521,-1.14984720723539,-1.17348174102253,-0.199136698413611,0,-1.48230342054282,0,0,0,0,0,0,0,0,0,0,0,0,0,0,0,0,0,0,0,0,0,0,0,0.550873097642584,0,0,0,0,0,0,-1.92608741890485,0,0,0,0,0,-2.27495518222881,0,0,0,0,0,0,0.152918971808432,0,0,0,0,0,0,0,0,0,0,0,0,0,0,-0.770694756292229,0,0,0,-0.240852330190206,0,0,0,0,0,-1.74246392537653,0,0,0,0,0,2.39372948255341,0.0252251440423041,0,0,0,0,-0.117433231714063,0,0,0,0.0323475308431029,0,0,0,0.871460190671796,0,0,0,0,0,0,0,0.809816856869445,0,0,0,0,-0.0552247069976162,0,0,0,0,0,-0.629692250415316,-0.916427590092619,0,-0.403995112232515,0,0,0,0
0,0,0,0,0.0705418414729755,0,-0.133569490169391,0.068220623282264,-0.273710796332766,0,-3.08322665114891,0,0,0.90896816676358,0,0,0,-0.453702818722516,0,0,0,0,0,0.0403451922983933,0,0,-0.935924146571565,0,0.0758553038252869,0,1.26255529788303,-6.71659492907375,0,-0.337710610431876,0,0,0,-0.0397844815581077,0,0,0,0,0,0,0.943573099719561,0,0,0,0.02602121116638,-0.831786172070786,0,0,0,0,0,0,0.242854979349165,0,0,0,0,0,-0.822704752603126,0,0,0,0,0,0,0,-3.55094885182105,0,0,0,0,0,0.182526890614963,0,0,0,0,0,0,0,0,0.671024073638567,0,0,0,0,0,-0.179619937856518,0,0,0,0,0,0,-0.785605993246988,0.26427722065614,0,0,0.378810168146313,-1.6876377535663,0,0,0,0,0.4090461930574,-0.517988975045269,0,0,0,0,0,0,0,0,0,1.50899097097935,-1.04007721839741,0,0,0,0,0,0,0,0,0,0,0,-1.76429060483429,0,0.449018191622474,0.459704782879647,1.06226210258773,0,0,0,2.07515391554732,-0.449859280208113,0,-2.11724940585951,-0.501685698592244,0,0,0,-0.49586153794031,-0.0916855763657101,-1.59724608078107,0,0,0.584195915617886,0,1.34363880866942,0,0,0,-0.00203752864975226,0,0.838772440242825,-0.53019716349605,0,0,0,0,0.110959762274631,0,0,0.444627983935145,0,0,-2.21965470705081,0,-1.22878221455133,0,0,0,0,-0.147838299624904,0,0,-0.7510817128614,0,0,0,0,0,0,0,0,-2.0598509015348,-1.36394669347877,0,0,0,0,1.82526016973951,0
2.04526940509124,0.0710639244200226,0,0,0,-2.0154960952738,0,0,0,0,0,0,1.75765897290742,0,0,0.315822056648957,-0.361116355167536,0,0,0,0,0,2.00007027844935,0,0,1.79640720312384,0,0,0,0,0,0,0,5.92283018083377,0,2.19313917497618,0,0,0,0.399234816174105,-0.813219991142645,0,0,0,0,0,0,0,0.157725797049185,0,0,0,0,0,0,0,0,-0.661634113336529,0,0,0,0,0,0,0.188823275897322,-0.855448131285841,0,0,0,0,0,0,0,-2.10497724121508,0,0.916045215523661,0,2.00811839462208,0,1.98672063342733,0.616934878347945,0,0,0,1.08628197672665,0.673460200476712,0,0,0,0,0,0,0,0,0,-0.333186127539999,0,0,0,0,0,0,-0.671951105171193,-10.5581583631236,0,0.987669338428319,0,0,0,0,0,0,-1.36093599070877,0,0.0750663451814013,5.30952569772552,0,0,0,0.10730700947977,0,1.38937518733879,0,0,0,0,0,0,0.035203811114255,0,0,0,0,0,0,0,0,1.81625184934087,4.96007185804237,0,0,2.28803141093051,0,0,0,0,0,3.88509540873434,0,-0.163860734797141,-1.73855191711637,0,0.725626203452409,0,0,0,0,0.181260374717693,0,0,0,-1.04712187285382,0,0,0,0,0,0,0,0,0,0,0,0,0,0,0,-0.920553320933172,0,0,0.388646468170557,27.4914862233434,0,0,0,0,0,0,0,0,-0.240697521797774,0,0,0,1.74728953883248,0,0,0,0,0.636472036919723
0,0,0,0,0,-0.0561282247247861,0,0,-0.199116604694615,0.552407597775478,-5.67198629907979,0,0,0,0,0,0,-0.459434928684923,0,0.547151394476569,0,0,0,-0.0360562633969066,0,0,0,0,0,0,0,0.066269102586104,0,-0.651152668184082,0,0,0.29904173095917,0.765542184243699,0,0,0,0,0,-0.683086373674323,-1.26450317294991,0,0,0,0,0,0,0,0,0,0,-0.0541030468905253,0,0,0,0,0,0,0,0.356683822807123,0.175740121736508,0,-0.112958732726685,0,0,0,0,1.30714643686596,0,0,0,0.735370134595186,0,0,0.462610241594688,0,0,0,0,-0.00773491510275659,0,0.76757578292352,0,0,0,0,0.235933195149773,0,0,0,0,0,0,0.332094848395283,0,0,0,-2.36132058868359,0.19759187149227,0,0,-0.973828861966826,0,0,0,0,0,0,0,0.00364623745782744,0,0,0,0,0,0.26250895818541,0,0,0,0,0,-0.203788141966909,0,1.19227627968727,0,0,0.150667540957104,0,0,0,0.213919962038579,0,0,2.22268728779197,0,-0.106871802853427,0.982069712026451,-1.43147878255173,0,0,0,6.48982465781621,0.161375057673791,0,0,0,0,0,0,0,0,1.41316940140283,0,0,0.379727418350052,0,0.163668431050812,0,0,0,0,0,0,1.30247423260396,0,0,0.609814912349415,0,0,0,-0.390522621041161,0,0,0,0,0,0,0,0,-0.785447233418975,0,0,0,0,0,0,0,0,0,0,0.318634478510224,-1.24067031162418,2.20112512011998,0,0,0
0,0.032391404308364,-1.24528517206641,0,0.148725821194118,0,0,0,0,0,-1.5808603484533,0,0,0,0,0,0,0,0,0,0,0.536365051819458,0,0,0,-1.71201632392469,0,0,0.330935533739426,0,-0.385726507304761,0,0,0,0,0,0,0,0,0,0,0,0,0,0,-0.546602907437928,1.23619418161257,0,0,0,0,0,0,0.156297969292353,0,0,-1.25068745734311,0,0,0,0,0,0,0,0,0,0,0,0,0,0,0,0,0,0,0,0,0,0,0,0,0,0,0,0,0,0,0,0,-0.0156572717072101,0,-0.668887326155009,0,0,0,0,0,0,0,0,-0.00909940344193538,0,0,0,0,0,0,0,0,0,0,0,0,0,0,0,0,0,0,0,0,0,0,0,0,0,0,0,0,0,0,0,0,0,0,0,0,0,0,0,0,0,0,-0.0135711071000943,0,0,0,0,0,0,0,0,0,0,0,0,0,0,0,0,0,0,0,0,0,0,0,-0.0667584619246611,0,0,0,0,0,-1.30778387740516,0,0,0,0,0,0.273617098007565,0,0,0,0,0,0,0,0,0,0,0,0,0,0,0,0,0,0,0.00925581516945817,0
0,0,0,0,0,0.422114966415412,0,0,0.467811522408905,0,0,0,0,-1.34985744958639,0,0,0,0,0,0,0,-0.366944248031798,0,0,0,-1.98283666911266,0,0,0.0684590618622714,0,1.6376862811535,0,0,0,0,0,0,-1.4167123655337,0,0,0,0,0,-2.35980234084056,0,0,0,0,0,0,0,0,0,0,0,0,-0.840878538459001,0.630292487523655,0,0,0,0,0,0,0,0,0,0,0,0,0,0,-0.00828453582524058,0.0315030255986748,0.105395335512114,0,0,0,0,-5.18788372601434,0,0,-0.74700962710435,0,0,0.830498923970292,0.720475347042274,0.982277286591599,0,-1.87108346337516,-2.30766999116456,0,0,0,0,0,-1.08946903522264,0,0,-1.19029789697918,0,0,0,0,0,0,0,0,0,-1.06230445572801,0,0,0,0,0,0,0,0,0,-0.263979982836841,0,0,0,0,0,0,0,0,0,0,0,0,0,0,0,0,-0.249069668415354,0,0,0,-1.15004647093544,0,0,0,0.39926137153267,0,0,0,0,0,0,0,0,0,0,0.392822426039916,0,0,0,0.058898548053907,0,0,3.27036238067112,0,0,0,0,-0.643689260603201,0,0,0,0,0,0,0,0.151753616817084,-0.140475385879642,0,0,0,0,0,0,0,-0.0970094707792124,0,0,0,0,0,0.236801626125638,0,0.808196489513044,0,0.458566374124133,0,0,0,0,0
0,0,0,0,0.230918849052783,0,0,0,0,0,0,0,0,0,0,0,0,0,0,0,0,0,5.65481173119219,0,0,0,0,0,0,0,0,0,0,0,0,0,0,0,0,0,0,0,0,0,0,0,0,0,0,0,0,0,0,0,0,-0.272084836548708,0,0,0,0,0,0,0,0,0,0,0,0,0,0,0,0,0,0,0,0,0,0,0,0,0,0,0,0,0,0,0,0,0,0,0,0.00887608801044193,0,0,0,0,0,0,0,0,0,0,0,0,0,0,0,0,0,-0.0381593642164006,0,0,0.2567034800986,0,0,0,0,0,0,0,0,0,0,0,0,0,0,0,0,0,0,0,0,0,-0.358771762984705,0,0,0,0,0,0,0,0,0,0,0,0,-5.08757017111981,0,0,0,0,0,0,0,0,0,0,0,0,0,0,0,0,0,0,-0.864133952516385,0,-0.583237512454637,0.170213029466312,0,0,0,0,0,0,0,0,0,0,0,0,0,0,0,0,0,0,0,0,0,0,0,0,0,0,0,0,0,0
0,0,0,0,0,0,0,-0.195352357452299,0,0,0,0,0,0,0,0,0,0,0,0,0,0,0,0,0,0,0,0,0,0,0,0,0,0,0,0,0,0,0,0,0,0,0,0,0,0,0,0,0,0,0,0,0,0,0,0,0,0,0,0,0,0,0,0,0,0,0,0,0,0,0,0,0,0,0,0,0,0,0,0,0,0,0,0,0,-0.169236228757686,0,0.0524945692290091,0,0,0,0,0,0,0,0,0,0,0,0,0,0,0,0,0,0,0,0,0,0,0,0,0,0,0,0,0,0,0,0,0,0,0,0,0,0,0,0,0,0,0,0,0,0,0,0,0,0,0,0,0,0,0,0,0,0,0,0,0,0,0,0,0,0,0,0,0,0,0,0,0,0,0.141228139302905,0,0,0,0,0,0,0,0,0,0,0,0,0,0,0,0,0,0,0,0,0,0,0,0.235150933457328,0,0,0,0,0,0,0,0,0,0,0,0,0
0,1.0516336965334,0.491018168091282,0,0,0,0,0,0,-1.41843937245799,0,0,0,0,1.22866671602155,0,0,0,0,0,0.22495608198804,0,0,-0.0721398243786893,0,0,-0.566890119573539,0,0,0.153555723866259,0.338319288218477,0,0,0,0,0,2.16491666732771,0.205727160147639,0,0,-0.0237809388925561,0,0,0,0,-0.194023487968339,0.604305060984996,0,0,-0.146340482307254,0,0,0,0,0,0,0,0,0,0,0,0.573041057881657,0,0,0,0,0.719150388463529,0,0,0,-0.537617522251248,0,0.19461313497361,0.0397485690525434,0.243344160087663,0,0,0.714814163853163,0,-0.816851199862565,0,0,0.647427520372383,0,0,0,0,0,0,0,0,-1.39224215034565,0.428816848546349,0,-0.578244836710746,0,0,0,0,0,-0.430657130692396,0,0,0,0,0,0,0,0,0,0.122600978154015,0,0,0,0,0,0,-0.676681694130424,0,0,0,0.201370857358425,0,0,0,-1.23915377980939,0,0,0,0,0,0,0,0,0,0,0,0,0,0,0,0.0883201415546016,0,0,0,0,0,0,0,0.0843862534127384,0.884901998953491,0,0,0,1.72613982407416,0,0,0,0,2.06830850612271,0,0,0,0,0,0,0,0,0,0,0,0,0,0,0,0,0,0,0.611396537040538,0,5.48754972982635,0,0,0.0427065260722914,0.811582395142494,0,0,0,0,0,0,0,0,0,0,0,-0.038374463684268,0,0,0
0,0,0,0,0,0,0,0.860527948781068,0,0,0,0,0,0,0,0,0,0,0,0,0,0,0,0,0,0,0,0,0,0,0,0,0,0,0,0,0.408521169791327,0,0,0,0,0,0,0,0,0,0,0,0,0,0,0,0,0,0,0,0,0.500925360270923,0,0,0,0,-1.08578773026437,-0.420647079288262,0,0,2.19135258893164,0,0,0,0,0,0,0,0,0,0,-0.0198216631105508,-0.00566157711455428,0,0,0,0,0,0.310308354742625,-0.699951922699314,0,0,0,0,0,-0.256669039898784,0,0,0,0,0,0,0,0,0,0,0,0,0,0,0,0,0,0,0,0,0,0,0,0,0,0,0,0,-0.357142625368744,0,0,0,0,0,0,0,0,0,-1.18330642008197,0,0,0,0.0799008636605945,0,0,0,0,-0.0961618625376515,0,0,0,0,0,0,0,-0.117192251492952,0,0,0,0,0,0,0,0,0,0,0,0,0.72372554944988,0,0,0,0,0,0,0,0,0,0,0,0,0,0,0.518804298147812,0,0,0,0,0,0,0,0,0,0,0,0,0,0,0,0,0,0,0,-0.352009699530646,0,0,0,0
0,0,0,0,0,0,-0.0120569702179987,0,0,0,0,0,0,0,0,0,0,0,0,0,0,0,-0.407344683116545,0,0,1.79373743580386,-0.0536153135519513,0,0,0,0.242848708930459,0,0,0,0,0,0,0,0,0,-0.0667634754185276,0,0,0,0.239995272894681,0,0,0,0,0,0,0,0,0,0,0,0,0,0,0,0,-0.0106808962076697,0.130980887488747,0,-0.192387755140085,0,0,-0.252615188064211,0,0,0,0,0,0,0,0,0,0,0,0,-0.0789722434633298,0,0,-1.02554324226028,0,0,0,0,0,0,0,0,0,0,0,0.139199340680371,0,0,0,-0.401943483800094,0.0110266828049257,0,1.07017301882506,0.550380662704683,0,-0.132919547894598,0,0,0,0,0,0,0,0,0.975799284340457,0,0,0,0,0,0.826346491079627,-0.198965139632953,1.30315205187044,0,0,-0.000767867190429872,0,0,0,0,0,-0.168518432866464,0,0,0,0,0,0,0,0,0,0,0,0,0,0,0,0,0.567869512321698,0,0,0,0,0,0,0,0,0,0,0,0,0,0,0,0,0,0,0.149927435584371,0,0,0,0,0,-0.44121676905059,0,-0.416507919656215,0,-0.197919708118489,0,0,0,0,0,0,0,0,0,0,0,0,0,0,0,0,-0.897053863417395,0,0,0,0,0
0,0,0,0,0,0,-0.271515960651595,0,0,0,0,0,0,0,0,0,0,0,0,-0.000838400104284265,0,0,0,0,0,0,-0.0221255528084021,0,0,0,-0.797945140097218,0,0,0,0,0,0,0,0,0,0,0,0,0,0,-0.0289144410634594,0,0,0,0,0,0,0,0,0,0,0,0,0,0,0,0,0,0,0,0,0,0,0,0,0,0,0,0,0,0,0,0,0,0,0,0,0,0,0,-0.494952365253321,0,0,0,0,0,0,0,0,0,0,0,0,0,-0.261743968116982,0,0,0,0,0,0,0,0,0,0,0,0,0,0,0,0,0,0,0,0,0,0,0,0,0,0,0,0,0,0,0,0,0,0,0,0,0,0,0,0,0,0,0,0,0,0,0,0,0,0,0,0,0,0,0,0,0,0,0,0,0,0,0,0,0,0,0,0,0,0,0,0,0,0,0,0,0,0,0,0,0,0,0,0,0,0,0,0,0,0,0,0,0,0,0,0,0,0,1.20131874965048,0
0,0,0,0,0,0,0.415278667649075,0,0,0.060226870710778,0,0,0,-0.438474510417717,0,0,0,0,0,0,0,0,0,0,0,0,0,0,0,0,0,0,0,0,0,0,0,0,0,0,0,0,0,0,0,0,0,0,0,0,0,0,0,0,0,0,0,0,0,0,0,0,0,-0.177416073305786,0,0,0,0,0,0,0,0,0,0,0,0,0,0.359192611182577,0,0,0,0,0,0,0,0,0,0,0,0.0560856451285354,0,0,0,0,0,0,0,0,0,0,0,0.0713225101701087,0,0,0,-0.0836201328588004,0,0,0,0,0,0.610655615749844,0,0,0,0,0,0,0,0,0,0,0.177677555695573,0,0,0,0,0,0,0,-0.206693937505553,0,0.483431099402837,0,0,0,0,0,0,0,0,0,0,0,0,0,0,0,0,0,0,0,0,0,0,0,0,0,0,0,0,0,0,0,0,0,0,0,0,0,0,0,0,0,0,0,0,0,0,0,0,0,0,0,0,0,0,0.340739178099545,0,0,0,0,0,0,0,0,0,0,0,0
3.12106302544738,0.520347154352446,0,0,0,0,-0.337984133719039,-0.234090917139191,0.907318989492614,0,0,0,0.213090477774816,0,0,-0.580462138292271,0,0,0,0,0,0,0,0,-1.89234054469484,0,1.31762440821766,0,0,0,1.14311133184321,0,0,0,0,0,0.485250990617951,0.202353257473485,0,0,0.831709725156684,0,0,0,0,0,0,0,0,0,0,0.625374692526621,0,0,0,0,0,0,-1.14392837671444,0,0,0,0,0,-1.0841243156125,0,0,0,0,0,0,0,0.511868779710575,0,0,0,0,0,0,0,0,-0.607155580788126,0,0,1.4991754418065,0,0,0.535896709142166,0,0,0,-0.557466079613207,0,0,0,0,0,0,-0.112890077931765,0,0.387832919599655,-0.376772826882091,0.804632397758984,0,0,0,0,-0.574370816872187,0,0,0,0,0.183296342924216,0,0,-0.0269529613637114,2.17645557645193,0,0,-1.88959627005055,0,0,0,0,0,0,-0.96227971174938,0,0.300123022500351,0,-0.221788845557689,-0.418811603128382,0,0,1.08315640868299,0.301022399198587,0,0.357935080699827,0,0,0,0,0,0,0,0,0,0,0.230465330544081,0,1.36969708941952,0,0,0,0.149159558337712,-0.117122168441311,0,-0.913357308877155,0,0,0,0,-1.11731093756533,0.284116660092811,0,0,0,0,0,0,-0.55479463577391,0,0,0,0,0,-1.01661401365859,0,-0.278455204101606,0,-0.271303986920162,4.92846103967408,0,0.614874008781283,0,0,0,0,0,0,0,0,0,0.250672962710927,0,-0.449061100570584,0,0,0,-0.633651695974955
0,0,0,0,0,0,0,0,0,0,0,0,0,0,0,0,0,0,0,0,0,0,0,0,0,0.237361171183481,0,0,0,0,-0.265496008583919,0,0,0,0,0,0,0,0,0,0,11.6503046568968,0,0,0,0,0,0,0,0,0,0,0,0,0,0,0,0,0,0,0,0,0,0,0,0,0,0,0,0,0,0,0,0,0,0,0,0,0,0,0,0,0,0,0,0,0,0,0,0,0,0,0,0,0,0,0,0,0,0,0.260890069950872,0,0,0,0,0,0,0,0,0,0,0,0,0,0,0,0,0,0,0,0,0,0,0,0,-0.0812903901454944,0,0,0,0,0,0,0,0,0,0,0,0,0,0,0,0,0,0,0,0,0,0,0,0,0,0,0,0,0,0,0,0,0,0,0,0,0,0,0,0,0,0,0,0,0,0,0,0,0,0,0,0,0,0,0,0,0,0,0,0,0,0,0,0.710410627569702,0,0,0,0,0,0,0,0,0.154320073524873,0
0,0,0,0,0,0,0,0,0,0,0,0,0,0,0,0,0,0,0,0,0,0,0,0,0,0,0,0,0,0,0,0.244951148194985,0,0,0,0,0,0,0,0,0,0,0,0,0,0,0,0,0,0,0,0,0,0,0,0,0,0,0,0,0,0,0,0,0,-0.68693068196439,0,0,0,0,0.191376676293717,0,0,0,0,0,0,0,-0.868782830202044,0,1.57179348593351,0.0234512288685644,0,0,0,0,1.46610623432382,0,0,0,0,0,0,0,0,0,0,0,0,0,0,0,0.33915965411851,0,0,0,0,0,0.144890625989458,0,0,0,0,0,0,0,0,0,0,-0.209106213867593,0,0,0,0,0,0,0.45599084192691,0,0,0,0,0,0,0,0,0,0,0,0,0,0,0,0,0,0,0,0,0,0,0,0,0,0,0,0,0,0,0,0,0,0,0,0,0,0,0,0,0,0,0,0,0,0,0,0,0,0,0,0,0,0,0,0,0,0,0,0,-0.88073039982512,0,0,0.303843525625466,0,0,0,0,0,0,0,0,0
0,0,0,0,0,0,-1.28958385035753,0,0,0,0,-0.0511899411438148,0,0,0,0,-0.0273020842536242,-0.260675721980344,0,0,0.726976810022163,0,1.16616983462353,0,0.37289572496188,0,0,0,-0.438145171654528,0,-0.179720134059497,0,0,0,0,0,0,0,0,0,0,0,0,0,0,0,0,0,0,0,0,0,0,0,0,0,0,-0.594589817512062,0.18010741824425,-0.121862793259881,0,0,2.14771117719596,0,0,0,0,0,0,-0.0322477562596144,0,0,0,0,0.0149479385736737,0,0,0,0,0,0,0,0,-1.34015525088199,0,0,0.0569129273904614,0,0.688275632985951,0,0.43964960372837,0,0,0,0,0,0,0,0,0,0,0,-0.0782490437063894,0,0,-0.235272486035332,0,0,0,0,0,0,0,0,0.0616326677941879,0,0,0,0,0,0,0,0,0,0,0,0,0,-0.380712847443329,0,0,0,0.13373255204382,0,0,0.189619386390781,0,0,0,0,0,0,0,0,0,0,0,0,0.194700385847808,0,0,0,0,0,-0.370210806835967,0,0,0,0,1.74268442551155,0,0,0.580583641066161,0,0,0,0,0.0994973753683825,0,-0.343640134859127,0,0,0,0,0,0.124154692797589,0,0,0,0,0,0,0,0,1.09083147104011,0,0,0,0,-0.0682231878054635,0,0,0,0.958082669785516,-0.411217411561484,0,0,0,0,0
0,0,0,0,0,0,-0.00832231921773907,0,0,0,0,0,0,0,0,0,0,0,0,0,0,0,0,0,0,0,0,0,0,0,0,0.969437783900314,0,0,0,0,0,0,0,0,0,0,0,0,0,0,0,0,0,0,0,0,0,0,0,0,0,0,0,0,0,0,0,0,0,0,0,0,0,0,0,0,0,0,0,0,0,0,-0.28304833182101,0,0,0,0,0,0,0,0,0,0,0,0,0,0,0,0,0,0,0,0,0,0,0,0,0,0,0,0,0,0,0,0,0,0,0,0,0,0,0,0,0,0,0,0,0,0,0,0,0,0,0,0,0,0,0,0,0,0,0,0,0,0,0,0,0,0,0,0,0,0,0,0,0,0,0,0,0,0,0,0,0,0,0,0,0,0,0,-0.426204928427754,0,0,0,0,0,0,0,0,0,0,0,0,0,0,0,0,0,0,0,0,0,0,0,0,0,0,0,0,0,0,0,0,0
0,0.310578443422618,1.82965494256714,0,1.35501643605059,0,0,0,0,0.223629337137471,0,0,0,0,0,0,0,-1.45488271437754,0,0,-0.194914772868628,0,0,0,0,0.328231340535991,0,0,0,0.80806273241811,0,0,0.194915911941481,0,0,0,0,0,0,1.18605485117133,0,0,0,2.14608961817963,0,0,-2.05277675570363,0,0,0,0,2.66544869661556,0,0,0,0,-9.56690522497912,0,-0.451703821707341,0.350376198835566,0,-2.74742379863417,0,-1.96805188220929,-0.706583573890465,0,-0.33374897390661,-0.746828388024396,0.189978073024946,0.665521238552804,2.81616978823847,0,-0.693388605745236,0.279705812910433,-1.01713184962679,0,0,0.5013491482417,0,0,2.53171163704644,-1.73712313141162,-1.33839804836105,0,0,-0.219352820600818,0,-0.735221244447393,0,0,0,0,0,0,0,0,0,0,-0.121609274879837,1.07844267064134,-1.43095578642794,0,0,0,0,0.0758164213888533,0,1.33401596394571,0.153489701209809,-3.21463879804663,0.106103251370233,-1.56495506195083,0,0,0,0,12.9508333011606,0,0,0.600372251158575,-4.36614662251116,0,3.15334842538922,0,0,0,-1.96741729438412,0,0,0.940398388299452,2.36211864362681,0,0,0,0,-1.08474757043585,0,0,0,0,0,-0.39606933356533,0,0,0,0,0,0,0,0,0,0,-0.328827443580815,1.25756441631056,1.09835684579841,0,0,0,-0.0107277708657827,0.515969842827876,-1.29314790758709,0,0,0,0,0,0,0,0,0,0,0,0.344705044242354,0,0,0,-0.231127437054976,2.01992933734478,-0.972670641171641,4.33155858106068,0,0.0531417325003158,0,0,0,0,0,1.11919723363768,0,0,0,-0.127146019169021,-0.416558142948072,0,0,0,0,0.345020849756591,0,0.0403440741201762
0,0,0,0,0,0,0,0,0,0,0,0,0,0,0,0,0,0,0,0,0,0,0,0,0,0,0,0,0,0,0,0,0,0,0,0,0,0,0,0,0,0.370765854746005,0,-0.263651434892587,0,0,0,0,0,0,0,0,-0.0725407306769181,0,0,0,0,0,0,0,0,0,1.91825019165711,0,0,0,0,0,0,0,0,0,0,0,0,0,0,0,0,0,0,0,0,0,0,0,0,0,0,0,0,0.0459345386236196,0,0,0,0,0,0,0,0,0,0,0,0,0,0,0,0,0,0,0,0,0,0,0,0.192270839723325,0,0,0,0,0,0,-0.204105604012883,0,0,0,0,0,0,0,0,0,0,0,0,0,0,0,0,0,0,0,0,0,0,0,0,0,0,0,0,0,0,0.260622966795915,0,0,0,0,0,0,0,0,0,0,0,0,0,0,0,0,0,0,0,0,0,0,0,0,0,0,0,0,0,0,0,0,0,0,0,0,-0.047400065507057,0,0,0,0,0,0,0,0,0
0,-1.25295647459297,0,0,0,0,0,5.31779597048178,-1.25846660493234,0,0,-1.99558674204118,0,0,0,0,0,0,0,-1.24430581368245,-0.448231264865011,0,9.01539648203355,0,0,0,0,0,13.3968282953896,0,2.49152584392893,-0.234631473941566,0,-0.271155534632818,0,0,0,-1.23442626198734,0,0.347139098756436,0,0,0.0196144351395298,0,0,0,0,0,0,0,0,0,0,3.00832431044358,0,1.481436635964,0,0,-0.126986460188456,0,0,1.18740707087101,-0.882434352138918,0,0,0,0,0,0.385603215985709,-0.302709515089334,-0.334358911444593,0,-0.712883666377725,-0.455665284824363,0,0,0,0,-1.48805236528308,0,0,4.64667193989833,0,-0.326375322270277,2.02481335066527,0,0,0,0,0,0,0,0,0,-2.37357125524042,0,-1.24660436939308,2.47123815593089,0,0.00492444606742559,-0.541655770567747,0,1.97878914886257,0,0,0,0,2.84957973961486,0,2.38403955640993,0,0,0.992548925098584,-1.43737705398506,0,3.31772663343661,0,-0.364541700726117,0,0,8.92599211374237,5.39640956919572,1.33200808440979,0,0,0,0,0,0,0,0,0,0,0,-0.00543553634008109,0,0,4.66656933432681,0,0,0,0,0,-2.05964943041588,0,0,0,2.19407755240807,-1.47083588036517,-0.10742748723713,0,0,0,-1.96361949976163,0,-2.1109980301468,0,0,0,0,0,0,0,0,0,0,0,0,0,0,-1.37189477591644,0,-0.679236287672167,0,0,-3.97710381092564,0,0,-1.81145409547094,-5.53764378219491,0,0,0,8.10431401838639,-2.9582776673931,0,0.511220295463104,0,0,0,-0.0691402710512656,0,0,0,0,0,-2.1921693444703,2.00204081375468,0,-0.166314958236873
0,0,0,0,3.76424348453229,0,0.342762346477398,0,0.354270673783831,0,0,0,0,1.23281892475188,-1.60624938627905,0,1.24362031351523,0,0,0.0194740431275124,0,0,4.15194919381223,0,0,0,1.05189574625453,0,0,0,0,0,0,-2.71286736848818,0,0,0.600504203950308,0,0,0,-0.627359869458561,0,1.14159691059382,0,0,-2.15986172865122,0,0,0,0,0,0,0,0,0,0,0.500516441759585,0.931332479654134,0,0,0,0,0.853748521482448,0,0,-2.80183464554339,-0.282871519935657,0,0,0.0272361619430577,0,0,0,0.740204586195111,0,0,0,0,0,5.99327063656998,0,0,-0.195533374006147,0,0.0310897284662077,-4.73992586331852,0,-2.90302655499225,0,0,0,0,0,0,-0.604081079599686,0,0,0,0,0.702511938882986,0,0,1.57793181938029,0,0,0,0,0,0,-2.11668866322203,0,0,0,0,-0.0366926187654399,0,0,0,0,-0.696572070010763,4.69759349036649,0,0,0,0,0,0,0.646283576409327,0.436565578698419,0,0.321852035246577,0,0,0,-0.281211642496057,0,0.586008474332878,0,-0.0266452692532497,1.96395382408621,0.429847080791419,0.781771567987755,0,0,0,0,0,0.232807149071599,0.608845172800096,0,0,-0.234027842743367,1.86719709422694,0.272890487891555,0,0,0,0.0361938435594944,0,0,-1.2471829398202,0,0.433796566523789,-0.484402127293245,0,0,0,0,0,0,0,0,0,0,-0.90927303813842,-1.7687551257637,0,0.16845678479089,0,0.436793509208067,0,0,0,5.07805733343576,-0.309441629459726,0,1.68122297861824,0,0,0.8933337689452,0.227231998996262,0,0.512044571650997,0.105954721914632,0,0,-0.0720453453308831,0,0.587758030900298,0
0,-0.143460788463949,0,0,0,0,0,0,0,-0.109540111192734,0,0,0,-0.118653700476909,0,0,0,0,0,0,0,0,0,0,-0.72005317108272,-0.638147902155219,0,0,0,-0.182696671505265,0,0,0,0,0,0,0.590460772674993,-0.368714697221757,0,-1.05234199886969,0,0,0,0,-0.653788049377115,0,-0.0136835257907124,0,0,0.0771644004275149,0,-0.462911542011417,0,0,0,0,0,-0.351251480407325,0,-0.479978523922928,0,0,0,0,0.0767472492878138,0,0,0,-0.555198493879082,0,0,0,0,0,0,-0.970566953754401,0,0.0226757534787203,-1.83835754670495,0,0,0,0,-0.60241226635923,0,0.129100366377869,0,0.470974999216027,0,-5.63202228649616,0,0.299385704697999,0,0,-0.793756292971425,0,0,0,0,0,0,0,0.373365515862851,0,0,0,0,0,0,0,0,-0.943359225053277,0,0,0.0529122427594866,0,0,0,0,0,0,0,0,0,0,0,0,0.314086991270152,0.594699826107561,0,0,0,0,0,0.673924295875978,0,0,0,0,0,0,0,0,0,0,0,0,0,-1.49442072956192,0.0166853347278042,-1.07892082210724,0,0,0,0,0,0,0,-0.0480915044431773,0,0,0,0,0,0,0,0.180889883917059,0,-0.0917283958610466,0,0,0,0,0,1.20889958326779,0,0,1.02302215134441,0,-0.717438315236687,0,0,0,0,0,0,0.185290200326643,0.263578058742576,0,0,-0.0625069763413539,0,0,0,0,-10.2659412888553,0,-1.29221294029501,0,0
0,0,0,0,0,0,0,0,0,0,0,0,0,-0.782624024769024,0,0,0,-0.0548086419739109,0,0,0,0,0,0,0,0,-0.0533606702602247,0,0,0,0,0,0,0,0,0,0,0,0,-0.251509331722201,0,0,0,0,0,0,0,0,0,0,0,0,0,0,0,0,0,0,0,0,0,0,0,0,0,-1.79811402400378,0,0,0,0,0,0.182281299324594,0.571703822886081,0,0,0,0,0,0,0,0,0,0,-0.0120536483380629,0,0,0,-0.386272197249203,0,0,0,0,0,0,0.393369207294773,0,0,0,0,0,0,0,0,0,0,0.581639355015967,0,0,0,-0.207078351815716,0,0,0,0,0,0,0,0,0,0,0,0,-0.0339863273716263,0,0,0.29277358661169,0,0,0,0,0,0,-1.10952414968835,0,0,0,0,0,0,0,-1.00598101909131,-0.28662962597732,0,0,0,0,0,0,0,-0.135808302550997,-1.83489191676117,0,0.0372130759365903,0,0,-1.91392836359188,0,0,0,0,0,0,0,0,0,0,0,0,-2.05415184037205,0,0,0,0,0,0,0,0,2.03145845065961,0.175878715062477,0,0,0.223432559179185,0,0,0,0,0,0,0,0,0,0,0,0,0.438135656800924,-1.20074891130538,0,0,0,0
-0.283544053984655,3.70284542167203,0,0,0.220803937749624,-0.0878473657560968,0.963861790966547,0,0.738586263926815,0,0,0,0,-0.224262120007275,0,0,0,0,0.574944929231533,0,-2.44517505893832,0,0,0,0.907774131937066,1.10301934201604,-1.37949301545427,0,14.3194203108111,0.498433489987355,0.33874354013042,-0.651314434543125,0,-1.51280480733817,0,0,-2.33666477790104,0,0,0,0,0,0,0,0,0,0,0,0,0,0,1.19463439848781,-0.0923884863587527,-1.55102736632441,0,0,-2.84189890802189,0,0,0,0,-0.597534252381065,3.56969905404676,-2.46859869965224,1.24995056283983,0,0,0,0,0,0,0,0,-0.0532507905900319,0,0,0,0,0.72684033762804,0,0,-1.68305124144372,0.905259079744681,0,0,0,0,0,0,1.24998747218416,0.759700852103872,0,0,0,2.80334016572564,0,0,0,1.00229285772034,0,0.255224492029389,0,0,0,0,0,0,0,0,-0.0475628781678155,0,0,0.430243698553773,0.367966495771757,0.649262569731811,0,0,0,-0.215876203013043,0,-3.10130925818159,-1.25628161170549,0,-0.191245701760528,0,0,0,0.580515550881006,0,0,1.40998078736285,0,0,0,-2.49708075887836,0,0,0,0,0,0.434023575233471,-1.6517109537826,0.332638112471452,0,0,0,-0.219243645576662,0,0,3.46336195925063,0,-0.648517442911353,1.10541509098348,0,-0.241651446865861,0,0.628531446585579,0,0,0,0,0,0,0.796785769872201,0,-0.350363152378484,0,-0.584919144322824,0,0,0,0,0,0,0,-0.885069548071077,0,1.2287771232977,1.16285242280107,0,0,0,0,0,0,0.459239465554116,-0.326946309966427,-0.313242345062921,0,0,0.584049849290851,0,0,0.599360206639254,0,0,-0.642012156027123,0,0.709289021576485,-2.05873781002997
0.177626226040065,0.714596101746853,0.913617983169527,0,0,0,-2.4369128696984,3.42871546166527,2.88210882510453,0,0,-0.79003908432538,0,2.45791560794316,0,0,0,-0.589121277391712,0,-0.305138796816066,0,0,0,0,-0.407076213714415,0,0,-0.097822792052948,-1.11087466276551,0,0,0,0,-3.05085603470516,0,-0.844596807823107,0,0.84703180162183,0,0,-0.884162904774412,0,0,0,1.35181081933728,0,0,0,1.58333089813311,-1.84550783448625,0,0,-0.433703556934819,0,0,0,-1.3064332894124,-1.42824483910873,0,0,-2.42219277100663,0,0.820926622398724,-1.75394868961697,0.774217630093336,-1.44638330392097,-0.153656394984241,-2.32904510984672,0,0,0,0,0.304895857032894,0,-0.275662493932785,0,0,0,0,0,0,-2.08401547522015,0,0,0.513805105159792,2.22003117821181,0,0,0,0,-0.837335942100518,0,0,0,-3.05115559510923,0,0,0,0,0,0.61880348111672,-1.34029602489371,0,1.43153442497449,0,0.278457682702687,0,0,0,0,1.20640220426749,0,0,0,0.702669043389901,0,0,0.153078151993532,0,0,0,4.51771095715152,0,0,0,0,-1.66747482801477,0,0,1.09506007146908,0,0,0,0,-2.77488072785603,0,-4.02122694265532,0.483675836388715,0,-1.40064052557585,0,-0.488348643193789,0,0,0,0,0,0,-0.13247446769874,-0.179301853913674,0,0,0,0,-1.14283556053776,2.80322422335854,0,0,0,0,-0.473066686092755,0,3.27710115995974,0,0.660827415642885,0,0.607581832817394,0,0,0,0,-0.226062019503901,0.429833314561439,0,0,0,0,0,0,0.978268388067593,0,0,0,0,-0.0373258448373781,0,0.937357531226954,0,0,0,0,0,0,0,0,0,0,-1.7557014778594,-1.49174250519799,0
0,-0.370613285712202,0,0,0,0,0,0,0,-0.466810681394784,-1.99785782041465,0,-0.388474038863339,-1.74313492167322,0,-0.203929975465569,0,0,-0.731823892217087,0,0,0,0,0,0,0,0,0,-3.86193331152934,0,0,-0.751117967169399,0,-2.51831157210929,0.510533557824229,0,0,-1.13376388573748,0,0,0,0,0,2.51004351584624,1.62318383150141,0.00199320592671159,-5.41066280951499,0,0,0,0,-1.28123626157431,0,0,0.416114526020285,0,0,0,0,0,0.0374674197784826,-0.785762589148932,-0.874439017299674,0,0,0,0,0,0,0,0,0,0,-0.5202485245662,0,0,0,0,0,0,0,0,-0.760998673815392,0,-2.41700610251845,-0.725461797896001,0,-11.8711119439745,0,-1.34344168445627,1.76614295097952,0,0.374358532209633,0,0.395189108214177,0,0,0,0,0,0,0,0,3.19376138375524,-0.959374353951729,0,0,0,0,0,0,1.69787407930493,0,0,2.55488375416608,0,0,0,0.890192583614056,2.83287199235855,-0.982246006461358,-1.3386925420685,0,0.0230363952675752,0,1.29777848633225,0,-0.709978323983711,0,-0.765837056174929,0,-1.74424533716917,-0.188331413753853,0,0,-0.0527618683257018,0,-0.929580824822653,0,4.91195330418752,0,-0.212142514814563,0,0,-0.165909546774357,0,0,0,1.20644050196639,0,-1.34332674441683,0,0,-1.26209502722024,0.129651077309506,-0.128525870356386,0,0,0,0,0,0,0,0.354079238703551,-0.113943158748317,0,0,0,0,0,1.55097718204197,0,0,1.28672030066397,0.263645186215149,2.79364285196664,0,2.49064770973469,-0.357010674198384,0,-0.0101561059789115,-2.49265738845939,1.69726318845947,0,0,-2.77883263240968,0,0,0,0,0,0,0,0,3.26370823822764,-0.4818654694173,0,0,1.81976317217604,0
0,0.798532621879938,0,0,0,0,1.06163790208868,0,0,-1.23513497132782,0,0,0,0,0,0,0.288940185849575,0.593049196814443,0.123146076217548,0,0,0,2.55982750076641,0,0,2.66484785357496,0,0,0.0410592844452446,0,0,0.100936242351885,0,0,0,0,-0.967146667031463,-0.912876600851351,0,0,0,0,-0.059489735326417,2.76934515786011,0,-1.05431872039608,0,0,0.0338303498977786,0,0,0,-0.923242116439694,0,0,0,1.87478459357267,0,0,0,-0.576324201184484,-2.60722067239064,8.08993946105232,0,2.04494541193418,0,0,2.03126218325249,0,0,0,0,0,-0.659637307095449,0,0,0,0,0,0,0,0,2.93710423355359,0,0,0,0,0,-1.17625642229791,6.5548032938989,0,0,0,0,0,1.0871035816573,0,0,0,0.467946064939245,-0.170561100460549,2.05094290636943,0.595895258169413,0,0,0,0,0.796522450675999,0,0,0,0,0,0,0,1.81619360820465,0,0.110135375325985,0,0,-0.122125135812351,0,-2.21131748635908,0.0455331607745231,0,1.34569162088831,0,0,0,0.85565383139572,0,0,-1.44592149331161,0,-1.76563664416392,0,0,0,0,0,0,0.104645217847518,0,0.249106518847128,0,0,0,3.42197512786156,-0.890278537311919,0,0,-0.478467903407426,0,0,-0.401307116131845,1.09734402422414,0,0,0,-1.14579561056154,0,-0.794312760949182,1.62454456842,0,0,0,0,0,-0.441172790005863,0,-1.08026489317175,0,0,0,0,0.895344987676931,0,0,0,0,0.830856537777673,0,0,0,0,0,0,0,0,0,0.866063187959681,0,0,0,-1.37503502165835,0,-0.231053077298627,-0.655048379531366,0,0
0,0,0,0,0,0,-0.126785572775198,0,0,0,1.15038244348997,0,0.0110099664558714,0,0,0,-0.990862200252637,0,0,0.660608389331292,0,0,0,0,0.96957715805268,0,0,0,-0.332916667279076,0,0,0,0,-0.567597741016181,0,0,0.343906664944432,0,0,0,0.0867691157538368,-0.761962301537137,0,0,0,0.134212505630454,-1.41588240978058,0,0,0,0,0,0,0,0,0,0,0,0,0,0,0,4.66996120183646,0,0,0,0,0,0,-1.19082683597034,0,0,0,-0.168142670183072,0,0,0,0,0,0,0,0,-0.798329208839228,0,0,0,0,0,0,-0.423812959511165,0,0,0,0,-0.954916690257812,0,0,-0.787949051384676,-0.16448756846138,0,0.402410206325371,0,0,-0.242257887536008,0,-0.00960565684830517,0,0,-1.0008933298771,0,0,0,0,0,-0.448687138495937,0,0,0,0.111083501211529,0,0,0,0,0,0,0,0,-0.228161760333401,0,0,0,0,0.122797416735895,0,0,1.41131039033859,0,0,0,-0.612411380835855,-0.366235848310549,-0.164925151012332,0,0,0,0,0,0,0,0,0,0,0,0,0,0,0,0,0,0,0,-0.766124330176102,0,0.536627145567969,0,0,0,0,0,0,-0.459074338912037,0,0,0,0,0,0,0,0,0.0170257580916697,0,0,0,-0.991549878106631,0,0,-3.99165351027349,0,0,-1.30439764483113,0,0,0,-0.57911191940862,0,0,0,0,0,0
0,0,0,0,0,1.35693255883233,0,0,0,0,-3.03600100375366,0,0,11.7641596874208,0,0,0,0,0,0,0.593731326347499,-0.957354543458021,0,0,0,0,0,0,2.09138260093862,0,0,0,0,1.41251596366906,0,0.59431490070769,0,0,0,-1.03863741821622,0,0,0,0,0,-0.454558217896182,0,-0.557151448342171,0,-0.928784492627277,0,0,-0.356869696172627,0,0,0,0,0,0,0,-0.358214042538347,0,0,0,0,-0.697484190508858,0,0,0,3.73859030740419,0,0,0,0,-0.0675519240183329,0,0,0,0,0,0,0,0,0.731841397023851,-0.685209153098009,0,0,0.699140834433972,0.394681582049945,0,0,0,0,0,0,1.48993858832891,0,-0.881404622978173,0,0,0,0,0,0,1.00455047363311,0,0,0,0,0.0122591072445375,0,0,0,0,0,0,0,0,0.601050239300211,0.033522635074966,0,0,0,0,0,-0.260521635926612,0,2.26730493361932,0,0,-2.85855822684396,0,0.096505230206912,0,0,-0.204611731977718,-0.29577714510497,0,0,0.185164891767589,0,0,0,-1.86801316844392,0,0,0,-0.446676041306363,0,0,-1.74867618188181,0,0,0,-0.326897030237802,0,0.461059022126658,0,0,1.84249671262071,0,0,1.19920633916381,0,0,0,0,0.0428288978235287,0,0,0,0,0,-0.941639140290883,0,0,0,0,0,-2.10901867958605,0,0,0,0,0,0,0,0,0,0,0,0,0,0,0,0,0,0,0,0
-0.385633673840853,0,1.24886906982191,0,0,0,0,0,0,0,0,0,0,0,0,0,0,-0.160008966024669,0,-0.503674828357646,0,-0.596336194131879,1.71315879841078,0,0,0,0,0,0,0,0,0,0,0,0.0162158444242402,0,0,0,0,0,0,0,0,0,0,0,0,0.0194446859544199,0,0,0,-0.176026681595075,-1.64586305698002,0,-0.209325780266886,0,0,0,0,0,-0.815031567290329,0,2.01237491719473,1.81284450056881,0,0,0,0,0,0,-1.62598733176959,0,0,0,0,0,0,0,0,0,0,0,-1.78360924717824,0,0,0.448207698897405,0.0285323513167732,0,2.15088322502375,0,0,0,0,0,0.307178554144239,0,0,0,0,0,0,0.580157173039567,-0.475458441310289,0,0,0,0,0,0,-0.635835063547482,0,0,0,0,0,0,0,0,0,-0.142348735529759,0.228877385660119,0,0,0,0,0,-0.0302922164990007,0,0,0,0.993064173515997,0,0,0,0.396624867682454,0.256114010743668,0,0,0,0,0,-0.255892993569615,0,0,0,0,0,0.841883208524982,1.04672904181823,0,0,-0.235309834646992,0,0,0,0,0,0,0,1.10010052157248,0.48526673593696,0,2.82059610767392,0,0,0,0,0,0.00779697140814228,0,1.21431606416512,0,0,0,0,-0.756203613229639,0,0,0,0,0,0,0,0,-0.0436740437211203,0,0.741585146113417,0,0,0,-1.73592271555029,0,0,0,0,0,0,0,0,0
0,-0.575733789285631,0,0,0,0,0,0,0,0,0,0,0,0,0,0,0,0,0,0,0,0,0,0,0,0,0,0,0,0,0,0,0,0,0,0,0,0,0,0,0,0,0,0,0,0,0,0,0,0,0,0,0,0,0,0,0,0,0,0,0,0,0.550223046969986,0,-0.0670674017389528,0,0,0,0,0,0.771895679934101,0,-0.0886982922978721,0,0,0,0,0,0,0,0,0,0,0,0,0,0,0,0,-0.0410732218775367,0,0,-0.245371916947025,0,0,0,0,0,0,-1.01789693854529,1.38948288176098,0,0,0,0,0,0,0,0,0,0,0,0,0,0,0,0,0,0,0,0,-0.0873812542238379,0,0,0,0,0,0,0,0,0,0,0,0,0,0,0,0,0,-1.16895373563467,0,0,0,0,0,0,0,0,0,0,0,0,0,0,0,0,0,0,0,0,0,0,0.603168710973954,0,0,0,0,0,0,0,0,0,0,0,0,-0.246160176718544,0,0,0,0,0,0,0,0,0,0,0,0,0,0,0,0,0,0,0,0,0,0,0,0.106440559791247
0,0,0,0,0,0.638366259538651,0,0,0,-0.123640644689789,0,0,0,0,0,0,0,0,0,0,0,0,0,0,0.485091722027253,0,-0.450376549415453,0,0,0,0,-0.506244363534559,0,0,0,0,0,0,0,0,0.177677523130866,0,0,0,0,-0.171537756680848,-0.011936361287638,0,0,0,0,0,0,0,0,0,0,0,0,0,0,0,0,0,0,0,0,0,0,0,0,0,0,0,0,0,0,0,0,0,0,0,0,0,0,0,0,0,0,0,0,0,0,0,0,0,0,0,0,-0.313704056767335,0,0,0.883168312200705,0,0,0,0,0,0,0,0,0,0,0,0,0,0,0,0,0,0,0,0,0,0,0,0,0,0,0,0,0,0,0,0,0,0,0,0,0,0,0,0,0,0,0,0,0,0,0,0,0,0,0,0,0,0,0,0,0,0,0,0,0,0,0,0,0,0,0,0,0,0,0,0,0,0,0,0,0,0,0,0,0,0,0,0,0,0,0,0,0,0,0,0,0,0,0,0,0
0,0.933938443316978,-0.133533573553393,0,0,0,-0.99729902954167,1.33243114062149,0,0,0,0,0,0,0,0,-0.536446644827771,0,0.877806199873714,0,0,0,0,0,0,0,0,0,1.93987863436063,0,-0.637103994694257,0,0,0,0,0,0,-0.303976371008153,0,0,0.201712238660479,1.28456698656768,0,-0.601041166331084,1.91057509951243,2.71429655779393,0,0,0,0.740516592737647,0,-1.06848240250741,0,-1.08736306439243,0,-0.100683850306461,-0.691054620227764,0,-0.635714794991495,-1.9143446157568,0.0312616908556977,0,0,-0.437773617952993,0,0,0,-1.72098190708274,0,-0.693644454893889,-1.7918851717325,0,0,0,-2.74303571521362,0,0,0,0,0,0.255732951318485,0,0,0.413165291725126,0,0,0,-0.220562361523776,0,0,0,-1.28128014179434,-0.0694700269840334,0,0,0.382512112630322,0,0,0,0,0,0,-0.257694710406312,1.77008117201491,0.32174864199832,0,0,0.237185498117463,0.468453465069,-0.33797702448022,0,0,0,0.314090424089408,0,0,0,0.0239115521238669,0,0.468236318144397,0,0,-1.16789845345477,-0.892440375925895,0,0,0.826974915240474,0,0,0,0,0,0,0,0.77731075562996,-0.106623687748289,1.3804353646542,-0.0780550584145097,0,0,0,0,0,0,0,0,0,0,0,1.07175188995161,1.72509280685012,0,-0.552929218786709,0,0,-2.22029522207018,0,0,-0.494833936415651,1.74872674023383,0,0,0,0,0,0,0,0,0,0,0,0,0.210231694696084,0.033131688263244,-0.866468329302973,0.834370729247069,0,0,1.24559335779228,0,0,0,0,0.253756763394344,0,0,0,0,0.407223827309465,0,0,0,0,0,-1.17471270684589,0,0,0,0.0799885057088023,0.526634221531572
0,-0.618025375207786,0,0,-1.01810434042352,0,0,0.0693135955169981,0,0,-3.38300397179897,0,0,0,0.209052011188367,0,0,0,0,0,0,0,0,0,0,-1.83325972509464,0,-0.0950522501921556,0,0,0,0,0,0,0,0,0,0,0,0,0,0,0,-0.459239177215726,0,0,0,0,0,0,0,0,0,0,0,0,0,0,0,0,0,0,0,0,0,-0.414454831313565,0,0,0,0,0.0246535087738813,0,-0.270499334718997,0,0,0,0,0,0,0,0,0,0.204197325817063,0,0,0,0,0,0,0,0,0,0,0,0,0,0,0,0,0,0,0,0,1.36950116694126,0.814052935250755,0,0,-0.620073365917821,0,0,0,0,0,0,0,0,0,0,0,0,0,0,0,0,0,0,0,0,0,0,0,0,0,0,0,0,0,0,0,0,0,0,0,0,0,0,0,0,0.319248939741528,0,0.241730615158448,0,1.05833027490473,0,0.95052750444815,0,0,0,-0.414558328500097,0,0,0,0.536477132469658,0,0,0,0,0,0,0,0,0.0626334777233362,0,0,0,0,0,0,0,0,0,0,0,0,0.276128512608557,0,0,0,0,0,0,0,0,0,0,0,0,0,0.740556890112809,1.15239850821216
0,-1.56908578699243,-1.37827519378832,0,0,0,-1.34251278115068,-0.262339094430978,-0.882486674591795,0,0.134431348362553,0,0,-1.63140337331466,0,0,0,0,1.03286967882843,0,0,0,0,0,0,0.466075974770398,0,3.5126034214589,0,0.101669456132009,0,0,0,0.565084397421071,0,1.25662302665295,0,0,0,0,0,0,0,1.15556882567516,0,0,-4.88677234942656,0,0.329983274122723,0,0,0,0,0,0,0,0,0,0,0,0,0,3.05456965889234,0,0,0,0,0,0,0,0.471053589066713,0,0.940153388104317,0,-0.765056352017145,0,0,-0.810347348906078,0,-1.28700988766127,0,0,0,-1.61255391375279,0,0,0,-3.47679895592302,0,0,0,-1.53369563690768,0,0,0,0,0.230900722682026,0,0.652721048849908,0,-1.06013169290354,-0.781264800212882,0,-0.16271223388949,0,-0.138461845046361,0,0,1.86589984253159,0,0,0,0,0,0,0,0,0,0,0.982396725990395,0,0.532786122790028,0,0,0,0,0,0,0.594277549282334,0,0,0,-1.23457414581851,0,1.87240413200523,0.391054729317237,0,0,0,-1.08670456620817,0,0,0,0,0,0,0,0,0,0,0,0,0,0,0,0,0,0,0,0,0.000439090962127242,0,0,0,0,0,0,-0.0229946448603258,-0.338220473085288,0,0,0,0.175337431962115,0,-0.441356198474823,0,0,0,0,0,0,0,0,-1.51041709487105,0,0,-5.36702892229108,0,0,0,0.884691629812367,0,0,0,-0.764141805703074,0,-0.583910330456598,-1.16672677569405,0,-2.40341255696108
0,-1.88772256682997,-0.0992265835049713,0,1.05397368947448,-0.201988267654635,0,2.79789097392087,0,0,0,-0.142304271429872,0,3.19796541411092,-1.81006756339795,0,0,2.76484526191659,0,-0.184372417693747,1.69798116649689,-1.21800518114348,1.63550010946063,0,0.383519712196539,-1.80961618488195,2.90481341666001,0,0,0,2.73904958978051,0,0,-0.0633635489813389,0,-0.494509171824299,0,0,0,-0.0211649773304112,0.675053081799704,1.30694162368013,0,-1.04272467263581,4.20297014779247,-3.13340514151633,0.238298873980435,0,0,0,0,0,0,0,0,0,0,0,0,0,0,1.73884398924227,0,0,0,0,-0.905425636199897,0,0.384302804863476,0,-3.18092019888531,0,0,-0.268420974714566,0,0,0,0,1.60540948951364,0,0,-3.27897862498745,0,0,-1.18430709268571,2.80153588471689,-0.233708262139168,0,0.533021247778986,0,0,-0.116813330685226,1.86070017855684,0,0,0,0,0,0,0,0,0.738176155951118,2.51607851214647,1.19847280525113,0,0,0,0,0,0,0,0,0,0,-0.323642241545242,0,0,0,0,0,0,1.20426685830473,0,0,0,0,0.493890284126235,0,0,0,0,-0.132388943321853,0.271345573822564,0,1.64090238817171,0,0,0,0,1.56383595991568,0,0,0,-1.55397559488902,0,0,0,1.47152479918388,-0.984510472506228,-1.97954467592537,0,0,-2.03008769835002,-0.73081127373812,-6.26232591539414,0,0,0,-0.0213688084106687,0,0,0,1.24966438841197,0,0,0,-0.251231768750759,0,0,0,0,0,0,0,0,0,0,0,-2.50481307106566,0,-0.589932695732662,0,0.604713146428898,0,2.75103389112264,-0.611980832590007,-0.000158075410982228,0,0,0,0,0,0,4.55293386152577,2.23415861093726,0,-1.346417171961,0,0,0.663198951473394
0,0,0,0,1.66500336152569,1.50813172061904,0,-0.995861512210892,0,-2.19744721457539,1.62036463109889,0,-2.16498139777307,0,0,0,-1.9898550860474,0,0,-3.25628743287598,0,0,0,0,0,-4.07559510775784,0,0,1.28724118821613,0,0.745093336082151,-0.763308883976217,0,-3.14695151272596,0,0,0,-0.847428287483445,0,0.878824156866803,0,0,0,0,2.83145522378023,0,0,0,0,0,0,0,-0.416439181809436,0,0,0,-5.56281361606949,1.03681981079314,0,0.135055458358843,0,-0.320215010982423,0,0,0,0,0,-2.19325243281776,0,0,0,0,0,0,0,0,0,0,0.0943169309477809,0,0,0,-0.0392753813597551,0.344519754097422,0,0,0,-1.19725087120875,0,1.68930295335523,1.30220403204611,0,0,0.0655885112467027,-0.480942713622966,0,0,0,0,0,0.730064965820843,0,3.12409703672843,0,0,0,0,0.287791297400972,0,0,0,-3.73995510586098,0,0,0,-0.10226363267101,-0.469877883050046,0,0,0,-0.366259947627924,0,0,0,0,0,0,0,0,1.02663349004517,0,0,0,0,0,0,-0.379659942821014,0,0,0,0,0,0,0,0,0,0,0,-0.397889742565669,0,0,0,0,0,-2.01902771309859,0,0,0,0,0,0,0,0,-2.27867010241162,0,0,0,0,0,0,0.0446140778959248,0,0,0.530979836322895,1.09386995402952,0,0,0,0,0,0,2.32561744664605,0,0,0,0,0,0,0,-0.416830210904909,0,0,0,-3.57412581846688,-0.514456892273509,0,0,0,0.826442110736411,0
0,0,0,0,0,0,0,0,0,0,-0.352736426845213,0,0,0,0,0,0,0,-0.00105984328547648,0,0,0,0,0,0,0,0,0,0,0,0,0,0,0,0,0.0864672501675214,0,0,0,0,0,0,0,0,0,0,0,0.278974401655105,0,0,0,0,0,0,0,0.574283097410539,0,-0.712326204645425,0,0,0,0,0,0,0,0,0,0,0,0,0,0,0,0,0.508572629486314,0,0,-0.27443302123245,0.0872166561466043,0,0.250750835198308,0,0,0,-0.563018336457505,0,-2.1139521703689,0,0,0,0,0,0,0,0,0,0,-0.0569206042256301,0.875263917999029,0,0,0,0,0,0,0,0,0,0,0,0,0,1.38545165320417,0,0,0,0,0,0,0,0,0,0,0,0,0,0,0,0,0,0,0.234390127170836,0,0,0.5613536408575,0,0,0,0,0,0,0,0,0,0,0.715550230461865,0,0,0,0,0,-0.276634324592081,0,0,0,0,0,0,0,0,0,0,1.03559918659977,0,0,0,0,0,0,0,0,0,0,0,0,0,0,-0.293681629916613,0,0,0,0,0,0,0,0,0.015117894393774,-0.159238552161532,0,0,0,0,0,0,-0.488055931872228,0,0,0.830378976015821,-0.249010303032014,0
0,0,0,0,0,0,0,0,0,-0.488544079005411,0,0,0,0,0,0,0,0,0,0,0,2.86646116434917,0.590458903967827,0,0,-1.05168987790787,0,0,0,0,0,0,0,0,0,0,0,0,0,0,0,0,0,0,0,0,0,0,0,0,0,0,-0.0673030079966854,0,0,0,0,0,0,0,0,0,2.86445102526516,0,0,0,0,0,0,0,0,0,0,0,0,0,0,0,0,0,0,0,0,0,0,0,0,0,0,0,0,0,0,0,0,0,0,0,0,0,0,0,0,0,0,0,0,0,0,0,0,0,0,0,0,0,0,0,0,0,0,0,0,0,0,0,0,0,0,0,0,0,0,0,0,0,0,0,0,0,0,0,0,0,0,0,0,0,0,0,0,0,0,0,0,0,0,0,0,0,0,0,0.154319737909945,0,0,0,0,0,0,0,0,0,0,0,0,0,0,0,0,0,0,0,0,-0.301121775144704,0,0,0,0,0,0,0,0,0,0,0,0,0,0,0,0
0,0,0,0,0,0,0,0,0,0,0,0,0,0,0,0,0,0,0,0,0,0,0,0,0,0,0,0,0,0,0,0,0,0,0,0,0,0,0,0,0,0,0,0,0,0,0,0,0,0,0,0,0,0,0,0,0,0,0,0,0,0,0,0,0,0,0,0,0,0,0,0,0,0,0,0,0,0,0,0,0,0,0,0,0,0,0,0,0,0,0,0,0,0,0,0,0,0,0,0,0,0,0,0,0,0,0,0,0,0,0,0,0,0,0.0110492702616745,0,0,0,0,0,0,0,0,0,0,0,0,0,0,0,0,0,0,0,0,0,0.0941427552288292,0,0,0,0,0,0,0,0,0,0,0,0,0,0,0,0,0,0,0,0,0,0,0,0,0,0,0,0,0,0,0,0,0,0,0,0,0,0,0,0,0,0,0,0,0,0,0,0,0,0,0,0,0,0,0,0,0,-0.255055359309577,0,0,0,0,0
0,0,0,0,0.0894563070187369,0,0,0,0.625248667455018,0,0,0.417902170028697,0.857629269322219,2.98092960713224,1.78705220107501,0,2.64699621728827,0,0,1.63722722095431,0,0,0,0,0,0,1.15573040831132,-0.00685975996996646,0,0,-2.17065671779191,0,-0.176923550153151,0,0,0,0,-2.9215080681928,0,1.07472870252555,0,-3.07112113224363,0,0.658987360255973,0.209227769358301,0,0,0,0.153751119301068,0,0,0,0,0,-0.248242703214937,0.227183380322496,0,0,0.492473215741136,0,-0.290652976582819,0,0,0,0,0,0,0,0,0,0,0.364628793431759,0,0,0,4.0191973005994,0,-5.54946900504811,-0.390736485273417,-2.74667049874229,0,0,0,4.7845555685239,0,2.58511114222934,0,0,0,-3.82919313612811,0,0,-1.26261355184639,0,0,1.19185329625396,-1.10506333922119,-1.53754065176366,0,0,0.555167232555869,0,0,0,-1.36144594791817,3.71711275299123,0,1.91711576450971,0,0,0,-1.79270825564928,-0.498448483141186,0.988843395502059,0,0,0,0,0,0,0,-2.61049686748138,0,5.65576430445163,0,-1.5623726278835,11.6720938078037,0,-1.81048676333321,1.37795847605387,0,0,0,0.107097860600857,0,0,1.48100745333221,0,0,0,0,0,-0.288811180890423,0,0,0,0,0,0,0,0,0,0,0,-0.500805885071732,0,0,0,-3.26848935032203,3.10408929888373,0,0,0,0,-0.873609992950681,0.358127299400009,0,0,0,2.07176607184459,0,0,-0.244720496331122,0,-15.7148396685771,0,2.21910173223848,-0.0224651477557294,-0.793790165954209,0,0,0,0,0.655584810359495,0,0,0,0,-1.89200337996658,0,-0.321657446012734,0,0,0,0,-11.4977558706998,0,0,0,0
-0.166594876478522,0.364429743804081,0,0,-6.65577700498343,-1.00447105102827,0,0,-2.75960190155295,0,0,0,0,0,0,0,0,0,0,0,0.0359994792692426,0,15.7914220566915,0,1.20694088623013,7.58045641681868,0,0,0,0,0,0,0,2.55450519480218,-0.0551627619067485,0,5.12800266774161,0,0,-1.07691849602344,0,0,-0.372950972603454,5.24779570262057,0,0.424640032413888,-3.18764971693883,0,0,0,0,0,-0.476200341199039,-1.07441403288057,0,0,0.0891596789565101,0,0.078394148165108,-0.650025191565376,0,0,0,0,0,0,0,0.957948532788475,0,0,-1.37276851317517,0,1.06458914056751,-1.00770026984774,0,0,0.209901518476353,1.19205254451113,0,0,-0.0732449976657521,-0.149639967934392,0,0,0,0,0,0,0,0,0,0,-2.13337951492371,0,0,1.26543752005444,0,0,2.16110564786385,0,0,3.65197985622728,-1.22420702400969,10.1687170822407,0,0,0,0,-1.69062026194093,0,0,0,0,0,-0.176450253175906,-4.54344323881045,-0.510625214109997,0,0,0,-5.05656179603644,0,0,0.530419506402909,0.199926852036451,-0.57764949443613,1.23500259303164,0,0.277378648331858,3.10384493040826,0,0,0,0,7.51107033261861,-2.80309095658588,0,0,0,0,0,0,0,0,0,0,-0.613679711591307,11.9117038182156,-4.02800005777653,0,0,2.29135564738707,0,1.24633603203093,0,0,0,1.29564074759374,0,0,0,0,0,0,-0.101147866315107,0.405044835656617,0,-2.43716683969661,-9.21551022977584,0,0,0,0,5.11588758689048,2.81504551825667,0,0,0,0,0.547152965640562,0,0,0,-0.257421835548727,0,0,5.02984095383696,0,0,0,0,0,-3.55994849114238,-1.06800772591097,0,0,0,0.728833264156887,0,0
0,1.09377481469925,-0.700785085827071,0,0,0,4.504121362793,0,-5.92635446827475,0,7.87661221592256,-0.227801879774076,0,0,0,0,0,0,0,1.75967935836291,-0.381474027091874,0,2.41987049488917,0,0,-3.07069400899507,0,0.0935486640472751,0,1.187274958056,0,0,0,0,0,0,0,0,0,2.04633352727667,3.73456275654925,0.311002589676192,0,-3.7094740548942,6.08066821115302,-4.64554874552292,0,0,0,1.51207550331119,0,0,3.03687815405689,0,0,0,-5.69865328476017,-5.34500177444022,-2.5027019480747,0,-0.511075542237537,-0.448326967766728,0,0,0.0351897829032179,-7.06182090587316,-0.73965090527967,0,0,0,-1.67386222716354,0,-1.52642829564556,0,0.146757801752155,0,0,0,1.68650439624291,2.0407050355579,0,0,0,0,3.33810491231309,0,0,0,0.321814234967177,-1.24548256237275,-1.77385749977509,0.730055065388767,-0.726661775221116,0.606873810893626,0,0.0246649728730595,0,0,0,0,0,0,0,0,0,0,0,0,0,0,0,0,-3.92409178792748,0,-4.81252759735401,0,-0.32035676314765,0,0,5.57618906368864,0,5.20927301777961,0,0,0,-1.82530928920059,0,0,0,0,0,0,0.232701821373112,0,0,0,1.902798423717,0,0,0,0,1.3309524424868,0,0,0,-0.653225621718336,0,-1.02791041961368,-4.79746652767719,0.741325408933055,-3.02317996328202,0,0,0,3.19324716866713,0.584682162694634,-0.332537222067013,1.45734875542649,-1.285036422245,-1.9050949673659,-1.73036182128023,0,0.0639724945031166,0,0,0,0,-1.01057222476736,0,0,0,0,0,0,0,0,0,0,0.137231914838211,-1.85192655619618,0,0,0,0.991066658929618,0,0,0.951655522900586,0,0,3.5204828381546,0,0,0,0,0,0.297048969018002,0,0,0,0
0,-0.941542677849621,0,0,-0.141174162693719,0,0,0,0.16567451891385,0,0,0,0,0,0,-0.0644372687586505,0,0,0,0.391582387135021,0,0,0,0,-0.0610735808198846,0.950777075760823,0.00993225787370067,0,0,0,0,0,-0.130397184985062,0,0,0,0,0,0,0,0,0,0,0,0,0,0,0,0,0,0,0,0,0,0,0,0,0,0,0,0,0,3.52876816665115,0,0,0,0,0,0,-0.422995598861241,0,0,0,0,0,0,0,0,0,0,0,0,0,-0.18656779079488,0,0,0,0,0,0,0,1.2865757375568,0,0,0,0,0,0,0,-0.445300429404128,0,0,0,0.415550948147947,0,1.26589619319184,0,0,0,0,0,0,0,0,0.229470793547763,-0.698789814311079,0,0,0,0,0.582118577367166,0,0,0,0,0.533682295662582,0.387925232167948,0,0,0,0,0,0,0,0,-0.258162844014181,0,0,0,0,0,0,0,0,0,0,0,0,0,0,0,0,-0.0290460854129482,-0.127419595444145,0,0,0,0,-0.75359398439964,0,-0.0973303442518276,0,0.183787506979199,0.385027726642994,0,0,0,0,0.106599928686904,-0.357128446172208,0,0,0,0,0,0,0.313507130954057,0,0,-0.27568862960508,0,0,0,0,0,0,0,0,-0.829886515714251,0,0,0,0,0,0,0,0,-1.07417270714466,0,0
0,0.467411006801374,0,0,-1.07398331829318,0,0,0,0,0,0,0,0,0,0.336404146531709,0,0,0,0,-0.177966626641427,0,-1.59108408202491,0,0,0,0,0,-0.498494688643148,0.0469545580621609,0,0.47978721386533,0,0,0,0,0,0,-1.54731412010622,0,0,0,0,0,0.755394336082298,0,0,0,0,0,-0.445904980949011,0,0,0,0,0,0,0,0,0,0.172324533035133,0,0,0,0,0.0412740250373962,0,-1.58958021681286,0,0,0,0,0,0,0,0,0,0,0,1.22287730210389,0,0.463196552937545,0,0,-3.55160979679546,0,1.27436211084885,-0.252092697236185,0,0,-1.26144544793891,0,0,0,0,-0.219267571520819,0,0,0,0,-0.328960397724903,0,0,0,-0.50245971456477,0,2.28900364141976,0,0,0,0,0,0,0,0,0,0,0,0,0,0,0.614337925961341,0,0,0,0,0,0,0,0,0,0,-1.28970714641376,0.151843629414766,0,0,0,0,0,0,0,0,0,0,0,0,0,0,0,0,0.494376461980826,0,0,0,0.520867473976632,0,-5.13753072389571,0,0,0,0,0,0,0,0,0,0,0,0,-2.01241853027988,0,-0.691164445095161,0,0,0,-0.177161917724983,0,0,0,0,0,0,0,0.0947035347690759,0.633223260463606,0,0,-0.924522691345627,0,0,0,0,0,0,0,0,-2.03420432897188,0,2.52788998903595,0,-0.380506388171657
0,-0.771126494813452,0,0,0.717294619279307,0,0,0,0,0,1.73441003247084,0,0.0673661426614272,0,0,0,0,0,0,0,0,0,0,0,0,0,0,0,-2.09524032712776,0,0,1.52842258989081,0,0,0,0,0,0,0,0,0,0,0,-0.657454871616088,-3.16292779798196,0,0,0,0,0.453850301539729,0,0,0.869471828455592,0,0,0,-1.61894258110926,0.368712351833811,0,0,0,-0.185365871887909,0,0,0,0,0,0,0,0,0,0,0,0,-0.45139103685998,0,0,-1.97641956928982,0,-0.105514463916118,0,0,0,-0.0563404985447042,0.647183954748225,-4.48059477292675,0.075662647502224,-0.454322400754959,0,0,0,0,0,0,0.334126927278898,0,0,-0.526367863662378,0,0,0,0,0,0,0,1.43565658718859,0,0,0,0,0,0,0,0,-0.394146271437609,1.08097280097844,0,0,0,0,0,0,0,0,0,0,0,0,0,0,0,0,0,0,0,-0.0107499585188495,0,0,0,0,0,0,0,0,0,0,0,-0.0408668632703462,0,0,-3.15828430606138,-0.735960852045932,0,0,1.05615195052507,-3.60232747216787,0,0,0,0,1.72618815030479,0,-1.05939035219692,0,0,0,0,0,0,0,0,0,0,0,0,0,0,0,0,1.12284427519907,0,0,0,1.17068497140501,0,0,0,0.860290424313789,0,0,-0.0473505640237837,0,-0.0868803929629189,0,0,-2.89315044542086,0,0.766707413548287,0,0
0,0,0,0,0,0,0,0,0,0,0,0,0,0,0,0,0,0,0,0,0,0,0,0,0.452934833339294,0,0,0,0,0,0,0,0,0,0,0,0,0,0,0,0,0,0,0,0,0,0,0,0,0,0,0,0,0,0,0,0,0,0,0,0,0,0,0,0,0,0,0,0,0,0,0,0,0,0,0,0,0,0,0,1.15971271745918,0,0,0,0,0,-3.70100639004778,0,0,0,0,0,0,0,0,0,0,0,0,0,0,0,0,0,0,0,0,0,0,0,0,0,0,0,0,0,0,0,0,0,0,0,0,0,0,0,0,0,0,0,0,0,0,0,0,0,0,0,0,0,0,0,0,0,0,0,0,0,0,0,0,0,0,0,0,0,0,0,0,0,0,0,0,0,0,0,0,0,0,0,0,0,0,0,0,0,0,0,0,0,0,0,0,0.0175846031133025,0,0,0,0,0,0,0,0,0,0,0,0,0,0,0,0
0,0,0,0,1.58952544739745,0,0.788750003713754,0,0,0,-0.335835670637614,0,1.94816042230476,0,0,0,3.38492814440998,0,0,0,1.15926237964326,-0.21529824562858,0,-0.149773537135578,-1.69240336689049,-1.35792983495048,0.0873131471825324,-0.175941706483381,0,-2.77011130026955,0.0858899657194196,0,0,-1.95126873788246,0,0,0,0,0,0,0,0,0,0,0,0,0,0,0,0,0,2.646514245241,0.643762079322211,1.14010215224804,-0.651719318604305,0,-1.13317587631064,0,0,0,0,0,0,-4.42051794728097,0,0.421095659890055,2.09102498669759,0,0,0,0,0,0,0,-2.40995266906995,0,-0.179991073725508,0,0.443069360440428,0,-0.0369673084710669,0,0,-0.412798066207955,0,0,-0.629210969048187,-0.120145110734648,0.676533773462446,0,0,0,0,0,0,0,0,0,0,0.373482628055286,0,0,0.931475879695227,0,0,0,0,0,-0.630380822613726,-0.339518269440716,0,5.96409119687411,0,-0.321158091550915,0,1.14617924709093,0,1.02984725511519,0,0,-3.64293163567213,0,0,0.00694348809391077,0,0,0,0,1.6395942718364,0,0,-1.64893257426106,0,0,0,0,0.0933184665515774,0,0,0,0,0,-0.921702859838997,0,0,0,0,0,0,0,1.98634499408388,0,1.16790122462515,0,0,-1.208229040589,0,0,0,0,0,-0.797301306009721,0,0,0,0,0,1.11611332012158,1.95675900535623,0,-1.00987687053134,0,0,0,0,0,0,0,0,0,0,0,1.98797297495401,-0.212364142939118,0.599351674806265,-1.07049712135727,0,0,-0.153197081786585,-0.0723857065794804,-0.685671811718864,0,0,0.186625128062311,0,-10.907097920337,0,0,0,0
0,0,0,0,0,0,0,0,-0.331305100606462,0,1.12973242155391,-0.103807265560877,0,0,0,0,0,0,0,-0.268323482146544,0,0,0,0,0,0,0,0,0,0,0,0,0,-0.728178584893386,0,0,0,0,0,0,0,0,0,-0.990786182453336,0,0.873715456645867,0,0,0,0,0,0,0.212691670806251,0,0,0,0.107892239049885,0,0,0,0,0,-0.902109771729817,0,0,-0.985881246290827,0.511763093885317,0,0,0,0,0,0,0,0,0,0,0,0,0,0,0,0.19069468948315,0,0,0,0,0.985155262396713,0,0.805324414364741,0,0,0,0,0,1.95143458645885,0,0,0,-0.669356265550594,0,0,-0.413403159824806,0,0,0.403900384474121,0,0,0,0,0,0,0,4.11889215632151,0,0,0,0,0,0,0,0,0.222230927575831,0,0,0.0644217050177518,0,0,0,1.08474244835523,0,0,0,0,0.476164817190573,0,0,0,0,0,0,0,0,0,0,0,-4.47376842645988,0.160647364251049,0.0926872473974922,0,-0.286239377433664,0,0,0,0,0.290732202142397,0,0,0,0,0,0,0,0,0,0,0,11.4603815937849,0,0,0,0,0,0,0,0,0,-0.0014367271376019,0,0,0,0,0,0,0,0,0,1.03736972138304,0,0,0,0,1.21772264576985,-0.195979227269052,0,-1.37111590241037,0,0.389582446139473,0,0
0,0.673911967023237,0,0,0,0,0,0,0,0,0,0,0,0,0,0,0,0,0,-0.204459315312817,0.041794272479404,0,0,0,0,0.314423295897975,0,0,0,0,1.28084842701774,0,0,0,0,0,0,0,0,0,0,0,0,0,-0.430027426093911,0,-1.6775962919294,0,0,0,0,0,0,0,0,0,0,0,0,0,0,0,0,0,0,0,0,0,0,0,0,0,0,0,0,0,0,-0.0137772341211384,0,0,0,0,0,0,0,0,0,-0.63762830274449,0,0,0,0,0,0,0,0,0,0,0,0,0,0,0,-0.262494035762447,0,0,0,0,0,0,0,0,-0.184890944523807,1.91757788547449,0,0,0,0,0,0,0,0,0,0,0,-0.584136132620177,0,0,0,0,0,0,0,0,-0.299724226130083,0,0,0,0,0,0,0,0,-0.695069805909637,0,0,-1.54453848996858,0,0,0,-0.792282634519433,0,0,0,0,1.21169020903766,0,0,0,-0.0734355505327193,0,0,1.69484858329957,0,0,0,0,11.8426171218985,0,0,0,0,0,0,0,0,0,0,0,0,0,0,0,0,0,0,0,0,0,0,0.336796097045144,0,0,0,0,0,-0.207558569196664,0,0,0
0,0,0,0,0,0,0,0,0,0,0,0,0,0,0,0,0,0,0,0,0,0,0,0,-0.13260509386125,0,0,-0.20611710610793,0,0,0,0,0,0,0,0,0,0,0,0,0,0.0840607572952938,0,0,0,0,0,0,0,0,0,-0.073177519653836,0,0,0,0,0,0,0,0,0,0,0,0,0,0,0,0,0,0,-0.212722833622104,0,0,0,0,0,0,0,0,0,0,0,0,0,0,0,0,0,0,0,0,0,0,0,0,0,0,0,0,0,0,0,0,0,0,0,0,0,0,0,0,0,0,0,0,0,0,0,1.82761088931556,0,0,0,0,0,0,0,0,0,0,0,0,0,0,0,0,0,0,0,0,0,0,0,0,0,0,0,12.4242403015251,0,0,0,0,0,0,0,0,11.3136202230189,0,0,0,0.149439144023491,0,0,0,0,0,0,0,0,0,0,0,0,0,0.0788669185669562,0,0,0,0,0,0,0,0,0,0.192352843503854,0,0,0,0,0,0,0,0,0,0,0,-0.219452832402059,0,0,1.12337296735928,0
0,0.120640340185275,0,0,0,0,0,-2.43004411083589,0,-0.330918589804235,-1.4405687677627,-0.331624714677903,0,0,-0.00279243258307682,0,-0.276597705801888,0,0,0,0,0.188042866134192,-0.227714063420005,0,0,0,0,0,0.95576061727429,0,0,1.1712175513279,0,0,0,1.43157700011391,-1.64248741324777,0,0,0,-1.04283710522324,0,0,0,0.178249477626271,0,0.0105901272952134,0,0,0,0,-3.90419991399423,-1.58117409100615,0,0,0,0,0,0,0,0,0,0,0.495846138769202,0,0,-0.248557385555204,-1.39098659122144,0,0,-2.38357397546392,0,0,0,0,0,0,0,0,0,0,-0.156439101277789,0,0,1.05036335466605,0,0,0,0,0,0,0,0.641346061582828,0,-0.690135979057376,0.309307455078661,0,0,0,0,0,0,0,0,0,2.57677809797052,0,0,0.0871100558096713,0,0,2.91085719177566,0,0,1.97424149516696,0,-0.199479831334928,-0.15804699331263,0,0.591656678493766,-1.614739653479,3.07746984671901,0,0,0,0,0,-0.516908083469047,0,0,0,0,0,0,0,0,-0.517452915342326,0,0,0,-3.39616303555981,0,0,0,0,0,0,0,-0.344613084936159,0.184632483066693,0,0,0,0,0,0,0,0,0,-0.369299930278608,0.992639464331975,0,0,0,0,0,0,0,-0.00632959309497538,0,1.6073677609289,0,0,1.68566766213287,0,0.267428303994101,0,0,0,-0.57825223202368,0,0,0,0,0,0,0,0,0,-0.155336214085737,0,0,0,0,2.64458027789804,-0.581907856809045,0,0,1.16027975492328,0
0,-0.746548420267461,0.369038309978806,0,-7.62867794535044,0,0,0,0,0,0,1.74956579129552,0,0,1.08159488749524,0,0.483135942037564,0,6.83074611141548,0,0,0,1.37270687692232,1.83605196816062,1.29796477041497,0,2.41516251668089,0,0,0,0,0,0,0,0,-3.80180096504896,0,-1.11184943580283,0,-0.802891794609138,0,0.447316382513818,0,-0.95827325261669,0,0,0,-0.138788899594056,0,0,0,-4.63968080244148,-1.14926198441403,0,0,0,0,0.210589559556299,0,-3.52511151070667,-2.33887219850051,0,0.0196087956836326,0.634603092968524,0,0,2.9873881969505,0,0,0.629445483814509,0,0,0,0,0.28576892312035,-0.969357384214751,-0.880074204469919,0,0,-0.798670199918052,0,0,0,0,-2.92727347276649,0,-0.904398786006727,0,-4.04860306069507,0,0,-7.88561270616036,0,0,0,0,0,3.82992016491059,0,0,5.36921158372036,0,0,0,-1.37388289985169,4.94975668437734,0,0,0,0,-6.61074312248611,-6.65497220072301,0,0,0,1.28921039859716,0,0,0,3.85838971583461,0,0,0.130704221985477,0,0,0,0,-1.43931062546859,2.3438629445966,0,0,-2.03174707176123,0,0,4.33861838791646,0.0150673286042118,0,0,0,0,2.05257807324612,0,0,0.905430763644756,0.076655249243367,0,0,0,0.441429882996529,0,-19.7094762218306,0,0.125729094391335,0,0,-6.2566788176987,4.57466895221036,0,0.674171887462974,0,0,-1.53287459585212,0,0,0,0,-0.211445567538266,0,0,0,0,0,0,0,0,0,-1.76543953171561,0,0.162688568089673,0,-0.881640813311734,0,0,0,0,-3.43971953275653,0,0,0,-5.51111095409543,0,0,0,0,0,2.44799119978175,0,0,0,-1.07653748784276
0,0,0,0,0,0,0,0.875841202622685,0,-0.515578121915881,-0.401915222603713,0,0,0,0,0,0,0,6.91932299169686,0,0,0,8.48743937122349,0.923166188726809,0,0,0,0,3.86524700236165,-1.13662804874629,-3.35128415735467,0,0.0814317402669198,0,0,-0.623512568288286,0,3.39673224029979,0,0,0,-3.14212081581174,0,0,0,0,-2.45613802254022,0,0,-3.95699565031826,0,0,0,2.5693020906859,0,0,0,0,0,0,-1.76588364831006,-0.454187178368832,0,0,0,-6.2688845493126,0,-0.681483236284572,0,0,1.6055929408306,1.80502258866663,0.335822360654263,0,3.78795912608616,0,0,-7.6089034926818,0,0,0,0,0.0479058273431621,0,-0.851971977672146,0,0,0,0,-6.58621671343667,0,0,1.93038712027756,0,0,0,0,0.539298744519069,0.298627826492001,0,3.36420878933068,0,0,0,0,0,0,0.156484814799754,0,0,-8.39247288387739,0,0,0,0,0,0.028230430431158,0,0,0,0.159456903961924,0,0,-0.0888048275287416,0,1.65377889942661,0,0,-2.0852275654327,0,-1.0018685634266,0,0,0,3.8470252743239,0,-3.32132694669546,0,0,2.21931159587349,3.02335835990798,1.8687924749155,0,0,0,0,0,1.75006991189809,0,0,-2.41318557676761,-0.808645893084429,0,-1.09344980605994,0,2.90141056631449,0,0,4.23455555827633,-2.17479670902925,1.81336705729445,0,0,0,0,-0.347461638432295,0,0,-2.29443881017887,0,1.11524148784893,-0.162060262179226,0.0327891856649081,0.181123499915829,0,0,-0.159770131885017,0,0,0,0,0,0,8.15694457258469,0,-0.698611305719747,0,0,0,0,0,0,2.21686042750155,0,0,0,0,1.31903580955465,0,0.685295718807405
0,0,-1.7787857481721,0,0,0,-0.801098404941519,0,0,-1.03051493432097,1.76897765038218,0,0,0,-0.171646496231007,0,0,0,0.185333020546601,-0.295791196914101,0,0,-0.630569948318145,0,0,0,0,0,0,1.10105003950675,0,0,0,0,0,0,-0.699941092299617,0.180900540552071,0,0,0.918713627564058,0,-0.971612941349696,0,3.30759268388246,0,0,0,-0.0829950587953994,0,0,0,1.20876159705916,-0.779606927923909,0,0,0.352111763439501,0,0,0,0,-0.618255903512731,0,0,0,0,14.6327242650163,0,0,0,0,0,0,0,0,0,0,0,0,1.20213308749921,-2.82572127739286,0,3.26789540904694,-5.41480365780899,0,0.408359220647321,-2.80114654946351,0,1.63640410801358,0.167591381726931,0,0,0,-0.822196454066773,0,0,0,0,1.47021219319765,-0.550943677607735,0,0,1.67002292886736,0,-0.454581232948763,2.1730984366895,0,0,0,2.32349526946675,0,0.402615563454082,0,0,0,0,0,0,-0.202612400559914,2.40595693844044,0,0,0,0,0,0,4.47525248426407,0,0,0,-4.412399797416,-0.401997137740611,0,0,0,0,-3.16438937351018,0.108874976042516,0,0,0,0,0.126275892324293,0,0,0,0,0,0,0,0,0,0,0,0,0,0,1.20504008359746,0,0.505940645934968,0,0,0,-0.254704274242451,0,1.00461002348808,0,0,0,0,0,0,-0.352188694783564,-1.12556908620859,0,0,0.101485158523037,0.00530531358716635,-3.07803951481868,0,0,-1.79813333708938,0,-0.20531485717403,0,0,0,2.45605335548461,0,1.4308003086735,0,0,0,0,0,3.25569830423442,0,0,0.211979338579086,0
0,0,1.25276885163514,0,0,0,0,0,0,0,-0.807529969136796,0,-2.35997523476354,0,0.733213817981783,0,0,0,0,0,-3.12266682740698,0,0,0,0,-4.23889224408487,0,0,-0.251176176394261,0,-1.62755207184242,0,0,0,0,0,0,0,0,0,-1.01806702543883,0,1.40909680786029,0,-1.35035037909938,0.058631670231251,0,0,0.163155180860512,0,0,0,0,0.0946936114884154,0.74209911409827,0,-1.90222531269335,0,0,0,0,0,0,0,0,0.468235616282258,13.3255287690269,0,0,0,1.55313167157621,0,0.110681835095515,0,0,0,0,0,0,0,-0.0912694171465094,0,0,0,-0.00221648586216516,-1.56790813379453,0,-0.0645067684472929,0,-0.559623842729589,0,0,0,0,-1.86341808060351,0.0625060675322235,0,0,0,0.473735568497939,0.35426844575999,-1.56220905853773,0,3.81845397836958,0,3.17259297589909,0,0,-0.909502366788713,0,0,0,0,0,0,0,0,0,-0.277652443901028,0,0,3.54510575502396,0,0,0,0,0,0,2.6073061307143,0,0,-0.287511684791383,0,0,0,-0.571033874848918,0,0,0,1.32796241015209,-0.0453549446449175,0,0.205890915574313,0,0,0,0,2.04346345238814,-0.0577179624912607,2.04161126438928,0,0.250453231500076,0,0,0,0.0178445739779032,0,0.647742208485157,0,0.733689352676487,0,0,0,0,0,0,0,0,0,0,0,0,-0.994835404109239,0,-0.415297707281814,0,-0.972342865562972,0,-0.841364304588856,0,-0.126790292649204,0,0,-0.0211807735120868,-1.84798799049156,0,0.951580149843312,0,0,0,0,-0.0128847776087881,0,0,0,2.80230331111149,0,0,0,0
0,0,0,0,0,0,0,0,0.126244461804597,0,0,0,0,0,0,0,0,0,0,0,0,0,0,0,-0.346126180989397,1.00813647125868,0,0,0,0,0,0,0,0.318554220535822,0,-0.159414973112396,0,0.135590835211104,0,0,0,0,0,0,0,0,0,0,0,0,0,0,0,0,0,0,0,0.093007200501942,0,0,0,0,0,0,0,0,0,0,0,0,0,0,0,0,0,0,0,0.250546819292165,0,-0.265912450660467,0,0,0,-1.09353413811503,-1.18200119784538,0,0,0,0,0,0,0,0,0,0.00965356650587679,0,0.038782347860673,0,0,1.2554175268472,-0.114739135594742,-0.0701838396094685,0,0,0,0,0,0,0,0,0,0,0,0.279526956475196,0,0,0,0,0,-1.15281808190818,0,0,0,0,0,0,0,0,0,0,0,0,0,0,0,0,0,0.257975973275216,0,0,-0.221620060389902,0,0,0,0,0,0,0,-1.08784027727177,0,0,0,0,0,0,-1.56987312487498,0,0,0,0.473018371517886,0,0,0,0,0,0,0,0,0,-0.00146394536143046,0,0,0,0,0,0,0,-0.27741989874519,-0.971627566154983,0,0,0,0,-0.210590233799252,-1.4617560525584,0,0,0,0,0,0,0,0,0,0,-2.44559150456987,0,0,0,0
0,1.25848379981562,1.04007242885686,0,0,0,-2.34249531256191,-3.30838325710983,0,0.832174893314957,0,0,0,0,0.966233248926478,0,-0.0891021833887775,0,0,0,0,0,0,0,0,0,0.425891101562402,0.918029054301836,-4.65031809230867,0,3.011203595593,0,0,-0.498358453029163,0,1.4956619227102,1.56625792775827,0,0,-1.46113514061645,0,0,0.536130728855127,0,0,0,4.31360616333199,0,0,0,0,0,0,0,0,0,0,0,0,0,0,-1.73131999339143,0,0,-1.30341987568223,0,0,0,0,0.207075109825991,0.288521077632073,0,0,0,-0.0681789952958356,0,0,0,0,0.711715449577241,0,0,0,0,0,-0.290085224747524,0,0,0.365164355775813,1.67093870850123,0,-0.784525585497553,0,0,0,0,0.117292644745828,0,0,0,0,-0.319483980620574,-2.01673973814331,0,0,-5.13127332502346,0,1.77409236130623,0.274440433656409,0,0,0,0,0,-0.485362859796683,0,0,0,0,0,-2.32629948171468,0,0.344302326125903,0,0,0,0,-0.662664518449535,0.417747664130808,0.152131944042815,0,0,0,0,0,0,0,0,0,0,-2.9199772374644,-0.105961067518222,0,0,0,0,0,1.2513269347204,-0.816886100212486,0,0,0,0,0,-0.503110176589828,0.791743727608486,0,0,0.0871233463289378,0,0,0,3.08558129133879,0,0,0,0,0,-1.80760491072327,0,0,0,0,0,0,-7.34672892267912,0.225503767547856,0,-0.99526189766586,-1.11731451606269,-0.217179569198331,0,0,0,-0.947622604874416,0,-0.27172005080739,-0.204491255865114,0,-0.0369846089779498,-0.832310915046029,0,0,0,-0.542122560019975,-0.314520853795012,0,0,0.115065223187919,0
0,-0.124684342832768,1.07336302659035,0,-0.330224123218001,0.0276564244113977,0.548356476836455,0.503028953207644,0,0,0,-0.378160419048991,0,0.426151567641565,0,0,0,0,0,0,0,-1.10909598902522,0,0,0,0,0,-0.295545043648855,-3.08094570030209,0,0,0,0,-3.72736727987054,0,-0.20278703331414,0.180971448152068,-1.24816240008332,0,0,-0.160420322255943,0,0,-0.0196104730925613,-0.0198521055379972,0,0,0,0,0,0,0,0,-0.164305988601862,0,0,0,0,0,0,-1.05310160198777,0,4.19571914623518,0,0,-0.162237684694239,0,0.446864094742914,-0.0431823267033478,0,0,0,-0.0839461785879616,0,0,0.362414529957709,0,0,0,-3.18912590177841,0,0,0.673486629572954,0,0,0,0,0,0,0,0,-0.549857683126877,14.1187644376238,0.183423649137187,0.494717337017212,0,0,0,0,0.347885702180505,0,-0.00512857930808974,-1.34209630278069,0,0,0,0,0,-2.2935688291006,0,0,-1.66213634444617,0,-0.140505718249774,0,0,0,0,0,0,0.712861061077543,1.47534123453875,1.00545503550423,0,0,0,-2.44259530126851,0,-0.34883694345507,0,0,-0.882457245872939,0,0,0,0,0,0,0,0,0,0,0,0,0,0,0,0,0,0,0,0,0,0,1.59023726778915,0,0,0,0,0.0681515579698533,0,0,-0.120114985973079,0,0,0,0,0,0,0,0,0,-0.0203646338776164,0,0,0,0,0,0.372543818247534,-0.299582811895693,0,0,0,0,1.0278161244029,0,1.15703576625958,0,0,0,0,0,0,0,0,0,0,0,0,-0.607142559291027
0.0791766520466268,0,-0.130977402288573,0,0,0,0,0,0,0,0,0,0,-3.05658949063766,0,0,0,-0.0724620431023126,0,0,-0.898139539133988,0,9.19347077879123,0,0,0,0,0,1.30186113137005,-14.4318147219993,0,0,0,0,0,0.178176918780485,1.11626649913089,0.72411340360523,0,0.0414521420473812,1.84033631909047,0,0.932349456200197,-0.62814418166621,0,0,0,1.28330503014836,0,0,0,0.178438409374201,0,0,-1.00592892245397,0,0,0,-0.592923955763361,5.36737497813908,0,4.24324100431957,0,-3.48625188272602,2.38420576843097,0,0,-0.0598034733101309,0,0,0,0,1.66551059723858,0.408655743965146,-0.433448630495391,0,0,0,0,0,0,0,-3.84639558650183,-3.42113501692834,0,-3.02001390849157,-2.90090186474338,1.39454057665276,0.474230815488208,0,0.503535122988841,0,0,0,0,-0.0261325638158787,0,-1.03116371029773,0,0,0,-1.44894272056645,0.959152811264355,0,0,0,0,0,0,0,0,2.63174297142475,0,0,-0.0461536081228382,0,-0.703962270708009,0,0,0,0,0,3.02826136760907,0.585871120042511,0,-0.61956107918545,0,0,0.068718462638756,0,0,0,0,0,0,0,0.465447719717985,0,0,3.1859833500154,0,-0.605932001761082,0,0,0,0.870929367984347,0,7.67712664729881,0,0,-6.25592771844958,0.692109018826899,-0.779668532384443,0,0,-5.64968369366725,0.00297512312269133,0,0,0,-0.424646320202694,0,0,0,0,0,0,0,0,-2.26005747955515,0,0,0.465538190240457,0,0,0,0,0,0,0,0,0,0,0,-1.56425812820306,0.0073316391066176,0,4.32487564983959,0,0,0,0,1.40468214284953,0,0,0.899117988162286,0,1.09701869218366,0,-0.713771448099148
-0.519828799217142,0,1.13745652248303,0,0,-0.252161870230253,0,3.01826780351083,-2.5195057512289,0.312172946887926,5.0504188606338,0,1.9784524618017,0,-0.471121047146085,0,0,0,-0.413244468606679,1.52757071281356,0.210672102136094,0,0.7286802067674,-0.308172673857755,0,-2.73516856011023,-0.456932575194229,-0.316848201631358,0.811262598356899,0,17.7287612495918,0,0,0,-0.535013671975753,0,0,4.65335558991686,0,-1.21617807487779,0,0,0.174349023610659,0,0,0,0.0202882446383785,-0.0341538875751159,0,-0.0684841792371345,0,0,0,0,0,0,0,0,0,0.356576935905173,0.316020160852093,0,0,-0.932058926835308,0,0,0,0,0.451656176971777,-0.417920614014025,0.259681557053996,0,0.0708323580617869,0,0,0,1.07230098819503,0,0,0,0,-2.12876477454637,0,0,0,0,0,0,0,0,0,0.157363243086571,0,0,2.31608443451708,-1.68255950537641,0,0,-3.32636677477456,0,-2.00842102560725,0,0,6.08371456752651,1.92082866198907,8.38380130875145,0,0,0,0.699426947337369,0,0,0,0,2.96457918485725,0,0,0,0,0,0,0,0,0,0,7.39211320022459,-1.45028361925482,0,-1.12456810771956,-0.729480707495916,2.32581231708933,3.76393905839278,0,0,0,-0.206215102363229,0,0,0,0,0,0,0,0,0,0,0,0,1.09646921467585,-0.413886326948598,-7.8052533779007,0,-1.75778501473914,0,0,0.670696298831423,0,-1.98883989953172,0,0.585611866143436,0,0,0,0,0,0,0,0,0,-2.19384925936079,-0.216560935310311,0,0,0,0,0,0,0,0.833459157266294,0,0,0,-2.03314182148487,0,-5.04839151857291,0.919271298741531,0.109874957630989,0,0,0.355679171918852,0,-1.16934135085505,1.81709445629498,0,0,0,0,0,0,4.7831730159592
0,0,1.00761148374478,0,4.59839922826163,0,0,0,-3.59972282565401,0,0,0,-0.208064542391039,0,0,0,0,1.11684955469596,0,0,-0.129044555201975,0,0,0,0,0.477128999372692,0,0,0,0,-1.494615533937,-0.00384642121612488,0,0,-0.586294663602028,0,0,0,0,0,0,0,-0.164544612677738,0,1.83879688657217,0,0,0,0.315044889980455,0,0,0,0,0,0,0.119727560523024,1.48883001867516,0,-1.25141081790935,0,0,0,1.00097935813225,0,0,-2.34448756224781,0,0,0,0,-0.169686575515482,4.19641871358715,0,0,0,0.0880656578904548,0,0,0.280661390276603,0,0,-1.39690720957246,0,0,0,0.258438386113712,0,0,0,0,0,-0.256221896238249,0,0,-2.13076139568786,0,0,0,0,0,-1.40112653433066,0,0,0.0401712347725549,0.274365884126452,0,0,-1.42049370832968,1.93455988470071,0,0,0,0,-0.265262581574403,1.5752100776998,0.841987834760534,0.419408454476842,0,0,0,-0.14844397478714,0,0,0,0,0,0,-0.00716559499871172,-0.0456622061444731,0,0,0.104698008990289,-1.5011887338007,0,0,-0.478964633512126,0.326952724203767,0,0,0,0,1.0814002486973,0,-0.853296171048348,0,0,0,0,0,-0.12606373253729,0,-0.0343742577252575,0,-1.27618072605118,0,0,1.66137026168741,0,0,1.69496966218061,0.176178772209187,0,0,0,0,0,0.3064464055026,0,0,-1.24733129400054,0,0,0,0,0,-0.278192488021845,-1.00612177067247,0.538532877712482,1.22883054872088,0,-0.998250925153179,0,0,0,0,0,0,0,0,-0.00939092055597124,0,-0.119264890791864,0,-1.39697062018995,0,-0.695079849150207,0.424085360610429,0,0,0
0,-1.65644328088414,0,0,0,0,0,0,0,-0.209598238160396,0.476727127425004,0,0,0,0.207063934405271,0,0,0,-0.422166762330035,0,0,0,0,0.683678432374671,0,0,0,0,0,-1.32996457447786,1.21567641126212,0,0,0,0,0.300029784443368,0,0,0,0,0,0,0,0,0,0,0,0,0,0,0,-0.270983692262447,0,-0.523557288194125,0,0,0,0,0,0,0,-0.646777524828043,0,0,0,0,0.0791751290044798,0,0.633003818419955,0,0,0,0,0,-0.0333959491522018,0,0,0,0,0,0,0,0,-3.89749759787752,0.742009576311604,1.72802001442425,0.172641105213464,0,0,0.216223529313049,0,0,0,0,0,-0.3965687412663,0,0,-0.158722349469828,0,0,0,0,0,0,0,0,0,-0.437726218935634,0,0,0,0,0,0,0,0,0,0,0,0,0,-1.39306273445595,0,0,0.5837960201045,0,0,0,0,0,-0.337037784272415,0,0,0,0,0,0,0,0,0.701497955107688,0,0,0.179128917597692,0,0,0,0,0,0,-0.628663054801276,0,0,0,-1.31220616572936,0,0,0,0,0,0.46515973047499,0,0,0,0,0,0,-1.46299175328941,0,0,0,18.6610116025168,0,1.00425209915991,0,0.586673516769715,0,0,0,0,0,0.572290610738757,0,0,0.0185715563661106,0,0,0.586157258643249,0.209986200987027,0,-0.254434631625415,0,0,0,0.431430809778693,0,0,0,0,0
0,0.555790269828517,0,0,0,0,0,0,-0.0754661984691549,0,0,0,0,1.03492278771793,0,0,0,0,0,0,0,-0.85807539156019,0,0,0,0,0,0,0,1.07578051593347,-0.154277244791885,0,0,0,0,0,0.335733844841329,0,0,0,0,0,0,0,0,0.153445396136533,0,0,0,0,0,0,0,0,0,0,0,-0.890855570364016,0,0,0.301042684986395,0,0,-0.320487107826367,-0.84976120012153,-4.77066934158274,0,0,-0.796561031305496,0,0,0,0.751102524686512,0,0,0.265430702767747,0,0,0,1.09919760612235,0,0.592412792103853,0,0.653763083066742,0,0,0,0,-0.962861215092473,0.400223063367551,-4.08113859876797,0,0,0,0,0,0,0,0,0,0,2.1697135197889,0,0,0,0,0,0,0,0,0,3.6963165859919,0,0,0,0,0,0,0,0,1.48574272013745,0,0,0,0,0,0,-0.564543002817612,-0.279630964279685,0,0.321901207291172,0,0,0,-0.136630345226639,-0.42271934130491,0,-0.729335504066348,0,0,0,0,0,0,0,6.05533423663401,0,0,0,0.724100587682224,0.101225544961677,0,0,0,1.63180164983917,-1.45802004327511,0.196571916177153,0,0,1.72702552948244,0,0,4.1849569913857,0,0,0,0,0,0,0,0.353121527521304,0,0,0,0,0,1.26845203923349,0,0,0,0,0,0,0,0.0565121852933137,0,0,0.941311440463384,0,0,0,0,0,0,-0.0520758314346086,-1.52313297628588,0,-0.150277419912628,0,-1.49947492900178
0,-0.536730856920948,-0.330812785424683,0,0,0,0.359604746740134,0,0,0,-0.0455541163091993,0,0,0,1.01424881289488,0,0,0,-1.87858510328579,0,0,0,7.91081092027587,0,0,8.934730390268,0.39527581214027,0,0,0,10.1956937084193,0,0,0,0,0,-0.128244756635512,-1.6535295363312,0,0,0,0,0,0,-0.490894565724044,0,0.196653253901725,0,0,-0.0547541841115438,0,-0.0836863990719916,-0.254972014644601,0.0217305012349611,-0.286744336726682,0,-3.25112751481789,0,-0.869892003169674,0.144160526642136,1.70302500904333,0,0,0,0,0,10.29238482738,-0.84207426081616,0,0,2.38297751015992,0,0,-0.250017414371218,-0.947908013712182,0,0,-2.68342136215344,-2.58748799462009,-2.28550414950085,0.00139938229063996,0,-2.5887159931081,-0.333489321993949,0,0,0,-1.89225661104306,0,0,0,0,-0.132401328250293,0,0,-0.24168601639888,0,-1.84931306815183,-0.578886560127109,0,0,0.520264160152511,0,0,0,-3.6649285467618,0.847940548854331,0,0,0,0,0,0,0.252351712458684,0,0.416523766195973,0,0,0,0,0.28297760039162,0,0,0,0,0,-1.70523754340244,-1.65598366307804,0,-0.317180017495216,0,0.0921348618037749,0,0,0.190119047427403,0,1.06387666511472,0,0,0,0,0,0,0,0,0,0,-0.122912897420105,0.442406574213509,-1.43902825391213,-1.4916136116399,0,0,-0.549706698112321,0.511486114664642,1.0126707070649,0,0,-1.54636004290779,-1.10248520414254,0.349073868037463,0,0.942933871620058,0,0,1.08336075397887,0,1.84251221962864,0,0,0,0,0,0,0,0,0,0,-0.227048719762578,0,0,0,1.25693540510898,0,0.0666696238725082,0,2.64275193117349,0,0,-0.0846015487876413,0,0,0,1.33871294957589,0,-0.237394680181771,1.17039195885804,0,0,-0.787398418247362
0,0,0.40130874697331,0,0,0,0,0.868612590367964,0,0,0,0,0,0,0,0,-0.337659237278142,0.286515706690965,0,-0.435476438867069,-2.39663811439882,0,2.31706977033621,-0.182297286522214,0,0,0,0,0,0,0,0,0,-1.63926133389506,0,0,0,-1.09802650968695,0,0,0,0,0,0,0.107970521168875,0.885236068013027,0,0,1.59308150628101,-0.201839633456355,0,0,-0.514777527061682,0,0,0,0.229549264520652,0,0,-0.0553342632336054,0,0,3.85492652651789,0,0,0,0,0,0,0,-1.16493748315504,0,0,-0.914522835627007,0,0,0,0,-1.0320626173554,0.144657160752689,0,-0.100742049522994,0,-0.278347421936843,-0.272455668152538,0,0,0.653548110787778,0,0,-0.61305860558029,0,0,-0.366311432379419,-2.77276554154835,0,0,0,0,-0.0556632490057845,-2.2564610526419,0,-0.531920185129163,0,-1.39703644839986,0.440416536707589,0,0,-0.166155734761655,-1.40976144543118,0,-4.52309402040999,0,0,0.0487649288876051,0,-0.193473942437573,0,0,-3.53043378126554,2.15710668782953,0,0,0,0,0,0,0.144421678286695,0,0,0,-1.64157121327264,-0.0438998959023369,0,0,0,0,0.324365427522693,0,0,0,-0.634359937118151,0.0878840318749967,0,0,0,0,0.259586383912641,0,0,0,0,0,0,1.51018447397098,-1.25782605268481,1.50137780656315,0,0,-0.250528196429937,0,0,0,1.00198998589631,0,0,0,-0.11849632118874,2.30046968819679,0,0,-0.0693640134856779,-1.0668311675576,0,0,0,-0.674151456536664,0,-0.415181269549534,0,0,0,0,1.76418902401854,0.114584397622907,0.221974494746437,0.0687936739930446,0,0,0,0,0,0,0,-0.80594334577035,0,0,0,0.0620200290335033,0
0,0,0,0.0362272332877247,0,1.48942154113347,-4.3112215746778,3.4606757760323,0,-1.52620067102932,0,0,0,0.576795023998909,0,0,-0.85980645244365,0,-2.64517626531279,0,0,0,-0.362956849601401,0,0,0,-3.50733707381944,0,-5.98136014172886,0,0,0,0,8.66766108503085,0,-2.79323871728771,0,0,0,0,2.25953363022117,0,0.130538256906221,-1.44736615697248,-0.274884121530079,0,0,0,0,0,0,0,0,0.235631567297358,0,-0.404660745481044,0,-1.43649950149965,0,-1.29458391560651,-1.34901437534073,0,0,0,0,0,0,0,0,0,0,0,0,0.530584299173927,3.21624322700838,-0.554587360069952,0,0,0,2.72436905849332,-0.202660197838634,-2.212390313113,0,0,0,0,-0.496439991875353,-0.924083052447024,0.100747969448618,0,-1.65287162502369,-0.449946789234478,0.0365869390663371,0,1.74847409358956,-2.61836045231962,0,0.463265125215493,0,-1.59160139612586,0,0,0,0.0447666716730468,0,0,0,1.89344149672908,0,1.56342432452434,0,0,0,0,3.03957831056297,0,0,0,0,0,-1.35789152614015,5.9084036849136,0,0,0,0,2.99987137866694,0.170902565468133,0,0,0,0.687936511918094,0.341704478550634,0,-2.22411800459924,0,-5.02288984303951,0,0,0,0,-2.36692447320467,-0.282281761796334,0,0,0,0,0,0,0,-2.30635261286376,0,0.394504757486738,-0.395560398461629,2.91356617857666,0.573417221441229,0,0,0.625827559162303,0,0,-3.04454398575447,2.15337134720451,3.85711922461295,0,0,1.24915355524734,0,0,-0.162376395746673,0,0,0.0417459505020252,0,2.3635061996181,2.64843863836923,0,0,-1.88346575530714,0,0,0,0,0,0,0,2.39397810205176,0,0,1.80817858479078,-1.09294950680222,0,0,1.319871890114,0,-0.479333839280498,0,0,0,0
0,-0.770598631884059,0,0,-1.53569378295979,0.0417321177917982,0,0,0,1.14031719900705,1.12740041539349,-0.361422085417942,0,0.204279117496245,0,0,0,0,0,0,0,0,6.7457342526017,0,0,-5.20936164646694,0,-0.91482776938408,0,0.319740101069511,2.00927785418608,0,0,4.32211808065228,0,-1.30446683396903,-0.0439671025271058,0,0,3.51535381465362,0,0,0,-2.01501482062499,2.300940336235,0.898740114653458,-2.11281353693595,0,0,0,0,-1.11091626080891,0,0.387043639827266,0,0.822530832206009,0,0,0,0,-0.490853574119588,0,-1.8447338611612,0,0,-2.20788788916529,8.05249260053503,-0.899835271494223,0,-1.32138272893533,0.147285347260151,0,0,0,0,0,0,0,0,0,0,0.211585210021281,-3.05376022900141,0,0,-1.52679335338266,0,0,-0.222811782115377,0,0,0,-1.88939699880211,0.745322918784644,0,0,0,0,0,0,-0.873030236771424,0,0,0,0,0,0,1.29532089076274,-1.45455991342502,0,0,0,0,-0.517662754584569,0,-0.0531435962678113,-0.561138360735184,0,0,2.70201446920765,0,1.02148683419156,0,0.18120832771867,0,0,0,0,0,0,0,0,0,0,0,0,0,0,0,0.104434898685737,0,0,0,0.227406055875319,0,0,0,0,-0.418197502488074,0,12.2811104601592,-0.178101208524794,-1.40478969608743,0,0,1.3203394405392,0,-0.423983116310894,0,-0.297911312682232,0.287806317226178,-2.8506805956514,-0.577318643303467,0,0,0,0,0,-8.47268405754613,0,0,0,0,4.90699246981953,1.23229909546619,0,0,0,0,0,0,1.68759859292342,0,0.292370642779168,0,-0.424285114481366,0,0,0,0,-1.90544546597628,0,0.397899113132711,-1.89581148457569,0,0,0,-5.06040741038292,0,-1.68241430528457
0,0,0,0,0,0,-2.31337353344758,0,0,0,0.086052772631156,0,0,0,0,0,0,-0.00308499704396614,0,-0.100466565084416,-0.192395927225111,0,0,0,0,0,0,0,-0.112216760068773,0,0,0,0,1.04432775362646,0,-0.295365387277154,-0.197894091414953,-0.275972099868982,0,0,0,0,2.89953222073548,0,0,0,0,0,0,0,0,0,0,0,0,0,0,0,0,0,0.393391230990719,0,-0.657638199233505,0,0,0,0,0,0,0,0,0,0,0,-0.394520294400472,0,0,-0.112975515359218,0,0,0,0,0,0,0,0,0,0,0,0,0,-0.0797872423166224,0,0,0,0,0,0,0,0.272436881450458,-0.544767554379315,0,0,-1.7392180758934,0.0873254210074992,0,0,0,0,0,0,0.883151617827627,0,0,0,0,0,-0.131396797624156,0,0,-0.688779250916814,0,0,0,0,0,0.591672855823419,0,0,0,0,0,-2.25150127166714,0,0.0683028698158539,-0.93295662861543,0,0,0,0,0,0,0.311146865767242,0,0,0,0,0,0,0,-0.837514427057023,0,0.0493302502242539,-0.0184947348327635,0,-1.97140033937143,0,0.170889727786649,0,-0.442585222776806,1.23909954219673,-6.34134287007528,-0.569903445299886,0,0,0,0,0,0,0,0,0,0,-1.25639880883889,0,0,0,0.136546134381273,0,0,-0.782899572144048,0,0,0,0,0,0.0932562600282798,-0.539771816840813,0,0,0,0,0,0,0,-0.747694205271932,0,0,0,0
-1.27489847618125,0,0,0,-0.00921201891197532,-3.09068009614644,1.91363380960535,0,0,2.69422522892203,-8.06437283724533,0,0,0,0.609006743794514,0,0,0,-1.36078246628031,0,0,-0.497247805822496,-1.36365633467021,-0.127668885942489,0,0,0,0,3.0315573203776,0,4.22341269183129,0,0,-2.34384671515604,0,0.909446342979833,0,0,0,0.644017257470465,-1.10407306020738,-3.39459324958431,0,0,-0.664413639216859,0,0,0.299386187323671,0,1.02361745873276,0,3.69113661262684,1.27123095694993,0,0,0,0,-3.61022149744191,0,4.36969906616424,0,-0.0444564371977589,0,0.62327360455059,-1.80580205200054,0,0,0,0,0,1.77029054087276,0,0,0,2.23693742543415,0,0.223466602891619,-0.0773728447002326,-0.0175212342123725,0,0,0,0,-6.98642165313327,0,0,0,0,-1.14002647034606,0,0,0,0,0,0,3.96360372318527,0,0,1.94643609887015,-0.396308942027581,0,-0.233267766024155,0,0,0,0,0,-1.26532888902545,0,-3.5559739611339,0,0,0,0,-0.949514525072054,0,0,0,0,0,0,0,0,-1.1929730664594,0,0,-5.41035074694139,0,0,0,0,0,0,0,-4.94464890106946,0,0,0,0,0,0,0,0,0,0,0,0,-0.768136507799175,0,0,-8.43434815252072,0,-0.103051160409193,0,-1.78728250338485,0,-0.449861638204211,0,0,-5.63637088889869,0,0.57224865971511,-0.975093884900304,0,0.427493444563351,-0.623833847092764,0,0,0,0.0620062764581468,0,-0.865966200512632,0,0,0,1.91351568055811,0,-3.76047825264921,-0.596129105157428,0,0,0,0,0,0,0,0,-1.14599044869891,0,0.63145657265207,0,0,0,0,0,-5.41336774445392,0,0,0,4.6980860922832
0,-0.197660110864843,0,0,0,0,0,0,0,-1.51708051152544,-3.7116301416157,0,0,0,-1.04931411363781,-1.16841967024344,0,0,0,1.34065437934345,0,0,0.146876969709835,0,0,0,0,0,0,0,0,0,0,0.0631026479396655,0,-0.0579064245516461,0,0,0,0,0.636150684226854,0.0981089477175221,0,2.95818966673918,0,0,-2.13948959095089,0,0,0,0,-5.63060001029437,0,0,0,0,0,0,0,0,-0.234617989368863,0,-0.321044803604786,0,0,0,0.218799776135461,0,-0.299048564798343,0,0,0,0,0.447129885569857,0,-0.211610358158725,0,0,0.36903724880807,1.06228195328047,0,0.0545138402822791,0.80132481528805,0.71958512236264,2.03807914643909,0,0,0,0,0,-0.565420627285246,0.593412080520626,0.196430387242006,0,0,0,0,-0.951225745178507,0.484027671721165,0,0,-0.139384414542627,1.47797245009201,-0.175675520376858,0.531816984788187,0,0,2.07237387527206,0.397288039184548,0.428572981881282,0,0,1.2942534306551,-0.4635499294921,0,0,5.19390577450971,0,0,0,3.2923795077796,-0.120629411328881,5.18166051861115,0,0,0,0,0,0,-1.18420231207946,0,-0.512147568839042,0,0,0.629289298064996,-2.52716182579649,-0.0534134754590998,0,0,1.34176681545513,0,0,0,0,0,0,0,0.195746538637244,0.0342154827614427,0,0,-0.421605730886908,0,0,0,0.326001042193124,0,0,-0.175865770297955,0,0,0,0,-0.311083780132507,0,-0.491018967094451,0.0494421844366455,-0.870434045642857,0,0,0,0,0.259866496356215,0,0,0,-0.428495628505251,1.71344478900968,0,0,0,0,0,0,0,0,0,0,0,0,0,0,-1.08603434626893,0.679382606922782,0.256726902282543,-3.73610301984739,0,-0.867606110834745,0,-0.432634730560001
